IRGRID 64 91
1e+308

0.025 0.03 0.035 0.04 0.045 0.05 0.055 0.06 0.065 0.07
0.075 0.08 0.085 0.09 0.095 0.1 0.11 0.12 0.13 0.14
0.15 0.16 0.17 0.18 0.19 0.2 0.21 0.22 0.23 0.24
0.25 0.26 0.27 0.28 0.29 0.3 0.31 0.32 0.33 0.34
0.35 0.36 0.37 0.38 0.39 0.4 0.41 0.42 0.43 0.44
0.45 0.46 0.47 0.48 0.49 0.5 0.51 0.52 0.53 0.54
0.55 0.56 0.57 0.58
0 4 8 12 16 20 24 28 32 36
40 44 48 52 56 60 64 68 72 76
80 84 88 92 96 100 104 108 112 116
120 124 128 132 136 140 144 148 152 156
160 164 168 172 176 180 184 188 192 196
200 204 208 212 216 220 224 228 232 236
240 244 248 252 256 260 264 268 272 276
280 284 288 292 296 300 304 308 312 316
320 324 328 332 336 340 344 348 352 356
360
-3.646 -3.713 -3.705 -3.696 -3.686 -3.676 -3.665 -3.654 -3.643 -3.632 
-3.621 -3.610 -3.599 -3.588 -3.577 -3.566 -3.556 -3.546 -3.537 -3.528 
-3.521 -3.515 -3.510 -3.507 -3.505 -3.505 -3.507 -3.509 -3.511 -3.514 
-3.517 -3.519 -3.520 -3.519 -3.517 -3.513 -3.506 -3.497 -3.484 -3.469 
-3.450 -3.427 -3.400 -3.370 -3.335 -3.296 -3.254 -3.208 -3.160 -3.111 
-3.064 -3.022 -2.987 -2.960 -2.940 -2.923 -2.906 -2.886 -2.864 -2.844 
-2.833 -2.837 -2.860 -2.901 -2.956 -3.021 -3.089 -3.158 -3.225 -3.287 
-3.346 -3.399 -3.448 -3.492 -3.531 -3.566 -3.598 -3.625 -3.649 -3.670 
-3.687 -3.701 -3.713 -3.721 -3.728 -3.731 -3.733 -3.733 -3.730 -3.726 
-3.647 
-3.322 -3.303 -3.296 -3.289 -3.282 -3.275 -3.269 -3.264 -3.260 -3.256 
-3.255 -3.254 -3.255 -3.257 -3.260 -3.264 -3.268 -3.272 -3.277 -3.281 
-3.285 -3.288 -3.290 -3.291 -3.290 -3.288 -3.284 -3.278 -3.269 -3.258 
-3.245 -3.228 -3.208 -3.184 -3.157 -3.125 -3.090 -3.051 -3.007 -2.961 
-2.911 -2.860 -2.809 -2.760 -2.715 -2.673 -2.636 -2.601 -2.567 -2.534 
-2.504 -2.480 -2.466 -2.465 -2.478 -2.503 -2.538 -2.577 -2.617 -2.656 
-2.691 -2.723 -2.751 -2.777 -2.799 -2.818 -2.833 -2.846 -2.861 -2.878 
-2.900 -2.928 -2.962 -3.000 -3.041 -3.082 -3.122 -3.159 -3.192 -3.222 
-3.247 -3.268 -3.284 -3.297 -3.307 -3.313 -3.317 -3.317 -3.316 -3.313 
-3.326 
-3.148 -3.189 -3.207 -3.222 -3.234 -3.243 -3.251 -3.255 -3.258 -3.258 
-3.256 -3.252 -3.246 -3.238 -3.227 -3.214 -3.198 -3.180 -3.160 -3.137 
-3.112 -3.086 -3.059 -3.031 -3.004 -2.978 -2.955 -2.933 -2.915 -2.897 
-2.880 -2.862 -2.840 -2.814 -2.782 -2.744 -2.700 -2.649 -2.593 -2.534 
-2.473 -2.414 -2.359 -2.311 -2.275 -2.252 -2.242 -2.244 -2.254 -2.270 
-2.289 -2.308 -2.327 -2.345 -2.361 -2.376 -2.387 -2.394 -2.396 -2.393 
-2.385 -2.372 -2.354 -2.332 -2.307 -2.280 -2.253 -2.228 -2.210 -2.201 
-2.206 -2.228 -2.266 -2.318 -2.379 -2.445 -2.513 -2.581 -2.648 -2.712 
-2.772 -2.829 -2.882 -2.930 -2.975 -3.017 -3.054 -3.088 -3.118 -3.145 
-3.140 
-2.861 -2.858 -2.866 -2.871 -2.873 -2.872 -2.867 -2.859 -2.847 -2.832 
-2.814 -2.793 -2.768 -2.739 -2.708 -2.673 -2.635 -2.594 -2.551 -2.507 
-2.464 -2.423 -2.386 -2.357 -2.335 -2.322 -2.317 -2.319 -2.328 -2.344 
-2.364 -2.388 -2.415 -2.444 -2.472 -2.500 -2.524 -2.545 -2.562 -2.574 
-2.581 -2.583 -2.581 -2.577 -2.572 -2.569 -2.567 -2.568 -2.568 -2.568 
-2.565 -2.557 -2.544 -2.525 -2.497 -2.461 -2.414 -2.353 -2.273 -2.166 
-2.017 -1.804 -1.511 -1.319 -1.529 -1.770 -1.891 -1.929 -1.928 -1.917 
-1.915 -1.932 -1.970 -2.026 -2.094 -2.168 -2.243 -2.316 -2.385 -2.449 
-2.509 -2.563 -2.612 -2.656 -2.695 -2.730 -2.761 -2.788 -2.811 -2.830 
-2.855 
-2.706 -2.720 -2.710 -2.697 -2.680 -2.661 -2.638 -2.612 -2.584 -2.553 
-2.519 -2.482 -2.443 -2.402 -2.359 -2.314 -2.267 -2.219 -2.170 -2.122 
-2.077 -2.038 -2.009 -1.993 -1.991 -2.004 -2.028 -2.062 -2.101 -2.143 
-2.185 -2.226 -2.264 -2.299 -2.330 -2.357 -2.380 -2.399 -2.412 -2.422 
-2.426 -2.426 -2.421 -2.410 -2.394 -2.371 -2.342 -2.306 -2.262 -2.208 
-2.143 -2.065 -1.972 -1.861 -1.736 -1.611 -1.522 -1.501 -1.505 -1.457 
-1.312 -1.061 -0.778 -0.643 -0.813 -1.122 -1.408 -1.623 -1.784 -1.908 
-2.007 -2.092 -2.168 -2.240 -2.308 -2.371 -2.428 -2.480 -2.526 -2.567 
-2.602 -2.633 -2.659 -2.681 -2.699 -2.712 -2.722 -2.729 -2.732 -2.731 
-2.707 
-2.177 -2.219 -2.211 -2.201 -2.191 -2.179 -2.166 -2.152 -2.137 -2.121 
-2.104 -2.087 -2.070 -2.053 -2.038 -2.025 -2.015 -2.007 -2.003 -2.002 
-2.004 -2.008 -2.016 -2.027 -2.042 -2.059 -2.078 -2.099 -2.118 -2.136 
-2.152 -2.166 -2.176 -2.183 -2.187 -2.187 -2.184 -2.177 -2.166 -2.151 
-2.131 -2.108 -2.079 -2.045 -2.006 -1.961 -1.908 -1.847 -1.778 -1.698 
-1.606 -1.499 -1.376 -1.238 -1.091 -0.960 -0.885 -0.894 -0.969 -1.044 
-1.055 -0.966 -0.810 -0.735 -0.887 -1.102 -1.292 -1.448 -1.576 -1.682 
-1.771 -1.847 -1.912 -1.968 -2.017 -2.059 -2.095 -2.126 -2.153 -2.175 
-2.193 -2.208 -2.220 -2.229 -2.235 -2.238 -2.240 -2.239 -2.236 -2.232 
-2.180 
-1.705 -1.694 -1.700 -1.707 -1.715 -1.724 -1.734 -1.746 -1.760 -1.775 
-1.791 -1.807 -1.825 -1.843 -1.861 -1.880 -1.898 -1.916 -1.934 -1.952 
-1.969 -1.986 -2.002 -2.018 -2.031 -2.044 -2.055 -2.065 -2.073 -2.078 
-2.082 -2.084 -2.084 -2.082 -2.077 -2.070 -2.061 -2.049 -2.035 -2.018 
-1.998 -1.975 -1.949 -1.920 -1.887 -1.850 -1.809 -1.764 -1.713 -1.656 
-1.592 -1.521 -1.440 -1.349 -1.246 -1.135 -1.027 -0.925 -0.806 -0.646 
-0.438 -0.178 0.164 0.399 0.017 -0.269 -0.495 -0.680 -0.832 -0.958 
-1.064 -1.155 -1.233 -1.300 -1.359 -1.410 -1.454 -1.493 -1.526 -1.555 
-1.580 -1.601 -1.619 -1.634 -1.646 -1.657 -1.665 -1.672 -1.678 -1.684 
-1.704 
-1.618 -1.629 -1.641 -1.652 -1.663 -1.673 -1.683 -1.693 -1.703 -1.713 
-1.723 -1.732 -1.741 -1.750 -1.759 -1.767 -1.775 -1.782 -1.789 -1.794 
-1.799 -1.803 -1.806 -1.807 -1.807 -1.806 -1.804 -1.799 -1.794 -1.786 
-1.777 -1.767 -1.754 -1.740 -1.723 -1.705 -1.685 -1.663 -1.639 -1.613 
-1.585 -1.555 -1.522 -1.488 -1.450 -1.411 -1.368 -1.322 -1.273 -1.219 
-1.161 -1.097 -1.027 -0.949 -0.860 -0.760 -0.644 -0.508 -0.343 -0.137 
0.137 0.530 0.957 1.038 0.681 0.229 -0.086 -0.313 -0.490 -0.634 
-0.756 -0.860 -0.951 -1.031 -1.102 -1.165 -1.221 -1.272 -1.317 -1.359 
-1.396 -1.429 -1.459 -1.486 -1.511 -1.533 -1.553 -1.571 -1.587 -1.602 
-1.613 
-1.468 -1.512 -1.532 -1.551 -1.569 -1.585 -1.599 -1.612 -1.623 -1.633 
-1.641 -1.647 -1.652 -1.656 -1.657 -1.658 -1.656 -1.653 -1.648 -1.642 
-1.634 -1.624 -1.613 -1.599 -1.585 -1.568 -1.550 -1.531 -1.509 -1.486 
-1.462 -1.436 -1.409 -1.380 -1.350 -1.318 -1.285 -1.251 -1.216 -1.179 
-1.141 -1.102 -1.062 -1.019 -0.976 -0.930 -0.882 -0.832 -0.779 -0.721 
-0.660 -0.593 -0.518 -0.435 -0.341 -0.231 -0.101 0.061 0.275 0.599 
1.143 1.128 1.291 1.189 0.808 0.435 0.162 -0.048 -0.217 -0.359 
-0.480 -0.586 -0.680 -0.764 -0.839 -0.908 -0.970 -1.027 -1.079 -1.128 
-1.173 -1.214 -1.253 -1.290 -1.324 -1.356 -1.386 -1.414 -1.441 -1.466 
-1.462 
-1.205 -1.209 -1.239 -1.268 -1.296 -1.323 -1.348 -1.373 -1.396 -1.418 
-1.439 -1.459 -1.477 -1.493 -1.508 -1.521 -1.533 -1.543 -1.552 -1.558 
-1.563 -1.566 -1.568 -1.567 -1.565 -1.561 -1.555 -1.547 -1.537 -1.524 
-1.510 -1.494 -1.476 -1.456 -1.433 -1.408 -1.381 -1.351 -1.319 -1.285 
-1.247 -1.207 -1.163 -1.116 -1.065 -1.010 -0.950 -0.885 -0.813 -0.734 
-0.646 -0.548 -0.436 -0.306 -0.152 0.036 0.271 0.556 0.836 1.290 
1.661 1.427 1.071 0.741 0.422 0.204 0.050 -0.065 -0.150 -0.211 
-0.253 -0.279 -0.294 -0.310 -0.339 -0.392 -0.466 -0.549 -0.630 -0.704 
-0.770 -0.828 -0.880 -0.926 -0.969 -1.008 -1.045 -1.081 -1.114 -1.147 
-1.193 
-1.304 -1.343 -1.391 -1.436 -1.478 -1.517 -1.553 -1.586 -1.617 -1.645 
-1.671 -1.695 -1.716 -1.735 -1.752 -1.767 -1.779 -1.789 -1.798 -1.804 
-1.808 -1.810 -1.809 -1.807 -1.802 -1.795 -1.786 -1.775 -1.761 -1.745 
-1.726 -1.705 -1.682 -1.655 -1.626 -1.594 -1.558 -1.520 -1.478 -1.432 
-1.382 -1.328 -1.270 -1.206 -1.137 -1.061 -0.979 -0.888 -0.789 -0.678 
-0.554 -0.414 -0.253 -0.066 0.158 0.429 0.744 1.009 1.090 1.008 
1.167 0.822 0.505 0.340 0.237 0.172 0.134 0.117 0.118 0.134 
0.161 0.193 0.220 0.231 0.212 0.154 0.058 -0.063 -0.195 -0.327 
-0.454 -0.572 -0.682 -0.782 -0.874 -0.959 -1.036 -1.108 -1.173 -1.234 
-1.284 
-1.516 -1.593 -1.636 -1.677 -1.714 -1.749 -1.781 -1.810 -1.837 -1.861 
-1.883 -1.903 -1.921 -1.936 -1.949 -1.960 -1.969 -1.976 -1.980 -1.983 
-1.983 -1.982 -1.978 -1.972 -1.964 -1.954 -1.942 -1.927 -1.911 -1.891 
-1.870 -1.846 -1.819 -1.789 -1.757 -1.722 -1.683 -1.642 -1.596 -1.547 
-1.495 -1.437 -1.375 -1.308 -1.235 -1.155 -1.068 -0.973 -0.867 -0.750 
-0.619 -0.469 -0.297 -0.093 0.151 0.441 0.729 0.908 0.881 0.697 
0.501 0.344 0.223 0.134 0.070 0.030 0.008 0.001 0.004 0.013 
0.018 0.012 -0.013 -0.059 -0.129 -0.221 -0.333 -0.455 -0.578 -0.696 
-0.808 -0.911 -1.006 -1.094 -1.174 -1.249 -1.318 -1.381 -1.440 -1.495 
-1.504 
-1.388 -1.394 -1.424 -1.452 -1.479 -1.504 -1.528 -1.550 -1.570 -1.589 
-1.607 -1.623 -1.637 -1.649 -1.660 -1.669 -1.677 -1.683 -1.687 -1.690 
-1.690 -1.689 -1.687 -1.682 -1.676 -1.667 -1.657 -1.645 -1.631 -1.615 
-1.597 -1.576 -1.554 -1.529 -1.501 -1.471 -1.439 -1.404 -1.365 -1.324 
-1.279 -1.231 -1.179 -1.123 -1.062 -0.996 -0.924 -0.846 -0.760 -0.666 
-0.562 -0.445 -0.316 -0.172 -0.015 0.154 0.341 0.492 0.524 0.509 
0.450 0.345 0.219 0.096 -0.015 -0.110 -0.190 -0.257 -0.312 -0.357 
-0.399 -0.442 -0.492 -0.551 -0.617 -0.684 -0.749 -0.810 -0.867 -0.921 
-0.970 -1.018 -1.063 -1.106 -1.147 -1.187 -1.225 -1.262 -1.297 -1.331 
-1.376 
-1.474 -1.506 -1.538 -1.568 -1.596 -1.622 -1.647 -1.670 -1.690 -1.709 
-1.726 -1.740 -1.753 -1.764 -1.773 -1.780 -1.785 -1.788 -1.789 -1.788 
-1.785 -1.780 -1.773 -1.764 -1.753 -1.740 -1.724 -1.707 -1.688 -1.666 
-1.643 -1.617 -1.589 -1.558 -1.525 -1.490 -1.452 -1.411 -1.368 -1.321 
-1.271 -1.217 -1.159 -1.096 -1.028 -0.953 -0.872 -0.782 -0.682 -0.571 
-0.446 -0.308 -0.158 -0.007 0.124 0.205 0.225 0.209 0.205 0.238 
0.315 0.323 0.140 -0.065 -0.224 -0.346 -0.442 -0.520 -0.585 -0.640 
-0.689 -0.733 -0.774 -0.812 -0.849 -0.886 -0.923 -0.960 -0.998 -1.037 
-1.078 -1.118 -1.159 -1.201 -1.242 -1.283 -1.323 -1.362 -1.400 -1.437 
-1.462 
-1.588 -1.616 -1.636 -1.655 -1.671 -1.685 -1.697 -1.706 -1.714 -1.720 
-1.724 -1.726 -1.726 -1.724 -1.720 -1.715 -1.707 -1.698 -1.687 -1.675 
-1.660 -1.644 -1.627 -1.607 -1.586 -1.564 -1.539 -1.514 -1.486 -1.458 
-1.427 -1.396 -1.363 -1.328 -1.293 -1.256 -1.218 -1.178 -1.137 -1.094 
-1.050 -1.004 -0.956 -0.905 -0.851 -0.793 -0.730 -0.659 -0.580 -0.490 
-0.384 -0.261 -0.120 0.022 0.128 0.178 0.213 0.285 0.427 0.638 
0.838 0.889 0.723 0.460 0.213 0.017 -0.138 -0.264 -0.369 -0.462 
-0.549 -0.632 -0.712 -0.789 -0.864 -0.934 -1.001 -1.063 -1.122 -1.177 
-1.228 -1.277 -1.323 -1.365 -1.405 -1.443 -1.478 -1.510 -1.540 -1.568 
-1.583 
-1.606 -1.628 -1.660 -1.690 -1.716 -1.740 -1.762 -1.781 -1.797 -1.812 
-1.824 -1.834 -1.841 -1.847 -1.850 -1.851 -1.850 -1.847 -1.841 -1.834 
-1.824 -1.813 -1.799 -1.783 -1.764 -1.744 -1.721 -1.696 -1.669 -1.639 
-1.607 -1.572 -1.534 -1.494 -1.450 -1.404 -1.354 -1.300 -1.242 -1.180 
-1.113 -1.040 -0.961 -0.875 -0.780 -0.676 -0.560 -0.431 -0.286 -0.124 
0.055 0.248 0.435 0.580 0.648 0.626 0.546 0.454 0.388 0.375 
0.428 0.443 0.328 0.223 0.159 0.113 0.067 0.014 -0.045 -0.110 
-0.183 -0.264 -0.352 -0.444 -0.538 -0.632 -0.724 -0.813 -0.898 -0.979 
-1.055 -1.127 -1.194 -1.257 -1.316 -1.371 -1.422 -1.470 -1.514 -1.555 
-1.592 
-1.689 -1.714 -1.743 -1.771 -1.795 -1.817 -1.837 -1.854 -1.869 -1.882 
-1.892 -1.900 -1.906 -1.909 -1.910 -1.910 -1.907 -1.901 -1.894 -1.884 
-1.872 -1.857 -1.840 -1.821 -1.800 -1.775 -1.748 -1.719 -1.686 -1.651 
-1.612 -1.570 -1.525 -1.476 -1.423 -1.366 -1.305 -1.238 -1.166 -1.088 
-1.002 -0.909 -0.807 -0.694 -0.567 -0.422 -0.251 -0.038 0.255 0.606 
0.598 0.573 0.652 0.710 0.706 0.648 0.570 0.499 0.446 0.415 
0.403 0.409 0.429 0.458 0.484 0.478 0.401 0.276 0.136 -0.006 
-0.145 -0.279 -0.405 -0.524 -0.636 -0.740 -0.838 -0.930 -1.015 -1.095 
-1.169 -1.238 -1.303 -1.363 -1.419 -1.472 -1.520 -1.565 -1.607 -1.645 
-1.677 
-1.738 -1.794 -1.822 -1.847 -1.870 -1.890 -1.907 -1.922 -1.934 -1.944 
-1.952 -1.957 -1.960 -1.961 -1.959 -1.955 -1.949 -1.940 -1.929 -1.916 
-1.900 -1.881 -1.861 -1.837 -1.811 -1.781 -1.749 -1.714 -1.675 -1.633 
-1.588 -1.538 -1.484 -1.426 -1.363 -1.294 -1.219 -1.138 -1.048 -0.950 
-0.840 -0.718 -0.581 -0.422 -0.236 -0.012 0.270 0.626 0.974 1.197 
1.113 0.837 0.595 0.455 0.357 0.276 0.215 0.177 0.164 0.176 
0.215 0.282 0.380 0.506 0.625 0.667 0.570 0.374 0.156 -0.038 
-0.203 -0.346 -0.476 -0.598 -0.714 -0.823 -0.924 -1.019 -1.106 -1.187 
-1.262 -1.332 -1.396 -1.456 -1.511 -1.562 -1.610 -1.653 -1.693 -1.730 
-1.731 
-1.504 -1.520 -1.551 -1.579 -1.604 -1.626 -1.646 -1.663 -1.677 -1.689 
-1.699 -1.706 -1.711 -1.713 -1.713 -1.710 -1.705 -1.698 -1.688 -1.676 
-1.661 -1.643 -1.623 -1.600 -1.575 -1.546 -1.514 -1.479 -1.441 -1.398 
-1.352 -1.302 -1.248 -1.188 -1.123 -1.052 -0.975 -0.889 -0.795 -0.691 
-0.574 -0.442 -0.290 -0.113 0.099 0.360 0.682 0.980 1.103 1.027 
0.799 0.524 0.327 0.185 0.081 0.003 -0.052 -0.090 -0.110 -0.116 
-0.105 -0.077 -0.028 0.043 0.128 0.179 0.141 0.077 0.035 0.002 
-0.040 -0.100 -0.178 -0.271 -0.373 -0.476 -0.579 -0.677 -0.769 -0.857 
-0.938 -1.013 -1.084 -1.149 -1.209 -1.265 -1.317 -1.364 -1.409 -1.449 
-1.491 
-1.443 -1.468 -1.497 -1.522 -1.545 -1.566 -1.583 -1.598 -1.611 -1.622 
-1.629 -1.635 -1.638 -1.639 -1.637 -1.634 -1.627 -1.619 -1.608 -1.594 
-1.578 -1.559 -1.538 -1.514 -1.487 -1.457 -1.424 -1.388 -1.348 -1.305 
-1.258 -1.207 -1.152 -1.091 -1.025 -0.954 -0.876 -0.790 -0.696 -0.592 
-0.477 -0.348 -0.203 -0.037 0.153 0.368 0.601 0.819 0.909 0.803 
0.642 0.484 0.348 0.239 0.153 0.088 0.040 0.007 -0.012 -0.019 
-0.015 -0.001 0.020 0.048 0.078 0.104 0.119 0.116 0.090 0.040 
-0.030 -0.115 -0.209 -0.308 -0.408 -0.506 -0.601 -0.691 -0.776 -0.855 
-0.930 -0.999 -1.064 -1.124 -1.180 -1.232 -1.280 -1.324 -1.365 -1.402 
-1.432 
-1.473 -1.492 -1.524 -1.552 -1.578 -1.601 -1.622 -1.640 -1.655 -1.668 
-1.678 -1.686 -1.691 -1.694 -1.695 -1.693 -1.689 -1.682 -1.673 -1.661 
-1.647 -1.630 -1.610 -1.588 -1.563 -1.535 -1.504 -1.469 -1.431 -1.390 
-1.344 -1.295 -1.241 -1.182 -1.117 -1.047 -0.970 -0.885 -0.792 -0.688 
-0.573 -0.442 -0.293 -0.122 0.077 0.305 0.546 0.726 0.765 0.656 
0.479 0.306 0.161 0.045 -0.047 -0.119 -0.174 -0.214 -0.242 -0.258 
-0.263 -0.259 -0.246 -0.225 -0.199 -0.171 -0.145 -0.130 -0.130 -0.148 
-0.180 -0.224 -0.279 -0.345 -0.420 -0.502 -0.586 -0.671 -0.755 -0.836 
-0.913 -0.985 -1.054 -1.118 -1.178 -1.234 -1.286 -1.334 -1.378 -1.420 
-1.460 
-1.660 -1.696 -1.724 -1.749 -1.772 -1.792 -1.809 -1.824 -1.836 -1.845 
-1.853 -1.858 -1.860 -1.860 -1.858 -1.853 -1.846 -1.836 -1.824 -1.810 
-1.793 -1.773 -1.750 -1.725 -1.696 -1.665 -1.630 -1.592 -1.551 -1.505 
-1.456 -1.402 -1.344 -1.280 -1.210 -1.134 -1.051 -0.959 -0.858 -0.745 
-0.619 -0.475 -0.311 -0.121 0.101 0.345 0.564 0.672 0.620 0.460 
0.282 0.130 0.009 -0.085 -0.157 -0.210 -0.247 -0.269 -0.278 -0.275 
-0.261 -0.235 -0.200 -0.158 -0.111 -0.067 -0.034 -0.022 -0.042 -0.098 
-0.183 -0.286 -0.396 -0.507 -0.615 -0.719 -0.818 -0.911 -0.998 -1.079 
-1.155 -1.225 -1.291 -1.351 -1.408 -1.460 -1.508 -1.552 -1.593 -1.630 
-1.650 
-1.800 -1.828 -1.852 -1.873 -1.892 -1.909 -1.923 -1.935 -1.944 -1.951 
-1.956 -1.959 -1.959 -1.957 -1.953 -1.946 -1.937 -1.926 -1.912 -1.896 
-1.877 -1.856 -1.832 -1.806 -1.776 -1.744 -1.709 -1.670 -1.628 -1.582 
-1.532 -1.479 -1.420 -1.357 -1.289 -1.214 -1.133 -1.045 -0.949 -0.843 
-0.726 -0.597 -0.454 -0.296 -0.122 0.061 0.235 0.341 0.345 0.307 
0.246 0.149 0.045 -0.043 -0.111 -0.161 -0.195 -0.214 -0.220 -0.214 
-0.197 -0.173 -0.145 -0.118 -0.101 -0.102 -0.126 -0.176 -0.250 -0.344 
-0.451 -0.564 -0.676 -0.784 -0.885 -0.979 -1.067 -1.149 -1.225 -1.295 
-1.360 -1.421 -1.478 -1.530 -1.579 -1.624 -1.665 -1.704 -1.739 -1.771 
-1.791 
-1.815 -1.839 -1.864 -1.886 -1.905 -1.923 -1.938 -1.951 -1.962 -1.971 
-1.977 -1.981 -1.984 -1.984 -1.982 -1.977 -1.971 -1.962 -1.951 -1.938 
-1.923 -1.905 -1.884 -1.861 -1.836 -1.808 -1.777 -1.743 -1.705 -1.665 
-1.621 -1.573 -1.522 -1.466 -1.405 -1.339 -1.268 -1.190 -1.105 -1.011 
-0.908 -0.794 -0.667 -0.524 -0.362 -0.180 0.016 0.195 0.330 0.433 
0.456 0.372 0.226 0.076 -0.054 -0.160 -0.246 -0.314 -0.367 -0.408 
-0.439 -0.460 -0.474 -0.485 -0.495 -0.511 -0.536 -0.571 -0.612 -0.660 
-0.715 -0.779 -0.850 -0.926 -1.003 -1.078 -1.150 -1.218 -1.283 -1.344 
-1.401 -1.456 -1.507 -1.555 -1.600 -1.642 -1.681 -1.718 -1.752 -1.784 
-1.807 
-1.810 -1.828 -1.858 -1.885 -1.909 -1.930 -1.949 -1.965 -1.979 -1.990 
-1.999 -2.005 -2.009 -2.011 -2.010 -2.007 -2.001 -1.993 -1.983 -1.970 
-1.954 -1.936 -1.915 -1.891 -1.865 -1.835 -1.803 -1.767 -1.727 -1.684 
-1.637 -1.586 -1.530 -1.469 -1.402 -1.329 -1.249 -1.161 -1.063 -0.954 
-0.832 -0.694 -0.535 -0.352 -0.140 0.091 0.294 0.402 0.379 0.278 
0.159 0.019 -0.123 -0.244 -0.341 -0.417 -0.475 -0.518 -0.548 -0.567 
-0.574 -0.572 -0.560 -0.540 -0.511 -0.477 -0.440 -0.405 -0.380 -0.375 
-0.396 -0.445 -0.520 -0.611 -0.712 -0.814 -0.915 -1.011 -1.101 -1.186 
-1.265 -1.338 -1.406 -1.469 -1.528 -1.582 -1.632 -1.678 -1.721 -1.760 
-1.797 
-1.897 -1.930 -1.958 -1.983 -2.006 -2.025 -2.042 -2.057 -2.069 -2.078 
-2.085 -2.090 -2.092 -2.092 -2.089 -2.084 -2.077 -2.067 -2.054 -2.039 
-2.021 -2.001 -1.977 -1.951 -1.922 -1.890 -1.854 -1.815 -1.772 -1.725 
-1.673 -1.618 -1.556 -1.490 -1.417 -1.337 -1.249 -1.152 -1.043 -0.922 
-0.786 -0.630 -0.452 -0.249 -0.031 0.159 0.258 0.235 0.109 -0.059 
-0.215 -0.344 -0.447 -0.529 -0.594 -0.643 -0.680 -0.706 -0.721 -0.727 
-0.725 -0.715 -0.698 -0.676 -0.650 -0.624 -0.600 -0.582 -0.576 -0.586 
-0.616 -0.667 -0.736 -0.816 -0.904 -0.993 -1.082 -1.168 -1.250 -1.327 
-1.400 -1.468 -1.532 -1.591 -1.646 -1.697 -1.745 -1.788 -1.829 -1.866 
-1.887 
-1.906 -1.927 -1.951 -1.973 -1.992 -2.008 -2.022 -2.034 -2.043 -2.050 
-2.054 -2.056 -2.056 -2.053 -2.048 -2.040 -2.030 -2.018 -2.003 -1.985 
-1.965 -1.942 -1.916 -1.888 -1.856 -1.821 -1.782 -1.740 -1.694 -1.644 
-1.590 -1.531 -1.466 -1.396 -1.320 -1.236 -1.145 -1.045 -0.935 -0.814 
-0.683 -0.543 -0.397 -0.250 -0.110 0.006 0.056 0.015 -0.078 -0.185 
-0.287 -0.376 -0.451 -0.511 -0.559 -0.594 -0.619 -0.634 -0.641 -0.639 
-0.630 -0.616 -0.597 -0.577 -0.558 -0.545 -0.542 -0.553 -0.580 -0.624 
-0.684 -0.755 -0.834 -0.917 -1.002 -1.086 -1.167 -1.245 -1.318 -1.388 
-1.453 -1.514 -1.571 -1.624 -1.674 -1.719 -1.762 -1.801 -1.837 -1.870 
-1.896 
-1.895 -1.916 -1.939 -1.958 -1.975 -1.989 -2.000 -2.010 -2.016 -2.020 
-2.022 -2.021 -2.017 -2.011 -2.003 -1.992 -1.978 -1.962 -1.943 -1.921 
-1.896 -1.868 -1.837 -1.803 -1.766 -1.724 -1.679 -1.630 -1.577 -1.519 
-1.457 -1.389 -1.316 -1.238 -1.154 -1.065 -0.970 -0.869 -0.760 -0.646 
-0.527 -0.415 -0.326 -0.274 -0.263 -0.283 -0.326 -0.394 -0.475 -0.555 
-0.627 -0.688 -0.738 -0.776 -0.805 -0.824 -0.835 -0.838 -0.834 -0.823 
-0.806 -0.783 -0.758 -0.730 -0.704 -0.683 -0.670 -0.669 -0.683 -0.712 
-0.757 -0.814 -0.882 -0.957 -1.035 -1.113 -1.190 -1.264 -1.335 -1.402 
-1.465 -1.524 -1.579 -1.630 -1.677 -1.721 -1.762 -1.799 -1.833 -1.864 
-1.885 
-1.884 -1.892 -1.907 -1.920 -1.930 -1.937 -1.942 -1.944 -1.944 -1.941 
-1.936 -1.928 -1.918 -1.905 -1.890 -1.872 -1.852 -1.828 -1.802 -1.773 
-1.741 -1.706 -1.668 -1.626 -1.581 -1.533 -1.481 -1.425 -1.365 -1.302 
-1.235 -1.166 -1.094 -1.020 -0.948 -0.879 -0.815 -0.761 -0.718 -0.685 
-0.661 -0.644 -0.633 -0.638 -0.663 -0.704 -0.748 -0.790 -0.825 -0.853 
-0.873 -0.886 -0.892 -0.891 -0.883 -0.868 -0.848 -0.822 -0.790 -0.756 
-0.719 -0.684 -0.653 -0.630 -0.617 -0.617 -0.632 -0.664 -0.712 -0.772 
-0.842 -0.918 -0.996 -1.074 -1.151 -1.224 -1.294 -1.360 -1.422 -1.479 
-1.533 -1.582 -1.628 -1.670 -1.709 -1.744 -1.776 -1.805 -1.831 -1.854 
-1.877 
-1.928 -1.947 -1.957 -1.966 -1.972 -1.976 -1.977 -1.976 -1.973 -1.968 
-1.960 -1.950 -1.938 -1.923 -1.907 -1.887 -1.866 -1.842 -1.815 -1.786 
-1.755 -1.720 -1.683 -1.644 -1.602 -1.557 -1.509 -1.459 -1.407 -1.353 
-1.296 -1.239 -1.181 -1.123 -1.067 -1.014 -0.966 -0.924 -0.890 -0.865 
-0.848 -0.838 -0.833 -0.831 -0.830 -0.830 -0.829 -0.826 -0.821 -0.813 
-0.801 -0.785 -0.766 -0.742 -0.714 -0.682 -0.648 -0.612 -0.576 -0.544 
-0.518 -0.505 -0.509 -0.531 -0.574 -0.632 -0.703 -0.781 -0.864 -0.948 
-1.031 -1.112 -1.189 -1.263 -1.331 -1.396 -1.456 -1.512 -1.564 -1.612 
-1.657 -1.698 -1.736 -1.770 -1.802 -1.831 -1.857 -1.880 -1.900 -1.918 
-1.924 
-1.915 -1.917 -1.928 -1.937 -1.943 -1.948 -1.950 -1.951 -1.949 -1.945 
-1.940 -1.932 -1.922 -1.910 -1.896 -1.880 -1.862 -1.841 -1.819 -1.794 
-1.767 -1.737 -1.706 -1.672 -1.635 -1.597 -1.556 -1.512 -1.467 -1.419 
-1.369 -1.317 -1.264 -1.210 -1.155 -1.099 -1.044 -0.990 -0.937 -0.886 
-0.838 -0.793 -0.752 -0.715 -0.682 -0.654 -0.630 -0.609 -0.591 -0.574 
-0.556 -0.538 -0.519 -0.499 -0.478 -0.458 -0.441 -0.428 -0.423 -0.429 
-0.447 -0.479 -0.524 -0.581 -0.648 -0.721 -0.799 -0.878 -0.956 -1.032 
-1.105 -1.174 -1.240 -1.303 -1.362 -1.417 -1.470 -1.519 -1.564 -1.607 
-1.647 -1.684 -1.718 -1.750 -1.779 -1.806 -1.830 -1.852 -1.872 -1.889 
-1.910 
-1.989 -2.005 -2.018 -2.029 -2.038 -2.044 -2.049 -2.052 -2.053 -2.052 
-2.048 -2.043 -2.036 -2.026 -2.015 -2.002 -1.986 -1.968 -1.948 -1.926 
-1.902 -1.875 -1.846 -1.815 -1.781 -1.744 -1.705 -1.663 -1.618 -1.571 
-1.521 -1.467 -1.411 -1.353 -1.291 -1.226 -1.160 -1.091 -1.021 -0.951 
-0.882 -0.816 -0.754 -0.700 -0.656 -0.622 -0.600 -0.589 -0.588 -0.593 
-0.602 -0.614 -0.627 -0.639 -0.651 -0.662 -0.674 -0.687 -0.703 -0.724 
-0.750 -0.784 -0.823 -0.869 -0.918 -0.970 -1.025 -1.080 -1.137 -1.193 
-1.249 -1.305 -1.359 -1.412 -1.463 -1.512 -1.559 -1.604 -1.647 -1.688 
-1.726 -1.763 -1.797 -1.828 -1.858 -1.885 -1.911 -1.934 -1.955 -1.974 
-1.984 
-2.021 -2.041 -2.055 -2.067 -2.077 -2.085 -2.091 -2.095 -2.097 -2.097 
-2.095 -2.091 -2.085 -2.077 -2.067 -2.055 -2.040 -2.024 -2.005 -1.985 
-1.962 -1.936 -1.909 -1.879 -1.847 -1.812 -1.774 -1.735 -1.692 -1.647 
-1.599 -1.549 -1.496 -1.441 -1.383 -1.323 -1.261 -1.198 -1.133 -1.069 
-1.006 -0.945 -0.888 -0.836 -0.790 -0.753 -0.723 -0.702 -0.687 -0.679 
-0.676 -0.677 -0.681 -0.687 -0.695 -0.705 -0.718 -0.734 -0.754 -0.779 
-0.809 -0.844 -0.884 -0.929 -0.977 -1.028 -1.082 -1.136 -1.191 -1.246 
-1.299 -1.352 -1.403 -1.452 -1.500 -1.546 -1.591 -1.634 -1.675 -1.715 
-1.753 -1.789 -1.823 -1.855 -1.886 -1.914 -1.940 -1.964 -1.987 -2.007 
-2.016 
-1.961 -1.977 -2.002 -2.024 -2.045 -2.064 -2.081 -2.096 -2.108 -2.119 
-2.127 -2.134 -2.138 -2.141 -2.141 -2.139 -2.135 -2.129 -2.121 -2.110 
-2.098 -2.083 -2.066 -2.046 -2.024 -2.000 -1.973 -1.944 -1.912 -1.877 
-1.840 -1.800 -1.757 -1.711 -1.662 -1.611 -1.557 -1.500 -1.441 -1.380 
-1.317 -1.253 -1.190 -1.128 -1.068 -1.012 -0.963 -0.925 -0.899 -0.887 
-0.889 -0.899 -0.917 -0.938 -0.961 -0.985 -1.009 -1.033 -1.057 -1.080 
-1.104 -1.127 -1.151 -1.173 -1.195 -1.216 -1.235 -1.254 -1.273 -1.290 
-1.309 -1.328 -1.348 -1.371 -1.395 -1.423 -1.453 -1.486 -1.522 -1.559 
-1.597 -1.636 -1.676 -1.714 -1.752 -1.789 -1.824 -1.858 -1.891 -1.921 
-1.951 
-2.009 -2.028 -2.061 -2.091 -2.119 -2.144 -2.166 -2.187 -2.204 -2.220 
-2.232 -2.243 -2.251 -2.257 -2.260 -2.261 -2.259 -2.255 -2.249 -2.240 
-2.228 -2.214 -2.197 -2.177 -2.155 -2.129 -2.100 -2.068 -2.032 -1.993 
-1.949 -1.901 -1.848 -1.789 -1.725 -1.655 -1.578 -1.496 -1.410 -1.326 
-1.248 -1.182 -1.126 -1.071 -1.011 -0.947 -0.884 -0.835 -0.809 -0.809 
-0.835 -0.878 -0.930 -0.984 -1.037 -1.084 -1.127 -1.163 -1.193 -1.217 
-1.236 -1.249 -1.259 -1.266 -1.270 -1.273 -1.275 -1.277 -1.279 -1.281 
-1.283 -1.286 -1.292 -1.302 -1.316 -1.337 -1.363 -1.397 -1.436 -1.480 
-1.527 -1.577 -1.628 -1.679 -1.729 -1.778 -1.825 -1.871 -1.914 -1.954 
-1.995 
-2.255 -2.290 -2.312 -2.330 -2.346 -2.359 -2.370 -2.378 -2.384 -2.387 
-2.387 -2.385 -2.380 -2.373 -2.363 -2.351 -2.335 -2.317 -2.296 -2.273 
-2.246 -2.216 -2.182 -2.145 -2.105 -2.060 -2.011 -1.958 -1.900 -1.837 
-1.768 -1.693 -1.611 -1.522 -1.426 -1.323 -1.214 -1.102 -0.992 -0.894 
-0.818 -0.777 -0.772 -0.800 -0.848 -0.901 -0.950 -0.992 -1.030 -1.067 
-1.105 -1.143 -1.177 -1.206 -1.228 -1.244 -1.252 -1.254 -1.251 -1.242 
-1.231 -1.217 -1.202 -1.190 -1.181 -1.176 -1.179 -1.188 -1.206 -1.237 
-1.282 -1.339 -1.404 -1.469 -1.532 -1.593 -1.652 -1.709 -1.765 -1.819 
-1.872 -1.923 -1.972 -2.018 -2.062 -2.103 -2.142 -2.177 -2.210 -2.239 
-2.249 
-2.438 -2.468 -2.491 -2.510 -2.527 -2.541 -2.553 -2.562 -2.568 -2.572 
-2.573 -2.572 -2.568 -2.561 -2.553 -2.541 -2.527 -2.510 -2.490 -2.468 
-2.442 -2.414 -2.382 -2.347 -2.308 -2.266 -2.219 -2.169 -2.114 -2.053 
-1.988 -1.917 -1.839 -1.754 -1.662 -1.561 -1.452 -1.336 -1.214 -1.092 
-0.981 -0.897 -0.855 -0.863 -0.914 -0.988 -1.069 -1.147 -1.218 -1.278 
-1.329 -1.371 -1.404 -1.429 -1.446 -1.455 -1.458 -1.453 -1.441 -1.423 
-1.398 -1.367 -1.329 -1.284 -1.234 -1.178 -1.122 -1.071 -1.037 -1.035 
-1.071 -1.144 -1.241 -1.350 -1.460 -1.565 -1.664 -1.756 -1.841 -1.918 
-1.990 -2.055 -2.115 -2.170 -2.220 -2.267 -2.309 -2.348 -2.383 -2.414 
-2.429 
-2.429 -2.448 -2.466 -2.483 -2.497 -2.508 -2.518 -2.525 -2.529 -2.531 
-2.531 -2.529 -2.525 -2.518 -2.508 -2.497 -2.483 -2.466 -2.447 -2.426 
-2.401 -2.374 -2.345 -2.312 -2.276 -2.237 -2.195 -2.150 -2.101 -2.048 
-1.991 -1.931 -1.866 -1.797 -1.724 -1.647 -1.567 -1.484 -1.400 -1.318 
-1.241 -1.177 -1.136 -1.122 -1.133 -1.158 -1.191 -1.228 -1.264 -1.299 
-1.331 -1.359 -1.383 -1.402 -1.417 -1.427 -1.432 -1.433 -1.431 -1.425 
-1.417 -1.407 -1.395 -1.384 -1.373 -1.364 -1.357 -1.355 -1.360 -1.381 
-1.422 -1.480 -1.550 -1.622 -1.695 -1.765 -1.831 -1.895 -1.954 -2.011 
-2.064 -2.114 -2.160 -2.203 -2.244 -2.281 -2.316 -2.347 -2.376 -2.403 
-2.422 
-2.403 -2.411 -2.429 -2.444 -2.456 -2.467 -2.475 -2.481 -2.484 -2.485 
-2.484 -2.481 -2.475 -2.467 -2.457 -2.444 -2.429 -2.411 -2.391 -2.368 
-2.342 -2.314 -2.283 -2.249 -2.212 -2.171 -2.127 -2.080 -2.029 -1.974 
-1.916 -1.853 -1.786 -1.715 -1.641 -1.563 -1.483 -1.403 -1.324 -1.252 
-1.189 -1.140 -1.109 -1.097 -1.102 -1.121 -1.149 -1.182 -1.216 -1.249 
-1.280 -1.306 -1.328 -1.346 -1.358 -1.366 -1.370 -1.370 -1.367 -1.360 
-1.352 -1.344 -1.337 -1.332 -1.331 -1.337 -1.351 -1.374 -1.405 -1.445 
-1.492 -1.545 -1.602 -1.660 -1.720 -1.779 -1.837 -1.894 -1.948 -2.000 
-2.049 -2.096 -2.139 -2.180 -2.218 -2.254 -2.287 -2.317 -2.344 -2.369 
-2.395 
-2.480 -2.502 -2.519 -2.532 -2.544 -2.553 -2.560 -2.565 -2.567 -2.567 
-2.565 -2.561 -2.554 -2.545 -2.534 -2.521 -2.505 -2.487 -2.466 -2.442 
-2.416 -2.388 -2.356 -2.322 -2.285 -2.244 -2.201 -2.154 -2.104 -2.050 
-1.993 -1.932 -1.867 -1.799 -1.728 -1.653 -1.577 -1.501 -1.426 -1.356 
-1.294 -1.245 -1.210 -1.192 -1.189 -1.200 -1.219 -1.243 -1.270 -1.296 
-1.319 -1.340 -1.356 -1.368 -1.376 -1.380 -1.380 -1.377 -1.371 -1.364 
-1.358 -1.353 -1.351 -1.355 -1.366 -1.384 -1.411 -1.446 -1.489 -1.539 
-1.594 -1.652 -1.713 -1.774 -1.835 -1.894 -1.952 -2.008 -2.061 -2.111 
-2.159 -2.203 -2.245 -2.284 -2.321 -2.354 -2.385 -2.414 -2.440 -2.463 
-2.474 
-2.516 -2.524 -2.538 -2.549 -2.559 -2.566 -2.571 -2.574 -2.575 -2.573 
-2.569 -2.563 -2.555 -2.545 -2.532 -2.517 -2.500 -2.480 -2.459 -2.434 
-2.407 -2.378 -2.346 -2.312 -2.275 -2.235 -2.192 -2.147 -2.099 -2.048 
-1.994 -1.938 -1.880 -1.820 -1.758 -1.696 -1.635 -1.575 -1.518 -1.466 
-1.421 -1.384 -1.356 -1.338 -1.328 -1.325 -1.327 -1.332 -1.339 -1.345 
-1.349 -1.351 -1.351 -1.347 -1.341 -1.331 -1.320 -1.307 -1.294 -1.282 
-1.275 -1.273 -1.278 -1.293 -1.317 -1.350 -1.392 -1.440 -1.494 -1.553 
-1.615 -1.681 -1.747 -1.813 -1.877 -1.939 -1.998 -2.054 -2.107 -2.156 
-2.202 -2.245 -2.286 -2.323 -2.357 -2.389 -2.417 -2.444 -2.467 -2.488 
-2.510 
-2.647 -2.661 -2.679 -2.695 -2.708 -2.719 -2.727 -2.733 -2.736 -2.737 
-2.736 -2.732 -2.725 -2.717 -2.705 -2.692 -2.675 -2.656 -2.635 -2.611 
-2.584 -2.554 -2.522 -2.486 -2.447 -2.405 -2.360 -2.312 -2.260 -2.204 
-2.145 -2.082 -2.016 -1.947 -1.875 -1.802 -1.731 -1.667 -1.617 -1.586 
-1.572 -1.570 -1.576 -1.587 -1.603 -1.621 -1.640 -1.659 -1.677 -1.692 
-1.704 -1.712 -1.716 -1.716 -1.712 -1.703 -1.690 -1.673 -1.653 -1.629 
-1.602 -1.573 -1.543 -1.510 -1.477 -1.447 -1.427 -1.428 -1.452 -1.495 
-1.551 -1.617 -1.691 -1.769 -1.847 -1.924 -1.998 -2.069 -2.136 -2.198 
-2.257 -2.311 -2.362 -2.408 -2.451 -2.490 -2.526 -2.559 -2.589 -2.616 
-2.638 
-2.875 -2.912 -2.930 -2.944 -2.956 -2.966 -2.972 -2.976 -2.978 -2.976 
-2.973 -2.966 -2.957 -2.945 -2.930 -2.913 -2.892 -2.869 -2.842 -2.812 
-2.779 -2.742 -2.702 -2.657 -2.609 -2.555 -2.497 -2.433 -2.363 -2.287 
-2.203 -2.112 -2.012 -1.904 -1.790 -1.672 -1.560 -1.466 -1.405 -1.384 
-1.398 -1.442 -1.507 -1.581 -1.656 -1.723 -1.782 -1.832 -1.874 -1.906 
-1.931 -1.948 -1.957 -1.958 -1.953 -1.939 -1.917 -1.888 -1.849 -1.800 
-1.742 -1.672 -1.593 -1.504 -1.413 -1.334 -1.286 -1.289 -1.345 -1.441 
-1.560 -1.684 -1.804 -1.918 -2.023 -2.120 -2.209 -2.291 -2.366 -2.435 
-2.498 -2.556 -2.609 -2.657 -2.702 -2.742 -2.779 -2.812 -2.842 -2.868 
-2.870 
-2.888 -2.909 -2.930 -2.947 -2.962 -2.974 -2.983 -2.990 -2.994 -2.996 
-2.995 -2.991 -2.985 -2.976 -2.964 -2.950 -2.933 -2.913 -2.890 -2.864 
-2.835 -2.802 -2.766 -2.726 -2.683 -2.635 -2.582 -2.524 -2.461 -2.392 
-2.317 -2.234 -2.143 -2.043 -1.934 -1.816 -1.691 -1.564 -1.442 -1.337 
-1.265 -1.241 -1.265 -1.323 -1.397 -1.476 -1.553 -1.623 -1.685 -1.738 
-1.781 -1.815 -1.840 -1.856 -1.863 -1.863 -1.853 -1.836 -1.810 -1.774 
-1.730 -1.676 -1.612 -1.540 -1.461 -1.383 -1.319 -1.287 -1.299 -1.359 
-1.457 -1.576 -1.701 -1.823 -1.938 -2.044 -2.141 -2.230 -2.312 -2.387 
-2.455 -2.518 -2.575 -2.628 -2.676 -2.720 -2.760 -2.797 -2.830 -2.859 
-2.880 
-2.731 -2.770 -2.794 -2.814 -2.833 -2.848 -2.861 -2.871 -2.879 -2.884 
-2.886 -2.887 -2.884 -2.879 -2.872 -2.862 -2.849 -2.834 -2.816 -2.795 
-2.771 -2.744 -2.715 -2.682 -2.645 -2.605 -2.562 -2.514 -2.462 -2.405 
-2.344 -2.277 -2.204 -2.124 -2.038 -1.945 -1.843 -1.734 -1.620 -1.506 
-1.401 -1.315 -1.256 -1.227 -1.230 -1.262 -1.314 -1.374 -1.435 -1.493 
-1.543 -1.586 -1.620 -1.646 -1.664 -1.674 -1.677 -1.672 -1.659 -1.640 
-1.615 -1.585 -1.551 -1.516 -1.483 -1.457 -1.443 -1.446 -1.474 -1.526 
-1.596 -1.674 -1.753 -1.830 -1.903 -1.973 -2.040 -2.107 -2.172 -2.236 
-2.298 -2.357 -2.414 -2.467 -2.516 -2.563 -2.605 -2.645 -2.681 -2.713 
-2.724 
-2.537 -2.545 -2.577 -2.606 -2.632 -2.655 -2.675 -2.692 -2.707 -2.718 
-2.727 -2.734 -2.738 -2.739 -2.737 -2.733 -2.726 -2.716 -2.704 -2.688 
-2.670 -2.649 -2.625 -2.597 -2.567 -2.532 -2.494 -2.452 -2.406 -2.356 
-2.301 -2.240 -2.174 -2.103 -2.025 -1.940 -1.848 -1.750 -1.646 -1.540 
-1.436 -1.344 -1.275 -1.240 -1.245 -1.284 -1.345 -1.418 -1.492 -1.562 
-1.625 -1.681 -1.728 -1.768 -1.800 -1.825 -1.843 -1.855 -1.860 -1.858 
-1.851 -1.839 -1.822 -1.801 -1.778 -1.756 -1.735 -1.719 -1.706 -1.698 
-1.692 -1.689 -1.690 -1.697 -1.711 -1.734 -1.768 -1.812 -1.864 -1.922 
-1.983 -2.046 -2.108 -2.169 -2.227 -2.283 -2.335 -2.384 -2.429 -2.471 
-2.522 
-2.635 -2.669 -2.694 -2.717 -2.736 -2.753 -2.768 -2.779 -2.788 -2.795 
-2.799 -2.801 -2.800 -2.796 -2.790 -2.782 -2.770 -2.757 -2.740 -2.721 
-2.699 -2.674 -2.645 -2.614 -2.580 -2.542 -2.500 -2.454 -2.405 -2.351 
-2.292 -2.228 -2.159 -2.085 -2.005 -1.920 -1.829 -1.735 -1.640 -1.549 
-1.469 -1.407 -1.371 -1.363 -1.382 -1.421 -1.472 -1.527 -1.580 -1.630 
-1.675 -1.714 -1.747 -1.774 -1.795 -1.810 -1.819 -1.823 -1.821 -1.813 
-1.801 -1.783 -1.761 -1.734 -1.705 -1.675 -1.647 -1.623 -1.608 -1.605 
-1.617 -1.645 -1.685 -1.736 -1.794 -1.857 -1.921 -1.987 -2.053 -2.118 
-2.182 -2.242 -2.300 -2.355 -2.406 -2.453 -2.497 -2.538 -2.576 -2.610 
-2.626 
-2.697 -2.712 -2.732 -2.750 -2.766 -2.779 -2.790 -2.799 -2.806 -2.811 
-2.814 -2.814 -2.813 -2.809 -2.803 -2.795 -2.784 -2.771 -2.756 -2.739 
-2.719 -2.696 -2.672 -2.644 -2.614 -2.581 -2.545 -2.507 -2.465 -2.420 
-2.372 -2.320 -2.265 -2.207 -2.146 -2.081 -2.013 -1.943 -1.873 -1.803 
-1.738 -1.681 -1.635 -1.603 -1.584 -1.576 -1.578 -1.588 -1.605 -1.626 
-1.650 -1.675 -1.699 -1.722 -1.742 -1.760 -1.775 -1.786 -1.795 -1.801 
-1.805 -1.806 -1.806 -1.805 -1.804 -1.803 -1.805 -1.810 -1.821 -1.838 
-1.863 -1.897 -1.938 -1.984 -2.034 -2.086 -2.139 -2.191 -2.241 -2.291 
-2.338 -2.384 -2.427 -2.468 -2.506 -2.543 -2.577 -2.608 -2.638 -2.665 
-2.689 
-2.765 -2.786 -2.805 -2.822 -2.837 -2.849 -2.859 -2.866 -2.872 -2.875 
-2.876 -2.875 -2.871 -2.866 -2.858 -2.848 -2.836 -2.821 -2.804 -2.785 
-2.764 -2.740 -2.713 -2.685 -2.653 -2.620 -2.583 -2.544 -2.503 -2.459 
-2.414 -2.366 -2.316 -2.265 -2.213 -2.162 -2.111 -2.062 -2.016 -1.974 
-1.937 -1.905 -1.879 -1.858 -1.843 -1.833 -1.827 -1.824 -1.823 -1.823 
-1.823 -1.823 -1.823 -1.822 -1.822 -1.821 -1.821 -1.821 -1.822 -1.824 
-1.825 -1.825 -1.825 -1.824 -1.823 -1.823 -1.826 -1.833 -1.847 -1.869 
-1.899 -1.937 -1.982 -2.032 -2.085 -2.141 -2.197 -2.252 -2.306 -2.358 
-2.408 -2.456 -2.500 -2.543 -2.582 -2.619 -2.653 -2.685 -2.714 -2.740 
-2.757 
-2.780 -2.799 -2.815 -2.829 -2.841 -2.850 -2.858 -2.864 -2.868 -2.870 
-2.870 -2.868 -2.864 -2.858 -2.850 -2.840 -2.828 -2.815 -2.799 -2.781 
-2.761 -2.740 -2.716 -2.689 -2.661 -2.631 -2.598 -2.563 -2.526 -2.487 
-2.446 -2.403 -2.357 -2.310 -2.262 -2.212 -2.162 -2.112 -2.061 -2.011 
-1.962 -1.915 -1.868 -1.822 -1.777 -1.733 -1.691 -1.650 -1.611 -1.575 
-1.543 -1.515 -1.491 -1.473 -1.460 -1.453 -1.453 -1.460 -1.473 -1.493 
-1.520 -1.551 -1.588 -1.627 -1.669 -1.712 -1.757 -1.803 -1.852 -1.903 
-1.956 -2.011 -2.067 -2.123 -2.179 -2.234 -2.287 -2.338 -2.387 -2.434 
-2.477 -2.519 -2.557 -2.594 -2.627 -2.659 -2.688 -2.714 -2.739 -2.761 
-2.774 
-2.721 -2.739 -2.759 -2.776 -2.791 -2.804 -2.814 -2.822 -2.827 -2.831 
-2.832 -2.831 -2.827 -2.821 -2.814 -2.803 -2.791 -2.776 -2.759 -2.740 
-2.718 -2.694 -2.668 -2.639 -2.608 -2.574 -2.538 -2.499 -2.458 -2.415 
-2.370 -2.323 -2.275 -2.225 -2.175 -2.125 -2.075 -2.028 -1.983 -1.942 
-1.905 -1.873 -1.844 -1.820 -1.799 -1.782 -1.770 -1.761 -1.756 -1.754 
-1.753 -1.753 -1.751 -1.749 -1.746 -1.742 -1.737 -1.732 -1.726 -1.720 
-1.713 -1.704 -1.696 -1.688 -1.682 -1.680 -1.685 -1.698 -1.719 -1.750 
-1.788 -1.832 -1.881 -1.934 -1.989 -2.047 -2.105 -2.164 -2.223 -2.279 
-2.334 -2.386 -2.434 -2.480 -2.523 -2.562 -2.599 -2.632 -2.663 -2.691 
-2.713 
-2.729 -2.740 -2.772 -2.800 -2.826 -2.849 -2.869 -2.886 -2.901 -2.913 
-2.923 -2.930 -2.935 -2.937 -2.937 -2.934 -2.929 -2.921 -2.911 -2.899 
-2.884 -2.866 -2.845 -2.822 -2.796 -2.768 -2.736 -2.702 -2.664 -2.623 
-2.579 -2.532 -2.482 -2.428 -2.371 -2.311 -2.249 -2.184 -2.118 -2.052 
-1.986 -1.921 -1.859 -1.800 -1.748 -1.706 -1.678 -1.665 -1.669 -1.686 
-1.712 -1.744 -1.777 -1.808 -1.837 -1.861 -1.880 -1.894 -1.902 -1.905 
-1.903 -1.896 -1.885 -1.871 -1.854 -1.836 -1.818 -1.801 -1.788 -1.778 
-1.773 -1.775 -1.785 -1.805 -1.836 -1.878 -1.930 -1.989 -2.052 -2.118 
-2.185 -2.250 -2.313 -2.374 -2.431 -2.486 -2.536 -2.584 -2.628 -2.668 
-2.714 
-2.961 -3.017 -3.040 -3.061 -3.079 -3.094 -3.107 -3.117 -3.125 -3.131 
-3.134 -3.134 -3.133 -3.129 -3.122 -3.113 -3.102 -3.088 -3.071 -3.052 
-3.030 -3.006 -2.978 -2.948 -2.915 -2.878 -2.838 -2.795 -2.748 -2.697 
-2.642 -2.584 -2.521 -2.455 -2.386 -2.314 -2.240 -2.168 -2.100 -2.039 
-1.989 -1.952 -1.929 -1.918 -1.917 -1.921 -1.932 -1.947 -1.966 -1.989 
-2.014 -2.038 -2.061 -2.080 -2.096 -2.107 -2.113 -2.114 -2.111 -2.102 
-2.088 -2.070 -2.048 -2.023 -1.998 -1.974 -1.955 -1.945 -1.947 -1.962 
-1.989 -2.028 -2.075 -2.128 -2.185 -2.246 -2.309 -2.373 -2.437 -2.500 
-2.561 -2.618 -2.673 -2.724 -2.772 -2.817 -2.858 -2.896 -2.930 -2.962 
-2.955 
-2.943 -2.939 -2.953 -2.967 -2.978 -2.987 -2.994 -3.000 -3.003 -3.005 
-3.005 -3.002 -2.998 -2.991 -2.983 -2.972 -2.959 -2.944 -2.926 -2.906 
-2.884 -2.859 -2.832 -2.802 -2.769 -2.734 -2.696 -2.655 -2.612 -2.566 
-2.519 -2.471 -2.423 -2.376 -2.330 -2.286 -2.243 -2.200 -2.159 -2.119 
-2.081 -2.046 -2.015 -1.989 -1.968 -1.952 -1.940 -1.934 -1.932 -1.934 
-1.940 -1.948 -1.957 -1.967 -1.977 -1.985 -1.993 -1.999 -2.004 -2.010 
-2.017 -2.027 -2.040 -2.058 -2.078 -2.100 -2.123 -2.148 -2.176 -2.209 
-2.245 -2.286 -2.328 -2.371 -2.415 -2.457 -2.499 -2.540 -2.579 -2.617 
-2.653 -2.688 -2.721 -2.752 -2.782 -2.810 -2.836 -2.860 -2.882 -2.903 
-2.936 
-3.071 -3.090 -3.098 -3.103 -3.105 -3.106 -3.104 -3.099 -3.093 -3.083 
-3.072 -3.058 -3.041 -3.021 -2.999 -2.974 -2.947 -2.916 -2.883 -2.846 
-2.806 -2.763 -2.717 -2.668 -2.615 -2.560 -2.501 -2.441 -2.379 -2.317 
-2.256 -2.199 -2.147 -2.103 -2.068 -2.043 -2.028 -2.020 -2.018 -2.019 
-2.022 -2.025 -2.028 -2.033 -2.038 -2.043 -2.048 -2.051 -2.052 -2.051 
-2.046 -2.038 -2.025 -2.008 -1.986 -1.960 -1.931 -1.901 -1.874 -1.851 
-1.840 -1.842 -1.861 -1.896 -1.945 -2.003 -2.067 -2.134 -2.203 -2.271 
-2.338 -2.402 -2.464 -2.523 -2.578 -2.631 -2.680 -2.727 -2.770 -2.810 
-2.848 -2.883 -2.915 -2.944 -2.971 -2.995 -3.017 -3.037 -3.054 -3.068 
-3.068 
-3.154 -3.169 -3.184 -3.197 -3.208 -3.216 -3.221 -3.224 -3.225 -3.224 
-3.220 -3.213 -3.204 -3.193 -3.179 -3.163 -3.144 -3.122 -3.097 -3.070 
-3.040 -3.007 -2.971 -2.931 -2.889 -2.843 -2.794 -2.742 -2.687 -2.629 
-2.569 -2.508 -2.446 -2.384 -2.323 -2.262 -2.201 -2.140 -2.081 -2.026 
-1.977 -1.939 -1.913 -1.902 -1.904 -1.916 -1.936 -1.958 -1.982 -2.004 
-2.022 -2.037 -2.047 -2.051 -2.051 -2.045 -2.034 -2.020 -2.002 -1.984 
-1.966 -1.951 -1.941 -1.936 -1.937 -1.946 -1.963 -1.991 -2.032 -2.087 
-2.153 -2.226 -2.301 -2.376 -2.449 -2.519 -2.586 -2.649 -2.708 -2.763 
-2.814 -2.862 -2.907 -2.948 -2.986 -3.020 -3.052 -3.081 -3.107 -3.130 
-3.147 
-3.111 -3.147 -3.167 -3.184 -3.199 -3.212 -3.222 -3.229 -3.235 -3.238 
-3.238 -3.236 -3.232 -3.226 -3.217 -3.206 -3.192 -3.176 -3.158 -3.136 
-3.113 -3.086 -3.057 -3.025 -2.990 -2.952 -2.911 -2.867 -2.819 -2.768 
-2.713 -2.655 -2.593 -2.528 -2.459 -2.389 -2.317 -2.246 -2.177 -2.115 
-2.063 -2.025 -2.001 -1.993 -1.999 -2.016 -2.039 -2.065 -2.091 -2.116 
-2.138 -2.156 -2.169 -2.177 -2.180 -2.177 -2.169 -2.155 -2.135 -2.109 
-2.078 -2.040 -1.998 -1.952 -1.906 -1.862 -1.830 -1.817 -1.830 -1.872 
-1.938 -2.021 -2.113 -2.205 -2.296 -2.381 -2.462 -2.537 -2.607 -2.671 
-2.731 -2.786 -2.838 -2.885 -2.929 -2.969 -3.006 -3.040 -3.071 -3.099 
-3.103 
-2.956 -2.949 -2.966 -2.982 -2.995 -3.006 -3.015 -3.022 -3.027 -3.030 
-3.031 -3.030 -3.027 -3.021 -3.014 -3.005 -2.993 -2.979 -2.963 -2.945 
-2.925 -2.903 -2.878 -2.851 -2.822 -2.790 -2.756 -2.720 -2.682 -2.642 
-2.599 -2.555 -2.509 -2.462 -2.414 -2.366 -2.318 -2.273 -2.231 -2.194 
-2.165 -2.143 -2.129 -2.123 -2.124 -2.130 -2.139 -2.150 -2.163 -2.175 
-2.187 -2.198 -2.207 -2.214 -2.219 -2.222 -2.223 -2.221 -2.217 -2.211 
-2.203 -2.192 -2.179 -2.166 -2.151 -2.138 -2.128 -2.127 -2.137 -2.161 
-2.195 -2.235 -2.279 -2.323 -2.368 -2.413 -2.457 -2.500 -2.543 -2.584 
-2.624 -2.663 -2.700 -2.736 -2.770 -2.801 -2.831 -2.859 -2.884 -2.908 
-2.948 
-3.146 -3.177 -3.194 -3.208 -3.221 -3.231 -3.239 -3.244 -3.247 -3.248 
-3.247 -3.243 -3.237 -3.229 -3.218 -3.205 -3.189 -3.171 -3.150 -3.127 
-3.101 -3.072 -3.041 -3.006 -2.968 -2.927 -2.883 -2.836 -2.785 -2.730 
-2.672 -2.611 -2.547 -2.480 -2.412 -2.344 -2.278 -2.218 -2.167 -2.128 
-2.105 -2.098 -2.105 -2.124 -2.151 -2.181 -2.213 -2.244 -2.273 -2.299 
-2.322 -2.341 -2.356 -2.368 -2.375 -2.379 -2.379 -2.376 -2.369 -2.360 
-2.348 -2.334 -2.319 -2.304 -2.291 -2.281 -2.276 -2.280 -2.292 -2.315 
-2.347 -2.387 -2.432 -2.481 -2.532 -2.584 -2.636 -2.687 -2.736 -2.784 
-2.830 -2.874 -2.915 -2.954 -2.990 -3.024 -3.056 -3.085 -3.111 -3.136 
-3.140 
-3.297 -3.326 -3.345 -3.362 -3.376 -3.387 -3.396 -3.403 -3.407 -3.408 
-3.407 -3.404 -3.398 -3.390 -3.379 -3.366 -3.350 -3.331 -3.309 -3.285 
-3.258 -3.227 -3.194 -3.157 -3.117 -3.073 -3.025 -2.973 -2.918 -2.857 
-2.793 -2.723 -2.649 -2.571 -2.490 -2.406 -2.323 -2.245 -2.175 -2.120 
-2.083 -2.066 -2.067 -2.080 -2.100 -2.126 -2.156 -2.189 -2.224 -2.259 
-2.291 -2.319 -2.342 -2.360 -2.371 -2.376 -2.376 -2.369 -2.357 -2.339 
-2.316 -2.289 -2.257 -2.224 -2.191 -2.162 -2.143 -2.138 -2.151 -2.183 
-2.233 -2.296 -2.368 -2.443 -2.519 -2.594 -2.667 -2.736 -2.801 -2.862 
-2.920 -2.973 -3.023 -3.070 -3.113 -3.152 -3.189 -3.222 -3.252 -3.280 
-3.290 
-3.247 -3.263 -3.283 -3.301 -3.317 -3.330 -3.341 -3.350 -3.357 -3.361 
-3.364 -3.363 -3.361 -3.356 -3.349 -3.340 -3.329 -3.315 -3.298 -3.279 
-3.258 -3.234 -3.207 -3.177 -3.144 -3.109 -3.070 -3.028 -2.983 -2.934 
-2.881 -2.824 -2.764 -2.699 -2.631 -2.559 -2.485 -2.408 -2.331 -2.254 
-2.181 -2.110 -2.045 -1.986 -1.939 -1.910 -1.900 -1.909 -1.934 -1.969 
-2.008 -2.048 -2.086 -2.120 -2.149 -2.173 -2.191 -2.205 -2.215 -2.220 
-2.222 -2.221 -2.219 -2.217 -2.216 -2.218 -2.225 -2.240 -2.263 -2.295 
-2.336 -2.384 -2.436 -2.492 -2.549 -2.606 -2.663 -2.718 -2.773 -2.825 
-2.875 -2.923 -2.968 -3.011 -3.051 -3.089 -3.124 -3.157 -3.187 -3.215 
-3.239 
-3.235 -3.245 -3.262 -3.277 -3.290 -3.300 -3.308 -3.314 -3.317 -3.318 
-3.317 -3.314 -3.308 -3.300 -3.289 -3.277 -3.262 -3.244 -3.224 -3.202 
-3.177 -3.150 -3.120 -3.087 -3.051 -3.013 -2.972 -2.928 -2.881 -2.832 
-2.780 -2.725 -2.668 -2.610 -2.550 -2.491 -2.432 -2.376 -2.323 -2.276 
-2.235 -2.200 -2.173 -2.152 -2.140 -2.135 -2.139 -2.150 -2.167 -2.186 
-2.204 -2.220 -2.233 -2.242 -2.247 -2.247 -2.243 -2.235 -2.223 -2.208 
-2.191 -2.174 -2.157 -2.142 -2.132 -2.129 -2.134 -2.152 -2.181 -2.223 
-2.276 -2.335 -2.399 -2.465 -2.531 -2.595 -2.657 -2.717 -2.774 -2.828 
-2.879 -2.926 -2.971 -3.013 -3.051 -3.087 -3.120 -3.150 -3.178 -3.203 
-3.228 
-3.348 -3.368 -3.389 -3.407 -3.423 -3.436 -3.446 -3.454 -3.459 -3.462 
-3.463 -3.461 -3.457 -3.451 -3.442 -3.430 -3.416 -3.400 -3.381 -3.359 
-3.335 -3.308 -3.277 -3.244 -3.208 -3.169 -3.126 -3.079 -3.029 -2.975 
-2.917 -2.855 -2.789 -2.720 -2.649 -2.580 -2.516 -2.462 -2.419 -2.385 
-2.356 -2.332 -2.313 -2.301 -2.297 -2.299 -2.307 -2.320 -2.334 -2.348 
-2.361 -2.372 -2.380 -2.383 -2.382 -2.376 -2.365 -2.348 -2.326 -2.299 
-2.266 -2.229 -2.187 -2.144 -2.101 -2.063 -2.037 -2.028 -2.043 -2.083 
-2.144 -2.221 -2.308 -2.397 -2.486 -2.572 -2.654 -2.731 -2.803 -2.871 
-2.933 -2.991 -3.045 -3.095 -3.141 -3.183 -3.222 -3.257 -3.289 -3.319 
-3.339 
-3.463 -3.493 -3.510 -3.525 -3.537 -3.546 -3.553 -3.557 -3.558 -3.556 
-3.552 -3.545 -3.535 -3.523 -3.507 -3.489 -3.468 -3.444 -3.416 -3.385 
-3.350 -3.312 -3.270 -3.223 -3.172 -3.116 -3.055 -2.989 -2.916 -2.837 
-2.752 -2.661 -2.565 -2.467 -2.372 -2.289 -2.226 -2.193 -2.192 -2.218 
-2.262 -2.313 -2.365 -2.413 -2.457 -2.496 -2.531 -2.562 -2.588 -2.610 
-2.627 -2.639 -2.646 -2.647 -2.642 -2.631 -2.614 -2.590 -2.560 -2.523 
-2.479 -2.429 -2.373 -2.313 -2.252 -2.195 -2.151 -2.129 -2.137 -2.176 
-2.242 -2.327 -2.421 -2.519 -2.614 -2.705 -2.791 -2.871 -2.945 -3.013 
-3.076 -3.134 -3.188 -3.236 -3.281 -3.322 -3.359 -3.392 -3.422 -3.449 
-3.454 
