IRGRID 64 91
1e+308

0.025 0.03 0.035 0.04 0.045 0.05 0.055 0.06 0.065 0.07
0.075 0.08 0.085 0.09 0.095 0.1 0.11 0.12 0.13 0.14
0.15 0.16 0.17 0.18 0.19 0.2 0.21 0.22 0.23 0.24
0.25 0.26 0.27 0.28 0.29 0.3 0.31 0.32 0.33 0.34
0.35 0.36 0.37 0.38 0.39 0.4 0.41 0.42 0.43 0.44
0.45 0.46 0.47 0.48 0.49 0.5 0.51 0.52 0.53 0.54
0.55 0.56 0.57 0.58
0 4 8 12 16 20 24 28 32 36
40 44 48 52 56 60 64 68 72 76
80 84 88 92 96 100 104 108 112 116
120 124 128 132 136 140 144 148 152 156
160 164 168 172 176 180 184 188 192 196
200 204 208 212 216 220 224 228 232 236
240 244 248 252 256 260 264 268 272 276
280 284 288 292 296 300 304 308 312 316
320 324 328 332 336 340 344 348 352 356
360
-3.910 -4.000 -4.000 -4.000 -4.000 -4.000 -4.000 -4.000 -4.000 -4.000 
-4.000 -4.000 -4.000 -4.000 -4.000 -4.000 -4.000 -4.000 -4.000 -4.000 
-4.000 -4.000 -4.000 -4.000 -4.000 -4.000 -4.000 -4.000 -4.000 -4.000 
-4.000 -4.000 -4.000 -4.000 -4.000 -4.000 -4.000 -4.000 -4.000 -3.972 
-3.886 -3.789 -3.680 -3.558 -3.421 -3.269 -3.106 -2.951 -2.826 -2.742 
-2.709 -2.765 -2.900 -3.053 -3.193 -3.312 -3.412 -3.495 -3.564 -3.620 
-3.666 -3.703 -3.730 -3.750 -3.762 -3.766 -3.763 -3.753 -3.736 -3.711 
-3.679 -3.639 -3.590 -3.534 -3.473 -3.408 -3.347 -3.299 -3.275 -3.281 
-3.315 -3.368 -3.430 -3.496 -3.565 -3.636 -3.710 -3.785 -3.859 -3.931 
-3.897 
-3.284 -3.363 -3.408 -3.450 -3.488 -3.523 -3.554 -3.582 -3.607 -3.629 
-3.648 -3.665 -3.680 -3.692 -3.701 -3.709 -3.715 -3.718 -3.720 -3.720 
-3.719 -3.716 -3.711 -3.705 -3.698 -3.689 -3.679 -3.667 -3.655 -3.641 
-3.626 -3.610 -3.592 -3.573 -3.551 -3.528 -3.503 -3.474 -3.442 -3.405 
-3.362 -3.311 -3.251 -3.179 -3.092 -2.986 -2.857 -2.704 -2.535 -2.376 
-2.278 -2.291 -2.399 -2.547 -2.687 -2.803 -2.894 -2.964 -3.016 -3.053 
-3.079 -3.094 -3.102 -3.103 -3.099 -3.090 -3.078 -3.063 -3.047 -3.031 
-3.014 -2.999 -2.986 -2.975 -2.966 -2.958 -2.952 -2.946 -2.941 -2.940 
-2.941 -2.947 -2.960 -2.982 -3.013 -3.054 -3.102 -3.154 -3.209 -3.262 
-3.269 
-2.744 -2.779 -2.809 -2.838 -2.863 -2.887 -2.908 -2.926 -2.943 -2.958 
-2.970 -2.981 -2.990 -2.997 -3.002 -3.006 -3.008 -3.008 -3.007 -3.005 
-3.001 -2.996 -2.990 -2.983 -2.974 -2.965 -2.955 -2.943 -2.932 -2.919 
-2.906 -2.892 -2.879 -2.864 -2.850 -2.835 -2.820 -2.806 -2.791 -2.777 
-2.763 -2.749 -2.736 -2.722 -2.708 -2.693 -2.675 -2.651 -2.618 -2.574 
-2.535 -2.534 -2.563 -2.588 -2.601 -2.605 -2.602 -2.594 -2.582 -2.568 
-2.551 -2.532 -2.511 -2.488 -2.463 -2.438 -2.412 -2.386 -2.361 -2.337 
-2.316 -2.297 -2.282 -2.272 -2.265 -2.264 -2.267 -2.276 -2.291 -2.313 
-2.341 -2.376 -2.415 -2.457 -2.501 -2.545 -2.589 -2.632 -2.672 -2.710 
-2.736 
-2.515 -2.528 -2.567 -2.602 -2.633 -2.661 -2.685 -2.706 -2.723 -2.736 
-2.746 -2.753 -2.757 -2.758 -2.755 -2.750 -2.742 -2.733 -2.721 -2.709 
-2.696 -2.683 -2.672 -2.662 -2.653 -2.646 -2.640 -2.634 -2.629 -2.622 
-2.615 -2.606 -2.595 -2.582 -2.568 -2.551 -2.534 -2.515 -2.496 -2.477 
-2.458 -2.441 -2.425 -2.411 -2.399 -2.389 -2.382 -2.376 -2.372 -2.369 
-2.366 -2.363 -2.359 -2.353 -2.345 -2.333 -2.318 -2.299 -2.276 -2.250 
-2.221 -2.193 -2.170 -2.154 -2.148 -2.149 -2.154 -2.157 -2.156 -2.148 
-2.133 -2.112 -2.086 -2.058 -2.028 -1.999 -1.975 -1.959 -1.954 -1.961 
-1.983 -2.016 -2.060 -2.112 -2.167 -2.224 -2.281 -2.337 -2.389 -2.439 
-2.495 
-2.629 -2.642 -2.647 -2.649 -2.648 -2.643 -2.635 -2.623 -2.608 -2.591 
-2.570 -2.547 -2.521 -2.493 -2.464 -2.433 -2.402 -2.370 -2.340 -2.311 
-2.285 -2.263 -2.246 -2.235 -2.229 -2.229 -2.234 -2.244 -2.257 -2.272 
-2.288 -2.303 -2.318 -2.330 -2.338 -2.342 -2.340 -2.330 -2.309 -2.276 
-2.224 -2.149 -2.051 -1.945 -1.877 -1.891 -1.963 -2.041 -2.101 -2.139 
-2.157 -2.160 -2.150 -2.130 -2.101 -2.063 -2.018 -1.967 -1.912 -1.855 
-1.799 -1.752 -1.718 -1.703 -1.710 -1.739 -1.784 -1.838 -1.894 -1.949 
-1.999 -2.043 -2.083 -2.120 -2.154 -2.187 -2.219 -2.249 -2.279 -2.311 
-2.344 -2.380 -2.418 -2.455 -2.490 -2.523 -2.553 -2.579 -2.601 -2.618 
-2.629 
-2.622 -2.694 -2.712 -2.729 -2.743 -2.756 -2.766 -2.774 -2.780 -2.784 
-2.786 -2.785 -2.782 -2.777 -2.770 -2.761 -2.749 -2.736 -2.722 -2.706 
-2.691 -2.675 -2.660 -2.646 -2.633 -2.620 -2.608 -2.594 -2.578 -2.558 
-2.535 -2.505 -2.470 -2.426 -2.374 -2.312 -2.238 -2.151 -2.049 -1.930 
-1.790 -1.633 -1.467 -1.322 -1.243 -1.258 -1.348 -1.467 -1.576 -1.658 
-1.708 -1.726 -1.711 -1.666 -1.599 -1.523 -1.464 -1.448 -1.483 -1.551 
-1.626 -1.692 -1.745 -1.786 -1.818 -1.844 -1.864 -1.876 -1.881 -1.881 
-1.879 -1.880 -1.888 -1.908 -1.941 -1.987 -2.041 -2.102 -2.165 -2.227 
-2.286 -2.342 -2.394 -2.442 -2.485 -2.525 -2.561 -2.593 -2.622 -2.649 
-2.616 
-2.040 -2.077 -2.088 -2.098 -2.108 -2.117 -2.125 -2.133 -2.140 -2.147 
-2.154 -2.160 -2.166 -2.171 -2.176 -2.181 -2.185 -2.189 -2.192 -2.195 
-2.197 -2.198 -2.199 -2.198 -2.197 -2.195 -2.191 -2.186 -2.180 -2.172 
-2.162 -2.150 -2.135 -2.119 -2.099 -2.076 -2.049 -2.019 -1.982 -1.939 
-1.887 -1.823 -1.746 -1.663 -1.598 -1.571 -1.563 -1.540 -1.497 -1.434 
-1.356 -1.263 -1.158 -1.043 -0.925 -0.818 -0.740 -0.706 -0.714 -0.729 
-0.702 -0.582 -0.375 -0.281 -0.476 -0.735 -0.946 -1.109 -1.237 -1.340 
-1.425 -1.496 -1.558 -1.612 -1.662 -1.707 -1.748 -1.787 -1.822 -1.853 
-1.882 -1.908 -1.932 -1.954 -1.974 -1.992 -2.009 -2.025 -2.039 -2.053 
-2.037 
-1.610 -1.614 -1.623 -1.631 -1.637 -1.642 -1.646 -1.650 -1.652 -1.655 
-1.656 -1.657 -1.658 -1.659 -1.660 -1.660 -1.660 -1.661 -1.661 -1.661 
-1.660 -1.660 -1.658 -1.657 -1.654 -1.651 -1.647 -1.641 -1.635 -1.627 
-1.618 -1.607 -1.595 -1.581 -1.566 -1.549 -1.531 -1.511 -1.489 -1.465 
-1.441 -1.414 -1.385 -1.355 -1.323 -1.288 -1.251 -1.211 -1.167 -1.119 
-1.067 -1.009 -0.944 -0.871 -0.790 -0.700 -0.603 -0.496 -0.372 -0.217 
-0.019 0.223 0.458 0.569 0.469 0.230 -0.022 -0.238 -0.416 -0.566 
-0.694 -0.804 -0.901 -0.986 -1.061 -1.129 -1.189 -1.244 -1.293 -1.337 
-1.377 -1.413 -1.445 -1.474 -1.500 -1.523 -1.543 -1.562 -1.578 -1.592 
-1.607 
-1.471 -1.472 -1.488 -1.503 -1.515 -1.525 -1.533 -1.539 -1.543 -1.546 
-1.547 -1.546 -1.544 -1.539 -1.534 -1.526 -1.517 -1.506 -1.494 -1.480 
-1.464 -1.447 -1.428 -1.408 -1.386 -1.363 -1.338 -1.312 -1.284 -1.256 
-1.227 -1.198 -1.168 -1.138 -1.108 -1.078 -1.049 -1.020 -0.990 -0.961 
-0.932 -0.903 -0.873 -0.843 -0.811 -0.779 -0.745 -0.709 -0.672 -0.631 
-0.587 -0.539 -0.486 -0.427 -0.361 -0.286 -0.199 -0.098 0.021 0.165 
0.341 0.560 0.837 1.070 0.894 0.689 0.446 0.216 0.019 -0.150 
-0.295 -0.422 -0.534 -0.634 -0.724 -0.805 -0.880 -0.948 -1.010 -1.067 
-1.119 -1.167 -1.212 -1.252 -1.290 -1.324 -1.355 -1.384 -1.410 -1.433 
-1.463 
-1.518 -1.544 -1.554 -1.561 -1.567 -1.570 -1.572 -1.571 -1.569 -1.566 
-1.560 -1.553 -1.545 -1.534 -1.522 -1.508 -1.492 -1.474 -1.454 -1.431 
-1.407 -1.381 -1.353 -1.323 -1.291 -1.258 -1.224 -1.188 -1.153 -1.117 
-1.083 -1.049 -1.017 -0.988 -0.961 -0.938 -0.917 -0.899 -0.884 -0.871 
-0.859 -0.849 -0.838 -0.826 -0.813 -0.798 -0.780 -0.759 -0.735 -0.705 
-0.671 -0.630 -0.582 -0.525 -0.459 -0.380 -0.286 -0.171 -0.029 0.155 
0.409 0.795 1.199 1.385 1.058 0.582 0.240 -0.010 -0.207 -0.370 
-0.508 -0.628 -0.733 -0.826 -0.910 -0.985 -1.052 -1.114 -1.169 -1.220 
-1.266 -1.308 -1.345 -1.379 -1.410 -1.437 -1.462 -1.484 -1.502 -1.519 
-1.514 
-1.442 -1.431 -1.434 -1.436 -1.437 -1.439 -1.439 -1.440 -1.441 -1.442 
-1.443 -1.445 -1.447 -1.449 -1.452 -1.454 -1.457 -1.460 -1.462 -1.464 
-1.466 -1.466 -1.466 -1.464 -1.461 -1.457 -1.451 -1.443 -1.435 -1.424 
-1.413 -1.401 -1.388 -1.374 -1.361 -1.347 -1.334 -1.320 -1.307 -1.293 
-1.278 -1.261 -1.243 -1.223 -1.199 -1.172 -1.141 -1.105 -1.064 -1.018 
-0.964 -0.903 -0.832 -0.751 -0.657 -0.546 -0.413 -0.249 -0.040 0.245 
0.662 0.995 1.073 0.981 0.474 0.105 -0.148 -0.338 -0.491 -0.617 
-0.724 -0.817 -0.897 -0.968 -1.030 -1.085 -1.134 -1.177 -1.216 -1.250 
-1.280 -1.307 -1.330 -1.350 -1.368 -1.383 -1.395 -1.406 -1.414 -1.421 
-1.440 
-1.325 -1.386 -1.401 -1.417 -1.434 -1.449 -1.463 -1.475 -1.484 -1.491 
-1.496 -1.498 -1.498 -1.497 -1.494 -1.490 -1.485 -1.479 -1.472 -1.465 
-1.458 -1.450 -1.442 -1.434 -1.427 -1.419 -1.412 -1.405 -1.398 -1.391 
-1.384 -1.377 -1.369 -1.361 -1.352 -1.342 -1.331 -1.319 -1.305 -1.289 
-1.270 -1.250 -1.227 -1.200 -1.170 -1.137 -1.099 -1.057 -1.009 -0.955 
-0.893 -0.824 -0.744 -0.652 -0.544 -0.416 -0.261 -0.064 0.201 0.588 
0.977 1.132 0.977 0.567 0.172 -0.096 -0.296 -0.455 -0.586 -0.697 
-0.793 -0.876 -0.948 -1.012 -1.068 -1.117 -1.159 -1.197 -1.229 -1.256 
-1.279 -1.297 -1.312 -1.323 -1.332 -1.339 -1.344 -1.349 -1.355 -1.363 
-1.324 
-0.999 -0.986 -1.018 -1.058 -1.103 -1.151 -1.201 -1.252 -1.301 -1.349 
-1.394 -1.437 -1.476 -1.512 -1.545 -1.574 -1.601 -1.624 -1.644 -1.662 
-1.677 -1.690 -1.701 -1.709 -1.716 -1.721 -1.724 -1.726 -1.726 -1.725 
-1.722 -1.717 -1.711 -1.704 -1.694 -1.683 -1.670 -1.654 -1.636 -1.616 
-1.594 -1.568 -1.539 -1.507 -1.472 -1.433 -1.390 -1.342 -1.288 -1.230 
-1.164 -1.092 -1.010 -0.919 -0.814 -0.694 -0.554 -0.385 -0.174 0.107 
0.513 0.885 1.089 0.921 0.521 0.148 -0.100 -0.281 -0.422 -0.535 
-0.628 -0.704 -0.768 -0.820 -0.864 -0.899 -0.926 -0.947 -0.961 -0.971 
-0.975 -0.974 -0.970 -0.964 -0.955 -0.947 -0.940 -0.936 -0.937 -0.945 
-0.990 
-1.260 -1.300 -1.322 -1.347 -1.372 -1.397 -1.421 -1.445 -1.467 -1.487 
-1.506 -1.524 -1.540 -1.555 -1.568 -1.580 -1.590 -1.600 -1.608 -1.615 
-1.620 -1.625 -1.628 -1.630 -1.630 -1.629 -1.627 -1.623 -1.617 -1.611 
-1.602 -1.592 -1.580 -1.566 -1.551 -1.533 -1.514 -1.492 -1.468 -1.442 
-1.413 -1.382 -1.348 -1.311 -1.271 -1.228 -1.181 -1.130 -1.074 -1.014 
-0.948 -0.876 -0.797 -0.708 -0.609 -0.497 -0.368 -0.216 -0.033 0.196 
0.483 0.790 1.008 0.859 0.548 0.262 0.035 -0.147 -0.296 -0.422 
-0.529 -0.621 -0.703 -0.774 -0.838 -0.894 -0.944 -0.989 -1.029 -1.064 
-1.095 -1.123 -1.146 -1.167 -1.185 -1.201 -1.216 -1.230 -1.245 -1.261 
-1.256 
-1.662 -1.699 -1.721 -1.741 -1.760 -1.777 -1.793 -1.806 -1.819 -1.830 
-1.839 -1.848 -1.854 -1.859 -1.863 -1.865 -1.866 -1.865 -1.863 -1.860 
-1.854 -1.847 -1.839 -1.829 -1.817 -1.804 -1.789 -1.772 -1.753 -1.733 
-1.711 -1.687 -1.662 -1.634 -1.605 -1.574 -1.540 -1.505 -1.468 -1.430 
-1.389 -1.346 -1.301 -1.253 -1.204 -1.152 -1.097 -1.040 -0.980 -0.916 
-0.848 -0.776 -0.698 -0.614 -0.522 -0.420 -0.305 -0.174 -0.020 0.162 
0.381 0.629 0.824 0.811 0.613 0.362 0.127 -0.075 -0.246 -0.394 
-0.524 -0.639 -0.742 -0.835 -0.920 -0.998 -1.070 -1.137 -1.198 -1.255 
-1.308 -1.358 -1.404 -1.447 -1.487 -1.524 -1.558 -1.591 -1.621 -1.649 
-1.654 
-1.873 -1.900 -1.920 -1.937 -1.953 -1.967 -1.979 -1.988 -1.996 -2.002 
-2.006 -2.008 -2.008 -2.006 -2.003 -1.997 -1.990 -1.981 -1.970 -1.957 
-1.942 -1.925 -1.906 -1.885 -1.862 -1.837 -1.810 -1.781 -1.750 -1.716 
-1.681 -1.643 -1.602 -1.560 -1.517 -1.471 -1.426 -1.379 -1.334 -1.290 
-1.249 -1.210 -1.173 -1.138 -1.104 -1.070 -1.035 -0.997 -0.956 -0.911 
-0.862 -0.807 -0.745 -0.676 -0.598 -0.509 -0.406 -0.285 -0.139 0.041 
0.266 0.539 0.774 0.813 0.590 0.274 -0.004 -0.228 -0.412 -0.568 
-0.704 -0.823 -0.930 -1.027 -1.114 -1.195 -1.268 -1.337 -1.400 -1.458 
-1.512 -1.563 -1.609 -1.653 -1.693 -1.730 -1.765 -1.797 -1.826 -1.853 
-1.866 
-1.946 -1.950 -1.964 -1.975 -1.983 -1.990 -1.994 -1.996 -1.996 -1.993 
-1.988 -1.981 -1.972 -1.960 -1.946 -1.930 -1.911 -1.890 -1.866 -1.840 
-1.812 -1.780 -1.746 -1.709 -1.669 -1.626 -1.580 -1.531 -1.479 -1.423 
-1.364 -1.302 -1.236 -1.167 -1.093 -1.015 -0.929 -0.832 -0.717 -0.582 
-0.468 -0.458 -0.522 -0.581 -0.617 -0.636 -0.646 -0.648 -0.645 -0.635 
-0.618 -0.593 -0.559 -0.515 -0.459 -0.389 -0.301 -0.191 -0.053 0.120 
0.324 0.517 0.624 0.587 0.362 0.062 -0.193 -0.400 -0.573 -0.722 
-0.852 -0.967 -1.069 -1.162 -1.246 -1.323 -1.393 -1.457 -1.516 -1.571 
-1.621 -1.667 -1.709 -1.747 -1.783 -1.815 -1.844 -1.871 -1.895 -1.916 
-1.940 
-2.091 -2.126 -2.139 -2.150 -2.159 -2.164 -2.168 -2.169 -2.167 -2.163 
-2.157 -2.148 -2.137 -2.123 -2.106 -2.087 -2.065 -2.041 -2.013 -1.982 
-1.949 -1.912 -1.871 -1.827 -1.779 -1.726 -1.669 -1.606 -1.539 -1.464 
-1.383 -1.293 -1.194 -1.083 -0.958 -0.815 -0.649 -0.456 -0.237 -0.016 
0.148 0.201 0.129 -0.036 -0.206 -0.344 -0.450 -0.531 -0.590 -0.631 
-0.657 -0.669 -0.667 -0.651 -0.622 -0.578 -0.516 -0.435 -0.329 -0.193 
-0.020 0.187 0.397 0.546 0.490 0.205 -0.132 -0.404 -0.619 -0.796 
-0.946 -1.076 -1.190 -1.292 -1.384 -1.467 -1.543 -1.612 -1.675 -1.732 
-1.785 -1.833 -1.878 -1.918 -1.955 -1.988 -2.019 -2.046 -2.070 -2.091 
-2.086 
-2.033 -2.034 -2.048 -2.059 -2.067 -2.074 -2.077 -2.079 -2.078 -2.074 
-2.068 -2.060 -2.049 -2.035 -2.019 -2.000 -1.979 -1.955 -1.928 -1.898 
-1.864 -1.828 -1.788 -1.744 -1.696 -1.644 -1.587 -1.525 -1.458 -1.384 
-1.304 -1.215 -1.118 -1.009 -0.888 -0.750 -0.593 -0.412 -0.200 0.043 
0.289 0.464 0.494 0.386 0.218 0.046 -0.099 -0.212 -0.297 -0.360 
-0.403 -0.429 -0.440 -0.435 -0.415 -0.379 -0.327 -0.256 -0.167 -0.061 
0.053 0.153 0.214 0.246 0.154 -0.059 -0.247 -0.423 -0.590 -0.743 
-0.879 -1.001 -1.110 -1.208 -1.297 -1.378 -1.452 -1.520 -1.583 -1.640 
-1.692 -1.740 -1.784 -1.825 -1.862 -1.895 -1.925 -1.953 -1.977 -1.999 
-2.027 
-2.059 -2.087 -2.105 -2.121 -2.135 -2.145 -2.154 -2.159 -2.163 -2.164 
-2.162 -2.158 -2.152 -2.143 -2.132 -2.118 -2.101 -2.082 -2.060 -2.036 
-2.008 -1.977 -1.943 -1.906 -1.865 -1.821 -1.772 -1.719 -1.661 -1.598 
-1.529 -1.454 -1.371 -1.279 -1.178 -1.065 -0.936 -0.790 -0.620 -0.421 
-0.191 0.040 0.193 0.256 0.219 0.097 -0.038 -0.148 -0.235 -0.308 
-0.369 -0.417 -0.450 -0.469 -0.474 -0.463 -0.438 -0.397 -0.340 -0.269 
-0.189 -0.115 -0.066 -0.044 -0.026 -0.024 -0.079 -0.203 -0.369 -0.543 
-0.707 -0.855 -0.987 -1.106 -1.212 -1.309 -1.396 -1.476 -1.549 -1.616 
-1.677 -1.733 -1.785 -1.832 -1.876 -1.916 -1.952 -1.985 -2.015 -2.042 
-2.052 
-1.989 -2.002 -2.021 -2.036 -2.050 -2.061 -2.069 -2.076 -2.080 -2.081 
-2.081 -2.078 -2.073 -2.066 -2.056 -2.044 -2.030 -2.013 -1.994 -1.973 
-1.948 -1.921 -1.891 -1.859 -1.823 -1.784 -1.742 -1.697 -1.647 -1.594 
-1.536 -1.474 -1.407 -1.334 -1.256 -1.170 -1.077 -0.976 -0.864 -0.741 
-0.603 -0.449 -0.280 -0.131 -0.044 0.015 0.066 0.093 0.088 0.059 
0.019 -0.021 -0.052 -0.071 -0.077 -0.067 -0.041 -0.001 0.052 0.113 
0.168 0.198 0.184 0.120 0.023 -0.091 -0.219 -0.364 -0.513 -0.654 
-0.784 -0.903 -1.011 -1.110 -1.201 -1.284 -1.361 -1.432 -1.498 -1.559 
-1.615 -1.667 -1.715 -1.759 -1.800 -1.838 -1.872 -1.904 -1.932 -1.958 
-1.982 
-1.951 -1.971 -1.991 -2.009 -2.025 -2.038 -2.049 -2.057 -2.063 -2.067 
-2.068 -2.067 -2.064 -2.059 -2.051 -2.041 -2.028 -2.013 -1.996 -1.976 
-1.954 -1.929 -1.901 -1.870 -1.836 -1.800 -1.760 -1.716 -1.669 -1.619 
-1.564 -1.505 -1.441 -1.372 -1.298 -1.218 -1.132 -1.040 -0.940 -0.832 
-0.718 -0.598 -0.475 -0.353 -0.241 -0.146 -0.080 -0.049 -0.058 -0.095 
-0.144 -0.191 -0.230 -0.258 -0.273 -0.276 -0.266 -0.243 -0.207 -0.162 
-0.111 -0.066 -0.040 -0.039 -0.068 -0.127 -0.215 -0.322 -0.440 -0.560 
-0.679 -0.794 -0.903 -1.006 -1.101 -1.190 -1.273 -1.349 -1.420 -1.486 
-1.547 -1.603 -1.655 -1.703 -1.748 -1.789 -1.827 -1.861 -1.893 -1.921 
-1.943 
-1.926 -1.949 -1.974 -1.997 -2.017 -2.035 -2.050 -2.063 -2.073 -2.081 
-2.087 -2.090 -2.091 -2.090 -2.086 -2.080 -2.072 -2.061 -2.048 -2.032 
-2.014 -1.993 -1.970 -1.944 -1.915 -1.883 -1.848 -1.809 -1.767 -1.722 
-1.672 -1.619 -1.561 -1.498 -1.430 -1.357 -1.277 -1.190 -1.095 -0.992 
-0.879 -0.757 -0.624 -0.481 -0.332 -0.186 -0.060 0.018 0.029 -0.020 
-0.101 -0.188 -0.268 -0.334 -0.387 -0.425 -0.450 -0.463 -0.465 -0.455 
-0.436 -0.408 -0.377 -0.347 -0.326 -0.320 -0.329 -0.358 -0.407 -0.477 
-0.564 -0.661 -0.763 -0.865 -0.965 -1.060 -1.150 -1.234 -1.313 -1.387 
-1.456 -1.520 -1.579 -1.634 -1.686 -1.733 -1.777 -1.818 -1.855 -1.889 
-1.916 
-1.929 -1.947 -1.973 -1.997 -2.018 -2.037 -2.054 -2.068 -2.079 -2.089 
-2.096 -2.100 -2.103 -2.103 -2.101 -2.096 -2.089 -2.080 -2.069 -2.055 
-2.038 -2.020 -1.998 -1.974 -1.947 -1.918 -1.885 -1.850 -1.811 -1.769 
-1.723 -1.674 -1.621 -1.563 -1.501 -1.434 -1.362 -1.285 -1.202 -1.112 
-1.017 -0.915 -0.808 -0.696 -0.583 -0.473 -0.375 -0.307 -0.282 -0.299 
-0.343 -0.398 -0.454 -0.505 -0.549 -0.585 -0.613 -0.632 -0.644 -0.648 
-0.646 -0.637 -0.624 -0.608 -0.591 -0.578 -0.572 -0.578 -0.600 -0.640 
-0.696 -0.763 -0.840 -0.921 -1.003 -1.086 -1.166 -1.243 -1.317 -1.387 
-1.453 -1.516 -1.574 -1.629 -1.680 -1.727 -1.772 -1.813 -1.850 -1.885 
-1.919 
-1.999 -2.041 -2.072 -2.101 -2.126 -2.149 -2.169 -2.187 -2.202 -2.214 
-2.224 -2.232 -2.237 -2.240 -2.241 -2.239 -2.235 -2.228 -2.219 -2.208 
-2.194 -2.178 -2.159 -2.137 -2.113 -2.086 -2.056 -2.022 -1.986 -1.947 
-1.903 -1.857 -1.806 -1.751 -1.691 -1.626 -1.556 -1.481 -1.398 -1.309 
-1.213 -1.108 -0.994 -0.872 -0.742 -0.607 -0.475 -0.358 -0.273 -0.238 
-0.258 -0.322 -0.402 -0.480 -0.550 -0.607 -0.653 -0.686 -0.709 -0.722 
-0.725 -0.720 -0.707 -0.688 -0.665 -0.641 -0.621 -0.609 -0.613 -0.635 
-0.676 -0.733 -0.801 -0.873 -0.949 -1.029 -1.113 -1.199 -1.286 -1.370 
-1.451 -1.527 -1.598 -1.664 -1.725 -1.782 -1.835 -1.883 -1.928 -1.969 
-1.989 
-1.957 -1.980 -2.020 -2.056 -2.090 -2.120 -2.146 -2.170 -2.192 -2.210 
-2.226 -2.239 -2.249 -2.257 -2.262 -2.265 -2.266 -2.264 -2.259 -2.252 
-2.242 -2.230 -2.216 -2.198 -2.178 -2.155 -2.130 -2.101 -2.069 -2.034 
-1.996 -1.954 -1.909 -1.859 -1.805 -1.746 -1.683 -1.614 -1.539 -1.457 
-1.368 -1.271 -1.165 -1.048 -0.918 -0.776 -0.621 -0.461 -0.319 -0.229 
-0.223 -0.295 -0.405 -0.518 -0.619 -0.702 -0.770 -0.824 -0.865 -0.896 
-0.917 -0.929 -0.935 -0.933 -0.926 -0.913 -0.897 -0.879 -0.859 -0.840 
-0.820 -0.800 -0.782 -0.774 -0.783 -0.816 -0.874 -0.952 -1.043 -1.139 
-1.236 -1.330 -1.419 -1.502 -1.579 -1.651 -1.718 -1.779 -1.836 -1.888 
-1.938 
-1.952 -2.003 -2.030 -2.055 -2.077 -2.097 -2.114 -2.129 -2.142 -2.152 
-2.160 -2.166 -2.170 -2.171 -2.171 -2.168 -2.163 -2.155 -2.146 -2.134 
-2.120 -2.103 -2.085 -2.063 -2.040 -2.013 -1.984 -1.953 -1.918 -1.881 
-1.840 -1.797 -1.750 -1.700 -1.646 -1.589 -1.528 -1.464 -1.396 -1.324 
-1.249 -1.171 -1.091 -1.010 -0.929 -0.850 -0.773 -0.698 -0.628 -0.575 
-0.563 -0.587 -0.620 -0.651 -0.677 -0.698 -0.717 -0.732 -0.746 -0.759 
-0.770 -0.782 -0.794 -0.808 -0.825 -0.846 -0.870 -0.898 -0.929 -0.961 
-0.994 -1.025 -1.057 -1.089 -1.128 -1.175 -1.233 -1.298 -1.366 -1.435 
-1.501 -1.564 -1.624 -1.679 -1.731 -1.779 -1.824 -1.866 -1.904 -1.940 
-1.946 
-1.806 -1.808 -1.840 -1.870 -1.898 -1.923 -1.946 -1.966 -1.985 -2.001 
-2.015 -2.027 -2.037 -2.044 -2.050 -2.053 -2.054 -2.053 -2.050 -2.045 
-2.037 -2.027 -2.015 -2.001 -1.984 -1.964 -1.943 -1.918 -1.891 -1.860 
-1.827 -1.791 -1.752 -1.710 -1.665 -1.618 -1.568 -1.517 -1.466 -1.415 
-1.364 -1.314 -1.264 -1.212 -1.159 -1.103 -1.047 -0.992 -0.939 -0.888 
-0.841 -0.798 -0.761 -0.729 -0.705 -0.688 -0.679 -0.676 -0.678 -0.684 
-0.692 -0.701 -0.710 -0.720 -0.728 -0.736 -0.743 -0.748 -0.752 -0.759 
-0.774 -0.804 -0.849 -0.902 -0.959 -1.016 -1.074 -1.132 -1.191 -1.248 
-1.305 -1.361 -1.415 -1.467 -1.518 -1.566 -1.613 -1.656 -1.698 -1.737 
-1.791 
-2.007 -2.056 -2.085 -2.112 -2.135 -2.156 -2.174 -2.189 -2.201 -2.211 
-2.218 -2.222 -2.224 -2.223 -2.220 -2.214 -2.205 -2.194 -2.180 -2.163 
-2.143 -2.120 -2.094 -2.065 -2.033 -1.997 -1.958 -1.916 -1.869 -1.820 
-1.766 -1.709 -1.649 -1.586 -1.521 -1.456 -1.393 -1.334 -1.283 -1.243 
-1.215 -1.200 -1.196 -1.201 -1.209 -1.218 -1.224 -1.224 -1.218 -1.207 
-1.195 -1.183 -1.174 -1.167 -1.161 -1.157 -1.154 -1.150 -1.144 -1.136 
-1.123 -1.104 -1.079 -1.044 -1.000 -0.944 -0.878 -0.802 -0.726 -0.665 
-0.639 -0.663 -0.733 -0.831 -0.940 -1.046 -1.147 -1.241 -1.330 -1.413 
-1.491 -1.564 -1.632 -1.696 -1.754 -1.809 -1.859 -1.906 -1.949 -1.988 
-1.999 
-2.149 -2.177 -2.218 -2.255 -2.289 -2.319 -2.346 -2.371 -2.392 -2.411 
-2.426 -2.439 -2.449 -2.457 -2.462 -2.464 -2.464 -2.461 -2.455 -2.447 
-2.435 -2.421 -2.404 -2.384 -2.361 -2.335 -2.306 -2.273 -2.236 -2.196 
-2.152 -2.104 -2.051 -1.995 -1.935 -1.871 -1.803 -1.733 -1.661 -1.586 
-1.509 -1.432 -1.362 -1.311 -1.283 -1.264 -1.238 -1.200 -1.156 -1.114 
-1.084 -1.072 -1.080 -1.103 -1.136 -1.174 -1.211 -1.244 -1.272 -1.293 
-1.307 -1.312 -1.309 -1.297 -1.276 -1.245 -1.203 -1.153 -1.095 -1.038 
-0.994 -0.974 -0.981 -1.012 -1.055 -1.106 -1.164 -1.231 -1.306 -1.385 
-1.468 -1.551 -1.631 -1.709 -1.782 -1.852 -1.917 -1.977 -2.033 -2.085 
-2.131 
-2.275 -2.321 -2.357 -2.388 -2.417 -2.442 -2.464 -2.483 -2.499 -2.512 
-2.522 -2.530 -2.534 -2.536 -2.536 -2.532 -2.526 -2.517 -2.506 -2.491 
-2.474 -2.453 -2.429 -2.402 -2.372 -2.338 -2.300 -2.258 -2.212 -2.161 
-2.106 -2.044 -1.977 -1.902 -1.821 -1.731 -1.631 -1.522 -1.403 -1.274 
-1.142 -1.018 -0.921 -0.871 -0.879 -0.934 -1.012 -1.093 -1.165 -1.225 
-1.273 -1.315 -1.354 -1.391 -1.425 -1.454 -1.477 -1.494 -1.502 -1.503 
-1.496 -1.480 -1.455 -1.421 -1.377 -1.321 -1.254 -1.175 -1.084 -0.986 
-0.892 -0.822 -0.797 -0.825 -0.903 -1.018 -1.149 -1.280 -1.402 -1.515 
-1.619 -1.714 -1.801 -1.881 -1.955 -2.022 -2.084 -2.140 -2.192 -2.239 
-2.264 
-2.223 -2.265 -2.302 -2.336 -2.366 -2.392 -2.416 -2.436 -2.454 -2.468 
-2.480 -2.489 -2.495 -2.498 -2.499 -2.497 -2.493 -2.485 -2.475 -2.463 
-2.447 -2.428 -2.407 -2.382 -2.355 -2.323 -2.289 -2.250 -2.208 -2.161 
-2.110 -2.053 -1.991 -1.924 -1.849 -1.768 -1.678 -1.581 -1.475 -1.362 
-1.246 -1.135 -1.043 -0.989 -0.983 -1.019 -1.083 -1.159 -1.236 -1.307 
-1.370 -1.424 -1.469 -1.506 -1.535 -1.557 -1.572 -1.580 -1.581 -1.575 
-1.563 -1.544 -1.517 -1.482 -1.438 -1.386 -1.323 -1.249 -1.163 -1.066 
-0.961 -0.854 -0.762 -0.710 -0.722 -0.806 -0.940 -1.090 -1.238 -1.373 
-1.495 -1.605 -1.704 -1.793 -1.874 -1.947 -2.013 -2.073 -2.128 -2.178 
-2.209 
-2.032 -2.064 -2.098 -2.130 -2.158 -2.185 -2.209 -2.231 -2.251 -2.269 
-2.284 -2.297 -2.309 -2.318 -2.325 -2.329 -2.332 -2.332 -2.330 -2.326 
-2.319 -2.310 -2.299 -2.285 -2.270 -2.251 -2.230 -2.207 -2.181 -2.153 
-2.122 -2.088 -2.051 -2.012 -1.969 -1.924 -1.875 -1.822 -1.766 -1.706 
-1.642 -1.578 -1.519 -1.474 -1.450 -1.445 -1.449 -1.456 -1.461 -1.464 
-1.465 -1.463 -1.458 -1.451 -1.441 -1.428 -1.411 -1.391 -1.369 -1.346 
-1.323 -1.300 -1.278 -1.253 -1.225 -1.190 -1.148 -1.098 -1.040 -0.979 
-0.918 -0.864 -0.828 -0.820 -0.851 -0.923 -1.021 -1.126 -1.232 -1.332 
-1.425 -1.512 -1.591 -1.663 -1.730 -1.790 -1.846 -1.897 -1.944 -1.987 
-2.019 
-1.873 -1.895 -1.924 -1.952 -1.980 -2.006 -2.032 -2.057 -2.082 -2.105 
-2.128 -2.149 -2.169 -2.188 -2.206 -2.222 -2.237 -2.250 -2.261 -2.271 
-2.279 -2.286 -2.291 -2.293 -2.294 -2.293 -2.290 -2.285 -2.277 -2.268 
-2.256 -2.242 -2.226 -2.207 -2.186 -2.163 -2.137 -2.109 -2.078 -2.045 
-2.010 -1.972 -1.933 -1.891 -1.847 -1.801 -1.752 -1.702 -1.650 -1.598 
-1.548 -1.502 -1.458 -1.416 -1.372 -1.325 -1.275 -1.224 -1.177 -1.138 
-1.111 -1.099 -1.102 -1.118 -1.143 -1.173 -1.204 -1.232 -1.254 -1.269 
-1.277 -1.283 -1.292 -1.311 -1.343 -1.384 -1.427 -1.468 -1.503 -1.532 
-1.557 -1.580 -1.605 -1.633 -1.664 -1.698 -1.733 -1.767 -1.801 -1.834 
-1.865 
-1.823 -1.865 -1.920 -1.971 -2.021 -2.067 -2.111 -2.152 -2.191 -2.227 
-2.261 -2.292 -2.320 -2.346 -2.369 -2.389 -2.408 -2.423 -2.436 -2.447 
-2.455 -2.461 -2.464 -2.465 -2.463 -2.459 -2.452 -2.443 -2.430 -2.415 
-2.397 -2.377 -2.353 -2.326 -2.295 -2.261 -2.223 -2.182 -2.136 -2.086 
-2.031 -1.972 -1.907 -1.837 -1.763 -1.684 -1.602 -1.520 -1.441 -1.370 
-1.313 -1.275 -1.256 -1.250 -1.252 -1.257 -1.269 -1.295 -1.332 -1.371 
-1.407 -1.439 -1.471 -1.502 -1.533 -1.562 -1.587 -1.608 -1.623 -1.632 
-1.635 -1.632 -1.622 -1.606 -1.584 -1.556 -1.524 -1.489 -1.453 -1.419 
-1.394 -1.380 -1.383 -1.405 -1.443 -1.494 -1.554 -1.618 -1.683 -1.746 
-1.798 
-1.866 -1.875 -1.901 -1.932 -1.966 -2.002 -2.041 -2.080 -2.118 -2.156 
-2.193 -2.228 -2.261 -2.291 -2.319 -2.345 -2.369 -2.390 -2.408 -2.425 
-2.439 -2.452 -2.462 -2.470 -2.476 -2.480 -2.482 -2.482 -2.480 -2.475 
-2.468 -2.459 -2.447 -2.432 -2.414 -2.393 -2.369 -2.341 -2.309 -2.274 
-2.234 -2.189 -2.140 -2.085 -2.025 -1.959 -1.887 -1.809 -1.726 -1.640 
-1.550 -1.456 -1.358 -1.253 -1.151 -1.068 -1.029 -1.044 -1.107 -1.194 
-1.285 -1.367 -1.434 -1.486 -1.526 -1.561 -1.598 -1.638 -1.680 -1.722 
-1.759 -1.790 -1.813 -1.830 -1.839 -1.842 -1.838 -1.829 -1.815 -1.800 
-1.785 -1.774 -1.768 -1.768 -1.774 -1.783 -1.794 -1.806 -1.819 -1.834 
-1.862 
-2.166 -2.198 -2.212 -2.225 -2.239 -2.251 -2.263 -2.274 -2.284 -2.292 
-2.299 -2.304 -2.309 -2.312 -2.315 -2.317 -2.319 -2.320 -2.322 -2.324 
-2.326 -2.328 -2.330 -2.332 -2.335 -2.337 -2.340 -2.342 -2.344 -2.345 
-2.346 -2.346 -2.345 -2.343 -2.339 -2.334 -2.328 -2.319 -2.309 -2.297 
-2.282 -2.265 -2.246 -2.224 -2.199 -2.170 -2.138 -2.102 -2.060 -2.013 
-1.959 -1.897 -1.827 -1.747 -1.663 -1.586 -1.532 -1.509 -1.500 -1.487 
-1.457 -1.413 -1.360 -1.308 -1.268 -1.247 -1.252 -1.282 -1.330 -1.389 
-1.453 -1.519 -1.585 -1.649 -1.711 -1.770 -1.826 -1.876 -1.923 -1.964 
-2.000 -2.033 -2.060 -2.084 -2.104 -2.121 -2.136 -2.149 -2.162 -2.173 
-2.163 
-2.328 -2.376 -2.404 -2.430 -2.453 -2.474 -2.492 -2.509 -2.523 -2.536 
-2.547 -2.556 -2.563 -2.569 -2.574 -2.577 -2.579 -2.580 -2.580 -2.578 
-2.576 -2.572 -2.568 -2.562 -2.555 -2.547 -2.538 -2.528 -2.517 -2.504 
-2.490 -2.475 -2.458 -2.440 -2.421 -2.401 -2.380 -2.358 -2.334 -2.310 
-2.285 -2.260 -2.234 -2.207 -2.180 -2.153 -2.125 -2.098 -2.070 -2.041 
-2.013 -1.984 -1.954 -1.923 -1.891 -1.858 -1.823 -1.786 -1.746 -1.704 
-1.658 -1.611 -1.562 -1.513 -1.467 -1.428 -1.397 -1.375 -1.360 -1.354 
-1.358 -1.374 -1.403 -1.444 -1.494 -1.551 -1.614 -1.679 -1.745 -1.810 
-1.873 -1.934 -1.993 -2.048 -2.100 -2.148 -2.194 -2.236 -2.275 -2.312 
-2.318 
-2.192 -2.202 -2.237 -2.270 -2.300 -2.328 -2.353 -2.377 -2.398 -2.417 
-2.434 -2.449 -2.462 -2.473 -2.482 -2.490 -2.495 -2.499 -2.502 -2.502 
-2.502 -2.499 -2.495 -2.490 -2.483 -2.475 -2.465 -2.454 -2.442 -2.428 
-2.413 -2.398 -2.381 -2.363 -2.344 -2.324 -2.303 -2.281 -2.259 -2.236 
-2.212 -2.188 -2.163 -2.138 -2.112 -2.085 -2.059 -2.032 -2.005 -1.978 
-1.952 -1.926 -1.901 -1.877 -1.853 -1.830 -1.807 -1.783 -1.758 -1.731 
-1.702 -1.671 -1.637 -1.602 -1.564 -1.525 -1.484 -1.444 -1.405 -1.370 
-1.341 -1.319 -1.307 -1.306 -1.317 -1.342 -1.381 -1.431 -1.489 -1.554 
-1.620 -1.686 -1.751 -1.813 -1.872 -1.929 -1.982 -2.032 -2.079 -2.122 
-2.177 
-2.330 -2.384 -2.428 -2.470 -2.508 -2.543 -2.575 -2.605 -2.631 -2.655 
-2.677 -2.696 -2.713 -2.728 -2.740 -2.750 -2.759 -2.765 -2.769 -2.771 
-2.771 -2.769 -2.765 -2.759 -2.751 -2.741 -2.729 -2.715 -2.699 -2.682 
-2.662 -2.640 -2.616 -2.590 -2.562 -2.531 -2.498 -2.464 -2.426 -2.387 
-2.345 -2.301 -2.255 -2.207 -2.157 -2.107 -2.056 -2.005 -1.956 -1.910 
-1.868 -1.830 -1.798 -1.772 -1.752 -1.736 -1.724 -1.714 -1.705 -1.694 
-1.682 -1.667 -1.648 -1.626 -1.599 -1.568 -1.533 -1.495 -1.457 -1.418 
-1.381 -1.346 -1.316 -1.293 -1.281 -1.287 -1.314 -1.365 -1.436 -1.519 
-1.609 -1.700 -1.789 -1.874 -1.955 -2.030 -2.100 -2.166 -2.227 -2.283 
-2.314 
-2.425 -2.452 -2.492 -2.530 -2.565 -2.597 -2.627 -2.655 -2.680 -2.703 
-2.724 -2.743 -2.760 -2.775 -2.788 -2.799 -2.808 -2.815 -2.821 -2.824 
-2.826 -2.826 -2.824 -2.821 -2.815 -2.808 -2.799 -2.788 -2.776 -2.761 
-2.745 -2.727 -2.707 -2.685 -2.661 -2.636 -2.608 -2.578 -2.547 -2.513 
-2.478 -2.440 -2.401 -2.361 -2.319 -2.276 -2.232 -2.188 -2.145 -2.103 
-2.062 -2.023 -1.985 -1.948 -1.912 -1.876 -1.839 -1.801 -1.761 -1.719 
-1.674 -1.626 -1.576 -1.524 -1.470 -1.416 -1.364 -1.315 -1.274 -1.245 
-1.231 -1.232 -1.249 -1.278 -1.320 -1.375 -1.444 -1.523 -1.607 -1.694 
-1.779 -1.860 -1.938 -2.011 -2.079 -2.144 -2.204 -2.260 -2.313 -2.363 
-2.410 
-2.598 -2.653 -2.700 -2.742 -2.781 -2.817 -2.849 -2.878 -2.905 -2.929 
-2.950 -2.968 -2.984 -2.998 -3.009 -3.018 -3.025 -3.029 -3.032 -3.032 
-3.029 -3.025 -3.018 -3.010 -2.998 -2.985 -2.970 -2.952 -2.931 -2.909 
-2.884 -2.856 -2.826 -2.794 -2.759 -2.721 -2.681 -2.638 -2.593 -2.546 
-2.496 -2.445 -2.392 -2.339 -2.286 -2.233 -2.183 -2.136 -2.092 -2.054 
-2.022 -1.997 -1.979 -1.967 -1.960 -1.955 -1.952 -1.947 -1.939 -1.928 
-1.912 -1.891 -1.866 -1.834 -1.798 -1.756 -1.709 -1.659 -1.605 -1.550 
-1.494 -1.439 -1.388 -1.350 -1.339 -1.366 -1.429 -1.514 -1.606 -1.694 
-1.783 -1.881 -1.985 -2.087 -2.183 -2.270 -2.349 -2.422 -2.487 -2.548 
-2.583 
-2.607 -2.680 -2.747 -2.809 -2.865 -2.917 -2.964 -3.007 -3.046 -3.081 
-3.113 -3.142 -3.168 -3.190 -3.210 -3.226 -3.240 -3.252 -3.260 -3.266 
-3.270 -3.271 -3.269 -3.265 -3.258 -3.249 -3.237 -3.223 -3.206 -3.186 
-3.163 -3.138 -3.110 -3.078 -3.044 -3.007 -2.966 -2.922 -2.875 -2.824 
-2.770 -2.712 -2.650 -2.585 -2.517 -2.446 -2.373 -2.299 -2.227 -2.159 
-2.100 -2.053 -2.022 -2.008 -2.009 -2.022 -2.043 -2.068 -2.095 -2.120 
-2.144 -2.163 -2.177 -2.186 -2.188 -2.182 -2.170 -2.149 -2.119 -2.080 
-2.032 -1.976 -1.915 -1.856 -1.806 -1.766 -1.727 -1.678 -1.625 -1.588 
-1.595 -1.656 -1.760 -1.884 -2.010 -2.131 -2.242 -2.346 -2.440 -2.527 
-2.583 
-2.461 -2.505 -2.573 -2.638 -2.698 -2.754 -2.806 -2.854 -2.898 -2.939 
-2.976 -3.010 -3.041 -3.069 -3.094 -3.116 -3.136 -3.153 -3.167 -3.179 
-3.188 -3.194 -3.198 -3.200 -3.199 -3.196 -3.190 -3.182 -3.171 -3.157 
-3.141 -3.123 -3.101 -3.077 -3.050 -3.020 -2.987 -2.951 -2.912 -2.869 
-2.823 -2.773 -2.720 -2.663 -2.603 -2.539 -2.473 -2.406 -2.338 -2.271 
-2.208 -2.150 -2.098 -2.055 -2.020 -1.995 -1.981 -1.978 -1.985 -2.000 
-2.020 -2.044 -2.067 -2.089 -2.108 -2.123 -2.133 -2.138 -2.137 -2.130 
-2.116 -2.096 -2.069 -2.034 -1.991 -1.940 -1.880 -1.813 -1.746 -1.697 
-1.689 -1.726 -1.790 -1.863 -1.940 -2.022 -2.106 -2.190 -2.274 -2.354 
-2.433 
-2.482 -2.554 -2.620 -2.681 -2.737 -2.788 -2.835 -2.878 -2.917 -2.953 
-2.985 -3.014 -3.039 -3.062 -3.082 -3.099 -3.114 -3.125 -3.135 -3.141 
-3.145 -3.147 -3.146 -3.143 -3.137 -3.128 -3.117 -3.104 -3.088 -3.069 
-3.047 -3.023 -2.996 -2.966 -2.933 -2.897 -2.857 -2.815 -2.769 -2.720 
-2.667 -2.611 -2.552 -2.490 -2.427 -2.362 -2.299 -2.238 -2.183 -2.136 
-2.099 -2.074 -2.060 -2.055 -2.058 -2.065 -2.076 -2.090 -2.105 -2.120 
-2.134 -2.145 -2.154 -2.159 -2.160 -2.155 -2.146 -2.131 -2.109 -2.081 
-2.047 -2.004 -1.953 -1.893 -1.823 -1.741 -1.647 -1.546 -1.452 -1.394 
-1.400 -1.478 -1.602 -1.741 -1.877 -2.002 -2.117 -2.221 -2.316 -2.402 
-2.458 
-2.389 -2.437 -2.495 -2.549 -2.599 -2.646 -2.690 -2.730 -2.768 -2.802 
-2.833 -2.862 -2.887 -2.910 -2.931 -2.949 -2.964 -2.977 -2.988 -2.997 
-3.003 -3.007 -3.009 -3.008 -3.006 -3.001 -2.994 -2.985 -2.973 -2.960 
-2.944 -2.926 -2.906 -2.883 -2.858 -2.831 -2.801 -2.770 -2.735 -2.699 
-2.659 -2.618 -2.575 -2.529 -2.482 -2.433 -2.384 -2.334 -2.286 -2.239 
-2.196 -2.156 -2.120 -2.088 -2.058 -2.032 -2.008 -1.987 -1.968 -1.952 
-1.940 -1.931 -1.924 -1.918 -1.911 -1.902 -1.891 -1.876 -1.857 -1.835 
-1.809 -1.780 -1.748 -1.716 -1.685 -1.656 -1.632 -1.614 -1.604 -1.609 
-1.642 -1.706 -1.787 -1.870 -1.951 -2.029 -2.103 -2.176 -2.245 -2.312 
-2.369 
-2.371 -2.411 -2.479 -2.546 -2.610 -2.670 -2.728 -2.782 -2.832 -2.879 
-2.922 -2.962 -2.999 -3.032 -3.063 -3.091 -3.115 -3.137 -3.157 -3.174 
-3.188 -3.199 -3.208 -3.215 -3.219 -3.221 -3.220 -3.217 -3.212 -3.204 
-3.194 -3.181 -3.166 -3.149 -3.129 -3.106 -3.081 -3.053 -3.023 -2.990 
-2.954 -2.916 -2.875 -2.831 -2.785 -2.736 -2.686 -2.633 -2.578 -2.522 
-2.465 -2.407 -2.347 -2.287 -2.226 -2.165 -2.105 -2.049 -1.999 -1.961 
-1.937 -1.928 -1.932 -1.946 -1.966 -1.987 -2.006 -2.022 -2.033 -2.037 
-2.035 -2.026 -2.011 -1.992 -1.969 -1.948 -1.932 -1.925 -1.929 -1.942 
-1.959 -1.977 -1.994 -2.013 -2.037 -2.067 -2.107 -2.156 -2.213 -2.276 
-2.345 
-2.532 -2.623 -2.686 -2.745 -2.801 -2.852 -2.899 -2.942 -2.982 -3.019 
-3.052 -3.082 -3.109 -3.133 -3.154 -3.172 -3.188 -3.201 -3.212 -3.220 
-3.225 -3.228 -3.229 -3.227 -3.223 -3.216 -3.207 -3.196 -3.182 -3.166 
-3.147 -3.126 -3.102 -3.076 -3.047 -3.015 -2.981 -2.944 -2.905 -2.862 
-2.818 -2.770 -2.720 -2.669 -2.615 -2.560 -2.505 -2.449 -2.395 -2.343 
-2.294 -2.248 -2.206 -2.169 -2.134 -2.102 -2.073 -2.047 -2.027 -2.015 
-2.012 -2.016 -2.025 -2.034 -2.040 -2.041 -2.037 -2.025 -2.006 -1.979 
-1.944 -1.902 -1.854 -1.803 -1.753 -1.711 -1.687 -1.687 -1.714 -1.765 
-1.832 -1.904 -1.977 -2.049 -2.121 -2.194 -2.267 -2.342 -2.415 -2.487 
-2.517 
-2.446 -2.486 -2.560 -2.631 -2.696 -2.757 -2.813 -2.865 -2.914 -2.958 
-2.999 -3.036 -3.070 -3.100 -3.128 -3.153 -3.174 -3.193 -3.210 -3.223 
-3.234 -3.243 -3.249 -3.253 -3.254 -3.252 -3.248 -3.242 -3.233 -3.222 
-3.208 -3.192 -3.173 -3.151 -3.127 -3.100 -3.070 -3.038 -3.003 -2.964 
-2.923 -2.880 -2.833 -2.784 -2.732 -2.678 -2.621 -2.563 -2.502 -2.438 
-2.372 -2.303 -2.230 -2.154 -2.074 -1.995 -1.920 -1.858 -1.814 -1.795 
-1.798 -1.821 -1.855 -1.894 -1.933 -1.966 -1.994 -2.014 -2.027 -2.031 
-2.027 -2.015 -1.995 -1.969 -1.938 -1.905 -1.874 -1.850 -1.835 -1.828 
-1.827 -1.833 -1.849 -1.881 -1.929 -1.993 -2.069 -2.152 -2.238 -2.323 
-2.412 
-2.589 -2.658 -2.718 -2.773 -2.825 -2.872 -2.915 -2.955 -2.991 -3.024 
-3.053 -3.080 -3.103 -3.124 -3.142 -3.158 -3.170 -3.181 -3.188 -3.194 
-3.196 -3.197 -3.195 -3.191 -3.184 -3.175 -3.163 -3.149 -3.133 -3.114 
-3.093 -3.070 -3.044 -3.015 -2.984 -2.951 -2.915 -2.877 -2.836 -2.794 
-2.749 -2.703 -2.656 -2.609 -2.561 -2.515 -2.470 -2.428 -2.390 -2.356 
-2.325 -2.299 -2.276 -2.255 -2.234 -2.213 -2.191 -2.172 -2.157 -2.151 
-2.153 -2.162 -2.172 -2.181 -2.186 -2.186 -2.179 -2.167 -2.148 -2.122 
-2.090 -2.052 -2.009 -1.962 -1.913 -1.868 -1.830 -1.807 -1.803 -1.822 
-1.861 -1.916 -1.982 -2.054 -2.132 -2.212 -2.293 -2.373 -2.451 -2.524 
-2.571 
-2.670 -2.726 -2.788 -2.845 -2.898 -2.948 -2.994 -3.036 -3.075 -3.111 
-3.144 -3.174 -3.201 -3.225 -3.247 -3.266 -3.283 -3.297 -3.308 -3.318 
-3.325 -3.330 -3.332 -3.332 -3.330 -3.326 -3.319 -3.310 -3.299 -3.286 
-3.270 -3.252 -3.231 -3.209 -3.183 -3.156 -3.126 -3.093 -3.059 -3.022 
-2.982 -2.940 -2.897 -2.851 -2.804 -2.756 -2.707 -2.657 -2.608 -2.559 
-2.511 -2.465 -2.421 -2.379 -2.340 -2.306 -2.277 -2.256 -2.241 -2.234 
-2.231 -2.232 -2.233 -2.234 -2.233 -2.230 -2.223 -2.212 -2.197 -2.177 
-2.153 -2.124 -2.091 -2.054 -2.016 -1.978 -1.945 -1.920 -1.909 -1.916 
-1.941 -1.984 -2.044 -2.114 -2.193 -2.275 -2.358 -2.439 -2.517 -2.591 
-2.648 
-2.672 -2.727 -2.798 -2.864 -2.925 -2.982 -3.035 -3.084 -3.129 -3.171 
-3.209 -3.244 -3.276 -3.305 -3.330 -3.354 -3.374 -3.392 -3.407 -3.420 
-3.430 -3.438 -3.444 -3.447 -3.448 -3.446 -3.442 -3.436 -3.427 -3.415 
-3.402 -3.386 -3.367 -3.346 -3.322 -3.295 -3.265 -3.233 -3.198 -3.159 
-3.117 -3.072 -3.023 -2.971 -2.915 -2.855 -2.792 -2.724 -2.653 -2.579 
-2.504 -2.427 -2.352 -2.281 -2.216 -2.160 -2.116 -2.087 -2.074 -2.077 
-2.091 -2.113 -2.139 -2.165 -2.189 -2.209 -2.224 -2.234 -2.238 -2.235 
-2.226 -2.210 -2.188 -2.160 -2.126 -2.087 -2.046 -2.004 -1.967 -1.940 
-1.932 -1.949 -1.989 -2.051 -2.128 -2.215 -2.306 -2.397 -2.485 -2.570 
-2.644 
-2.674 -2.760 -2.834 -2.902 -2.965 -3.022 -3.075 -3.124 -3.169 -3.210 
-3.247 -3.281 -3.311 -3.339 -3.363 -3.385 -3.403 -3.419 -3.433 -3.443 
-3.451 -3.457 -3.460 -3.460 -3.458 -3.454 -3.447 -3.437 -3.425 -3.411 
-3.393 -3.373 -3.350 -3.325 -3.296 -3.264 -3.229 -3.191 -3.150 -3.105 
-3.056 -3.003 -2.946 -2.886 -2.821 -2.752 -2.680 -2.604 -2.527 -2.449 
-2.374 -2.304 -2.245 -2.198 -2.167 -2.152 -2.150 -2.160 -2.178 -2.203 
-2.231 -2.260 -2.287 -2.311 -2.330 -2.344 -2.352 -2.353 -2.347 -2.335 
-2.315 -2.287 -2.251 -2.207 -2.154 -2.093 -2.027 -1.958 -1.895 -1.849 
-1.834 -1.856 -1.913 -1.995 -2.092 -2.195 -2.301 -2.403 -2.502 -2.594 
-2.651 
-2.540 -2.592 -2.675 -2.752 -2.823 -2.888 -2.949 -3.004 -3.055 -3.103 
-3.146 -3.185 -3.221 -3.253 -3.283 -3.309 -3.332 -3.353 -3.370 -3.385 
-3.398 -3.407 -3.415 -3.419 -3.421 -3.421 -3.418 -3.413 -3.405 -3.395 
-3.382 -3.366 -3.348 -3.327 -3.304 -3.277 -3.248 -3.215 -3.180 -3.141 
-3.099 -3.053 -3.004 -2.951 -2.894 -2.834 -2.770 -2.702 -2.632 -2.559 
-2.486 -2.415 -2.348 -2.287 -2.237 -2.200 -2.176 -2.167 -2.171 -2.185 
-2.207 -2.233 -2.261 -2.288 -2.312 -2.331 -2.347 -2.356 -2.360 -2.358 
-2.349 -2.333 -2.311 -2.281 -2.244 -2.199 -2.147 -2.089 -2.028 -1.967 
-1.914 -1.876 -1.859 -1.875 -1.927 -2.007 -2.103 -2.205 -2.308 -2.408 
-2.505 
-2.683 -2.766 -2.860 -2.945 -3.023 -3.094 -3.160 -3.219 -3.274 -3.324 
-3.370 -3.412 -3.451 -3.485 -3.517 -3.545 -3.570 -3.593 -3.612 -3.629 
-3.643 -3.654 -3.663 -3.669 -3.673 -3.674 -3.673 -3.670 -3.664 -3.655 
-3.644 -3.630 -3.614 -3.595 -3.573 -3.548 -3.521 -3.491 -3.457 -3.421 
-3.381 -3.337 -3.290 -3.239 -3.184 -3.125 -3.062 -2.994 -2.922 -2.845 
-2.765 -2.682 -2.598 -2.516 -2.440 -2.375 -2.326 -2.295 -2.282 -2.285 
-2.301 -2.326 -2.356 -2.387 -2.416 -2.442 -2.463 -2.478 -2.486 -2.487 
-2.481 -2.466 -2.443 -2.411 -2.368 -2.315 -2.249 -2.171 -2.081 -1.985 
-1.895 -1.823 -1.783 -1.797 -1.875 -1.999 -2.144 -2.289 -2.425 -2.550 
-2.645 
-2.915 -3.021 -3.104 -3.179 -3.248 -3.311 -3.369 -3.422 -3.471 -3.515 
-3.555 -3.592 -3.626 -3.656 -3.683 -3.707 -3.728 -3.746 -3.762 -3.775 
-3.785 -3.793 -3.799 -3.801 -3.802 -3.800 -3.795 -3.788 -3.778 -3.766 
-3.751 -3.734 -3.714 -3.691 -3.665 -3.636 -3.604 -3.568 -3.530 -3.488 
-3.441 -3.391 -3.337 -3.278 -3.214 -3.145 -3.070 -2.989 -2.902 -2.809 
-2.711 -2.609 -2.506 -2.410 -2.328 -2.269 -2.239 -2.238 -2.259 -2.294 
-2.335 -2.377 -2.416 -2.451 -2.480 -2.503 -2.518 -2.526 -2.526 -2.517 
-2.499 -2.472 -2.433 -2.384 -2.322 -2.246 -2.155 -2.053 -1.949 -1.862 
-1.824 -1.850 -1.929 -2.041 -2.176 -2.321 -2.465 -2.598 -2.720 -2.830 
-2.892 
-2.759 -2.842 -2.923 -3.000 -3.071 -3.137 -3.198 -3.255 -3.307 -3.356 
-3.400 -3.441 -3.479 -3.513 -3.544 -3.572 -3.597 -3.619 -3.639 -3.656 
-3.670 -3.682 -3.692 -3.699 -3.703 -3.706 -3.705 -3.703 -3.698 -3.690 
-3.681 -3.669 -3.654 -3.637 -3.617 -3.595 -3.570 -3.542 -3.511 -3.478 
-3.441 -3.401 -3.358 -3.311 -3.261 -3.207 -3.149 -3.087 -3.021 -2.951 
-2.877 -2.799 -2.720 -2.642 -2.567 -2.502 -2.449 -2.409 -2.380 -2.362 
-2.353 -2.352 -2.358 -2.369 -2.383 -2.397 -2.409 -2.417 -2.420 -2.418 
-2.408 -2.392 -2.367 -2.334 -2.291 -2.240 -2.179 -2.110 -2.039 -1.975 
-1.936 -1.939 -1.983 -2.059 -2.154 -2.259 -2.364 -2.468 -2.568 -2.664 
-2.732 
-2.602 -2.634 -2.715 -2.794 -2.870 -2.942 -3.009 -3.072 -3.131 -3.186 
-3.237 -3.283 -3.327 -3.366 -3.402 -3.435 -3.465 -3.492 -3.516 -3.537 
-3.555 -3.570 -3.583 -3.593 -3.601 -3.606 -3.609 -3.609 -3.606 -3.601 
-3.593 -3.582 -3.569 -3.553 -3.535 -3.513 -3.489 -3.461 -3.431 -3.397 
-3.361 -3.321 -3.278 -3.232 -3.184 -3.134 -3.083 -3.030 -2.977 -2.924 
-2.870 -2.816 -2.759 -2.699 -2.637 -2.572 -2.508 -2.446 -2.391 -2.345 
-2.312 -2.294 -2.291 -2.299 -2.315 -2.335 -2.356 -2.374 -2.387 -2.393 
-2.391 -2.378 -2.355 -2.322 -2.289 -2.267 -2.265 -2.271 -2.272 -2.260 
-2.243 -2.228 -2.221 -2.224 -2.236 -2.258 -2.292 -2.341 -2.403 -2.475 
-2.568 
-2.941 -3.070 -3.136 -3.198 -3.256 -3.309 -3.357 -3.402 -3.442 -3.479 
-3.511 -3.540 -3.566 -3.588 -3.608 -3.624 -3.638 -3.648 -3.656 -3.661 
-3.663 -3.663 -3.660 -3.655 -3.647 -3.636 -3.622 -3.606 -3.587 -3.565 
-3.541 -3.513 -3.483 -3.450 -3.413 -3.374 -3.332 -3.286 -3.237 -3.186 
-3.131 -3.074 -3.016 -2.956 -2.896 -2.837 -2.782 -2.731 -2.687 -2.650 
-2.622 -2.602 -2.588 -2.579 -2.572 -2.567 -2.561 -2.554 -2.545 -2.536 
-2.528 -2.520 -2.513 -2.505 -2.494 -2.478 -2.455 -2.422 -2.379 -2.324 
-2.256 -2.176 -2.088 -2.000 -1.932 -1.907 -1.937 -2.011 -2.102 -2.192 
-2.273 -2.353 -2.432 -2.510 -2.583 -2.651 -2.718 -2.786 -2.857 -2.929 
-2.932 
-2.881 -2.931 -3.002 -3.067 -3.127 -3.182 -3.233 -3.280 -3.323 -3.362 
-3.398 -3.430 -3.460 -3.486 -3.509 -3.530 -3.548 -3.563 -3.576 -3.587 
-3.594 -3.600 -3.603 -3.604 -3.602 -3.598 -3.591 -3.582 -3.571 -3.557 
-3.541 -3.523 -3.502 -3.478 -3.451 -3.422 -3.391 -3.356 -3.319 -3.279 
-3.237 -3.191 -3.143 -3.093 -3.041 -2.987 -2.933 -2.878 -2.825 -2.773 
-2.723 -2.677 -2.634 -2.595 -2.561 -2.534 -2.512 -2.497 -2.488 -2.484 
-2.483 -2.484 -2.485 -2.485 -2.483 -2.478 -2.467 -2.452 -2.430 -2.401 
-2.364 -2.319 -2.264 -2.203 -2.141 -2.085 -2.040 -2.000 -1.962 -1.937 
-1.939 -1.977 -2.049 -2.147 -2.256 -2.369 -2.479 -2.583 -2.680 -2.771 
-2.851 
-2.821 -2.881 -2.954 -3.022 -3.084 -3.142 -3.194 -3.242 -3.287 -3.327 
-3.364 -3.397 -3.427 -3.455 -3.479 -3.500 -3.519 -3.535 -3.548 -3.559 
-3.568 -3.574 -3.577 -3.578 -3.577 -3.574 -3.568 -3.559 -3.549 -3.536 
-3.520 -3.503 -3.482 -3.460 -3.434 -3.407 -3.376 -3.343 -3.308 -3.270 
-3.229 -3.186 -3.141 -3.093 -3.043 -2.992 -2.939 -2.885 -2.831 -2.779 
-2.728 -2.681 -2.639 -2.605 -2.579 -2.563 -2.554 -2.553 -2.557 -2.563 
-2.571 -2.579 -2.586 -2.590 -2.592 -2.589 -2.583 -2.572 -2.556 -2.534 
-2.506 -2.472 -2.430 -2.381 -2.325 -2.262 -2.194 -2.122 -2.053 -1.994 
-1.956 -1.947 -1.981 -2.062 -2.172 -2.291 -2.407 -2.517 -2.619 -2.714 
-2.792 
-2.887 -2.962 -3.048 -3.126 -3.197 -3.261 -3.320 -3.374 -3.423 -3.467 
-3.508 -3.544 -3.577 -3.607 -3.633 -3.657 -3.677 -3.695 -3.709 -3.721 
-3.731 -3.737 -3.742 -3.743 -3.742 -3.739 -3.733 -3.724 -3.713 -3.699 
-3.683 -3.663 -3.642 -3.617 -3.589 -3.559 -3.525 -3.488 -3.447 -3.404 
-3.356 -3.305 -3.250 -3.191 -3.128 -3.060 -2.989 -2.915 -2.837 -2.759 
-2.682 -2.610 -2.548 -2.500 -2.471 -2.462 -2.470 -2.493 -2.524 -2.560 
-2.595 -2.628 -2.657 -2.682 -2.700 -2.713 -2.719 -2.719 -2.712 -2.698 
-2.677 -2.647 -2.609 -2.561 -2.502 -2.432 -2.349 -2.252 -2.140 -2.017 
-1.895 -1.807 -1.795 -1.878 -2.025 -2.194 -2.358 -2.508 -2.641 -2.760 
-2.851 
-2.961 -3.051 -3.138 -3.217 -3.289 -3.354 -3.413 -3.467 -3.517 -3.562 
-3.602 -3.639 -3.673 -3.703 -3.729 -3.753 -3.773 -3.791 -3.806 -3.818 
-3.827 -3.834 -3.838 -3.839 -3.838 -3.835 -3.828 -3.820 -3.808 -3.794 
-3.777 -3.758 -3.735 -3.710 -3.682 -3.650 -3.616 -3.578 -3.537 -3.492 
-3.443 -3.391 -3.334 -3.274 -3.209 -3.140 -3.067 -2.990 -2.912 -2.832 
-2.754 -2.682 -2.621 -2.574 -2.546 -2.538 -2.549 -2.573 -2.606 -2.643 
-2.680 -2.715 -2.746 -2.772 -2.792 -2.806 -2.814 -2.815 -2.808 -2.795 
-2.773 -2.744 -2.705 -2.656 -2.596 -2.523 -2.436 -2.332 -2.212 -2.081 
-1.956 -1.873 -1.874 -1.967 -2.118 -2.285 -2.447 -2.595 -2.728 -2.848 
-2.931 
-2.926 -2.985 -3.074 -3.154 -3.227 -3.293 -3.354 -3.409 -3.460 -3.506 
-3.548 -3.585 -3.620 -3.650 -3.677 -3.702 -3.723 -3.741 -3.756 -3.769 
-3.779 -3.786 -3.791 -3.793 -3.792 -3.789 -3.783 -3.775 -3.765 -3.751 
-3.735 -3.717 -3.695 -3.671 -3.644 -3.614 -3.582 -3.546 -3.507 -3.466 
-3.421 -3.373 -3.321 -3.267 -3.211 -3.152 -3.091 -3.030 -2.969 -2.910 
-2.855 -2.807 -2.767 -2.738 -2.722 -2.719 -2.727 -2.744 -2.766 -2.790 
-2.815 -2.838 -2.858 -2.875 -2.887 -2.895 -2.898 -2.895 -2.886 -2.872 
-2.850 -2.822 -2.787 -2.743 -2.689 -2.626 -2.552 -2.466 -2.368 -2.261 
-2.155 -2.071 -2.040 -2.073 -2.156 -2.273 -2.404 -2.538 -2.664 -2.781 
-2.872 
