IRGRID 64 91
1e+308

0.025 0.03 0.035 0.04 0.045 0.05 0.055 0.06 0.065 0.07
0.075 0.08 0.085 0.09 0.095 0.1 0.11 0.12 0.13 0.14
0.15 0.16 0.17 0.18 0.19 0.2 0.21 0.22 0.23 0.24
0.25 0.26 0.27 0.28 0.29 0.3 0.31 0.32 0.33 0.34
0.35 0.36 0.37 0.38 0.39 0.4 0.41 0.42 0.43 0.44
0.45 0.46 0.47 0.48 0.49 0.5 0.51 0.52 0.53 0.54
0.55 0.56 0.57 0.58
0 4 8 12 16 20 24 28 32 36
40 44 48 52 56 60 64 68 72 76
80 84 88 92 96 100 104 108 112 116
120 124 128 132 136 140 144 148 152 156
160 164 168 172 176 180 184 188 192 196
200 204 208 212 216 220 224 228 232 236
240 244 248 252 256 260 264 268 272 276
280 284 288 292 296 300 304 308 312 316
320 324 328 332 336 340 344 348 352 356
360
-3.802 -3.881 -3.882 -3.881 -3.877 -3.871 -3.863 -3.853 -3.841 -3.827 
-3.811 -3.793 -3.773 -3.752 -3.730 -3.706 -3.683 -3.658 -3.634 -3.611 
-3.588 -3.568 -3.549 -3.532 -3.517 -3.506 -3.496 -3.488 -3.482 -3.477 
-3.473 -3.469 -3.465 -3.460 -3.455 -3.449 -3.442 -3.433 -3.423 -3.411 
-3.397 -3.382 -3.364 -3.343 -3.320 -3.293 -3.263 -3.228 -3.189 -3.144 
-3.093 -3.034 -2.965 -2.884 -2.788 -2.675 -2.543 -2.401 -2.284 -2.239 
-2.289 -2.407 -2.543 -2.666 -2.771 -2.863 -2.946 -3.025 -3.099 -3.170 
-3.237 -3.301 -3.361 -3.417 -3.469 -3.518 -3.563 -3.605 -3.643 -3.678 
-3.710 -3.739 -3.765 -3.788 -3.809 -3.826 -3.842 -3.854 -3.865 -3.873 
-3.803 
-3.484 -3.475 -3.484 -3.491 -3.496 -3.498 -3.499 -3.498 -3.495 -3.490 
-3.484 -3.475 -3.465 -3.453 -3.439 -3.423 -3.405 -3.386 -3.365 -3.342 
-3.318 -3.292 -3.264 -3.235 -3.205 -3.175 -3.144 -3.114 -3.086 -3.061 
-3.041 -3.025 -3.014 -3.007 -3.002 -2.997 -2.993 -2.988 -2.982 -2.974 
-2.965 -2.954 -2.941 -2.927 -2.910 -2.892 -2.871 -2.848 -2.823 -2.795 
-2.764 -2.731 -2.694 -2.653 -2.609 -2.560 -2.507 -2.448 -2.389 -2.346 
-2.328 -2.321 -2.314 -2.309 -2.313 -2.338 -2.387 -2.456 -2.533 -2.610 
-2.686 -2.757 -2.825 -2.888 -2.948 -3.003 -3.055 -3.103 -3.148 -3.189 
-3.227 -3.263 -3.295 -3.325 -3.352 -3.376 -3.399 -3.418 -3.436 -3.451 
-3.479 
-3.133 -3.199 -3.205 -3.208 -3.209 -3.208 -3.205 -3.199 -3.190 -3.179 
-3.166 -3.150 -3.132 -3.112 -3.089 -3.063 -3.035 -3.005 -2.972 -2.937 
-2.899 -2.859 -2.817 -2.773 -2.729 -2.685 -2.642 -2.602 -2.567 -2.538 
-2.518 -2.507 -2.505 -2.511 -2.522 -2.538 -2.556 -2.575 -2.593 -2.610 
-2.625 -2.637 -2.647 -2.655 -2.659 -2.660 -2.658 -2.652 -2.643 -2.630 
-2.614 -2.593 -2.569 -2.540 -2.506 -2.468 -2.425 -2.376 -2.322 -2.262 
-2.196 -2.125 -2.052 -1.987 -1.945 -1.942 -1.982 -2.057 -2.150 -2.246 
-2.339 -2.426 -2.506 -2.579 -2.647 -2.710 -2.767 -2.820 -2.869 -2.913 
-2.954 -2.992 -3.025 -3.056 -3.084 -3.108 -3.130 -3.149 -3.166 -3.179 
-3.131 
-2.627 -2.616 -2.613 -2.606 -2.597 -2.584 -2.568 -2.549 -2.528 -2.504 
-2.481 -2.457 -2.435 -2.416 -2.401 -2.389 -2.380 -2.373 -2.366 -2.359 
-2.349 -2.338 -2.324 -2.309 -2.291 -2.273 -2.254 -2.236 -2.218 -2.202 
-2.188 -2.176 -2.167 -2.161 -2.156 -2.153 -2.151 -2.149 -2.148 -2.145 
-2.140 -2.132 -2.120 -2.103 -2.078 -2.043 -1.994 -1.927 -1.835 -1.722 
-1.616 -1.586 -1.658 -1.764 -1.847 -1.897 -1.920 -1.924 -1.916 -1.900 
-1.880 -1.859 -1.839 -1.824 -1.817 -1.822 -1.842 -1.873 -1.912 -1.957 
-2.005 -2.055 -2.105 -2.155 -2.204 -2.251 -2.296 -2.338 -2.377 -2.413 
-2.447 -2.477 -2.505 -2.529 -2.551 -2.569 -2.585 -2.597 -2.606 -2.613 
-2.624 
-2.315 -2.339 -2.323 -2.303 -2.277 -2.247 -2.212 -2.175 -2.136 -2.096 
-2.058 -2.024 -1.996 -1.976 -1.966 -1.966 -1.976 -1.992 -2.015 -2.041 
-2.068 -2.095 -2.121 -2.144 -2.165 -2.182 -2.196 -2.206 -2.213 -2.216 
-2.217 -2.214 -2.208 -2.198 -2.186 -2.169 -2.149 -2.124 -2.093 -2.057 
-2.015 -1.965 -1.905 -1.836 -1.754 -1.656 -1.541 -1.405 -1.250 -1.089 
-0.966 -0.935 -1.014 -1.149 -1.275 -1.350 -1.368 -1.342 -1.299 -1.271 
-1.281 -1.328 -1.398 -1.477 -1.554 -1.625 -1.690 -1.749 -1.803 -1.853 
-1.899 -1.941 -1.980 -2.016 -2.051 -2.083 -2.114 -2.144 -2.172 -2.199 
-2.226 -2.250 -2.273 -2.294 -2.313 -2.329 -2.341 -2.350 -2.354 -2.354 
-2.324 
-1.988 -1.998 -2.029 -2.058 -2.084 -2.108 -2.129 -2.146 -2.161 -2.173 
-2.182 -2.189 -2.196 -2.202 -2.209 -2.218 -2.229 -2.240 -2.251 -2.262 
-2.272 -2.280 -2.286 -2.289 -2.290 -2.289 -2.284 -2.277 -2.268 -2.256 
-2.241 -2.224 -2.204 -2.181 -2.156 -2.128 -2.097 -2.063 -2.026 -1.985 
-1.942 -1.894 -1.842 -1.786 -1.725 -1.658 -1.584 -1.501 -1.408 -1.305 
-1.201 -1.123 -1.065 -0.992 -0.893 -0.774 -0.642 -0.505 -0.371 -0.255 
-0.198 -0.245 -0.368 -0.507 -0.636 -0.751 -0.851 -0.939 -1.016 -1.085 
-1.147 -1.202 -1.253 -1.300 -1.344 -1.386 -1.426 -1.465 -1.504 -1.543 
-1.582 -1.621 -1.660 -1.700 -1.740 -1.779 -1.818 -1.856 -1.894 -1.930 
-1.974 
-1.682 -1.748 -1.760 -1.771 -1.779 -1.786 -1.792 -1.797 -1.801 -1.805 
-1.808 -1.811 -1.814 -1.818 -1.821 -1.825 -1.829 -1.833 -1.836 -1.840 
-1.843 -1.846 -1.847 -1.848 -1.847 -1.844 -1.840 -1.834 -1.826 -1.816 
-1.803 -1.789 -1.771 -1.751 -1.729 -1.704 -1.675 -1.645 -1.611 -1.574 
-1.533 -1.490 -1.443 -1.393 -1.338 -1.280 -1.218 -1.151 -1.078 -1.001 
-0.917 -0.825 -0.726 -0.616 -0.494 -0.357 -0.203 -0.030 0.156 0.333 
0.491 0.820 0.723 0.249 -0.021 -0.220 -0.382 -0.520 -0.641 -0.747 
-0.843 -0.930 -1.009 -1.082 -1.149 -1.211 -1.268 -1.321 -1.371 -1.416 
-1.459 -1.499 -1.535 -1.569 -1.600 -1.629 -1.655 -1.678 -1.699 -1.718 
-1.677 
-1.264 -1.239 -1.241 -1.241 -1.241 -1.239 -1.237 -1.235 -1.233 -1.232 
-1.231 -1.231 -1.232 -1.235 -1.238 -1.243 -1.249 -1.257 -1.265 -1.274 
-1.284 -1.294 -1.305 -1.315 -1.324 -1.334 -1.342 -1.349 -1.355 -1.359 
-1.362 -1.364 -1.363 -1.360 -1.355 -1.348 -1.338 -1.325 -1.310 -1.292 
-1.271 -1.247 -1.219 -1.187 -1.152 -1.112 -1.067 -1.017 -0.962 -0.900 
-0.831 -0.753 -0.665 -0.565 -0.450 -0.315 -0.153 0.048 0.314 0.698 
1.133 1.402 1.338 0.904 0.424 0.137 -0.066 -0.223 -0.351 -0.457 
-0.549 -0.628 -0.698 -0.761 -0.818 -0.869 -0.916 -0.959 -0.999 -1.035 
-1.068 -1.098 -1.125 -1.149 -1.169 -1.187 -1.202 -1.214 -1.223 -1.231 
-1.264 
-1.374 -1.406 -1.432 -1.454 -1.473 -1.490 -1.503 -1.514 -1.523 -1.530 
-1.535 -1.539 -1.542 -1.545 -1.549 -1.553 -1.559 -1.566 -1.574 -1.583 
-1.594 -1.604 -1.615 -1.625 -1.634 -1.642 -1.648 -1.652 -1.654 -1.654 
-1.651 -1.646 -1.637 -1.626 -1.612 -1.596 -1.576 -1.552 -1.526 -1.496 
-1.462 -1.424 -1.382 -1.336 -1.285 -1.229 -1.168 -1.100 -1.025 -0.943 
-0.852 -0.749 -0.634 -0.503 -0.352 -0.172 0.048 0.335 0.736 1.159 
1.362 1.222 1.038 0.601 0.292 0.096 -0.048 -0.162 -0.255 -0.335 
-0.404 -0.466 -0.523 -0.577 -0.629 -0.681 -0.732 -0.784 -0.836 -0.889 
-0.941 -0.993 -1.044 -1.093 -1.142 -1.188 -1.231 -1.272 -1.310 -1.345 
-1.360 
-1.431 -1.448 -1.449 -1.446 -1.439 -1.429 -1.416 -1.400 -1.383 -1.364 
-1.345 -1.326 -1.308 -1.293 -1.281 -1.274 -1.271 -1.274 -1.282 -1.294 
-1.311 -1.331 -1.354 -1.378 -1.402 -1.427 -1.450 -1.472 -1.493 -1.511 
-1.527 -1.540 -1.550 -1.557 -1.562 -1.563 -1.560 -1.554 -1.545 -1.532 
-1.516 -1.495 -1.470 -1.441 -1.407 -1.369 -1.325 -1.276 -1.220 -1.158 
-1.088 -1.010 -0.921 -0.822 -0.708 -0.576 -0.419 -0.222 0.050 0.463 
0.778 0.817 1.096 0.842 0.374 0.007 -0.214 -0.368 -0.484 -0.578 
-0.656 -0.723 -0.783 -0.837 -0.889 -0.938 -0.986 -1.034 -1.081 -1.126 
-1.171 -1.213 -1.254 -1.291 -1.325 -1.355 -1.381 -1.403 -1.420 -1.434 
-1.434 
-1.366 -1.384 -1.420 -1.453 -1.483 -1.509 -1.532 -1.552 -1.569 -1.583 
-1.595 -1.604 -1.611 -1.617 -1.622 -1.627 -1.633 -1.640 -1.647 -1.655 
-1.663 -1.671 -1.679 -1.685 -1.690 -1.692 -1.693 -1.691 -1.687 -1.680 
-1.671 -1.658 -1.643 -1.626 -1.605 -1.581 -1.555 -1.526 -1.494 -1.458 
-1.420 -1.378 -1.333 -1.284 -1.231 -1.175 -1.114 -1.049 -0.979 -0.904 
-0.823 -0.737 -0.645 -0.547 -0.443 -0.335 -0.225 -0.115 -0.010 0.087 
0.178 0.290 0.593 0.321 0.093 -0.026 -0.112 -0.182 -0.242 -0.294 
-0.342 -0.386 -0.429 -0.471 -0.515 -0.560 -0.608 -0.658 -0.711 -0.766 
-0.822 -0.880 -0.938 -0.995 -1.051 -1.106 -1.159 -1.209 -1.257 -1.302 
-1.348 
-1.421 -1.456 -1.481 -1.505 -1.527 -1.547 -1.566 -1.583 -1.599 -1.613 
-1.627 -1.639 -1.649 -1.658 -1.666 -1.672 -1.677 -1.680 -1.682 -1.682 
-1.681 -1.677 -1.672 -1.665 -1.657 -1.646 -1.634 -1.620 -1.604 -1.586 
-1.566 -1.544 -1.520 -1.494 -1.467 -1.437 -1.405 -1.370 -1.334 -1.295 
-1.253 -1.210 -1.163 -1.114 -1.061 -1.006 -0.947 -0.885 -0.818 -0.747 
-0.671 -0.589 -0.501 -0.406 -0.302 -0.189 -0.065 0.069 0.212 0.353 
0.471 0.531 0.513 0.432 0.340 0.264 0.124 -0.036 -0.172 -0.286 
-0.385 -0.473 -0.552 -0.624 -0.692 -0.755 -0.815 -0.873 -0.929 -0.982 
-1.034 -1.084 -1.131 -1.176 -1.219 -1.260 -1.298 -1.334 -1.368 -1.399 
-1.413 
-1.410 -1.408 -1.421 -1.434 -1.446 -1.459 -1.473 -1.486 -1.501 -1.516 
-1.531 -1.547 -1.563 -1.579 -1.596 -1.612 -1.628 -1.644 -1.658 -1.672 
-1.685 -1.697 -1.707 -1.716 -1.723 -1.729 -1.732 -1.734 -1.734 -1.732 
-1.728 -1.722 -1.714 -1.703 -1.690 -1.675 -1.657 -1.637 -1.615 -1.589 
-1.561 -1.531 -1.497 -1.460 -1.420 -1.377 -1.330 -1.278 -1.223 -1.163 
-1.097 -1.025 -0.947 -0.859 -0.762 -0.653 -0.529 -0.385 -0.215 -0.009 
0.230 0.366 0.283 0.276 0.399 0.484 0.373 0.143 -0.091 -0.282 
-0.436 -0.563 -0.670 -0.762 -0.842 -0.913 -0.975 -1.030 -1.080 -1.124 
-1.164 -1.199 -1.231 -1.259 -1.285 -1.308 -1.328 -1.347 -1.364 -1.379 
-1.405 
-1.590 -1.613 -1.632 -1.650 -1.666 -1.681 -1.695 -1.709 -1.721 -1.732 
-1.742 -1.752 -1.760 -1.768 -1.774 -1.779 -1.783 -1.785 -1.786 -1.786 
-1.784 -1.781 -1.776 -1.770 -1.762 -1.753 -1.741 -1.729 -1.714 -1.698 
-1.680 -1.661 -1.639 -1.616 -1.591 -1.564 -1.535 -1.504 -1.471 -1.436 
-1.398 -1.358 -1.315 -1.270 -1.221 -1.169 -1.113 -1.053 -0.988 -0.919 
-0.843 -0.760 -0.668 -0.567 -0.453 -0.322 -0.170 0.013 0.239 0.519 
0.785 0.889 0.727 0.464 0.264 0.157 -0.007 -0.196 -0.356 -0.489 
-0.602 -0.702 -0.791 -0.872 -0.945 -1.013 -1.075 -1.132 -1.185 -1.235 
-1.280 -1.323 -1.363 -1.399 -1.434 -1.465 -1.495 -1.522 -1.548 -1.571 
-1.583 
-1.830 -1.861 -1.890 -1.918 -1.943 -1.966 -1.987 -2.006 -2.023 -2.038 
-2.051 -2.062 -2.072 -2.080 -2.085 -2.089 -2.092 -2.092 -2.091 -2.088 
-2.083 -2.076 -2.068 -2.058 -2.045 -2.032 -2.016 -1.998 -1.978 -1.957 
-1.933 -1.907 -1.879 -1.849 -1.816 -1.781 -1.744 -1.704 -1.661 -1.616 
-1.567 -1.515 -1.460 -1.401 -1.338 -1.270 -1.198 -1.120 -1.036 -0.945 
-0.846 -0.738 -0.618 -0.490 -0.358 -0.239 -0.141 -0.053 0.051 0.184 
0.351 0.447 0.345 0.224 0.116 0.009 -0.098 -0.205 -0.312 -0.419 
-0.526 -0.630 -0.730 -0.826 -0.917 -1.002 -1.083 -1.159 -1.231 -1.299 
-1.363 -1.424 -1.481 -1.534 -1.585 -1.632 -1.677 -1.719 -1.758 -1.795 
-1.818 
-2.009 -2.055 -2.089 -2.120 -2.149 -2.174 -2.198 -2.219 -2.238 -2.254 
-2.269 -2.281 -2.291 -2.298 -2.304 -2.308 -2.309 -2.308 -2.305 -2.300 
-2.293 -2.284 -2.272 -2.259 -2.243 -2.224 -2.204 -2.181 -2.155 -2.127 
-2.096 -2.063 -2.026 -1.987 -1.944 -1.898 -1.849 -1.795 -1.738 -1.677 
-1.610 -1.539 -1.462 -1.379 -1.289 -1.192 -1.086 -0.971 -0.845 -0.708 
-0.559 -0.398 -0.229 -0.061 0.086 0.187 0.226 0.211 0.171 0.130 
0.100 0.081 0.064 0.044 0.017 -0.017 -0.062 -0.123 -0.202 -0.300 
-0.413 -0.534 -0.658 -0.780 -0.897 -1.008 -1.112 -1.209 -1.300 -1.385 
-1.464 -1.538 -1.608 -1.672 -1.733 -1.789 -1.842 -1.891 -1.937 -1.979 
-1.998 
-1.919 -1.956 -1.986 -2.014 -2.039 -2.061 -2.082 -2.099 -2.115 -2.128 
-2.139 -2.147 -2.154 -2.158 -2.160 -2.160 -2.158 -2.154 -2.147 -2.138 
-2.127 -2.114 -2.098 -2.081 -2.060 -2.038 -2.012 -1.984 -1.954 -1.921 
-1.884 -1.845 -1.803 -1.757 -1.707 -1.654 -1.597 -1.535 -1.469 -1.398 
-1.321 -1.237 -1.147 -1.049 -0.942 -0.825 -0.695 -0.552 -0.394 -0.222 
-0.052 0.083 0.163 0.220 0.272 0.306 0.313 0.297 0.273 0.251 
0.235 0.227 0.220 0.208 0.180 0.130 0.056 -0.040 -0.151 -0.273 
-0.400 -0.527 -0.650 -0.768 -0.880 -0.984 -1.082 -1.173 -1.258 -1.337 
-1.411 -1.480 -1.545 -1.605 -1.661 -1.713 -1.762 -1.807 -1.849 -1.887 
-1.909 
-1.687 -1.717 -1.746 -1.772 -1.796 -1.817 -1.836 -1.853 -1.867 -1.879 
-1.889 -1.896 -1.901 -1.904 -1.904 -1.903 -1.899 -1.893 -1.884 -1.874 
-1.861 -1.845 -1.827 -1.807 -1.784 -1.759 -1.730 -1.699 -1.665 -1.628 
-1.587 -1.543 -1.495 -1.443 -1.387 -1.327 -1.261 -1.189 -1.112 -1.027 
-0.934 -0.832 -0.719 -0.593 -0.450 -0.289 -0.107 0.088 0.264 0.392 
0.497 0.564 0.550 0.470 0.371 0.280 0.206 0.148 0.104 0.074 
0.057 0.051 0.053 0.059 0.062 0.056 0.036 -0.004 -0.066 -0.148 
-0.246 -0.353 -0.463 -0.571 -0.675 -0.774 -0.868 -0.956 -1.038 -1.115 
-1.187 -1.254 -1.316 -1.375 -1.430 -1.480 -1.528 -1.572 -1.612 -1.650 
-1.676 
-1.510 -1.525 -1.549 -1.570 -1.589 -1.606 -1.621 -1.633 -1.643 -1.650 
-1.656 -1.659 -1.660 -1.658 -1.654 -1.648 -1.640 -1.629 -1.616 -1.601 
-1.583 -1.562 -1.539 -1.513 -1.484 -1.451 -1.416 -1.378 -1.336 -1.290 
-1.240 -1.186 -1.127 -1.063 -0.994 -0.919 -0.837 -0.748 -0.651 -0.547 
-0.435 -0.318 -0.196 -0.072 0.059 0.208 0.381 0.555 0.670 0.671 
0.584 0.471 0.356 0.240 0.137 0.052 -0.017 -0.071 -0.114 -0.148 
-0.176 -0.198 -0.216 -0.232 -0.247 -0.263 -0.285 -0.315 -0.356 -0.407 
-0.464 -0.527 -0.591 -0.657 -0.722 -0.788 -0.852 -0.914 -0.975 -1.033 
-1.089 -1.142 -1.192 -1.240 -1.285 -1.327 -1.367 -1.404 -1.438 -1.469 
-1.500 
-1.447 -1.466 -1.482 -1.496 -1.507 -1.516 -1.523 -1.528 -1.530 -1.530 
-1.528 -1.524 -1.517 -1.508 -1.497 -1.483 -1.467 -1.448 -1.427 -1.404 
-1.377 -1.348 -1.316 -1.281 -1.242 -1.201 -1.156 -1.107 -1.054 -0.997 
-0.936 -0.869 -0.798 -0.720 -0.637 -0.547 -0.451 -0.347 -0.237 -0.121 
-0.003 0.113 0.217 0.303 0.364 0.404 0.427 0.432 0.420 0.368 
0.284 0.203 0.137 0.086 0.047 0.016 -0.009 -0.031 -0.052 -0.075 
-0.101 -0.132 -0.168 -0.211 -0.259 -0.311 -0.366 -0.423 -0.481 -0.538 
-0.595 -0.652 -0.709 -0.765 -0.820 -0.875 -0.929 -0.981 -1.031 -1.079 
-1.125 -1.169 -1.210 -1.249 -1.285 -1.318 -1.349 -1.377 -1.403 -1.426 
-1.441 
-1.417 -1.426 -1.451 -1.473 -1.493 -1.510 -1.525 -1.538 -1.548 -1.557 
-1.562 -1.566 -1.567 -1.565 -1.562 -1.556 -1.547 -1.536 -1.523 -1.507 
-1.488 -1.467 -1.442 -1.415 -1.385 -1.352 -1.315 -1.275 -1.231 -1.183 
-1.130 -1.073 -1.011 -0.944 -0.870 -0.789 -0.701 -0.604 -0.499 -0.383 
-0.256 -0.119 0.028 0.181 0.331 0.457 0.528 0.514 0.421 0.293 
0.166 0.054 -0.039 -0.115 -0.178 -0.229 -0.271 -0.306 -0.335 -0.359 
-0.381 -0.402 -0.421 -0.440 -0.458 -0.475 -0.492 -0.509 -0.527 -0.547 
-0.569 -0.596 -0.627 -0.662 -0.702 -0.747 -0.794 -0.843 -0.894 -0.944 
-0.995 -1.045 -1.093 -1.139 -1.183 -1.225 -1.265 -1.302 -1.337 -1.369 
-1.405 
-1.559 -1.588 -1.608 -1.626 -1.641 -1.654 -1.665 -1.674 -1.680 -1.684 
-1.686 -1.685 -1.683 -1.678 -1.670 -1.661 -1.649 -1.634 -1.617 -1.598 
-1.576 -1.551 -1.523 -1.492 -1.458 -1.421 -1.381 -1.337 -1.288 -1.236 
-1.179 -1.117 -1.049 -0.976 -0.895 -0.807 -0.710 -0.603 -0.485 -0.353 
-0.209 -0.051 0.112 0.263 0.371 0.412 0.385 0.302 0.186 0.066 
-0.042 -0.134 -0.212 -0.277 -0.330 -0.375 -0.411 -0.441 -0.465 -0.485 
-0.502 -0.517 -0.531 -0.545 -0.561 -0.579 -0.600 -0.625 -0.655 -0.689 
-0.727 -0.769 -0.814 -0.861 -0.911 -0.962 -1.013 -1.064 -1.115 -1.164 
-1.212 -1.258 -1.301 -1.343 -1.382 -1.419 -1.453 -1.485 -1.514 -1.541 
-1.553 
-1.654 -1.669 -1.689 -1.707 -1.722 -1.735 -1.745 -1.753 -1.758 -1.762 
-1.763 -1.762 -1.758 -1.752 -1.743 -1.733 -1.719 -1.703 -1.685 -1.664 
-1.640 -1.613 -1.583 -1.550 -1.514 -1.475 -1.431 -1.384 -1.333 -1.277 
-1.217 -1.151 -1.080 -1.003 -0.920 -0.830 -0.734 -0.631 -0.521 -0.404 
-0.283 -0.159 -0.041 0.054 0.107 0.101 0.040 -0.049 -0.142 -0.230 
-0.307 -0.373 -0.429 -0.474 -0.511 -0.539 -0.561 -0.576 -0.586 -0.592 
-0.594 -0.595 -0.594 -0.595 -0.599 -0.607 -0.620 -0.639 -0.665 -0.698 
-0.738 -0.784 -0.835 -0.890 -0.947 -1.005 -1.063 -1.120 -1.175 -1.229 
-1.280 -1.329 -1.375 -1.418 -1.459 -1.497 -1.532 -1.565 -1.595 -1.622 
-1.646 
-1.742 -1.759 -1.772 -1.783 -1.791 -1.797 -1.801 -1.802 -1.800 -1.797 
-1.791 -1.783 -1.772 -1.759 -1.743 -1.724 -1.703 -1.680 -1.653 -1.624 
-1.592 -1.556 -1.517 -1.475 -1.429 -1.380 -1.326 -1.268 -1.206 -1.140 
-1.068 -0.992 -0.910 -0.825 -0.735 -0.644 -0.554 -0.468 -0.391 -0.330 
-0.286 -0.259 -0.246 -0.246 -0.262 -0.296 -0.341 -0.390 -0.435 -0.474 
-0.505 -0.529 -0.547 -0.559 -0.566 -0.569 -0.569 -0.567 -0.563 -0.559 
-0.556 -0.554 -0.557 -0.567 -0.585 -0.612 -0.649 -0.695 -0.748 -0.806 
-0.868 -0.932 -0.996 -1.059 -1.122 -1.182 -1.240 -1.295 -1.347 -1.396 
-1.442 -1.485 -1.525 -1.562 -1.596 -1.627 -1.656 -1.682 -1.705 -1.725 
-1.736 
-1.782 -1.788 -1.795 -1.799 -1.801 -1.801 -1.798 -1.793 -1.786 -1.777 
-1.765 -1.752 -1.735 -1.717 -1.695 -1.672 -1.645 -1.616 -1.584 -1.550 
-1.512 -1.471 -1.427 -1.379 -1.327 -1.272 -1.213 -1.150 -1.082 -1.009 
-0.932 -0.850 -0.764 -0.675 -0.582 -0.490 -0.401 -0.320 -0.252 -0.203 
-0.175 -0.167 -0.177 -0.198 -0.226 -0.256 -0.285 -0.310 -0.332 -0.350 
-0.364 -0.375 -0.383 -0.390 -0.397 -0.406 -0.419 -0.437 -0.462 -0.492 
-0.529 -0.571 -0.617 -0.666 -0.718 -0.773 -0.830 -0.890 -0.951 -1.012 
-1.073 -1.134 -1.192 -1.248 -1.301 -1.352 -1.399 -1.444 -1.486 -1.525 
-1.561 -1.594 -1.625 -1.653 -1.678 -1.701 -1.722 -1.740 -1.755 -1.769 
-1.779 
-1.821 -1.834 -1.848 -1.860 -1.869 -1.876 -1.881 -1.884 -1.884 -1.882 
-1.878 -1.872 -1.863 -1.852 -1.838 -1.822 -1.804 -1.783 -1.760 -1.734 
-1.705 -1.674 -1.640 -1.603 -1.562 -1.519 -1.472 -1.422 -1.368 -1.311 
-1.250 -1.185 -1.117 -1.045 -0.969 -0.892 -0.814 -0.738 -0.666 -0.602 
-0.552 -0.524 -0.522 -0.540 -0.566 -0.592 -0.617 -0.640 -0.659 -0.675 
-0.689 -0.699 -0.706 -0.710 -0.712 -0.713 -0.714 -0.714 -0.714 -0.715 
-0.718 -0.721 -0.727 -0.736 -0.750 -0.770 -0.795 -0.826 -0.863 -0.906 
-0.954 -1.007 -1.063 -1.123 -1.183 -1.242 -1.300 -1.356 -1.409 -1.459 
-1.506 -1.550 -1.591 -1.629 -1.664 -1.696 -1.726 -1.752 -1.776 -1.798 
-1.815 
-1.875 -1.894 -1.916 -1.935 -1.951 -1.965 -1.975 -1.984 -1.989 -1.993 
-1.993 -1.991 -1.986 -1.979 -1.969 -1.957 -1.941 -1.923 -1.902 -1.878 
-1.851 -1.820 -1.786 -1.749 -1.707 -1.662 -1.611 -1.556 -1.495 -1.428 
-1.354 -1.271 -1.179 -1.075 -0.959 -0.830 -0.700 -0.591 -0.508 -0.428 
-0.354 -0.316 -0.333 -0.396 -0.485 -0.579 -0.667 -0.745 -0.811 -0.867 
-0.914 -0.951 -0.981 -1.003 -1.018 -1.027 -1.030 -1.028 -1.021 -1.009 
-0.992 -0.973 -0.950 -0.925 -0.898 -0.872 -0.847 -0.826 -0.813 -0.812 
-0.825 -0.853 -0.898 -0.955 -1.021 -1.092 -1.165 -1.237 -1.308 -1.375 
-1.439 -1.498 -1.554 -1.606 -1.654 -1.698 -1.739 -1.777 -1.811 -1.841 
-1.865 
-1.916 -1.944 -1.966 -1.984 -2.000 -2.012 -2.022 -2.029 -2.033 -2.034 
-2.032 -2.028 -2.021 -2.011 -1.998 -1.982 -1.962 -1.940 -1.914 -1.884 
-1.851 -1.814 -1.772 -1.726 -1.674 -1.617 -1.553 -1.483 -1.404 -1.315 
-1.215 -1.103 -0.974 -0.829 -0.667 -0.502 -0.365 -0.301 -0.328 -0.410 
-0.496 -0.571 -0.646 -0.729 -0.815 -0.898 -0.973 -1.039 -1.096 -1.145 
-1.186 -1.219 -1.245 -1.265 -1.278 -1.285 -1.287 -1.283 -1.274 -1.259 
-1.240 -1.215 -1.185 -1.151 -1.114 -1.073 -1.032 -0.993 -0.959 -0.934 
-0.924 -0.932 -0.959 -1.004 -1.062 -1.130 -1.202 -1.275 -1.347 -1.416 
-1.482 -1.543 -1.601 -1.654 -1.703 -1.748 -1.790 -1.827 -1.862 -1.892 
-1.908 
-1.873 -1.883 -1.901 -1.917 -1.930 -1.941 -1.950 -1.956 -1.960 -1.961 
-1.960 -1.957 -1.951 -1.943 -1.932 -1.918 -1.902 -1.883 -1.861 -1.837 
-1.809 -1.778 -1.744 -1.706 -1.665 -1.620 -1.570 -1.516 -1.456 -1.391 
-1.320 -1.241 -1.155 -1.059 -0.952 -0.837 -0.725 -0.644 -0.604 -0.583 
-0.564 -0.557 -0.568 -0.599 -0.645 -0.700 -0.758 -0.815 -0.869 -0.917 
-0.960 -0.997 -1.028 -1.054 -1.075 -1.090 -1.101 -1.108 -1.110 -1.109 
-1.105 -1.098 -1.089 -1.079 -1.068 -1.058 -1.050 -1.045 -1.045 -1.051 
-1.064 -1.087 -1.118 -1.157 -1.203 -1.253 -1.305 -1.358 -1.410 -1.461 
-1.510 -1.557 -1.601 -1.643 -1.682 -1.719 -1.753 -1.784 -1.812 -1.838 
-1.865 
-1.920 -1.930 -1.941 -1.951 -1.958 -1.963 -1.966 -1.967 -1.966 -1.963 
-1.957 -1.949 -1.939 -1.927 -1.912 -1.895 -1.875 -1.853 -1.827 -1.799 
-1.769 -1.735 -1.698 -1.657 -1.613 -1.565 -1.514 -1.458 -1.397 -1.332 
-1.263 -1.188 -1.110 -1.027 -0.943 -0.860 -0.784 -0.720 -0.674 -0.648 
-0.642 -0.655 -0.686 -0.729 -0.780 -0.834 -0.888 -0.940 -0.988 -1.032 
-1.071 -1.106 -1.137 -1.164 -1.186 -1.206 -1.222 -1.235 -1.245 -1.253 
-1.260 -1.264 -1.267 -1.268 -1.269 -1.270 -1.272 -1.276 -1.282 -1.294 
-1.312 -1.336 -1.366 -1.401 -1.439 -1.479 -1.519 -1.558 -1.597 -1.634 
-1.669 -1.703 -1.734 -1.764 -1.792 -1.818 -1.842 -1.863 -1.883 -1.901 
-1.916 
-2.028 -2.047 -2.064 -2.078 -2.089 -2.097 -2.103 -2.106 -2.107 -2.105 
-2.100 -2.093 -2.082 -2.070 -2.054 -2.035 -2.013 -1.989 -1.961 -1.929 
-1.894 -1.855 -1.812 -1.765 -1.713 -1.656 -1.594 -1.525 -1.450 -1.369 
-1.279 -1.182 -1.078 -0.969 -0.860 -0.761 -0.688 -0.652 -0.659 -0.699 
-0.760 -0.831 -0.904 -0.976 -1.043 -1.104 -1.158 -1.206 -1.247 -1.282 
-1.311 -1.333 -1.351 -1.362 -1.369 -1.370 -1.366 -1.357 -1.343 -1.324 
-1.301 -1.273 -1.243 -1.210 -1.177 -1.146 -1.118 -1.098 -1.086 -1.086 
-1.100 -1.128 -1.170 -1.223 -1.283 -1.348 -1.414 -1.479 -1.542 -1.602 
-1.658 -1.711 -1.760 -1.805 -1.847 -1.885 -1.920 -1.952 -1.980 -2.005 
-2.021 
-2.069 -2.091 -2.104 -2.113 -2.120 -2.125 -2.126 -2.126 -2.122 -2.116 
-2.107 -2.096 -2.082 -2.065 -2.045 -2.022 -1.996 -1.967 -1.934 -1.898 
-1.858 -1.814 -1.765 -1.712 -1.654 -1.591 -1.522 -1.446 -1.363 -1.272 
-1.172 -1.064 -0.947 -0.825 -0.707 -0.607 -0.546 -0.537 -0.578 -0.652 
-0.740 -0.829 -0.912 -0.986 -1.050 -1.106 -1.152 -1.191 -1.222 -1.247 
-1.265 -1.276 -1.282 -1.282 -1.276 -1.265 -1.248 -1.227 -1.201 -1.171 
-1.137 -1.102 -1.067 -1.035 -1.010 -0.996 -0.997 -1.013 -1.045 -1.089 
-1.144 -1.205 -1.271 -1.339 -1.407 -1.474 -1.538 -1.599 -1.656 -1.710 
-1.761 -1.807 -1.850 -1.889 -1.925 -1.958 -1.988 -2.014 -2.038 -2.058 
-2.064 
-2.015 -2.010 -2.018 -2.025 -2.029 -2.030 -2.030 -2.026 -2.021 -2.013 
-2.003 -1.990 -1.975 -1.957 -1.936 -1.913 -1.887 -1.858 -1.826 -1.791 
-1.753 -1.711 -1.667 -1.618 -1.567 -1.512 -1.453 -1.392 -1.329 -1.265 
-1.201 -1.139 -1.079 -1.021 -0.968 -0.922 -0.894 -0.892 -0.916 -0.954 
-0.997 -1.040 -1.082 -1.121 -1.156 -1.188 -1.216 -1.241 -1.261 -1.277 
-1.290 -1.299 -1.304 -1.305 -1.304 -1.299 -1.291 -1.281 -1.269 -1.255 
-1.241 -1.227 -1.214 -1.204 -1.199 -1.201 -1.211 -1.230 -1.258 -1.293 
-1.332 -1.376 -1.421 -1.467 -1.512 -1.557 -1.601 -1.644 -1.685 -1.723 
-1.760 -1.794 -1.826 -1.856 -1.884 -1.909 -1.931 -1.952 -1.970 -1.985 
-2.010 
-2.142 -2.156 -2.161 -2.163 -2.163 -2.160 -2.155 -2.146 -2.136 -2.122 
-2.106 -2.087 -2.065 -2.040 -2.012 -1.980 -1.946 -1.907 -1.866 -1.820 
-1.771 -1.717 -1.660 -1.599 -1.533 -1.465 -1.394 -1.322 -1.253 -1.189 
-1.134 -1.094 -1.071 -1.065 -1.075 -1.097 -1.128 -1.163 -1.201 -1.239 
-1.275 -1.310 -1.342 -1.371 -1.395 -1.416 -1.431 -1.443 -1.450 -1.452 
-1.449 -1.442 -1.431 -1.415 -1.394 -1.370 -1.343 -1.315 -1.287 -1.262 
-1.242 -1.229 -1.224 -1.226 -1.236 -1.254 -1.280 -1.314 -1.355 -1.402 
-1.452 -1.506 -1.559 -1.613 -1.665 -1.716 -1.764 -1.809 -1.852 -1.892 
-1.930 -1.964 -1.995 -2.024 -2.050 -2.073 -2.094 -2.111 -2.127 -2.139 
-2.140 
-2.244 -2.249 -2.251 -2.250 -2.247 -2.241 -2.233 -2.222 -2.209 -2.193 
-2.175 -2.154 -2.130 -2.104 -2.075 -2.043 -2.008 -1.970 -1.929 -1.884 
-1.836 -1.785 -1.731 -1.674 -1.614 -1.551 -1.487 -1.422 -1.359 -1.300 
-1.247 -1.203 -1.172 -1.153 -1.147 -1.151 -1.164 -1.182 -1.204 -1.226 
-1.248 -1.269 -1.286 -1.300 -1.310 -1.316 -1.318 -1.315 -1.307 -1.294 
-1.276 -1.254 -1.226 -1.194 -1.158 -1.119 -1.079 -1.042 -1.011 -0.991 
-0.988 -1.004 -1.040 -1.091 -1.154 -1.223 -1.296 -1.369 -1.441 -1.511 
-1.578 -1.642 -1.703 -1.761 -1.815 -1.865 -1.911 -1.955 -1.994 -2.031 
-2.065 -2.095 -2.123 -2.147 -2.169 -2.188 -2.205 -2.219 -2.230 -2.239 
-2.243 
-2.299 -2.302 -2.305 -2.306 -2.305 -2.302 -2.296 -2.289 -2.279 -2.268 
-2.254 -2.238 -2.219 -2.199 -2.176 -2.151 -2.123 -2.094 -2.062 -2.027 
-1.990 -1.951 -1.910 -1.866 -1.820 -1.772 -1.723 -1.673 -1.622 -1.571 
-1.522 -1.475 -1.431 -1.392 -1.356 -1.325 -1.300 -1.283 -1.274 -1.274 
-1.281 -1.292 -1.304 -1.315 -1.326 -1.334 -1.339 -1.342 -1.343 -1.341 
-1.337 -1.330 -1.322 -1.312 -1.301 -1.290 -1.280 -1.273 -1.269 -1.271 
-1.283 -1.304 -1.336 -1.376 -1.423 -1.473 -1.525 -1.577 -1.630 -1.681 
-1.731 -1.780 -1.827 -1.872 -1.915 -1.956 -1.995 -2.031 -2.065 -2.097 
-2.126 -2.153 -2.178 -2.200 -2.221 -2.239 -2.255 -2.269 -2.280 -2.290 
-2.297 
-2.380 -2.388 -2.396 -2.402 -2.405 -2.407 -2.406 -2.402 -2.397 -2.389 
-2.379 -2.366 -2.351 -2.334 -2.314 -2.292 -2.266 -2.238 -2.208 -2.174 
-2.137 -2.097 -2.054 -2.007 -1.957 -1.902 -1.844 -1.782 -1.715 -1.644 
-1.569 -1.490 -1.410 -1.328 -1.250 -1.179 -1.121 -1.082 -1.067 -1.075 
-1.103 -1.144 -1.192 -1.243 -1.291 -1.336 -1.377 -1.412 -1.442 -1.468 
-1.488 -1.505 -1.518 -1.528 -1.535 -1.540 -1.543 -1.546 -1.549 -1.552 
-1.556 -1.562 -1.570 -1.581 -1.595 -1.613 -1.635 -1.660 -1.690 -1.724 
-1.761 -1.800 -1.841 -1.883 -1.925 -1.967 -2.008 -2.047 -2.085 -2.121 
-2.155 -2.187 -2.217 -2.245 -2.271 -2.294 -2.316 -2.335 -2.351 -2.366 
-2.376 
-2.446 -2.462 -2.473 -2.480 -2.486 -2.488 -2.489 -2.486 -2.481 -2.474 
-2.464 -2.451 -2.436 -2.418 -2.397 -2.373 -2.346 -2.317 -2.283 -2.247 
-2.206 -2.163 -2.115 -2.063 -2.007 -1.946 -1.882 -1.813 -1.740 -1.663 
-1.585 -1.508 -1.434 -1.369 -1.317 -1.282 -1.266 -1.270 -1.290 -1.324 
-1.367 -1.416 -1.466 -1.515 -1.560 -1.600 -1.636 -1.667 -1.692 -1.713 
-1.728 -1.740 -1.746 -1.748 -1.747 -1.741 -1.732 -1.720 -1.704 -1.687 
-1.668 -1.649 -1.631 -1.616 -1.604 -1.598 -1.601 -1.611 -1.632 -1.661 
-1.698 -1.741 -1.788 -1.839 -1.890 -1.942 -1.993 -2.042 -2.089 -2.134 
-2.176 -2.216 -2.253 -2.287 -2.318 -2.347 -2.372 -2.396 -2.416 -2.434 
-2.442 
-2.450 -2.454 -2.463 -2.469 -2.473 -2.475 -2.474 -2.470 -2.464 -2.455 
-2.443 -2.429 -2.412 -2.392 -2.369 -2.343 -2.314 -2.282 -2.246 -2.207 
-2.164 -2.117 -2.066 -2.011 -1.952 -1.888 -1.820 -1.748 -1.671 -1.592 
-1.512 -1.433 -1.361 -1.302 -1.261 -1.243 -1.249 -1.277 -1.319 -1.370 
-1.424 -1.478 -1.529 -1.575 -1.617 -1.654 -1.685 -1.711 -1.732 -1.747 
-1.759 -1.765 -1.767 -1.765 -1.759 -1.749 -1.735 -1.719 -1.700 -1.679 
-1.657 -1.636 -1.616 -1.600 -1.589 -1.585 -1.590 -1.604 -1.627 -1.659 
-1.699 -1.744 -1.793 -1.844 -1.896 -1.947 -1.998 -2.047 -2.093 -2.137 
-2.179 -2.218 -2.254 -2.287 -2.317 -2.345 -2.370 -2.392 -2.411 -2.428 
-2.446 
-2.509 -2.524 -2.533 -2.539 -2.542 -2.543 -2.541 -2.537 -2.531 -2.521 
-2.509 -2.495 -2.477 -2.457 -2.434 -2.409 -2.380 -2.348 -2.313 -2.276 
-2.235 -2.191 -2.144 -2.094 -2.042 -1.987 -1.931 -1.874 -1.818 -1.764 
-1.713 -1.668 -1.630 -1.602 -1.585 -1.582 -1.592 -1.612 -1.638 -1.667 
-1.695 -1.723 -1.749 -1.773 -1.797 -1.818 -1.838 -1.856 -1.870 -1.881 
-1.887 -1.891 -1.890 -1.885 -1.877 -1.865 -1.850 -1.833 -1.813 -1.793 
-1.772 -1.753 -1.737 -1.725 -1.720 -1.721 -1.731 -1.750 -1.776 -1.809 
-1.847 -1.889 -1.932 -1.977 -2.022 -2.066 -2.110 -2.152 -2.192 -2.231 
-2.268 -2.302 -2.335 -2.366 -2.394 -2.420 -2.444 -2.465 -2.483 -2.499 
-2.506 
-2.538 -2.551 -2.572 -2.591 -2.607 -2.622 -2.633 -2.643 -2.650 -2.654 
-2.656 -2.655 -2.652 -2.647 -2.638 -2.627 -2.613 -2.596 -2.577 -2.554 
-2.529 -2.500 -2.468 -2.433 -2.395 -2.354 -2.311 -2.265 -2.217 -2.168 
-2.118 -2.069 -2.021 -1.974 -1.930 -1.888 -1.850 -1.815 -1.785 -1.758 
-1.735 -1.719 -1.710 -1.712 -1.723 -1.743 -1.769 -1.800 -1.832 -1.865 
-1.895 -1.924 -1.949 -1.970 -1.987 -2.000 -2.009 -2.014 -2.016 -2.014 
-2.008 -2.001 -1.991 -1.979 -1.968 -1.956 -1.945 -1.936 -1.931 -1.931 
-1.938 -1.950 -1.968 -1.990 -2.015 -2.042 -2.071 -2.102 -2.135 -2.168 
-2.203 -2.239 -2.275 -2.311 -2.346 -2.380 -2.413 -2.445 -2.474 -2.502 
-2.529 
-2.610 -2.637 -2.655 -2.670 -2.682 -2.692 -2.699 -2.704 -2.706 -2.706 
-2.704 -2.698 -2.691 -2.680 -2.667 -2.651 -2.633 -2.612 -2.588 -2.560 
-2.530 -2.496 -2.459 -2.419 -2.374 -2.326 -2.274 -2.217 -2.157 -2.092 
-2.025 -1.955 -1.886 -1.820 -1.762 -1.715 -1.684 -1.672 -1.675 -1.692 
-1.718 -1.748 -1.780 -1.812 -1.844 -1.874 -1.902 -1.928 -1.950 -1.969 
-1.985 -1.997 -2.006 -2.011 -2.012 -2.010 -2.005 -1.996 -1.983 -1.966 
-1.946 -1.921 -1.892 -1.859 -1.823 -1.786 -1.750 -1.720 -1.698 -1.692 
-1.702 -1.730 -1.773 -1.828 -1.889 -1.954 -2.018 -2.081 -2.142 -2.199 
-2.253 -2.304 -2.351 -2.395 -2.436 -2.473 -2.508 -2.539 -2.568 -2.594 
-2.603 
-2.536 -2.546 -2.553 -2.558 -2.562 -2.565 -2.566 -2.566 -2.564 -2.561 
-2.557 -2.552 -2.545 -2.537 -2.528 -2.517 -2.505 -2.491 -2.476 -2.459 
-2.441 -2.421 -2.399 -2.376 -2.351 -2.324 -2.295 -2.264 -2.231 -2.196 
-2.159 -2.121 -2.081 -2.042 -2.003 -1.967 -1.937 -1.911 -1.891 -1.873 
-1.856 -1.839 -1.821 -1.802 -1.784 -1.768 -1.756 -1.749 -1.748 -1.752 
-1.758 -1.767 -1.775 -1.783 -1.791 -1.799 -1.806 -1.814 -1.823 -1.833 
-1.843 -1.855 -1.867 -1.880 -1.893 -1.906 -1.919 -1.933 -1.949 -1.969 
-1.994 -2.025 -2.062 -2.102 -2.142 -2.183 -2.222 -2.259 -2.293 -2.326 
-2.355 -2.383 -2.408 -2.431 -2.452 -2.471 -2.488 -2.503 -2.516 -2.528 
-2.533 
-2.441 -2.428 -2.425 -2.421 -2.417 -2.412 -2.408 -2.403 -2.398 -2.393 
-2.388 -2.383 -2.377 -2.371 -2.364 -2.357 -2.348 -2.339 -2.329 -2.317 
-2.304 -2.289 -2.273 -2.255 -2.236 -2.214 -2.191 -2.167 -2.141 -2.115 
-2.087 -2.060 -2.031 -2.002 -1.972 -1.941 -1.906 -1.869 -1.829 -1.785 
-1.738 -1.688 -1.639 -1.591 -1.548 -1.515 -1.495 -1.491 -1.505 -1.534 
-1.575 -1.623 -1.675 -1.728 -1.778 -1.826 -1.871 -1.911 -1.948 -1.981 
-2.011 -2.039 -2.064 -2.088 -2.111 -2.133 -2.155 -2.177 -2.199 -2.222 
-2.244 -2.267 -2.288 -2.309 -2.329 -2.347 -2.364 -2.379 -2.392 -2.403 
-2.413 -2.421 -2.427 -2.431 -2.435 -2.437 -2.437 -2.437 -2.436 -2.434 
-2.443 
-2.532 -2.535 -2.539 -2.542 -2.542 -2.541 -2.538 -2.533 -2.526 -2.517 
-2.506 -2.494 -2.479 -2.462 -2.443 -2.422 -2.398 -2.372 -2.344 -2.314 
-2.281 -2.246 -2.209 -2.170 -2.130 -2.090 -2.049 -2.009 -1.971 -1.937 
-1.906 -1.881 -1.862 -1.848 -1.841 -1.839 -1.841 -1.846 -1.853 -1.861 
-1.868 -1.873 -1.875 -1.875 -1.873 -1.871 -1.872 -1.877 -1.888 -1.904 
-1.921 -1.939 -1.953 -1.965 -1.971 -1.974 -1.972 -1.966 -1.957 -1.944 
-1.930 -1.915 -1.900 -1.886 -1.875 -1.869 -1.870 -1.880 -1.899 -1.926 
-1.960 -1.997 -2.038 -2.079 -2.120 -2.161 -2.201 -2.239 -2.275 -2.309 
-2.340 -2.370 -2.397 -2.421 -2.444 -2.463 -2.481 -2.496 -2.509 -2.520 
-2.529 
-2.730 -2.755 -2.766 -2.774 -2.780 -2.784 -2.784 -2.783 -2.779 -2.772 
-2.763 -2.751 -2.737 -2.720 -2.700 -2.678 -2.653 -2.626 -2.595 -2.562 
-2.526 -2.487 -2.446 -2.402 -2.356 -2.308 -2.258 -2.208 -2.157 -2.108 
-2.061 -2.018 -1.979 -1.945 -1.917 -1.896 -1.881 -1.875 -1.876 -1.883 
-1.896 -1.914 -1.933 -1.954 -1.974 -1.993 -2.009 -2.023 -2.033 -2.040 
-2.043 -2.042 -2.037 -2.027 -2.014 -1.996 -1.974 -1.949 -1.919 -1.886 
-1.849 -1.811 -1.772 -1.734 -1.702 -1.679 -1.671 -1.680 -1.708 -1.754 
-1.812 -1.879 -1.951 -2.023 -2.093 -2.161 -2.225 -2.285 -2.341 -2.394 
-2.442 -2.487 -2.528 -2.565 -2.600 -2.631 -2.658 -2.683 -2.705 -2.724 
-2.725 
-2.813 -2.810 -2.813 -2.814 -2.812 -2.808 -2.801 -2.792 -2.780 -2.765 
-2.748 -2.729 -2.706 -2.681 -2.653 -2.622 -2.588 -2.551 -2.511 -2.468 
-2.422 -2.373 -2.320 -2.265 -2.208 -2.149 -2.090 -2.031 -1.974 -1.921 
-1.875 -1.837 -1.809 -1.793 -1.788 -1.794 -1.810 -1.833 -1.859 -1.888 
-1.917 -1.946 -1.972 -1.995 -2.015 -2.032 -2.045 -2.054 -2.059 -2.061 
-2.059 -2.053 -2.044 -2.032 -2.017 -2.000 -1.982 -1.963 -1.944 -1.928 
-1.914 -1.905 -1.901 -1.903 -1.912 -1.928 -1.951 -1.983 -2.024 -2.072 
-2.126 -2.182 -2.239 -2.295 -2.348 -2.399 -2.447 -2.491 -2.533 -2.571 
-2.606 -2.639 -2.668 -2.694 -2.718 -2.739 -2.757 -2.773 -2.786 -2.797 
-2.811 
-2.935 -2.953 -2.958 -2.960 -2.960 -2.957 -2.952 -2.945 -2.934 -2.921 
-2.906 -2.888 -2.866 -2.842 -2.815 -2.785 -2.752 -2.716 -2.676 -2.632 
-2.585 -2.534 -2.479 -2.420 -2.357 -2.290 -2.219 -2.145 -2.069 -1.992 
-1.916 -1.846 -1.785 -1.738 -1.709 -1.700 -1.709 -1.732 -1.765 -1.804 
-1.845 -1.887 -1.926 -1.962 -1.993 -2.019 -2.040 -2.056 -2.066 -2.070 
-2.070 -2.065 -2.055 -2.041 -2.023 -2.002 -1.979 -1.955 -1.933 -1.914 
-1.902 -1.898 -1.906 -1.926 -1.957 -1.998 -2.046 -2.099 -2.155 -2.211 
-2.267 -2.321 -2.373 -2.424 -2.474 -2.521 -2.566 -2.610 -2.651 -2.690 
-2.726 -2.760 -2.791 -2.820 -2.846 -2.869 -2.889 -2.907 -2.922 -2.935 
-2.933 
-2.818 -2.867 -2.891 -2.912 -2.930 -2.945 -2.957 -2.967 -2.973 -2.977 
-2.977 -2.975 -2.970 -2.962 -2.951 -2.936 -2.919 -2.898 -2.875 -2.847 
-2.816 -2.782 -2.743 -2.700 -2.653 -2.602 -2.546 -2.486 -2.421 -2.352 
-2.280 -2.207 -2.135 -2.066 -2.005 -1.952 -1.910 -1.881 -1.868 -1.873 
-1.895 -1.930 -1.973 -2.022 -2.072 -2.120 -2.165 -2.205 -2.241 -2.271 
-2.296 -2.316 -2.331 -2.340 -2.345 -2.346 -2.342 -2.335 -2.326 -2.316 
-2.306 -2.298 -2.293 -2.291 -2.291 -2.293 -2.295 -2.297 -2.300 -2.305 
-2.312 -2.323 -2.338 -2.357 -2.380 -2.406 -2.434 -2.463 -2.492 -2.521 
-2.548 -2.575 -2.603 -2.631 -2.660 -2.690 -2.722 -2.753 -2.784 -2.814 
-2.812 
-2.564 -2.567 -2.604 -2.638 -2.671 -2.700 -2.727 -2.751 -2.771 -2.789 
-2.804 -2.815 -2.824 -2.829 -2.831 -2.831 -2.827 -2.820 -2.810 -2.796 
-2.780 -2.760 -2.737 -2.711 -2.681 -2.647 -2.610 -2.570 -2.525 -2.478 
-2.427 -2.373 -2.317 -2.260 -2.202 -2.146 -2.094 -2.050 -2.017 -1.997 
-1.994 -2.006 -2.032 -2.070 -2.114 -2.163 -2.213 -2.261 -2.307 -2.350 
-2.389 -2.424 -2.455 -2.481 -2.504 -2.523 -2.537 -2.548 -2.556 -2.560 
-2.562 -2.560 -2.556 -2.549 -2.541 -2.531 -2.521 -2.509 -2.498 -2.486 
-2.474 -2.462 -2.450 -2.436 -2.422 -2.406 -2.388 -2.369 -2.350 -2.333 
-2.319 -2.311 -2.309 -2.316 -2.330 -2.352 -2.381 -2.415 -2.451 -2.490 
-2.547 
-2.686 -2.727 -2.746 -2.762 -2.775 -2.787 -2.795 -2.801 -2.804 -2.805 
-2.804 -2.799 -2.793 -2.783 -2.771 -2.757 -2.740 -2.720 -2.698 -2.673 
-2.645 -2.615 -2.582 -2.546 -2.508 -2.467 -2.425 -2.380 -2.334 -2.287 
-2.240 -2.194 -2.150 -2.110 -2.075 -2.047 -2.026 -2.013 -2.008 -2.012 
-2.023 -2.040 -2.063 -2.089 -2.117 -2.145 -2.172 -2.198 -2.221 -2.241 
-2.259 -2.273 -2.285 -2.293 -2.299 -2.302 -2.302 -2.300 -2.296 -2.290 
-2.282 -2.273 -2.264 -2.254 -2.245 -2.238 -2.232 -2.230 -2.230 -2.235 
-2.243 -2.256 -2.272 -2.292 -2.314 -2.337 -2.362 -2.387 -2.411 -2.435 
-2.458 -2.482 -2.505 -2.529 -2.554 -2.580 -2.607 -2.633 -2.659 -2.684 
-2.681 
-2.643 -2.650 -2.662 -2.674 -2.683 -2.692 -2.698 -2.702 -2.705 -2.705 
-2.704 -2.700 -2.694 -2.686 -2.676 -2.663 -2.647 -2.630 -2.609 -2.587 
-2.561 -2.534 -2.503 -2.471 -2.436 -2.399 -2.360 -2.319 -2.278 -2.236 
-2.195 -2.154 -2.117 -2.083 -2.053 -2.030 -2.012 -2.001 -1.996 -1.996 
-2.000 -2.008 -2.019 -2.035 -2.054 -2.078 -2.103 -2.129 -2.154 -2.176 
-2.196 -2.213 -2.226 -2.236 -2.243 -2.247 -2.247 -2.246 -2.241 -2.234 
-2.226 -2.215 -2.204 -2.192 -2.180 -2.168 -2.159 -2.152 -2.147 -2.147 
-2.152 -2.161 -2.174 -2.193 -2.215 -2.241 -2.270 -2.301 -2.332 -2.364 
-2.396 -2.427 -2.457 -2.485 -2.512 -2.537 -2.560 -2.582 -2.601 -2.619 
-2.637 
-2.620 -2.616 -2.621 -2.627 -2.635 -2.644 -2.653 -2.662 -2.672 -2.681 
-2.689 -2.696 -2.702 -2.707 -2.710 -2.712 -2.711 -2.708 -2.703 -2.696 
-2.687 -2.675 -2.660 -2.643 -2.623 -2.601 -2.575 -2.548 -2.517 -2.484 
-2.449 -2.411 -2.371 -2.330 -2.286 -2.242 -2.195 -2.147 -2.099 -2.051 
-2.006 -1.968 -1.941 -1.930 -1.936 -1.959 -1.995 -2.041 -2.091 -2.143 
-2.194 -2.242 -2.287 -2.328 -2.366 -2.400 -2.430 -2.457 -2.481 -2.501 
-2.519 -2.533 -2.545 -2.554 -2.561 -2.567 -2.571 -2.574 -2.578 -2.581 
-2.585 -2.590 -2.596 -2.602 -2.608 -2.614 -2.620 -2.625 -2.628 -2.630 
-2.631 -2.630 -2.628 -2.625 -2.621 -2.618 -2.615 -2.613 -2.611 -2.611 
-2.620 
-2.768 -2.764 -2.767 -2.770 -2.772 -2.774 -2.776 -2.777 -2.777 -2.777 
-2.776 -2.774 -2.771 -2.767 -2.761 -2.755 -2.747 -2.739 -2.729 -2.717 
-2.705 -2.691 -2.676 -2.659 -2.641 -2.621 -2.600 -2.578 -2.554 -2.529 
-2.502 -2.474 -2.444 -2.413 -2.380 -2.347 -2.312 -2.278 -2.243 -2.208 
-2.176 -2.147 -2.123 -2.106 -2.096 -2.094 -2.097 -2.105 -2.116 -2.130 
-2.146 -2.164 -2.184 -2.205 -2.227 -2.251 -2.274 -2.298 -2.322 -2.345 
-2.369 -2.392 -2.415 -2.438 -2.460 -2.482 -2.503 -2.524 -2.544 -2.564 
-2.583 -2.601 -2.618 -2.633 -2.648 -2.662 -2.674 -2.686 -2.696 -2.705 
-2.714 -2.721 -2.728 -2.734 -2.739 -2.743 -2.747 -2.751 -2.755 -2.758 
-2.766 
-3.155 -3.197 -3.206 -3.213 -3.218 -3.222 -3.224 -3.225 -3.224 -3.222 
-3.218 -3.213 -3.205 -3.197 -3.186 -3.174 -3.160 -3.144 -3.126 -3.107 
-3.085 -3.062 -3.036 -3.008 -2.978 -2.946 -2.911 -2.874 -2.834 -2.792 
-2.747 -2.699 -2.649 -2.597 -2.543 -2.486 -2.429 -2.372 -2.318 -2.270 
-2.232 -2.207 -2.195 -2.192 -2.196 -2.203 -2.214 -2.226 -2.239 -2.252 
-2.266 -2.280 -2.293 -2.305 -2.316 -2.327 -2.336 -2.345 -2.354 -2.363 
-2.372 -2.382 -2.393 -2.406 -2.422 -2.441 -2.464 -2.492 -2.524 -2.561 
-2.601 -2.643 -2.686 -2.728 -2.770 -2.811 -2.850 -2.887 -2.922 -2.955 
-2.986 -3.014 -3.041 -3.066 -3.089 -3.110 -3.129 -3.146 -3.161 -3.175 
-3.151 
-3.269 -3.305 -3.321 -3.335 -3.347 -3.357 -3.364 -3.370 -3.373 -3.374 
-3.372 -3.368 -3.362 -3.354 -3.343 -3.330 -3.314 -3.296 -3.275 -3.251 
-3.225 -3.195 -3.163 -3.127 -3.088 -3.045 -2.999 -2.948 -2.893 -2.834 
-2.770 -2.700 -2.625 -2.544 -2.459 -2.368 -2.275 -2.183 -2.099 -2.030 
-1.985 -1.969 -1.980 -2.011 -2.055 -2.104 -2.153 -2.198 -2.240 -2.276 
-2.308 -2.334 -2.354 -2.370 -2.380 -2.386 -2.387 -2.383 -2.376 -2.365 
-2.351 -2.335 -2.319 -2.304 -2.294 -2.290 -2.296 -2.312 -2.341 -2.381 
-2.429 -2.485 -2.544 -2.604 -2.664 -2.723 -2.779 -2.833 -2.883 -2.931 
-2.976 -3.018 -3.058 -3.095 -3.129 -3.161 -3.191 -3.218 -3.243 -3.266 
-3.264 
-3.046 -3.050 -3.065 -3.079 -3.091 -3.102 -3.111 -3.119 -3.125 -3.130 
-3.133 -3.134 -3.133 -3.131 -3.127 -3.120 -3.112 -3.102 -3.090 -3.075 
-3.059 -3.040 -3.019 -2.996 -2.970 -2.942 -2.912 -2.878 -2.842 -2.803 
-2.761 -2.716 -2.669 -2.618 -2.564 -2.507 -2.449 -2.391 -2.334 -2.283 
-2.243 -2.216 -2.203 -2.202 -2.209 -2.223 -2.243 -2.266 -2.292 -2.320 
-2.348 -2.376 -2.404 -2.429 -2.453 -2.475 -2.494 -2.511 -2.525 -2.536 
-2.545 -2.551 -2.556 -2.559 -2.563 -2.567 -2.574 -2.584 -2.597 -2.613 
-2.632 -2.651 -2.671 -2.691 -2.710 -2.730 -2.749 -2.769 -2.789 -2.809 
-2.830 -2.851 -2.873 -2.894 -2.916 -2.937 -2.958 -2.978 -2.997 -3.016 
-3.039 
-2.996 -2.998 -3.007 -3.015 -3.021 -3.027 -3.032 -3.035 -3.037 -3.038 
-3.038 -3.037 -3.034 -3.030 -3.025 -3.018 -3.010 -3.000 -2.989 -2.977 
-2.963 -2.947 -2.930 -2.911 -2.891 -2.868 -2.845 -2.819 -2.792 -2.763 
-2.732 -2.700 -2.666 -2.631 -2.594 -2.557 -2.519 -2.480 -2.442 -2.404 
-2.369 -2.337 -2.309 -2.287 -2.272 -2.263 -2.262 -2.267 -2.277 -2.292 
-2.310 -2.330 -2.353 -2.376 -2.400 -2.424 -2.449 -2.473 -2.496 -2.518 
-2.540 -2.561 -2.581 -2.600 -2.618 -2.635 -2.651 -2.667 -2.682 -2.696 
-2.710 -2.724 -2.738 -2.752 -2.767 -2.781 -2.796 -2.810 -2.825 -2.841 
-2.856 -2.871 -2.886 -2.901 -2.915 -2.929 -2.942 -2.955 -2.967 -2.978 
-2.993 
-3.048 -3.073 -3.092 -3.110 -3.126 -3.140 -3.152 -3.162 -3.171 -3.178 
-3.183 -3.186 -3.187 -3.186 -3.183 -3.178 -3.171 -3.163 -3.152 -3.139 
-3.123 -3.106 -3.086 -3.064 -3.039 -3.012 -2.982 -2.949 -2.913 -2.875 
-2.833 -2.788 -2.739 -2.687 -2.632 -2.573 -2.511 -2.446 -2.380 -2.315 
-2.256 -2.206 -2.170 -2.147 -2.138 -2.141 -2.155 -2.178 -2.208 -2.243 
-2.280 -2.318 -2.356 -2.391 -2.425 -2.457 -2.485 -2.511 -2.535 -2.556 
-2.574 -2.590 -2.604 -2.616 -2.627 -2.636 -2.644 -2.651 -2.657 -2.663 
-2.669 -2.676 -2.683 -2.692 -2.701 -2.713 -2.726 -2.741 -2.758 -2.778 
-2.800 -2.824 -2.850 -2.876 -2.903 -2.930 -2.957 -2.982 -3.007 -3.031 
-3.042 
-3.008 -3.031 -3.058 -3.083 -3.106 -3.127 -3.146 -3.163 -3.177 -3.190 
-3.200 -3.208 -3.214 -3.218 -3.219 -3.217 -3.214 -3.207 -3.198 -3.187 
-3.172 -3.155 -3.135 -3.112 -3.085 -3.055 -3.021 -2.983 -2.941 -2.895 
-2.844 -2.788 -2.727 -2.660 -2.587 -2.509 -2.425 -2.338 -2.252 -2.172 
-2.108 -2.069 -2.060 -2.081 -2.123 -2.178 -2.239 -2.301 -2.362 -2.420 
-2.475 -2.525 -2.571 -2.613 -2.651 -2.684 -2.712 -2.737 -2.757 -2.773 
-2.786 -2.795 -2.801 -2.803 -2.802 -2.798 -2.791 -2.782 -2.770 -2.756 
-2.741 -2.725 -2.708 -2.692 -2.677 -2.665 -2.658 -2.655 -2.659 -2.669 
-2.686 -2.708 -2.735 -2.766 -2.800 -2.835 -2.870 -2.905 -2.939 -2.971 
-2.996 
-2.978 -2.975 -2.984 -2.993 -3.003 -3.013 -3.022 -3.032 -3.041 -3.050 
-3.058 -3.064 -3.070 -3.075 -3.078 -3.079 -3.079 -3.078 -3.074 -3.068 
-3.060 -3.051 -3.038 -3.024 -3.007 -2.987 -2.964 -2.939 -2.911 -2.880 
-2.845 -2.808 -2.767 -2.722 -2.674 -2.622 -2.568 -2.511 -2.453 -2.398 
-2.348 -2.309 -2.285 -2.275 -2.279 -2.294 -2.317 -2.348 -2.385 -2.426 
-2.469 -2.513 -2.557 -2.599 -2.639 -2.676 -2.711 -2.743 -2.772 -2.797 
-2.820 -2.840 -2.858 -2.872 -2.884 -2.894 -2.901 -2.906 -2.909 -2.910 
-2.910 -2.909 -2.906 -2.903 -2.900 -2.896 -2.894 -2.892 -2.892 -2.894 
-2.897 -2.902 -2.907 -2.914 -2.920 -2.927 -2.934 -2.942 -2.949 -2.957 
-2.977 
-3.130 -3.154 -3.168 -3.181 -3.193 -3.203 -3.212 -3.220 -3.227 -3.232 
-3.236 -3.238 -3.239 -3.238 -3.235 -3.232 -3.226 -3.220 -3.211 -3.201 
-3.190 -3.176 -3.161 -3.144 -3.125 -3.104 -3.081 -3.056 -3.028 -2.998 
-2.965 -2.929 -2.891 -2.850 -2.807 -2.761 -2.714 -2.665 -2.615 -2.566 
-2.518 -2.475 -2.437 -2.406 -2.384 -2.371 -2.367 -2.372 -2.383 -2.399 
-2.417 -2.437 -2.458 -2.480 -2.502 -2.525 -2.549 -2.574 -2.599 -2.623 
-2.645 -2.666 -2.685 -2.702 -2.717 -2.731 -2.742 -2.753 -2.763 -2.773 
-2.783 -2.793 -2.805 -2.817 -2.831 -2.846 -2.863 -2.881 -2.900 -2.920 
-2.941 -2.962 -2.984 -3.006 -3.027 -3.047 -3.067 -3.087 -3.105 -3.122 
-3.123 
-3.147 -3.156 -3.154 -3.150 -3.145 -3.140 -3.133 -3.126 -3.118 -3.110 
-3.101 -3.092 -3.082 -3.073 -3.063 -3.054 -3.044 -3.035 -3.026 -3.017 
-3.008 -2.999 -2.990 -2.981 -2.972 -2.963 -2.953 -2.942 -2.931 -2.919 
-2.905 -2.890 -2.873 -2.855 -2.835 -2.812 -2.788 -2.761 -2.732 -2.701 
-2.668 -2.634 -2.598 -2.562 -2.525 -2.488 -2.451 -2.414 -2.378 -2.343 
-2.311 -2.285 -2.267 -2.259 -2.263 -2.278 -2.303 -2.337 -2.378 -2.424 
-2.472 -2.521 -2.570 -2.618 -2.664 -2.707 -2.747 -2.785 -2.820 -2.853 
-2.883 -2.912 -2.938 -2.962 -2.985 -3.006 -3.026 -3.045 -3.062 -3.078 
-3.092 -3.106 -3.117 -3.128 -3.136 -3.144 -3.149 -3.154 -3.156 -3.158 
-3.148 
-3.033 -3.017 -3.013 -3.010 -3.006 -3.001 -2.997 -2.993 -2.989 -2.985 
-2.981 -2.978 -2.974 -2.971 -2.968 -2.965 -2.961 -2.958 -2.955 -2.951 
-2.947 -2.942 -2.937 -2.932 -2.925 -2.917 -2.909 -2.899 -2.888 -2.875 
-2.861 -2.845 -2.827 -2.807 -2.784 -2.760 -2.732 -2.702 -2.670 -2.634 
-2.595 -2.552 -2.507 -2.458 -2.407 -2.352 -2.297 -2.241 -2.186 -2.137 
-2.096 -2.067 -2.054 -2.057 -2.077 -2.111 -2.157 -2.209 -2.266 -2.325 
-2.384 -2.441 -2.496 -2.548 -2.597 -2.642 -2.685 -2.725 -2.761 -2.794 
-2.825 -2.853 -2.878 -2.901 -2.922 -2.940 -2.956 -2.971 -2.983 -2.993 
-3.002 -3.009 -3.015 -3.019 -3.023 -3.024 -3.025 -3.025 -3.024 -3.022 
-3.035 
