IRGRID 64 91
1e+308

0.025 0.03 0.035 0.04 0.045 0.05 0.055 0.06 0.065 0.07
0.075 0.08 0.085 0.09 0.095 0.1 0.11 0.12 0.13 0.14
0.15 0.16 0.17 0.18 0.19 0.2 0.21 0.22 0.23 0.24
0.25 0.26 0.27 0.28 0.29 0.3 0.31 0.32 0.33 0.34
0.35 0.36 0.37 0.38 0.39 0.4 0.41 0.42 0.43 0.44
0.45 0.46 0.47 0.48 0.49 0.5 0.51 0.52 0.53 0.54
0.55 0.56 0.57 0.58
0 4 8 12 16 20 24 28 32 36
40 44 48 52 56 60 64 68 72 76
80 84 88 92 96 100 104 108 112 116
120 124 128 132 136 140 144 148 152 156
160 164 168 172 176 180 184 188 192 196
200 204 208 212 216 220 224 228 232 236
240 244 248 252 256 260 264 268 272 276
280 284 288 292 296 300 304 308 312 316
320 324 328 332 336 340 344 348 352 356
360
-4.000 -4.000 -4.000 -4.000 -4.000 -4.000 -4.000 -4.000 -4.000 -4.000 
-4.000 -4.000 -4.000 -4.000 -4.000 -4.000 -4.000 -4.000 -4.000 -4.000 
-4.000 -4.000 -4.000 -4.000 -4.000 -4.000 -4.000 -4.000 -4.000 -4.000 
-4.000 -4.000 -4.000 -3.987 -3.998 -4.000 -4.000 -4.000 -4.000 -3.960 
-3.863 -3.739 -3.616 -3.543 -3.567 -3.670 -3.803 -3.933 -4.000 -4.000 
-4.000 -4.000 -4.000 -4.000 -4.000 -4.000 -4.000 -4.000 -4.000 -4.000 
-4.000 -4.000 -4.000 -4.000 -4.000 -4.000 -4.000 -4.000 -4.000 -4.000 
-4.000 -4.000 -4.000 -4.000 -4.000 -4.000 -4.000 -4.000 -4.000 -4.000 
-4.000 -4.000 -4.000 -4.000 -4.000 -4.000 -4.000 -4.000 -4.000 -4.000 
-4.000 
-4.000 -4.000 -4.000 -4.000 -4.000 -4.000 -4.000 -4.000 -4.000 -4.000 
-4.000 -4.000 -4.000 -4.000 -4.000 -4.000 -4.000 -3.985 -3.941 -3.894 
-3.846 -3.796 -3.747 -3.700 -3.657 -3.621 -3.592 -3.571 -3.558 -3.552 
-3.550 -3.550 -3.550 -3.548 -3.541 -3.524 -3.496 -3.450 -3.385 -3.296 
-3.185 -3.060 -2.946 -2.882 -2.897 -2.976 -3.083 -3.183 -3.262 -3.317 
-3.351 -3.367 -3.370 -3.364 -3.355 -3.348 -3.348 -3.360 -3.385 -3.423 
-3.470 -3.521 -3.574 -3.625 -3.670 -3.709 -3.741 -3.765 -3.781 -3.788 
-3.788 -3.781 -3.769 -3.751 -3.730 -3.708 -3.687 -3.669 -3.659 -3.659 
-3.670 -3.694 -3.728 -3.770 -3.818 -3.868 -3.917 -3.965 -4.000 -4.000 
-4.000 
-3.190 -3.286 -3.304 -3.326 -3.350 -3.372 -3.392 -3.406 -3.416 -3.419 
-3.416 -3.408 -3.393 -3.373 -3.348 -3.317 -3.281 -3.241 -3.197 -3.150 
-3.101 -3.051 -3.002 -2.955 -2.913 -2.878 -2.852 -2.835 -2.827 -2.828 
-2.835 -2.847 -2.860 -2.872 -2.882 -2.887 -2.884 -2.873 -2.850 -2.813 
-2.760 -2.690 -2.611 -2.542 -2.513 -2.536 -2.593 -2.653 -2.698 -2.722 
-2.729 -2.721 -2.704 -2.683 -2.661 -2.646 -2.641 -2.651 -2.677 -2.718 
-2.771 -2.833 -2.899 -2.966 -3.031 -3.094 -3.153 -3.207 -3.256 -3.299 
-3.338 -3.371 -3.398 -3.420 -3.437 -3.448 -3.454 -3.456 -3.454 -3.448 
-3.438 -3.425 -3.409 -3.388 -3.365 -3.340 -3.315 -3.294 -3.279 -3.272 
-3.191 
-2.674 -2.646 -2.673 -2.709 -2.749 -2.792 -2.834 -2.875 -2.912 -2.944 
-2.971 -2.992 -3.007 -3.014 -3.014 -3.006 -2.990 -2.965 -2.933 -2.894 
-2.852 -2.811 -2.778 -2.757 -2.750 -2.756 -2.769 -2.785 -2.799 -2.809 
-2.812 -2.808 -2.796 -2.775 -2.743 -2.700 -2.645 -2.577 -2.496 -2.399 
-2.290 -2.171 -2.055 -1.964 -1.927 -1.957 -2.041 -2.152 -2.264 -2.364 
-2.446 -2.507 -2.549 -2.574 -2.586 -2.591 -2.598 -2.615 -2.647 -2.694 
-2.750 -2.810 -2.868 -2.922 -2.970 -3.011 -3.046 -3.074 -3.096 -3.112 
-3.122 -3.127 -3.126 -3.120 -3.110 -3.094 -3.074 -3.049 -3.020 -2.986 
-2.949 -2.908 -2.864 -2.819 -2.773 -2.729 -2.690 -2.658 -2.635 -2.626 
-2.668 
-3.005 -3.050 -3.049 -3.047 -3.043 -3.034 -3.020 -3.001 -2.976 -2.946 
-2.911 -2.871 -2.827 -2.780 -2.727 -2.670 -2.607 -2.539 -2.467 -2.395 
-2.325 -2.265 -2.221 -2.198 -2.200 -2.223 -2.263 -2.313 -2.366 -2.420 
-2.470 -2.515 -2.555 -2.587 -2.613 -2.631 -2.641 -2.642 -2.634 -2.614 
-2.582 -2.536 -2.479 -2.424 -2.391 -2.393 -2.412 -2.424 -2.418 -2.392 
-2.349 -2.292 -2.230 -2.173 -2.130 -2.104 -2.094 -2.103 -2.137 -2.193 
-2.266 -2.349 -2.435 -2.521 -2.602 -2.679 -2.749 -2.814 -2.873 -2.926 
-2.974 -3.016 -3.053 -3.086 -3.114 -3.137 -3.156 -3.170 -3.179 -3.184 
-3.184 -3.180 -3.171 -3.159 -3.143 -3.125 -3.106 -3.087 -3.072 -3.060 
-3.008 
-3.093 -3.094 -3.055 -3.014 -2.971 -2.926 -2.881 -2.836 -2.793 -2.753 
-2.717 -2.688 -2.667 -2.653 -2.648 -2.648 -2.654 -2.660 -2.665 -2.667 
-2.665 -2.660 -2.657 -2.661 -2.675 -2.698 -2.728 -2.759 -2.790 -2.817 
-2.839 -2.855 -2.866 -2.870 -2.868 -2.860 -2.846 -2.825 -2.798 -2.765 
-2.725 -2.679 -2.628 -2.573 -2.517 -2.464 -2.418 -2.377 -2.338 -2.290 
-2.227 -2.151 -2.078 -2.035 -2.042 -2.099 -2.187 -2.284 -2.381 -2.477 
-2.570 -2.658 -2.741 -2.817 -2.887 -2.950 -3.007 -3.057 -3.103 -3.143 
-3.178 -3.209 -3.236 -3.258 -3.277 -3.292 -3.304 -3.312 -3.317 -3.319 
-3.317 -3.313 -3.305 -3.294 -3.280 -3.262 -3.242 -3.218 -3.192 -3.162 
-3.101 
-2.584 -2.593 -2.567 -2.539 -2.508 -2.476 -2.443 -2.411 -2.381 -2.354 
-2.333 -2.319 -2.311 -2.311 -2.318 -2.330 -2.346 -2.365 -2.385 -2.405 
-2.424 -2.441 -2.456 -2.468 -2.477 -2.482 -2.485 -2.483 -2.479 -2.470 
-2.458 -2.442 -2.422 -2.399 -2.371 -2.338 -2.301 -2.260 -2.214 -2.163 
-2.108 -2.049 -1.987 -1.926 -1.868 -1.820 -1.787 -1.772 -1.775 -1.791 
-1.814 -1.840 -1.867 -1.899 -1.939 -1.989 -2.044 -2.100 -2.154 -2.205 
-2.254 -2.299 -2.342 -2.381 -2.418 -2.452 -2.483 -2.511 -2.537 -2.561 
-2.583 -2.603 -2.620 -2.636 -2.650 -2.662 -2.673 -2.681 -2.688 -2.694 
-2.698 -2.700 -2.700 -2.698 -2.694 -2.687 -2.679 -2.667 -2.653 -2.636 
-2.595 
-2.195 -2.195 -2.206 -2.216 -2.225 -2.233 -2.240 -2.245 -2.250 -2.254 
-2.257 -2.261 -2.264 -2.268 -2.271 -2.274 -2.276 -2.278 -2.278 -2.277 
-2.274 -2.270 -2.264 -2.256 -2.246 -2.234 -2.220 -2.204 -2.186 -2.166 
-2.144 -2.119 -2.092 -2.063 -2.031 -1.997 -1.960 -1.921 -1.879 -1.834 
-1.786 -1.736 -1.684 -1.631 -1.576 -1.523 -1.471 -1.424 -1.382 -1.347 
-1.321 -1.304 -1.296 -1.297 -1.305 -1.315 -1.326 -1.335 -1.339 -1.338 
-1.333 -1.327 -1.324 -1.328 -1.342 -1.368 -1.406 -1.452 -1.504 -1.559 
-1.613 -1.665 -1.715 -1.761 -1.804 -1.844 -1.880 -1.913 -1.944 -1.973 
-1.999 -2.023 -2.046 -2.067 -2.087 -2.105 -2.123 -2.139 -2.155 -2.169 
-2.191 
-1.996 -2.040 -2.066 -2.091 -2.114 -2.134 -2.154 -2.171 -2.186 -2.200 
-2.212 -2.223 -2.231 -2.238 -2.243 -2.247 -2.249 -2.249 -2.247 -2.243 
-2.238 -2.231 -2.222 -2.211 -2.199 -2.184 -2.168 -2.150 -2.129 -2.107 
-2.083 -2.056 -2.027 -1.996 -1.962 -1.926 -1.888 -1.846 -1.802 -1.755 
-1.705 -1.651 -1.594 -1.534 -1.472 -1.406 -1.339 -1.271 -1.206 -1.145 
-1.093 -1.051 -1.019 -0.994 -0.972 -0.949 -0.922 -0.890 -0.853 -0.813 
-0.774 -0.739 -0.714 -0.702 -0.706 -0.729 -0.767 -0.818 -0.878 -0.944 
-1.012 -1.080 -1.148 -1.214 -1.279 -1.341 -1.400 -1.458 -1.513 -1.566 
-1.617 -1.666 -1.712 -1.757 -1.800 -1.840 -1.878 -1.915 -1.949 -1.981 
-1.987 
-1.701 -1.715 -1.736 -1.757 -1.776 -1.795 -1.814 -1.832 -1.849 -1.866 
-1.882 -1.896 -1.909 -1.920 -1.930 -1.938 -1.943 -1.946 -1.947 -1.946 
-1.943 -1.937 -1.929 -1.918 -1.905 -1.889 -1.871 -1.851 -1.828 -1.802 
-1.773 -1.741 -1.707 -1.669 -1.628 -1.584 -1.536 -1.485 -1.430 -1.371 
-1.307 -1.240 -1.169 -1.093 -1.014 -0.933 -0.851 -0.770 -0.695 -0.629 
-0.577 -0.543 -0.526 -0.524 -0.529 -0.529 -0.509 -0.475 -0.494 -0.574 
-0.650 -0.705 -0.745 -0.777 -0.806 -0.835 -0.866 -0.897 -0.929 -0.961 
-0.993 -1.026 -1.060 -1.095 -1.131 -1.168 -1.207 -1.246 -1.286 -1.326 
-1.366 -1.405 -1.444 -1.481 -1.517 -1.551 -1.583 -1.613 -1.642 -1.668 
-1.690 
-1.621 -1.595 -1.595 -1.597 -1.603 -1.613 -1.626 -1.643 -1.664 -1.687 
-1.713 -1.740 -1.768 -1.796 -1.824 -1.850 -1.876 -1.899 -1.921 -1.941 
-1.958 -1.973 -1.985 -1.995 -2.002 -2.006 -2.007 -2.005 -2.000 -1.993 
-1.981 -1.967 -1.949 -1.927 -1.902 -1.873 -1.839 -1.802 -1.759 -1.711 
-1.658 -1.599 -1.533 -1.461 -1.382 -1.296 -1.204 -1.108 -1.012 -0.924 
-0.852 -0.794 -0.740 -0.673 -0.572 -0.427 -0.252 -0.119 -0.116 -0.244 
-0.417 -0.567 -0.674 -0.741 -0.785 -0.827 -0.887 -0.971 -1.063 -1.150 
-1.228 -1.293 -1.349 -1.397 -1.438 -1.473 -1.504 -1.531 -1.554 -1.573 
-1.589 -1.601 -1.610 -1.616 -1.618 -1.618 -1.616 -1.612 -1.608 -1.603 
-1.625 
-2.040 -2.110 -2.121 -2.133 -2.146 -2.159 -2.174 -2.190 -2.207 -2.225 
-2.243 -2.261 -2.277 -2.292 -2.306 -2.317 -2.327 -2.333 -2.337 -2.338 
-2.336 -2.331 -2.323 -2.313 -2.298 -2.281 -2.261 -2.237 -2.209 -2.179 
-2.144 -2.106 -2.064 -2.017 -1.966 -1.911 -1.851 -1.785 -1.713 -1.635 
-1.551 -1.459 -1.359 -1.251 -1.134 -1.010 -0.880 -0.750 -0.629 -0.531 
-0.466 -0.437 -0.438 -0.453 -0.468 -0.469 -0.444 -0.402 -0.400 -0.436 
-0.453 -0.441 -0.407 -0.366 -0.334 -0.335 -0.384 -0.481 -0.610 -0.752 
-0.892 -1.025 -1.147 -1.259 -1.360 -1.453 -1.538 -1.615 -1.684 -1.747 
-1.804 -1.854 -1.899 -1.939 -1.974 -2.003 -2.029 -2.050 -2.069 -2.084 
-2.035 
-2.055 -2.102 -2.139 -2.172 -2.203 -2.230 -2.254 -2.275 -2.294 -2.310 
-2.324 -2.335 -2.344 -2.350 -2.354 -2.356 -2.356 -2.354 -2.349 -2.342 
-2.333 -2.322 -2.308 -2.292 -2.274 -2.253 -2.230 -2.205 -2.177 -2.146 
-2.112 -2.076 -2.037 -1.995 -1.949 -1.900 -1.848 -1.792 -1.732 -1.668 
-1.599 -1.526 -1.447 -1.364 -1.275 -1.181 -1.083 -0.981 -0.881 -0.787 
-0.705 -0.636 -0.575 -0.510 -0.443 -0.428 -0.470 -0.512 -0.540 -0.561 
-0.576 -0.586 -0.593 -0.597 -0.605 -0.625 -0.667 -0.729 -0.803 -0.880 
-0.957 -1.032 -1.105 -1.173 -1.236 -1.291 -1.337 -1.374 -1.404 -1.432 
-1.466 -1.512 -1.572 -1.641 -1.712 -1.783 -1.849 -1.909 -1.965 -2.015 
-2.045 
-1.856 -1.893 -1.959 -2.019 -2.075 -2.126 -2.172 -2.214 -2.253 -2.287 
-2.319 -2.347 -2.372 -2.393 -2.412 -2.428 -2.441 -2.452 -2.460 -2.465 
-2.467 -2.467 -2.464 -2.459 -2.451 -2.440 -2.427 -2.411 -2.392 -2.370 
-2.346 -2.318 -2.287 -2.252 -2.214 -2.172 -2.126 -2.076 -2.021 -1.961 
-1.895 -1.822 -1.741 -1.652 -1.553 -1.441 -1.317 -1.187 -1.069 -0.980 
-0.899 -0.782 -0.607 -0.394 -0.224 -0.199 -0.327 -0.510 -0.672 -0.798 
-0.894 -0.968 -1.026 -1.073 -1.112 -1.145 -1.174 -1.198 -1.218 -1.233 
-1.240 -1.239 -1.229 -1.208 -1.178 -1.139 -1.095 -1.051 -1.013 -0.991 
-0.994 -1.027 -1.089 -1.174 -1.271 -1.372 -1.473 -1.569 -1.660 -1.744 
-1.825 
-1.958 -2.010 -2.066 -2.117 -2.164 -2.207 -2.246 -2.282 -2.314 -2.343 
-2.369 -2.391 -2.411 -2.428 -2.442 -2.453 -2.461 -2.467 -2.470 -2.471 
-2.469 -2.464 -2.456 -2.446 -2.433 -2.417 -2.398 -2.375 -2.350 -2.322 
-2.290 -2.254 -2.214 -2.170 -2.122 -2.069 -2.010 -1.945 -1.874 -1.794 
-1.706 -1.608 -1.498 -1.374 -1.235 -1.081 -0.918 -0.764 -0.657 -0.629 
-0.679 -0.762 -0.822 -0.818 -0.755 -0.766 -0.894 -1.031 -1.137 -1.216 
-1.276 -1.320 -1.352 -1.373 -1.384 -1.386 -1.380 -1.365 -1.344 -1.316 
-1.284 -1.250 -1.217 -1.188 -1.165 -1.145 -1.129 -1.119 -1.121 -1.139 
-1.177 -1.235 -1.309 -1.393 -1.482 -1.570 -1.656 -1.737 -1.813 -1.884 
-1.938 
-2.146 -2.199 -2.247 -2.291 -2.331 -2.368 -2.402 -2.432 -2.460 -2.485 
-2.507 -2.527 -2.544 -2.558 -2.570 -2.580 -2.587 -2.591 -2.594 -2.594 
-2.591 -2.586 -2.579 -2.570 -2.557 -2.543 -2.526 -2.506 -2.483 -2.458 
-2.430 -2.399 -2.364 -2.327 -2.286 -2.241 -2.192 -2.138 -2.080 -2.017 
-1.948 -1.872 -1.789 -1.697 -1.595 -1.482 -1.357 -1.228 -1.116 -1.045 
-1.006 -0.963 -0.902 -0.826 -0.734 -0.669 -0.705 -0.796 -0.878 -0.942 
-0.990 -1.025 -1.048 -1.061 -1.063 -1.056 -1.039 -1.014 -0.982 -0.945 
-0.907 -0.874 -0.852 -0.850 -0.873 -0.921 -0.994 -1.083 -1.180 -1.279 
-1.378 -1.475 -1.569 -1.658 -1.743 -1.823 -1.898 -1.968 -2.032 -2.092 
-2.131 
-2.199 -2.246 -2.295 -2.339 -2.380 -2.418 -2.452 -2.483 -2.510 -2.535 
-2.557 -2.577 -2.593 -2.607 -2.619 -2.628 -2.635 -2.639 -2.640 -2.640 
-2.637 -2.631 -2.623 -2.613 -2.600 -2.584 -2.566 -2.546 -2.523 -2.496 
-2.468 -2.436 -2.401 -2.363 -2.321 -2.276 -2.228 -2.176 -2.119 -2.059 
-1.995 -1.926 -1.853 -1.775 -1.694 -1.608 -1.518 -1.423 -1.323 -1.213 
-1.089 -0.943 -0.764 -0.553 -0.345 -0.225 -0.262 -0.405 -0.566 -0.698 
-0.796 -0.866 -0.914 -0.943 -0.959 -0.965 -0.964 -0.958 -0.948 -0.932 
-0.907 -0.874 -0.837 -0.803 -0.787 -0.804 -0.862 -0.957 -1.075 -1.203 
-1.330 -1.451 -1.564 -1.667 -1.763 -1.850 -1.931 -2.005 -2.073 -2.135 
-2.180 
-2.198 -2.210 -2.240 -2.267 -2.291 -2.313 -2.331 -2.348 -2.362 -2.373 
-2.382 -2.389 -2.393 -2.395 -2.394 -2.392 -2.387 -2.379 -2.370 -2.358 
-2.343 -2.326 -2.307 -2.285 -2.260 -2.232 -2.202 -2.168 -2.132 -2.092 
-2.048 -2.000 -1.948 -1.891 -1.829 -1.761 -1.687 -1.604 -1.511 -1.407 
-1.291 -1.164 -1.037 -0.933 -0.879 -0.870 -0.874 -0.870 -0.856 -0.835 
-0.812 -0.788 -0.759 -0.715 -0.648 -0.589 -0.605 -0.653 -0.681 -0.689 
-0.689 -0.689 -0.691 -0.693 -0.693 -0.694 -0.701 -0.720 -0.755 -0.805 
-0.866 -0.934 -1.000 -1.061 -1.119 -1.182 -1.258 -1.346 -1.441 -1.534 
-1.621 -1.701 -1.774 -1.842 -1.903 -1.959 -2.011 -2.058 -2.101 -2.141 
-2.185 
-2.273 -2.332 -2.346 -2.357 -2.366 -2.373 -2.378 -2.380 -2.379 -2.377 
-2.372 -2.364 -2.354 -2.342 -2.327 -2.310 -2.290 -2.268 -2.243 -2.215 
-2.184 -2.149 -2.112 -2.071 -2.027 -1.979 -1.926 -1.869 -1.808 -1.740 
-1.668 -1.588 -1.502 -1.407 -1.303 -1.189 -1.063 -0.925 -0.776 -0.622 
-0.475 -0.353 -0.266 -0.215 -0.211 -0.256 -0.331 -0.412 -0.484 -0.542 
-0.585 -0.615 -0.633 -0.639 -0.635 -0.620 -0.596 -0.565 -0.531 -0.504 
-0.496 -0.519 -0.576 -0.660 -0.757 -0.855 -0.948 -1.035 -1.120 -1.205 
-1.291 -1.377 -1.462 -1.544 -1.622 -1.695 -1.764 -1.828 -1.887 -1.942 
-1.993 -2.040 -2.083 -2.123 -2.159 -2.193 -2.223 -2.250 -2.274 -2.296 
-2.270 
-1.995 -1.986 -1.993 -1.997 -1.999 -2.000 -1.997 -1.993 -1.987 -1.978 
-1.967 -1.953 -1.937 -1.919 -1.898 -1.875 -1.849 -1.820 -1.788 -1.753 
-1.715 -1.674 -1.629 -1.580 -1.527 -1.470 -1.408 -1.341 -1.267 -1.188 
-1.100 -1.005 -0.899 -0.782 -0.651 -0.504 -0.337 -0.152 0.033 0.164 
0.213 0.216 0.186 0.123 0.040 -0.048 -0.132 -0.205 -0.267 -0.316 
-0.356 -0.388 -0.414 -0.436 -0.458 -0.479 -0.502 -0.525 -0.550 -0.578 
-0.613 -0.658 -0.715 -0.782 -0.855 -0.929 -1.002 -1.074 -1.144 -1.211 
-1.276 -1.338 -1.396 -1.452 -1.505 -1.554 -1.601 -1.645 -1.686 -1.724 
-1.760 -1.792 -1.823 -1.850 -1.875 -1.898 -1.919 -1.937 -1.952 -1.966 
-1.991 
-1.901 -1.918 -1.919 -1.917 -1.913 -1.907 -1.899 -1.888 -1.875 -1.860 
-1.842 -1.822 -1.799 -1.774 -1.746 -1.715 -1.681 -1.644 -1.604 -1.561 
-1.514 -1.463 -1.408 -1.348 -1.284 -1.215 -1.139 -1.057 -0.968 -0.871 
-0.764 -0.646 -0.515 -0.368 -0.203 -0.017 0.190 0.406 0.587 0.673 
0.636 0.525 0.397 0.281 0.183 0.105 0.044 -0.003 -0.038 -0.066 
-0.088 -0.109 -0.133 -0.162 -0.199 -0.247 -0.306 -0.375 -0.451 -0.533 
-0.616 -0.700 -0.783 -0.865 -0.944 -1.019 -1.092 -1.161 -1.227 -1.290 
-1.348 -1.404 -1.456 -1.505 -1.550 -1.593 -1.633 -1.669 -1.703 -1.734 
-1.763 -1.789 -1.812 -1.833 -1.852 -1.868 -1.882 -1.894 -1.903 -1.910 
-1.900 
-1.725 -1.716 -1.714 -1.710 -1.703 -1.694 -1.683 -1.670 -1.654 -1.637 
-1.616 -1.593 -1.568 -1.540 -1.509 -1.476 -1.439 -1.400 -1.357 -1.311 
-1.261 -1.207 -1.149 -1.086 -1.019 -0.946 -0.867 -0.782 -0.690 -0.589 
-0.479 -0.359 -0.226 -0.080 0.080 0.253 0.433 0.601 0.728 0.779 
0.745 0.661 0.565 0.476 0.400 0.339 0.291 0.253 0.222 0.194 
0.166 0.134 0.095 0.046 -0.014 -0.084 -0.163 -0.249 -0.338 -0.428 
-0.517 -0.605 -0.689 -0.770 -0.847 -0.920 -0.989 -1.054 -1.115 -1.172 
-1.226 -1.276 -1.324 -1.368 -1.408 -1.446 -1.482 -1.514 -1.544 -1.571 
-1.596 -1.618 -1.638 -1.656 -1.671 -1.684 -1.695 -1.704 -1.710 -1.714 
-1.724 
-1.706 -1.697 -1.694 -1.689 -1.682 -1.673 -1.662 -1.648 -1.632 -1.613 
-1.592 -1.568 -1.542 -1.514 -1.482 -1.448 -1.410 -1.370 -1.326 -1.278 
-1.227 -1.172 -1.113 -1.049 -0.980 -0.906 -0.825 -0.739 -0.645 -0.544 
-0.433 -0.314 -0.185 -0.045 0.104 0.260 0.412 0.543 0.629 0.652 
0.617 0.551 0.477 0.410 0.354 0.311 0.280 0.258 0.245 0.234 
0.223 0.206 0.177 0.132 0.070 -0.005 -0.092 -0.185 -0.282 -0.379 
-0.475 -0.567 -0.656 -0.740 -0.820 -0.895 -0.966 -1.032 -1.094 -1.153 
-1.208 -1.259 -1.306 -1.351 -1.392 -1.430 -1.465 -1.498 -1.528 -1.555 
-1.579 -1.602 -1.621 -1.639 -1.654 -1.667 -1.677 -1.686 -1.692 -1.696 
-1.706 
-1.882 -1.882 -1.877 -1.869 -1.859 -1.846 -1.831 -1.814 -1.795 -1.773 
-1.748 -1.721 -1.691 -1.659 -1.623 -1.584 -1.543 -1.498 -1.449 -1.397 
-1.340 -1.280 -1.215 -1.146 -1.071 -0.992 -0.907 -0.817 -0.721 -0.619 
-0.514 -0.406 -0.298 -0.194 -0.097 -0.011 0.063 0.121 0.156 0.157 
0.133 0.099 0.069 0.048 0.041 0.046 0.064 0.092 0.125 0.152 
0.162 0.150 0.113 0.048 -0.042 -0.150 -0.266 -0.384 -0.499 -0.610 
-0.714 -0.813 -0.905 -0.991 -1.071 -1.146 -1.216 -1.281 -1.341 -1.397 
-1.450 -1.498 -1.544 -1.585 -1.624 -1.659 -1.692 -1.722 -1.749 -1.773 
-1.795 -1.815 -1.832 -1.847 -1.859 -1.869 -1.877 -1.882 -1.886 -1.887 
-1.882 
-2.101 -2.112 -2.102 -2.090 -2.076 -2.059 -2.040 -2.019 -1.995 -1.968 
-1.939 -1.907 -1.872 -1.835 -1.794 -1.750 -1.703 -1.652 -1.598 -1.539 
-1.477 -1.410 -1.339 -1.263 -1.183 -1.097 -1.007 -0.912 -0.815 -0.715 
-0.616 -0.522 -0.436 -0.363 -0.307 -0.267 -0.244 -0.233 -0.230 -0.229 
-0.225 -0.215 -0.195 -0.163 -0.118 -0.059 0.012 0.087 0.148 0.169 
0.129 0.034 -0.094 -0.235 -0.378 -0.519 -0.653 -0.778 -0.896 -1.004 
-1.104 -1.197 -1.282 -1.361 -1.435 -1.503 -1.566 -1.624 -1.678 -1.728 
-1.775 -1.817 -1.857 -1.893 -1.927 -1.957 -1.985 -2.010 -2.033 -2.053 
-2.070 -2.085 -2.098 -2.109 -2.117 -2.123 -2.126 -2.128 -2.127 -2.124 
-2.103 
-2.147 -2.129 -2.118 -2.106 -2.091 -2.073 -2.054 -2.031 -2.006 -1.979 
-1.949 -1.916 -1.880 -1.841 -1.799 -1.753 -1.704 -1.651 -1.595 -1.534 
-1.469 -1.399 -1.324 -1.243 -1.158 -1.067 -0.970 -0.869 -0.764 -0.658 
-0.554 -0.458 -0.375 -0.310 -0.266 -0.239 -0.226 -0.223 -0.231 -0.244 
-0.257 -0.265 -0.264 -0.252 -0.228 -0.194 -0.152 -0.106 -0.067 -0.053 
-0.078 -0.145 -0.241 -0.356 -0.480 -0.606 -0.729 -0.846 -0.956 -1.059 
-1.154 -1.243 -1.325 -1.402 -1.473 -1.539 -1.600 -1.657 -1.710 -1.759 
-1.805 -1.847 -1.886 -1.921 -1.954 -1.984 -2.011 -2.035 -2.057 -2.077 
-2.094 -2.108 -2.120 -2.130 -2.138 -2.143 -2.146 -2.147 -2.146 -2.142 
-2.150 
-2.322 -2.325 -2.319 -2.310 -2.299 -2.285 -2.269 -2.251 -2.230 -2.207 
-2.181 -2.153 -2.122 -2.087 -2.050 -2.010 -1.966 -1.919 -1.868 -1.813 
-1.754 -1.690 -1.621 -1.547 -1.468 -1.382 -1.290 -1.191 -1.086 -0.973 
-0.855 -0.732 -0.609 -0.490 -0.379 -0.280 -0.197 -0.141 -0.121 -0.134 
-0.168 -0.208 -0.244 -0.270 -0.284 -0.287 -0.281 -0.267 -0.252 -0.245 
-0.253 -0.285 -0.344 -0.428 -0.531 -0.646 -0.764 -0.882 -0.996 -1.104 
-1.206 -1.302 -1.391 -1.474 -1.552 -1.624 -1.692 -1.754 -1.813 -1.867 
-1.918 -1.965 -2.008 -2.048 -2.086 -2.120 -2.151 -2.180 -2.206 -2.229 
-2.250 -2.268 -2.284 -2.298 -2.309 -2.318 -2.325 -2.329 -2.332 -2.332 
-2.322 
-2.484 -2.488 -2.480 -2.469 -2.455 -2.439 -2.421 -2.400 -2.377 -2.351 
-2.323 -2.291 -2.257 -2.219 -2.178 -2.134 -2.086 -2.035 -1.979 -1.918 
-1.853 -1.783 -1.707 -1.625 -1.535 -1.438 -1.333 -1.218 -1.094 -0.960 
-0.818 -0.673 -0.538 -0.426 -0.354 -0.322 -0.321 -0.339 -0.371 -0.411 
-0.453 -0.489 -0.515 -0.529 -0.531 -0.523 -0.506 -0.485 -0.467 -0.459 
-0.472 -0.512 -0.579 -0.669 -0.777 -0.894 -1.012 -1.128 -1.240 -1.345 
-1.443 -1.535 -1.621 -1.701 -1.776 -1.845 -1.909 -1.969 -2.025 -2.077 
-2.125 -2.169 -2.210 -2.248 -2.283 -2.315 -2.344 -2.371 -2.395 -2.416 
-2.435 -2.451 -2.465 -2.477 -2.486 -2.493 -2.498 -2.501 -2.501 -2.499 
-2.487 
-2.505 -2.499 -2.494 -2.487 -2.477 -2.465 -2.451 -2.434 -2.415 -2.393 
-2.369 -2.342 -2.312 -2.280 -2.244 -2.205 -2.163 -2.117 -2.068 -2.014 
-1.957 -1.895 -1.827 -1.755 -1.676 -1.592 -1.499 -1.400 -1.291 -1.174 
-1.048 -0.915 -0.779 -0.650 -0.537 -0.450 -0.395 -0.373 -0.380 -0.405 
-0.437 -0.472 -0.505 -0.533 -0.550 -0.557 -0.554 -0.541 -0.524 -0.508 
-0.501 -0.510 -0.543 -0.601 -0.682 -0.779 -0.883 -0.989 -1.094 -1.196 
-1.295 -1.390 -1.481 -1.567 -1.649 -1.725 -1.797 -1.865 -1.927 -1.986 
-2.041 -2.091 -2.139 -2.182 -2.223 -2.260 -2.294 -2.325 -2.354 -2.379 
-2.403 -2.423 -2.441 -2.457 -2.470 -2.481 -2.490 -2.496 -2.500 -2.502 
-2.505 
-2.482 -2.500 -2.503 -2.503 -2.502 -2.498 -2.492 -2.484 -2.473 -2.461 
-2.445 -2.428 -2.408 -2.385 -2.360 -2.332 -2.302 -2.268 -2.231 -2.191 
-2.148 -2.101 -2.050 -1.995 -1.935 -1.871 -1.801 -1.725 -1.643 -1.554 
-1.457 -1.352 -1.239 -1.119 -0.996 -0.874 -0.760 -0.656 -0.560 -0.478 
-0.419 -0.392 -0.398 -0.433 -0.488 -0.547 -0.601 -0.645 -0.679 -0.702 
-0.719 -0.735 -0.752 -0.774 -0.802 -0.835 -0.873 -0.920 -0.976 -1.042 
-1.116 -1.196 -1.279 -1.362 -1.445 -1.525 -1.603 -1.676 -1.747 -1.813 
-1.876 -1.935 -1.990 -2.042 -2.091 -2.136 -2.178 -2.218 -2.254 -2.288 
-2.319 -2.347 -2.373 -2.396 -2.417 -2.436 -2.452 -2.466 -2.478 -2.487 
-2.480 
-2.344 -2.336 -2.338 -2.339 -2.337 -2.333 -2.328 -2.320 -2.310 -2.297 
-2.283 -2.266 -2.247 -2.226 -2.202 -2.176 -2.147 -2.115 -2.081 -2.044 
-2.003 -1.960 -1.914 -1.864 -1.811 -1.753 -1.693 -1.628 -1.558 -1.485 
-1.407 -1.323 -1.235 -1.140 -1.039 -0.931 -0.815 -0.691 -0.561 -0.429 
-0.305 -0.205 -0.147 -0.140 -0.179 -0.246 -0.328 -0.415 -0.501 -0.582 
-0.655 -0.721 -0.780 -0.834 -0.885 -0.934 -0.983 -1.035 -1.089 -1.146 
-1.205 -1.266 -1.328 -1.390 -1.451 -1.512 -1.571 -1.628 -1.683 -1.736 
-1.787 -1.836 -1.883 -1.927 -1.969 -2.008 -2.045 -2.080 -2.112 -2.143 
-2.171 -2.196 -2.220 -2.241 -2.260 -2.277 -2.292 -2.305 -2.316 -2.325 
-2.342 
-2.373 -2.367 -2.359 -2.348 -2.335 -2.320 -2.302 -2.283 -2.261 -2.237 
-2.210 -2.181 -2.150 -2.116 -2.079 -2.039 -1.997 -1.952 -1.904 -1.852 
-1.798 -1.740 -1.678 -1.613 -1.545 -1.472 -1.396 -1.316 -1.234 -1.150 
-1.066 -0.985 -0.908 -0.835 -0.767 -0.700 -0.632 -0.562 -0.488 -0.413 
-0.335 -0.261 -0.199 -0.157 -0.141 -0.154 -0.199 -0.271 -0.363 -0.466 
-0.577 -0.691 -0.806 -0.916 -1.020 -1.116 -1.207 -1.291 -1.370 -1.444 
-1.515 -1.582 -1.646 -1.706 -1.764 -1.819 -1.871 -1.920 -1.967 -2.010 
-2.051 -2.090 -2.126 -2.159 -2.190 -2.218 -2.244 -2.267 -2.289 -2.308 
-2.324 -2.339 -2.351 -2.361 -2.370 -2.376 -2.379 -2.381 -2.381 -2.378 
-2.375 
-2.433 -2.431 -2.418 -2.403 -2.386 -2.366 -2.344 -2.319 -2.292 -2.262 
-2.229 -2.194 -2.156 -2.115 -2.070 -2.022 -1.971 -1.916 -1.858 -1.795 
-1.728 -1.656 -1.579 -1.498 -1.412 -1.320 -1.224 -1.125 -1.024 -0.925 
-0.833 -0.754 -0.693 -0.652 -0.629 -0.619 -0.615 -0.610 -0.600 -0.583 
-0.558 -0.525 -0.486 -0.446 -0.411 -0.388 -0.378 -0.377 -0.388 -0.422 
-0.488 -0.586 -0.706 -0.837 -0.967 -1.092 -1.209 -1.318 -1.419 -1.512 
-1.598 -1.678 -1.752 -1.821 -1.884 -1.943 -1.998 -2.049 -2.096 -2.139 
-2.179 -2.216 -2.250 -2.282 -2.310 -2.336 -2.359 -2.380 -2.398 -2.414 
-2.428 -2.439 -2.448 -2.455 -2.460 -2.462 -2.462 -2.461 -2.457 -2.450 
-2.436 
-2.423 -2.401 -2.387 -2.371 -2.352 -2.331 -2.309 -2.283 -2.256 -2.226 
-2.193 -2.159 -2.121 -2.081 -2.038 -1.993 -1.944 -1.893 -1.839 -1.782 
-1.722 -1.659 -1.593 -1.524 -1.452 -1.378 -1.302 -1.224 -1.145 -1.066 
-0.989 -0.916 -0.849 -0.790 -0.740 -0.696 -0.658 -0.620 -0.580 -0.534 
-0.483 -0.428 -0.374 -0.329 -0.307 -0.316 -0.362 -0.436 -0.526 -0.623 
-0.728 -0.837 -0.947 -1.054 -1.157 -1.255 -1.349 -1.438 -1.523 -1.603 
-1.678 -1.748 -1.814 -1.875 -1.932 -1.985 -2.034 -2.080 -2.123 -2.162 
-2.198 -2.232 -2.262 -2.290 -2.315 -2.338 -2.359 -2.377 -2.392 -2.406 
-2.417 -2.426 -2.433 -2.438 -2.441 -2.441 -2.440 -2.436 -2.431 -2.423 
-2.428 
-2.551 -2.562 -2.551 -2.538 -2.523 -2.506 -2.486 -2.463 -2.438 -2.410 
-2.380 -2.346 -2.310 -2.271 -2.229 -2.183 -2.134 -2.082 -2.027 -1.969 
-1.907 -1.842 -1.775 -1.706 -1.634 -1.561 -1.485 -1.406 -1.323 -1.234 
-1.140 -1.044 -0.949 -0.865 -0.800 -0.761 -0.749 -0.756 -0.773 -0.789 
-0.798 -0.799 -0.790 -0.777 -0.769 -0.774 -0.794 -0.824 -0.859 -0.893 
-0.928 -0.963 -1.002 -1.049 -1.106 -1.173 -1.250 -1.332 -1.417 -1.503 
-1.588 -1.670 -1.748 -1.822 -1.892 -1.958 -2.019 -2.077 -2.130 -2.180 
-2.227 -2.270 -2.309 -2.346 -2.380 -2.410 -2.438 -2.464 -2.486 -2.506 
-2.524 -2.539 -2.551 -2.562 -2.570 -2.575 -2.579 -2.580 -2.579 -2.575 
-2.552 
-2.500 -2.483 -2.465 -2.443 -2.419 -2.393 -2.364 -2.332 -2.297 -2.259 
-2.219 -2.175 -2.128 -2.078 -2.025 -1.969 -1.910 -1.847 -1.783 -1.716 
-1.648 -1.581 -1.515 -1.452 -1.394 -1.343 -1.299 -1.264 -1.236 -1.213 
-1.193 -1.173 -1.152 -1.130 -1.111 -1.098 -1.093 -1.092 -1.090 -1.084 
-1.069 -1.046 -1.013 -0.972 -0.924 -0.875 -0.832 -0.802 -0.797 -0.820 
-0.871 -0.944 -1.032 -1.129 -1.229 -1.328 -1.426 -1.520 -1.610 -1.695 
-1.775 -1.849 -1.919 -1.984 -2.044 -2.100 -2.151 -2.199 -2.243 -2.283 
-2.320 -2.354 -2.385 -2.413 -2.438 -2.460 -2.480 -2.497 -2.511 -2.523 
-2.533 -2.540 -2.545 -2.548 -2.548 -2.546 -2.541 -2.534 -2.525 -2.514 
-2.506 
-2.497 -2.473 -2.458 -2.441 -2.422 -2.400 -2.376 -2.349 -2.320 -2.287 
-2.252 -2.215 -2.174 -2.130 -2.084 -2.034 -1.981 -1.925 -1.865 -1.803 
-1.739 -1.672 -1.603 -1.534 -1.465 -1.398 -1.333 -1.271 -1.214 -1.163 
-1.119 -1.087 -1.069 -1.063 -1.066 -1.073 -1.078 -1.080 -1.078 -1.070 
-1.055 -1.033 -1.003 -0.965 -0.920 -0.868 -0.813 -0.759 -0.711 -0.680 
-0.674 -0.703 -0.771 -0.871 -0.988 -1.109 -1.227 -1.339 -1.444 -1.541 
-1.632 -1.715 -1.792 -1.864 -1.930 -1.991 -2.047 -2.100 -2.148 -2.193 
-2.234 -2.271 -2.306 -2.337 -2.366 -2.392 -2.415 -2.435 -2.453 -2.469 
-2.482 -2.492 -2.501 -2.507 -2.510 -2.512 -2.511 -2.508 -2.503 -2.495 
-2.500 
-2.742 -2.750 -2.737 -2.722 -2.705 -2.685 -2.663 -2.638 -2.610 -2.580 
-2.546 -2.510 -2.470 -2.427 -2.380 -2.330 -2.276 -2.217 -2.155 -2.087 
-2.015 -1.937 -1.854 -1.764 -1.668 -1.565 -1.457 -1.343 -1.227 -1.117 
-1.022 -0.955 -0.926 -0.932 -0.963 -1.007 -1.053 -1.094 -1.127 -1.149 
-1.160 -1.161 -1.149 -1.126 -1.090 -1.041 -0.979 -0.905 -0.821 -0.739 
-0.674 -0.654 -0.694 -0.791 -0.930 -1.088 -1.245 -1.390 -1.523 -1.643 
-1.752 -1.851 -1.942 -2.024 -2.100 -2.170 -2.234 -2.294 -2.348 -2.398 
-2.445 -2.487 -2.526 -2.562 -2.595 -2.624 -2.651 -2.675 -2.696 -2.715 
-2.731 -2.744 -2.755 -2.764 -2.771 -2.775 -2.776 -2.776 -2.773 -2.767 
-2.745 
-2.929 -2.929 -2.919 -2.905 -2.890 -2.871 -2.850 -2.826 -2.800 -2.770 
-2.738 -2.702 -2.663 -2.621 -2.575 -2.525 -2.471 -2.412 -2.348 -2.279 
-2.205 -2.124 -2.037 -1.942 -1.840 -1.730 -1.612 -1.489 -1.364 -1.246 
-1.147 -1.082 -1.061 -1.079 -1.123 -1.178 -1.235 -1.286 -1.329 -1.361 
-1.383 -1.394 -1.393 -1.380 -1.354 -1.316 -1.263 -1.195 -1.111 -1.014 
-0.910 -0.818 -0.762 -0.770 -0.857 -1.005 -1.179 -1.350 -1.509 -1.652 
-1.780 -1.896 -2.000 -2.095 -2.181 -2.260 -2.332 -2.398 -2.459 -2.515 
-2.567 -2.614 -2.658 -2.698 -2.734 -2.767 -2.797 -2.824 -2.848 -2.869 
-2.888 -2.904 -2.918 -2.929 -2.937 -2.943 -2.947 -2.948 -2.947 -2.944 
-2.931 
-2.932 -2.926 -2.915 -2.901 -2.885 -2.867 -2.845 -2.821 -2.795 -2.765 
-2.732 -2.696 -2.656 -2.613 -2.567 -2.516 -2.461 -2.401 -2.337 -2.266 
-2.190 -2.107 -2.017 -1.919 -1.811 -1.695 -1.568 -1.434 -1.296 -1.165 
-1.059 -0.998 -0.988 -1.021 -1.078 -1.142 -1.204 -1.257 -1.301 -1.334 
-1.356 -1.368 -1.368 -1.357 -1.334 -1.299 -1.252 -1.192 -1.120 -1.039 
-0.958 -0.892 -0.863 -0.894 -0.989 -1.128 -1.283 -1.434 -1.576 -1.707 
-1.825 -1.933 -2.031 -2.121 -2.204 -2.279 -2.349 -2.413 -2.472 -2.526 
-2.576 -2.622 -2.665 -2.703 -2.739 -2.771 -2.800 -2.827 -2.850 -2.871 
-2.889 -2.905 -2.918 -2.928 -2.936 -2.942 -2.945 -2.946 -2.945 -2.941 
-2.935 
-2.843 -2.846 -2.837 -2.825 -2.812 -2.795 -2.777 -2.756 -2.733 -2.707 
-2.678 -2.647 -2.612 -2.575 -2.535 -2.491 -2.444 -2.393 -2.339 -2.280 
-2.217 -2.150 -2.077 -1.999 -1.915 -1.826 -1.730 -1.629 -1.523 -1.418 
-1.320 -1.240 -1.183 -1.147 -1.126 -1.116 -1.114 -1.117 -1.122 -1.126 
-1.129 -1.128 -1.124 -1.115 -1.100 -1.079 -1.049 -1.012 -0.969 -0.927 
-0.897 -0.892 -0.926 -1.001 -1.110 -1.236 -1.367 -1.493 -1.612 -1.722 
-1.824 -1.918 -2.005 -2.085 -2.159 -2.227 -2.291 -2.349 -2.404 -2.454 
-2.501 -2.544 -2.584 -2.621 -2.655 -2.686 -2.714 -2.739 -2.762 -2.782 
-2.800 -2.816 -2.829 -2.840 -2.848 -2.855 -2.859 -2.861 -2.860 -2.858 
-2.844 
-2.699 -2.682 -2.674 -2.664 -2.653 -2.639 -2.623 -2.604 -2.584 -2.561 
-2.536 -2.509 -2.479 -2.447 -2.413 -2.375 -2.335 -2.293 -2.247 -2.198 
-2.147 -2.092 -2.034 -1.972 -1.907 -1.839 -1.767 -1.693 -1.616 -1.537 
-1.457 -1.378 -1.302 -1.231 -1.165 -1.105 -1.052 -1.006 -0.968 -0.939 
-0.918 -0.906 -0.903 -0.908 -0.921 -0.940 -0.965 -0.995 -1.028 -1.063 
-1.102 -1.148 -1.206 -1.275 -1.351 -1.428 -1.505 -1.581 -1.655 -1.729 
-1.801 -1.871 -1.938 -2.002 -2.063 -2.120 -2.174 -2.225 -2.273 -2.317 
-2.359 -2.398 -2.434 -2.467 -2.498 -2.526 -2.552 -2.576 -2.597 -2.616 
-2.633 -2.648 -2.661 -2.671 -2.680 -2.686 -2.690 -2.693 -2.693 -2.691 
-2.700 
-2.766 -2.756 -2.751 -2.743 -2.732 -2.720 -2.705 -2.687 -2.668 -2.645 
-2.620 -2.593 -2.562 -2.529 -2.493 -2.454 -2.411 -2.365 -2.315 -2.262 
-2.204 -2.142 -2.076 -2.004 -1.926 -1.843 -1.755 -1.666 -1.585 -1.524 
-1.481 -1.448 -1.418 -1.391 -1.369 -1.353 -1.342 -1.336 -1.332 -1.331 
-1.332 -1.335 -1.340 -1.346 -1.353 -1.361 -1.367 -1.373 -1.376 -1.375 
-1.370 -1.362 -1.352 -1.344 -1.344 -1.357 -1.387 -1.433 -1.492 -1.561 
-1.635 -1.713 -1.791 -1.869 -1.943 -2.015 -2.083 -2.147 -2.208 -2.264 
-2.317 -2.366 -2.412 -2.454 -2.494 -2.530 -2.563 -2.593 -2.621 -2.646 
-2.668 -2.688 -2.705 -2.720 -2.733 -2.743 -2.751 -2.757 -2.760 -2.761 
-2.766 
-3.008 -3.019 -3.008 -2.995 -2.979 -2.961 -2.939 -2.915 -2.887 -2.857 
-2.823 -2.785 -2.744 -2.699 -2.649 -2.595 -2.535 -2.470 -2.399 -2.321 
-2.235 -2.140 -2.035 -1.919 -1.792 -1.655 -1.514 -1.383 -1.283 -1.237 
-1.256 -1.323 -1.407 -1.491 -1.564 -1.626 -1.678 -1.722 -1.758 -1.787 
-1.808 -1.822 -1.829 -1.828 -1.819 -1.802 -1.777 -1.743 -1.701 -1.651 
-1.592 -1.529 -1.465 -1.411 -1.378 -1.379 -1.419 -1.496 -1.598 -1.710 
-1.823 -1.931 -2.032 -2.127 -2.215 -2.296 -2.372 -2.441 -2.506 -2.565 
-2.620 -2.671 -2.717 -2.760 -2.799 -2.834 -2.867 -2.896 -2.922 -2.945 
-2.966 -2.983 -2.998 -3.011 -3.021 -3.028 -3.033 -3.035 -3.035 -3.032 
-3.010 
-3.145 -3.131 -3.120 -3.107 -3.091 -3.072 -3.050 -3.025 -2.997 -2.965 
-2.930 -2.892 -2.849 -2.803 -2.751 -2.695 -2.634 -2.567 -2.493 -2.412 
-2.322 -2.223 -2.113 -1.991 -1.854 -1.701 -1.533 -1.358 -1.200 -1.122 
-1.149 -1.240 -1.358 -1.480 -1.590 -1.685 -1.764 -1.829 -1.880 -1.921 
-1.950 -1.970 -1.980 -1.981 -1.973 -1.956 -1.929 -1.892 -1.844 -1.786 
-1.715 -1.633 -1.540 -1.441 -1.343 -1.264 -1.250 -1.336 -1.470 -1.617 
-1.763 -1.901 -2.027 -2.143 -2.247 -2.342 -2.429 -2.507 -2.579 -2.645 
-2.705 -2.760 -2.810 -2.856 -2.897 -2.935 -2.970 -3.001 -3.028 -3.053 
-3.074 -3.093 -3.109 -3.122 -3.132 -3.140 -3.145 -3.147 -3.147 -3.144 
-3.147 
-3.294 -3.304 -3.292 -3.278 -3.261 -3.241 -3.218 -3.192 -3.163 -3.130 
-3.094 -3.053 -3.009 -2.960 -2.906 -2.847 -2.782 -2.711 -2.632 -2.545 
-2.448 -2.340 -2.217 -2.078 -1.918 -1.732 -1.516 -1.283 -1.094 -1.044 
-1.157 -1.342 -1.521 -1.673 -1.796 -1.896 -1.977 -2.041 -2.092 -2.131 
-2.158 -2.176 -2.184 -2.182 -2.170 -2.149 -2.117 -2.074 -2.018 -1.947 
-1.859 -1.750 -1.615 -1.449 -1.259 -1.094 -1.051 -1.180 -1.402 -1.630 
-1.830 -2.002 -2.150 -2.280 -2.395 -2.497 -2.589 -2.671 -2.746 -2.814 
-2.876 -2.932 -2.984 -3.030 -3.073 -3.111 -3.146 -3.177 -3.205 -3.230 
-3.251 -3.270 -3.285 -3.298 -3.308 -3.316 -3.320 -3.322 -3.322 -3.318 
-3.296 
-3.259 -3.248 -3.236 -3.221 -3.204 -3.184 -3.160 -3.134 -3.104 -3.070 
-3.033 -2.993 -2.948 -2.898 -2.844 -2.784 -2.719 -2.647 -2.568 -2.481 
-2.384 -2.277 -2.158 -2.027 -1.883 -1.730 -1.579 -1.446 -1.350 -1.336 
-1.408 -1.493 -1.581 -1.681 -1.781 -1.871 -1.947 -2.009 -2.059 -2.096 
-2.123 -2.140 -2.148 -2.146 -2.135 -2.114 -2.084 -2.042 -1.989 -1.923 
-1.843 -1.747 -1.634 -1.505 -1.372 -1.259 -1.228 -1.318 -1.475 -1.652 
-1.823 -1.979 -2.119 -2.244 -2.355 -2.455 -2.545 -2.626 -2.700 -2.767 
-2.828 -2.883 -2.934 -2.980 -3.022 -3.060 -3.095 -3.125 -3.153 -3.177 
-3.198 -3.217 -3.232 -3.244 -3.254 -3.261 -3.266 -3.267 -3.266 -3.263 
-3.262 
-3.245 -3.236 -3.227 -3.216 -3.202 -3.186 -3.166 -3.144 -3.119 -3.091 
-3.059 -3.025 -2.986 -2.944 -2.897 -2.847 -2.791 -2.731 -2.664 -2.591 
-2.511 -2.423 -2.326 -2.218 -2.099 -1.968 -1.827 -1.682 -1.539 -1.400 
-1.277 -1.208 -1.218 -1.294 -1.403 -1.515 -1.617 -1.703 -1.774 -1.830 
-1.873 -1.904 -1.924 -1.933 -1.931 -1.918 -1.895 -1.860 -1.814 -1.755 
-1.683 -1.598 -1.504 -1.411 -1.336 -1.304 -1.334 -1.424 -1.551 -1.691 
-1.830 -1.963 -2.088 -2.202 -2.308 -2.404 -2.492 -2.572 -2.645 -2.713 
-2.774 -2.831 -2.882 -2.930 -2.973 -3.013 -3.048 -3.081 -3.110 -3.136 
-3.159 -3.179 -3.197 -3.212 -3.224 -3.233 -3.240 -3.244 -3.246 -3.245 
-3.246 
-3.302 -3.300 -3.293 -3.283 -3.271 -3.256 -3.238 -3.217 -3.193 -3.165 
-3.135 -3.101 -3.063 -3.021 -2.975 -2.925 -2.869 -2.809 -2.742 -2.668 
-2.586 -2.496 -2.396 -2.285 -2.161 -2.025 -1.878 -1.728 -1.576 -1.425 
-1.305 -1.262 -1.315 -1.433 -1.568 -1.695 -1.803 -1.894 -1.969 -2.028 
-2.075 -2.110 -2.135 -2.149 -2.154 -2.149 -2.134 -2.109 -2.073 -2.024 
-1.962 -1.885 -1.790 -1.681 -1.580 -1.543 -1.572 -1.615 -1.660 -1.721 
-1.806 -1.910 -2.025 -2.141 -2.252 -2.357 -2.454 -2.543 -2.625 -2.700 
-2.769 -2.832 -2.889 -2.942 -2.990 -3.034 -3.074 -3.111 -3.143 -3.173 
-3.199 -3.222 -3.242 -3.260 -3.274 -3.286 -3.295 -3.301 -3.305 -3.306 
-3.303 
-3.366 -3.355 -3.342 -3.326 -3.307 -3.286 -3.261 -3.233 -3.202 -3.167 
-3.129 -3.086 -3.039 -2.988 -2.932 -2.870 -2.803 -2.729 -2.647 -2.557 
-2.457 -2.347 -2.225 -2.091 -1.946 -1.798 -1.662 -1.561 -1.511 -1.505 
-1.527 -1.584 -1.680 -1.791 -1.895 -1.982 -2.053 -2.109 -2.152 -2.184 
-2.204 -2.215 -2.215 -2.205 -2.185 -2.153 -2.110 -2.053 -1.981 -1.890 
-1.777 -1.638 -1.475 -1.309 -1.197 -1.207 -1.343 -1.537 -1.727 -1.892 
-2.039 -2.173 -2.298 -2.411 -2.515 -2.609 -2.695 -2.772 -2.843 -2.908 
-2.966 -3.020 -3.068 -3.113 -3.153 -3.189 -3.222 -3.251 -3.277 -3.300 
-3.320 -3.336 -3.351 -3.362 -3.370 -3.376 -3.379 -3.380 -3.377 -3.373 
-3.370 
-3.448 -3.448 -3.437 -3.422 -3.404 -3.384 -3.361 -3.335 -3.306 -3.273 
-3.238 -3.198 -3.155 -3.107 -3.055 -2.999 -2.937 -2.869 -2.794 -2.713 
-2.623 -2.524 -2.415 -2.293 -2.159 -2.012 -1.857 -1.703 -1.567 -1.467 
-1.428 -1.457 -1.539 -1.644 -1.751 -1.847 -1.928 -1.994 -2.045 -2.084 
-2.110 -2.124 -2.127 -2.118 -2.098 -2.066 -2.021 -1.960 -1.882 -1.785 
-1.665 -1.522 -1.369 -1.242 -1.195 -1.264 -1.436 -1.647 -1.849 -2.027 
-2.184 -2.321 -2.443 -2.552 -2.649 -2.737 -2.817 -2.890 -2.956 -3.017 
-3.072 -3.123 -3.169 -3.211 -3.249 -3.284 -3.316 -3.344 -3.369 -3.391 
-3.410 -3.427 -3.441 -3.452 -3.460 -3.466 -3.470 -3.471 -3.469 -3.465 
-3.450 
-3.354 -3.362 -3.354 -3.343 -3.330 -3.314 -3.295 -3.274 -3.250 -3.223 
-3.193 -3.159 -3.123 -3.083 -3.039 -2.991 -2.938 -2.881 -2.819 -2.752 
-2.678 -2.597 -2.508 -2.409 -2.300 -2.180 -2.045 -1.898 -1.742 -1.594 
-1.478 -1.418 -1.425 -1.487 -1.577 -1.670 -1.753 -1.822 -1.878 -1.921 
-1.952 -1.973 -1.984 -1.984 -1.975 -1.955 -1.924 -1.881 -1.824 -1.752 
-1.662 -1.551 -1.419 -1.283 -1.186 -1.181 -1.287 -1.465 -1.661 -1.844 
-2.005 -2.147 -2.273 -2.385 -2.485 -2.576 -2.659 -2.734 -2.804 -2.867 
-2.925 -2.978 -3.027 -3.072 -3.113 -3.151 -3.185 -3.216 -3.243 -3.268 
-3.290 -3.310 -3.326 -3.340 -3.352 -3.361 -3.367 -3.371 -3.372 -3.371 
-3.355 
-3.149 -3.135 -3.128 -3.120 -3.109 -3.095 -3.079 -3.061 -3.041 -3.017 
-2.992 -2.964 -2.933 -2.899 -2.863 -2.824 -2.781 -2.736 -2.688 -2.636 
-2.581 -2.523 -2.461 -2.396 -2.328 -2.256 -2.180 -2.100 -2.016 -1.930 
-1.847 -1.785 -1.756 -1.752 -1.757 -1.764 -1.770 -1.777 -1.784 -1.790 
-1.794 -1.795 -1.792 -1.784 -1.770 -1.751 -1.726 -1.695 -1.658 -1.617 
-1.573 -1.529 -1.489 -1.456 -1.438 -1.459 -1.537 -1.645 -1.757 -1.865 
-1.969 -2.067 -2.160 -2.246 -2.328 -2.404 -2.475 -2.540 -2.602 -2.659 
-2.712 -2.761 -2.806 -2.848 -2.886 -2.922 -2.954 -2.984 -3.011 -3.035 
-3.056 -3.075 -3.092 -3.106 -3.118 -3.127 -3.134 -3.139 -3.141 -3.141 
-3.150 
-3.157 -3.139 -3.129 -3.117 -3.103 -3.086 -3.067 -3.045 -3.021 -2.994 
-2.965 -2.933 -2.898 -2.861 -2.820 -2.777 -2.731 -2.682 -2.630 -2.575 
-2.517 -2.455 -2.391 -2.323 -2.251 -2.174 -2.092 -2.005 -1.927 -1.884 
-1.883 -1.899 -1.915 -1.925 -1.932 -1.938 -1.943 -1.947 -1.948 -1.947 
-1.942 -1.932 -1.917 -1.896 -1.868 -1.833 -1.790 -1.740 -1.683 -1.620 
-1.556 -1.496 -1.452 -1.436 -1.458 -1.518 -1.607 -1.712 -1.824 -1.935 
-2.042 -2.142 -2.236 -2.323 -2.404 -2.479 -2.548 -2.612 -2.671 -2.725 
-2.776 -2.822 -2.865 -2.904 -2.940 -2.973 -3.002 -3.029 -3.053 -3.074 
-3.093 -3.109 -3.123 -3.134 -3.143 -3.149 -3.153 -3.155 -3.154 -3.152 
-3.159 
-3.402 -3.414 -3.402 -3.387 -3.370 -3.350 -3.327 -3.301 -3.273 -3.241 
-3.206 -3.167 -3.125 -3.079 -3.029 -2.974 -2.913 -2.848 -2.776 -2.697 
-2.610 -2.514 -2.407 -2.286 -2.151 -2.000 -1.837 -1.678 -1.557 -1.511 
-1.546 -1.631 -1.725 -1.809 -1.884 -1.951 -2.010 -2.061 -2.101 -2.131 
-2.152 -2.163 -2.164 -2.156 -2.140 -2.114 -2.079 -2.035 -1.982 -1.923 
-1.859 -1.798 -1.749 -1.725 -1.736 -1.784 -1.863 -1.963 -2.073 -2.186 
-2.297 -2.402 -2.501 -2.592 -2.676 -2.754 -2.826 -2.892 -2.953 -3.009 
-3.061 -3.108 -3.152 -3.192 -3.228 -3.261 -3.291 -3.318 -3.341 -3.362 
-3.381 -3.396 -3.409 -3.420 -3.428 -3.433 -3.436 -3.437 -3.435 -3.430 
-3.404 
-3.482 -3.483 -3.474 -3.463 -3.450 -3.433 -3.414 -3.392 -3.367 -3.339 
-3.308 -3.273 -3.235 -3.193 -3.147 -3.097 -3.042 -2.982 -2.916 -2.845 
-2.767 -2.682 -2.590 -2.491 -2.386 -2.275 -2.159 -2.043 -1.938 -1.865 
-1.820 -1.782 -1.745 -1.728 -1.741 -1.781 -1.839 -1.901 -1.960 -2.012 
-2.053 -2.085 -2.105 -2.116 -2.116 -2.106 -2.085 -2.054 -2.012 -1.962 
-1.907 -1.853 -1.808 -1.779 -1.767 -1.776 -1.812 -1.878 -1.969 -2.076 
-2.189 -2.301 -2.409 -2.510 -2.605 -2.692 -2.773 -2.848 -2.917 -2.980 
-3.039 -3.093 -3.142 -3.188 -3.229 -3.267 -3.302 -3.333 -3.362 -3.387 
-3.410 -3.429 -3.446 -3.460 -3.472 -3.481 -3.488 -3.492 -3.493 -3.492 
-3.483 
-3.403 -3.385 -3.369 -3.350 -3.328 -3.303 -3.274 -3.243 -3.209 -3.171 
-3.129 -3.083 -3.034 -2.979 -2.921 -2.857 -2.787 -2.712 -2.631 -2.543 
-2.448 -2.347 -2.242 -2.134 -2.031 -1.942 -1.879 -1.849 -1.850 -1.871 
-1.902 -1.933 -1.961 -1.990 -2.024 -2.062 -2.101 -2.135 -2.160 -2.177 
-2.184 -2.181 -2.168 -2.145 -2.111 -2.067 -2.012 -1.946 -1.871 -1.792 
-1.719 -1.669 -1.656 -1.685 -1.744 -1.818 -1.903 -2.005 -2.122 -2.242 
-2.358 -2.466 -2.565 -2.656 -2.739 -2.815 -2.884 -2.948 -3.006 -3.059 
-3.107 -3.151 -3.192 -3.228 -3.261 -3.291 -3.317 -3.341 -3.361 -3.379 
-3.394 -3.406 -3.416 -3.423 -3.427 -3.429 -3.428 -3.425 -3.419 -3.410 
-3.408 
-3.425 -3.411 -3.395 -3.377 -3.355 -3.330 -3.302 -3.271 -3.236 -3.197 
-3.154 -3.107 -3.055 -2.998 -2.936 -2.868 -2.793 -2.711 -2.621 -2.522 
-2.414 -2.296 -2.170 -2.041 -1.919 -1.821 -1.763 -1.755 -1.793 -1.869 
-1.961 -2.053 -2.137 -2.210 -2.273 -2.325 -2.367 -2.400 -2.424 -2.440 
-2.448 -2.448 -2.440 -2.424 -2.399 -2.365 -2.321 -2.268 -2.204 -2.131 
-2.052 -1.972 -1.896 -1.822 -1.752 -1.702 -1.701 -1.765 -1.881 -2.020 
-2.163 -2.298 -2.421 -2.533 -2.634 -2.725 -2.808 -2.883 -2.950 -3.012 
-3.068 -3.119 -3.166 -3.208 -3.246 -3.280 -3.311 -3.338 -3.362 -3.383 
-3.400 -3.415 -3.427 -3.436 -3.443 -3.446 -3.447 -3.445 -3.441 -3.434 
-3.429 
-3.525 -3.519 -3.505 -3.489 -3.470 -3.447 -3.422 -3.393 -3.361 -3.325 
-3.285 -3.242 -3.194 -3.141 -3.082 -3.019 -2.948 -2.871 -2.786 -2.692 
-2.587 -2.472 -2.344 -2.203 -2.051 -1.897 -1.756 -1.657 -1.635 -1.697 
-1.807 -1.930 -2.046 -2.148 -2.235 -2.307 -2.366 -2.414 -2.451 -2.479 
-2.498 -2.508 -2.509 -2.502 -2.487 -2.463 -2.430 -2.386 -2.332 -2.266 
-2.188 -2.095 -1.990 -1.876 -1.767 -1.693 -1.689 -1.761 -1.886 -2.034 
-2.184 -2.325 -2.454 -2.571 -2.676 -2.771 -2.857 -2.936 -3.007 -3.071 
-3.130 -3.184 -3.233 -3.277 -3.318 -3.354 -3.387 -3.417 -3.443 -3.465 
-3.485 -3.502 -3.516 -3.527 -3.536 -3.541 -3.544 -3.545 -3.542 -3.537 
-3.528 
-3.586 -3.587 -3.575 -3.560 -3.542 -3.521 -3.497 -3.470 -3.440 -3.406 
-3.368 -3.326 -3.280 -3.229 -3.172 -3.111 -3.042 -2.967 -2.884 -2.791 
-2.688 -2.571 -2.439 -2.289 -2.120 -1.934 -1.752 -1.619 -1.589 -1.662 
-1.788 -1.914 -2.021 -2.109 -2.187 -2.258 -2.321 -2.376 -2.421 -2.456 
-2.481 -2.497 -2.504 -2.502 -2.490 -2.469 -2.437 -2.395 -2.340 -2.271 
-2.186 -2.084 -1.963 -1.830 -1.707 -1.634 -1.653 -1.757 -1.902 -2.054 
-2.198 -2.334 -2.461 -2.579 -2.687 -2.786 -2.876 -2.958 -3.032 -3.100 
-3.162 -3.218 -3.270 -3.316 -3.359 -3.397 -3.432 -3.463 -3.491 -3.516 
-3.537 -3.556 -3.571 -3.584 -3.594 -3.601 -3.605 -3.607 -3.606 -3.602 
-3.589 
-3.464 -3.474 -3.468 -3.460 -3.449 -3.436 -3.419 -3.400 -3.378 -3.353 
-3.324 -3.293 -3.258 -3.219 -3.177 -3.131 -3.080 -3.025 -2.965 -2.899 
-2.828 -2.750 -2.664 -2.569 -2.464 -2.345 -2.216 -2.099 -2.034 -2.013 
-1.989 -1.956 -1.930 -1.929 -1.956 -2.004 -2.063 -2.125 -2.183 -2.234 
-2.277 -2.312 -2.338 -2.356 -2.365 -2.366 -2.359 -2.344 -2.320 -2.288 
-2.246 -2.193 -2.130 -2.056 -1.977 -1.909 -1.876 -1.871 -1.885 -1.921 
-1.988 -2.079 -2.185 -2.296 -2.405 -2.509 -2.605 -2.694 -2.777 -2.852 
-2.922 -2.986 -3.044 -3.098 -3.147 -3.192 -3.233 -3.270 -3.304 -3.335 
-3.362 -3.386 -3.407 -3.425 -3.441 -3.453 -3.463 -3.471 -3.475 -3.478 
-3.464 
-3.269 -3.246 -3.236 -3.223 -3.207 -3.189 -3.168 -3.144 -3.117 -3.087 
-3.054 -3.018 -2.979 -2.936 -2.889 -2.839 -2.785 -2.728 -2.667 -2.602 
-2.533 -2.463 -2.390 -2.317 -2.247 -2.180 -2.120 -2.068 -2.027 -1.999 
-1.986 -1.990 -2.009 -2.040 -2.079 -2.122 -2.165 -2.203 -2.236 -2.263 
-2.284 -2.298 -2.306 -2.308 -2.305 -2.295 -2.280 -2.260 -2.234 -2.204 
-2.171 -2.135 -2.099 -2.064 -2.036 -2.016 -2.008 -2.015 -2.040 -2.084 
-2.146 -2.220 -2.299 -2.380 -2.459 -2.535 -2.606 -2.673 -2.736 -2.794 
-2.849 -2.899 -2.945 -2.987 -3.026 -3.062 -3.094 -3.124 -3.150 -3.173 
-3.194 -3.211 -3.226 -3.239 -3.249 -3.256 -3.260 -3.263 -3.262 -3.259 
-3.272 
-3.342 -3.336 -3.327 -3.315 -3.300 -3.283 -3.262 -3.239 -3.213 -3.184 
-3.152 -3.116 -3.077 -3.034 -2.987 -2.936 -2.881 -2.820 -2.755 -2.684 
-2.606 -2.523 -2.433 -2.335 -2.232 -2.124 -2.017 -1.919 -1.839 -1.785 
-1.762 -1.774 -1.817 -1.878 -1.948 -2.016 -2.080 -2.136 -2.184 -2.224 
-2.256 -2.281 -2.299 -2.309 -2.314 -2.312 -2.304 -2.290 -2.272 -2.248 
-2.222 -2.192 -2.162 -2.134 -2.111 -2.097 -2.098 -2.115 -2.151 -2.202 
-2.264 -2.334 -2.406 -2.480 -2.553 -2.624 -2.691 -2.756 -2.816 -2.873 
-2.926 -2.976 -3.022 -3.064 -3.103 -3.139 -3.172 -3.202 -3.228 -3.252 
-3.274 -3.292 -3.308 -3.321 -3.332 -3.340 -3.346 -3.349 -3.349 -3.348 
-3.344 
-3.470 -3.479 -3.467 -3.453 -3.436 -3.415 -3.392 -3.366 -3.336 -3.303 
-3.266 -3.226 -3.181 -3.132 -3.078 -3.018 -2.953 -2.882 -2.804 -2.718 
-2.623 -2.520 -2.406 -2.283 -2.155 -2.029 -1.920 -1.848 -1.824 -1.844 
-1.896 -1.965 -2.043 -2.123 -2.199 -2.268 -2.328 -2.379 -2.421 -2.454 
-2.480 -2.498 -2.508 -2.511 -2.507 -2.496 -2.478 -2.453 -2.421 -2.382 
-2.336 -2.285 -2.229 -2.173 -2.121 -2.083 -2.067 -2.081 -2.125 -2.195 
-2.281 -2.376 -2.471 -2.565 -2.653 -2.737 -2.815 -2.887 -2.954 -3.016 
-3.073 -3.126 -3.174 -3.218 -3.259 -3.295 -3.329 -3.359 -3.386 -3.409 
-3.430 -3.448 -3.463 -3.476 -3.485 -3.492 -3.497 -3.499 -3.498 -3.494 
-3.473 
