IRGRID 64 91
1e+308

0.025 0.03 0.035 0.04 0.045 0.05 0.055 0.06 0.065 0.07
0.075 0.08 0.085 0.09 0.095 0.1 0.11 0.12 0.13 0.14
0.15 0.16 0.17 0.18 0.19 0.2 0.21 0.22 0.23 0.24
0.25 0.26 0.27 0.28 0.29 0.3 0.31 0.32 0.33 0.34
0.35 0.36 0.37 0.38 0.39 0.4 0.41 0.42 0.43 0.44
0.45 0.46 0.47 0.48 0.49 0.5 0.51 0.52 0.53 0.54
0.55 0.56 0.57 0.58
0 4 8 12 16 20 24 28 32 36
40 44 48 52 56 60 64 68 72 76
80 84 88 92 96 100 104 108 112 116
120 124 128 132 136 140 144 148 152 156
160 164 168 172 176 180 184 188 192 196
200 204 208 212 216 220 224 228 232 236
240 244 248 252 256 260 264 268 272 276
280 284 288 292 296 300 304 308 312 316
320 324 328 332 336 340 344 348 352 356
360
-2.805 -2.813 -2.785 -2.753 -2.718 -2.680 -2.639 -2.597 -2.554 -2.512 
-2.474 -2.440 -2.413 -2.394 -2.382 -2.375 -2.370 -2.362 -2.348 -2.328 
-2.301 -2.272 -2.248 -2.237 -2.244 -2.268 -2.306 -2.354 -2.405 -2.457 
-2.506 -2.550 -2.590 -2.625 -2.655 -2.679 -2.698 -2.712 -2.722 -2.726 
-2.725 -2.720 -2.709 -2.694 -2.673 -2.646 -2.614 -2.575 -2.529 -2.475 
-2.412 -2.338 -2.252 -2.151 -2.030 -1.882 -1.696 -1.446 -1.064 -0.232 
0.266 -0.197 -1.008 -1.422 -1.689 -1.889 -2.047 -2.178 -2.288 -2.383 
-2.465 -2.537 -2.599 -2.654 -2.702 -2.744 -2.780 -2.811 -2.837 -2.859 
-2.877 -2.890 -2.899 -2.905 -2.906 -2.904 -2.898 -2.889 -2.875 -2.858 
-2.816 
-2.488 -2.516 -2.510 -2.501 -2.488 -2.472 -2.452 -2.428 -2.401 -2.370 
-2.336 -2.298 -2.257 -2.212 -2.163 -2.109 -2.051 -1.988 -1.921 -1.853 
-1.787 -1.729 -1.684 -1.658 -1.653 -1.669 -1.700 -1.741 -1.786 -1.829 
-1.869 -1.901 -1.927 -1.946 -1.957 -1.961 -1.959 -1.952 -1.940 -1.923 
-1.904 -1.882 -1.858 -1.831 -1.802 -1.772 -1.738 -1.702 -1.662 -1.617 
-1.566 -1.508 -1.440 -1.361 -1.266 -1.150 -1.005 -0.811 -0.518 -0.001 
0.427 0.228 -0.058 -0.447 -0.767 -1.015 -1.214 -1.379 -1.519 -1.640 
-1.746 -1.841 -1.925 -2.000 -2.068 -2.130 -2.185 -2.235 -2.280 -2.321 
-2.357 -2.389 -2.417 -2.442 -2.463 -2.481 -2.495 -2.506 -2.513 -2.517 
-2.490 
-1.811 -1.863 -1.862 -1.858 -1.851 -1.841 -1.827 -1.809 -1.788 -1.762 
-1.733 -1.699 -1.660 -1.617 -1.569 -1.515 -1.456 -1.393 -1.326 -1.256 
-1.188 -1.125 -1.074 -1.041 -1.029 -1.040 -1.067 -1.104 -1.145 -1.185 
-1.220 -1.247 -1.267 -1.280 -1.284 -1.282 -1.274 -1.261 -1.244 -1.223 
-1.200 -1.174 -1.147 -1.118 -1.088 -1.056 -1.023 -0.987 -0.947 -0.904 
-0.856 -0.800 -0.737 -0.663 -0.576 -0.472 -0.344 -0.184 0.028 0.328 
0.831 1.447 0.719 0.372 0.035 -0.235 -0.448 -0.623 -0.771 -0.899 
-1.011 -1.110 -1.198 -1.278 -1.350 -1.415 -1.474 -1.527 -1.576 -1.620 
-1.660 -1.695 -1.727 -1.756 -1.780 -1.802 -1.820 -1.835 -1.847 -1.855 
-1.808 
-0.901 -0.938 -0.908 -0.877 -0.848 -0.821 -0.800 -0.786 -0.779 -0.778 
-0.781 -0.783 -0.780 -0.770 -0.751 -0.721 -0.681 -0.631 -0.573 -0.511 
-0.447 -0.388 -0.341 -0.311 -0.303 -0.317 -0.351 -0.398 -0.452 -0.508 
-0.563 -0.615 -0.662 -0.704 -0.740 -0.770 -0.795 -0.815 -0.829 -0.838 
-0.842 -0.841 -0.834 -0.823 -0.807 -0.785 -0.758 -0.725 -0.686 -0.639 
-0.584 -0.519 -0.443 -0.354 -0.247 -0.118 0.042 0.249 0.539 1.029 
1.939 2.044 1.519 0.677 0.316 0.072 -0.113 -0.263 -0.387 -0.493 
-0.583 -0.662 -0.730 -0.790 -0.842 -0.887 -0.926 -0.959 -0.987 -1.010 
-1.028 -1.041 -1.050 -1.055 -1.055 -1.050 -1.042 -1.029 -1.011 -0.990 
-0.902 
-0.415 -0.347 -0.309 -0.272 -0.238 -0.211 -0.193 -0.187 -0.195 -0.216 
-0.250 -0.292 -0.340 -0.391 -0.442 -0.491 -0.535 -0.574 -0.606 -0.630 
-0.647 -0.657 -0.664 -0.673 -0.686 -0.707 -0.734 -0.765 -0.795 -0.823 
-0.847 -0.867 -0.883 -0.894 -0.901 -0.903 -0.902 -0.896 -0.887 -0.873 
-0.855 -0.834 -0.808 -0.778 -0.743 -0.703 -0.658 -0.607 -0.550 -0.486 
-0.413 -0.331 -0.237 -0.129 -0.003 0.147 0.333 0.576 0.935 1.795 
2.316 2.090 1.380 0.871 0.573 0.360 0.196 0.064 -0.045 -0.137 
-0.215 -0.281 -0.338 -0.387 -0.428 -0.463 -0.492 -0.515 -0.533 -0.545 
-0.553 -0.556 -0.555 -0.548 -0.538 -0.522 -0.503 -0.479 -0.451 -0.419 
-0.433 
-0.654 -0.704 -0.705 -0.705 -0.705 -0.706 -0.710 -0.719 -0.734 -0.758 
-0.787 -0.820 -0.856 -0.893 -0.927 -0.960 -0.990 -1.017 -1.040 -1.061 
-1.078 -1.092 -1.104 -1.113 -1.119 -1.123 -1.125 -1.124 -1.122 -1.117 
-1.109 -1.100 -1.088 -1.074 -1.058 -1.040 -1.019 -0.996 -0.970 -0.942 
-0.911 -0.877 -0.840 -0.800 -0.756 -0.708 -0.655 -0.598 -0.536 -0.468 
-0.392 -0.309 -0.215 -0.110 0.011 0.151 0.318 0.525 0.798 1.197 
1.952 1.879 1.571 1.136 0.785 0.539 0.354 0.205 0.081 -0.024 
-0.115 -0.194 -0.264 -0.326 -0.382 -0.432 -0.477 -0.516 -0.552 -0.584 
-0.611 -0.635 -0.655 -0.671 -0.684 -0.693 -0.698 -0.702 -0.703 -0.704 
-0.650 
-0.552 -0.557 -0.592 -0.637 -0.690 -0.748 -0.808 -0.868 -0.928 -0.985 
-1.039 -1.090 -1.137 -1.181 -1.221 -1.258 -1.292 -1.323 -1.350 -1.375 
-1.396 -1.415 -1.431 -1.445 -1.455 -1.464 -1.470 -1.473 -1.474 -1.473 
-1.469 -1.463 -1.455 -1.444 -1.430 -1.414 -1.395 -1.373 -1.349 -1.322 
-1.291 -1.258 -1.220 -1.180 -1.135 -1.085 -1.031 -0.972 -0.906 -0.834 
-0.754 -0.664 -0.564 -0.449 -0.317 -0.161 0.030 0.274 0.622 1.289 
1.747 1.613 1.106 0.623 0.332 0.126 -0.032 -0.157 -0.259 -0.344 
-0.414 -0.472 -0.521 -0.561 -0.593 -0.617 -0.636 -0.648 -0.654 -0.654 
-0.650 -0.641 -0.628 -0.611 -0.592 -0.572 -0.552 -0.536 -0.526 -0.525 
-0.547 
-0.547 -0.579 -0.619 -0.664 -0.711 -0.761 -0.811 -0.861 -0.910 -0.957 
-1.002 -1.045 -1.086 -1.124 -1.159 -1.192 -1.222 -1.250 -1.275 -1.298 
-1.318 -1.335 -1.350 -1.363 -1.373 -1.381 -1.387 -1.390 -1.390 -1.388 
-1.384 -1.377 -1.368 -1.356 -1.341 -1.324 -1.304 -1.281 -1.255 -1.226 
-1.193 -1.157 -1.117 -1.073 -1.025 -0.972 -0.913 -0.849 -0.778 -0.700 
-0.612 -0.515 -0.405 -0.278 -0.132 0.044 0.261 0.550 0.983 1.438 
1.753 1.524 0.954 0.607 0.374 0.202 0.069 -0.037 -0.124 -0.194 
-0.252 -0.300 -0.339 -0.371 -0.396 -0.415 -0.430 -0.441 -0.448 -0.452 
-0.455 -0.456 -0.456 -0.457 -0.458 -0.462 -0.469 -0.479 -0.495 -0.517 
-0.537 
-0.600 -0.625 -0.670 -0.716 -0.760 -0.804 -0.846 -0.886 -0.925 -0.961 
-0.996 -1.028 -1.058 -1.085 -1.110 -1.133 -1.154 -1.172 -1.188 -1.201 
-1.213 -1.222 -1.229 -1.234 -1.236 -1.236 -1.234 -1.230 -1.224 -1.215 
-1.204 -1.190 -1.174 -1.156 -1.135 -1.111 -1.085 -1.057 -1.025 -0.991 
-0.953 -0.913 -0.869 -0.821 -0.770 -0.715 -0.656 -0.592 -0.523 -0.447 
-0.365 -0.275 -0.176 -0.064 0.064 0.213 0.394 0.623 0.942 1.447 
1.861 1.880 1.504 1.098 0.906 0.775 0.638 0.500 0.374 0.266 
0.176 0.100 0.038 -0.014 -0.058 -0.095 -0.127 -0.155 -0.180 -0.204 
-0.228 -0.253 -0.280 -0.309 -0.340 -0.374 -0.411 -0.450 -0.492 -0.535 
-0.582 
-0.827 -0.876 -0.910 -0.941 -0.971 -0.998 -1.023 -1.045 -1.066 -1.084 
-1.100 -1.114 -1.126 -1.135 -1.143 -1.148 -1.152 -1.153 -1.153 -1.150 
-1.146 -1.139 -1.131 -1.120 -1.108 -1.094 -1.077 -1.059 -1.038 -1.016 
-0.991 -0.964 -0.936 -0.905 -0.872 -0.836 -0.799 -0.759 -0.718 -0.674 
-0.627 -0.579 -0.528 -0.475 -0.420 -0.362 -0.302 -0.240 -0.176 -0.108 
-0.038 0.035 0.113 0.195 0.282 0.378 0.483 0.604 0.749 0.949 
1.313 1.424 1.276 1.279 1.284 1.236 1.121 0.965 0.798 0.640 
0.495 0.363 0.245 0.138 0.041 -0.047 -0.127 -0.201 -0.269 -0.331 
-0.389 -0.444 -0.495 -0.544 -0.591 -0.637 -0.680 -0.723 -0.764 -0.803 
-0.818 
-0.938 -0.963 -0.989 -1.013 -1.034 -1.053 -1.069 -1.083 -1.095 -1.105 
-1.113 -1.118 -1.122 -1.124 -1.123 -1.121 -1.117 -1.111 -1.103 -1.093 
-1.081 -1.067 -1.051 -1.033 -1.013 -0.992 -0.968 -0.942 -0.915 -0.885 
-0.853 -0.819 -0.783 -0.746 -0.705 -0.663 -0.619 -0.573 -0.525 -0.475 
-0.423 -0.369 -0.313 -0.255 -0.196 -0.134 -0.071 -0.006 0.063 0.134 
0.210 0.294 0.389 0.507 0.677 0.936 1.012 0.945 1.013 1.149 
1.307 1.435 1.464 1.375 1.218 1.045 0.870 0.703 0.553 0.423 
0.315 0.231 0.175 0.147 0.137 0.111 0.038 -0.074 -0.194 -0.306 
-0.404 -0.488 -0.562 -0.628 -0.686 -0.738 -0.785 -0.828 -0.866 -0.902 
-0.930 
-0.901 -0.968 -1.023 -1.073 -1.118 -1.160 -1.198 -1.232 -1.263 -1.291 
-1.316 -1.337 -1.356 -1.372 -1.385 -1.396 -1.404 -1.410 -1.413 -1.414 
-1.412 -1.408 -1.401 -1.393 -1.381 -1.368 -1.352 -1.333 -1.312 -1.289 
-1.263 -1.235 -1.203 -1.170 -1.133 -1.094 -1.051 -1.006 -0.957 -0.906 
-0.850 -0.791 -0.727 -0.659 -0.586 -0.507 -0.420 -0.324 -0.217 -0.094 
0.049 0.222 0.439 0.728 1.112 1.442 1.526 1.356 1.005 0.833 
0.796 0.830 0.825 0.713 0.560 0.432 0.343 0.292 0.274 0.286 
0.323 0.385 0.467 0.556 0.626 0.643 0.582 0.455 0.297 0.138 
-0.007 -0.135 -0.248 -0.351 -0.446 -0.535 -0.620 -0.700 -0.775 -0.844 
-0.883 
-0.746 -0.782 -0.851 -0.915 -0.974 -1.030 -1.082 -1.129 -1.173 -1.214 
-1.251 -1.285 -1.316 -1.343 -1.368 -1.390 -1.409 -1.426 -1.440 -1.451 
-1.460 -1.467 -1.470 -1.472 -1.471 -1.467 -1.461 -1.452 -1.441 -1.427 
-1.411 -1.391 -1.369 -1.344 -1.316 -1.284 -1.250 -1.211 -1.169 -1.123 
-1.072 -1.017 -0.956 -0.890 -0.817 -0.736 -0.647 -0.548 -0.437 -0.310 
-0.165 0.005 0.210 0.467 0.802 1.241 1.542 1.566 1.204 0.776 
0.513 0.334 0.203 0.105 0.030 -0.026 -0.067 -0.092 -0.105 -0.104 
-0.090 -0.062 -0.018 0.036 0.088 0.109 0.081 0.024 -0.027 -0.061 
-0.086 -0.110 -0.142 -0.187 -0.246 -0.315 -0.392 -0.473 -0.554 -0.633 
-0.715 
-0.896 -0.945 -0.996 -1.044 -1.088 -1.130 -1.169 -1.204 -1.237 -1.267 
-1.294 -1.318 -1.340 -1.360 -1.377 -1.392 -1.404 -1.414 -1.421 -1.426 
-1.429 -1.430 -1.428 -1.424 -1.417 -1.408 -1.397 -1.383 -1.367 -1.348 
-1.327 -1.302 -1.275 -1.245 -1.212 -1.175 -1.135 -1.091 -1.043 -0.991 
-0.934 -0.872 -0.804 -0.730 -0.648 -0.558 -0.458 -0.346 -0.220 -0.075 
0.095 0.299 0.549 0.836 1.077 1.253 1.314 1.220 0.864 0.624 
0.452 0.324 0.225 0.148 0.090 0.046 0.016 -0.003 -0.011 -0.010 
-0.003 0.005 0.001 -0.021 -0.059 -0.102 -0.144 -0.184 -0.223 -0.263 
-0.305 -0.350 -0.400 -0.455 -0.516 -0.579 -0.644 -0.709 -0.772 -0.833 
-0.880 
-1.191 -1.257 -1.299 -1.339 -1.375 -1.409 -1.439 -1.467 -1.492 -1.515 
-1.535 -1.552 -1.567 -1.580 -1.590 -1.598 -1.603 -1.607 -1.608 -1.606 
-1.603 -1.597 -1.588 -1.578 -1.565 -1.549 -1.531 -1.510 -1.487 -1.461 
-1.433 -1.401 -1.366 -1.328 -1.287 -1.242 -1.193 -1.140 -1.083 -1.020 
-0.953 -0.880 -0.799 -0.712 -0.616 -0.510 -0.391 -0.258 -0.106 0.071 
0.283 0.544 0.844 1.084 1.135 1.045 0.891 0.691 0.529 0.408 
0.317 0.249 0.198 0.164 0.143 0.136 0.144 0.165 0.201 0.247 
0.296 0.330 0.332 0.286 0.194 0.074 -0.057 -0.185 -0.305 -0.416 
-0.517 -0.611 -0.698 -0.778 -0.853 -0.924 -0.989 -1.050 -1.108 -1.161 
-1.178 
-1.204 -1.229 -1.259 -1.288 -1.313 -1.337 -1.358 -1.377 -1.394 -1.409 
-1.421 -1.432 -1.440 -1.446 -1.451 -1.453 -1.453 -1.451 -1.447 -1.441 
-1.432 -1.422 -1.409 -1.395 -1.378 -1.359 -1.337 -1.313 -1.287 -1.258 
-1.226 -1.192 -1.155 -1.114 -1.071 -1.025 -0.975 -0.921 -0.863 -0.801 
-0.734 -0.663 -0.586 -0.503 -0.414 -0.318 -0.213 -0.100 0.023 0.156 
0.302 0.460 0.635 0.815 0.900 0.905 0.878 0.812 0.730 0.648 
0.572 0.502 0.438 0.380 0.324 0.271 0.219 0.168 0.121 0.077 
0.039 0.003 -0.042 -0.106 -0.190 -0.284 -0.377 -0.466 -0.549 -0.626 
-0.697 -0.763 -0.825 -0.883 -0.937 -0.988 -1.035 -1.080 -1.121 -1.159 
-1.193 
-1.140 -1.171 -1.200 -1.226 -1.251 -1.273 -1.293 -1.311 -1.327 -1.341 
-1.353 -1.363 -1.371 -1.377 -1.381 -1.383 -1.383 -1.381 -1.377 -1.371 
-1.363 -1.352 -1.340 -1.325 -1.309 -1.290 -1.268 -1.245 -1.219 -1.190 
-1.159 -1.125 -1.089 -1.049 -1.006 -0.960 -0.911 -0.858 -0.801 -0.739 
-0.674 -0.603 -0.527 -0.446 -0.358 -0.263 -0.161 -0.051 0.068 0.196 
0.334 0.482 0.641 0.808 0.966 1.072 1.079 0.992 0.863 0.732 
0.616 0.514 0.425 0.345 0.271 0.202 0.135 0.071 0.008 -0.055 
-0.118 -0.180 -0.242 -0.304 -0.366 -0.427 -0.487 -0.545 -0.603 -0.659 
-0.713 -0.765 -0.816 -0.864 -0.910 -0.954 -0.996 -1.035 -1.073 -1.108 
-1.130 
-1.073 -1.077 -1.100 -1.120 -1.138 -1.155 -1.169 -1.181 -1.191 -1.199 
-1.204 -1.208 -1.210 -1.210 -1.208 -1.204 -1.198 -1.189 -1.179 -1.166 
-1.152 -1.135 -1.116 -1.095 -1.071 -1.045 -1.017 -0.986 -0.952 -0.916 
-0.877 -0.835 -0.790 -0.741 -0.690 -0.634 -0.576 -0.513 -0.447 -0.376 
-0.302 -0.223 -0.141 -0.054 0.037 0.132 0.231 0.334 0.441 0.550 
0.659 0.762 0.851 0.923 0.972 0.997 0.984 0.940 0.889 0.844 
0.801 0.742 0.660 0.564 0.468 0.377 0.289 0.204 0.122 0.042 
-0.036 -0.111 -0.184 -0.255 -0.323 -0.388 -0.451 -0.511 -0.568 -0.623 
-0.674 -0.724 -0.770 -0.814 -0.855 -0.894 -0.931 -0.965 -0.996 -1.026 
-1.063 
-1.227 -1.257 -1.274 -1.289 -1.302 -1.313 -1.322 -1.328 -1.332 -1.335 
-1.335 -1.332 -1.328 -1.322 -1.313 -1.302 -1.289 -1.274 -1.256 -1.236 
-1.214 -1.189 -1.162 -1.132 -1.100 -1.065 -1.027 -0.986 -0.942 -0.895 
-0.844 -0.791 -0.734 -0.673 -0.608 -0.540 -0.468 -0.393 -0.314 -0.233 
-0.149 -0.066 0.017 0.096 0.169 0.236 0.295 0.348 0.397 0.443 
0.490 0.538 0.586 0.633 0.676 0.720 0.771 0.833 0.906 0.978 
1.020 1.001 0.914 0.779 0.626 0.471 0.322 0.184 0.056 -0.061 
-0.168 -0.267 -0.359 -0.443 -0.522 -0.595 -0.663 -0.726 -0.786 -0.841 
-0.892 -0.940 -0.985 -1.026 -1.064 -1.100 -1.132 -1.162 -1.190 -1.214 
-1.222 
-1.289 -1.314 -1.333 -1.349 -1.362 -1.373 -1.382 -1.389 -1.393 -1.395 
-1.395 -1.392 -1.387 -1.380 -1.371 -1.359 -1.345 -1.329 -1.310 -1.289 
-1.265 -1.238 -1.209 -1.177 -1.142 -1.104 -1.063 -1.019 -0.971 -0.920 
-0.865 -0.806 -0.742 -0.675 -0.603 -0.526 -0.445 -0.360 -0.270 -0.178 
-0.085 0.006 0.091 0.165 0.226 0.269 0.297 0.310 0.314 0.312 
0.308 0.306 0.308 0.317 0.335 0.364 0.404 0.458 0.523 0.595 
0.658 0.695 0.699 0.674 0.615 0.523 0.406 0.279 0.150 0.024 
-0.096 -0.209 -0.314 -0.412 -0.503 -0.587 -0.664 -0.736 -0.802 -0.864 
-0.921 -0.974 -1.022 -1.067 -1.109 -1.147 -1.182 -1.214 -1.243 -1.269 
-1.282 
-1.217 -1.232 -1.255 -1.275 -1.294 -1.309 -1.322 -1.333 -1.342 -1.348 
-1.352 -1.353 -1.353 -1.350 -1.344 -1.337 -1.327 -1.315 -1.300 -1.283 
-1.263 -1.241 -1.217 -1.189 -1.159 -1.126 -1.090 -1.051 -1.009 -0.963 
-0.914 -0.861 -0.804 -0.743 -0.678 -0.609 -0.536 -0.459 -0.380 -0.298 
-0.215 -0.134 -0.055 0.020 0.089 0.150 0.200 0.238 0.263 0.274 
0.275 0.269 0.260 0.251 0.245 0.245 0.250 0.264 0.286 0.315 
0.352 0.393 0.433 0.461 0.471 0.460 0.427 0.372 0.296 0.204 
0.102 -0.004 -0.109 -0.211 -0.308 -0.400 -0.486 -0.566 -0.640 -0.710 
-0.774 -0.834 -0.890 -0.941 -0.989 -1.033 -1.074 -1.111 -1.146 -1.177 
-1.207 
-1.234 -1.251 -1.273 -1.293 -1.310 -1.324 -1.336 -1.345 -1.352 -1.356 
-1.358 -1.358 -1.355 -1.350 -1.342 -1.332 -1.319 -1.304 -1.286 -1.266 
-1.243 -1.217 -1.188 -1.156 -1.122 -1.083 -1.042 -0.997 -0.948 -0.896 
-0.840 -0.779 -0.715 -0.646 -0.574 -0.498 -0.420 -0.341 -0.264 -0.192 
-0.128 -0.077 -0.041 -0.019 -0.010 -0.010 -0.014 -0.022 -0.033 -0.045 
-0.059 -0.073 -0.086 -0.095 -0.100 -0.099 -0.093 -0.080 -0.060 -0.034 
-0.001 0.038 0.082 0.128 0.171 0.206 0.226 0.224 0.196 0.143 
0.067 -0.023 -0.120 -0.219 -0.316 -0.409 -0.496 -0.578 -0.655 -0.726 
-0.792 -0.853 -0.910 -0.962 -1.010 -1.054 -1.095 -1.133 -1.167 -1.198 
-1.226 
-1.338 -1.365 -1.389 -1.410 -1.429 -1.445 -1.459 -1.470 -1.479 -1.486 
-1.490 -1.492 -1.491 -1.489 -1.484 -1.476 -1.467 -1.455 -1.440 -1.423 
-1.404 -1.382 -1.358 -1.330 -1.300 -1.268 -1.232 -1.193 -1.151 -1.106 
-1.057 -1.005 -0.950 -0.891 -0.829 -0.765 -0.698 -0.629 -0.561 -0.495 
-0.433 -0.378 -0.330 -0.290 -0.257 -0.230 -0.207 -0.190 -0.176 -0.167 
-0.162 -0.159 -0.158 -0.156 -0.152 -0.145 -0.134 -0.119 -0.099 -0.075 
-0.047 -0.017 0.012 0.039 0.061 0.076 0.080 0.069 0.038 -0.013 
-0.083 -0.165 -0.254 -0.345 -0.436 -0.524 -0.608 -0.687 -0.762 -0.832 
-0.897 -0.958 -1.015 -1.067 -1.116 -1.161 -1.203 -1.242 -1.277 -1.309 
-1.329 
-1.327 -1.361 -1.378 -1.394 -1.407 -1.417 -1.425 -1.431 -1.435 -1.436 
-1.435 -1.432 -1.426 -1.418 -1.407 -1.395 -1.379 -1.362 -1.342 -1.319 
-1.294 -1.266 -1.235 -1.201 -1.165 -1.125 -1.083 -1.037 -0.988 -0.935 
-0.880 -0.821 -0.759 -0.694 -0.628 -0.559 -0.490 -0.422 -0.357 -0.297 
-0.243 -0.198 -0.162 -0.134 -0.113 -0.097 -0.084 -0.074 -0.066 -0.060 
-0.058 -0.057 -0.056 -0.053 -0.046 -0.034 -0.015 0.009 0.038 0.069 
0.099 0.121 0.130 0.121 0.091 0.043 -0.018 -0.088 -0.164 -0.242 
-0.322 -0.401 -0.480 -0.555 -0.627 -0.696 -0.762 -0.824 -0.882 -0.937 
-0.989 -1.037 -1.082 -1.125 -1.164 -1.200 -1.234 -1.264 -1.292 -1.318 
-1.322 
-1.202 -1.200 -1.225 -1.247 -1.267 -1.285 -1.301 -1.315 -1.326 -1.336 
-1.343 -1.348 -1.351 -1.351 -1.350 -1.346 -1.341 -1.333 -1.322 -1.310 
-1.295 -1.278 -1.258 -1.236 -1.211 -1.184 -1.153 -1.120 -1.085 -1.046 
-1.004 -0.958 -0.910 -0.858 -0.803 -0.744 -0.683 -0.619 -0.553 -0.485 
-0.415 -0.345 -0.274 -0.202 -0.130 -0.060 0.006 0.063 0.108 0.137 
0.149 0.146 0.132 0.110 0.086 0.060 0.037 0.017 0.000 -0.013 
-0.025 -0.036 -0.050 -0.068 -0.093 -0.123 -0.157 -0.193 -0.229 -0.267 
-0.307 -0.348 -0.392 -0.437 -0.485 -0.534 -0.584 -0.635 -0.685 -0.735 
-0.784 -0.832 -0.878 -0.923 -0.965 -1.005 -1.043 -1.079 -1.113 -1.144 
-1.190 
-1.406 -1.447 -1.468 -1.488 -1.505 -1.520 -1.533 -1.543 -1.552 -1.559 
-1.563 -1.565 -1.566 -1.564 -1.560 -1.554 -1.546 -1.536 -1.524 -1.510 
-1.493 -1.474 -1.453 -1.430 -1.404 -1.376 -1.345 -1.312 -1.276 -1.238 
-1.197 -1.152 -1.105 -1.055 -1.002 -0.946 -0.886 -0.823 -0.758 -0.689 
-0.618 -0.545 -0.471 -0.396 -0.322 -0.250 -0.183 -0.122 -0.070 -0.029 
0.001 0.020 0.032 0.037 0.037 0.035 0.030 0.024 0.016 0.006 
-0.008 -0.027 -0.052 -0.084 -0.122 -0.166 -0.216 -0.271 -0.330 -0.392 
-0.456 -0.521 -0.586 -0.650 -0.713 -0.775 -0.835 -0.893 -0.948 -1.001 
-1.052 -1.101 -1.146 -1.190 -1.230 -1.268 -1.304 -1.337 -1.368 -1.397 
-1.400 
-1.528 -1.548 -1.572 -1.594 -1.613 -1.629 -1.643 -1.655 -1.665 -1.672 
-1.677 -1.680 -1.680 -1.678 -1.675 -1.668 -1.660 -1.650 -1.637 -1.622 
-1.604 -1.584 -1.562 -1.538 -1.510 -1.481 -1.449 -1.414 -1.376 -1.336 
-1.292 -1.246 -1.197 -1.145 -1.090 -1.033 -0.972 -0.910 -0.845 -0.780 
-0.713 -0.648 -0.583 -0.521 -0.462 -0.404 -0.346 -0.284 -0.221 -0.180 
-0.182 -0.212 -0.242 -0.263 -0.278 -0.286 -0.291 -0.291 -0.288 -0.283 
-0.277 -0.269 -0.262 -0.257 -0.257 -0.262 -0.276 -0.300 -0.335 -0.379 
-0.431 -0.487 -0.546 -0.608 -0.672 -0.739 -0.809 -0.879 -0.949 -1.016 
-1.081 -1.141 -1.197 -1.250 -1.299 -1.344 -1.386 -1.424 -1.460 -1.492 
-1.519 
-1.602 -1.633 -1.671 -1.705 -1.736 -1.764 -1.790 -1.812 -1.831 -1.848 
-1.862 -1.874 -1.883 -1.889 -1.893 -1.895 -1.894 -1.890 -1.884 -1.876 
-1.865 -1.851 -1.835 -1.816 -1.795 -1.771 -1.744 -1.713 -1.680 -1.644 
-1.604 -1.561 -1.514 -1.463 -1.407 -1.348 -1.283 -1.214 -1.138 -1.056 
-0.967 -0.869 -0.761 -0.639 -0.499 -0.338 -0.161 0.007 0.125 0.175 
0.139 0.035 -0.094 -0.216 -0.319 -0.402 -0.468 -0.518 -0.555 -0.581 
-0.596 -0.603 -0.603 -0.597 -0.585 -0.570 -0.552 -0.532 -0.509 -0.483 
-0.455 -0.431 -0.418 -0.425 -0.456 -0.511 -0.584 -0.669 -0.759 -0.851 
-0.941 -1.028 -1.110 -1.187 -1.259 -1.326 -1.388 -1.445 -1.498 -1.547 
-1.586 
-1.663 -1.710 -1.745 -1.777 -1.805 -1.830 -1.853 -1.872 -1.889 -1.903 
-1.914 -1.923 -1.929 -1.933 -1.934 -1.933 -1.929 -1.923 -1.915 -1.905 
-1.892 -1.876 -1.859 -1.839 -1.816 -1.791 -1.764 -1.734 -1.701 -1.666 
-1.628 -1.586 -1.541 -1.492 -1.439 -1.380 -1.316 -1.244 -1.165 -1.074 
-0.972 -0.854 -0.717 -0.558 -0.373 -0.167 0.030 0.158 0.166 0.077 
-0.058 -0.203 -0.335 -0.445 -0.533 -0.601 -0.653 -0.690 -0.714 -0.725 
-0.726 -0.717 -0.699 -0.672 -0.639 -0.602 -0.563 -0.522 -0.478 -0.429 
-0.378 -0.333 -0.309 -0.322 -0.376 -0.464 -0.572 -0.688 -0.803 -0.912 
-1.014 -1.108 -1.194 -1.274 -1.347 -1.413 -1.474 -1.530 -1.582 -1.628 
-1.650 
-1.597 -1.598 -1.619 -1.637 -1.652 -1.665 -1.676 -1.684 -1.690 -1.694 
-1.696 -1.696 -1.694 -1.690 -1.684 -1.676 -1.666 -1.654 -1.641 -1.626 
-1.609 -1.591 -1.570 -1.549 -1.526 -1.502 -1.477 -1.450 -1.423 -1.395 
-1.367 -1.338 -1.308 -1.279 -1.249 -1.219 -1.188 -1.157 -1.124 -1.090 
-1.051 -1.008 -0.957 -0.894 -0.813 -0.706 -0.575 -0.473 -0.481 -0.570 
-0.657 -0.718 -0.752 -0.768 -0.770 -0.760 -0.742 -0.715 -0.680 -0.639 
-0.593 -0.541 -0.486 -0.431 -0.380 -0.338 -0.313 -0.307 -0.322 -0.355 
-0.401 -0.456 -0.517 -0.586 -0.666 -0.754 -0.844 -0.931 -1.011 -1.085 
-1.153 -1.215 -1.271 -1.323 -1.370 -1.413 -1.452 -1.487 -1.520 -1.549 
-1.588 
-1.736 -1.782 -1.810 -1.834 -1.856 -1.875 -1.891 -1.905 -1.916 -1.925 
-1.932 -1.936 -1.938 -1.938 -1.935 -1.930 -1.923 -1.914 -1.902 -1.888 
-1.872 -1.854 -1.833 -1.810 -1.785 -1.758 -1.728 -1.696 -1.661 -1.623 
-1.583 -1.541 -1.495 -1.447 -1.395 -1.341 -1.283 -1.221 -1.157 -1.091 
-1.023 -0.955 -0.890 -0.831 -0.780 -0.742 -0.717 -0.705 -0.705 -0.714 
-0.728 -0.745 -0.761 -0.774 -0.784 -0.789 -0.788 -0.781 -0.767 -0.746 
-0.718 -0.682 -0.640 -0.591 -0.539 -0.485 -0.433 -0.391 -0.365 -0.364 
-0.394 -0.454 -0.537 -0.632 -0.732 -0.830 -0.924 -1.013 -1.097 -1.176 
-1.251 -1.320 -1.384 -1.444 -1.500 -1.551 -1.598 -1.642 -1.682 -1.719 
-1.727 
-1.664 -1.702 -1.739 -1.773 -1.803 -1.831 -1.855 -1.877 -1.895 -1.911 
-1.924 -1.935 -1.943 -1.948 -1.951 -1.951 -1.949 -1.944 -1.937 -1.927 
-1.915 -1.899 -1.882 -1.861 -1.838 -1.811 -1.782 -1.749 -1.714 -1.675 
-1.632 -1.586 -1.536 -1.483 -1.425 -1.363 -1.297 -1.228 -1.155 -1.079 
-1.002 -0.925 -0.852 -0.786 -0.729 -0.687 -0.662 -0.659 -0.677 -0.712 
-0.754 -0.797 -0.839 -0.877 -0.910 -0.937 -0.959 -0.975 -0.985 -0.989 
-0.987 -0.979 -0.964 -0.944 -0.917 -0.886 -0.851 -0.815 -0.783 -0.763 
-0.756 -0.763 -0.779 -0.800 -0.828 -0.860 -0.898 -0.940 -0.985 -1.033 
-1.086 -1.144 -1.207 -1.272 -1.336 -1.399 -1.459 -1.515 -1.568 -1.616 
-1.651 
-1.593 -1.615 -1.668 -1.716 -1.760 -1.799 -1.835 -1.867 -1.895 -1.920 
-1.941 -1.959 -1.975 -1.987 -1.996 -2.003 -2.006 -2.007 -2.005 -2.000 
-1.992 -1.981 -1.968 -1.951 -1.932 -1.910 -1.884 -1.855 -1.823 -1.788 
-1.749 -1.706 -1.660 -1.610 -1.555 -1.496 -1.433 -1.365 -1.291 -1.212 
-1.126 -1.035 -0.937 -0.834 -0.733 -0.641 -0.575 -0.550 -0.570 -0.626 
-0.702 -0.783 -0.859 -0.928 -0.986 -1.035 -1.075 -1.106 -1.129 -1.144 
-1.153 -1.156 -1.155 -1.150 -1.145 -1.139 -1.134 -1.130 -1.123 -1.114 
-1.100 -1.081 -1.058 -1.031 -0.999 -0.965 -0.930 -0.898 -0.875 -0.867 
-0.880 -0.916 -0.972 -1.042 -1.119 -1.200 -1.280 -1.356 -1.428 -1.496 
-1.568 
-1.821 -1.896 -1.929 -1.959 -1.985 -2.008 -2.028 -2.044 -2.057 -2.068 
-2.076 -2.081 -2.083 -2.082 -2.079 -2.074 -2.065 -2.055 -2.041 -2.026 
-2.007 -1.986 -1.963 -1.937 -1.908 -1.877 -1.843 -1.806 -1.768 -1.726 
-1.683 -1.637 -1.589 -1.540 -1.490 -1.439 -1.388 -1.337 -1.288 -1.240 
-1.194 -1.150 -1.107 -1.063 -1.019 -0.976 -0.940 -0.920 -0.918 -0.929 
-0.944 -0.959 -0.972 -0.984 -0.992 -0.995 -0.993 -0.984 -0.970 -0.952 
-0.930 -0.907 -0.886 -0.869 -0.861 -0.864 -0.880 -0.909 -0.951 -1.001 
-1.056 -1.112 -1.164 -1.211 -1.250 -1.280 -1.302 -1.316 -1.328 -1.344 
-1.369 -1.405 -1.452 -1.505 -1.562 -1.618 -1.673 -1.725 -1.774 -1.818 
-1.817 
-1.761 -1.781 -1.826 -1.868 -1.908 -1.945 -1.979 -2.010 -2.038 -2.063 
-2.086 -2.106 -2.123 -2.137 -2.149 -2.158 -2.164 -2.168 -2.169 -2.167 
-2.163 -2.157 -2.147 -2.135 -2.120 -2.103 -2.083 -2.060 -2.035 -2.006 
-1.975 -1.941 -1.905 -1.866 -1.825 -1.781 -1.736 -1.688 -1.639 -1.589 
-1.537 -1.484 -1.428 -1.370 -1.308 -1.243 -1.174 -1.104 -1.037 -0.978 
-0.935 -0.915 -0.919 -0.943 -0.980 -1.022 -1.064 -1.102 -1.133 -1.157 
-1.174 -1.184 -1.189 -1.190 -1.189 -1.188 -1.189 -1.190 -1.193 -1.195 
-1.199 -1.204 -1.214 -1.228 -1.245 -1.263 -1.279 -1.294 -1.307 -1.321 
-1.337 -1.357 -1.383 -1.414 -1.452 -1.494 -1.540 -1.588 -1.637 -1.687 
-1.741 
-1.831 -1.862 -1.898 -1.932 -1.962 -1.990 -2.015 -2.037 -2.057 -2.074 
-2.088 -2.101 -2.110 -2.118 -2.123 -2.126 -2.126 -2.125 -2.121 -2.115 
-2.106 -2.096 -2.083 -2.068 -2.051 -2.032 -2.010 -1.987 -1.961 -1.933 
-1.902 -1.870 -1.835 -1.798 -1.759 -1.718 -1.676 -1.631 -1.584 -1.535 
-1.483 -1.429 -1.371 -1.308 -1.243 -1.182 -1.135 -1.112 -1.109 -1.111 
-1.115 -1.120 -1.127 -1.138 -1.148 -1.157 -1.163 -1.164 -1.160 -1.152 
-1.138 -1.120 -1.097 -1.068 -1.036 -1.000 -0.960 -0.920 -0.881 -0.847 
-0.821 -0.809 -0.811 -0.829 -0.861 -0.908 -0.969 -1.040 -1.117 -1.194 
-1.268 -1.338 -1.404 -1.467 -1.526 -1.583 -1.636 -1.687 -1.735 -1.781 
-1.819 
-1.998 -2.050 -2.089 -2.124 -2.155 -2.184 -2.209 -2.231 -2.251 -2.268 
-2.282 -2.294 -2.303 -2.309 -2.313 -2.315 -2.314 -2.311 -2.305 -2.297 
-2.286 -2.273 -2.257 -2.238 -2.217 -2.193 -2.166 -2.136 -2.103 -2.066 
-2.026 -1.982 -1.934 -1.882 -1.825 -1.763 -1.696 -1.621 -1.540 -1.451 
-1.354 -1.247 -1.132 -1.012 -0.896 -0.799 -0.742 -0.739 -0.784 -0.858 
-0.942 -1.023 -1.096 -1.159 -1.212 -1.256 -1.292 -1.319 -1.339 -1.352 
-1.358 -1.357 -1.350 -1.336 -1.316 -1.289 -1.256 -1.216 -1.171 -1.121 
-1.067 -1.011 -0.954 -0.903 -0.868 -0.863 -0.897 -0.968 -1.065 -1.173 
-1.282 -1.386 -1.483 -1.572 -1.652 -1.726 -1.793 -1.854 -1.910 -1.961 
-1.984 
-1.974 -1.986 -2.009 -2.030 -2.049 -2.066 -2.081 -2.094 -2.105 -2.115 
-2.122 -2.127 -2.130 -2.132 -2.131 -2.128 -2.123 -2.116 -2.107 -2.095 
-2.082 -2.066 -2.048 -2.028 -2.005 -1.980 -1.952 -1.921 -1.888 -1.852 
-1.813 -1.770 -1.725 -1.675 -1.622 -1.565 -1.503 -1.436 -1.365 -1.289 
-1.208 -1.124 -1.038 -0.955 -0.878 -0.816 -0.779 -0.772 -0.793 -0.834 
-0.886 -0.943 -1.000 -1.055 -1.105 -1.151 -1.191 -1.226 -1.256 -1.282 
-1.303 -1.320 -1.334 -1.346 -1.354 -1.362 -1.367 -1.371 -1.374 -1.375 
-1.373 -1.366 -1.356 -1.344 -1.335 -1.341 -1.368 -1.416 -1.474 -1.533 
-1.589 -1.640 -1.687 -1.730 -1.770 -1.807 -1.842 -1.875 -1.905 -1.934 
-1.966 
-1.992 -2.024 -2.046 -2.065 -2.082 -2.097 -2.110 -2.120 -2.128 -2.134 
-2.138 -2.140 -2.140 -2.138 -2.135 -2.129 -2.121 -2.112 -2.101 -2.088 
-2.073 -2.057 -2.039 -2.019 -1.998 -1.976 -1.952 -1.927 -1.901 -1.874 
-1.846 -1.817 -1.787 -1.757 -1.725 -1.693 -1.660 -1.626 -1.590 -1.552 
-1.511 -1.467 -1.419 -1.369 -1.318 -1.267 -1.218 -1.173 -1.134 -1.113 
-1.123 -1.158 -1.202 -1.243 -1.274 -1.296 -1.309 -1.316 -1.317 -1.313 
-1.307 -1.298 -1.289 -1.280 -1.273 -1.270 -1.271 -1.276 -1.287 -1.303 
-1.323 -1.346 -1.372 -1.398 -1.424 -1.451 -1.478 -1.507 -1.539 -1.576 
-1.616 -1.660 -1.705 -1.750 -1.794 -1.835 -1.873 -1.909 -1.942 -1.972 
-1.986 
-1.981 -2.000 -2.045 -2.086 -2.124 -2.158 -2.189 -2.217 -2.241 -2.263 
-2.281 -2.297 -2.310 -2.320 -2.328 -2.333 -2.336 -2.336 -2.333 -2.328 
-2.321 -2.311 -2.299 -2.284 -2.267 -2.248 -2.226 -2.201 -2.174 -2.145 
-2.112 -2.077 -2.039 -1.998 -1.953 -1.905 -1.852 -1.795 -1.734 -1.666 
-1.593 -1.514 -1.427 -1.332 -1.228 -1.114 -0.991 -0.868 -0.765 -0.704 
-0.704 -0.759 -0.845 -0.941 -1.031 -1.111 -1.178 -1.233 -1.276 -1.310 
-1.334 -1.350 -1.358 -1.360 -1.355 -1.346 -1.333 -1.317 -1.300 -1.285 
-1.275 -1.267 -1.260 -1.252 -1.242 -1.232 -1.225 -1.228 -1.243 -1.273 
-1.317 -1.373 -1.437 -1.506 -1.577 -1.647 -1.715 -1.780 -1.841 -1.898 
-1.959 
-2.217 -2.278 -2.314 -2.346 -2.375 -2.400 -2.423 -2.443 -2.460 -2.474 
-2.486 -2.494 -2.501 -2.504 -2.505 -2.504 -2.500 -2.493 -2.484 -2.472 
-2.457 -2.440 -2.420 -2.397 -2.372 -2.343 -2.311 -2.277 -2.238 -2.197 
-2.152 -2.103 -2.051 -1.994 -1.934 -1.870 -1.802 -1.731 -1.657 -1.582 
-1.506 -1.432 -1.362 -1.298 -1.242 -1.193 -1.152 -1.117 -1.091 -1.083 
-1.103 -1.149 -1.205 -1.258 -1.303 -1.337 -1.362 -1.378 -1.384 -1.382 
-1.372 -1.355 -1.329 -1.297 -1.258 -1.214 -1.169 -1.126 -1.093 -1.077 
-1.083 -1.113 -1.164 -1.227 -1.295 -1.362 -1.425 -1.484 -1.543 -1.604 
-1.666 -1.732 -1.798 -1.864 -1.927 -1.988 -2.046 -2.100 -2.150 -2.197 
-2.208 
-2.273 -2.302 -2.339 -2.373 -2.404 -2.432 -2.457 -2.480 -2.500 -2.517 
-2.532 -2.544 -2.554 -2.562 -2.567 -2.569 -2.570 -2.567 -2.563 -2.556 
-2.546 -2.534 -2.520 -2.503 -2.483 -2.460 -2.434 -2.406 -2.374 -2.339 
-2.301 -2.259 -2.212 -2.162 -2.108 -2.049 -1.984 -1.915 -1.840 -1.760 
-1.674 -1.583 -1.487 -1.389 -1.293 -1.207 -1.140 -1.105 -1.105 -1.133 
-1.177 -1.225 -1.270 -1.312 -1.352 -1.392 -1.432 -1.470 -1.504 -1.534 
-1.557 -1.574 -1.583 -1.586 -1.581 -1.569 -1.551 -1.531 -1.511 -1.495 
-1.488 -1.490 -1.499 -1.510 -1.522 -1.537 -1.556 -1.583 -1.619 -1.664 
-1.715 -1.772 -1.832 -1.893 -1.953 -2.012 -2.068 -2.121 -2.171 -2.218 
-2.257 
-2.229 -2.258 -2.282 -2.305 -2.325 -2.344 -2.361 -2.376 -2.390 -2.401 
-2.411 -2.420 -2.426 -2.431 -2.435 -2.436 -2.436 -2.434 -2.430 -2.425 
-2.417 -2.408 -2.397 -2.384 -2.369 -2.352 -2.333 -2.312 -2.289 -2.263 
-2.235 -2.204 -2.171 -2.135 -2.096 -2.054 -2.009 -1.960 -1.907 -1.851 
-1.789 -1.724 -1.653 -1.577 -1.498 -1.418 -1.339 -1.267 -1.202 -1.140 
-1.081 -1.027 -0.986 -0.966 -0.971 -0.997 -1.039 -1.091 -1.147 -1.205 
-1.262 -1.316 -1.367 -1.415 -1.459 -1.499 -1.536 -1.570 -1.600 -1.626 
-1.650 -1.672 -1.691 -1.709 -1.727 -1.746 -1.768 -1.792 -1.821 -1.853 
-1.888 -1.925 -1.963 -2.001 -2.039 -2.075 -2.110 -2.143 -2.175 -2.204 
-2.223 
-2.134 -2.169 -2.210 -2.249 -2.286 -2.319 -2.350 -2.378 -2.404 -2.428 
-2.448 -2.467 -2.483 -2.497 -2.508 -2.517 -2.524 -2.529 -2.531 -2.531 
-2.529 -2.524 -2.517 -2.508 -2.496 -2.482 -2.465 -2.446 -2.424 -2.399 
-2.371 -2.340 -2.306 -2.268 -2.227 -2.181 -2.131 -2.076 -2.016 -1.950 
-1.879 -1.803 -1.724 -1.645 -1.571 -1.503 -1.435 -1.359 -1.271 -1.173 
-1.070 -0.975 -0.904 -0.871 -0.881 -0.926 -0.993 -1.067 -1.141 -1.210 
-1.272 -1.326 -1.373 -1.414 -1.447 -1.475 -1.497 -1.514 -1.527 -1.536 
-1.542 -1.545 -1.547 -1.548 -1.549 -1.551 -1.555 -1.560 -1.570 -1.587 
-1.612 -1.649 -1.695 -1.749 -1.805 -1.863 -1.919 -1.974 -2.027 -2.077 
-2.119 
-2.085 -2.128 -2.182 -2.232 -2.278 -2.320 -2.357 -2.392 -2.422 -2.450 
-2.474 -2.495 -2.513 -2.528 -2.540 -2.549 -2.555 -2.558 -2.558 -2.556 
-2.551 -2.542 -2.531 -2.517 -2.499 -2.479 -2.455 -2.427 -2.396 -2.361 
-2.321 -2.278 -2.229 -2.175 -2.116 -2.051 -1.979 -1.900 -1.814 -1.721 
-1.623 -1.524 -1.429 -1.350 -1.298 -1.282 -1.298 -1.335 -1.378 -1.411 
-1.429 -1.431 -1.427 -1.434 -1.464 -1.513 -1.572 -1.631 -1.685 -1.732 
-1.770 -1.801 -1.825 -1.841 -1.851 -1.855 -1.853 -1.845 -1.832 -1.812 
-1.787 -1.757 -1.720 -1.678 -1.631 -1.579 -1.525 -1.473 -1.429 -1.402 
-1.400 -1.424 -1.474 -1.543 -1.621 -1.703 -1.784 -1.862 -1.936 -2.005 
-2.062 
-2.112 -2.146 -2.189 -2.230 -2.269 -2.305 -2.339 -2.371 -2.400 -2.427 
-2.452 -2.474 -2.494 -2.511 -2.526 -2.539 -2.549 -2.557 -2.562 -2.565 
-2.566 -2.564 -2.559 -2.552 -2.542 -2.529 -2.514 -2.495 -2.474 -2.449 
-2.422 -2.391 -2.356 -2.317 -2.275 -2.228 -2.176 -2.120 -2.058 -1.992 
-1.920 -1.845 -1.768 -1.696 -1.635 -1.589 -1.557 -1.537 -1.524 -1.522 
-1.529 -1.547 -1.573 -1.604 -1.638 -1.673 -1.706 -1.738 -1.769 -1.797 
-1.823 -1.847 -1.867 -1.884 -1.897 -1.907 -1.912 -1.913 -1.910 -1.902 
-1.891 -1.876 -1.858 -1.836 -1.811 -1.785 -1.757 -1.731 -1.708 -1.695 
-1.693 -1.706 -1.733 -1.769 -1.812 -1.858 -1.907 -1.956 -2.005 -2.054 
-2.096 
-2.231 -2.242 -2.263 -2.284 -2.305 -2.327 -2.349 -2.371 -2.393 -2.414 
-2.435 -2.456 -2.475 -2.493 -2.510 -2.526 -2.540 -2.552 -2.563 -2.572 
-2.579 -2.584 -2.587 -2.588 -2.586 -2.582 -2.576 -2.567 -2.556 -2.542 
-2.525 -2.505 -2.482 -2.455 -2.426 -2.394 -2.359 -2.322 -2.282 -2.242 
-2.201 -2.161 -2.122 -2.083 -2.044 -2.006 -1.967 -1.930 -1.894 -1.862 
-1.832 -1.805 -1.780 -1.758 -1.738 -1.723 -1.714 -1.713 -1.720 -1.734 
-1.755 -1.779 -1.806 -1.834 -1.861 -1.886 -1.909 -1.929 -1.946 -1.960 
-1.972 -1.982 -1.991 -2.000 -2.009 -2.018 -2.027 -2.036 -2.045 -2.054 
-2.064 -2.075 -2.087 -2.101 -2.116 -2.132 -2.149 -2.166 -2.185 -2.203 
-2.227 
-2.529 -2.575 -2.601 -2.625 -2.648 -2.669 -2.688 -2.706 -2.722 -2.736 
-2.748 -2.758 -2.767 -2.773 -2.776 -2.778 -2.777 -2.773 -2.767 -2.759 
-2.747 -2.733 -2.716 -2.696 -2.674 -2.648 -2.618 -2.586 -2.550 -2.511 
-2.469 -2.423 -2.374 -2.322 -2.268 -2.211 -2.154 -2.098 -2.043 -1.994 
-1.951 -1.917 -1.894 -1.881 -1.876 -1.878 -1.883 -1.889 -1.893 -1.897 
-1.901 -1.906 -1.914 -1.924 -1.934 -1.944 -1.953 -1.962 -1.970 -1.977 
-1.982 -1.985 -1.985 -1.982 -1.974 -1.963 -1.948 -1.932 -1.914 -1.897 
-1.883 -1.875 -1.873 -1.881 -1.898 -1.925 -1.960 -2.002 -2.049 -2.098 
-2.148 -2.198 -2.247 -2.293 -2.337 -2.378 -2.417 -2.453 -2.487 -2.518 
-2.520 
-2.655 -2.687 -2.723 -2.757 -2.788 -2.816 -2.841 -2.864 -2.885 -2.902 
-2.918 -2.930 -2.941 -2.948 -2.954 -2.957 -2.957 -2.955 -2.951 -2.944 
-2.934 -2.922 -2.908 -2.890 -2.870 -2.847 -2.821 -2.792 -2.760 -2.724 
-2.685 -2.643 -2.597 -2.548 -2.495 -2.438 -2.379 -2.317 -2.253 -2.188 
-2.125 -2.066 -2.011 -1.961 -1.915 -1.871 -1.826 -1.779 -1.735 -1.697 
-1.671 -1.661 -1.667 -1.687 -1.717 -1.751 -1.787 -1.822 -1.853 -1.879 
-1.900 -1.916 -1.927 -1.932 -1.933 -1.930 -1.923 -1.914 -1.903 -1.892 
-1.884 -1.880 -1.881 -1.889 -1.904 -1.927 -1.957 -1.994 -2.037 -2.085 
-2.137 -2.192 -2.247 -2.303 -2.358 -2.412 -2.464 -2.514 -2.561 -2.606 
-2.641 
-2.670 -2.699 -2.729 -2.756 -2.780 -2.801 -2.820 -2.836 -2.850 -2.861 
-2.870 -2.876 -2.879 -2.880 -2.879 -2.875 -2.869 -2.860 -2.848 -2.834 
-2.817 -2.797 -2.775 -2.749 -2.721 -2.689 -2.655 -2.616 -2.575 -2.529 
-2.480 -2.426 -2.369 -2.307 -2.241 -2.171 -2.098 -2.021 -1.944 -1.868 
-1.796 -1.734 -1.684 -1.652 -1.637 -1.639 -1.652 -1.672 -1.697 -1.723 
-1.750 -1.777 -1.805 -1.833 -1.859 -1.883 -1.903 -1.917 -1.927 -1.932 
-1.931 -1.925 -1.914 -1.898 -1.879 -1.857 -1.833 -1.810 -1.790 -1.774 
-1.767 -1.771 -1.787 -1.815 -1.853 -1.900 -1.953 -2.010 -2.069 -2.129 
-2.189 -2.247 -2.304 -2.359 -2.412 -2.461 -2.508 -2.552 -2.593 -2.632 
-2.660 
-2.644 -2.674 -2.706 -2.736 -2.763 -2.788 -2.810 -2.830 -2.848 -2.863 
-2.876 -2.887 -2.895 -2.901 -2.904 -2.905 -2.904 -2.900 -2.894 -2.885 
-2.874 -2.861 -2.845 -2.826 -2.804 -2.780 -2.753 -2.722 -2.689 -2.652 
-2.612 -2.569 -2.522 -2.471 -2.416 -2.357 -2.295 -2.229 -2.160 -2.089 
-2.017 -1.948 -1.884 -1.827 -1.780 -1.745 -1.724 -1.718 -1.726 -1.747 
-1.777 -1.813 -1.851 -1.889 -1.925 -1.959 -1.988 -2.014 -2.035 -2.051 
-2.063 -2.071 -2.075 -2.075 -2.071 -2.064 -2.055 -2.044 -2.032 -2.022 
-2.015 -2.011 -2.013 -2.020 -2.033 -2.052 -2.075 -2.104 -2.137 -2.174 
-2.215 -2.258 -2.302 -2.348 -2.393 -2.438 -2.482 -2.524 -2.565 -2.603 
-2.632 
-2.597 -2.624 -2.658 -2.689 -2.718 -2.745 -2.769 -2.791 -2.810 -2.827 
-2.841 -2.854 -2.863 -2.871 -2.876 -2.878 -2.878 -2.876 -2.872 -2.865 
-2.856 -2.844 -2.830 -2.813 -2.793 -2.771 -2.746 -2.718 -2.687 -2.654 
-2.617 -2.576 -2.532 -2.485 -2.434 -2.379 -2.321 -2.259 -2.193 -2.124 
-2.054 -1.982 -1.912 -1.847 -1.789 -1.742 -1.709 -1.691 -1.688 -1.699 
-1.721 -1.752 -1.787 -1.823 -1.860 -1.894 -1.925 -1.952 -1.976 -1.995 
-2.010 -2.021 -2.028 -2.031 -2.030 -2.027 -2.020 -2.012 -2.001 -1.990 
-1.980 -1.970 -1.964 -1.962 -1.965 -1.975 -1.992 -2.017 -2.048 -2.086 
-2.129 -2.175 -2.223 -2.272 -2.321 -2.370 -2.417 -2.463 -2.506 -2.548 
-2.584 
-2.636 -2.658 -2.695 -2.728 -2.758 -2.786 -2.811 -2.833 -2.852 -2.868 
-2.882 -2.894 -2.902 -2.909 -2.912 -2.913 -2.912 -2.908 -2.901 -2.892 
-2.880 -2.866 -2.849 -2.828 -2.805 -2.779 -2.750 -2.717 -2.681 -2.642 
-2.599 -2.552 -2.501 -2.445 -2.385 -2.320 -2.251 -2.177 -2.100 -2.019 
-1.938 -1.861 -1.792 -1.739 -1.707 -1.697 -1.705 -1.729 -1.763 -1.804 
-1.849 -1.894 -1.938 -1.979 -2.016 -2.049 -2.077 -2.100 -2.118 -2.132 
-2.140 -2.144 -2.144 -2.139 -2.129 -2.116 -2.099 -2.078 -2.054 -2.028 
-2.001 -1.973 -1.947 -1.925 -1.911 -1.908 -1.919 -1.945 -1.984 -2.033 
-2.087 -2.144 -2.203 -2.263 -2.321 -2.377 -2.431 -2.482 -2.531 -2.576 
-2.621 
-2.847 -2.898 -2.936 -2.971 -3.002 -3.030 -3.055 -3.076 -3.095 -3.110 
-3.123 -3.133 -3.141 -3.145 -3.147 -3.147 -3.143 -3.137 -3.128 -3.117 
-3.102 -3.085 -3.065 -3.041 -3.015 -2.985 -2.952 -2.915 -2.874 -2.829 
-2.780 -2.726 -2.666 -2.601 -2.530 -2.452 -2.367 -2.275 -2.176 -2.071 
-1.966 -1.867 -1.790 -1.746 -1.743 -1.773 -1.825 -1.886 -1.948 -2.006 
-2.061 -2.110 -2.155 -2.194 -2.228 -2.257 -2.282 -2.301 -2.315 -2.324 
-2.329 -2.328 -2.324 -2.314 -2.300 -2.280 -2.256 -2.226 -2.190 -2.148 
-2.099 -2.045 -1.989 -1.935 -1.893 -1.874 -1.885 -1.929 -1.998 -2.082 
-2.173 -2.263 -2.350 -2.432 -2.509 -2.579 -2.644 -2.704 -2.759 -2.810 
-2.833 
-2.955 -2.973 -2.999 -3.022 -3.043 -3.062 -3.078 -3.092 -3.104 -3.113 
-3.120 -3.125 -3.128 -3.128 -3.126 -3.122 -3.116 -3.107 -3.097 -3.083 
-3.068 -3.050 -3.029 -3.006 -2.980 -2.952 -2.920 -2.886 -2.848 -2.808 
-2.763 -2.716 -2.664 -2.609 -2.550 -2.486 -2.419 -2.349 -2.277 -2.204 
-2.133 -2.066 -2.007 -1.959 -1.926 -1.904 -1.890 -1.881 -1.879 -1.884 
-1.895 -1.911 -1.931 -1.952 -1.974 -1.994 -2.013 -2.029 -2.043 -2.054 
-2.062 -2.068 -2.072 -2.074 -2.074 -2.073 -2.071 -2.068 -2.065 -2.063 
-2.066 -2.078 -2.099 -2.126 -2.156 -2.191 -2.234 -2.288 -2.351 -2.417 
-2.483 -2.546 -2.604 -2.659 -2.710 -2.757 -2.801 -2.841 -2.878 -2.912 
-2.946 
-3.061 -3.105 -3.133 -3.157 -3.179 -3.198 -3.213 -3.226 -3.236 -3.244 
-3.249 -3.251 -3.250 -3.247 -3.241 -3.233 -3.221 -3.207 -3.190 -3.171 
-3.148 -3.122 -3.093 -3.060 -3.024 -2.985 -2.941 -2.894 -2.842 -2.785 
-2.724 -2.658 -2.587 -2.512 -2.433 -2.352 -2.271 -2.196 -2.130 -2.078 
-2.044 -2.030 -2.035 -2.053 -2.081 -2.112 -2.143 -2.173 -2.201 -2.228 
-2.253 -2.277 -2.298 -2.317 -2.332 -2.342 -2.348 -2.349 -2.344 -2.333 
-2.317 -2.294 -2.265 -2.228 -2.184 -2.133 -2.075 -2.014 -1.954 -1.904 
-1.876 -1.880 -1.918 -1.981 -2.058 -2.138 -2.217 -2.295 -2.374 -2.453 
-2.532 -2.607 -2.678 -2.744 -2.805 -2.861 -2.912 -2.958 -3.001 -3.039 
-3.052 
-2.960 -2.991 -3.028 -3.060 -3.090 -3.115 -3.137 -3.156 -3.172 -3.185 
-3.194 -3.201 -3.204 -3.205 -3.202 -3.196 -3.187 -3.175 -3.160 -3.141 
-3.119 -3.094 -3.065 -3.032 -2.994 -2.953 -2.907 -2.856 -2.800 -2.739 
-2.672 -2.600 -2.523 -2.443 -2.362 -2.283 -2.214 -2.160 -2.129 -2.123 
-2.138 -2.170 -2.212 -2.259 -2.307 -2.354 -2.400 -2.444 -2.487 -2.527 
-2.564 -2.597 -2.627 -2.652 -2.672 -2.688 -2.698 -2.704 -2.704 -2.699 
-2.688 -2.672 -2.650 -2.621 -2.586 -2.544 -2.496 -2.442 -2.385 -2.329 
-2.279 -2.239 -2.206 -2.175 -2.143 -2.116 -2.105 -2.119 -2.159 -2.220 
-2.296 -2.378 -2.459 -2.538 -2.612 -2.681 -2.745 -2.804 -2.857 -2.906 
-2.945 
-2.817 -2.855 -2.888 -2.920 -2.949 -2.977 -3.002 -3.024 -3.045 -3.063 
-3.079 -3.092 -3.103 -3.111 -3.117 -3.121 -3.122 -3.121 -3.117 -3.111 
-3.102 -3.090 -3.075 -3.058 -3.038 -3.014 -2.987 -2.957 -2.924 -2.886 
-2.845 -2.800 -2.750 -2.697 -2.640 -2.581 -2.523 -2.469 -2.420 -2.378 
-2.341 -2.305 -2.272 -2.242 -2.218 -2.204 -2.201 -2.208 -2.223 -2.245 
-2.272 -2.300 -2.330 -2.359 -2.387 -2.414 -2.439 -2.462 -2.481 -2.498 
-2.512 -2.523 -2.531 -2.535 -2.536 -2.534 -2.529 -2.521 -2.509 -2.495 
-2.478 -2.459 -2.438 -2.415 -2.394 -2.376 -2.367 -2.369 -2.384 -2.408 
-2.438 -2.472 -2.508 -2.546 -2.585 -2.624 -2.665 -2.704 -2.744 -2.782 
-2.806 
-2.720 -2.723 -2.757 -2.788 -2.819 -2.847 -2.873 -2.898 -2.920 -2.940 
-2.958 -2.974 -2.988 -3.000 -3.010 -3.017 -3.022 -3.025 -3.026 -3.025 
-3.021 -3.016 -3.007 -2.997 -2.984 -2.969 -2.951 -2.931 -2.908 -2.883 
-2.855 -2.824 -2.790 -2.754 -2.715 -2.673 -2.628 -2.582 -2.534 -2.486 
-2.438 -2.392 -2.348 -2.307 -2.270 -2.238 -2.210 -2.186 -2.166 -2.152 
-2.142 -2.138 -2.138 -2.143 -2.152 -2.164 -2.177 -2.192 -2.206 -2.218 
-2.230 -2.239 -2.245 -2.249 -2.251 -2.250 -2.247 -2.243 -2.239 -2.237 
-2.237 -2.240 -2.246 -2.253 -2.261 -2.270 -2.281 -2.293 -2.309 -2.327 
-2.349 -2.375 -2.404 -2.435 -2.469 -2.505 -2.541 -2.578 -2.616 -2.652 
-2.705 
-2.955 -3.030 -3.059 -3.085 -3.109 -3.131 -3.150 -3.167 -3.181 -3.192 
-3.202 -3.209 -3.213 -3.215 -3.214 -3.211 -3.206 -3.198 -3.187 -3.174 
-3.158 -3.140 -3.119 -3.095 -3.068 -3.038 -3.005 -2.969 -2.929 -2.887 
-2.841 -2.791 -2.739 -2.683 -2.625 -2.565 -2.503 -2.441 -2.381 -2.325 
-2.275 -2.234 -2.202 -2.182 -2.171 -2.170 -2.177 -2.189 -2.204 -2.220 
-2.237 -2.254 -2.269 -2.283 -2.294 -2.302 -2.307 -2.308 -2.305 -2.298 
-2.286 -2.269 -2.248 -2.223 -2.196 -2.166 -2.138 -2.113 -2.097 -2.092 
-2.100 -2.123 -2.158 -2.202 -2.252 -2.305 -2.358 -2.412 -2.466 -2.518 
-2.570 -2.620 -2.669 -2.717 -2.763 -2.807 -2.850 -2.890 -2.929 -2.965 
-2.949 
-2.862 -2.869 -2.901 -2.930 -2.956 -2.980 -3.002 -3.021 -3.037 -3.051 
-3.062 -3.071 -3.077 -3.081 -3.083 -3.082 -3.079 -3.073 -3.065 -3.054 
-3.041 -3.026 -3.007 -2.986 -2.963 -2.936 -2.907 -2.874 -2.839 -2.801 
-2.759 -2.714 -2.666 -2.615 -2.561 -2.504 -2.444 -2.382 -2.320 -2.258 
-2.198 -2.142 -2.093 -2.054 -2.026 -2.010 -2.007 -2.016 -2.033 -2.057 
-2.085 -2.114 -2.143 -2.171 -2.196 -2.217 -2.235 -2.249 -2.258 -2.264 
-2.265 -2.263 -2.256 -2.246 -2.232 -2.215 -2.197 -2.178 -2.160 -2.145 
-2.133 -2.126 -2.125 -2.131 -2.143 -2.162 -2.190 -2.225 -2.266 -2.312 
-2.362 -2.413 -2.466 -2.519 -2.570 -2.620 -2.668 -2.713 -2.756 -2.796 
-2.847 
-2.916 -2.959 -2.988 -3.014 -3.039 -3.061 -3.080 -3.097 -3.112 -3.125 
-3.135 -3.143 -3.148 -3.151 -3.151 -3.150 -3.145 -3.139 -3.130 -3.118 
-3.104 -3.087 -3.068 -3.046 -3.021 -2.994 -2.963 -2.930 -2.894 -2.854 
-2.811 -2.765 -2.715 -2.662 -2.605 -2.546 -2.483 -2.418 -2.352 -2.285 
-2.220 -2.159 -2.104 -2.060 -2.028 -2.011 -2.011 -2.025 -2.050 -2.081 
-2.116 -2.151 -2.185 -2.217 -2.245 -2.269 -2.289 -2.305 -2.317 -2.326 
-2.330 -2.331 -2.329 -2.323 -2.315 -2.306 -2.295 -2.285 -2.275 -2.268 
-2.264 -2.265 -2.271 -2.284 -2.303 -2.329 -2.360 -2.396 -2.436 -2.479 
-2.523 -2.567 -2.612 -2.656 -2.699 -2.741 -2.782 -2.821 -2.859 -2.894 
-2.907 
-2.907 -2.912 -2.944 -2.974 -3.003 -3.029 -3.054 -3.077 -3.097 -3.115 
-3.131 -3.144 -3.155 -3.163 -3.168 -3.171 -3.172 -3.170 -3.165 -3.157 
-3.147 -3.133 -3.117 -3.098 -3.076 -3.051 -3.022 -2.990 -2.955 -2.917 
-2.875 -2.829 -2.781 -2.729 -2.675 -2.618 -2.558 -2.496 -2.430 -2.361 
-2.289 -2.216 -2.143 -2.078 -2.026 -1.996 -1.992 -2.014 -2.057 -2.112 
-2.173 -2.234 -2.292 -2.345 -2.392 -2.433 -2.468 -2.498 -2.522 -2.541 
-2.556 -2.568 -2.575 -2.581 -2.585 -2.587 -2.589 -2.590 -2.591 -2.592 
-2.593 -2.595 -2.596 -2.598 -2.600 -2.603 -2.606 -2.610 -2.615 -2.621 
-2.630 -2.642 -2.657 -2.675 -2.698 -2.723 -2.752 -2.782 -2.814 -2.847 
-2.894 
-3.134 -3.206 -3.226 -3.243 -3.259 -3.272 -3.282 -3.290 -3.295 -3.298 
-3.298 -3.296 -3.291 -3.283 -3.273 -3.260 -3.244 -3.225 -3.204 -3.180 
-3.152 -3.122 -3.089 -3.053 -3.014 -2.972 -2.928 -2.880 -2.830 -2.778 
-2.724 -2.669 -2.615 -2.562 -2.512 -2.466 -2.426 -2.394 -2.368 -2.350 
-2.336 -2.325 -2.315 -2.306 -2.298 -2.298 -2.307 -2.328 -2.357 -2.388 
-2.417 -2.443 -2.463 -2.479 -2.488 -2.493 -2.494 -2.490 -2.484 -2.476 
-2.467 -2.458 -2.451 -2.447 -2.448 -2.454 -2.467 -2.487 -2.514 -2.546 
-2.582 -2.621 -2.661 -2.701 -2.739 -2.776 -2.811 -2.843 -2.872 -2.901 
-2.927 -2.953 -2.979 -3.005 -3.032 -3.058 -3.085 -3.111 -3.137 -3.161 
-3.129 
