IRGRID 64 91
1e+308

0.025 0.03 0.035 0.04 0.045 0.05 0.055 0.06 0.065 0.07
0.075 0.08 0.085 0.09 0.095 0.1 0.11 0.12 0.13 0.14
0.15 0.16 0.17 0.18 0.19 0.2 0.21 0.22 0.23 0.24
0.25 0.26 0.27 0.28 0.29 0.3 0.31 0.32 0.33 0.34
0.35 0.36 0.37 0.38 0.39 0.4 0.41 0.42 0.43 0.44
0.45 0.46 0.47 0.48 0.49 0.5 0.51 0.52 0.53 0.54
0.55 0.56 0.57 0.58
0 4 8 12 16 20 24 28 32 36
40 44 48 52 56 60 64 68 72 76
80 84 88 92 96 100 104 108 112 116
120 124 128 132 136 140 144 148 152 156
160 164 168 172 176 180 184 188 192 196
200 204 208 212 216 220 224 228 232 236
240 244 248 252 256 260 264 268 272 276
280 284 288 292 296 300 304 308 312 316
320 324 328 332 336 340 344 348 352 356
360
-3.718 -3.714 -3.719 -3.726 -3.734 -3.741 -3.747 -3.750 -3.751 -3.752 
-3.757 -3.768 -3.788 -3.818 -3.856 -3.898 -3.941 -3.984 -4.000 -4.000 
-4.000 -4.000 -4.000 -4.000 -4.000 -4.000 -4.000 -4.000 -4.000 -4.000 
-4.000 -4.000 -4.000 -4.000 -4.000 -4.000 -4.000 -4.000 -4.000 -4.000 
-4.000 -3.960 -3.914 -3.863 -3.807 -3.748 -3.683 -3.615 -3.543 -3.470 
-3.399 -3.332 -3.275 -3.232 -3.205 -3.194 -3.192 -3.186 -3.162 -3.116 
-3.077 -3.103 -3.197 -3.311 -3.415 -3.502 -3.574 -3.632 -3.680 -3.719 
-3.751 -3.776 -3.796 -3.811 -3.822 -3.828 -3.830 -3.830 -3.825 -3.819 
-3.809 -3.798 -3.785 -3.772 -3.758 -3.745 -3.733 -3.723 -3.715 -3.711 
-3.714 
-3.503 -3.527 -3.497 -3.470 -3.445 -3.421 -3.398 -3.376 -3.354 -3.335 
-3.325 -3.326 -3.343 -3.375 -3.419 -3.473 -3.532 -3.593 -3.653 -3.710 
-3.764 -3.814 -3.860 -3.902 -3.939 -3.972 -4.000 -4.000 -4.000 -4.000 
-4.000 -4.000 -4.000 -4.000 -4.000 -4.000 -4.000 -4.000 -4.000 -4.000 
-4.000 -4.000 -3.976 -3.943 -3.905 -3.863 -3.815 -3.763 -3.706 -3.643 
-3.575 -3.503 -3.427 -3.347 -3.262 -3.169 -3.063 -2.943 -2.809 -2.681 
-2.600 -2.610 -2.707 -2.847 -2.991 -3.120 -3.232 -3.327 -3.409 -3.478 
-3.537 -3.588 -3.631 -3.666 -3.696 -3.720 -3.738 -3.751 -3.759 -3.763 
-3.762 -3.757 -3.748 -3.735 -3.718 -3.698 -3.675 -3.648 -3.619 -3.589 
-3.510 
-3.050 -3.013 -2.988 -2.970 -2.961 -2.959 -2.962 -2.968 -2.972 -2.971 
-2.965 -2.956 -2.949 -2.950 -2.963 -2.991 -3.031 -3.082 -3.137 -3.193 
-3.248 -3.300 -3.348 -3.392 -3.431 -3.466 -3.496 -3.522 -3.544 -3.562 
-3.576 -3.587 -3.593 -3.596 -3.596 -3.592 -3.584 -3.573 -3.557 -3.538 
-3.515 -3.488 -3.457 -3.421 -3.380 -3.334 -3.283 -3.225 -3.160 -3.088 
-3.008 -2.918 -2.819 -2.711 -2.596 -2.487 -2.408 -2.384 -2.415 -2.469 
-2.528 -2.598 -2.683 -2.770 -2.852 -2.926 -2.993 -3.052 -3.104 -3.150 
-3.190 -3.225 -3.253 -3.277 -3.296 -3.310 -3.320 -3.325 -3.326 -3.323 
-3.315 -3.303 -3.287 -3.267 -3.242 -3.215 -3.184 -3.150 -3.115 -3.079 
-3.062 
-2.788 -2.802 -2.778 -2.751 -2.718 -2.680 -2.638 -2.590 -2.538 -2.483 
-2.428 -2.378 -2.338 -2.314 -2.309 -2.324 -2.356 -2.400 -2.450 -2.502 
-2.552 -2.598 -2.639 -2.673 -2.701 -2.722 -2.738 -2.748 -2.752 -2.752 
-2.748 -2.740 -2.729 -2.717 -2.704 -2.690 -2.676 -2.662 -2.649 -2.637 
-2.625 -2.613 -2.600 -2.586 -2.568 -2.547 -2.520 -2.487 -2.445 -2.394 
-2.331 -2.254 -2.162 -2.056 -1.941 -1.836 -1.766 -1.760 -1.819 -1.916 
-2.023 -2.119 -2.196 -2.254 -2.293 -2.317 -2.330 -2.336 -2.339 -2.343 
-2.352 -2.368 -2.393 -2.426 -2.466 -2.509 -2.555 -2.600 -2.644 -2.685 
-2.722 -2.755 -2.783 -2.806 -2.824 -2.837 -2.844 -2.846 -2.843 -2.834 
-2.797 
-2.202 -2.263 -2.282 -2.298 -2.312 -2.324 -2.334 -2.341 -2.345 -2.347 
-2.347 -2.344 -2.341 -2.339 -2.338 -2.340 -2.343 -2.345 -2.346 -2.344 
-2.340 -2.332 -2.321 -2.308 -2.292 -2.273 -2.252 -2.230 -2.206 -2.180 
-2.154 -2.127 -2.100 -2.074 -2.049 -2.026 -2.005 -1.985 -1.968 -1.953 
-1.940 -1.929 -1.917 -1.906 -1.893 -1.879 -1.861 -1.841 -1.816 -1.786 
-1.751 -1.712 -1.668 -1.620 -1.571 -1.523 -1.484 -1.458 -1.449 -1.452 
-1.463 -1.478 -1.495 -1.510 -1.522 -1.529 -1.533 -1.534 -1.535 -1.539 
-1.549 -1.565 -1.590 -1.623 -1.662 -1.706 -1.752 -1.799 -1.846 -1.891 
-1.935 -1.976 -2.014 -2.050 -2.084 -2.116 -2.145 -2.173 -2.198 -2.222 
-2.197 
-1.680 -1.699 -1.720 -1.741 -1.760 -1.779 -1.797 -1.814 -1.830 -1.845 
-1.859 -1.872 -1.883 -1.894 -1.903 -1.911 -1.917 -1.922 -1.926 -1.928 
-1.929 -1.928 -1.926 -1.922 -1.916 -1.909 -1.901 -1.890 -1.878 -1.865 
-1.850 -1.833 -1.815 -1.795 -1.774 -1.751 -1.727 -1.702 -1.675 -1.646 
-1.616 -1.584 -1.549 -1.513 -1.474 -1.432 -1.387 -1.339 -1.288 -1.233 
-1.176 -1.117 -1.056 -0.996 -0.938 -0.886 -0.843 -0.813 -0.797 -0.796 
-0.807 -0.828 -0.854 -0.881 -0.906 -0.925 -0.938 -0.945 -0.948 -0.949 
-0.955 -0.970 -0.996 -1.035 -1.082 -1.134 -1.187 -1.239 -1.289 -1.335 
-1.377 -1.417 -1.453 -1.487 -1.519 -1.549 -1.577 -1.604 -1.629 -1.653 
-1.674 
-1.424 -1.450 -1.479 -1.505 -1.529 -1.551 -1.572 -1.590 -1.607 -1.621 
-1.634 -1.646 -1.655 -1.663 -1.669 -1.674 -1.677 -1.678 -1.678 -1.676 
-1.672 -1.668 -1.661 -1.653 -1.644 -1.633 -1.621 -1.608 -1.593 -1.577 
-1.560 -1.542 -1.522 -1.502 -1.480 -1.458 -1.435 -1.411 -1.386 -1.360 
-1.334 -1.306 -1.278 -1.249 -1.219 -1.187 -1.153 -1.118 -1.079 -1.038 
-0.992 -0.941 -0.885 -0.821 -0.750 -0.668 -0.578 -0.481 -0.386 -0.316 
-0.293 -0.319 -0.371 -0.421 -0.455 -0.468 -0.464 -0.448 -0.426 -0.406 
-0.396 -0.401 -0.425 -0.468 -0.525 -0.593 -0.666 -0.740 -0.813 -0.884 
-0.950 -1.013 -1.072 -1.127 -1.178 -1.226 -1.271 -1.312 -1.350 -1.386 
-1.412 
-1.291 -1.299 -1.321 -1.343 -1.363 -1.382 -1.400 -1.416 -1.432 -1.446 
-1.459 -1.471 -1.482 -1.492 -1.500 -1.507 -1.513 -1.517 -1.520 -1.522 
-1.522 -1.521 -1.518 -1.514 -1.508 -1.501 -1.492 -1.482 -1.470 -1.456 
-1.441 -1.424 -1.405 -1.384 -1.362 -1.337 -1.311 -1.282 -1.251 -1.218 
-1.182 -1.144 -1.102 -1.058 -1.010 -0.959 -0.904 -0.844 -0.779 -0.708 
-0.631 -0.546 -0.454 -0.352 -0.240 -0.119 0.011 0.141 0.258 0.340 
0.366 0.338 0.273 0.182 0.070 -0.045 -0.150 -0.242 -0.320 -0.388 
-0.448 -0.503 -0.557 -0.612 -0.667 -0.721 -0.773 -0.823 -0.871 -0.916 
-0.958 -0.998 -1.036 -1.071 -1.105 -1.137 -1.168 -1.197 -1.224 -1.250 
-1.282 
-1.377 -1.388 -1.405 -1.422 -1.439 -1.455 -1.470 -1.485 -1.499 -1.513 
-1.526 -1.538 -1.550 -1.562 -1.572 -1.582 -1.592 -1.600 -1.608 -1.615 
-1.621 -1.626 -1.630 -1.634 -1.636 -1.637 -1.636 -1.634 -1.631 -1.627 
-1.620 -1.613 -1.603 -1.592 -1.578 -1.563 -1.546 -1.526 -1.504 -1.480 
-1.453 -1.423 -1.390 -1.354 -1.315 -1.273 -1.226 -1.175 -1.120 -1.059 
-0.993 -0.920 -0.839 -0.751 -0.652 -0.543 -0.424 -0.294 -0.161 -0.031 
0.088 0.195 0.267 0.266 0.192 0.114 0.149 0.029 -0.221 -0.392 
-0.518 -0.619 -0.703 -0.777 -0.842 -0.900 -0.952 -0.999 -1.042 -1.081 
-1.117 -1.151 -1.182 -1.210 -1.237 -1.263 -1.286 -1.309 -1.330 -1.350 
-1.370 
-1.647 -1.666 -1.679 -1.689 -1.698 -1.706 -1.712 -1.717 -1.722 -1.725 
-1.728 -1.730 -1.732 -1.733 -1.735 -1.736 -1.738 -1.740 -1.742 -1.745 
-1.748 -1.752 -1.756 -1.760 -1.765 -1.770 -1.774 -1.779 -1.783 -1.786 
-1.788 -1.790 -1.790 -1.788 -1.785 -1.780 -1.772 -1.762 -1.749 -1.733 
-1.712 -1.687 -1.657 -1.622 -1.579 -1.530 -1.475 -1.418 -1.364 -1.322 
-1.293 -1.273 -1.252 -1.223 -1.182 -1.127 -1.057 -0.970 -0.866 -0.742 
-0.599 -0.443 -0.299 -0.179 -0.011 0.292 0.555 0.491 0.174 -0.167 
-0.408 -0.569 -0.672 -0.739 -0.814 -0.918 -1.029 -1.128 -1.212 -1.283 
-1.343 -1.395 -1.440 -1.479 -1.514 -1.545 -1.572 -1.596 -1.617 -1.636 
-1.643 
-2.012 -2.070 -2.100 -2.127 -2.150 -2.170 -2.187 -2.201 -2.213 -2.223 
-2.231 -2.236 -2.240 -2.243 -2.244 -2.244 -2.242 -2.239 -2.235 -2.230 
-2.224 -2.216 -2.206 -2.196 -2.183 -2.168 -2.151 -2.131 -2.109 -2.084 
-2.057 -2.026 -1.993 -1.957 -1.918 -1.877 -1.833 -1.787 -1.737 -1.682 
-1.623 -1.557 -1.483 -1.401 -1.310 -1.212 -1.114 -1.022 -0.950 -0.907 
-0.900 -0.922 -0.964 -1.014 -1.062 -1.104 -1.135 -1.154 -1.160 -1.151 
-1.126 -1.080 -1.008 -0.900 -0.732 -0.463 -0.108 -0.175 -0.446 -0.565 
-0.593 -0.557 -0.485 -0.434 -0.461 -0.576 -0.743 -0.919 -1.082 -1.226 
-1.352 -1.463 -1.560 -1.646 -1.723 -1.791 -1.851 -1.906 -1.954 -1.997 
-2.000 
-2.113 -2.118 -2.142 -2.162 -2.180 -2.195 -2.207 -2.216 -2.223 -2.227 
-2.229 -2.228 -2.225 -2.219 -2.211 -2.201 -2.188 -2.173 -2.155 -2.135 
-2.113 -2.088 -2.061 -2.032 -2.000 -1.966 -1.930 -1.892 -1.853 -1.811 
-1.769 -1.726 -1.683 -1.641 -1.600 -1.562 -1.526 -1.494 -1.467 -1.444 
-1.425 -1.410 -1.396 -1.383 -1.369 -1.351 -1.329 -1.303 -1.279 -1.262 
-1.258 -1.264 -1.273 -1.280 -1.281 -1.274 -1.259 -1.234 -1.199 -1.155 
-1.099 -1.031 -0.950 -0.856 -0.749 -0.635 -0.524 -0.429 -0.378 -0.398 
-0.485 -0.601 -0.705 -0.785 -0.877 -1.005 -1.145 -1.276 -1.391 -1.492 
-1.581 -1.660 -1.730 -1.794 -1.850 -1.902 -1.948 -1.990 -2.027 -2.061 
-2.103 
-2.334 -2.383 -2.404 -2.422 -2.438 -2.451 -2.462 -2.470 -2.476 -2.480 
-2.481 -2.480 -2.477 -2.472 -2.465 -2.455 -2.444 -2.430 -2.414 -2.396 
-2.376 -2.354 -2.330 -2.304 -2.276 -2.247 -2.215 -2.182 -2.147 -2.111 
-2.074 -2.036 -1.997 -1.958 -1.920 -1.882 -1.845 -1.809 -1.774 -1.740 
-1.708 -1.676 -1.645 -1.616 -1.589 -1.567 -1.550 -1.540 -1.535 -1.531 
-1.527 -1.520 -1.509 -1.492 -1.469 -1.439 -1.401 -1.355 -1.298 -1.231 
-1.152 -1.060 -0.955 -0.842 -0.735 -0.658 -0.631 -0.652 -0.701 -0.776 
-0.873 -0.984 -1.107 -1.236 -1.363 -1.481 -1.588 -1.684 -1.771 -1.850 
-1.921 -1.986 -2.045 -2.098 -2.147 -2.192 -2.232 -2.269 -2.302 -2.332 
-2.329 
-2.310 -2.339 -2.371 -2.399 -2.424 -2.446 -2.466 -2.483 -2.497 -2.509 
-2.518 -2.525 -2.530 -2.532 -2.531 -2.528 -2.523 -2.516 -2.506 -2.494 
-2.479 -2.462 -2.442 -2.420 -2.395 -2.368 -2.338 -2.305 -2.269 -2.230 
-2.188 -2.143 -2.095 -2.043 -1.987 -1.928 -1.864 -1.796 -1.725 -1.650 
-1.573 -1.495 -1.419 -1.349 -1.289 -1.245 -1.217 -1.208 -1.213 -1.228 
-1.249 -1.271 -1.291 -1.308 -1.318 -1.323 -1.322 -1.313 -1.296 -1.271 
-1.237 -1.193 -1.137 -1.071 -0.997 -0.924 -0.862 -0.809 -0.754 -0.702 
-0.674 -0.692 -0.766 -0.882 -1.019 -1.158 -1.291 -1.413 -1.525 -1.627 
-1.719 -1.804 -1.881 -1.951 -2.016 -2.075 -2.129 -2.179 -2.225 -2.267 
-2.297 
-2.232 -2.246 -2.278 -2.307 -2.334 -2.358 -2.379 -2.397 -2.413 -2.427 
-2.439 -2.448 -2.455 -2.459 -2.462 -2.462 -2.460 -2.455 -2.449 -2.440 
-2.429 -2.415 -2.399 -2.381 -2.360 -2.337 -2.312 -2.283 -2.252 -2.219 
-2.182 -2.143 -2.101 -2.056 -2.009 -1.960 -1.909 -1.858 -1.806 -1.754 
-1.704 -1.655 -1.607 -1.562 -1.519 -1.480 -1.446 -1.417 -1.392 -1.369 
-1.347 -1.325 -1.302 -1.279 -1.255 -1.229 -1.202 -1.172 -1.138 -1.100 
-1.055 -1.004 -0.943 -0.869 -0.777 -0.648 -0.428 -0.145 -0.377 -0.527 
-0.603 -0.685 -0.790 -0.910 -1.034 -1.155 -1.270 -1.376 -1.475 -1.566 
-1.651 -1.728 -1.800 -1.867 -1.928 -1.985 -2.038 -2.087 -2.132 -2.173 
-2.218 
-2.275 -2.326 -2.351 -2.372 -2.391 -2.408 -2.421 -2.432 -2.441 -2.447 
-2.450 -2.451 -2.450 -2.446 -2.439 -2.430 -2.419 -2.405 -2.388 -2.369 
-2.347 -2.323 -2.295 -2.265 -2.232 -2.195 -2.156 -2.114 -2.068 -2.019 
-1.967 -1.913 -1.855 -1.796 -1.736 -1.675 -1.615 -1.559 -1.507 -1.461 
-1.423 -1.392 -1.366 -1.344 -1.322 -1.297 -1.266 -1.228 -1.186 -1.143 
-1.107 -1.083 -1.072 -1.072 -1.076 -1.078 -1.076 -1.065 -1.044 -1.011 
-0.963 -0.898 -0.809 -0.686 -0.508 -0.225 0.159 0.400 0.155 -0.256 
-0.579 -0.799 -0.972 -1.120 -1.251 -1.370 -1.477 -1.574 -1.663 -1.745 
-1.819 -1.888 -1.951 -2.009 -2.062 -2.111 -2.155 -2.196 -2.234 -2.268 
-2.268 
-1.985 -2.024 -2.053 -2.078 -2.101 -2.122 -2.139 -2.155 -2.168 -2.179 
-2.187 -2.193 -2.197 -2.198 -2.198 -2.195 -2.189 -2.182 -2.172 -2.160 
-2.145 -2.128 -2.109 -2.087 -2.063 -2.035 -2.006 -1.973 -1.937 -1.899 
-1.857 -1.813 -1.765 -1.714 -1.659 -1.602 -1.541 -1.477 -1.410 -1.340 
-1.267 -1.191 -1.111 -1.027 -0.940 -0.850 -0.760 -0.671 -0.588 -0.517 
-0.464 -0.431 -0.418 -0.421 -0.432 -0.446 -0.456 -0.460 -0.455 -0.438 
-0.409 -0.365 -0.305 -0.229 -0.144 -0.074 -0.024 0.055 -0.166 -0.354 
-0.493 -0.618 -0.737 -0.852 -0.962 -1.066 -1.164 -1.255 -1.340 -1.419 
-1.493 -1.562 -1.625 -1.685 -1.740 -1.791 -1.838 -1.882 -1.922 -1.959 
-1.975 
-1.682 -1.702 -1.729 -1.753 -1.775 -1.794 -1.811 -1.825 -1.837 -1.847 
-1.854 -1.860 -1.862 -1.863 -1.862 -1.858 -1.852 -1.843 -1.833 -1.820 
-1.805 -1.787 -1.767 -1.745 -1.720 -1.693 -1.663 -1.630 -1.594 -1.556 
-1.515 -1.470 -1.423 -1.372 -1.318 -1.260 -1.200 -1.135 -1.068 -0.997 
-0.924 -0.848 -0.772 -0.695 -0.620 -0.547 -0.480 -0.419 -0.365 -0.318 
-0.278 -0.243 -0.209 -0.175 -0.138 -0.102 -0.068 -0.037 -0.006 0.030 
0.079 0.145 0.231 0.331 0.429 0.487 0.464 0.355 0.198 0.029 
-0.131 -0.279 -0.415 -0.540 -0.655 -0.762 -0.860 -0.952 -1.036 -1.114 
-1.187 -1.254 -1.316 -1.374 -1.427 -1.477 -1.522 -1.565 -1.604 -1.639 
-1.672 
-1.619 -1.627 -1.662 -1.693 -1.722 -1.749 -1.773 -1.794 -1.813 -1.830 
-1.844 -1.856 -1.866 -1.873 -1.879 -1.882 -1.883 -1.881 -1.878 -1.872 
-1.864 -1.854 -1.842 -1.827 -1.810 -1.790 -1.768 -1.743 -1.716 -1.686 
-1.654 -1.618 -1.579 -1.537 -1.492 -1.444 -1.391 -1.335 -1.275 -1.210 
-1.141 -1.067 -0.988 -0.904 -0.814 -0.719 -0.620 -0.522 -0.431 -0.350 
-0.272 -0.187 -0.092 0.006 0.100 0.177 0.232 0.260 0.267 0.261 
0.251 0.244 0.244 0.255 0.274 0.289 0.278 0.231 0.159 0.069 
-0.030 -0.134 -0.243 -0.353 -0.462 -0.568 -0.669 -0.765 -0.856 -0.942 
-1.022 -1.098 -1.168 -1.235 -1.297 -1.354 -1.408 -1.459 -1.506 -1.549 
-1.603 
-1.945 -2.007 -2.038 -2.066 -2.091 -2.113 -2.133 -2.150 -2.165 -2.177 
-2.187 -2.194 -2.200 -2.203 -2.203 -2.202 -2.198 -2.191 -2.182 -2.171 
-2.158 -2.142 -2.123 -2.102 -2.078 -2.052 -2.022 -1.990 -1.954 -1.915 
-1.873 -1.827 -1.777 -1.722 -1.663 -1.599 -1.530 -1.455 -1.373 -1.283 
-1.185 -1.079 -0.962 -0.834 -0.697 -0.554 -0.413 -0.290 -0.204 -0.168 
-0.174 -0.203 -0.233 -0.251 -0.252 -0.242 -0.229 -0.219 -0.211 -0.201 
-0.182 -0.146 -0.090 -0.018 0.045 0.081 0.104 0.098 0.024 -0.113 
-0.276 -0.439 -0.591 -0.730 -0.858 -0.975 -1.084 -1.183 -1.276 -1.361 
-1.440 -1.514 -1.582 -1.645 -1.703 -1.758 -1.808 -1.855 -1.898 -1.937 
-1.937 
-2.141 -2.168 -2.193 -2.215 -2.235 -2.252 -2.267 -2.279 -2.290 -2.297 
-2.303 -2.306 -2.307 -2.306 -2.302 -2.296 -2.288 -2.278 -2.265 -2.250 
-2.233 -2.213 -2.191 -2.166 -2.138 -2.107 -2.074 -2.038 -1.998 -1.956 
-1.909 -1.860 -1.806 -1.748 -1.686 -1.619 -1.547 -1.469 -1.385 -1.295 
-1.198 -1.094 -0.981 -0.862 -0.735 -0.603 -0.472 -0.350 -0.248 -0.179 
-0.146 -0.143 -0.160 -0.185 -0.209 -0.224 -0.226 -0.211 -0.178 -0.123 
-0.044 0.060 0.183 0.296 0.349 0.299 0.154 -0.033 -0.226 -0.419 
-0.601 -0.766 -0.913 -1.045 -1.163 -1.270 -1.368 -1.457 -1.538 -1.613 
-1.683 -1.747 -1.806 -1.860 -1.911 -1.958 -2.001 -2.040 -2.077 -2.110 
-2.132 
-2.099 -2.125 -2.149 -2.170 -2.189 -2.205 -2.219 -2.230 -2.239 -2.246 
-2.251 -2.253 -2.253 -2.251 -2.246 -2.240 -2.231 -2.219 -2.206 -2.190 
-2.171 -2.150 -2.127 -2.101 -2.072 -2.041 -2.006 -1.969 -1.929 -1.885 
-1.838 -1.787 -1.732 -1.673 -1.610 -1.542 -1.470 -1.392 -1.309 -1.220 
-1.126 -1.026 -0.921 -0.813 -0.706 -0.603 -0.511 -0.436 -0.383 -0.351 
-0.341 -0.346 -0.359 -0.373 -0.382 -0.382 -0.370 -0.346 -0.306 -0.249 
-0.172 -0.074 0.047 0.184 0.301 0.336 0.243 0.047 -0.182 -0.398 
-0.588 -0.754 -0.899 -1.029 -1.145 -1.250 -1.345 -1.432 -1.512 -1.586 
-1.653 -1.716 -1.773 -1.827 -1.876 -1.921 -1.963 -2.001 -2.037 -2.069 
-2.090 
-2.028 -2.040 -2.064 -2.085 -2.104 -2.121 -2.135 -2.146 -2.156 -2.163 
-2.168 -2.171 -2.172 -2.170 -2.167 -2.161 -2.153 -2.143 -2.130 -2.116 
-2.099 -2.079 -2.058 -2.034 -2.007 -1.978 -1.947 -1.912 -1.875 -1.835 
-1.792 -1.747 -1.697 -1.645 -1.589 -1.530 -1.467 -1.401 -1.331 -1.257 
-1.180 -1.099 -1.016 -0.931 -0.846 -0.763 -0.683 -0.610 -0.545 -0.484 
-0.427 -0.375 -0.336 -0.318 -0.313 -0.307 -0.292 -0.266 -0.228 -0.179 
-0.121 -0.061 -0.005 0.035 0.052 0.032 -0.055 -0.183 -0.310 -0.438 
-0.574 -0.713 -0.846 -0.969 -1.080 -1.182 -1.274 -1.359 -1.437 -1.509 
-1.575 -1.636 -1.693 -1.745 -1.794 -1.838 -1.880 -1.918 -1.953 -1.985 
-2.018 
-2.085 -2.118 -2.150 -2.179 -2.205 -2.229 -2.250 -2.269 -2.285 -2.298 
-2.309 -2.318 -2.325 -2.329 -2.331 -2.330 -2.328 -2.323 -2.316 -2.306 
-2.295 -2.280 -2.264 -2.245 -2.223 -2.199 -2.172 -2.143 -2.111 -2.076 
-2.037 -1.996 -1.951 -1.903 -1.851 -1.795 -1.735 -1.671 -1.602 -1.528 
-1.448 -1.363 -1.271 -1.173 -1.066 -0.952 -0.828 -0.694 -0.551 -0.404 
-0.263 -0.147 -0.081 -0.076 -0.119 -0.182 -0.242 -0.290 -0.320 -0.331 
-0.325 -0.304 -0.272 -0.233 -0.191 -0.142 -0.084 -0.032 -0.023 -0.088 
-0.216 -0.377 -0.546 -0.709 -0.859 -0.996 -1.120 -1.233 -1.336 -1.430 
-1.516 -1.595 -1.668 -1.736 -1.798 -1.855 -1.909 -1.958 -2.003 -2.044 
-2.072 
-2.125 -2.153 -2.186 -2.216 -2.243 -2.268 -2.290 -2.309 -2.325 -2.339 
-2.351 -2.360 -2.367 -2.372 -2.374 -2.374 -2.371 -2.366 -2.359 -2.350 
-2.338 -2.323 -2.306 -2.287 -2.265 -2.241 -2.213 -2.183 -2.150 -2.113 
-2.074 -2.031 -1.984 -1.934 -1.879 -1.820 -1.757 -1.688 -1.613 -1.533 
-1.446 -1.351 -1.248 -1.137 -1.016 -0.886 -0.747 -0.602 -0.459 -0.340 
-0.279 -0.264 -0.274 -0.309 -0.361 -0.416 -0.463 -0.497 -0.516 -0.520 
-0.508 -0.479 -0.432 -0.364 -0.275 -0.164 -0.043 0.054 0.077 -0.007 
-0.167 -0.345 -0.490 -0.594 -0.714 -0.875 -1.036 -1.179 -1.303 -1.413 
-1.510 -1.598 -1.678 -1.750 -1.817 -1.878 -1.934 -1.985 -2.033 -2.076 
-2.113 
-2.189 -2.226 -2.269 -2.307 -2.342 -2.373 -2.401 -2.427 -2.449 -2.468 
-2.485 -2.499 -2.510 -2.519 -2.525 -2.529 -2.530 -2.529 -2.525 -2.519 
-2.510 -2.499 -2.485 -2.468 -2.449 -2.427 -2.402 -2.374 -2.343 -2.309 
-2.271 -2.229 -2.184 -2.134 -2.080 -2.022 -1.957 -1.887 -1.811 -1.727 
-1.634 -1.532 -1.418 -1.290 -1.145 -0.979 -0.788 -0.573 -0.362 -0.221 
-0.211 -0.313 -0.458 -0.595 -0.711 -0.803 -0.875 -0.928 -0.966 -0.988 
-0.995 -0.987 -0.964 -0.922 -0.861 -0.779 -0.678 -0.578 -0.525 -0.535 
-0.532 -0.459 -0.344 -0.268 -0.312 -0.474 -0.685 -0.892 -1.077 -1.237 
-1.376 -1.500 -1.609 -1.707 -1.795 -1.875 -1.948 -2.014 -2.074 -2.130 
-2.172 
-2.241 -2.286 -2.330 -2.371 -2.408 -2.442 -2.473 -2.500 -2.524 -2.546 
-2.565 -2.581 -2.595 -2.606 -2.614 -2.620 -2.623 -2.624 -2.623 -2.619 
-2.612 -2.604 -2.592 -2.578 -2.561 -2.542 -2.519 -2.494 -2.466 -2.435 
-2.400 -2.362 -2.321 -2.275 -2.226 -2.171 -2.112 -2.047 -1.977 -1.899 
-1.814 -1.720 -1.616 -1.500 -1.369 -1.221 -1.052 -0.860 -0.654 -0.473 
-0.382 -0.394 -0.483 -0.605 -0.724 -0.829 -0.917 -0.989 -1.046 -1.089 
-1.118 -1.135 -1.139 -1.131 -1.111 -1.077 -1.028 -0.964 -0.881 -0.780 
-0.660 -0.530 -0.415 -0.360 -0.411 -0.560 -0.751 -0.942 -1.117 -1.273 
-1.412 -1.536 -1.646 -1.746 -1.837 -1.919 -1.995 -2.063 -2.126 -2.184 
-2.224 
-2.224 -2.259 -2.303 -2.343 -2.379 -2.413 -2.443 -2.470 -2.495 -2.517 
-2.536 -2.552 -2.566 -2.578 -2.587 -2.593 -2.598 -2.599 -2.599 -2.596 
-2.591 -2.583 -2.574 -2.561 -2.546 -2.529 -2.509 -2.486 -2.461 -2.432 
-2.401 -2.367 -2.330 -2.289 -2.244 -2.196 -2.144 -2.088 -2.026 -1.960 
-1.889 -1.811 -1.727 -1.635 -1.536 -1.428 -1.310 -1.181 -1.043 -0.901 
-0.779 -0.707 -0.680 -0.677 -0.695 -0.732 -0.779 -0.828 -0.872 -0.908 
-0.934 -0.948 -0.950 -0.939 -0.915 -0.877 -0.824 -0.754 -0.666 -0.564 
-0.458 -0.372 -0.339 -0.380 -0.496 -0.661 -0.839 -1.010 -1.166 -1.306 
-1.432 -1.545 -1.648 -1.742 -1.827 -1.906 -1.977 -2.043 -2.104 -2.160 
-2.207 
-2.112 -2.180 -2.223 -2.262 -2.298 -2.331 -2.360 -2.387 -2.411 -2.432 
-2.451 -2.467 -2.480 -2.491 -2.500 -2.506 -2.509 -2.511 -2.510 -2.507 
-2.501 -2.493 -2.482 -2.470 -2.454 -2.436 -2.416 -2.393 -2.367 -2.339 
-2.308 -2.273 -2.236 -2.195 -2.151 -2.103 -2.052 -1.996 -1.937 -1.872 
-1.803 -1.729 -1.649 -1.564 -1.474 -1.379 -1.281 -1.183 -1.087 -1.001 
-0.930 -0.879 -0.852 -0.847 -0.861 -0.887 -0.917 -0.945 -0.968 -0.983 
-0.989 -0.985 -0.970 -0.943 -0.903 -0.849 -0.779 -0.693 -0.591 -0.482 
-0.389 -0.348 -0.386 -0.495 -0.646 -0.801 -0.942 -1.068 -1.183 -1.292 
-1.396 -1.495 -1.589 -1.676 -1.758 -1.833 -1.903 -1.968 -2.027 -2.082 
-2.101 
-1.891 -1.903 -1.953 -1.999 -2.041 -2.080 -2.116 -2.148 -2.178 -2.204 
-2.228 -2.249 -2.268 -2.284 -2.297 -2.308 -2.317 -2.324 -2.328 -2.330 
-2.329 -2.327 -2.322 -2.314 -2.305 -2.293 -2.279 -2.263 -2.244 -2.223 
-2.200 -2.174 -2.145 -2.114 -2.080 -2.044 -2.005 -1.962 -1.917 -1.868 
-1.816 -1.759 -1.698 -1.631 -1.559 -1.479 -1.395 -1.312 -1.246 -1.209 
-1.199 -1.200 -1.207 -1.217 -1.228 -1.238 -1.247 -1.254 -1.257 -1.257 
-1.253 -1.245 -1.231 -1.211 -1.185 -1.151 -1.108 -1.055 -0.990 -0.915 
-0.840 -0.784 -0.757 -0.730 -0.686 -0.674 -0.732 -0.806 -0.881 -0.964 
-1.054 -1.148 -1.243 -1.336 -1.424 -1.508 -1.586 -1.659 -1.727 -1.790 
-1.866 
-2.086 -2.163 -2.210 -2.252 -2.290 -2.325 -2.356 -2.384 -2.409 -2.432 
-2.451 -2.467 -2.481 -2.493 -2.501 -2.507 -2.511 -2.512 -2.511 -2.507 
-2.501 -2.492 -2.480 -2.466 -2.450 -2.431 -2.409 -2.384 -2.356 -2.325 
-2.291 -2.254 -2.213 -2.169 -2.120 -2.068 -2.010 -1.948 -1.880 -1.805 
-1.724 -1.634 -1.535 -1.426 -1.305 -1.176 -1.046 -0.933 -0.862 -0.850 
-0.892 -0.967 -1.051 -1.129 -1.196 -1.251 -1.294 -1.327 -1.350 -1.364 
-1.370 -1.369 -1.359 -1.341 -1.315 -1.280 -1.236 -1.183 -1.119 -1.043 
-0.953 -0.842 -0.703 -0.537 -0.397 -0.374 -0.504 -0.712 -0.917 -1.094 
-1.245 -1.377 -1.495 -1.600 -1.695 -1.781 -1.860 -1.932 -1.998 -2.058 
-2.073 
-2.024 -2.059 -2.099 -2.136 -2.169 -2.199 -2.226 -2.250 -2.270 -2.289 
-2.304 -2.317 -2.327 -2.335 -2.341 -2.344 -2.344 -2.343 -2.338 -2.332 
-2.323 -2.312 -2.299 -2.283 -2.264 -2.244 -2.220 -2.195 -2.167 -2.136 
-2.102 -2.066 -2.028 -1.986 -1.942 -1.896 -1.847 -1.796 -1.742 -1.687 
-1.630 -1.572 -1.513 -1.453 -1.393 -1.331 -1.270 -1.213 -1.170 -1.154 
-1.161 -1.177 -1.193 -1.204 -1.210 -1.211 -1.206 -1.196 -1.182 -1.165 
-1.146 -1.125 -1.103 -1.076 -1.045 -1.008 -0.966 -0.920 -0.873 -0.829 
-0.793 -0.771 -0.761 -0.753 -0.736 -0.761 -0.867 -0.986 -1.087 -1.180 
-1.275 -1.371 -1.466 -1.557 -1.641 -1.718 -1.789 -1.853 -1.912 -1.965 
-2.011 
-1.969 -2.012 -2.076 -2.136 -2.191 -2.241 -2.288 -2.330 -2.369 -2.404 
-2.437 -2.466 -2.492 -2.515 -2.535 -2.552 -2.567 -2.579 -2.589 -2.596 
-2.600 -2.603 -2.602 -2.599 -2.594 -2.586 -2.575 -2.562 -2.547 -2.529 
-2.508 -2.484 -2.458 -2.429 -2.398 -2.363 -2.326 -2.287 -2.244 -2.200 
-2.153 -2.105 -2.056 -2.006 -1.956 -1.906 -1.857 -1.808 -1.759 -1.709 
-1.657 -1.601 -1.542 -1.478 -1.411 -1.341 -1.272 -1.206 -1.147 -1.100 
-1.066 -1.047 -1.040 -1.041 -1.046 -1.050 -1.051 -1.046 -1.034 -1.017 
-0.996 -0.973 -0.948 -0.921 -0.888 -0.853 -0.820 -0.801 -0.809 -0.851 
-0.927 -1.029 -1.144 -1.264 -1.381 -1.492 -1.597 -1.693 -1.783 -1.865 
-1.940 
-2.098 -2.166 -2.227 -2.283 -2.335 -2.383 -2.427 -2.468 -2.505 -2.538 
-2.569 -2.597 -2.622 -2.644 -2.663 -2.680 -2.695 -2.707 -2.716 -2.723 
-2.728 -2.730 -2.730 -2.728 -2.723 -2.716 -2.707 -2.695 -2.681 -2.664 
-2.645 -2.623 -2.599 -2.573 -2.543 -2.511 -2.476 -2.438 -2.398 -2.354 
-2.308 -2.258 -2.206 -2.150 -2.093 -2.032 -1.970 -1.905 -1.839 -1.772 
-1.705 -1.638 -1.573 -1.511 -1.454 -1.406 -1.366 -1.335 -1.314 -1.302 
-1.296 -1.296 -1.300 -1.305 -1.308 -1.307 -1.300 -1.287 -1.265 -1.234 
-1.193 -1.143 -1.084 -1.018 -0.951 -0.895 -0.864 -0.867 -0.910 -0.988 
-1.093 -1.212 -1.335 -1.455 -1.570 -1.676 -1.775 -1.866 -1.951 -2.028 
-2.077 
-2.112 -2.160 -2.212 -2.260 -2.305 -2.345 -2.382 -2.415 -2.446 -2.473 
-2.497 -2.519 -2.538 -2.554 -2.567 -2.578 -2.587 -2.593 -2.597 -2.598 
-2.598 -2.594 -2.589 -2.581 -2.571 -2.558 -2.543 -2.526 -2.506 -2.484 
-2.459 -2.432 -2.402 -2.369 -2.334 -2.297 -2.257 -2.214 -2.169 -2.121 
-2.072 -2.020 -1.967 -1.914 -1.860 -1.807 -1.756 -1.707 -1.663 -1.624 
-1.590 -1.562 -1.539 -1.522 -1.508 -1.499 -1.493 -1.489 -1.487 -1.486 
-1.483 -1.478 -1.470 -1.457 -1.438 -1.413 -1.381 -1.340 -1.291 -1.232 
-1.163 -1.084 -0.997 -0.908 -0.829 -0.778 -0.772 -0.819 -0.909 -1.028 
-1.159 -1.289 -1.413 -1.527 -1.633 -1.729 -1.818 -1.898 -1.972 -2.040 
-2.093 
-2.082 -2.127 -2.181 -2.231 -2.277 -2.319 -2.357 -2.392 -2.423 -2.451 
-2.476 -2.498 -2.517 -2.534 -2.548 -2.559 -2.568 -2.574 -2.578 -2.579 
-2.578 -2.575 -2.570 -2.562 -2.552 -2.540 -2.526 -2.509 -2.491 -2.471 
-2.449 -2.425 -2.400 -2.374 -2.346 -2.317 -2.287 -2.255 -2.223 -2.189 
-2.154 -2.118 -2.079 -2.040 -1.998 -1.956 -1.912 -1.869 -1.827 -1.787 
-1.749 -1.715 -1.685 -1.659 -1.637 -1.620 -1.606 -1.595 -1.585 -1.576 
-1.567 -1.557 -1.544 -1.527 -1.507 -1.481 -1.449 -1.411 -1.365 -1.311 
-1.248 -1.176 -1.095 -1.009 -0.923 -0.850 -0.806 -0.807 -0.859 -0.956 
-1.079 -1.210 -1.339 -1.460 -1.572 -1.674 -1.768 -1.853 -1.931 -2.002 
-2.059 
-2.121 -2.149 -2.189 -2.225 -2.257 -2.285 -2.311 -2.333 -2.352 -2.368 
-2.381 -2.392 -2.400 -2.405 -2.408 -2.408 -2.406 -2.401 -2.395 -2.386 
-2.374 -2.361 -2.346 -2.328 -2.309 -2.288 -2.266 -2.242 -2.217 -2.191 
-2.164 -2.138 -2.111 -2.085 -2.060 -2.037 -2.015 -1.996 -1.978 -1.962 
-1.948 -1.935 -1.923 -1.912 -1.902 -1.892 -1.884 -1.877 -1.874 -1.872 
-1.871 -1.871 -1.871 -1.869 -1.866 -1.861 -1.855 -1.847 -1.836 -1.822 
-1.806 -1.785 -1.760 -1.730 -1.695 -1.655 -1.608 -1.554 -1.494 -1.428 
-1.355 -1.278 -1.200 -1.126 -1.064 -1.023 -1.017 -1.055 -1.132 -1.231 
-1.340 -1.447 -1.549 -1.643 -1.729 -1.807 -1.878 -1.943 -2.002 -2.056 
-2.106 
-2.303 -2.361 -2.408 -2.450 -2.489 -2.523 -2.554 -2.582 -2.606 -2.627 
-2.645 -2.661 -2.673 -2.683 -2.690 -2.694 -2.696 -2.696 -2.692 -2.687 
-2.679 -2.668 -2.655 -2.639 -2.622 -2.601 -2.579 -2.554 -2.526 -2.497 
-2.465 -2.430 -2.394 -2.355 -2.314 -2.270 -2.224 -2.175 -2.124 -2.070 
-2.013 -1.955 -1.896 -1.837 -1.783 -1.734 -1.695 -1.667 -1.651 -1.647 
-1.653 -1.668 -1.690 -1.715 -1.741 -1.765 -1.787 -1.805 -1.818 -1.826 
-1.828 -1.824 -1.814 -1.797 -1.773 -1.742 -1.702 -1.654 -1.595 -1.527 
-1.446 -1.353 -1.248 -1.134 -1.023 -0.940 -0.919 -0.975 -1.092 -1.238 
-1.386 -1.525 -1.652 -1.767 -1.869 -1.962 -2.046 -2.122 -2.190 -2.253 
-2.286 
-2.261 -2.330 -2.387 -2.439 -2.486 -2.530 -2.569 -2.605 -2.638 -2.667 
-2.693 -2.717 -2.737 -2.754 -2.769 -2.781 -2.790 -2.797 -2.801 -2.802 
-2.801 -2.797 -2.791 -2.782 -2.771 -2.757 -2.740 -2.721 -2.698 -2.673 
-2.645 -2.614 -2.579 -2.541 -2.500 -2.455 -2.407 -2.355 -2.299 -2.239 
-2.175 -2.108 -2.037 -1.964 -1.891 -1.817 -1.747 -1.683 -1.627 -1.584 
-1.555 -1.542 -1.543 -1.554 -1.572 -1.594 -1.617 -1.639 -1.660 -1.679 
-1.695 -1.706 -1.713 -1.713 -1.708 -1.695 -1.675 -1.647 -1.610 -1.563 
-1.505 -1.436 -1.357 -1.268 -1.177 -1.098 -1.057 -1.071 -1.135 -1.233 
-1.346 -1.462 -1.574 -1.681 -1.782 -1.878 -1.968 -2.052 -2.130 -2.202 
-2.244 
-2.051 -2.093 -2.157 -2.217 -2.273 -2.325 -2.372 -2.417 -2.457 -2.495 
-2.529 -2.560 -2.588 -2.614 -2.636 -2.656 -2.673 -2.688 -2.701 -2.710 
-2.718 -2.723 -2.726 -2.726 -2.724 -2.719 -2.713 -2.703 -2.692 -2.678 
-2.661 -2.642 -2.620 -2.596 -2.569 -2.539 -2.506 -2.471 -2.432 -2.390 
-2.344 -2.296 -2.243 -2.188 -2.129 -2.068 -2.004 -1.940 -1.876 -1.814 
-1.756 -1.702 -1.653 -1.609 -1.570 -1.539 -1.517 -1.504 -1.501 -1.504 
-1.513 -1.524 -1.536 -1.547 -1.555 -1.559 -1.559 -1.553 -1.543 -1.527 
-1.505 -1.477 -1.444 -1.406 -1.365 -1.325 -1.293 -1.275 -1.274 -1.287 
-1.312 -1.351 -1.403 -1.469 -1.545 -1.626 -1.710 -1.793 -1.874 -1.951 
-2.024 
-2.040 -2.086 -2.141 -2.192 -2.240 -2.284 -2.325 -2.363 -2.399 -2.431 
-2.460 -2.487 -2.511 -2.533 -2.553 -2.569 -2.584 -2.596 -2.606 -2.614 
-2.620 -2.623 -2.625 -2.624 -2.621 -2.616 -2.609 -2.599 -2.588 -2.574 
-2.559 -2.541 -2.520 -2.498 -2.473 -2.446 -2.417 -2.386 -2.352 -2.316 
-2.277 -2.237 -2.194 -2.149 -2.102 -2.053 -2.003 -1.951 -1.899 -1.847 
-1.795 -1.745 -1.697 -1.652 -1.612 -1.577 -1.548 -1.524 -1.506 -1.491 
-1.480 -1.470 -1.461 -1.451 -1.441 -1.428 -1.412 -1.394 -1.372 -1.348 
-1.321 -1.292 -1.264 -1.237 -1.216 -1.203 -1.201 -1.214 -1.241 -1.281 
-1.332 -1.393 -1.460 -1.533 -1.608 -1.684 -1.758 -1.831 -1.900 -1.966 
-2.021 
-2.124 -2.171 -2.225 -2.277 -2.326 -2.371 -2.414 -2.454 -2.490 -2.524 
-2.556 -2.584 -2.610 -2.634 -2.655 -2.673 -2.690 -2.704 -2.716 -2.725 
-2.732 -2.738 -2.741 -2.741 -2.740 -2.736 -2.731 -2.723 -2.713 -2.701 
-2.686 -2.669 -2.650 -2.629 -2.605 -2.579 -2.551 -2.520 -2.487 -2.451 
-2.413 -2.372 -2.329 -2.284 -2.237 -2.189 -2.139 -2.088 -2.037 -1.988 
-1.940 -1.895 -1.854 -1.818 -1.788 -1.764 -1.745 -1.731 -1.720 -1.711 
-1.703 -1.695 -1.685 -1.674 -1.662 -1.648 -1.635 -1.622 -1.611 -1.601 
-1.591 -1.582 -1.571 -1.560 -1.549 -1.539 -1.533 -1.532 -1.538 -1.551 
-1.572 -1.602 -1.641 -1.688 -1.742 -1.801 -1.863 -1.927 -1.990 -2.053 
-2.103 
-2.221 -2.263 -2.305 -2.345 -2.384 -2.420 -2.454 -2.486 -2.517 -2.545 
-2.572 -2.596 -2.619 -2.640 -2.660 -2.677 -2.693 -2.707 -2.719 -2.729 
-2.738 -2.745 -2.751 -2.754 -2.756 -2.756 -2.754 -2.751 -2.746 -2.739 
-2.730 -2.720 -2.707 -2.693 -2.677 -2.659 -2.639 -2.616 -2.592 -2.566 
-2.538 -2.507 -2.474 -2.439 -2.402 -2.363 -2.321 -2.278 -2.233 -2.186 
-2.137 -2.088 -2.038 -1.988 -1.938 -1.887 -1.837 -1.786 -1.735 -1.684 
-1.632 -1.581 -1.530 -1.482 -1.438 -1.400 -1.370 -1.351 -1.343 -1.348 
-1.363 -1.387 -1.418 -1.454 -1.493 -1.533 -1.574 -1.615 -1.656 -1.697 
-1.739 -1.783 -1.829 -1.877 -1.926 -1.976 -2.027 -2.077 -2.126 -2.173 
-2.208 
-2.275 -2.315 -2.364 -2.410 -2.454 -2.496 -2.535 -2.571 -2.605 -2.637 
-2.666 -2.693 -2.718 -2.741 -2.761 -2.780 -2.796 -2.810 -2.821 -2.831 
-2.839 -2.844 -2.848 -2.849 -2.849 -2.846 -2.841 -2.834 -2.825 -2.814 
-2.800 -2.784 -2.766 -2.745 -2.722 -2.696 -2.668 -2.636 -2.603 -2.566 
-2.527 -2.485 -2.440 -2.394 -2.345 -2.296 -2.248 -2.199 -2.153 -2.107 
-2.061 -2.015 -1.967 -1.919 -1.870 -1.823 -1.778 -1.737 -1.702 -1.673 
-1.650 -1.633 -1.620 -1.611 -1.604 -1.599 -1.595 -1.594 -1.596 -1.599 
-1.605 -1.612 -1.620 -1.627 -1.633 -1.638 -1.641 -1.644 -1.649 -1.663 
-1.691 -1.736 -1.792 -1.853 -1.916 -1.978 -2.038 -2.098 -2.155 -2.211 
-2.258 
-2.358 -2.410 -2.472 -2.528 -2.580 -2.628 -2.671 -2.710 -2.746 -2.779 
-2.808 -2.834 -2.857 -2.877 -2.894 -2.908 -2.920 -2.929 -2.935 -2.939 
-2.940 -2.938 -2.934 -2.928 -2.918 -2.906 -2.892 -2.874 -2.854 -2.831 
-2.805 -2.775 -2.743 -2.708 -2.669 -2.627 -2.582 -2.533 -2.481 -2.425 
-2.367 -2.307 -2.245 -2.184 -2.125 -2.070 -2.021 -1.982 -1.954 -1.936 
-1.927 -1.926 -1.929 -1.935 -1.942 -1.952 -1.963 -1.974 -1.984 -1.994 
-2.002 -2.009 -2.015 -2.019 -2.019 -2.017 -2.010 -1.998 -1.981 -1.958 
-1.928 -1.891 -1.845 -1.790 -1.726 -1.652 -1.572 -1.490 -1.419 -1.375 
-1.381 -1.446 -1.549 -1.667 -1.786 -1.899 -2.004 -2.100 -2.188 -2.269 
-2.333 
-2.484 -2.560 -2.634 -2.701 -2.763 -2.819 -2.870 -2.916 -2.959 -2.997 
-3.032 -3.063 -3.091 -3.116 -3.138 -3.157 -3.173 -3.186 -3.196 -3.204 
-3.209 -3.212 -3.212 -3.209 -3.204 -3.196 -3.186 -3.172 -3.157 -3.138 
-3.117 -3.092 -3.065 -3.034 -3.001 -2.964 -2.924 -2.880 -2.833 -2.782 
-2.727 -2.670 -2.608 -2.544 -2.478 -2.410 -2.341 -2.272 -2.203 -2.133 
-2.065 -1.999 -1.940 -1.894 -1.865 -1.855 -1.865 -1.889 -1.923 -1.960 
-1.998 -2.032 -2.061 -2.084 -2.100 -2.109 -2.111 -2.105 -2.090 -2.067 
-2.035 -1.993 -1.939 -1.873 -1.794 -1.698 -1.587 -1.463 -1.340 -1.249 
-1.233 -1.308 -1.444 -1.605 -1.767 -1.918 -2.054 -2.178 -2.288 -2.388 
-2.458 
-2.513 -2.589 -2.674 -2.752 -2.823 -2.887 -2.947 -3.001 -3.050 -3.095 
-3.136 -3.173 -3.207 -3.237 -3.264 -3.288 -3.309 -3.328 -3.343 -3.356 
-3.366 -3.373 -3.378 -3.380 -3.379 -3.376 -3.371 -3.363 -3.352 -3.339 
-3.323 -3.304 -3.282 -3.258 -3.230 -3.199 -3.165 -3.128 -3.087 -3.043 
-2.994 -2.941 -2.884 -2.822 -2.755 -2.683 -2.606 -2.523 -2.436 -2.344 
-2.250 -2.157 -2.071 -1.999 -1.947 -1.919 -1.916 -1.935 -1.969 -2.013 
-2.059 -2.105 -2.146 -2.182 -2.211 -2.233 -2.248 -2.255 -2.255 -2.246 
-2.229 -2.203 -2.167 -2.121 -2.063 -1.993 -1.908 -1.810 -1.701 -1.599 
-1.532 -1.514 -1.542 -1.616 -1.732 -1.871 -2.014 -2.151 -2.277 -2.391 
-2.479 
-2.438 -2.535 -2.627 -2.710 -2.786 -2.855 -2.917 -2.975 -3.027 -3.074 
-3.117 -3.156 -3.191 -3.222 -3.250 -3.275 -3.296 -3.315 -3.330 -3.343 
-3.353 -3.360 -3.364 -3.365 -3.364 -3.361 -3.354 -3.345 -3.333 -3.318 
-3.301 -3.281 -3.258 -3.231 -3.202 -3.170 -3.135 -3.096 -3.054 -3.008 
-2.959 -2.906 -2.850 -2.788 -2.723 -2.652 -2.576 -2.493 -2.404 -2.310 
-2.214 -2.121 -2.042 -1.987 -1.964 -1.975 -2.012 -2.065 -2.125 -2.186 
-2.244 -2.296 -2.341 -2.378 -2.408 -2.431 -2.446 -2.454 -2.455 -2.449 
-2.435 -2.414 -2.385 -2.346 -2.299 -2.240 -2.171 -2.089 -1.995 -1.889 
-1.778 -1.679 -1.616 -1.617 -1.686 -1.802 -1.938 -2.074 -2.204 -2.324 
-2.405 
-2.290 -2.340 -2.427 -2.507 -2.581 -2.649 -2.711 -2.768 -2.820 -2.866 
-2.909 -2.947 -2.981 -3.012 -3.038 -3.062 -3.082 -3.099 -3.114 -3.125 
-3.133 -3.139 -3.141 -3.141 -3.139 -3.133 -3.125 -3.114 -3.101 -3.085 
-3.067 -3.045 -3.022 -2.995 -2.966 -2.935 -2.902 -2.866 -2.828 -2.789 
-2.749 -2.709 -2.668 -2.629 -2.591 -2.555 -2.523 -2.492 -2.464 -2.437 
-2.409 -2.382 -2.356 -2.339 -2.335 -2.347 -2.371 -2.403 -2.436 -2.469 
-2.499 -2.525 -2.547 -2.564 -2.576 -2.584 -2.586 -2.583 -2.575 -2.561 
-2.543 -2.518 -2.487 -2.450 -2.406 -2.355 -2.295 -2.226 -2.148 -2.062 
-1.969 -1.880 -1.813 -1.784 -1.796 -1.834 -1.893 -1.969 -2.058 -2.153 
-2.253 
-2.440 -2.536 -2.621 -2.699 -2.770 -2.835 -2.894 -2.948 -2.997 -3.042 
-3.083 -3.120 -3.154 -3.184 -3.211 -3.234 -3.255 -3.273 -3.288 -3.301 
-3.310 -3.317 -3.322 -3.324 -3.324 -3.321 -3.315 -3.307 -3.297 -3.284 
-3.268 -3.250 -3.230 -3.206 -3.180 -3.152 -3.121 -3.087 -3.050 -3.011 
-2.969 -2.925 -2.878 -2.829 -2.778 -2.724 -2.669 -2.611 -2.551 -2.490 
-2.428 -2.367 -2.311 -2.262 -2.226 -2.203 -2.196 -2.202 -2.218 -2.241 
-2.266 -2.291 -2.314 -2.333 -2.348 -2.358 -2.362 -2.361 -2.354 -2.341 
-2.322 -2.295 -2.263 -2.223 -2.175 -2.120 -2.057 -1.986 -1.906 -1.820 
-1.732 -1.660 -1.631 -1.662 -1.747 -1.864 -1.990 -2.114 -2.231 -2.341 
-2.411 
-2.482 -2.530 -2.591 -2.648 -2.701 -2.750 -2.795 -2.837 -2.875 -2.911 
-2.943 -2.973 -2.999 -3.024 -3.045 -3.065 -3.081 -3.096 -3.108 -3.118 
-3.125 -3.131 -3.134 -3.135 -3.135 -3.132 -3.126 -3.119 -3.110 -3.098 
-3.085 -3.069 -3.052 -3.032 -3.010 -2.986 -2.959 -2.931 -2.901 -2.868 
-2.834 -2.797 -2.759 -2.718 -2.676 -2.633 -2.589 -2.543 -2.498 -2.452 
-2.407 -2.364 -2.323 -2.286 -2.253 -2.226 -2.205 -2.188 -2.175 -2.164 
-2.155 -2.146 -2.136 -2.126 -2.115 -2.101 -2.086 -2.068 -2.048 -2.025 
-1.999 -1.971 -1.940 -1.908 -1.874 -1.841 -1.810 -1.784 -1.767 -1.761 
-1.767 -1.785 -1.821 -1.882 -1.964 -2.056 -2.148 -2.235 -2.317 -2.393 
-2.459 
-2.514 -2.565 -2.615 -2.661 -2.705 -2.746 -2.784 -2.820 -2.853 -2.883 
-2.912 -2.938 -2.962 -2.983 -3.003 -3.020 -3.035 -3.049 -3.060 -3.069 
-3.077 -3.082 -3.086 -3.088 -3.088 -3.086 -3.082 -3.076 -3.069 -3.059 
-3.048 -3.035 -3.020 -3.003 -2.985 -2.964 -2.942 -2.918 -2.892 -2.864 
-2.834 -2.803 -2.770 -2.735 -2.699 -2.661 -2.622 -2.582 -2.541 -2.499 
-2.457 -2.415 -2.372 -2.331 -2.290 -2.250 -2.212 -2.175 -2.141 -2.108 
-2.077 -2.048 -2.020 -1.994 -1.970 -1.946 -1.924 -1.903 -1.883 -1.865 
-1.849 -1.836 -1.826 -1.819 -1.817 -1.820 -1.827 -1.841 -1.860 -1.888 
-1.924 -1.969 -2.023 -2.083 -2.146 -2.211 -2.276 -2.339 -2.400 -2.458 
-2.499 
-2.471 -2.534 -2.604 -2.668 -2.728 -2.783 -2.834 -2.882 -2.926 -2.966 
-3.004 -3.038 -3.069 -3.098 -3.124 -3.148 -3.169 -3.187 -3.204 -3.217 
-3.229 -3.239 -3.246 -3.251 -3.254 -3.255 -3.254 -3.250 -3.245 -3.238 
-3.228 -3.216 -3.203 -3.187 -3.169 -3.149 -3.126 -3.102 -3.075 -3.046 
-3.015 -2.982 -2.946 -2.908 -2.868 -2.825 -2.781 -2.734 -2.686 -2.637 
-2.586 -2.535 -2.484 -2.435 -2.388 -2.344 -2.305 -2.269 -2.238 -2.210 
-2.187 -2.166 -2.148 -2.132 -2.117 -2.103 -2.089 -2.074 -2.058 -2.041 
-2.021 -2.000 -1.976 -1.950 -1.923 -1.895 -1.867 -1.841 -1.821 -1.809 
-1.807 -1.816 -1.835 -1.866 -1.922 -2.004 -2.101 -2.199 -2.292 -2.379 
-2.447 
-2.464 -2.529 -2.626 -2.713 -2.793 -2.865 -2.931 -2.990 -3.045 -3.095 
-3.141 -3.182 -3.220 -3.254 -3.285 -3.312 -3.337 -3.358 -3.377 -3.393 
-3.407 -3.417 -3.425 -3.431 -3.434 -3.435 -3.433 -3.429 -3.422 -3.413 
-3.401 -3.387 -3.370 -3.351 -3.329 -3.304 -3.277 -3.246 -3.213 -3.177 
-3.138 -3.095 -3.049 -3.000 -2.948 -2.892 -2.834 -2.772 -2.709 -2.644 
-2.579 -2.515 -2.456 -2.403 -2.359 -2.326 -2.305 -2.296 -2.296 -2.304 
-2.317 -2.332 -2.347 -2.360 -2.371 -2.379 -2.383 -2.382 -2.377 -2.365 
-2.348 -2.324 -2.292 -2.253 -2.204 -2.143 -2.070 -1.980 -1.874 -1.774 
-1.721 -1.699 -1.664 -1.639 -1.664 -1.751 -1.882 -2.028 -2.170 -2.302 
-2.418 
-2.675 -2.794 -2.878 -2.955 -3.025 -3.089 -3.148 -3.201 -3.250 -3.294 
-3.334 -3.371 -3.405 -3.435 -3.461 -3.485 -3.506 -3.525 -3.540 -3.553 
-3.563 -3.571 -3.576 -3.579 -3.580 -3.578 -3.573 -3.566 -3.557 -3.545 
-3.531 -3.514 -3.495 -3.473 -3.449 -3.421 -3.391 -3.358 -3.322 -3.284 
-3.242 -3.196 -3.148 -3.096 -3.041 -2.983 -2.922 -2.858 -2.792 -2.724 
-2.655 -2.588 -2.524 -2.465 -2.414 -2.373 -2.343 -2.325 -2.318 -2.319 
-2.327 -2.338 -2.351 -2.362 -2.370 -2.375 -2.374 -2.366 -2.352 -2.329 
-2.298 -2.255 -2.201 -2.133 -2.047 -1.941 -1.811 -1.657 -1.499 -1.389 
-1.392 -1.505 -1.658 -1.798 -1.930 -2.070 -2.214 -2.353 -2.480 -2.596 
-2.655 
-2.605 -2.669 -2.759 -2.840 -2.915 -2.984 -3.047 -3.105 -3.158 -3.207 
-3.251 -3.292 -3.329 -3.363 -3.394 -3.421 -3.446 -3.468 -3.487 -3.503 
-3.517 -3.528 -3.536 -3.542 -3.546 -3.547 -3.546 -3.542 -3.536 -3.528 
-3.517 -3.504 -3.488 -3.469 -3.448 -3.424 -3.397 -3.368 -3.336 -3.301 
-3.262 -3.221 -3.176 -3.128 -3.076 -3.021 -2.962 -2.900 -2.835 -2.767 
-2.697 -2.625 -2.554 -2.485 -2.420 -2.361 -2.312 -2.272 -2.243 -2.221 
-2.206 -2.198 -2.198 -2.209 -2.228 -2.249 -2.270 -2.285 -2.294 -2.296 
-2.289 -2.273 -2.247 -2.211 -2.163 -2.102 -2.025 -1.931 -1.822 -1.719 
-1.667 -1.662 -1.681 -1.736 -1.832 -1.956 -2.091 -2.224 -2.349 -2.465 
-2.567 
-2.591 -2.676 -2.766 -2.849 -2.926 -2.998 -3.064 -3.125 -3.182 -3.234 
-3.283 -3.327 -3.368 -3.406 -3.440 -3.471 -3.499 -3.524 -3.547 -3.566 
-3.583 -3.598 -3.610 -3.620 -3.627 -3.631 -3.634 -3.634 -3.631 -3.626 
-3.619 -3.609 -3.597 -3.582 -3.564 -3.544 -3.521 -3.496 -3.467 -3.436 
-3.401 -3.363 -3.322 -3.277 -3.229 -3.176 -3.119 -3.058 -2.993 -2.923 
-2.849 -2.772 -2.691 -2.609 -2.527 -2.446 -2.365 -2.283 -2.199 -2.115 
-2.037 -1.976 -1.940 -1.935 -1.956 -1.993 -2.037 -2.081 -2.120 -2.151 
-2.174 -2.187 -2.191 -2.186 -2.171 -2.147 -2.114 -2.073 -2.024 -1.972 
-1.922 -1.883 -1.869 -1.891 -1.949 -2.037 -2.142 -2.255 -2.368 -2.476 
-2.560 
-2.591 -2.661 -2.754 -2.840 -2.919 -2.991 -3.057 -3.117 -3.173 -3.224 
-3.270 -3.313 -3.351 -3.386 -3.418 -3.447 -3.472 -3.495 -3.514 -3.531 
-3.545 -3.556 -3.565 -3.571 -3.575 -3.576 -3.574 -3.570 -3.564 -3.554 
-3.543 -3.528 -3.511 -3.491 -3.468 -3.443 -3.414 -3.382 -3.347 -3.308 
-3.266 -3.220 -3.171 -3.117 -3.059 -2.996 -2.928 -2.856 -2.780 -2.699 
-2.616 -2.532 -2.449 -2.373 -2.307 -2.257 -2.226 -2.211 -2.209 -2.214 
-2.222 -2.232 -2.246 -2.268 -2.297 -2.329 -2.359 -2.384 -2.403 -2.414 
-2.416 -2.411 -2.397 -2.374 -2.343 -2.302 -2.252 -2.192 -2.126 -2.054 
-1.985 -1.924 -1.884 -1.876 -1.909 -1.984 -2.089 -2.209 -2.331 -2.449 
-2.551 
-2.696 -2.786 -2.870 -2.948 -3.020 -3.086 -3.147 -3.202 -3.254 -3.301 
-3.344 -3.384 -3.420 -3.452 -3.482 -3.509 -3.532 -3.553 -3.571 -3.587 
-3.600 -3.610 -3.618 -3.624 -3.627 -3.627 -3.626 -3.621 -3.615 -3.606 
-3.594 -3.580 -3.563 -3.544 -3.522 -3.497 -3.470 -3.439 -3.406 -3.369 
-3.330 -3.286 -3.239 -3.189 -3.134 -3.075 -3.012 -2.945 -2.873 -2.797 
-2.718 -2.634 -2.550 -2.466 -2.385 -2.312 -2.251 -2.205 -2.177 -2.167 
-2.172 -2.190 -2.215 -2.244 -2.271 -2.296 -2.316 -2.330 -2.337 -2.337 
-2.330 -2.314 -2.289 -2.256 -2.213 -2.161 -2.101 -2.033 -1.964 -1.901 
-1.857 -1.844 -1.869 -1.930 -2.019 -2.129 -2.249 -2.369 -2.485 -2.593 
-2.668 
-2.698 -2.767 -2.853 -2.933 -3.007 -3.075 -3.138 -3.195 -3.248 -3.297 
-3.342 -3.384 -3.421 -3.456 -3.487 -3.515 -3.540 -3.563 -3.583 -3.600 
-3.614 -3.626 -3.635 -3.642 -3.647 -3.649 -3.649 -3.646 -3.641 -3.633 
-3.623 -3.611 -3.596 -3.578 -3.558 -3.535 -3.510 -3.481 -3.450 -3.416 
-3.378 -3.337 -3.292 -3.244 -3.192 -3.136 -3.076 -3.012 -2.943 -2.869 
-2.791 -2.709 -2.624 -2.538 -2.453 -2.373 -2.304 -2.251 -2.217 -2.205 
-2.211 -2.231 -2.259 -2.291 -2.322 -2.351 -2.375 -2.394 -2.407 -2.413 
-2.413 -2.405 -2.390 -2.368 -2.337 -2.298 -2.251 -2.197 -2.136 -2.074 
-2.017 -1.976 -1.962 -1.983 -2.041 -2.129 -2.236 -2.350 -2.464 -2.572 
-2.662 
-2.758 -2.809 -2.876 -2.940 -3.000 -3.056 -3.109 -3.158 -3.204 -3.247 
-3.287 -3.323 -3.357 -3.387 -3.415 -3.441 -3.464 -3.484 -3.502 -3.517 
-3.530 -3.541 -3.549 -3.555 -3.559 -3.560 -3.559 -3.556 -3.551 -3.544 
-3.534 -3.522 -3.507 -3.490 -3.471 -3.449 -3.425 -3.398 -3.368 -3.336 
-3.301 -3.263 -3.223 -3.179 -3.132 -3.083 -3.030 -2.975 -2.917 -2.856 
-2.794 -2.730 -2.665 -2.601 -2.537 -2.477 -2.422 -2.374 -2.336 -2.308 
-2.292 -2.285 -2.285 -2.290 -2.298 -2.308 -2.317 -2.325 -2.329 -2.330 
-2.326 -2.316 -2.301 -2.279 -2.249 -2.208 -2.154 -2.087 -2.023 -2.011 
-2.058 -2.116 -2.165 -2.216 -2.276 -2.347 -2.425 -2.506 -2.585 -2.663 
-2.734 
-2.997 -3.072 -3.139 -3.201 -3.259 -3.312 -3.361 -3.406 -3.447 -3.485 
-3.519 -3.550 -3.579 -3.604 -3.627 -3.646 -3.663 -3.678 -3.690 -3.700 
-3.707 -3.711 -3.714 -3.713 -3.711 -3.706 -3.699 -3.689 -3.677 -3.663 
-3.646 -3.627 -3.605 -3.580 -3.553 -3.523 -3.491 -3.455 -3.417 -3.376 
-3.332 -3.286 -3.236 -3.184 -3.130 -3.073 -3.015 -2.956 -2.897 -2.839 
-2.785 -2.734 -2.689 -2.651 -2.620 -2.596 -2.579 -2.567 -2.560 -2.556 
-2.555 -2.555 -2.556 -2.556 -2.553 -2.548 -2.537 -2.521 -2.498 -2.466 
-2.425 -2.373 -2.307 -2.225 -2.123 -1.999 -1.853 -1.702 -1.591 -1.581 
-1.690 -1.869 -2.060 -2.233 -2.384 -2.515 -2.632 -2.737 -2.832 -2.919 
-2.974 
-3.021 -3.131 -3.208 -3.279 -3.344 -3.404 -3.458 -3.508 -3.553 -3.595 
-3.633 -3.667 -3.698 -3.725 -3.750 -3.772 -3.790 -3.806 -3.820 -3.831 
-3.839 -3.845 -3.848 -3.849 -3.847 -3.843 -3.837 -3.828 -3.816 -3.803 
-3.786 -3.768 -3.746 -3.722 -3.696 -3.667 -3.635 -3.600 -3.562 -3.522 
-3.479 -3.433 -3.384 -3.332 -3.279 -3.223 -3.165 -3.107 -3.048 -2.991 
-2.936 -2.885 -2.839 -2.800 -2.767 -2.741 -2.722 -2.710 -2.704 -2.703 
-2.706 -2.712 -2.719 -2.724 -2.727 -2.726 -2.719 -2.705 -2.685 -2.656 
-2.617 -2.568 -2.507 -2.432 -2.340 -2.228 -2.097 -1.952 -1.826 -1.772 
-1.824 -1.954 -2.114 -2.268 -2.404 -2.526 -2.641 -2.752 -2.857 -2.955 
-3.002 
-2.757 -2.791 -2.882 -2.967 -3.045 -3.118 -3.185 -3.247 -3.304 -3.356 
-3.404 -3.448 -3.489 -3.526 -3.559 -3.590 -3.617 -3.641 -3.663 -3.681 
-3.697 -3.711 -3.722 -3.730 -3.736 -3.739 -3.740 -3.738 -3.734 -3.727 
-3.718 -3.707 -3.693 -3.676 -3.657 -3.635 -3.611 -3.584 -3.553 -3.520 
-3.484 -3.445 -3.403 -3.357 -3.309 -3.256 -3.201 -3.143 -3.081 -3.017 
-2.951 -2.883 -2.814 -2.746 -2.680 -2.618 -2.564 -2.520 -2.489 -2.471 
-2.467 -2.474 -2.489 -2.509 -2.531 -2.553 -2.571 -2.585 -2.595 -2.598 
-2.594 -2.584 -2.565 -2.537 -2.499 -2.449 -2.386 -2.309 -2.225 -2.158 
-2.135 -2.142 -2.148 -2.155 -2.178 -2.226 -2.299 -2.390 -2.491 -2.594 
-2.696 
