IRGRID 64 91
1e+308

0.025 0.03 0.035 0.04 0.045 0.05 0.055 0.06 0.065 0.07
0.075 0.08 0.085 0.09 0.095 0.1 0.11 0.12 0.13 0.14
0.15 0.16 0.17 0.18 0.19 0.2 0.21 0.22 0.23 0.24
0.25 0.26 0.27 0.28 0.29 0.3 0.31 0.32 0.33 0.34
0.35 0.36 0.37 0.38 0.39 0.4 0.41 0.42 0.43 0.44
0.45 0.46 0.47 0.48 0.49 0.5 0.51 0.52 0.53 0.54
0.55 0.56 0.57 0.58
0 4 8 12 16 20 24 28 32 36
40 44 48 52 56 60 64 68 72 76
80 84 88 92 96 100 104 108 112 116
120 124 128 132 136 140 144 148 152 156
160 164 168 172 176 180 184 188 192 196
200 204 208 212 216 220 224 228 232 236
240 244 248 252 256 260 264 268 272 276
280 284 288 292 296 300 304 308 312 316
320 324 328 332 336 340 344 348 352 356
360
-4.000 -4.000 -4.000 -4.000 -4.000 -4.000 -4.000 -4.000 -4.000 -4.000 
-4.000 -4.000 -4.000 -4.000 -4.000 -4.000 -4.000 -4.000 -4.000 -4.000 
-4.000 -4.000 -4.000 -4.000 -4.000 -4.000 -4.000 -4.000 -4.000 -4.000 
-4.000 -4.000 -4.000 -4.000 -4.000 -4.000 -4.000 -4.000 -4.000 -4.000 
-4.000 -4.000 -4.000 -4.000 -4.000 -4.000 -4.000 -4.000 -4.000 -4.000 
-4.000 -4.000 -4.000 -4.000 -4.000 -4.000 -4.000 -4.000 -4.000 -4.000 
-4.000 -4.000 -4.000 -4.000 -4.000 -4.000 -4.000 -4.000 -4.000 -4.000 
-4.000 -4.000 -4.000 -4.000 -4.000 -4.000 -4.000 -4.000 -4.000 -4.000 
-4.000 -4.000 -4.000 -4.000 -4.000 -4.000 -4.000 -4.000 -4.000 -4.000 
-4.000 
-3.939 -3.994 -3.998 -4.000 -4.000 -4.000 -4.000 -4.000 -4.000 -4.000 
-4.000 -4.000 -4.000 -4.000 -4.000 -4.000 -4.000 -4.000 -4.000 -4.000 
-4.000 -4.000 -4.000 -4.000 -4.000 -4.000 -4.000 -4.000 -4.000 -4.000 
-4.000 -4.000 -4.000 -4.000 -4.000 -4.000 -4.000 -4.000 -4.000 -4.000 
-4.000 -4.000 -4.000 -4.000 -3.997 -3.942 -3.884 -3.824 -3.762 -3.699 
-3.638 -3.580 -3.531 -3.492 -3.469 -3.463 -3.476 -3.505 -3.545 -3.593 
-3.642 -3.689 -3.733 -3.774 -3.814 -3.857 -3.899 -3.938 -3.973 -4.000 
-4.000 -4.000 -4.000 -4.000 -4.000 -4.000 -4.000 -4.000 -4.000 -4.000 
-4.000 -4.000 -4.000 -4.000 -4.000 -4.000 -4.000 -4.000 -4.000 -3.997 
-3.938 
-3.377 -3.372 -3.376 -3.383 -3.392 -3.405 -3.420 -3.438 -3.458 -3.480 
-3.504 -3.528 -3.552 -3.577 -3.601 -3.624 -3.647 -3.668 -3.688 -3.706 
-3.722 -3.736 -3.749 -3.759 -3.768 -3.774 -3.778 -3.779 -3.779 -3.776 
-3.770 -3.762 -3.751 -3.738 -3.722 -3.703 -3.682 -3.657 -3.629 -3.598 
-3.563 -3.525 -3.483 -3.437 -3.387 -3.333 -3.276 -3.214 -3.149 -3.081 
-3.013 -2.947 -2.885 -2.834 -2.795 -2.772 -2.765 -2.770 -2.784 -2.805 
-2.833 -2.869 -2.912 -2.961 -3.013 -3.065 -3.114 -3.160 -3.202 -3.239 
-3.272 -3.301 -3.326 -3.347 -3.365 -3.379 -3.390 -3.398 -3.403 -3.406 
-3.407 -3.406 -3.404 -3.400 -3.395 -3.390 -3.384 -3.379 -3.375 -3.372 
-3.378 
-3.193 -3.197 -3.211 -3.226 -3.242 -3.259 -3.276 -3.293 -3.310 -3.327 
-3.343 -3.359 -3.374 -3.389 -3.403 -3.418 -3.432 -3.447 -3.461 -3.476 
-3.490 -3.504 -3.518 -3.531 -3.543 -3.554 -3.564 -3.571 -3.577 -3.581 
-3.583 -3.583 -3.581 -3.576 -3.568 -3.558 -3.545 -3.530 -3.512 -3.491 
-3.466 -3.439 -3.408 -3.374 -3.336 -3.294 -3.248 -3.198 -3.144 -3.086 
-3.023 -2.956 -2.887 -2.814 -2.740 -2.665 -2.590 -2.517 -2.451 -2.395 
-2.356 -2.337 -2.344 -2.378 -2.434 -2.502 -2.573 -2.642 -2.705 -2.764 
-2.816 -2.862 -2.904 -2.940 -2.972 -2.999 -3.023 -3.044 -3.061 -3.077 
-3.090 -3.101 -3.111 -3.119 -3.128 -3.136 -3.144 -3.153 -3.162 -3.173 
-3.187 
-3.142 -3.135 -3.124 -3.112 -3.100 -3.090 -3.081 -3.074 -3.069 -3.065 
-3.062 -3.059 -3.057 -3.055 -3.055 -3.057 -3.060 -3.067 -3.076 -3.087 
-3.100 -3.115 -3.132 -3.149 -3.167 -3.185 -3.203 -3.219 -3.235 -3.250 
-3.262 -3.273 -3.282 -3.289 -3.294 -3.296 -3.296 -3.293 -3.288 -3.279 
-3.268 -3.254 -3.236 -3.215 -3.191 -3.163 -3.131 -3.094 -3.053 -3.007 
-2.956 -2.899 -2.835 -2.764 -2.686 -2.600 -2.505 -2.401 -2.290 -2.182 
-2.097 -2.047 -2.035 -2.062 -2.125 -2.213 -2.312 -2.411 -2.505 -2.591 
-2.670 -2.740 -2.802 -2.858 -2.908 -2.952 -2.991 -3.024 -3.054 -3.079 
-3.100 -3.118 -3.132 -3.143 -3.151 -3.157 -3.159 -3.159 -3.157 -3.151 
-3.144 
-3.081 -3.062 -3.032 -3.004 -2.982 -2.970 -2.968 -2.980 -3.002 -3.033 
-3.069 -3.106 -3.142 -3.175 -3.203 -3.227 -3.246 -3.261 -3.270 -3.276 
-3.277 -3.273 -3.267 -3.257 -3.244 -3.230 -3.216 -3.202 -3.192 -3.185 
-3.183 -3.187 -3.195 -3.207 -3.221 -3.238 -3.255 -3.271 -3.285 -3.297 
-3.305 -3.310 -3.311 -3.308 -3.299 -3.286 -3.267 -3.242 -3.210 -3.172 
-3.126 -3.070 -3.005 -2.927 -2.835 -2.726 -2.596 -2.447 -2.290 -2.157 
-2.099 -2.133 -2.221 -2.322 -2.413 -2.488 -2.544 -2.582 -2.609 -2.636 
-2.670 -2.716 -2.770 -2.829 -2.889 -2.947 -2.999 -3.046 -3.086 -3.120 
-3.147 -3.168 -3.182 -3.190 -3.193 -3.189 -3.180 -3.165 -3.145 -3.121 
-3.095 
-2.885 -2.908 -2.910 -2.911 -2.910 -2.909 -2.908 -2.907 -2.906 -2.905 
-2.903 -2.899 -2.892 -2.883 -2.871 -2.856 -2.839 -2.819 -2.796 -2.771 
-2.744 -2.714 -2.683 -2.650 -2.618 -2.587 -2.559 -2.534 -2.514 -2.500 
-2.493 -2.492 -2.498 -2.509 -2.523 -2.540 -2.558 -2.575 -2.590 -2.602 
-2.611 -2.615 -2.614 -2.608 -2.595 -2.575 -2.547 -2.512 -2.469 -2.418 
-2.361 -2.302 -2.245 -2.201 -2.176 -2.175 -2.191 -2.213 -2.228 -2.229 
-2.229 -2.243 -2.253 -2.245 -2.220 -2.183 -2.141 -2.103 -2.075 -2.065 
-2.077 -2.112 -2.164 -2.228 -2.297 -2.367 -2.436 -2.500 -2.559 -2.613 
-2.662 -2.706 -2.744 -2.778 -2.808 -2.833 -2.854 -2.872 -2.886 -2.896 
-2.881 
-2.546 -2.548 -2.547 -2.546 -2.545 -2.543 -2.541 -2.539 -2.537 -2.536 
-2.534 -2.532 -2.530 -2.528 -2.526 -2.524 -2.521 -2.517 -2.512 -2.506 
-2.498 -2.489 -2.478 -2.466 -2.452 -2.436 -2.418 -2.399 -2.378 -2.356 
-2.333 -2.308 -2.282 -2.254 -2.224 -2.192 -2.159 -2.125 -2.089 -2.052 
-2.014 -1.976 -1.936 -1.896 -1.853 -1.809 -1.762 -1.711 -1.657 -1.598 
-1.537 -1.476 -1.419 -1.375 -1.350 -1.347 -1.363 -1.393 -1.432 -1.477 
-1.529 -1.586 -1.649 -1.713 -1.778 -1.841 -1.900 -1.954 -2.003 -2.050 
-2.097 -2.144 -2.190 -2.236 -2.278 -2.318 -2.353 -2.385 -2.414 -2.438 
-2.460 -2.479 -2.495 -2.508 -2.519 -2.528 -2.535 -2.540 -2.544 -2.546 
-2.547 
-2.350 -2.353 -2.361 -2.368 -2.373 -2.376 -2.377 -2.376 -2.374 -2.370 
-2.364 -2.357 -2.347 -2.336 -2.323 -2.308 -2.292 -2.273 -2.252 -2.230 
-2.205 -2.178 -2.149 -2.118 -2.085 -2.050 -2.013 -1.973 -1.932 -1.889 
-1.845 -1.799 -1.751 -1.703 -1.654 -1.605 -1.557 -1.509 -1.462 -1.418 
-1.375 -1.336 -1.299 -1.265 -1.233 -1.203 -1.174 -1.146 -1.116 -1.086 
-1.054 -1.021 -0.985 -0.949 -0.912 -0.876 -0.841 -0.808 -0.777 -0.753 
-0.746 -0.774 -0.843 -0.939 -1.043 -1.147 -1.245 -1.338 -1.425 -1.506 
-1.582 -1.654 -1.720 -1.782 -1.840 -1.894 -1.945 -1.991 -2.035 -2.075 
-2.113 -2.147 -2.178 -2.207 -2.234 -2.258 -2.279 -2.298 -2.315 -2.330 
-2.346 
-2.193 -2.238 -2.260 -2.278 -2.293 -2.305 -2.314 -2.320 -2.324 -2.325 
-2.323 -2.319 -2.313 -2.304 -2.292 -2.278 -2.262 -2.243 -2.222 -2.198 
-2.172 -2.144 -2.112 -2.079 -2.042 -2.004 -1.962 -1.918 -1.872 -1.823 
-1.771 -1.718 -1.662 -1.606 -1.548 -1.489 -1.431 -1.375 -1.320 -1.269 
-1.222 -1.179 -1.141 -1.107 -1.077 -1.050 -1.023 -0.995 -0.963 -0.925 
-0.879 -0.820 -0.747 -0.669 -0.606 -0.568 -0.533 -0.480 -0.411 -0.343 
-0.302 -0.314 -0.388 -0.507 -0.647 -0.786 -0.914 -1.027 -1.124 -1.203 
-1.266 -1.312 -1.342 -1.359 -1.368 -1.380 -1.404 -1.448 -1.513 -1.590 
-1.673 -1.755 -1.831 -1.901 -1.963 -2.019 -2.068 -2.112 -2.150 -2.184 
-2.189 
-1.891 -1.923 -1.961 -1.993 -2.021 -2.044 -2.064 -2.079 -2.090 -2.099 
-2.105 -2.108 -2.110 -2.110 -2.110 -2.109 -2.108 -2.107 -2.106 -2.106 
-2.105 -2.105 -2.104 -2.102 -2.099 -2.095 -2.088 -2.079 -2.066 -2.051 
-2.032 -2.009 -1.982 -1.952 -1.918 -1.880 -1.840 -1.796 -1.751 -1.703 
-1.654 -1.603 -1.550 -1.494 -1.433 -1.366 -1.288 -1.199 -1.095 -0.972 
-0.831 -0.672 -0.510 -0.376 -0.309 -0.325 -0.395 -0.468 -0.507 -0.479 
-0.326 0.149 0.223 -0.361 -0.636 -0.784 -0.871 -0.921 -0.945 -0.948 
-0.935 -0.909 -0.875 -0.837 -0.805 -0.787 -0.794 -0.831 -0.898 -0.987 
-1.088 -1.193 -1.295 -1.393 -1.484 -1.568 -1.644 -1.713 -1.775 -1.830 
-1.870 
-1.688 -1.683 -1.676 -1.666 -1.653 -1.639 -1.622 -1.604 -1.585 -1.566 
-1.548 -1.532 -1.519 -1.509 -1.502 -1.500 -1.501 -1.505 -1.511 -1.520 
-1.531 -1.543 -1.557 -1.572 -1.587 -1.603 -1.619 -1.634 -1.648 -1.661 
-1.673 -1.683 -1.690 -1.696 -1.700 -1.701 -1.699 -1.694 -1.686 -1.675 
-1.661 -1.642 -1.619 -1.592 -1.559 -1.521 -1.476 -1.423 -1.360 -1.286 
-1.198 -1.094 -0.976 -0.859 -0.771 -0.717 -0.655 -0.543 -0.360 -0.072 
0.421 0.938 0.942 0.481 -0.047 -0.360 -0.578 -0.742 -0.869 -0.970 
-1.049 -1.109 -1.153 -1.183 -1.205 -1.225 -1.251 -1.291 -1.342 -1.399 
-1.456 -1.509 -1.554 -1.591 -1.622 -1.645 -1.663 -1.676 -1.684 -1.687 
-1.689 
-1.635 -1.602 -1.579 -1.552 -1.524 -1.492 -1.460 -1.427 -1.395 -1.365 
-1.340 -1.320 -1.309 -1.307 -1.315 -1.331 -1.355 -1.386 -1.420 -1.457 
-1.495 -1.533 -1.570 -1.605 -1.637 -1.668 -1.696 -1.721 -1.744 -1.763 
-1.779 -1.793 -1.803 -1.811 -1.815 -1.816 -1.813 -1.808 -1.799 -1.786 
-1.770 -1.750 -1.726 -1.699 -1.667 -1.630 -1.589 -1.542 -1.490 -1.431 
-1.366 -1.292 -1.209 -1.114 -1.006 -0.880 -0.732 -0.552 -0.324 -0.012 
0.575 1.050 0.945 0.404 -0.115 -0.405 -0.613 -0.776 -0.910 -1.023 
-1.120 -1.204 -1.278 -1.343 -1.399 -1.450 -1.493 -1.532 -1.564 -1.592 
-1.616 -1.634 -1.649 -1.659 -1.665 -1.668 -1.666 -1.661 -1.651 -1.638 
-1.644 
-1.909 -1.936 -1.943 -1.946 -1.945 -1.941 -1.934 -1.924 -1.912 -1.900 
-1.889 -1.880 -1.874 -1.874 -1.879 -1.888 -1.901 -1.917 -1.932 -1.948 
-1.962 -1.974 -1.983 -1.990 -1.995 -1.997 -1.997 -1.995 -1.990 -1.983 
-1.974 -1.963 -1.949 -1.932 -1.913 -1.891 -1.866 -1.839 -1.808 -1.774 
-1.736 -1.696 -1.652 -1.604 -1.553 -1.498 -1.438 -1.374 -1.305 -1.230 
-1.148 -1.060 -0.962 -0.854 -0.734 -0.596 -0.438 -0.251 -0.029 0.221 
0.445 0.695 0.553 0.768 0.048 -0.248 -0.446 -0.605 -0.739 -0.857 
-0.961 -1.056 -1.142 -1.221 -1.294 -1.362 -1.425 -1.484 -1.539 -1.590 
-1.637 -1.681 -1.721 -1.759 -1.793 -1.823 -1.851 -1.875 -1.895 -1.913 
-1.901 
-2.066 -2.084 -2.090 -2.094 -2.096 -2.095 -2.092 -2.087 -2.080 -2.071 
-2.060 -2.047 -2.033 -2.017 -2.001 -1.984 -1.966 -1.948 -1.930 -1.912 
-1.896 -1.881 -1.867 -1.855 -1.844 -1.836 -1.829 -1.823 -1.819 -1.815 
-1.812 -1.808 -1.803 -1.797 -1.790 -1.781 -1.769 -1.755 -1.739 -1.719 
-1.697 -1.672 -1.644 -1.614 -1.581 -1.544 -1.505 -1.462 -1.416 -1.365 
-1.309 -1.247 -1.177 -1.098 -1.008 -0.903 -0.780 -0.633 -0.451 -0.226 
0.041 0.339 0.883 1.285 0.798 -0.033 -0.416 -0.659 -0.843 -0.993 
-1.120 -1.229 -1.326 -1.412 -1.490 -1.560 -1.624 -1.682 -1.734 -1.782 
-1.826 -1.866 -1.902 -1.934 -1.963 -1.989 -2.012 -2.032 -2.049 -2.063 
-2.065 
-1.981 -1.999 -2.015 -2.028 -2.040 -2.049 -2.056 -2.062 -2.065 -2.066 
-2.066 -2.063 -2.059 -2.053 -2.046 -2.036 -2.026 -2.013 -2.000 -1.985 
-1.968 -1.951 -1.932 -1.912 -1.891 -1.869 -1.846 -1.821 -1.795 -1.767 
-1.738 -1.706 -1.673 -1.639 -1.603 -1.565 -1.525 -1.485 -1.443 -1.400 
-1.357 -1.313 -1.268 -1.223 -1.178 -1.133 -1.086 -1.039 -0.990 -0.938 
-0.884 -0.825 -0.760 -0.688 -0.606 -0.511 -0.398 -0.260 -0.086 0.144 
0.457 0.777 0.922 1.002 0.430 0.046 -0.229 -0.442 -0.618 -0.766 
-0.895 -1.009 -1.110 -1.202 -1.285 -1.361 -1.431 -1.494 -1.553 -1.608 
-1.658 -1.704 -1.746 -1.786 -1.822 -1.855 -1.886 -1.913 -1.938 -1.961 
-1.975 
-1.888 -1.893 -1.912 -1.929 -1.944 -1.958 -1.969 -1.980 -1.989 -1.996 
-2.002 -2.006 -2.009 -2.011 -2.011 -2.010 -2.008 -2.005 -2.000 -1.994 
-1.987 -1.978 -1.969 -1.958 -1.946 -1.933 -1.918 -1.902 -1.885 -1.867 
-1.848 -1.827 -1.805 -1.781 -1.757 -1.730 -1.703 -1.674 -1.643 -1.611 
-1.578 -1.543 -1.507 -1.468 -1.429 -1.387 -1.343 -1.296 -1.247 -1.194 
-1.137 -1.075 -1.007 -0.932 -0.848 -0.752 -0.642 -0.512 -0.356 -0.161 
0.096 0.445 0.781 0.932 0.704 0.312 -0.030 -0.281 -0.476 -0.636 
-0.772 -0.890 -0.993 -1.086 -1.169 -1.245 -1.314 -1.377 -1.436 -1.490 
-1.539 -1.585 -1.628 -1.668 -1.704 -1.738 -1.770 -1.799 -1.825 -1.850 
-1.880 
-1.968 -1.995 -2.021 -2.044 -2.065 -2.085 -2.103 -2.119 -2.133 -2.145 
-2.156 -2.165 -2.173 -2.179 -2.183 -2.186 -2.188 -2.187 -2.186 -2.183 
-2.178 -2.172 -2.164 -2.155 -2.144 -2.132 -2.119 -2.104 -2.087 -2.070 
-2.050 -2.029 -2.007 -1.983 -1.957 -1.930 -1.900 -1.870 -1.837 -1.803 
-1.766 -1.727 -1.687 -1.643 -1.598 -1.549 -1.498 -1.443 -1.385 -1.323 
-1.257 -1.185 -1.108 -1.023 -0.930 -0.828 -0.712 -0.579 -0.424 -0.238 
-0.004 0.293 0.616 0.832 0.719 0.349 0.021 -0.230 -0.428 -0.592 
-0.732 -0.855 -0.964 -1.062 -1.151 -1.233 -1.309 -1.379 -1.444 -1.505 
-1.562 -1.615 -1.666 -1.712 -1.757 -1.798 -1.837 -1.873 -1.907 -1.938 
-1.958 
-2.038 -2.055 -2.077 -2.097 -2.114 -2.130 -2.144 -2.156 -2.167 -2.175 
-2.182 -2.188 -2.191 -2.193 -2.194 -2.193 -2.190 -2.186 -2.181 -2.174 
-2.166 -2.156 -2.145 -2.132 -2.119 -2.104 -2.087 -2.070 -2.051 -2.031 
-2.010 -1.987 -1.963 -1.939 -1.913 -1.886 -1.857 -1.828 -1.797 -1.765 
-1.732 -1.697 -1.661 -1.623 -1.583 -1.542 -1.498 -1.452 -1.403 -1.351 
-1.296 -1.236 -1.172 -1.102 -1.024 -0.939 -0.842 -0.731 -0.601 -0.445 
-0.251 0.003 0.356 0.717 0.859 0.564 0.138 -0.189 -0.429 -0.619 
-0.777 -0.913 -1.032 -1.137 -1.231 -1.317 -1.395 -1.467 -1.533 -1.594 
-1.650 -1.702 -1.751 -1.796 -1.838 -1.877 -1.913 -1.946 -1.977 -2.005 
-2.030 
-2.143 -2.167 -2.193 -2.217 -2.239 -2.259 -2.276 -2.292 -2.305 -2.317 
-2.326 -2.334 -2.340 -2.344 -2.346 -2.347 -2.345 -2.342 -2.337 -2.330 
-2.322 -2.312 -2.300 -2.287 -2.272 -2.255 -2.236 -2.215 -2.193 -2.169 
-2.144 -2.116 -2.087 -2.056 -2.023 -1.989 -1.952 -1.914 -1.874 -1.832 
-1.788 -1.742 -1.695 -1.645 -1.593 -1.539 -1.483 -1.424 -1.363 -1.300 
-1.233 -1.164 -1.091 -1.016 -0.937 -0.856 -0.771 -0.679 -0.579 -0.464 
-0.329 -0.167 0.025 0.260 0.438 0.222 0.024 -0.148 -0.304 -0.469 
-0.640 -0.801 -0.945 -1.073 -1.188 -1.291 -1.384 -1.470 -1.548 -1.620 
-1.687 -1.748 -1.806 -1.859 -1.908 -1.954 -1.997 -2.036 -2.073 -2.107 
-2.133 
-2.262 -2.303 -2.339 -2.372 -2.402 -2.429 -2.454 -2.476 -2.497 -2.514 
-2.530 -2.543 -2.554 -2.563 -2.570 -2.574 -2.577 -2.578 -2.576 -2.573 
-2.567 -2.559 -2.549 -2.538 -2.524 -2.507 -2.489 -2.469 -2.446 -2.421 
-2.394 -2.364 -2.332 -2.297 -2.260 -2.219 -2.177 -2.131 -2.082 -2.030 
-1.974 -1.916 -1.853 -1.787 -1.716 -1.641 -1.562 -1.479 -1.391 -1.299 
-1.203 -1.105 -1.007 -0.911 -0.819 -0.735 -0.660 -0.593 -0.534 -0.475 
-0.413 -0.340 -0.251 -0.148 -0.052 0.022 0.092 0.127 0.071 -0.070 
-0.259 -0.462 -0.655 -0.831 -0.989 -1.130 -1.258 -1.374 -1.480 -1.577 
-1.666 -1.748 -1.824 -1.895 -1.960 -2.020 -2.077 -2.129 -2.178 -2.223 
-2.249 
-2.167 -2.218 -2.254 -2.286 -2.317 -2.344 -2.370 -2.393 -2.414 -2.433 
-2.450 -2.465 -2.478 -2.489 -2.498 -2.505 -2.511 -2.514 -2.516 -2.516 
-2.515 -2.511 -2.506 -2.499 -2.490 -2.479 -2.466 -2.452 -2.435 -2.417 
-2.396 -2.373 -2.349 -2.321 -2.292 -2.260 -2.225 -2.188 -2.148 -2.105 
-2.059 -2.010 -1.957 -1.901 -1.841 -1.777 -1.709 -1.638 -1.562 -1.482 
-1.398 -1.310 -1.220 -1.128 -1.036 -0.944 -0.853 -0.764 -0.675 -0.584 
-0.489 -0.386 -0.272 -0.140 0.013 0.179 0.322 0.363 0.252 0.041 
-0.195 -0.416 -0.612 -0.785 -0.938 -1.076 -1.200 -1.312 -1.415 -1.509 
-1.595 -1.675 -1.749 -1.818 -1.881 -1.941 -1.996 -2.047 -2.095 -2.139 
-2.155 
-1.958 -1.959 -1.986 -2.011 -2.035 -2.057 -2.077 -2.095 -2.112 -2.127 
-2.141 -2.153 -2.164 -2.173 -2.181 -2.188 -2.194 -2.198 -2.201 -2.202 
-2.203 -2.202 -2.200 -2.197 -2.192 -2.187 -2.180 -2.172 -2.162 -2.152 
-2.140 -2.127 -2.112 -2.097 -2.080 -2.061 -2.041 -2.020 -1.996 -1.972 
-1.945 -1.917 -1.887 -1.854 -1.820 -1.783 -1.743 -1.701 -1.655 -1.606 
-1.554 -1.498 -1.437 -1.373 -1.303 -1.228 -1.147 -1.059 -0.963 -0.857 
-0.738 -0.602 -0.445 -0.275 -0.117 0.045 0.210 0.271 0.152 -0.070 
-0.304 -0.507 -0.680 -0.828 -0.955 -1.068 -1.167 -1.257 -1.338 -1.411 
-1.479 -1.541 -1.598 -1.650 -1.699 -1.745 -1.787 -1.827 -1.863 -1.897 
-1.946 
-2.045 -2.094 -2.120 -2.144 -2.166 -2.187 -2.206 -2.224 -2.240 -2.255 
-2.269 -2.281 -2.292 -2.301 -2.309 -2.316 -2.321 -2.325 -2.327 -2.328 
-2.328 -2.327 -2.323 -2.319 -2.313 -2.306 -2.297 -2.287 -2.275 -2.261 
-2.247 -2.230 -2.212 -2.193 -2.172 -2.149 -2.124 -2.098 -2.070 -2.040 
-2.008 -1.975 -1.939 -1.901 -1.860 -1.817 -1.772 -1.723 -1.672 -1.617 
-1.558 -1.495 -1.427 -1.353 -1.273 -1.185 -1.087 -0.977 -0.853 -0.710 
-0.545 -0.355 -0.153 0.013 0.065 -0.015 -0.124 -0.219 -0.387 -0.587 
-0.764 -0.913 -1.040 -1.150 -1.248 -1.336 -1.415 -1.487 -1.553 -1.614 
-1.671 -1.724 -1.773 -1.818 -1.861 -1.901 -1.939 -1.974 -2.007 -2.038 
-2.037 
-1.938 -1.943 -1.965 -1.987 -2.007 -2.027 -2.046 -2.065 -2.083 -2.100 
-2.117 -2.133 -2.148 -2.162 -2.175 -2.188 -2.199 -2.210 -2.220 -2.228 
-2.235 -2.242 -2.247 -2.250 -2.253 -2.254 -2.253 -2.251 -2.248 -2.243 
-2.237 -2.229 -2.219 -2.207 -2.194 -2.179 -2.162 -2.143 -2.122 -2.098 
-2.073 -2.045 -2.014 -1.981 -1.946 -1.907 -1.865 -1.820 -1.770 -1.717 
-1.659 -1.596 -1.528 -1.453 -1.370 -1.278 -1.176 -1.060 -0.929 -0.778 
-0.602 -0.400 -0.186 -0.013 0.029 -0.084 -0.277 -0.475 -0.650 -0.800 
-0.928 -1.038 -1.134 -1.219 -1.294 -1.362 -1.423 -1.478 -1.529 -1.575 
-1.618 -1.657 -1.694 -1.728 -1.760 -1.790 -1.819 -1.846 -1.872 -1.897 
-1.930 
-1.996 -2.012 -2.035 -2.056 -2.077 -2.097 -2.116 -2.135 -2.153 -2.170 
-2.187 -2.203 -2.219 -2.233 -2.247 -2.260 -2.272 -2.283 -2.294 -2.303 
-2.311 -2.318 -2.324 -2.328 -2.332 -2.334 -2.334 -2.333 -2.331 -2.327 
-2.322 -2.315 -2.306 -2.295 -2.283 -2.268 -2.252 -2.234 -2.213 -2.190 
-2.165 -2.138 -2.107 -2.074 -2.038 -1.998 -1.956 -1.909 -1.858 -1.803 
-1.743 -1.678 -1.606 -1.528 -1.441 -1.346 -1.239 -1.120 -0.986 -0.832 
-0.656 -0.459 -0.263 -0.126 -0.120 -0.246 -0.421 -0.587 -0.728 -0.849 
-0.954 -1.049 -1.137 -1.219 -1.297 -1.369 -1.437 -1.500 -1.558 -1.611 
-1.660 -1.705 -1.746 -1.784 -1.820 -1.853 -1.883 -1.912 -1.939 -1.965 
-1.989 
-2.153 -2.205 -2.246 -2.285 -2.320 -2.354 -2.385 -2.414 -2.441 -2.466 
-2.489 -2.511 -2.530 -2.548 -2.564 -2.579 -2.592 -2.603 -2.612 -2.620 
-2.626 -2.630 -2.633 -2.634 -2.633 -2.630 -2.625 -2.619 -2.610 -2.600 
-2.588 -2.574 -2.557 -2.539 -2.518 -2.495 -2.470 -2.442 -2.412 -2.379 
-2.344 -2.306 -2.264 -2.220 -2.172 -2.121 -2.066 -2.008 -1.945 -1.877 
-1.805 -1.727 -1.644 -1.555 -1.460 -1.358 -1.250 -1.135 -1.013 -0.888 
-0.760 -0.632 -0.511 -0.415 -0.383 -0.397 -0.419 -0.443 -0.476 -0.530 
-0.605 -0.692 -0.784 -0.879 -0.975 -1.073 -1.169 -1.265 -1.357 -1.447 
-1.532 -1.613 -1.690 -1.763 -1.831 -1.896 -1.956 -2.013 -2.066 -2.115 
-2.138 
-2.161 -2.178 -2.218 -2.256 -2.291 -2.324 -2.355 -2.384 -2.411 -2.436 
-2.459 -2.481 -2.500 -2.518 -2.533 -2.547 -2.560 -2.570 -2.579 -2.586 
-2.592 -2.596 -2.598 -2.598 -2.597 -2.594 -2.589 -2.583 -2.575 -2.565 
-2.554 -2.541 -2.526 -2.509 -2.490 -2.470 -2.448 -2.424 -2.398 -2.370 
-2.340 -2.308 -2.273 -2.237 -2.198 -2.157 -2.114 -2.068 -2.019 -1.967 
-1.912 -1.853 -1.791 -1.725 -1.655 -1.580 -1.500 -1.414 -1.322 -1.224 
-1.121 -1.015 -0.907 -0.798 -0.687 -0.572 -0.455 -0.353 -0.297 -0.319 
-0.418 -0.553 -0.696 -0.832 -0.959 -1.076 -1.184 -1.284 -1.377 -1.464 
-1.545 -1.621 -1.693 -1.760 -1.824 -1.883 -1.940 -1.993 -2.043 -2.091 
-2.144 
-2.354 -2.409 -2.447 -2.483 -2.517 -2.548 -2.576 -2.603 -2.627 -2.649 
-2.669 -2.687 -2.703 -2.718 -2.730 -2.740 -2.749 -2.755 -2.760 -2.764 
-2.765 -2.764 -2.762 -2.758 -2.753 -2.745 -2.736 -2.725 -2.712 -2.698 
-2.682 -2.664 -2.644 -2.622 -2.599 -2.573 -2.546 -2.517 -2.487 -2.454 
-2.419 -2.383 -2.344 -2.304 -2.261 -2.217 -2.170 -2.121 -2.071 -2.017 
-1.962 -1.904 -1.843 -1.780 -1.714 -1.644 -1.572 -1.497 -1.419 -1.338 
-1.253 -1.162 -1.065 -0.958 -0.836 -0.698 -0.542 -0.388 -0.282 -0.284 
-0.398 -0.572 -0.755 -0.926 -1.082 -1.223 -1.351 -1.466 -1.572 -1.669 
-1.758 -1.840 -1.916 -1.987 -2.053 -2.115 -2.172 -2.226 -2.276 -2.324 
-2.343 
-2.365 -2.411 -2.452 -2.490 -2.526 -2.558 -2.589 -2.616 -2.642 -2.665 
-2.685 -2.704 -2.721 -2.735 -2.748 -2.759 -2.768 -2.775 -2.780 -2.783 
-2.785 -2.785 -2.783 -2.779 -2.773 -2.766 -2.757 -2.746 -2.733 -2.718 
-2.702 -2.683 -2.662 -2.640 -2.615 -2.588 -2.559 -2.528 -2.494 -2.457 
-2.418 -2.377 -2.332 -2.285 -2.234 -2.180 -2.123 -2.062 -1.997 -1.929 
-1.857 -1.781 -1.701 -1.618 -1.532 -1.444 -1.354 -1.265 -1.177 -1.091 
-1.010 -0.931 -0.855 -0.779 -0.700 -0.618 -0.539 -0.476 -0.434 -0.435 
-0.487 -0.574 -0.687 -0.820 -0.961 -1.101 -1.235 -1.362 -1.479 -1.587 
-1.688 -1.781 -1.867 -1.947 -2.021 -2.089 -2.153 -2.212 -2.267 -2.319 
-2.349 
-2.229 -2.241 -2.269 -2.295 -2.320 -2.342 -2.362 -2.381 -2.399 -2.414 
-2.429 -2.441 -2.453 -2.463 -2.471 -2.479 -2.485 -2.489 -2.493 -2.495 
-2.496 -2.496 -2.495 -2.492 -2.489 -2.484 -2.478 -2.471 -2.462 -2.453 
-2.442 -2.430 -2.417 -2.402 -2.386 -2.369 -2.350 -2.330 -2.309 -2.286 
-2.261 -2.234 -2.206 -2.176 -2.143 -2.109 -2.072 -2.032 -1.990 -1.944 
-1.896 -1.843 -1.787 -1.727 -1.662 -1.592 -1.518 -1.438 -1.353 -1.262 
-1.163 -1.055 -0.937 -0.806 -0.667 -0.536 -0.445 -0.425 -0.476 -0.575 
-0.698 -0.829 -0.961 -1.089 -1.210 -1.322 -1.424 -1.516 -1.600 -1.677 
-1.747 -1.811 -1.870 -1.925 -1.975 -2.022 -2.066 -2.106 -2.144 -2.179 
-2.218 
-2.255 -2.287 -2.314 -2.338 -2.362 -2.383 -2.402 -2.420 -2.437 -2.452 
-2.465 -2.477 -2.488 -2.497 -2.506 -2.513 -2.518 -2.523 -2.527 -2.529 
-2.531 -2.531 -2.531 -2.529 -2.527 -2.524 -2.519 -2.514 -2.508 -2.502 
-2.494 -2.485 -2.476 -2.465 -2.454 -2.441 -2.428 -2.413 -2.397 -2.380 
-2.362 -2.342 -2.320 -2.297 -2.273 -2.246 -2.218 -2.187 -2.154 -2.118 
-2.080 -2.038 -1.993 -1.943 -1.890 -1.831 -1.766 -1.695 -1.616 -1.527 
-1.427 -1.314 -1.186 -1.043 -0.896 -0.765 -0.667 -0.597 -0.569 -0.609 
-0.719 -0.868 -1.023 -1.167 -1.295 -1.408 -1.509 -1.599 -1.679 -1.752 
-1.819 -1.879 -1.935 -1.987 -2.034 -2.078 -2.120 -2.158 -2.194 -2.227 
-2.246 
-2.242 -2.264 -2.298 -2.331 -2.362 -2.393 -2.422 -2.449 -2.475 -2.500 
-2.524 -2.546 -2.567 -2.586 -2.604 -2.620 -2.635 -2.648 -2.660 -2.670 
-2.679 -2.687 -2.693 -2.697 -2.700 -2.702 -2.702 -2.701 -2.698 -2.693 
-2.687 -2.680 -2.671 -2.660 -2.648 -2.634 -2.618 -2.601 -2.581 -2.560 
-2.536 -2.511 -2.483 -2.452 -2.420 -2.384 -2.346 -2.304 -2.259 -2.211 
-2.158 -2.102 -2.040 -1.973 -1.900 -1.820 -1.732 -1.634 -1.525 -1.404 
-1.267 -1.113 -0.943 -0.770 -0.624 -0.551 -0.572 -0.654 -0.747 -0.841 
-0.946 -1.058 -1.170 -1.277 -1.375 -1.463 -1.543 -1.615 -1.681 -1.741 
-1.797 -1.850 -1.899 -1.946 -1.991 -2.034 -2.076 -2.116 -2.155 -2.193 
-2.230 
-2.289 -2.327 -2.362 -2.396 -2.428 -2.458 -2.487 -2.514 -2.539 -2.563 
-2.585 -2.606 -2.625 -2.643 -2.660 -2.675 -2.689 -2.701 -2.712 -2.722 
-2.730 -2.737 -2.743 -2.747 -2.750 -2.751 -2.751 -2.750 -2.747 -2.743 
-2.737 -2.730 -2.722 -2.711 -2.700 -2.687 -2.672 -2.656 -2.638 -2.619 
-2.597 -2.575 -2.550 -2.524 -2.495 -2.465 -2.433 -2.399 -2.362 -2.324 
-2.282 -2.238 -2.192 -2.142 -2.088 -2.030 -1.968 -1.900 -1.825 -1.741 
-1.647 -1.540 -1.419 -1.284 -1.151 -1.058 -1.020 -0.992 -0.944 -0.893 
-0.873 -0.902 -0.977 -1.079 -1.192 -1.304 -1.410 -1.508 -1.599 -1.682 
-1.759 -1.829 -1.895 -1.956 -2.013 -2.066 -2.116 -2.163 -2.208 -2.250 
-2.277 
-2.332 -2.350 -2.389 -2.425 -2.459 -2.490 -2.520 -2.546 -2.571 -2.594 
-2.615 -2.633 -2.650 -2.665 -2.678 -2.689 -2.699 -2.707 -2.713 -2.717 
-2.719 -2.720 -2.719 -2.717 -2.713 -2.707 -2.699 -2.690 -2.679 -2.667 
-2.653 -2.637 -2.619 -2.600 -2.579 -2.556 -2.531 -2.505 -2.477 -2.447 
-2.416 -2.383 -2.348 -2.312 -2.275 -2.236 -2.197 -2.158 -2.118 -2.079 
-2.040 -2.002 -1.964 -1.925 -1.886 -1.846 -1.803 -1.759 -1.712 -1.662 
-1.609 -1.553 -1.493 -1.428 -1.359 -1.286 -1.209 -1.132 -1.058 -0.996 
-0.957 -0.951 -0.976 -1.032 -1.113 -1.210 -1.312 -1.414 -1.513 -1.605 
-1.693 -1.775 -1.851 -1.922 -1.989 -2.052 -2.110 -2.165 -2.216 -2.263 
-2.315 
-2.584 -2.651 -2.690 -2.726 -2.759 -2.789 -2.817 -2.842 -2.865 -2.886 
-2.905 -2.922 -2.936 -2.948 -2.959 -2.967 -2.974 -2.978 -2.981 -2.981 
-2.979 -2.975 -2.970 -2.962 -2.951 -2.939 -2.925 -2.908 -2.889 -2.867 
-2.843 -2.816 -2.787 -2.756 -2.721 -2.684 -2.644 -2.601 -2.556 -2.508 
-2.457 -2.404 -2.350 -2.294 -2.238 -2.183 -2.130 -2.081 -2.036 -1.997 
-1.965 -1.939 -1.919 -1.903 -1.891 -1.879 -1.867 -1.852 -1.833 -1.810 
-1.779 -1.741 -1.695 -1.639 -1.575 -1.507 -1.440 -1.382 -1.327 -1.267 
-1.201 -1.139 -1.101 -1.112 -1.182 -1.298 -1.434 -1.572 -1.702 -1.821 
-1.929 -2.027 -2.117 -2.198 -2.272 -2.341 -2.403 -2.461 -2.514 -2.564 
-2.573 
-2.596 -2.615 -2.644 -2.672 -2.699 -2.724 -2.748 -2.771 -2.793 -2.814 
-2.834 -2.853 -2.870 -2.887 -2.903 -2.917 -2.930 -2.942 -2.953 -2.963 
-2.971 -2.978 -2.984 -2.988 -2.991 -2.992 -2.991 -2.989 -2.985 -2.980 
-2.972 -2.963 -2.952 -2.938 -2.923 -2.905 -2.884 -2.861 -2.836 -2.808 
-2.777 -2.743 -2.707 -2.669 -2.628 -2.586 -2.542 -2.498 -2.455 -2.412 
-2.369 -2.327 -2.285 -2.240 -2.192 -2.139 -2.080 -2.015 -1.942 -1.862 
-1.774 -1.679 -1.577 -1.471 -1.366 -1.275 -1.216 -1.204 -1.239 -1.302 
-1.371 -1.430 -1.479 -1.536 -1.616 -1.712 -1.811 -1.903 -1.986 -2.062 
-2.130 -2.193 -2.250 -2.303 -2.351 -2.397 -2.439 -2.479 -2.516 -2.551 
-2.586 
-2.623 -2.656 -2.699 -2.739 -2.776 -2.812 -2.844 -2.875 -2.904 -2.930 
-2.954 -2.977 -2.997 -3.016 -3.032 -3.047 -3.060 -3.071 -3.080 -3.088 
-3.093 -3.097 -3.099 -3.099 -3.097 -3.094 -3.089 -3.082 -3.073 -3.062 
-3.050 -3.035 -3.019 -3.001 -2.982 -2.960 -2.937 -2.911 -2.884 -2.855 
-2.824 -2.791 -2.756 -2.719 -2.679 -2.637 -2.591 -2.543 -2.492 -2.437 
-2.378 -2.316 -2.249 -2.179 -2.104 -2.026 -1.944 -1.859 -1.772 -1.685 
-1.600 -1.520 -1.447 -1.384 -1.332 -1.294 -1.272 -1.268 -1.277 -1.288 
-1.287 -1.272 -1.291 -1.381 -1.493 -1.596 -1.688 -1.773 -1.853 -1.931 
-2.006 -2.079 -2.149 -2.217 -2.282 -2.344 -2.403 -2.459 -2.513 -2.563 
-2.605 
-2.642 -2.697 -2.736 -2.772 -2.804 -2.835 -2.862 -2.887 -2.909 -2.930 
-2.947 -2.963 -2.976 -2.987 -2.997 -3.004 -3.009 -3.012 -3.013 -3.012 
-3.010 -3.006 -3.000 -2.992 -2.983 -2.972 -2.959 -2.946 -2.930 -2.914 
-2.896 -2.877 -2.857 -2.835 -2.814 -2.791 -2.768 -2.744 -2.720 -2.696 
-2.672 -2.647 -2.623 -2.598 -2.574 -2.549 -2.523 -2.498 -2.471 -2.443 
-2.413 -2.382 -2.348 -2.312 -2.272 -2.229 -2.182 -2.130 -2.075 -2.016 
-1.953 -1.889 -1.824 -1.758 -1.692 -1.622 -1.545 -1.454 -1.341 -1.201 
-1.043 -0.915 -0.890 -0.996 -1.175 -1.362 -1.528 -1.671 -1.796 -1.906 
-2.005 -2.096 -2.179 -2.255 -2.326 -2.391 -2.452 -2.509 -2.561 -2.610 
-2.631 
-2.508 -2.529 -2.574 -2.617 -2.657 -2.695 -2.730 -2.763 -2.794 -2.822 
-2.849 -2.873 -2.896 -2.916 -2.934 -2.951 -2.965 -2.978 -2.989 -2.998 
-3.005 -3.011 -3.014 -3.016 -3.016 -3.015 -3.012 -3.007 -3.000 -2.992 
-2.982 -2.970 -2.957 -2.942 -2.926 -2.908 -2.889 -2.868 -2.846 -2.822 
-2.797 -2.771 -2.743 -2.714 -2.683 -2.651 -2.617 -2.582 -2.545 -2.507 
-2.467 -2.425 -2.381 -2.336 -2.289 -2.240 -2.189 -2.136 -2.082 -2.025 
-1.965 -1.904 -1.840 -1.774 -1.705 -1.635 -1.563 -1.491 -1.418 -1.345 
-1.271 -1.206 -1.189 -1.238 -1.312 -1.390 -1.473 -1.560 -1.649 -1.737 
-1.822 -1.904 -1.982 -2.057 -2.128 -2.195 -2.259 -2.319 -2.376 -2.430 
-2.489 
-2.595 -2.650 -2.700 -2.746 -2.790 -2.830 -2.868 -2.903 -2.935 -2.965 
-2.993 -3.018 -3.041 -3.061 -3.080 -3.096 -3.111 -3.123 -3.134 -3.142 
-3.148 -3.153 -3.155 -3.156 -3.155 -3.152 -3.147 -3.140 -3.131 -3.120 
-3.108 -3.094 -3.077 -3.059 -3.039 -3.017 -2.993 -2.967 -2.940 -2.910 
-2.878 -2.845 -2.810 -2.773 -2.735 -2.695 -2.653 -2.610 -2.566 -2.521 
-2.475 -2.429 -2.382 -2.335 -2.287 -2.240 -2.193 -2.146 -2.098 -2.051 
-2.002 -1.952 -1.901 -1.849 -1.794 -1.738 -1.681 -1.622 -1.564 -1.505 
-1.449 -1.397 -1.354 -1.327 -1.327 -1.359 -1.422 -1.510 -1.612 -1.718 
-1.824 -1.925 -2.020 -2.110 -2.194 -2.273 -2.347 -2.416 -2.480 -2.541 
-2.578 
-2.640 -2.674 -2.726 -2.774 -2.820 -2.863 -2.903 -2.941 -2.977 -3.010 
-3.041 -3.070 -3.097 -3.121 -3.144 -3.164 -3.182 -3.198 -3.212 -3.225 
-3.235 -3.243 -3.250 -3.254 -3.257 -3.257 -3.256 -3.253 -3.247 -3.240 
-3.231 -3.220 -3.207 -3.192 -3.175 -3.156 -3.134 -3.111 -3.085 -3.057 
-3.026 -2.993 -2.957 -2.919 -2.878 -2.834 -2.786 -2.736 -2.681 -2.623 
-2.560 -2.492 -2.421 -2.348 -2.275 -2.208 -2.151 -2.105 -2.064 -2.022 
-1.975 -1.922 -1.863 -1.802 -1.740 -1.680 -1.625 -1.578 -1.540 -1.514 
-1.500 -1.496 -1.502 -1.517 -1.543 -1.582 -1.633 -1.694 -1.762 -1.837 
-1.917 -1.998 -2.079 -2.158 -2.234 -2.306 -2.375 -2.441 -2.504 -2.564 
-2.621 
-2.760 -2.826 -2.883 -2.937 -2.986 -3.032 -3.075 -3.114 -3.150 -3.183 
-3.213 -3.241 -3.266 -3.288 -3.308 -3.325 -3.340 -3.353 -3.363 -3.371 
-3.377 -3.380 -3.382 -3.381 -3.378 -3.373 -3.366 -3.356 -3.344 -3.330 
-3.313 -3.295 -3.273 -3.249 -3.223 -3.194 -3.162 -3.128 -3.090 -3.049 
-3.005 -2.957 -2.906 -2.850 -2.790 -2.725 -2.655 -2.578 -2.496 -2.407 
-2.311 -2.210 -2.106 -2.004 -1.912 -1.840 -1.797 -1.784 -1.797 -1.825 
-1.857 -1.886 -1.906 -1.915 -1.914 -1.903 -1.884 -1.858 -1.828 -1.795 
-1.760 -1.726 -1.698 -1.679 -1.670 -1.667 -1.668 -1.680 -1.713 -1.772 
-1.856 -1.956 -2.063 -2.170 -2.273 -2.371 -2.461 -2.546 -2.624 -2.696 
-2.739 
-2.729 -2.769 -2.817 -2.861 -2.902 -2.940 -2.974 -3.006 -3.035 -3.061 
-3.085 -3.106 -3.125 -3.141 -3.156 -3.168 -3.178 -3.186 -3.192 -3.196 
-3.197 -3.197 -3.195 -3.191 -3.185 -3.177 -3.167 -3.156 -3.142 -3.126 
-3.109 -3.089 -3.068 -3.045 -3.020 -2.993 -2.964 -2.933 -2.901 -2.866 
-2.830 -2.792 -2.752 -2.710 -2.666 -2.621 -2.573 -2.523 -2.472 -2.418 
-2.362 -2.304 -2.245 -2.187 -2.131 -2.084 -2.048 -2.024 -2.009 -1.996 
-1.983 -1.964 -1.939 -1.907 -1.868 -1.821 -1.766 -1.704 -1.635 -1.561 
-1.488 -1.425 -1.385 -1.380 -1.412 -1.476 -1.558 -1.646 -1.737 -1.832 
-1.929 -2.028 -2.126 -2.219 -2.307 -2.389 -2.465 -2.535 -2.601 -2.661 
-2.712 
-2.709 -2.754 -2.811 -2.863 -2.912 -2.957 -2.999 -3.037 -3.072 -3.104 
-3.133 -3.159 -3.183 -3.204 -3.223 -3.239 -3.253 -3.264 -3.273 -3.280 
-3.285 -3.287 -3.288 -3.285 -3.281 -3.275 -3.266 -3.255 -3.242 -3.226 
-3.209 -3.189 -3.166 -3.141 -3.113 -3.083 -3.050 -3.015 -2.976 -2.935 
-2.890 -2.843 -2.792 -2.737 -2.679 -2.618 -2.553 -2.485 -2.414 -2.341 
-2.267 -2.195 -2.127 -2.067 -2.016 -1.979 -1.955 -1.943 -1.941 -1.943 
-1.948 -1.951 -1.951 -1.946 -1.935 -1.918 -1.895 -1.865 -1.831 -1.792 
-1.752 -1.713 -1.682 -1.664 -1.660 -1.665 -1.676 -1.695 -1.728 -1.779 
-1.850 -1.935 -2.028 -2.125 -2.220 -2.311 -2.398 -2.479 -2.556 -2.627 
-2.686 
-2.763 -2.810 -2.861 -2.909 -2.954 -2.995 -3.034 -3.070 -3.103 -3.134 
-3.163 -3.189 -3.212 -3.233 -3.253 -3.269 -3.284 -3.297 -3.308 -3.316 
-3.323 -3.327 -3.330 -3.331 -3.329 -3.326 -3.321 -3.314 -3.304 -3.293 
-3.280 -3.265 -3.247 -3.228 -3.206 -3.182 -3.156 -3.128 -3.098 -3.065 
-3.029 -2.991 -2.951 -2.908 -2.862 -2.814 -2.763 -2.709 -2.652 -2.594 
-2.533 -2.471 -2.410 -2.349 -2.292 -2.238 -2.187 -2.139 -2.092 -2.045 
-1.998 -1.949 -1.900 -1.851 -1.802 -1.753 -1.705 -1.660 -1.619 -1.583 
-1.557 -1.542 -1.541 -1.554 -1.580 -1.619 -1.670 -1.734 -1.811 -1.896 
-1.986 -2.078 -2.170 -2.258 -2.342 -2.422 -2.497 -2.568 -2.635 -2.697 
-2.745 
-2.807 -2.862 -2.921 -2.975 -3.026 -3.072 -3.116 -3.156 -3.193 -3.227 
-3.258 -3.287 -3.313 -3.336 -3.357 -3.376 -3.392 -3.406 -3.418 -3.427 
-3.435 -3.440 -3.444 -3.445 -3.444 -3.441 -3.436 -3.429 -3.420 -3.409 
-3.395 -3.380 -3.363 -3.343 -3.321 -3.297 -3.271 -3.243 -3.212 -3.179 
-3.144 -3.107 -3.067 -3.025 -2.980 -2.933 -2.885 -2.834 -2.781 -2.726 
-2.670 -2.613 -2.555 -2.497 -2.439 -2.381 -2.324 -2.269 -2.216 -2.165 
-2.119 -2.078 -2.041 -2.008 -1.977 -1.946 -1.912 -1.876 -1.836 -1.794 
-1.748 -1.700 -1.650 -1.603 -1.564 -1.544 -1.552 -1.596 -1.669 -1.762 
-1.866 -1.976 -2.087 -2.196 -2.301 -2.400 -2.492 -2.577 -2.657 -2.730 
-2.786 
-2.811 -2.873 -2.948 -3.018 -3.082 -3.141 -3.196 -3.247 -3.294 -3.337 
-3.377 -3.414 -3.447 -3.478 -3.506 -3.531 -3.553 -3.573 -3.590 -3.605 
-3.617 -3.628 -3.635 -3.641 -3.644 -3.645 -3.644 -3.640 -3.635 -3.627 
-3.616 -3.604 -3.589 -3.572 -3.552 -3.530 -3.505 -3.478 -3.448 -3.416 
-3.380 -3.342 -3.301 -3.256 -3.208 -3.157 -3.103 -3.044 -2.982 -2.915 
-2.844 -2.769 -2.689 -2.604 -2.515 -2.422 -2.327 -2.233 -2.144 -2.067 
-2.008 -1.969 -1.949 -1.946 -1.954 -1.969 -1.984 -1.995 -2.001 -1.999 
-1.988 -1.967 -1.938 -1.900 -1.858 -1.817 -1.783 -1.758 -1.744 -1.745 
-1.772 -1.831 -1.923 -2.036 -2.159 -2.281 -2.398 -2.508 -2.610 -2.705 
-2.781 
-2.813 -2.892 -2.975 -3.051 -3.121 -3.186 -3.247 -3.302 -3.353 -3.401 
-3.444 -3.485 -3.521 -3.555 -3.585 -3.613 -3.638 -3.660 -3.679 -3.696 
-3.710 -3.722 -3.732 -3.739 -3.743 -3.746 -3.746 -3.743 -3.738 -3.731 
-3.722 -3.710 -3.695 -3.678 -3.659 -3.637 -3.612 -3.584 -3.553 -3.520 
-3.483 -3.442 -3.399 -3.351 -3.300 -3.244 -3.184 -3.119 -3.048 -2.972 
-2.890 -2.801 -2.706 -2.603 -2.495 -2.382 -2.268 -2.159 -2.066 -1.997 
-1.958 -1.946 -1.952 -1.971 -1.999 -2.033 -2.071 -2.106 -2.134 -2.153 
-2.162 -2.160 -2.147 -2.123 -2.087 -2.039 -1.979 -1.911 -1.839 -1.776 
-1.742 -1.758 -1.830 -1.946 -2.083 -2.223 -2.357 -2.482 -2.598 -2.704 
-2.782 
-2.713 -2.790 -2.871 -2.947 -3.018 -3.084 -3.146 -3.204 -3.258 -3.308 
-3.354 -3.397 -3.437 -3.474 -3.507 -3.538 -3.566 -3.592 -3.614 -3.635 
-3.652 -3.668 -3.681 -3.691 -3.700 -3.706 -3.709 -3.711 -3.710 -3.707 
-3.702 -3.694 -3.684 -3.672 -3.657 -3.640 -3.620 -3.598 -3.573 -3.545 
-3.515 -3.481 -3.445 -3.405 -3.362 -3.315 -3.265 -3.210 -3.151 -3.087 
-3.019 -2.945 -2.865 -2.779 -2.686 -2.587 -2.482 -2.373 -2.263 -2.155 
-2.052 -1.958 -1.878 -1.822 -1.800 -1.811 -1.845 -1.890 -1.936 -1.979 
-2.013 -2.038 -2.054 -2.061 -2.058 -2.047 -2.029 -2.004 -1.975 -1.948 
-1.932 -1.939 -1.976 -2.040 -2.124 -2.218 -2.318 -2.419 -2.518 -2.613 
-2.687 
-2.604 -2.667 -2.754 -2.836 -2.911 -2.981 -3.046 -3.106 -3.162 -3.213 
-3.261 -3.305 -3.345 -3.383 -3.417 -3.448 -3.476 -3.502 -3.525 -3.545 
-3.563 -3.578 -3.591 -3.601 -3.610 -3.616 -3.619 -3.621 -3.620 -3.617 
-3.611 -3.604 -3.594 -3.582 -3.567 -3.551 -3.531 -3.510 -3.486 -3.459 
-3.430 -3.398 -3.363 -3.326 -3.285 -3.242 -3.196 -3.146 -3.094 -3.038 
-2.978 -2.916 -2.850 -2.781 -2.708 -2.633 -2.556 -2.477 -2.397 -2.319 
-2.243 -2.175 -2.117 -2.075 -2.053 -2.048 -2.056 -2.069 -2.082 -2.092 
-2.097 -2.096 -2.087 -2.070 -2.045 -2.012 -1.970 -1.922 -1.870 -1.822 
-1.784 -1.769 -1.785 -1.835 -1.916 -2.019 -2.133 -2.249 -2.363 -2.471 
-2.566 
-2.650 -2.725 -2.804 -2.877 -2.944 -3.006 -3.064 -3.117 -3.166 -3.211 
-3.253 -3.291 -3.326 -3.358 -3.388 -3.414 -3.437 -3.458 -3.477 -3.493 
-3.506 -3.517 -3.526 -3.533 -3.537 -3.539 -3.539 -3.537 -3.532 -3.526 
-3.517 -3.506 -3.493 -3.477 -3.459 -3.439 -3.417 -3.392 -3.365 -3.336 
-3.304 -3.270 -3.234 -3.195 -3.153 -3.109 -3.063 -3.015 -2.965 -2.913 
-2.859 -2.804 -2.748 -2.693 -2.637 -2.582 -2.530 -2.479 -2.433 -2.391 
-2.355 -2.325 -2.302 -2.285 -2.273 -2.264 -2.256 -2.246 -2.234 -2.218 
-2.196 -2.168 -2.132 -2.089 -2.038 -1.980 -1.915 -1.848 -1.784 -1.737 
-1.717 -1.735 -1.792 -1.882 -1.991 -2.109 -2.227 -2.340 -2.447 -2.547 
-2.622 
-2.695 -2.763 -2.847 -2.924 -2.994 -3.060 -3.120 -3.176 -3.228 -3.275 
-3.319 -3.359 -3.396 -3.430 -3.461 -3.488 -3.513 -3.536 -3.555 -3.572 
-3.587 -3.599 -3.609 -3.617 -3.622 -3.625 -3.625 -3.623 -3.619 -3.613 
-3.604 -3.594 -3.580 -3.565 -3.547 -3.526 -3.503 -3.477 -3.449 -3.418 
-3.384 -3.348 -3.308 -3.265 -3.219 -3.170 -3.118 -3.061 -3.001 -2.938 
-2.870 -2.799 -2.725 -2.647 -2.568 -2.487 -2.409 -2.335 -2.269 -2.215 
-2.175 -2.150 -2.137 -2.136 -2.141 -2.150 -2.160 -2.168 -2.172 -2.170 
-2.161 -2.145 -2.120 -2.085 -2.041 -1.987 -1.922 -1.849 -1.769 -1.691 
-1.631 -1.627 -1.702 -1.821 -1.956 -2.092 -2.225 -2.350 -2.466 -2.574 
-2.661 
-2.782 -2.864 -2.952 -3.032 -3.105 -3.172 -3.234 -3.291 -3.343 -3.391 
-3.435 -3.475 -3.512 -3.546 -3.576 -3.603 -3.628 -3.649 -3.668 -3.685 
-3.698 -3.710 -3.719 -3.725 -3.729 -3.731 -3.730 -3.727 -3.721 -3.713 
-3.703 -3.690 -3.675 -3.657 -3.636 -3.613 -3.588 -3.559 -3.527 -3.493 
-3.455 -3.414 -3.369 -3.321 -3.269 -3.212 -3.152 -3.087 -3.017 -2.942 
-2.862 -2.776 -2.687 -2.593 -2.496 -2.400 -2.308 -2.225 -2.157 -2.111 
-2.088 -2.089 -2.108 -2.136 -2.168 -2.199 -2.224 -2.242 -2.253 -2.255 
-2.247 -2.229 -2.199 -2.156 -2.099 -2.026 -1.932 -1.816 -1.675 -1.522 
-1.399 -1.376 -1.487 -1.681 -1.891 -2.085 -2.256 -2.407 -2.540 -2.660 
-2.748 
-2.772 -2.878 -2.973 -3.060 -3.138 -3.210 -3.276 -3.336 -3.391 -3.442 
-3.489 -3.531 -3.570 -3.606 -3.638 -3.667 -3.693 -3.717 -3.737 -3.755 
-3.770 -3.783 -3.793 -3.801 -3.806 -3.809 -3.810 -3.808 -3.803 -3.796 
-3.787 -3.776 -3.761 -3.745 -3.725 -3.703 -3.679 -3.651 -3.621 -3.587 
-3.550 -3.510 -3.466 -3.419 -3.368 -3.312 -3.252 -3.187 -3.117 -3.041 
-2.960 -2.871 -2.777 -2.675 -2.567 -2.453 -2.337 -2.223 -2.121 -2.041 
-1.996 -1.989 -2.014 -2.059 -2.112 -2.163 -2.208 -2.243 -2.269 -2.284 
-2.288 -2.280 -2.260 -2.228 -2.181 -2.119 -2.040 -1.943 -1.829 -1.708 
-1.607 -1.581 -1.656 -1.789 -1.933 -2.078 -2.230 -2.383 -2.526 -2.656 
-2.743 
-2.639 -2.716 -2.832 -2.936 -3.030 -3.116 -3.193 -3.264 -3.328 -3.387 
-3.441 -3.491 -3.536 -3.577 -3.614 -3.648 -3.679 -3.706 -3.731 -3.752 
-3.771 -3.787 -3.800 -3.811 -3.819 -3.825 -3.828 -3.829 -3.827 -3.823 
-3.816 -3.807 -3.796 -3.781 -3.765 -3.745 -3.723 -3.698 -3.670 -3.639 
-3.606 -3.568 -3.528 -3.484 -3.437 -3.385 -3.330 -3.270 -3.206 -3.137 
-3.064 -2.986 -2.903 -2.816 -2.726 -2.634 -2.544 -2.462 -2.395 -2.350 
-2.330 -2.334 -2.358 -2.393 -2.431 -2.468 -2.500 -2.527 -2.547 -2.560 
-2.564 -2.561 -2.548 -2.526 -2.494 -2.450 -2.392 -2.321 -2.234 -2.133 
-2.025 -1.921 -1.829 -1.773 -1.781 -1.842 -1.960 -2.117 -2.283 -2.442 
-2.582 
-2.784 -2.896 -3.001 -3.096 -3.181 -3.258 -3.328 -3.392 -3.450 -3.503 
-3.551 -3.595 -3.636 -3.672 -3.705 -3.735 -3.761 -3.784 -3.805 -3.823 
-3.838 -3.850 -3.860 -3.867 -3.872 -3.875 -3.874 -3.872 -3.867 -3.860 
-3.850 -3.838 -3.823 -3.805 -3.786 -3.763 -3.738 -3.710 -3.679 -3.646 
-3.609 -3.569 -3.526 -3.479 -3.428 -3.374 -3.314 -3.250 -3.181 -3.105 
-3.023 -2.934 -2.837 -2.732 -2.623 -2.512 -2.408 -2.325 -2.274 -2.263 
-2.287 -2.333 -2.390 -2.447 -2.499 -2.543 -2.579 -2.604 -2.620 -2.627 
-2.623 -2.609 -2.584 -2.546 -2.495 -2.428 -2.342 -2.232 -2.094 -1.935 
-1.798 -1.697 -1.600 -1.584 -1.707 -1.907 -2.119 -2.315 -2.490 -2.643 
-2.747 
-2.847 -2.934 -3.019 -3.095 -3.164 -3.227 -3.285 -3.337 -3.384 -3.428 
-3.467 -3.503 -3.536 -3.565 -3.591 -3.615 -3.635 -3.653 -3.669 -3.682 
-3.692 -3.700 -3.706 -3.709 -3.711 -3.710 -3.707 -3.702 -3.694 -3.685 
-3.673 -3.660 -3.644 -3.627 -3.607 -3.585 -3.562 -3.536 -3.509 -3.479 
-3.448 -3.416 -3.382 -3.346 -3.309 -3.271 -3.231 -3.191 -3.150 -3.108 
-3.064 -3.019 -2.972 -2.922 -2.868 -2.811 -2.752 -2.699 -2.659 -2.638 
-2.634 -2.641 -2.652 -2.662 -2.668 -2.669 -2.663 -2.650 -2.629 -2.600 
-2.562 -2.513 -2.453 -2.379 -2.289 -2.180 -2.045 -1.882 -1.697 -1.530 
-1.454 -1.517 -1.646 -1.780 -1.949 -2.138 -2.317 -2.475 -2.613 -2.733 
-2.819 
-2.759 -2.849 -2.955 -3.051 -3.137 -3.216 -3.288 -3.353 -3.413 -3.468 
-3.518 -3.564 -3.605 -3.644 -3.678 -3.709 -3.737 -3.763 -3.785 -3.804 
-3.821 -3.835 -3.847 -3.856 -3.862 -3.867 -3.868 -3.868 -3.865 -3.860 
-3.852 -3.842 -3.830 -3.815 -3.798 -3.778 -3.757 -3.732 -3.705 -3.675 
-3.643 -3.608 -3.571 -3.530 -3.487 -3.440 -3.391 -3.338 -3.282 -3.222 
-3.158 -3.091 -3.020 -2.946 -2.868 -2.790 -2.712 -2.639 -2.574 -2.523 
-2.489 -2.474 -2.475 -2.489 -2.510 -2.534 -2.556 -2.575 -2.588 -2.593 
-2.591 -2.580 -2.559 -2.527 -2.482 -2.423 -2.345 -2.246 -2.121 -1.979 
-1.872 -1.830 -1.789 -1.762 -1.806 -1.932 -2.104 -2.282 -2.448 -2.597 
-2.713 
-2.754 -2.828 -2.931 -3.025 -3.110 -3.189 -3.260 -3.326 -3.386 -3.441 
-3.491 -3.537 -3.580 -3.618 -3.654 -3.685 -3.714 -3.740 -3.763 -3.783 
-3.800 -3.815 -3.827 -3.837 -3.844 -3.849 -3.851 -3.851 -3.848 -3.844 
-3.836 -3.827 -3.815 -3.800 -3.783 -3.764 -3.741 -3.717 -3.689 -3.659 
-3.626 -3.590 -3.552 -3.510 -3.465 -3.417 -3.365 -3.311 -3.253 -3.192 
-3.129 -3.063 -2.995 -2.927 -2.859 -2.793 -2.731 -2.676 -2.630 -2.595 
-2.574 -2.565 -2.566 -2.576 -2.589 -2.603 -2.616 -2.626 -2.631 -2.631 
-2.624 -2.610 -2.587 -2.555 -2.513 -2.459 -2.391 -2.308 -2.212 -2.118 
-2.049 -2.003 -1.958 -1.929 -1.954 -2.041 -2.169 -2.312 -2.455 -2.590 
-2.709 
-2.936 -3.059 -3.149 -3.230 -3.305 -3.374 -3.437 -3.495 -3.548 -3.596 
-3.641 -3.682 -3.719 -3.753 -3.784 -3.812 -3.836 -3.858 -3.878 -3.894 
-3.908 -3.920 -3.929 -3.936 -3.940 -3.942 -3.941 -3.939 -3.933 -3.926 
-3.916 -3.903 -3.888 -3.871 -3.851 -3.829 -3.803 -3.776 -3.745 -3.711 
-3.674 -3.635 -3.591 -3.545 -3.495 -3.441 -3.383 -3.322 -3.256 -3.186 
-3.112 -3.034 -2.953 -2.870 -2.785 -2.702 -2.624 -2.554 -2.496 -2.455 
-2.430 -2.422 -2.426 -2.438 -2.454 -2.470 -2.484 -2.492 -2.493 -2.486 
-2.471 -2.444 -2.406 -2.355 -2.288 -2.204 -2.100 -1.979 -1.855 -1.763 
-1.749 -1.827 -1.957 -2.090 -2.214 -2.341 -2.475 -2.608 -2.735 -2.853 
-2.914 
-2.771 -2.854 -2.954 -3.046 -3.130 -3.208 -3.279 -3.344 -3.404 -3.459 
-3.509 -3.555 -3.597 -3.636 -3.671 -3.703 -3.731 -3.757 -3.779 -3.799 
-3.816 -3.831 -3.842 -3.852 -3.858 -3.863 -3.864 -3.864 -3.860 -3.855 
-3.846 -3.836 -3.823 -3.807 -3.788 -3.767 -3.744 -3.717 -3.687 -3.655 
-3.619 -3.580 -3.538 -3.492 -3.442 -3.388 -3.331 -3.269 -3.203 -3.133 
-3.058 -2.980 -2.898 -2.815 -2.732 -2.651 -2.576 -2.512 -2.462 -2.430 
-2.419 -2.428 -2.452 -2.484 -2.519 -2.552 -2.580 -2.603 -2.619 -2.628 
-2.629 -2.622 -2.606 -2.579 -2.542 -2.493 -2.430 -2.352 -2.261 -2.175 
-2.123 -2.109 -2.102 -2.102 -2.127 -2.187 -2.279 -2.391 -2.511 -2.631 
-2.732 
-2.646 -2.731 -2.840 -2.941 -3.034 -3.121 -3.200 -3.273 -3.341 -3.402 
-3.459 -3.511 -3.559 -3.603 -3.643 -3.679 -3.713 -3.742 -3.769 -3.793 
-3.814 -3.832 -3.847 -3.860 -3.870 -3.878 -3.883 -3.886 -3.886 -3.883 
-3.878 -3.871 -3.861 -3.848 -3.833 -3.815 -3.795 -3.771 -3.745 -3.715 
-3.683 -3.647 -3.608 -3.565 -3.518 -3.467 -3.412 -3.352 -3.288 -3.218 
-3.142 -3.061 -2.973 -2.879 -2.780 -2.676 -2.571 -2.469 -2.379 -2.313 
-2.281 -2.285 -2.318 -2.369 -2.428 -2.485 -2.537 -2.583 -2.620 -2.649 
-2.670 -2.682 -2.686 -2.683 -2.670 -2.649 -2.620 -2.580 -2.532 -2.473 
-2.406 -2.333 -2.260 -2.199 -2.164 -2.168 -2.211 -2.287 -2.387 -2.500 
-2.605 
-2.658 -2.748 -2.860 -2.962 -3.055 -3.140 -3.219 -3.291 -3.357 -3.417 
-3.473 -3.524 -3.571 -3.614 -3.654 -3.689 -3.722 -3.752 -3.778 -3.802 
-3.823 -3.841 -3.856 -3.869 -3.880 -3.888 -3.893 -3.896 -3.897 -3.895 
-3.891 -3.885 -3.876 -3.865 -3.851 -3.835 -3.816 -3.795 -3.771 -3.744 
-3.714 -3.682 -3.647 -3.608 -3.567 -3.522 -3.473 -3.421 -3.365 -3.306 
-3.242 -3.175 -3.104 -3.029 -2.951 -2.870 -2.788 -2.709 -2.635 -2.576 
-2.537 -2.520 -2.521 -2.534 -2.552 -2.573 -2.594 -2.612 -2.628 -2.638 
-2.644 -2.643 -2.636 -2.622 -2.599 -2.568 -2.527 -2.476 -2.415 -2.341 
-2.257 -2.167 -2.079 -2.011 -1.987 -2.019 -2.105 -2.225 -2.361 -2.497 
-2.595 
