IRGRID 64 91
1e+308

0.025 0.03 0.035 0.04 0.045 0.05 0.055 0.06 0.065 0.07
0.075 0.08 0.085 0.09 0.095 0.1 0.11 0.12 0.13 0.14
0.15 0.16 0.17 0.18 0.19 0.2 0.21 0.22 0.23 0.24
0.25 0.26 0.27 0.28 0.29 0.3 0.31 0.32 0.33 0.34
0.35 0.36 0.37 0.38 0.39 0.4 0.41 0.42 0.43 0.44
0.45 0.46 0.47 0.48 0.49 0.5 0.51 0.52 0.53 0.54
0.55 0.56 0.57 0.58
0 4 8 12 16 20 24 28 32 36
40 44 48 52 56 60 64 68 72 76
80 84 88 92 96 100 104 108 112 116
120 124 128 132 136 140 144 148 152 156
160 164 168 172 176 180 184 188 192 196
200 204 208 212 216 220 224 228 232 236
240 244 248 252 256 260 264 268 272 276
280 284 288 292 296 300 304 308 312 316
320 324 328 332 336 340 344 348 352 356
360
-4.000 -4.000 -4.000 -4.000 -4.000 -4.000 -4.000 -4.000 -4.000 -4.000 
-4.000 -4.000 -4.000 -4.000 -4.000 -4.000 -4.000 -4.000 -4.000 -4.000 
-4.000 -4.000 -4.000 -4.000 -4.000 -4.000 -4.000 -4.000 -4.000 -4.000 
-4.000 -4.000 -4.000 -4.000 -4.000 -4.000 -4.000 -4.000 -4.000 -4.000 
-4.000 -4.000 -4.000 -4.000 -4.000 -4.000 -4.000 -4.000 -4.000 -4.000 
-4.000 -4.000 -4.000 -4.000 -4.000 -4.000 -4.000 -4.000 -3.933 -3.803 
-3.649 -3.461 -3.228 -2.979 -2.911 -2.973 -3.076 -3.238 -3.422 -3.594 
-3.745 -3.875 -3.987 -4.000 -4.000 -4.000 -4.000 -4.000 -4.000 -4.000 
-4.000 -4.000 -4.000 -4.000 -4.000 -4.000 -4.000 -4.000 -4.000 -4.000 
-4.000 
-3.696 -3.797 -3.788 -3.783 -3.782 -3.787 -3.796 -3.810 -3.828 -3.849 
-3.871 -3.894 -3.916 -3.936 -3.952 -3.963 -3.968 -3.966 -3.955 -3.936 
-3.907 -3.871 -3.829 -3.786 -3.748 -3.722 -3.713 -3.723 -3.750 -3.788 
-3.832 -3.876 -3.917 -3.953 -3.983 -4.000 -4.000 -4.000 -4.000 -4.000 
-4.000 -4.000 -4.000 -3.976 -3.946 -3.910 -3.868 -3.819 -3.762 -3.697 
-3.622 -3.538 -3.442 -3.333 -3.211 -3.077 -2.938 -2.815 -2.740 -2.736 
-2.772 -2.775 -2.673 -2.536 -2.565 -2.772 -3.007 -3.197 -3.344 -3.458 
-3.549 -3.623 -3.683 -3.734 -3.775 -3.809 -3.837 -3.858 -3.875 -3.886 
-3.894 -3.897 -3.896 -3.892 -3.885 -3.876 -3.864 -3.851 -3.836 -3.822 
-3.696 
-3.026 -2.999 -2.992 -2.988 -2.989 -2.995 -3.006 -3.021 -3.041 -3.064 
-3.090 -3.117 -3.145 -3.173 -3.199 -3.224 -3.248 -3.268 -3.286 -3.302 
-3.315 -3.324 -3.331 -3.336 -3.338 -3.339 -3.340 -3.340 -3.340 -3.340 
-3.338 -3.334 -3.329 -3.323 -3.315 -3.305 -3.293 -3.280 -3.265 -3.247 
-3.228 -3.205 -3.180 -3.151 -3.119 -3.083 -3.041 -2.995 -2.941 -2.881 
-2.812 -2.732 -2.642 -2.538 -2.421 -2.292 -2.162 -2.053 -1.993 -2.003 
-2.074 -2.174 -2.272 -2.346 -2.426 -2.521 -2.596 -2.658 -2.713 -2.762 
-2.807 -2.848 -2.886 -2.921 -2.952 -2.980 -3.004 -3.024 -3.041 -3.054 
-3.063 -3.069 -3.071 -3.070 -3.067 -3.060 -3.052 -3.042 -3.030 -3.019 
-3.032 
-2.947 -2.954 -2.958 -2.960 -2.962 -2.963 -2.964 -2.963 -2.962 -2.960 
-2.957 -2.953 -2.948 -2.942 -2.935 -2.929 -2.922 -2.915 -2.908 -2.901 
-2.895 -2.888 -2.882 -2.875 -2.869 -2.862 -2.855 -2.848 -2.840 -2.833 
-2.825 -2.817 -2.809 -2.801 -2.793 -2.784 -2.776 -2.767 -2.758 -2.748 
-2.737 -2.726 -2.713 -2.700 -2.684 -2.668 -2.649 -2.628 -2.605 -2.579 
-2.550 -2.518 -2.482 -2.441 -2.395 -2.343 -2.286 -2.229 -2.186 -2.167 
-2.168 -2.177 -2.190 -2.204 -2.221 -2.242 -2.265 -2.294 -2.326 -2.362 
-2.400 -2.441 -2.483 -2.524 -2.566 -2.606 -2.645 -2.681 -2.716 -2.749 
-2.779 -2.807 -2.832 -2.855 -2.875 -2.893 -2.908 -2.921 -2.932 -2.941 
-2.943 
-2.760 -2.788 -2.783 -2.776 -2.768 -2.758 -2.746 -2.733 -2.719 -2.705 
-2.689 -2.674 -2.660 -2.646 -2.633 -2.623 -2.614 -2.608 -2.605 -2.605 
-2.606 -2.610 -2.616 -2.622 -2.630 -2.637 -2.644 -2.651 -2.656 -2.660 
-2.663 -2.664 -2.663 -2.660 -2.655 -2.649 -2.640 -2.629 -2.616 -2.601 
-2.583 -2.564 -2.542 -2.518 -2.492 -2.464 -2.433 -2.401 -2.367 -2.330 
-2.293 -2.253 -2.213 -2.170 -2.127 -2.083 -2.039 -1.998 -1.964 -1.941 
-1.934 -1.945 -1.974 -2.017 -2.068 -2.124 -2.180 -2.235 -2.288 -2.339 
-2.387 -2.432 -2.474 -2.513 -2.549 -2.582 -2.613 -2.641 -2.666 -2.689 
-2.710 -2.728 -2.743 -2.757 -2.768 -2.777 -2.784 -2.789 -2.792 -2.792 
-2.763 
-2.412 -2.414 -2.425 -2.434 -2.443 -2.449 -2.455 -2.459 -2.463 -2.465 
-2.466 -2.466 -2.466 -2.464 -2.463 -2.460 -2.457 -2.454 -2.450 -2.446 
-2.441 -2.436 -2.430 -2.423 -2.416 -2.408 -2.398 -2.388 -2.377 -2.364 
-2.350 -2.335 -2.319 -2.301 -2.282 -2.262 -2.240 -2.217 -2.192 -2.165 
-2.137 -2.108 -2.077 -2.044 -2.011 -1.975 -1.939 -1.901 -1.862 -1.822 
-1.779 -1.733 -1.681 -1.619 -1.541 -1.452 -1.381 -1.380 -1.443 -1.522 
-1.592 -1.653 -1.706 -1.754 -1.800 -1.843 -1.883 -1.921 -1.957 -1.991 
-2.022 -2.051 -2.078 -2.103 -2.127 -2.149 -2.169 -2.188 -2.206 -2.224 
-2.241 -2.258 -2.275 -2.292 -2.310 -2.327 -2.343 -2.359 -2.375 -2.389 
-2.410 
-2.299 -2.322 -2.353 -2.381 -2.407 -2.430 -2.448 -2.463 -2.474 -2.480 
-2.481 -2.476 -2.466 -2.451 -2.429 -2.402 -2.370 -2.335 -2.300 -2.270 
-2.248 -2.239 -2.245 -2.264 -2.293 -2.326 -2.361 -2.394 -2.423 -2.446 
-2.464 -2.476 -2.483 -2.484 -2.480 -2.472 -2.459 -2.441 -2.420 -2.393 
-2.363 -2.327 -2.287 -2.242 -2.191 -2.134 -2.070 -1.999 -1.918 -1.826 
-1.720 -1.598 -1.457 -1.296 -1.120 -0.954 -0.847 -0.842 -0.930 -1.060 
-1.186 -1.279 -1.320 -1.270 -1.031 -0.348 -0.476 -1.125 -1.425 -1.590 
-1.694 -1.765 -1.815 -1.853 -1.883 -1.906 -1.925 -1.942 -1.958 -1.975 
-1.992 -2.012 -2.034 -2.059 -2.087 -2.118 -2.151 -2.185 -2.220 -2.255 
-2.284 
-1.952 -2.027 -2.040 -2.049 -2.055 -2.056 -2.054 -2.047 -2.035 -2.017 
-1.995 -1.967 -1.933 -1.893 -1.849 -1.800 -1.748 -1.697 -1.648 -1.607 
-1.579 -1.568 -1.575 -1.600 -1.638 -1.685 -1.736 -1.787 -1.837 -1.883 
-1.924 -1.960 -1.990 -2.014 -2.033 -2.047 -2.055 -2.059 -2.057 -2.050 
-2.038 -2.021 -1.999 -1.973 -1.941 -1.903 -1.860 -1.811 -1.755 -1.692 
-1.620 -1.540 -1.448 -1.344 -1.227 -1.098 -0.973 -0.865 -0.764 -0.665 
-0.595 -0.572 -0.565 -0.479 -0.073 0.340 0.261 -0.199 -0.676 -0.923 
-1.086 -1.207 -1.303 -1.382 -1.450 -1.509 -1.562 -1.609 -1.653 -1.693 
-1.731 -1.767 -1.801 -1.833 -1.864 -1.894 -1.921 -1.947 -1.971 -1.992 
-1.953 
-1.535 -1.522 -1.550 -1.577 -1.603 -1.627 -1.649 -1.669 -1.688 -1.705 
-1.719 -1.731 -1.741 -1.748 -1.752 -1.753 -1.751 -1.747 -1.740 -1.733 
-1.727 -1.723 -1.722 -1.725 -1.728 -1.731 -1.733 -1.732 -1.728 -1.722 
-1.713 -1.702 -1.688 -1.672 -1.654 -1.635 -1.612 -1.588 -1.562 -1.532 
-1.501 -1.466 -1.428 -1.386 -1.341 -1.292 -1.239 -1.181 -1.117 -1.048 
-0.972 -0.889 -0.798 -0.697 -0.587 -0.466 -0.335 -0.197 -0.062 0.051 
0.118 0.121 0.067 -0.021 -0.104 -0.006 -0.122 -0.385 -0.504 -0.592 
-0.667 -0.733 -0.793 -0.847 -0.898 -0.945 -0.989 -1.032 -1.073 -1.112 
-1.150 -1.188 -1.224 -1.261 -1.296 -1.331 -1.365 -1.398 -1.430 -1.462 
-1.521 
-1.738 -1.776 -1.788 -1.797 -1.804 -1.810 -1.812 -1.813 -1.812 -1.809 
-1.804 -1.797 -1.788 -1.778 -1.767 -1.755 -1.742 -1.728 -1.714 -1.700 
-1.685 -1.670 -1.655 -1.640 -1.624 -1.609 -1.593 -1.577 -1.560 -1.544 
-1.528 -1.512 -1.496 -1.480 -1.465 -1.449 -1.433 -1.417 -1.401 -1.384 
-1.365 -1.346 -1.324 -1.301 -1.275 -1.246 -1.213 -1.177 -1.136 -1.091 
-1.040 -0.982 -0.918 -0.845 -0.763 -0.671 -0.569 -0.456 -0.338 -0.221 
-0.114 0.023 0.257 -0.052 -0.268 -0.422 -0.554 -0.673 -0.780 -0.876 
-0.963 -1.041 -1.112 -1.177 -1.236 -1.291 -1.341 -1.387 -1.431 -1.471 
-1.509 -1.544 -1.576 -1.607 -1.635 -1.662 -1.686 -1.708 -1.728 -1.746 
-1.735 
-1.634 -1.679 -1.681 -1.683 -1.686 -1.687 -1.688 -1.687 -1.684 -1.678 
-1.671 -1.661 -1.651 -1.639 -1.626 -1.615 -1.604 -1.595 -1.588 -1.584 
-1.583 -1.585 -1.589 -1.596 -1.605 -1.614 -1.625 -1.636 -1.646 -1.656 
-1.664 -1.671 -1.677 -1.681 -1.683 -1.683 -1.681 -1.677 -1.671 -1.662 
-1.651 -1.637 -1.620 -1.599 -1.576 -1.548 -1.516 -1.479 -1.438 -1.390 
-1.336 -1.274 -1.203 -1.121 -1.026 -0.914 -0.780 -0.614 -0.398 -0.105 
0.216 0.504 0.746 0.445 -0.024 -0.367 -0.599 -0.773 -0.914 -1.030 
-1.129 -1.215 -1.288 -1.353 -1.409 -1.457 -1.500 -1.536 -1.567 -1.594 
-1.616 -1.633 -1.647 -1.658 -1.665 -1.670 -1.674 -1.675 -1.676 -1.677 
-1.635 
-1.218 -1.215 -1.229 -1.249 -1.273 -1.301 -1.332 -1.365 -1.399 -1.435 
-1.470 -1.504 -1.536 -1.567 -1.596 -1.624 -1.649 -1.672 -1.694 -1.714 
-1.733 -1.750 -1.767 -1.782 -1.796 -1.809 -1.820 -1.830 -1.837 -1.843 
-1.846 -1.848 -1.846 -1.842 -1.836 -1.827 -1.815 -1.800 -1.782 -1.761 
-1.736 -1.709 -1.677 -1.642 -1.602 -1.558 -1.508 -1.453 -1.392 -1.325 
-1.249 -1.163 -1.066 -0.956 -0.827 -0.676 -0.491 -0.257 0.049 0.384 
0.583 0.506 0.504 0.337 0.040 -0.232 -0.433 -0.585 -0.705 -0.803 
-0.883 -0.950 -1.006 -1.053 -1.092 -1.124 -1.150 -1.170 -1.186 -1.197 
-1.205 -1.209 -1.210 -1.209 -1.207 -1.203 -1.200 -1.197 -1.197 -1.199 
-1.216 
-1.174 -1.170 -1.188 -1.209 -1.232 -1.257 -1.283 -1.311 -1.339 -1.368 
-1.397 -1.426 -1.455 -1.482 -1.508 -1.533 -1.557 -1.579 -1.599 -1.618 
-1.635 -1.650 -1.662 -1.673 -1.682 -1.689 -1.695 -1.698 -1.699 -1.698 
-1.696 -1.691 -1.685 -1.676 -1.666 -1.654 -1.639 -1.623 -1.604 -1.583 
-1.560 -1.534 -1.505 -1.474 -1.439 -1.401 -1.359 -1.313 -1.262 -1.206 
-1.144 -1.075 -0.999 -0.913 -0.816 -0.705 -0.576 -0.421 -0.227 0.026 
0.291 0.483 0.742 0.853 0.659 0.350 0.081 -0.126 -0.287 -0.418 
-0.526 -0.616 -0.692 -0.758 -0.813 -0.861 -0.903 -0.938 -0.968 -0.994 
-1.017 -1.036 -1.052 -1.067 -1.079 -1.091 -1.102 -1.114 -1.126 -1.139 
-1.167 
-1.523 -1.564 -1.579 -1.594 -1.607 -1.620 -1.632 -1.643 -1.653 -1.662 
-1.669 -1.674 -1.678 -1.680 -1.681 -1.680 -1.677 -1.672 -1.667 -1.659 
-1.651 -1.641 -1.630 -1.617 -1.605 -1.591 -1.577 -1.562 -1.547 -1.531 
-1.515 -1.500 -1.484 -1.467 -1.451 -1.434 -1.416 -1.398 -1.380 -1.360 
-1.339 -1.316 -1.292 -1.266 -1.238 -1.208 -1.174 -1.138 -1.098 -1.053 
-1.004 -0.950 -0.888 -0.820 -0.742 -0.653 -0.550 -0.429 -0.286 -0.110 
0.113 0.410 0.882 0.769 0.579 0.314 0.051 -0.169 -0.349 -0.499 
-0.627 -0.737 -0.833 -0.918 -0.993 -1.060 -1.120 -1.175 -1.223 -1.267 
-1.307 -1.342 -1.374 -1.403 -1.430 -1.454 -1.475 -1.496 -1.514 -1.532 
-1.518 
-1.892 -1.909 -1.917 -1.922 -1.926 -1.927 -1.926 -1.923 -1.918 -1.912 
-1.903 -1.892 -1.880 -1.866 -1.850 -1.832 -1.813 -1.793 -1.772 -1.749 
-1.726 -1.701 -1.677 -1.652 -1.627 -1.603 -1.579 -1.556 -1.535 -1.514 
-1.495 -1.478 -1.461 -1.446 -1.431 -1.417 -1.403 -1.388 -1.371 -1.354 
-1.335 -1.314 -1.290 -1.265 -1.237 -1.208 -1.178 -1.145 -1.111 -1.073 
-1.031 -0.985 -0.931 -0.869 -0.796 -0.709 -0.605 -0.476 -0.313 -0.095 
0.236 0.846 1.275 0.982 0.433 0.018 -0.267 -0.486 -0.663 -0.812 
-0.939 -1.050 -1.147 -1.234 -1.312 -1.383 -1.447 -1.504 -1.557 -1.605 
-1.648 -1.687 -1.723 -1.755 -1.784 -1.810 -1.833 -1.853 -1.871 -1.886 
-1.890 
-1.993 -2.048 -2.064 -2.077 -2.089 -2.098 -2.106 -2.111 -2.115 -2.116 
-2.116 -2.113 -2.109 -2.103 -2.095 -2.085 -2.073 -2.060 -2.044 -2.027 
-2.008 -1.988 -1.965 -1.941 -1.916 -1.889 -1.860 -1.830 -1.799 -1.765 
-1.730 -1.693 -1.654 -1.613 -1.569 -1.522 -1.473 -1.421 -1.366 -1.310 
-1.252 -1.194 -1.136 -1.080 -1.027 -0.977 -0.931 -0.888 -0.849 -0.811 
-0.773 -0.734 -0.690 -0.640 -0.581 -0.509 -0.420 -0.308 -0.164 0.028 
0.299 0.695 1.119 0.931 0.542 0.117 -0.194 -0.429 -0.619 -0.779 
-0.915 -1.035 -1.142 -1.237 -1.323 -1.402 -1.473 -1.538 -1.598 -1.654 
-1.704 -1.751 -1.794 -1.834 -1.870 -1.903 -1.934 -1.962 -1.987 -2.010 
-1.989 
-1.757 -1.743 -1.761 -1.777 -1.791 -1.804 -1.816 -1.826 -1.835 -1.842 
-1.848 -1.852 -1.856 -1.858 -1.859 -1.859 -1.857 -1.854 -1.850 -1.845 
-1.839 -1.831 -1.822 -1.812 -1.800 -1.787 -1.773 -1.757 -1.740 -1.721 
-1.701 -1.679 -1.654 -1.628 -1.600 -1.569 -1.536 -1.500 -1.462 -1.420 
-1.376 -1.329 -1.278 -1.224 -1.167 -1.107 -1.043 -0.975 -0.904 -0.832 
-0.761 -0.693 -0.629 -0.566 -0.499 -0.422 -0.326 -0.204 -0.043 0.179 
0.501 0.881 1.107 0.904 0.532 0.241 -0.006 -0.221 -0.401 -0.552 
-0.682 -0.795 -0.894 -0.983 -1.062 -1.134 -1.200 -1.259 -1.315 -1.365 
-1.412 -1.455 -1.495 -1.532 -1.566 -1.598 -1.627 -1.655 -1.680 -1.703 
-1.749 
-1.935 -1.982 -2.007 -2.030 -2.050 -2.068 -2.084 -2.097 -2.109 -2.119 
-2.127 -2.133 -2.137 -2.139 -2.139 -2.137 -2.134 -2.128 -2.121 -2.112 
-2.100 -2.087 -2.072 -2.054 -2.035 -2.013 -1.989 -1.962 -1.933 -1.901 
-1.866 -1.829 -1.788 -1.744 -1.696 -1.645 -1.589 -1.530 -1.465 -1.396 
-1.321 -1.241 -1.155 -1.063 -0.965 -0.862 -0.754 -0.644 -0.536 -0.432 
-0.339 -0.259 -0.196 -0.144 -0.099 -0.056 -0.010 0.037 0.091 0.160 
0.269 0.460 0.672 0.613 0.602 0.514 0.325 0.097 -0.121 -0.315 
-0.487 -0.639 -0.776 -0.899 -1.011 -1.113 -1.207 -1.292 -1.371 -1.443 
-1.510 -1.572 -1.629 -1.682 -1.731 -1.776 -1.818 -1.856 -1.892 -1.925 
-1.927 
-1.991 -2.012 -2.044 -2.074 -2.101 -2.126 -2.148 -2.168 -2.185 -2.200 
-2.213 -2.223 -2.232 -2.238 -2.242 -2.244 -2.243 -2.241 -2.236 -2.229 
-2.220 -2.209 -2.195 -2.179 -2.161 -2.141 -2.118 -2.092 -2.064 -2.033 
-1.999 -1.963 -1.923 -1.880 -1.834 -1.784 -1.731 -1.673 -1.611 -1.545 
-1.474 -1.397 -1.315 -1.227 -1.133 -1.033 -0.928 -0.818 -0.708 -0.599 
-0.492 -0.386 -0.278 -0.165 -0.048 0.065 0.160 0.228 0.267 0.284 
0.290 0.296 0.310 0.335 0.350 0.327 0.312 0.291 0.088 -0.128 
-0.307 -0.466 -0.610 -0.743 -0.865 -0.978 -1.083 -1.181 -1.271 -1.356 
-1.434 -1.507 -1.575 -1.639 -1.698 -1.753 -1.805 -1.853 -1.897 -1.938 
-1.977 
-2.010 -2.050 -2.080 -2.108 -2.133 -2.156 -2.176 -2.193 -2.208 -2.221 
-2.231 -2.239 -2.245 -2.248 -2.250 -2.249 -2.245 -2.240 -2.232 -2.222 
-2.209 -2.195 -2.177 -2.158 -2.136 -2.111 -2.083 -2.053 -2.020 -1.984 
-1.945 -1.902 -1.857 -1.807 -1.754 -1.696 -1.634 -1.567 -1.496 -1.418 
-1.336 -1.246 -1.151 -1.049 -0.942 -0.829 -0.715 -0.603 -0.501 -0.415 
-0.351 -0.308 -0.279 -0.254 -0.228 -0.197 -0.165 -0.136 -0.113 -0.093 
-0.068 -0.029 0.030 0.119 0.250 0.440 0.647 0.719 0.517 0.193 
-0.106 -0.346 -0.544 -0.713 -0.860 -0.990 -1.107 -1.213 -1.309 -1.397 
-1.478 -1.553 -1.622 -1.686 -1.745 -1.799 -1.850 -1.897 -1.940 -1.980 
-2.000 
-1.926 -1.948 -1.981 -2.011 -2.039 -2.063 -2.086 -2.105 -2.123 -2.138 
-2.150 -2.161 -2.169 -2.175 -2.179 -2.180 -2.180 -2.177 -2.172 -2.165 
-2.156 -2.144 -2.130 -2.114 -2.095 -2.074 -2.051 -2.025 -1.996 -1.965 
-1.931 -1.894 -1.854 -1.811 -1.764 -1.714 -1.660 -1.602 -1.540 -1.474 
-1.403 -1.326 -1.244 -1.157 -1.064 -0.965 -0.860 -0.752 -0.642 -0.532 
-0.427 -0.326 -0.234 -0.152 -0.085 -0.035 0.000 0.024 0.044 0.066 
0.096 0.139 0.198 0.272 0.355 0.431 0.486 0.472 0.295 0.086 
-0.108 -0.287 -0.451 -0.601 -0.738 -0.863 -0.978 -1.083 -1.181 -1.270 
-1.353 -1.429 -1.500 -1.566 -1.628 -1.684 -1.737 -1.786 -1.832 -1.874 
-1.913 
-1.928 -1.957 -1.994 -2.027 -2.058 -2.087 -2.112 -2.135 -2.156 -2.174 
-2.190 -2.203 -2.215 -2.224 -2.231 -2.235 -2.238 -2.238 -2.236 -2.232 
-2.226 -2.218 -2.207 -2.195 -2.180 -2.162 -2.143 -2.121 -2.097 -2.070 
-2.041 -2.009 -1.975 -1.938 -1.897 -1.855 -1.808 -1.759 -1.707 -1.650 
-1.591 -1.527 -1.459 -1.386 -1.309 -1.226 -1.138 -1.043 -0.943 -0.837 
-0.726 -0.611 -0.497 -0.387 -0.288 -0.204 -0.140 -0.098 -0.074 -0.061 
-0.053 -0.040 -0.018 0.017 0.065 0.122 0.179 0.198 0.120 0.004 
-0.117 -0.246 -0.383 -0.521 -0.655 -0.783 -0.903 -1.015 -1.119 -1.216 
-1.305 -1.388 -1.466 -1.538 -1.604 -1.666 -1.724 -1.778 -1.828 -1.874 
-1.914 
-2.008 -2.036 -2.065 -2.092 -2.115 -2.136 -2.155 -2.171 -2.185 -2.197 
-2.206 -2.214 -2.219 -2.222 -2.223 -2.221 -2.218 -2.213 -2.206 -2.196 
-2.185 -2.171 -2.156 -2.138 -2.119 -2.097 -2.074 -2.048 -2.020 -1.991 
-1.959 -1.926 -1.891 -1.854 -1.815 -1.775 -1.733 -1.690 -1.646 -1.601 
-1.555 -1.508 -1.461 -1.414 -1.366 -1.318 -1.269 -1.220 -1.169 -1.117 
-1.062 -1.003 -0.940 -0.873 -0.805 -0.738 -0.679 -0.628 -0.584 -0.539 
-0.486 -0.419 -0.328 -0.206 -0.042 0.172 0.391 0.457 0.317 0.072 
-0.179 -0.394 -0.577 -0.737 -0.879 -1.007 -1.121 -1.225 -1.320 -1.406 
-1.485 -1.558 -1.625 -1.687 -1.744 -1.797 -1.845 -1.890 -1.932 -1.970 
-1.997 
-2.083 -2.105 -2.128 -2.148 -2.166 -2.181 -2.194 -2.204 -2.212 -2.219 
-2.222 -2.224 -2.224 -2.221 -2.217 -2.210 -2.201 -2.190 -2.178 -2.163 
-2.146 -2.127 -2.107 -2.084 -2.059 -2.033 -2.005 -1.975 -1.943 -1.909 
-1.875 -1.838 -1.801 -1.763 -1.724 -1.684 -1.645 -1.605 -1.565 -1.526 
-1.488 -1.450 -1.414 -1.378 -1.343 -1.310 -1.278 -1.247 -1.218 -1.191 
-1.163 -1.136 -1.107 -1.076 -1.041 -1.002 -0.956 -0.901 -0.837 -0.759 
-0.666 -0.552 -0.411 -0.232 -0.004 0.265 0.466 0.431 0.172 -0.149 
-0.417 -0.634 -0.813 -0.965 -1.097 -1.213 -1.316 -1.409 -1.493 -1.569 
-1.638 -1.702 -1.760 -1.813 -1.862 -1.907 -1.948 -1.986 -2.020 -2.051 
-2.075 
-2.135 -2.162 -2.187 -2.210 -2.230 -2.248 -2.263 -2.276 -2.286 -2.294 
-2.300 -2.304 -2.306 -2.305 -2.302 -2.297 -2.290 -2.281 -2.270 -2.256 
-2.240 -2.222 -2.202 -2.179 -2.155 -2.127 -2.098 -2.066 -2.031 -1.994 
-1.955 -1.913 -1.869 -1.822 -1.772 -1.720 -1.665 -1.609 -1.549 -1.488 
-1.426 -1.362 -1.298 -1.235 -1.173 -1.115 -1.060 -1.010 -0.965 -0.925 
-0.889 -0.857 -0.827 -0.796 -0.765 -0.731 -0.692 -0.647 -0.593 -0.526 
-0.444 -0.342 -0.216 -0.065 0.096 0.219 0.260 0.132 -0.114 -0.346 
-0.548 -0.723 -0.877 -1.014 -1.136 -1.247 -1.347 -1.439 -1.522 -1.599 
-1.670 -1.735 -1.795 -1.851 -1.902 -1.949 -1.993 -2.033 -2.070 -2.103 
-2.126 
-2.037 -2.090 -2.125 -2.158 -2.188 -2.215 -2.240 -2.263 -2.282 -2.300 
-2.315 -2.327 -2.338 -2.346 -2.351 -2.355 -2.356 -2.355 -2.352 -2.347 
-2.339 -2.329 -2.317 -2.303 -2.286 -2.267 -2.246 -2.222 -2.196 -2.167 
-2.135 -2.101 -2.064 -2.024 -1.981 -1.935 -1.887 -1.835 -1.780 -1.722 
-1.661 -1.597 -1.531 -1.462 -1.391 -1.320 -1.247 -1.174 -1.101 -1.029 
-0.960 -0.892 -0.829 -0.770 -0.716 -0.666 -0.620 -0.574 -0.528 -0.478 
-0.423 -0.363 -0.297 -0.225 -0.148 -0.086 -0.085 -0.149 -0.247 -0.365 
-0.494 -0.625 -0.751 -0.869 -0.977 -1.077 -1.170 -1.257 -1.339 -1.417 
-1.491 -1.562 -1.630 -1.694 -1.755 -1.812 -1.866 -1.917 -1.965 -2.010 
-2.027 
-1.828 -1.847 -1.893 -1.936 -1.977 -2.015 -2.050 -2.083 -2.113 -2.141 
-2.166 -2.188 -2.209 -2.227 -2.243 -2.256 -2.267 -2.276 -2.283 -2.288 
-2.290 -2.291 -2.289 -2.285 -2.279 -2.271 -2.261 -2.249 -2.235 -2.219 
-2.201 -2.180 -2.158 -2.133 -2.107 -2.078 -2.048 -2.015 -1.980 -1.942 
-1.903 -1.860 -1.815 -1.768 -1.717 -1.663 -1.606 -1.546 -1.482 -1.415 
-1.346 -1.274 -1.200 -1.124 -1.046 -0.965 -0.880 -0.791 -0.699 -0.607 
-0.521 -0.448 -0.393 -0.360 -0.345 -0.343 -0.352 -0.372 -0.409 -0.466 
-0.536 -0.608 -0.677 -0.741 -0.803 -0.863 -0.923 -0.985 -1.049 -1.114 
-1.181 -1.248 -1.316 -1.383 -1.449 -1.513 -1.575 -1.634 -1.692 -1.746 
-1.807 
-1.914 -1.945 -1.974 -2.002 -2.026 -2.048 -2.067 -2.084 -2.099 -2.111 
-2.121 -2.129 -2.135 -2.139 -2.140 -2.140 -2.138 -2.134 -2.128 -2.120 
-2.110 -2.099 -2.086 -2.071 -2.054 -2.036 -2.017 -1.996 -1.973 -1.949 
-1.924 -1.898 -1.872 -1.844 -1.816 -1.787 -1.758 -1.729 -1.700 -1.671 
-1.643 -1.615 -1.587 -1.560 -1.533 -1.506 -1.479 -1.451 -1.423 -1.393 
-1.362 -1.329 -1.293 -1.254 -1.210 -1.162 -1.108 -1.048 -0.982 -0.911 
-0.836 -0.759 -0.682 -0.604 -0.523 -0.437 -0.354 -0.291 -0.274 -0.316 
-0.408 -0.528 -0.656 -0.778 -0.891 -0.994 -1.088 -1.175 -1.256 -1.332 
-1.404 -1.471 -1.534 -1.593 -1.649 -1.701 -1.750 -1.795 -1.837 -1.876 
-1.904 
-2.076 -2.101 -2.123 -2.142 -2.159 -2.173 -2.185 -2.195 -2.202 -2.207 
-2.210 -2.210 -2.209 -2.205 -2.199 -2.191 -2.181 -2.169 -2.154 -2.138 
-2.120 -2.100 -2.078 -2.054 -2.028 -2.001 -1.973 -1.943 -1.913 -1.882 
-1.851 -1.821 -1.791 -1.763 -1.736 -1.710 -1.686 -1.664 -1.643 -1.624 
-1.605 -1.588 -1.572 -1.557 -1.543 -1.529 -1.515 -1.501 -1.486 -1.470 
-1.453 -1.433 -1.411 -1.385 -1.356 -1.323 -1.285 -1.242 -1.192 -1.136 
-1.072 -0.999 -0.917 -0.827 -0.729 -0.630 -0.540 -0.478 -0.464 -0.514 
-0.615 -0.740 -0.871 -0.997 -1.115 -1.223 -1.322 -1.412 -1.495 -1.570 
-1.639 -1.702 -1.760 -1.813 -1.861 -1.906 -1.947 -1.984 -2.018 -2.049 
-2.067 
-2.202 -2.217 -2.234 -2.248 -2.260 -2.269 -2.275 -2.278 -2.279 -2.277 
-2.273 -2.266 -2.256 -2.244 -2.230 -2.212 -2.193 -2.170 -2.146 -2.118 
-2.089 -2.057 -2.023 -1.987 -1.949 -1.910 -1.871 -1.831 -1.792 -1.755 
-1.721 -1.690 -1.663 -1.642 -1.626 -1.615 -1.608 -1.604 -1.602 -1.600 
-1.596 -1.591 -1.583 -1.574 -1.565 -1.559 -1.556 -1.557 -1.560 -1.563 
-1.565 -1.563 -1.557 -1.546 -1.529 -1.506 -1.477 -1.440 -1.395 -1.342 
-1.279 -1.204 -1.118 -1.018 -0.903 -0.775 -0.644 -0.532 -0.477 -0.510 
-0.624 -0.780 -0.941 -1.091 -1.226 -1.346 -1.453 -1.549 -1.635 -1.712 
-1.782 -1.845 -1.902 -1.954 -2.000 -2.043 -2.081 -2.115 -2.145 -2.172 
-2.195 
-2.335 -2.377 -2.404 -2.428 -2.450 -2.468 -2.483 -2.496 -2.506 -2.514 
-2.519 -2.521 -2.520 -2.517 -2.512 -2.504 -2.493 -2.480 -2.464 -2.446 
-2.425 -2.401 -2.374 -2.345 -2.314 -2.280 -2.244 -2.206 -2.166 -2.125 
-2.082 -2.038 -1.994 -1.947 -1.899 -1.848 -1.793 -1.734 -1.671 -1.604 
-1.534 -1.463 -1.395 -1.335 -1.286 -1.252 -1.234 -1.230 -1.238 -1.251 
-1.268 -1.283 -1.295 -1.303 -1.306 -1.304 -1.295 -1.281 -1.259 -1.230 
-1.191 -1.142 -1.080 -1.004 -0.910 -0.800 -0.675 -0.552 -0.469 -0.470 
-0.562 -0.712 -0.878 -1.036 -1.181 -1.312 -1.432 -1.541 -1.641 -1.732 
-1.816 -1.892 -1.962 -2.026 -2.085 -2.139 -2.189 -2.234 -2.275 -2.312 
-2.326 
-2.279 -2.306 -2.343 -2.376 -2.407 -2.435 -2.460 -2.483 -2.503 -2.520 
-2.536 -2.548 -2.559 -2.567 -2.573 -2.577 -2.578 -2.577 -2.574 -2.569 
-2.562 -2.552 -2.540 -2.526 -2.509 -2.490 -2.469 -2.446 -2.419 -2.391 
-2.359 -2.326 -2.289 -2.249 -2.207 -2.162 -2.113 -2.062 -2.007 -1.950 
-1.891 -1.830 -1.770 -1.711 -1.657 -1.608 -1.564 -1.523 -1.485 -1.447 
-1.409 -1.371 -1.334 -1.299 -1.267 -1.238 -1.212 -1.189 -1.166 -1.143 
-1.118 -1.088 -1.054 -1.013 -0.965 -0.911 -0.851 -0.793 -0.749 -0.741 
-0.775 -0.832 -0.901 -0.981 -1.071 -1.170 -1.271 -1.371 -1.469 -1.562 
-1.651 -1.733 -1.811 -1.883 -1.951 -2.013 -2.072 -2.126 -2.176 -2.223 
-2.263 
-2.257 -2.279 -2.308 -2.334 -2.357 -2.378 -2.397 -2.413 -2.426 -2.438 
-2.447 -2.454 -2.458 -2.461 -2.461 -2.460 -2.456 -2.450 -2.443 -2.433 
-2.421 -2.407 -2.391 -2.373 -2.354 -2.332 -2.308 -2.282 -2.255 -2.225 
-2.194 -2.161 -2.126 -2.090 -2.052 -2.014 -1.974 -1.933 -1.892 -1.851 
-1.809 -1.768 -1.727 -1.687 -1.647 -1.608 -1.570 -1.532 -1.495 -1.458 
-1.423 -1.389 -1.357 -1.328 -1.300 -1.273 -1.245 -1.215 -1.181 -1.143 
-1.098 -1.047 -0.988 -0.922 -0.851 -0.781 -0.721 -0.685 -0.685 -0.722 
-0.791 -0.878 -0.976 -1.078 -1.183 -1.286 -1.386 -1.481 -1.570 -1.653 
-1.730 -1.802 -1.868 -1.930 -1.987 -2.040 -2.088 -2.133 -2.174 -2.212 
-2.246 
-2.357 -2.383 -2.419 -2.452 -2.482 -2.509 -2.533 -2.555 -2.575 -2.592 
-2.606 -2.618 -2.628 -2.636 -2.641 -2.644 -2.645 -2.643 -2.640 -2.634 
-2.626 -2.616 -2.604 -2.589 -2.572 -2.553 -2.531 -2.508 -2.482 -2.453 
-2.422 -2.388 -2.352 -2.314 -2.272 -2.228 -2.182 -2.132 -2.080 -2.024 
-1.966 -1.904 -1.839 -1.770 -1.699 -1.625 -1.550 -1.476 -1.405 -1.341 
-1.287 -1.242 -1.209 -1.185 -1.171 -1.163 -1.159 -1.158 -1.155 -1.149 
-1.139 -1.122 -1.098 -1.067 -1.028 -0.982 -0.934 -0.887 -0.846 -0.811 
-0.791 -0.822 -0.908 -1.012 -1.120 -1.230 -1.339 -1.445 -1.546 -1.641 
-1.731 -1.814 -1.892 -1.964 -2.031 -2.094 -2.151 -2.205 -2.255 -2.301 
-2.342 
-2.523 -2.590 -2.628 -2.662 -2.693 -2.722 -2.748 -2.771 -2.792 -2.810 
-2.825 -2.839 -2.849 -2.858 -2.864 -2.868 -2.870 -2.869 -2.866 -2.860 
-2.853 -2.843 -2.830 -2.815 -2.798 -2.778 -2.756 -2.730 -2.702 -2.671 
-2.637 -2.600 -2.559 -2.515 -2.467 -2.415 -2.359 -2.298 -2.232 -2.162 
-2.086 -2.004 -1.917 -1.824 -1.728 -1.629 -1.532 -1.442 -1.367 -1.312 
-1.281 -1.272 -1.279 -1.296 -1.315 -1.333 -1.346 -1.353 -1.353 -1.344 
-1.326 -1.299 -1.264 -1.219 -1.163 -1.096 -1.015 -0.913 -0.789 -0.655 
-0.566 -0.591 -0.735 -0.934 -1.129 -1.301 -1.452 -1.585 -1.705 -1.812 
-1.910 -1.999 -2.081 -2.157 -2.227 -2.291 -2.351 -2.407 -2.458 -2.506 
-2.513 
-2.416 -2.423 -2.463 -2.499 -2.534 -2.565 -2.595 -2.622 -2.646 -2.669 
-2.689 -2.708 -2.724 -2.738 -2.750 -2.760 -2.768 -2.774 -2.779 -2.781 
-2.781 -2.779 -2.775 -2.770 -2.762 -2.752 -2.740 -2.726 -2.710 -2.691 
-2.671 -2.648 -2.622 -2.594 -2.564 -2.531 -2.494 -2.455 -2.413 -2.367 
-2.317 -2.263 -2.206 -2.143 -2.077 -2.007 -1.935 -1.863 -1.796 -1.738 
-1.691 -1.652 -1.617 -1.582 -1.543 -1.500 -1.453 -1.400 -1.345 -1.286 
-1.225 -1.165 -1.105 -1.047 -0.994 -0.948 -0.910 -0.882 -0.862 -0.846 
-0.842 -0.892 -0.999 -1.119 -1.233 -1.339 -1.438 -1.533 -1.622 -1.706 
-1.787 -1.863 -1.934 -2.002 -2.066 -2.127 -2.184 -2.238 -2.289 -2.336 
-2.398 
-2.595 -2.660 -2.699 -2.735 -2.768 -2.798 -2.826 -2.851 -2.873 -2.893 
-2.910 -2.926 -2.939 -2.949 -2.958 -2.964 -2.968 -2.970 -2.969 -2.967 
-2.962 -2.955 -2.946 -2.935 -2.921 -2.905 -2.887 -2.866 -2.843 -2.817 
-2.789 -2.759 -2.725 -2.689 -2.650 -2.608 -2.562 -2.514 -2.463 -2.408 
-2.350 -2.288 -2.224 -2.157 -2.087 -2.015 -1.943 -1.872 -1.803 -1.738 
-1.681 -1.631 -1.590 -1.558 -1.533 -1.513 -1.496 -1.479 -1.460 -1.437 
-1.410 -1.378 -1.340 -1.296 -1.248 -1.197 -1.143 -1.092 -1.050 -1.029 
-1.040 -1.089 -1.170 -1.270 -1.375 -1.480 -1.583 -1.685 -1.785 -1.882 
-1.973 -2.060 -2.141 -2.217 -2.287 -2.353 -2.414 -2.471 -2.524 -2.573 
-2.585 
-2.539 -2.584 -2.631 -2.675 -2.715 -2.752 -2.786 -2.817 -2.844 -2.869 
-2.891 -2.910 -2.927 -2.941 -2.953 -2.962 -2.969 -2.973 -2.975 -2.975 
-2.972 -2.967 -2.959 -2.949 -2.937 -2.922 -2.905 -2.885 -2.862 -2.837 
-2.809 -2.778 -2.745 -2.708 -2.668 -2.625 -2.579 -2.529 -2.476 -2.419 
-2.358 -2.294 -2.226 -2.155 -2.082 -2.007 -1.932 -1.859 -1.791 -1.730 
-1.680 -1.642 -1.616 -1.602 -1.598 -1.603 -1.613 -1.627 -1.641 -1.654 
-1.663 -1.667 -1.664 -1.655 -1.637 -1.611 -1.577 -1.537 -1.494 -1.455 
-1.427 -1.410 -1.399 -1.391 -1.391 -1.407 -1.446 -1.507 -1.585 -1.673 
-1.767 -1.862 -1.954 -2.044 -2.128 -2.208 -2.282 -2.352 -2.417 -2.477 
-2.521 
-2.389 -2.430 -2.481 -2.529 -2.574 -2.616 -2.654 -2.689 -2.722 -2.752 
-2.779 -2.804 -2.826 -2.846 -2.863 -2.878 -2.891 -2.901 -2.909 -2.914 
-2.918 -2.919 -2.918 -2.914 -2.908 -2.900 -2.890 -2.877 -2.862 -2.844 
-2.824 -2.801 -2.776 -2.747 -2.716 -2.682 -2.645 -2.604 -2.561 -2.513 
-2.462 -2.408 -2.349 -2.286 -2.220 -2.150 -2.076 -2.000 -1.922 -1.844 
-1.767 -1.694 -1.629 -1.573 -1.531 -1.504 -1.493 -1.496 -1.507 -1.525 
-1.546 -1.568 -1.589 -1.607 -1.622 -1.632 -1.638 -1.638 -1.632 -1.621 
-1.604 -1.582 -1.558 -1.534 -1.514 -1.504 -1.507 -1.524 -1.558 -1.606 
-1.666 -1.736 -1.812 -1.890 -1.968 -2.044 -2.118 -2.188 -2.254 -2.316 
-2.368 
-2.296 -2.331 -2.370 -2.408 -2.445 -2.480 -2.514 -2.545 -2.576 -2.604 
-2.630 -2.655 -2.678 -2.698 -2.717 -2.734 -2.749 -2.762 -2.773 -2.782 
-2.789 -2.794 -2.797 -2.798 -2.797 -2.794 -2.789 -2.782 -2.773 -2.762 
-2.749 -2.734 -2.716 -2.696 -2.674 -2.649 -2.622 -2.592 -2.560 -2.525 
-2.488 -2.447 -2.403 -2.356 -2.306 -2.253 -2.196 -2.135 -2.072 -2.005 
-1.936 -1.866 -1.795 -1.727 -1.662 -1.604 -1.553 -1.511 -1.480 -1.460 
-1.452 -1.455 -1.466 -1.485 -1.508 -1.534 -1.561 -1.587 -1.612 -1.635 
-1.656 -1.675 -1.692 -1.708 -1.723 -1.739 -1.756 -1.778 -1.804 -1.836 
-1.872 -1.912 -1.953 -1.995 -2.038 -2.081 -2.124 -2.166 -2.208 -2.250 
-2.283 
-2.245 -2.268 -2.308 -2.348 -2.388 -2.428 -2.466 -2.504 -2.540 -2.575 
-2.607 -2.638 -2.667 -2.694 -2.719 -2.742 -2.763 -2.782 -2.798 -2.812 
-2.825 -2.835 -2.843 -2.849 -2.853 -2.854 -2.854 -2.851 -2.846 -2.839 
-2.829 -2.817 -2.803 -2.787 -2.768 -2.746 -2.722 -2.696 -2.666 -2.634 
-2.599 -2.560 -2.519 -2.474 -2.425 -2.373 -2.317 -2.258 -2.194 -2.126 
-2.055 -1.980 -1.902 -1.824 -1.747 -1.675 -1.611 -1.560 -1.525 -1.507 
-1.506 -1.520 -1.546 -1.579 -1.617 -1.656 -1.695 -1.731 -1.764 -1.793 
-1.818 -1.840 -1.859 -1.874 -1.887 -1.899 -1.909 -1.920 -1.930 -1.943 
-1.956 -1.973 -1.991 -2.012 -2.036 -2.062 -2.090 -2.122 -2.155 -2.191 
-2.233 
-2.352 -2.406 -2.461 -2.514 -2.565 -2.613 -2.659 -2.702 -2.743 -2.781 
-2.816 -2.849 -2.879 -2.907 -2.933 -2.956 -2.977 -2.996 -3.012 -3.026 
-3.038 -3.047 -3.055 -3.060 -3.063 -3.063 -3.062 -3.058 -3.052 -3.044 
-3.033 -3.020 -3.005 -2.987 -2.967 -2.944 -2.919 -2.891 -2.860 -2.826 
-2.788 -2.748 -2.704 -2.657 -2.606 -2.550 -2.491 -2.426 -2.357 -2.283 
-2.204 -2.120 -2.031 -1.940 -1.849 -1.762 -1.682 -1.610 -1.548 -1.496 
-1.458 -1.438 -1.438 -1.455 -1.483 -1.517 -1.553 -1.587 -1.618 -1.643 
-1.663 -1.679 -1.690 -1.698 -1.703 -1.707 -1.713 -1.721 -1.734 -1.754 
-1.783 -1.820 -1.866 -1.919 -1.976 -2.038 -2.101 -2.164 -2.227 -2.288 
-2.332 
-2.416 -2.468 -2.525 -2.579 -2.630 -2.677 -2.722 -2.764 -2.803 -2.839 
-2.872 -2.903 -2.931 -2.957 -2.980 -3.001 -3.020 -3.036 -3.049 -3.061 
-3.070 -3.077 -3.081 -3.083 -3.083 -3.081 -3.076 -3.069 -3.060 -3.048 
-3.033 -3.016 -2.997 -2.975 -2.950 -2.922 -2.891 -2.856 -2.819 -2.778 
-2.733 -2.685 -2.632 -2.575 -2.513 -2.446 -2.373 -2.294 -2.209 -2.118 
-2.021 -1.919 -1.815 -1.713 -1.620 -1.544 -1.492 -1.463 -1.457 -1.470 
-1.501 -1.545 -1.594 -1.643 -1.690 -1.731 -1.767 -1.795 -1.817 -1.831 
-1.839 -1.841 -1.836 -1.827 -1.814 -1.800 -1.785 -1.774 -1.770 -1.776 
-1.794 -1.827 -1.874 -1.931 -1.996 -2.065 -2.137 -2.208 -2.277 -2.344 
-2.394 
-2.442 -2.458 -2.492 -2.526 -2.560 -2.593 -2.626 -2.657 -2.688 -2.717 
-2.745 -2.771 -2.796 -2.820 -2.841 -2.861 -2.878 -2.894 -2.908 -2.920 
-2.930 -2.938 -2.944 -2.948 -2.949 -2.949 -2.946 -2.942 -2.935 -2.925 
-2.914 -2.900 -2.883 -2.865 -2.843 -2.820 -2.793 -2.764 -2.732 -2.697 
-2.659 -2.618 -2.574 -2.527 -2.476 -2.421 -2.363 -2.299 -2.231 -2.157 
-2.077 -1.990 -1.896 -1.795 -1.688 -1.580 -1.475 -1.382 -1.315 -1.289 
-1.309 -1.366 -1.443 -1.525 -1.603 -1.671 -1.729 -1.775 -1.812 -1.842 
-1.866 -1.889 -1.912 -1.937 -1.963 -1.988 -2.012 -2.034 -2.054 -2.076 
-2.099 -2.125 -2.155 -2.187 -2.220 -2.254 -2.288 -2.322 -2.356 -2.390 
-2.431 
-2.649 -2.702 -2.738 -2.772 -2.804 -2.834 -2.861 -2.887 -2.911 -2.932 
-2.952 -2.969 -2.985 -2.998 -3.009 -3.017 -3.024 -3.029 -3.031 -3.032 
-3.030 -3.026 -3.020 -3.012 -3.001 -2.989 -2.974 -2.958 -2.939 -2.918 
-2.894 -2.869 -2.842 -2.812 -2.780 -2.746 -2.710 -2.672 -2.633 -2.591 
-2.548 -2.504 -2.459 -2.413 -2.367 -2.321 -2.275 -2.230 -2.186 -2.143 
-2.102 -2.061 -2.021 -1.980 -1.938 -1.891 -1.841 -1.790 -1.746 -1.720 
-1.716 -1.725 -1.735 -1.737 -1.730 -1.714 -1.691 -1.662 -1.633 -1.606 
-1.585 -1.577 -1.584 -1.609 -1.652 -1.713 -1.786 -1.867 -1.950 -2.031 
-2.110 -2.184 -2.253 -2.318 -2.378 -2.433 -2.486 -2.534 -2.580 -2.623 
-2.638 
-2.684 -2.722 -2.767 -2.808 -2.846 -2.881 -2.913 -2.943 -2.969 -2.993 
-3.015 -3.034 -3.050 -3.065 -3.077 -3.086 -3.094 -3.099 -3.102 -3.103 
-3.102 -3.099 -3.094 -3.086 -3.076 -3.065 -3.051 -3.034 -3.016 -2.995 
-2.973 -2.948 -2.920 -2.890 -2.858 -2.824 -2.787 -2.748 -2.706 -2.662 
-2.616 -2.567 -2.517 -2.464 -2.410 -2.355 -2.299 -2.243 -2.188 -2.135 
-2.084 -2.037 -1.995 -1.958 -1.927 -1.900 -1.879 -1.861 -1.846 -1.831 
-1.817 -1.800 -1.781 -1.759 -1.733 -1.702 -1.666 -1.626 -1.582 -1.536 
-1.492 -1.453 -1.427 -1.420 -1.439 -1.486 -1.558 -1.646 -1.744 -1.845 
-1.945 -2.041 -2.132 -2.217 -2.297 -2.372 -2.441 -2.506 -2.566 -2.622 
-2.666 
-2.591 -2.644 -2.690 -2.734 -2.774 -2.812 -2.848 -2.880 -2.910 -2.938 
-2.963 -2.985 -3.006 -3.024 -3.040 -3.053 -3.065 -3.074 -3.081 -3.086 
-3.090 -3.091 -3.090 -3.087 -3.082 -3.075 -3.066 -3.055 -3.042 -3.027 
-3.011 -2.992 -2.971 -2.948 -2.923 -2.896 -2.867 -2.836 -2.803 -2.768 
-2.731 -2.692 -2.651 -2.609 -2.565 -2.519 -2.473 -2.425 -2.377 -2.330 
-2.282 -2.236 -2.191 -2.148 -2.107 -2.069 -2.032 -1.997 -1.964 -1.932 
-1.901 -1.870 -1.839 -1.808 -1.776 -1.741 -1.705 -1.668 -1.630 -1.593 
-1.560 -1.535 -1.523 -1.528 -1.553 -1.598 -1.659 -1.731 -1.809 -1.888 
-1.966 -2.041 -2.114 -2.183 -2.249 -2.313 -2.374 -2.433 -2.490 -2.544 
-2.576 
-2.473 -2.492 -2.546 -2.599 -2.649 -2.698 -2.744 -2.787 -2.829 -2.867 
-2.903 -2.937 -2.967 -2.996 -3.022 -3.046 -3.067 -3.086 -3.103 -3.117 
-3.129 -3.139 -3.147 -3.152 -3.156 -3.157 -3.156 -3.153 -3.147 -3.140 
-3.130 -3.118 -3.104 -3.087 -3.068 -3.047 -3.023 -2.996 -2.967 -2.936 
-2.901 -2.864 -2.824 -2.780 -2.733 -2.683 -2.630 -2.574 -2.517 -2.459 
-2.404 -2.352 -2.305 -2.262 -2.221 -2.179 -2.137 -2.095 -2.056 -2.020 
-1.990 -1.966 -1.948 -1.936 -1.929 -1.924 -1.921 -1.918 -1.913 -1.908 
-1.903 -1.898 -1.895 -1.896 -1.901 -1.909 -1.918 -1.928 -1.939 -1.954 
-1.976 -2.004 -2.038 -2.077 -2.120 -2.167 -2.217 -2.270 -2.325 -2.381 
-2.450 
-2.728 -2.812 -2.871 -2.927 -2.979 -3.027 -3.072 -3.113 -3.151 -3.186 
-3.218 -3.247 -3.273 -3.296 -3.317 -3.335 -3.351 -3.363 -3.374 -3.381 
-3.387 -3.389 -3.390 -3.387 -3.383 -3.375 -3.366 -3.353 -3.338 -3.320 
-3.300 -3.276 -3.250 -3.220 -3.188 -3.152 -3.112 -3.068 -3.021 -2.969 
-2.913 -2.853 -2.788 -2.717 -2.642 -2.563 -2.480 -2.397 -2.316 -2.242 
-2.181 -2.140 -2.119 -2.119 -2.132 -2.153 -2.177 -2.198 -2.216 -2.229 
-2.239 -2.246 -2.250 -2.252 -2.251 -2.247 -2.238 -2.225 -2.205 -2.178 
-2.143 -2.100 -2.051 -1.997 -1.945 -1.905 -1.882 -1.876 -1.882 -1.905 
-1.950 -2.016 -2.098 -2.188 -2.279 -2.368 -2.454 -2.534 -2.610 -2.682 
-2.711 
-2.770 -2.829 -2.885 -2.937 -2.986 -3.031 -3.072 -3.110 -3.146 -3.177 
-3.207 -3.233 -3.256 -3.277 -3.296 -3.312 -3.325 -3.336 -3.345 -3.351 
-3.355 -3.357 -3.357 -3.354 -3.349 -3.342 -3.333 -3.321 -3.307 -3.291 
-3.272 -3.251 -3.227 -3.201 -3.172 -3.141 -3.107 -3.070 -3.031 -2.988 
-2.943 -2.894 -2.843 -2.788 -2.731 -2.670 -2.607 -2.543 -2.478 -2.414 
-2.354 -2.301 -2.254 -2.215 -2.181 -2.151 -2.126 -2.104 -2.086 -2.071 
-2.059 -2.048 -2.037 -2.024 -2.008 -1.988 -1.962 -1.929 -1.888 -1.839 
-1.781 -1.715 -1.646 -1.579 -1.529 -1.509 -1.531 -1.594 -1.686 -1.791 
-1.901 -2.008 -2.113 -2.212 -2.307 -2.396 -2.480 -2.559 -2.633 -2.703 
-2.751 
-2.645 -2.684 -2.747 -2.806 -2.862 -2.914 -2.963 -3.009 -3.052 -3.092 
-3.129 -3.163 -3.194 -3.223 -3.249 -3.272 -3.293 -3.311 -3.327 -3.340 
-3.351 -3.360 -3.367 -3.371 -3.373 -3.373 -3.370 -3.365 -3.358 -3.349 
-3.337 -3.323 -3.307 -3.288 -3.267 -3.244 -3.217 -3.189 -3.157 -3.123 
-3.086 -3.046 -3.003 -2.957 -2.909 -2.857 -2.802 -2.744 -2.684 -2.621 
-2.556 -2.490 -2.423 -2.357 -2.293 -2.233 -2.178 -2.132 -2.094 -2.068 
-2.052 -2.045 -2.046 -2.051 -2.060 -2.068 -2.074 -2.076 -2.074 -2.066 
-2.050 -2.028 -2.000 -1.967 -1.938 -1.921 -1.923 -1.942 -1.970 -2.000 
-2.030 -2.065 -2.106 -2.156 -2.212 -2.275 -2.343 -2.412 -2.482 -2.552 
-2.620 
-2.678 -2.740 -2.801 -2.859 -2.914 -2.966 -3.014 -3.060 -3.102 -3.141 
-3.177 -3.210 -3.241 -3.269 -3.294 -3.316 -3.337 -3.354 -3.370 -3.382 
-3.393 -3.401 -3.407 -3.411 -3.412 -3.412 -3.409 -3.403 -3.396 -3.386 
-3.373 -3.359 -3.342 -3.322 -3.300 -3.276 -3.249 -3.219 -3.187 -3.151 
-3.113 -3.072 -3.028 -2.981 -2.930 -2.877 -2.820 -2.761 -2.698 -2.634 
-2.567 -2.500 -2.434 -2.370 -2.311 -2.258 -2.216 -2.184 -2.163 -2.154 
-2.155 -2.163 -2.176 -2.192 -2.208 -2.223 -2.236 -2.246 -2.251 -2.253 
-2.250 -2.242 -2.230 -2.215 -2.196 -2.175 -2.154 -2.134 -2.119 -2.113 
-2.117 -2.134 -2.166 -2.211 -2.266 -2.330 -2.398 -2.468 -2.539 -2.608 
-2.656 
-2.673 -2.704 -2.754 -2.803 -2.849 -2.893 -2.936 -2.975 -3.013 -3.048 
-3.081 -3.111 -3.139 -3.165 -3.188 -3.209 -3.227 -3.244 -3.258 -3.270 
-3.280 -3.287 -3.292 -3.296 -3.297 -3.295 -3.292 -3.286 -3.279 -3.269 
-3.256 -3.242 -3.225 -3.206 -3.184 -3.161 -3.134 -3.105 -3.074 -3.040 
-3.003 -2.963 -2.921 -2.876 -2.829 -2.779 -2.726 -2.671 -2.615 -2.557 
-2.499 -2.443 -2.390 -2.342 -2.303 -2.271 -2.250 -2.237 -2.232 -2.233 
-2.240 -2.251 -2.264 -2.278 -2.291 -2.304 -2.315 -2.323 -2.328 -2.331 
-2.330 -2.326 -2.319 -2.309 -2.296 -2.281 -2.264 -2.247 -2.232 -2.223 
-2.223 -2.237 -2.264 -2.301 -2.345 -2.393 -2.444 -2.495 -2.548 -2.601 
-2.656 
-2.819 -2.886 -2.952 -3.013 -3.071 -3.123 -3.172 -3.218 -3.259 -3.298 
-3.333 -3.365 -3.394 -3.420 -3.443 -3.464 -3.482 -3.497 -3.510 -3.521 
-3.529 -3.534 -3.537 -3.538 -3.536 -3.532 -3.526 -3.517 -3.505 -3.491 
-3.475 -3.455 -3.433 -3.409 -3.381 -3.351 -3.317 -3.280 -3.240 -3.196 
-3.149 -3.097 -3.042 -2.982 -2.918 -2.850 -2.777 -2.700 -2.619 -2.536 
-2.453 -2.373 -2.300 -2.239 -2.192 -2.164 -2.158 -2.174 -2.207 -2.248 
-2.290 -2.329 -2.364 -2.393 -2.416 -2.433 -2.444 -2.449 -2.447 -2.438 
-2.423 -2.400 -2.371 -2.333 -2.288 -2.237 -2.180 -2.122 -2.068 -2.029 
-2.016 -2.038 -2.094 -2.175 -2.271 -2.371 -2.470 -2.565 -2.654 -2.737 
-2.794 
-2.855 -2.944 -3.023 -3.095 -3.162 -3.223 -3.279 -3.331 -3.378 -3.421 
-3.461 -3.497 -3.529 -3.558 -3.585 -3.608 -3.629 -3.646 -3.661 -3.674 
-3.683 -3.691 -3.695 -3.698 -3.697 -3.694 -3.689 -3.681 -3.671 -3.658 
-3.642 -3.624 -3.603 -3.578 -3.552 -3.521 -3.488 -3.452 -3.411 -3.367 
-3.320 -3.267 -3.211 -3.149 -3.082 -3.010 -2.931 -2.846 -2.754 -2.654 
-2.547 -2.434 -2.317 -2.201 -2.095 -2.014 -1.972 -1.973 -2.010 -2.068 
-2.133 -2.197 -2.256 -2.308 -2.351 -2.385 -2.410 -2.426 -2.433 -2.431 
-2.420 -2.401 -2.371 -2.332 -2.284 -2.226 -2.161 -2.091 -2.025 -1.973 
-1.949 -1.964 -2.016 -2.099 -2.203 -2.319 -2.438 -2.554 -2.663 -2.765 
-2.831 
-2.725 -2.785 -2.876 -2.960 -3.038 -3.108 -3.173 -3.233 -3.288 -3.339 
-3.385 -3.427 -3.466 -3.501 -3.533 -3.561 -3.587 -3.610 -3.630 -3.647 
-3.661 -3.673 -3.683 -3.689 -3.694 -3.696 -3.695 -3.692 -3.686 -3.678 
-3.668 -3.655 -3.639 -3.620 -3.599 -3.575 -3.548 -3.518 -3.485 -3.449 
-3.409 -3.366 -3.319 -3.268 -3.212 -3.152 -3.086 -3.016 -2.940 -2.858 
-2.769 -2.675 -2.576 -2.474 -2.375 -2.285 -2.215 -2.169 -2.146 -2.142 
-2.156 -2.184 -2.221 -2.261 -2.301 -2.337 -2.367 -2.391 -2.406 -2.414 
-2.414 -2.404 -2.386 -2.358 -2.319 -2.270 -2.209 -2.137 -2.056 -1.973 
-1.907 -1.875 -1.881 -1.919 -1.990 -2.091 -2.211 -2.336 -2.460 -2.577 
-2.684 
-2.770 -2.867 -2.949 -3.024 -3.094 -3.157 -3.216 -3.269 -3.319 -3.364 
-3.405 -3.443 -3.478 -3.509 -3.537 -3.563 -3.585 -3.605 -3.622 -3.636 
-3.648 -3.658 -3.665 -3.669 -3.672 -3.671 -3.669 -3.664 -3.656 -3.646 
-3.634 -3.619 -3.601 -3.581 -3.558 -3.533 -3.504 -3.473 -3.439 -3.401 
-3.360 -3.315 -3.266 -3.214 -3.157 -3.096 -3.031 -2.960 -2.885 -2.805 
-2.720 -2.632 -2.543 -2.455 -2.374 -2.304 -2.252 -2.220 -2.209 -2.217 
-2.237 -2.265 -2.296 -2.326 -2.351 -2.371 -2.384 -2.389 -2.388 -2.378 
-2.360 -2.333 -2.295 -2.247 -2.187 -2.114 -2.026 -1.923 -1.813 -1.712 
-1.655 -1.672 -1.763 -1.896 -2.042 -2.187 -2.325 -2.453 -2.571 -2.679 
-2.745 
-2.682 -2.728 -2.804 -2.875 -2.940 -3.001 -3.058 -3.111 -3.159 -3.204 
-3.246 -3.285 -3.320 -3.353 -3.382 -3.409 -3.433 -3.455 -3.475 -3.491 
-3.506 -3.518 -3.528 -3.536 -3.542 -3.545 -3.546 -3.546 -3.543 -3.537 
-3.530 -3.521 -3.509 -3.496 -3.480 -3.462 -3.442 -3.419 -3.394 -3.367 
-3.337 -3.305 -3.271 -3.234 -3.194 -3.152 -3.106 -3.058 -3.007 -2.953 
-2.896 -2.836 -2.774 -2.711 -2.648 -2.587 -2.532 -2.484 -2.443 -2.410 
-2.385 -2.367 -2.355 -2.348 -2.343 -2.337 -2.329 -2.318 -2.303 -2.284 
-2.260 -2.231 -2.196 -2.155 -2.108 -2.056 -1.999 -1.939 -1.881 -1.832 
-1.807 -1.823 -1.880 -1.963 -2.060 -2.163 -2.267 -2.369 -2.467 -2.560 
-2.649 
-2.769 -2.856 -2.934 -3.007 -3.074 -3.136 -3.194 -3.248 -3.297 -3.343 
-3.385 -3.423 -3.459 -3.491 -3.521 -3.548 -3.572 -3.593 -3.612 -3.628 
-3.642 -3.654 -3.663 -3.670 -3.674 -3.677 -3.677 -3.675 -3.670 -3.663 
-3.654 -3.643 -3.629 -3.613 -3.594 -3.573 -3.549 -3.523 -3.494 -3.462 
-3.428 -3.390 -3.349 -3.305 -3.257 -3.206 -3.151 -3.092 -3.028 -2.960 
-2.887 -2.809 -2.726 -2.638 -2.546 -2.451 -2.356 -2.265 -2.183 -2.117 
-2.072 -2.051 -2.050 -2.063 -2.085 -2.109 -2.132 -2.150 -2.163 -2.168 
-2.165 -2.154 -2.134 -2.106 -2.070 -2.027 -1.981 -1.934 -1.896 -1.875 
-1.880 -1.914 -1.976 -2.059 -2.157 -2.264 -2.373 -2.481 -2.584 -2.681 
-2.745 
-2.703 -2.786 -2.879 -2.965 -3.044 -3.117 -3.184 -3.246 -3.302 -3.355 
-3.403 -3.447 -3.487 -3.524 -3.558 -3.588 -3.615 -3.640 -3.661 -3.680 
-3.696 -3.710 -3.721 -3.729 -3.735 -3.738 -3.739 -3.738 -3.734 -3.728 
-3.719 -3.707 -3.693 -3.676 -3.657 -3.635 -3.610 -3.582 -3.551 -3.517 
-3.480 -3.439 -3.394 -3.345 -3.292 -3.235 -3.173 -3.106 -3.034 -2.956 
-2.874 -2.788 -2.698 -2.606 -2.514 -2.421 -2.329 -2.241 -2.166 -2.112 
-2.087 -2.093 -2.122 -2.164 -2.212 -2.259 -2.301 -2.336 -2.363 -2.382 
-2.392 -2.393 -2.386 -2.369 -2.344 -2.310 -2.268 -2.220 -2.168 -2.118 
-2.074 -2.041 -2.027 -2.040 -2.083 -2.154 -2.247 -2.354 -2.467 -2.579 
-2.669 
-2.640 -2.712 -2.816 -2.912 -3.000 -3.081 -3.155 -3.222 -3.284 -3.340 
-3.391 -3.438 -3.481 -3.519 -3.554 -3.585 -3.613 -3.637 -3.658 -3.677 
-3.692 -3.705 -3.714 -3.721 -3.726 -3.727 -3.726 -3.722 -3.716 -3.706 
-3.694 -3.679 -3.662 -3.641 -3.617 -3.590 -3.560 -3.526 -3.489 -3.448 
-3.403 -3.353 -3.300 -3.241 -3.178 -3.109 -3.035 -2.956 -2.872 -2.784 
-2.694 -2.606 -2.525 -2.457 -2.408 -2.382 -2.379 -2.392 -2.413 -2.440 
-2.473 -2.513 -2.559 -2.607 -2.652 -2.691 -2.724 -2.750 -2.768 -2.780 
-2.784 -2.781 -2.770 -2.752 -2.726 -2.693 -2.650 -2.600 -2.540 -2.472 
-2.396 -2.315 -2.234 -2.160 -2.113 -2.117 -2.172 -2.259 -2.367 -2.483 
-2.596 
-2.845 -2.956 -3.066 -3.164 -3.253 -3.332 -3.404 -3.469 -3.528 -3.581 
-3.630 -3.673 -3.713 -3.749 -3.780 -3.809 -3.834 -3.856 -3.875 -3.890 
-3.903 -3.913 -3.921 -3.925 -3.927 -3.926 -3.923 -3.917 -3.908 -3.896 
-3.882 -3.865 -3.845 -3.822 -3.795 -3.766 -3.734 -3.698 -3.659 -3.616 
-3.569 -3.518 -3.462 -3.403 -3.338 -3.269 -3.194 -3.115 -3.030 -2.940 
-2.846 -2.749 -2.652 -2.561 -2.486 -2.440 -2.431 -2.458 -2.512 -2.578 
-2.647 -2.710 -2.766 -2.814 -2.853 -2.884 -2.906 -2.921 -2.928 -2.928 
-2.920 -2.904 -2.882 -2.852 -2.815 -2.771 -2.723 -2.669 -2.609 -2.541 
-2.457 -2.350 -2.221 -2.093 -2.022 -2.059 -2.190 -2.363 -2.535 -2.692 
-2.802 
-3.036 -3.114 -3.184 -3.247 -3.305 -3.357 -3.405 -3.449 -3.489 -3.525 
-3.558 -3.587 -3.614 -3.637 -3.658 -3.676 -3.691 -3.703 -3.713 -3.721 
-3.726 -3.729 -3.729 -3.726 -3.722 -3.714 -3.705 -3.692 -3.678 -3.660 
-3.641 -3.618 -3.593 -3.565 -3.534 -3.500 -3.464 -3.424 -3.381 -3.334 
-3.284 -3.231 -3.175 -3.116 -3.053 -2.988 -2.920 -2.852 -2.783 -2.717 
-2.654 -2.597 -2.548 -2.509 -2.481 -2.468 -2.471 -2.488 -2.514 -2.542 
-2.571 -2.596 -2.617 -2.633 -2.643 -2.648 -2.647 -2.641 -2.628 -2.608 
-2.583 -2.552 -2.514 -2.472 -2.427 -2.381 -2.337 -2.302 -2.279 -2.275 
-2.291 -2.324 -2.361 -2.388 -2.417 -2.492 -2.614 -2.739 -2.852 -2.950 
-3.016 
-3.055 -3.104 -3.173 -3.237 -3.296 -3.350 -3.400 -3.445 -3.487 -3.525 
-3.560 -3.591 -3.620 -3.645 -3.667 -3.687 -3.704 -3.718 -3.730 -3.739 
-3.745 -3.749 -3.751 -3.750 -3.747 -3.741 -3.733 -3.722 -3.709 -3.693 
-3.674 -3.653 -3.629 -3.602 -3.573 -3.540 -3.504 -3.465 -3.422 -3.376 
-3.326 -3.273 -3.215 -3.154 -3.088 -3.018 -2.945 -2.868 -2.788 -2.708 
-2.628 -2.553 -2.487 -2.434 -2.398 -2.381 -2.383 -2.400 -2.428 -2.460 
-2.494 -2.527 -2.556 -2.580 -2.598 -2.610 -2.615 -2.614 -2.606 -2.591 
-2.568 -2.539 -2.501 -2.457 -2.405 -2.348 -2.288 -2.230 -2.182 -2.153 
-2.154 -2.190 -2.258 -2.349 -2.452 -2.560 -2.666 -2.766 -2.860 -2.948 
-3.014 
