IRGRID 64 91
1e+308

0.025 0.03 0.035 0.04 0.045 0.05 0.055 0.06 0.065 0.07
0.075 0.08 0.085 0.09 0.095 0.1 0.11 0.12 0.13 0.14
0.15 0.16 0.17 0.18 0.19 0.2 0.21 0.22 0.23 0.24
0.25 0.26 0.27 0.28 0.29 0.3 0.31 0.32 0.33 0.34
0.35 0.36 0.37 0.38 0.39 0.4 0.41 0.42 0.43 0.44
0.45 0.46 0.47 0.48 0.49 0.5 0.51 0.52 0.53 0.54
0.55 0.56 0.57 0.58
0 4 8 12 16 20 24 28 32 36
40 44 48 52 56 60 64 68 72 76
80 84 88 92 96 100 104 108 112 116
120 124 128 132 136 140 144 148 152 156
160 164 168 172 176 180 184 188 192 196
200 204 208 212 216 220 224 228 232 236
240 244 248 252 256 260 264 268 272 276
280 284 288 292 296 300 304 308 312 316
320 324 328 332 336 340 344 348 352 356
360
-2.641 -2.821 -2.907 -3.001 -3.095 -3.185 -3.268 -3.344 -3.413 -3.476 
-3.533 -3.584 -3.630 -3.671 -3.707 -3.740 -3.769 -3.793 -3.815 -3.832 
-3.847 -3.858 -3.866 -3.871 -3.873 -3.872 -3.868 -3.861 -3.850 -3.837 
-3.820 -3.800 -3.776 -3.749 -3.717 -3.682 -3.643 -3.598 -3.549 -3.494 
-3.434 -3.366 -3.290 -3.205 -3.110 -3.002 -2.879 -2.737 -2.570 -2.375 
-2.149 -1.922 -1.786 -1.815 -1.964 -2.161 -2.348 -2.506 -2.637 -2.744 
-2.834 -2.908 -2.969 -3.020 -3.060 -3.093 -3.117 -3.133 -3.143 -3.145 
-3.141 -3.130 -3.111 -3.085 -3.052 -3.011 -2.962 -2.904 -2.839 -2.768 
-2.695 -2.629 -2.580 -2.558 -2.567 -2.598 -2.634 -2.664 -2.684 -2.709 
-2.627 
-2.038 -2.135 -2.227 -2.327 -2.427 -2.523 -2.613 -2.696 -2.771 -2.840 
-2.902 -2.958 -3.009 -3.055 -3.096 -3.132 -3.165 -3.193 -3.218 -3.239 
-3.256 -3.271 -3.282 -3.289 -3.294 -3.295 -3.293 -3.288 -3.280 -3.269 
-3.254 -3.236 -3.214 -3.189 -3.160 -3.127 -3.089 -3.047 -3.000 -2.948 
-2.889 -2.824 -2.751 -2.670 -2.580 -2.477 -2.361 -2.229 -2.076 -1.900 
-1.706 -1.533 -1.460 -1.535 -1.701 -1.878 -2.033 -2.163 -2.272 -2.366 
-2.445 -2.512 -2.570 -2.618 -2.659 -2.692 -2.719 -2.739 -2.753 -2.762 
-2.764 -2.761 -2.753 -2.738 -2.718 -2.691 -2.658 -2.618 -2.570 -2.515 
-2.453 -2.382 -2.306 -2.225 -2.143 -2.067 -2.007 -1.975 -1.976 -2.005 
-2.029 
-1.648 -1.709 -1.804 -1.894 -1.980 -2.062 -2.138 -2.209 -2.276 -2.337 
-2.394 -2.446 -2.494 -2.537 -2.577 -2.612 -2.644 -2.672 -2.696 -2.717 
-2.735 -2.750 -2.762 -2.770 -2.776 -2.778 -2.777 -2.774 -2.767 -2.757 
-2.744 -2.728 -2.708 -2.685 -2.658 -2.627 -2.592 -2.554 -2.510 -2.462 
-2.408 -2.348 -2.282 -2.209 -2.129 -2.041 -1.945 -1.841 -1.731 -1.621 
-1.519 -1.435 -1.394 -1.406 -1.434 -1.439 -1.384 -1.258 -1.152 -1.221 
-1.402 -1.576 -1.714 -1.821 -1.905 -1.970 -2.021 -2.061 -2.091 -2.112 
-2.125 -2.131 -2.130 -2.122 -2.107 -2.085 -2.056 -2.020 -1.976 -1.923 
-1.861 -1.790 -1.711 -1.626 -1.541 -1.467 -1.421 -1.415 -1.453 -1.525 
-1.606 
-1.474 -1.512 -1.548 -1.594 -1.649 -1.708 -1.771 -1.834 -1.897 -1.958 
-2.016 -2.071 -2.123 -2.171 -2.215 -2.257 -2.294 -2.329 -2.360 -2.388 
-2.412 -2.434 -2.453 -2.468 -2.481 -2.491 -2.498 -2.503 -2.504 -2.503 
-2.499 -2.492 -2.482 -2.469 -2.452 -2.433 -2.410 -2.384 -2.354 -2.320 
-2.282 -2.240 -2.193 -2.140 -2.082 -2.017 -1.945 -1.865 -1.777 -1.680 
-1.576 -1.464 -1.345 -1.214 -1.070 -0.914 -0.742 -0.566 -0.462 -0.517 
-0.691 -0.893 -1.072 -1.218 -1.337 -1.435 -1.516 -1.583 -1.639 -1.684 
-1.721 -1.750 -1.772 -1.787 -1.796 -1.798 -1.795 -1.786 -1.772 -1.752 
-1.727 -1.696 -1.660 -1.620 -1.577 -1.535 -1.499 -1.476 -1.467 -1.471 
-1.473 
-1.362 -1.360 -1.402 -1.454 -1.512 -1.573 -1.636 -1.697 -1.756 -1.812 
-1.865 -1.914 -1.959 -2.000 -2.038 -2.072 -2.102 -2.129 -2.153 -2.173 
-2.190 -2.204 -2.214 -2.222 -2.226 -2.228 -2.226 -2.222 -2.214 -2.203 
-2.189 -2.172 -2.152 -2.128 -2.101 -2.070 -2.035 -1.997 -1.954 -1.907 
-1.855 -1.799 -1.737 -1.669 -1.596 -1.517 -1.432 -1.339 -1.240 -1.135 
-1.023 -0.906 -0.787 -0.669 -0.566 -0.496 -0.474 -0.483 -0.508 -0.568 
-0.641 -0.697 -0.739 -0.774 -0.811 -0.856 -0.914 -0.983 -1.060 -1.140 
-1.218 -1.290 -1.354 -1.408 -1.451 -1.485 -1.508 -1.521 -1.525 -1.521 
-1.509 -1.491 -1.467 -1.438 -1.407 -1.376 -1.348 -1.326 -1.314 -1.315 
-1.352 
-1.629 -1.710 -1.742 -1.774 -1.807 -1.837 -1.865 -1.891 -1.913 -1.931 
-1.947 -1.960 -1.969 -1.976 -1.980 -1.982 -1.981 -1.978 -1.972 -1.964 
-1.954 -1.942 -1.927 -1.911 -1.892 -1.871 -1.848 -1.822 -1.795 -1.765 
-1.733 -1.699 -1.663 -1.625 -1.584 -1.541 -1.495 -1.447 -1.396 -1.342 
-1.285 -1.224 -1.159 -1.091 -1.018 -0.940 -0.857 -0.770 -0.679 -0.586 
-0.492 -0.400 -0.314 -0.237 -0.171 -0.119 -0.079 -0.043 0.000 0.063 
0.169 0.340 0.508 0.412 0.192 0.027 -0.098 -0.208 -0.317 -0.427 
-0.537 -0.645 -0.749 -0.847 -0.940 -1.027 -1.108 -1.183 -1.251 -1.314 
-1.371 -1.421 -1.466 -1.505 -1.538 -1.566 -1.590 -1.611 -1.632 -1.655 
-1.623 
-1.503 -1.501 -1.517 -1.532 -1.544 -1.554 -1.562 -1.569 -1.573 -1.575 
-1.575 -1.573 -1.570 -1.564 -1.557 -1.547 -1.536 -1.523 -1.508 -1.491 
-1.473 -1.453 -1.431 -1.407 -1.381 -1.354 -1.325 -1.295 -1.264 -1.232 
-1.199 -1.165 -1.130 -1.095 -1.061 -1.026 -0.991 -0.956 -0.922 -0.887 
-0.851 -0.815 -0.778 -0.740 -0.701 -0.659 -0.615 -0.569 -0.520 -0.466 
-0.409 -0.347 -0.281 -0.210 -0.132 -0.045 0.056 0.177 0.329 0.527 
0.792 1.144 1.241 1.077 0.800 0.504 0.259 0.061 -0.105 -0.248 
-0.374 -0.487 -0.589 -0.681 -0.765 -0.843 -0.914 -0.979 -1.039 -1.095 
-1.147 -1.194 -1.238 -1.279 -1.316 -1.350 -1.382 -1.411 -1.437 -1.461 
-1.496 
-1.433 -1.460 -1.464 -1.466 -1.466 -1.463 -1.457 -1.449 -1.438 -1.424 
-1.408 -1.389 -1.368 -1.344 -1.318 -1.291 -1.262 -1.232 -1.202 -1.173 
-1.146 -1.121 -1.097 -1.076 -1.056 -1.037 -1.017 -0.996 -0.973 -0.949 
-0.923 -0.896 -0.870 -0.843 -0.818 -0.794 -0.773 -0.753 -0.736 -0.720 
-0.705 -0.690 -0.676 -0.661 -0.644 -0.625 -0.603 -0.577 -0.547 -0.511 
-0.470 -0.421 -0.363 -0.296 -0.215 -0.118 0.001 0.150 0.346 0.622 
1.056 1.432 1.544 1.181 0.652 0.319 0.074 -0.120 -0.280 -0.417 
-0.536 -0.640 -0.733 -0.816 -0.891 -0.960 -1.021 -1.077 -1.129 -1.175 
-1.217 -1.256 -1.290 -1.321 -1.349 -1.373 -1.395 -1.413 -1.429 -1.442 
-1.430 
-1.192 -1.191 -1.188 -1.181 -1.172 -1.160 -1.145 -1.127 -1.106 -1.081 
-1.054 -1.024 -0.991 -0.956 -0.920 -0.882 -0.845 -0.809 -0.775 -0.746 
-0.723 -0.706 -0.697 -0.697 -0.704 -0.717 -0.736 -0.757 -0.780 -0.804 
-0.826 -0.847 -0.866 -0.881 -0.894 -0.905 -0.912 -0.917 -0.920 -0.920 
-0.917 -0.912 -0.903 -0.892 -0.877 -0.858 -0.834 -0.806 -0.773 -0.734 
-0.688 -0.635 -0.573 -0.501 -0.418 -0.319 -0.202 -0.060 0.118 0.353 
0.697 1.344 1.751 1.568 1.033 0.519 0.221 0.005 -0.165 -0.304 
-0.421 -0.522 -0.609 -0.686 -0.754 -0.815 -0.869 -0.917 -0.960 -0.998 
-1.033 -1.063 -1.090 -1.113 -1.133 -1.150 -1.164 -1.175 -1.183 -1.188 
-1.194 
-1.074 -1.078 -1.096 -1.113 -1.129 -1.144 -1.157 -1.169 -1.179 -1.187 
-1.193 -1.197 -1.199 -1.198 -1.195 -1.190 -1.183 -1.174 -1.165 -1.156 
-1.148 -1.142 -1.139 -1.139 -1.142 -1.148 -1.154 -1.161 -1.167 -1.172 
-1.175 -1.176 -1.174 -1.170 -1.163 -1.154 -1.142 -1.128 -1.111 -1.091 
-1.069 -1.043 -1.015 -0.984 -0.950 -0.912 -0.870 -0.825 -0.774 -0.719 
-0.658 -0.590 -0.514 -0.430 -0.335 -0.226 -0.099 0.050 0.231 0.461 
0.767 1.172 1.547 1.486 1.131 0.739 0.451 0.238 0.072 -0.064 
-0.178 -0.276 -0.361 -0.436 -0.503 -0.563 -0.617 -0.666 -0.711 -0.752 
-0.790 -0.825 -0.858 -0.888 -0.917 -0.944 -0.970 -0.994 -1.017 -1.038 
-1.065 
-1.178 -1.185 -1.199 -1.212 -1.222 -1.232 -1.239 -1.245 -1.250 -1.253 
-1.255 -1.255 -1.253 -1.250 -1.246 -1.240 -1.233 -1.224 -1.214 -1.203 
-1.190 -1.176 -1.161 -1.145 -1.127 -1.109 -1.089 -1.069 -1.048 -1.026 
-1.004 -0.982 -0.960 -0.937 -0.915 -0.893 -0.871 -0.848 -0.825 -0.801 
-0.776 -0.749 -0.720 -0.689 -0.656 -0.620 -0.580 -0.537 -0.490 -0.437 
-0.379 -0.314 -0.241 -0.158 -0.063 0.049 0.180 0.341 0.545 0.814 
1.166 1.462 1.580 1.305 0.879 0.565 0.331 0.147 -0.006 -0.135 
-0.247 -0.345 -0.433 -0.512 -0.583 -0.647 -0.706 -0.760 -0.809 -0.855 
-0.897 -0.935 -0.971 -1.004 -1.034 -1.061 -1.087 -1.110 -1.132 -1.151 
-1.172 
-1.468 -1.512 -1.524 -1.533 -1.540 -1.545 -1.547 -1.547 -1.545 -1.540 
-1.533 -1.524 -1.513 -1.499 -1.483 -1.465 -1.445 -1.423 -1.398 -1.371 
-1.342 -1.311 -1.278 -1.244 -1.208 -1.171 -1.134 -1.096 -1.058 -1.022 
-0.988 -0.956 -0.928 -0.903 -0.882 -0.865 -0.852 -0.841 -0.832 -0.825 
-0.818 -0.810 -0.801 -0.789 -0.774 -0.756 -0.732 -0.704 -0.669 -0.628 
-0.579 -0.522 -0.454 -0.374 -0.280 -0.169 -0.036 0.124 0.317 0.552 
0.846 1.332 1.670 1.388 0.861 0.437 0.182 -0.008 -0.165 -0.300 
-0.421 -0.530 -0.629 -0.721 -0.805 -0.882 -0.954 -1.020 -1.080 -1.136 
-1.187 -1.234 -1.277 -1.316 -1.351 -1.383 -1.412 -1.438 -1.460 -1.480 
-1.466 
-1.424 -1.460 -1.490 -1.516 -1.540 -1.562 -1.581 -1.599 -1.614 -1.626 
-1.637 -1.645 -1.651 -1.656 -1.658 -1.658 -1.655 -1.651 -1.645 -1.636 
-1.625 -1.612 -1.597 -1.580 -1.561 -1.539 -1.516 -1.492 -1.466 -1.439 
-1.412 -1.385 -1.358 -1.331 -1.304 -1.278 -1.252 -1.224 -1.196 -1.165 
-1.131 -1.094 -1.053 -1.007 -0.955 -0.899 -0.836 -0.767 -0.690 -0.606 
-0.514 -0.411 -0.298 -0.173 -0.033 0.124 0.301 0.501 0.723 0.949 
1.142 1.262 1.355 1.070 0.805 0.621 0.465 0.325 0.197 0.075 
-0.040 -0.151 -0.257 -0.358 -0.455 -0.547 -0.635 -0.717 -0.796 -0.869 
-0.939 -1.004 -1.065 -1.123 -1.176 -1.226 -1.273 -1.316 -1.357 -1.394 
-1.412 
-1.270 -1.263 -1.282 -1.300 -1.316 -1.330 -1.343 -1.355 -1.365 -1.374 
-1.382 -1.388 -1.393 -1.397 -1.400 -1.401 -1.402 -1.401 -1.399 -1.396 
-1.391 -1.386 -1.379 -1.371 -1.362 -1.352 -1.340 -1.327 -1.313 -1.298 
-1.281 -1.263 -1.243 -1.222 -1.199 -1.174 -1.148 -1.120 -1.089 -1.057 
-1.022 -0.984 -0.944 -0.901 -0.854 -0.804 -0.749 -0.690 -0.626 -0.556 
-0.478 -0.393 -0.297 -0.190 -0.069 0.070 0.232 0.424 0.656 0.938 
1.240 1.419 1.304 1.016 0.727 0.503 0.323 0.171 0.037 -0.083 
-0.192 -0.292 -0.385 -0.470 -0.549 -0.621 -0.688 -0.750 -0.808 -0.861 
-0.910 -0.956 -0.998 -1.037 -1.074 -1.107 -1.139 -1.168 -1.194 -1.219 
-1.262 
-1.513 -1.561 -1.590 -1.617 -1.641 -1.663 -1.682 -1.700 -1.715 -1.729 
-1.741 -1.751 -1.759 -1.765 -1.769 -1.772 -1.773 -1.772 -1.770 -1.765 
-1.759 -1.751 -1.742 -1.730 -1.717 -1.702 -1.685 -1.666 -1.645 -1.622 
-1.597 -1.570 -1.541 -1.509 -1.475 -1.439 -1.400 -1.359 -1.315 -1.268 
-1.219 -1.167 -1.112 -1.054 -0.992 -0.927 -0.858 -0.784 -0.704 -0.617 
-0.522 -0.418 -0.303 -0.174 -0.028 0.138 0.329 0.551 0.803 1.059 
1.257 1.353 1.280 1.003 0.771 0.583 0.421 0.275 0.138 0.009 
-0.114 -0.232 -0.344 -0.451 -0.552 -0.648 -0.738 -0.823 -0.902 -0.976 
-1.046 -1.111 -1.172 -1.229 -1.282 -1.331 -1.377 -1.420 -1.459 -1.496 
-1.502 
-1.636 -1.666 -1.688 -1.708 -1.726 -1.741 -1.755 -1.765 -1.774 -1.781 
-1.786 -1.788 -1.789 -1.787 -1.783 -1.778 -1.770 -1.760 -1.748 -1.735 
-1.719 -1.701 -1.681 -1.659 -1.634 -1.608 -1.580 -1.549 -1.516 -1.481 
-1.444 -1.405 -1.364 -1.321 -1.275 -1.228 -1.179 -1.128 -1.076 -1.023 
-0.968 -0.913 -0.856 -0.799 -0.742 -0.684 -0.625 -0.565 -0.503 -0.438 
-0.369 -0.295 -0.213 -0.121 -0.018 0.100 0.233 0.386 0.563 0.780 
1.055 1.330 1.430 1.138 0.736 0.432 0.209 0.028 -0.127 -0.264 
-0.389 -0.504 -0.610 -0.709 -0.800 -0.886 -0.965 -1.039 -1.108 -1.173 
-1.233 -1.289 -1.341 -1.390 -1.435 -1.476 -1.515 -1.551 -1.584 -1.614 
-1.629 
-1.562 -1.579 -1.607 -1.632 -1.654 -1.675 -1.693 -1.709 -1.724 -1.736 
-1.746 -1.754 -1.760 -1.764 -1.766 -1.766 -1.764 -1.761 -1.755 -1.747 
-1.738 -1.726 -1.712 -1.696 -1.679 -1.659 -1.637 -1.612 -1.586 -1.557 
-1.527 -1.493 -1.458 -1.420 -1.379 -1.336 -1.290 -1.242 -1.190 -1.136 
-1.079 -1.019 -0.956 -0.889 -0.819 -0.744 -0.665 -0.581 -0.491 -0.395 
-0.292 -0.181 -0.061 0.066 0.202 0.343 0.484 0.615 0.724 0.805 
0.865 0.930 0.961 0.673 0.459 0.299 0.162 0.036 -0.082 -0.194 
-0.300 -0.401 -0.497 -0.588 -0.675 -0.757 -0.834 -0.908 -0.977 -1.043 
-1.104 -1.163 -1.218 -1.269 -1.318 -1.363 -1.406 -1.446 -1.483 -1.518 
-1.551 
-1.583 -1.599 -1.621 -1.642 -1.660 -1.677 -1.692 -1.705 -1.716 -1.725 
-1.732 -1.737 -1.741 -1.743 -1.743 -1.742 -1.739 -1.734 -1.727 -1.718 
-1.708 -1.696 -1.682 -1.667 -1.649 -1.630 -1.609 -1.586 -1.561 -1.535 
-1.506 -1.476 -1.443 -1.408 -1.372 -1.333 -1.292 -1.248 -1.203 -1.155 
-1.104 -1.051 -0.995 -0.937 -0.875 -0.810 -0.741 -0.669 -0.592 -0.511 
-0.424 -0.331 -0.229 -0.119 0.003 0.138 0.290 0.460 0.652 0.848 
0.984 0.975 0.841 0.640 0.420 0.222 0.051 -0.098 -0.230 -0.349 
-0.458 -0.557 -0.649 -0.735 -0.814 -0.889 -0.958 -1.023 -1.084 -1.141 
-1.195 -1.245 -1.292 -1.337 -1.378 -1.417 -1.453 -1.487 -1.518 -1.547 
-1.574 
-1.678 -1.710 -1.734 -1.756 -1.776 -1.793 -1.809 -1.822 -1.833 -1.843 
-1.850 -1.855 -1.858 -1.860 -1.859 -1.857 -1.852 -1.846 -1.837 -1.827 
-1.815 -1.801 -1.785 -1.766 -1.746 -1.724 -1.699 -1.673 -1.644 -1.613 
-1.579 -1.544 -1.506 -1.465 -1.422 -1.377 -1.329 -1.278 -1.225 -1.169 
-1.110 -1.049 -0.985 -0.919 -0.851 -0.780 -0.708 -0.635 -0.561 -0.486 
-0.411 -0.334 -0.255 -0.173 -0.084 0.013 0.123 0.251 0.404 0.585 
0.771 0.901 0.941 0.848 0.652 0.435 0.247 0.080 -0.077 -0.227 
-0.367 -0.495 -0.612 -0.719 -0.817 -0.906 -0.989 -1.065 -1.136 -1.202 
-1.263 -1.320 -1.373 -1.423 -1.469 -1.512 -1.552 -1.588 -1.623 -1.654 
-1.670 
-1.669 -1.690 -1.717 -1.742 -1.764 -1.784 -1.801 -1.816 -1.829 -1.839 
-1.847 -1.853 -1.857 -1.859 -1.858 -1.856 -1.851 -1.844 -1.835 -1.824 
-1.811 -1.795 -1.777 -1.757 -1.734 -1.710 -1.682 -1.652 -1.620 -1.585 
-1.547 -1.506 -1.463 -1.416 -1.366 -1.314 -1.257 -1.198 -1.135 -1.069 
-0.999 -0.927 -0.852 -0.774 -0.696 -0.619 -0.543 -0.472 -0.407 -0.349 
-0.299 -0.257 -0.220 -0.186 -0.154 -0.119 -0.079 -0.031 0.031 0.112 
0.216 0.340 0.429 0.420 0.388 0.379 0.357 0.291 0.177 0.034 
-0.118 -0.266 -0.405 -0.533 -0.651 -0.758 -0.857 -0.947 -1.031 -1.108 
-1.180 -1.246 -1.307 -1.364 -1.417 -1.466 -1.511 -1.553 -1.592 -1.627 
-1.658 
-1.650 -1.677 -1.701 -1.723 -1.743 -1.759 -1.774 -1.786 -1.796 -1.804 
-1.810 -1.813 -1.814 -1.813 -1.810 -1.805 -1.797 -1.787 -1.775 -1.761 
-1.745 -1.726 -1.705 -1.681 -1.655 -1.626 -1.595 -1.560 -1.524 -1.484 
-1.441 -1.395 -1.345 -1.292 -1.236 -1.176 -1.112 -1.044 -0.972 -0.897 
-0.817 -0.734 -0.649 -0.562 -0.476 -0.392 -0.314 -0.246 -0.189 -0.145 
-0.114 -0.095 -0.083 -0.075 -0.070 -0.062 -0.052 -0.036 -0.016 0.011 
0.042 0.076 0.110 0.138 0.154 0.149 0.112 0.040 -0.063 -0.182 
-0.304 -0.424 -0.538 -0.645 -0.745 -0.838 -0.924 -1.005 -1.079 -1.149 
-1.213 -1.273 -1.329 -1.381 -1.429 -1.474 -1.515 -1.553 -1.589 -1.621 
-1.641 
-1.577 -1.595 -1.618 -1.639 -1.658 -1.674 -1.688 -1.700 -1.710 -1.718 
-1.723 -1.727 -1.728 -1.727 -1.724 -1.719 -1.712 -1.703 -1.692 -1.678 
-1.662 -1.644 -1.624 -1.601 -1.576 -1.549 -1.519 -1.486 -1.451 -1.413 
-1.372 -1.328 -1.282 -1.232 -1.178 -1.122 -1.062 -0.998 -0.931 -0.860 
-0.786 -0.708 -0.628 -0.546 -0.464 -0.382 -0.303 -0.228 -0.161 -0.102 
-0.052 -0.010 0.026 0.057 0.085 0.111 0.133 0.151 0.163 0.172 
0.176 0.175 0.166 0.145 0.109 0.056 -0.014 -0.098 -0.191 -0.288 
-0.386 -0.482 -0.575 -0.663 -0.747 -0.827 -0.902 -0.973 -1.039 -1.102 
-1.161 -1.216 -1.267 -1.315 -1.360 -1.402 -1.441 -1.477 -1.510 -1.541 
-1.568 
-1.534 -1.559 -1.586 -1.611 -1.634 -1.654 -1.673 -1.689 -1.703 -1.716 
-1.726 -1.734 -1.741 -1.745 -1.747 -1.748 -1.746 -1.743 -1.737 -1.729 
-1.720 -1.708 -1.694 -1.678 -1.660 -1.640 -1.617 -1.592 -1.565 -1.535 
-1.503 -1.468 -1.430 -1.390 -1.346 -1.300 -1.250 -1.197 -1.141 -1.081 
-1.017 -0.950 -0.878 -0.803 -0.724 -0.642 -0.557 -0.468 -0.377 -0.284 
-0.188 -0.089 0.011 0.110 0.205 0.287 0.345 0.370 0.361 0.331 
0.288 0.237 0.180 0.119 0.053 -0.018 -0.094 -0.172 -0.252 -0.333 
-0.414 -0.493 -0.571 -0.647 -0.721 -0.791 -0.860 -0.925 -0.988 -1.047 
-1.104 -1.158 -1.210 -1.259 -1.305 -1.348 -1.390 -1.428 -1.464 -1.498 
-1.524 
-1.527 -1.541 -1.569 -1.595 -1.618 -1.640 -1.660 -1.679 -1.695 -1.709 
-1.722 -1.733 -1.742 -1.749 -1.754 -1.757 -1.759 -1.758 -1.756 -1.752 
-1.746 -1.738 -1.728 -1.716 -1.703 -1.687 -1.669 -1.649 -1.626 -1.602 
-1.575 -1.546 -1.514 -1.479 -1.442 -1.403 -1.360 -1.314 -1.265 -1.212 
-1.156 -1.096 -1.031 -0.962 -0.888 -0.808 -0.722 -0.629 -0.529 -0.421 
-0.303 -0.177 -0.041 0.101 0.241 0.363 0.440 0.450 0.397 0.305 
0.200 0.097 0.000 -0.089 -0.171 -0.248 -0.321 -0.390 -0.455 -0.519 
-0.580 -0.640 -0.698 -0.755 -0.810 -0.865 -0.918 -0.970 -1.021 -1.070 
-1.119 -1.165 -1.211 -1.254 -1.297 -1.337 -1.376 -1.412 -1.447 -1.481 
-1.516 
-1.650 -1.679 -1.700 -1.718 -1.735 -1.749 -1.762 -1.774 -1.783 -1.791 
-1.797 -1.801 -1.804 -1.805 -1.804 -1.801 -1.797 -1.791 -1.783 -1.774 
-1.762 -1.749 -1.734 -1.717 -1.699 -1.678 -1.655 -1.631 -1.604 -1.575 
-1.544 -1.511 -1.476 -1.438 -1.397 -1.354 -1.308 -1.259 -1.207 -1.152 
-1.093 -1.031 -0.964 -0.893 -0.817 -0.737 -0.650 -0.559 -0.462 -0.361 
-0.258 -0.154 -0.054 0.038 0.113 0.161 0.173 0.140 0.066 -0.029 
-0.130 -0.228 -0.320 -0.405 -0.483 -0.555 -0.622 -0.684 -0.743 -0.799 
-0.853 -0.905 -0.956 -1.006 -1.056 -1.105 -1.153 -1.200 -1.245 -1.290 
-1.332 -1.373 -1.413 -1.450 -1.485 -1.519 -1.550 -1.580 -1.608 -1.633 
-1.644 
-1.707 -1.727 -1.755 -1.782 -1.806 -1.828 -1.847 -1.865 -1.880 -1.893 
-1.904 -1.914 -1.921 -1.925 -1.928 -1.929 -1.928 -1.925 -1.919 -1.912 
-1.903 -1.891 -1.877 -1.861 -1.843 -1.823 -1.800 -1.775 -1.748 -1.717 
-1.685 -1.649 -1.611 -1.569 -1.525 -1.477 -1.426 -1.371 -1.312 -1.248 
-1.181 -1.108 -1.030 -0.948 -0.860 -0.766 -0.669 -0.569 -0.469 -0.375 
-0.294 -0.231 -0.191 -0.172 -0.172 -0.190 -0.224 -0.270 -0.323 -0.377 
-0.427 -0.472 -0.513 -0.549 -0.581 -0.611 -0.639 -0.667 -0.695 -0.725 
-0.758 -0.795 -0.836 -0.880 -0.929 -0.980 -1.034 -1.089 -1.145 -1.200 
-1.255 -1.309 -1.361 -1.411 -1.459 -1.504 -1.547 -1.588 -1.626 -1.662 
-1.695 
-1.787 -1.815 -1.841 -1.865 -1.887 -1.906 -1.923 -1.939 -1.952 -1.963 
-1.973 -1.980 -1.985 -1.988 -1.990 -1.989 -1.987 -1.982 -1.975 -1.967 
-1.956 -1.943 -1.929 -1.912 -1.893 -1.871 -1.848 -1.822 -1.794 -1.763 
-1.730 -1.695 -1.656 -1.615 -1.571 -1.525 -1.475 -1.422 -1.366 -1.306 
-1.243 -1.177 -1.107 -1.034 -0.957 -0.878 -0.796 -0.714 -0.632 -0.554 
-0.482 -0.422 -0.375 -0.342 -0.323 -0.316 -0.320 -0.332 -0.352 -0.376 
-0.405 -0.436 -0.470 -0.505 -0.543 -0.583 -0.626 -0.671 -0.718 -0.768 
-0.820 -0.873 -0.929 -0.986 -1.043 -1.101 -1.159 -1.217 -1.273 -1.327 
-1.380 -1.431 -1.480 -1.526 -1.571 -1.613 -1.652 -1.689 -1.724 -1.757 
-1.779 
-1.849 -1.871 -1.902 -1.931 -1.957 -1.982 -2.004 -2.023 -2.041 -2.056 
-2.070 -2.081 -2.090 -2.097 -2.102 -2.105 -2.106 -2.105 -2.102 -2.097 
-2.089 -2.080 -2.068 -2.055 -2.039 -2.021 -2.000 -1.977 -1.952 -1.924 
-1.894 -1.861 -1.826 -1.787 -1.746 -1.702 -1.654 -1.603 -1.549 -1.491 
-1.430 -1.365 -1.296 -1.224 -1.148 -1.070 -0.991 -0.909 -0.828 -0.746 
-0.665 -0.586 -0.512 -0.446 -0.393 -0.356 -0.338 -0.338 -0.352 -0.375 
-0.405 -0.436 -0.469 -0.501 -0.534 -0.566 -0.600 -0.636 -0.675 -0.718 
-0.765 -0.816 -0.871 -0.930 -0.991 -1.053 -1.117 -1.181 -1.244 -1.305 
-1.366 -1.424 -1.480 -1.533 -1.584 -1.633 -1.679 -1.722 -1.763 -1.802 
-1.836 
-1.948 -1.985 -2.015 -2.043 -2.069 -2.091 -2.112 -2.130 -2.146 -2.159 
-2.170 -2.179 -2.185 -2.190 -2.192 -2.192 -2.190 -2.185 -2.178 -2.169 
-2.158 -2.144 -2.128 -2.110 -2.089 -2.066 -2.040 -2.011 -1.980 -1.946 
-1.909 -1.869 -1.825 -1.779 -1.728 -1.675 -1.617 -1.556 -1.491 -1.422 
-1.349 -1.273 -1.193 -1.112 -1.030 -0.948 -0.869 -0.794 -0.725 -0.669 
-0.638 -0.636 -0.648 -0.662 -0.673 -0.684 -0.696 -0.710 -0.727 -0.744 
-0.760 -0.774 -0.785 -0.795 -0.803 -0.812 -0.823 -0.837 -0.857 -0.884 
-0.917 -0.957 -1.002 -1.052 -1.106 -1.161 -1.219 -1.279 -1.340 -1.402 
-1.463 -1.523 -1.582 -1.638 -1.692 -1.742 -1.790 -1.835 -1.877 -1.915 
-1.938 
-1.957 -1.990 -2.030 -2.068 -2.102 -2.133 -2.161 -2.187 -2.209 -2.229 
-2.246 -2.261 -2.273 -2.283 -2.290 -2.295 -2.297 -2.297 -2.294 -2.289 
-2.281 -2.271 -2.258 -2.243 -2.225 -2.205 -2.181 -2.155 -2.126 -2.093 
-2.057 -2.018 -1.976 -1.930 -1.879 -1.825 -1.765 -1.702 -1.633 -1.558 
-1.478 -1.391 -1.298 -1.197 -1.088 -0.970 -0.843 -0.708 -0.577 -0.476 
-0.436 -0.468 -0.550 -0.651 -0.749 -0.834 -0.906 -0.964 -1.011 -1.047 
-1.075 -1.094 -1.106 -1.112 -1.113 -1.109 -1.103 -1.094 -1.085 -1.076 
-1.069 -1.066 -1.066 -1.070 -1.081 -1.100 -1.128 -1.167 -1.215 -1.273 
-1.337 -1.404 -1.473 -1.542 -1.609 -1.674 -1.735 -1.793 -1.847 -1.898 
-1.941 
-1.960 -1.994 -2.028 -2.059 -2.087 -2.113 -2.135 -2.155 -2.173 -2.188 
-2.200 -2.210 -2.218 -2.223 -2.226 -2.226 -2.224 -2.220 -2.213 -2.204 
-2.192 -2.178 -2.162 -2.142 -2.121 -2.096 -2.069 -2.039 -2.006 -1.969 
-1.930 -1.887 -1.841 -1.791 -1.738 -1.680 -1.619 -1.553 -1.484 -1.410 
-1.334 -1.255 -1.175 -1.096 -1.020 -0.950 -0.888 -0.833 -0.784 -0.747 
-0.734 -0.753 -0.791 -0.832 -0.870 -0.903 -0.931 -0.953 -0.970 -0.981 
-0.985 -0.984 -0.976 -0.963 -0.946 -0.924 -0.900 -0.876 -0.855 -0.840 
-0.835 -0.844 -0.869 -0.909 -0.962 -1.026 -1.096 -1.170 -1.245 -1.320 
-1.394 -1.466 -1.535 -1.600 -1.662 -1.720 -1.775 -1.826 -1.873 -1.916 
-1.948 
-1.976 -1.996 -2.034 -2.069 -2.101 -2.131 -2.157 -2.181 -2.202 -2.221 
-2.237 -2.250 -2.262 -2.271 -2.277 -2.281 -2.283 -2.283 -2.280 -2.275 
-2.268 -2.258 -2.246 -2.232 -2.215 -2.195 -2.173 -2.149 -2.121 -2.091 
-2.058 -2.021 -1.982 -1.939 -1.892 -1.842 -1.788 -1.730 -1.668 -1.601 
-1.529 -1.453 -1.371 -1.285 -1.193 -1.094 -0.989 -0.879 -0.781 -0.725 
-0.711 -0.711 -0.711 -0.715 -0.724 -0.739 -0.758 -0.778 -0.797 -0.811 
-0.821 -0.824 -0.821 -0.811 -0.794 -0.770 -0.740 -0.706 -0.670 -0.637 
-0.616 -0.619 -0.650 -0.705 -0.777 -0.861 -0.952 -1.047 -1.141 -1.233 
-1.321 -1.405 -1.484 -1.558 -1.627 -1.692 -1.753 -1.809 -1.861 -1.909 
-1.960 
-2.172 -2.229 -2.265 -2.299 -2.329 -2.356 -2.381 -2.403 -2.422 -2.439 
-2.453 -2.464 -2.474 -2.480 -2.485 -2.487 -2.486 -2.483 -2.478 -2.470 
-2.460 -2.448 -2.433 -2.415 -2.394 -2.371 -2.345 -2.316 -2.284 -2.248 
-2.209 -2.167 -2.120 -2.070 -2.015 -1.954 -1.889 -1.817 -1.739 -1.652 
-1.557 -1.452 -1.334 -1.202 -1.053 -0.887 -0.707 -0.533 -0.404 -0.361 
-0.405 -0.497 -0.599 -0.693 -0.773 -0.840 -0.894 -0.936 -0.967 -0.987 
-0.996 -0.995 -0.982 -0.958 -0.921 -0.871 -0.809 -0.734 -0.654 -0.580 
-0.538 -0.551 -0.623 -0.739 -0.873 -1.007 -1.136 -1.255 -1.365 -1.467 
-1.561 -1.647 -1.728 -1.802 -1.871 -1.935 -1.994 -2.048 -2.099 -2.146 
-2.161 
-2.141 -2.172 -2.206 -2.238 -2.266 -2.292 -2.316 -2.337 -2.356 -2.373 
-2.387 -2.399 -2.409 -2.416 -2.422 -2.425 -2.426 -2.425 -2.421 -2.415 
-2.407 -2.397 -2.384 -2.369 -2.352 -2.332 -2.310 -2.285 -2.257 -2.226 
-2.192 -2.156 -2.116 -2.072 -2.025 -1.974 -1.918 -1.858 -1.793 -1.722 
-1.644 -1.559 -1.466 -1.364 -1.251 -1.125 -0.988 -0.845 -0.715 -0.629 
-0.592 -0.593 -0.627 -0.685 -0.755 -0.824 -0.887 -0.941 -0.987 -1.025 
-1.056 -1.080 -1.097 -1.109 -1.114 -1.112 -1.104 -1.087 -1.062 -1.035 
-1.019 -1.034 -1.085 -1.155 -1.229 -1.299 -1.366 -1.432 -1.497 -1.561 
-1.624 -1.686 -1.746 -1.804 -1.860 -1.912 -1.963 -2.010 -2.055 -2.097 
-2.128 
-2.015 -2.042 -2.071 -2.098 -2.123 -2.145 -2.165 -2.183 -2.199 -2.213 
-2.225 -2.234 -2.242 -2.248 -2.252 -2.254 -2.254 -2.251 -2.247 -2.241 
-2.233 -2.223 -2.211 -2.197 -2.181 -2.163 -2.142 -2.120 -2.095 -2.068 
-2.038 -2.007 -1.973 -1.936 -1.897 -1.855 -1.811 -1.764 -1.714 -1.661 
-1.606 -1.547 -1.485 -1.421 -1.353 -1.282 -1.209 -1.132 -1.054 -0.979 
-0.913 -0.861 -0.822 -0.790 -0.765 -0.751 -0.755 -0.772 -0.797 -0.823 
-0.848 -0.874 -0.899 -0.924 -0.949 -0.976 -1.004 -1.034 -1.065 -1.098 
-1.132 -1.168 -1.205 -1.244 -1.286 -1.329 -1.375 -1.423 -1.472 -1.523 
-1.575 -1.626 -1.677 -1.726 -1.773 -1.819 -1.862 -1.903 -1.941 -1.977 
-2.006 
-1.967 -1.989 -2.032 -2.073 -2.110 -2.145 -2.177 -2.206 -2.233 -2.257 
-2.279 -2.298 -2.315 -2.329 -2.342 -2.352 -2.359 -2.365 -2.368 -2.369 
-2.368 -2.364 -2.359 -2.351 -2.340 -2.328 -2.313 -2.296 -2.276 -2.253 
-2.229 -2.201 -2.171 -2.137 -2.101 -2.062 -2.019 -1.973 -1.924 -1.870 
-1.812 -1.749 -1.682 -1.608 -1.528 -1.440 -1.343 -1.235 -1.113 -0.981 
-0.854 -0.761 -0.686 -0.607 -0.537 -0.500 -0.506 -0.550 -0.616 -0.687 
-0.756 -0.817 -0.870 -0.914 -0.951 -0.981 -1.006 -1.025 -1.040 -1.051 
-1.060 -1.067 -1.076 -1.086 -1.100 -1.121 -1.150 -1.188 -1.235 -1.289 
-1.349 -1.412 -1.477 -1.542 -1.606 -1.669 -1.729 -1.787 -1.842 -1.894 
-1.949 
-2.073 -2.145 -2.191 -2.235 -2.275 -2.311 -2.345 -2.377 -2.405 -2.431 
-2.454 -2.474 -2.492 -2.507 -2.520 -2.530 -2.538 -2.544 -2.547 -2.547 
-2.545 -2.541 -2.534 -2.525 -2.513 -2.499 -2.482 -2.462 -2.439 -2.414 
-2.385 -2.353 -2.318 -2.279 -2.236 -2.189 -2.138 -2.081 -2.020 -1.952 
-1.878 -1.796 -1.705 -1.604 -1.491 -1.363 -1.218 -1.052 -0.870 -0.693 
-0.567 -0.541 -0.607 -0.707 -0.794 -0.863 -0.929 -1.001 -1.073 -1.140 
-1.199 -1.247 -1.286 -1.316 -1.336 -1.348 -1.353 -1.350 -1.340 -1.325 
-1.304 -1.279 -1.253 -1.229 -1.210 -1.204 -1.213 -1.242 -1.289 -1.351 
-1.422 -1.498 -1.575 -1.651 -1.725 -1.795 -1.863 -1.926 -1.986 -2.042 
-2.059 
-1.939 -1.954 -1.994 -2.033 -2.070 -2.104 -2.137 -2.167 -2.194 -2.220 
-2.243 -2.263 -2.282 -2.298 -2.311 -2.323 -2.332 -2.338 -2.343 -2.345 
-2.345 -2.342 -2.338 -2.330 -2.321 -2.309 -2.294 -2.277 -2.257 -2.234 
-2.209 -2.181 -2.149 -2.114 -2.076 -2.035 -1.990 -1.940 -1.887 -1.829 
-1.766 -1.698 -1.625 -1.546 -1.461 -1.371 -1.274 -1.173 -1.067 -0.962 
-0.877 -0.847 -0.871 -0.917 -0.970 -1.027 -1.084 -1.139 -1.192 -1.239 
-1.282 -1.319 -1.350 -1.377 -1.398 -1.415 -1.426 -1.434 -1.437 -1.437 
-1.433 -1.427 -1.420 -1.412 -1.405 -1.403 -1.406 -1.417 -1.436 -1.460 
-1.489 -1.523 -1.560 -1.600 -1.642 -1.686 -1.731 -1.777 -1.823 -1.868 
-1.922 
-2.034 -2.076 -2.116 -2.154 -2.190 -2.223 -2.254 -2.283 -2.309 -2.333 
-2.354 -2.374 -2.390 -2.405 -2.417 -2.428 -2.436 -2.441 -2.445 -2.446 
-2.445 -2.442 -2.437 -2.429 -2.419 -2.406 -2.391 -2.374 -2.354 -2.332 
-2.307 -2.279 -2.248 -2.213 -2.176 -2.135 -2.091 -2.042 -1.989 -1.930 
-1.866 -1.794 -1.712 -1.618 -1.503 -1.364 -1.217 -1.152 -1.180 -1.198 
-1.185 -1.161 -1.141 -1.131 -1.133 -1.146 -1.167 -1.195 -1.225 -1.257 
-1.287 -1.316 -1.342 -1.365 -1.384 -1.400 -1.412 -1.422 -1.430 -1.435 
-1.440 -1.444 -1.448 -1.453 -1.460 -1.470 -1.482 -1.498 -1.517 -1.540 
-1.569 -1.604 -1.646 -1.692 -1.741 -1.792 -1.843 -1.893 -1.942 -1.988 
-2.021 
-2.157 -2.204 -2.257 -2.306 -2.351 -2.393 -2.430 -2.464 -2.495 -2.522 
-2.546 -2.567 -2.586 -2.601 -2.613 -2.623 -2.630 -2.634 -2.636 -2.635 
-2.631 -2.624 -2.615 -2.602 -2.587 -2.568 -2.547 -2.522 -2.494 -2.462 
-2.426 -2.386 -2.341 -2.292 -2.237 -2.176 -2.108 -2.033 -1.948 -1.852 
-1.743 -1.617 -1.471 -1.299 -1.097 -0.877 -0.701 -0.657 -0.769 -0.949 
-1.119 -1.255 -1.359 -1.438 -1.501 -1.555 -1.602 -1.644 -1.682 -1.716 
-1.745 -1.770 -1.790 -1.805 -1.815 -1.820 -1.821 -1.818 -1.810 -1.798 
-1.782 -1.763 -1.740 -1.714 -1.685 -1.654 -1.622 -1.591 -1.565 -1.548 
-1.548 -1.566 -1.605 -1.660 -1.727 -1.799 -1.874 -1.947 -2.018 -2.084 
-2.135 
-2.253 -2.293 -2.334 -2.372 -2.406 -2.438 -2.467 -2.492 -2.515 -2.536 
-2.553 -2.568 -2.580 -2.590 -2.597 -2.601 -2.603 -2.603 -2.599 -2.594 
-2.585 -2.574 -2.560 -2.544 -2.524 -2.502 -2.476 -2.447 -2.415 -2.379 
-2.340 -2.296 -2.248 -2.196 -2.138 -2.075 -2.005 -1.929 -1.845 -1.753 
-1.651 -1.539 -1.415 -1.282 -1.141 -0.999 -0.878 -0.828 -0.866 -0.946 
-1.044 -1.147 -1.245 -1.334 -1.412 -1.480 -1.537 -1.586 -1.626 -1.658 
-1.684 -1.702 -1.715 -1.722 -1.724 -1.721 -1.713 -1.701 -1.686 -1.668 
-1.648 -1.629 -1.611 -1.598 -1.591 -1.592 -1.602 -1.619 -1.643 -1.673 
-1.710 -1.754 -1.806 -1.862 -1.921 -1.981 -2.040 -2.096 -2.150 -2.201 
-2.240 
-2.327 -2.363 -2.404 -2.441 -2.475 -2.506 -2.534 -2.559 -2.581 -2.601 
-2.617 -2.632 -2.643 -2.652 -2.658 -2.662 -2.663 -2.662 -2.658 -2.652 
-2.643 -2.632 -2.617 -2.601 -2.581 -2.558 -2.532 -2.504 -2.472 -2.436 
-2.397 -2.354 -2.306 -2.255 -2.198 -2.137 -2.069 -1.995 -1.915 -1.826 
-1.729 -1.624 -1.509 -1.386 -1.257 -1.129 -1.013 -0.926 -0.884 -0.896 
-0.954 -1.040 -1.133 -1.223 -1.303 -1.373 -1.431 -1.480 -1.518 -1.548 
-1.570 -1.584 -1.590 -1.589 -1.582 -1.568 -1.547 -1.521 -1.490 -1.454 
-1.416 -1.378 -1.343 -1.317 -1.308 -1.324 -1.366 -1.429 -1.504 -1.584 
-1.666 -1.748 -1.827 -1.903 -1.974 -2.042 -2.106 -2.165 -2.220 -2.272 
-2.311 
-2.366 -2.408 -2.451 -2.490 -2.525 -2.556 -2.584 -2.610 -2.632 -2.651 
-2.667 -2.681 -2.692 -2.700 -2.705 -2.708 -2.708 -2.706 -2.701 -2.693 
-2.683 -2.670 -2.654 -2.635 -2.613 -2.588 -2.560 -2.529 -2.494 -2.455 
-2.413 -2.366 -2.315 -2.259 -2.198 -2.132 -2.059 -1.980 -1.894 -1.800 
-1.699 -1.592 -1.480 -1.370 -1.271 -1.193 -1.144 -1.127 -1.140 -1.182 
-1.245 -1.317 -1.390 -1.456 -1.515 -1.566 -1.607 -1.641 -1.666 -1.684 
-1.693 -1.696 -1.691 -1.678 -1.658 -1.630 -1.593 -1.548 -1.494 -1.432 
-1.361 -1.284 -1.208 -1.144 -1.108 -1.116 -1.171 -1.261 -1.370 -1.486 
-1.598 -1.705 -1.804 -1.896 -1.980 -2.058 -2.130 -2.195 -2.256 -2.311 
-2.350 
-2.374 -2.402 -2.445 -2.484 -2.520 -2.553 -2.582 -2.609 -2.632 -2.653 
-2.671 -2.686 -2.699 -2.709 -2.717 -2.722 -2.724 -2.724 -2.722 -2.717 
-2.709 -2.699 -2.686 -2.671 -2.652 -2.631 -2.608 -2.581 -2.551 -2.517 
-2.481 -2.441 -2.397 -2.349 -2.297 -2.240 -2.178 -2.112 -2.040 -1.963 
-1.880 -1.792 -1.700 -1.606 -1.515 -1.434 -1.368 -1.323 -1.298 -1.294 
-1.310 -1.343 -1.386 -1.434 -1.482 -1.528 -1.568 -1.603 -1.632 -1.654 
-1.669 -1.678 -1.680 -1.676 -1.666 -1.649 -1.626 -1.598 -1.564 -1.527 
-1.487 -1.447 -1.409 -1.379 -1.363 -1.371 -1.404 -1.458 -1.525 -1.601 
-1.680 -1.761 -1.841 -1.919 -1.994 -2.065 -2.131 -2.194 -2.252 -2.306 
-2.357 
-2.506 -2.547 -2.584 -2.618 -2.648 -2.675 -2.700 -2.721 -2.740 -2.756 
-2.769 -2.780 -2.788 -2.794 -2.797 -2.798 -2.797 -2.792 -2.786 -2.776 
-2.765 -2.750 -2.733 -2.714 -2.691 -2.666 -2.638 -2.606 -2.572 -2.534 
-2.493 -2.448 -2.400 -2.347 -2.291 -2.230 -2.164 -2.094 -2.020 -1.942 
-1.860 -1.777 -1.694 -1.616 -1.546 -1.489 -1.449 -1.426 -1.421 -1.433 
-1.457 -1.490 -1.528 -1.565 -1.600 -1.631 -1.657 -1.677 -1.690 -1.697 
-1.698 -1.693 -1.681 -1.662 -1.638 -1.608 -1.573 -1.535 -1.496 -1.458 
-1.427 -1.405 -1.396 -1.399 -1.413 -1.443 -1.500 -1.583 -1.677 -1.773 
-1.865 -1.952 -2.033 -2.109 -2.180 -2.246 -2.307 -2.363 -2.415 -2.463 
-2.493 
-2.563 -2.614 -2.658 -2.698 -2.734 -2.767 -2.795 -2.821 -2.843 -2.862 
-2.878 -2.892 -2.902 -2.910 -2.914 -2.916 -2.916 -2.912 -2.906 -2.897 
-2.886 -2.871 -2.854 -2.833 -2.810 -2.783 -2.754 -2.720 -2.684 -2.643 
-2.598 -2.550 -2.497 -2.439 -2.376 -2.308 -2.234 -2.155 -2.070 -1.980 
-1.887 -1.794 -1.705 -1.627 -1.568 -1.535 -1.533 -1.560 -1.605 -1.660 
-1.717 -1.773 -1.825 -1.871 -1.910 -1.944 -1.971 -1.991 -2.004 -2.012 
-2.012 -2.006 -1.993 -1.974 -1.947 -1.913 -1.871 -1.822 -1.765 -1.699 
-1.624 -1.540 -1.447 -1.350 -1.265 -1.222 -1.245 -1.328 -1.447 -1.577 
-1.706 -1.830 -1.945 -2.050 -2.147 -2.234 -2.314 -2.386 -2.451 -2.511 
-2.547 
-2.518 -2.544 -2.596 -2.642 -2.684 -2.722 -2.756 -2.786 -2.813 -2.837 
-2.857 -2.874 -2.888 -2.899 -2.907 -2.913 -2.915 -2.915 -2.912 -2.906 
-2.897 -2.886 -2.871 -2.854 -2.833 -2.809 -2.782 -2.751 -2.717 -2.679 
-2.636 -2.590 -2.538 -2.482 -2.420 -2.352 -2.278 -2.197 -2.108 -2.011 
-1.906 -1.795 -1.680 -1.570 -1.476 -1.414 -1.397 -1.422 -1.477 -1.547 
-1.621 -1.694 -1.763 -1.825 -1.880 -1.927 -1.967 -1.999 -2.024 -2.042 
-2.053 -2.057 -2.055 -2.046 -2.030 -2.009 -1.981 -1.948 -1.910 -1.867 
-1.819 -1.766 -1.706 -1.637 -1.565 -1.505 -1.470 -1.463 -1.481 -1.528 
-1.605 -1.701 -1.808 -1.915 -2.018 -2.114 -2.203 -2.284 -2.358 -2.426 
-2.494 
-2.680 -2.736 -2.773 -2.806 -2.835 -2.862 -2.885 -2.906 -2.924 -2.940 
-2.953 -2.963 -2.971 -2.976 -2.979 -2.980 -2.978 -2.974 -2.968 -2.959 
-2.948 -2.934 -2.918 -2.899 -2.878 -2.854 -2.827 -2.797 -2.765 -2.729 
-2.690 -2.648 -2.602 -2.552 -2.498 -2.440 -2.377 -2.309 -2.236 -2.157 
-2.071 -1.980 -1.883 -1.784 -1.686 -1.599 -1.529 -1.479 -1.451 -1.444 
-1.457 -1.485 -1.522 -1.561 -1.599 -1.632 -1.659 -1.680 -1.696 -1.705 
-1.709 -1.708 -1.702 -1.692 -1.678 -1.661 -1.642 -1.622 -1.605 -1.593 
-1.591 -1.602 -1.628 -1.668 -1.715 -1.765 -1.811 -1.856 -1.906 -1.967 
-2.042 -2.124 -2.208 -2.288 -2.362 -2.431 -2.494 -2.552 -2.605 -2.653 
-2.669 
-2.609 -2.642 -2.670 -2.695 -2.717 -2.737 -2.754 -2.770 -2.783 -2.794 
-2.802 -2.809 -2.813 -2.815 -2.815 -2.814 -2.810 -2.803 -2.795 -2.785 
-2.773 -2.758 -2.741 -2.723 -2.702 -2.678 -2.653 -2.625 -2.595 -2.562 
-2.527 -2.489 -2.449 -2.406 -2.360 -2.311 -2.260 -2.206 -2.149 -2.089 
-2.027 -1.964 -1.901 -1.839 -1.782 -1.731 -1.687 -1.651 -1.622 -1.602 
-1.589 -1.581 -1.575 -1.570 -1.566 -1.561 -1.557 -1.552 -1.548 -1.543 
-1.540 -1.537 -1.537 -1.540 -1.547 -1.558 -1.574 -1.594 -1.619 -1.648 
-1.681 -1.718 -1.758 -1.802 -1.848 -1.895 -1.943 -1.994 -2.046 -2.101 
-2.157 -2.213 -2.268 -2.321 -2.371 -2.419 -2.464 -2.505 -2.544 -2.579 
-2.601 
-2.485 -2.499 -2.537 -2.572 -2.603 -2.632 -2.657 -2.680 -2.699 -2.716 
-2.730 -2.742 -2.751 -2.757 -2.761 -2.762 -2.760 -2.757 -2.750 -2.741 
-2.730 -2.716 -2.699 -2.679 -2.657 -2.632 -2.604 -2.572 -2.538 -2.500 
-2.459 -2.414 -2.365 -2.313 -2.256 -2.194 -2.129 -2.058 -1.984 -1.907 
-1.827 -1.749 -1.675 -1.610 -1.562 -1.535 -1.528 -1.541 -1.566 -1.599 
-1.635 -1.670 -1.701 -1.730 -1.754 -1.774 -1.791 -1.803 -1.813 -1.819 
-1.824 -1.825 -1.826 -1.825 -1.824 -1.822 -1.819 -1.816 -1.810 -1.802 
-1.790 -1.775 -1.758 -1.741 -1.728 -1.722 -1.726 -1.745 -1.777 -1.822 
-1.876 -1.938 -2.003 -2.068 -2.133 -2.195 -2.255 -2.311 -2.363 -2.412 
-2.467 
-2.640 -2.675 -2.701 -2.725 -2.746 -2.765 -2.781 -2.794 -2.806 -2.815 
-2.821 -2.826 -2.828 -2.828 -2.826 -2.821 -2.814 -2.806 -2.794 -2.781 
-2.765 -2.747 -2.726 -2.703 -2.677 -2.649 -2.618 -2.584 -2.548 -2.508 
-2.466 -2.420 -2.371 -2.319 -2.263 -2.204 -2.142 -2.077 -2.009 -1.940 
-1.871 -1.805 -1.745 -1.694 -1.653 -1.622 -1.601 -1.590 -1.585 -1.587 
-1.593 -1.602 -1.614 -1.626 -1.638 -1.649 -1.658 -1.666 -1.672 -1.677 
-1.681 -1.683 -1.686 -1.690 -1.696 -1.704 -1.716 -1.731 -1.749 -1.771 
-1.797 -1.825 -1.856 -1.890 -1.926 -1.964 -2.004 -2.048 -2.096 -2.148 
-2.201 -2.256 -2.309 -2.361 -2.411 -2.457 -2.501 -2.542 -2.580 -2.614 
-2.632 
-2.776 -2.808 -2.836 -2.861 -2.884 -2.904 -2.921 -2.935 -2.947 -2.957 
-2.963 -2.968 -2.969 -2.969 -2.966 -2.960 -2.952 -2.941 -2.927 -2.911 
-2.892 -2.871 -2.846 -2.819 -2.788 -2.754 -2.717 -2.676 -2.631 -2.583 
-2.530 -2.472 -2.410 -2.343 -2.271 -2.193 -2.111 -2.025 -1.936 -1.849 
-1.768 -1.698 -1.645 -1.609 -1.587 -1.577 -1.584 -1.621 -1.677 -1.737 
-1.791 -1.837 -1.876 -1.908 -1.934 -1.955 -1.970 -1.980 -1.986 -1.986 
-1.983 -1.975 -1.964 -1.949 -1.932 -1.911 -1.890 -1.867 -1.847 -1.830 
-1.820 -1.821 -1.836 -1.863 -1.904 -1.956 -2.015 -2.080 -2.147 -2.214 
-2.281 -2.345 -2.407 -2.465 -2.520 -2.571 -2.619 -2.663 -2.704 -2.742 
-2.766 
-2.785 -2.822 -2.860 -2.895 -2.926 -2.955 -2.980 -3.003 -3.022 -3.039 
-3.053 -3.065 -3.074 -3.080 -3.083 -3.084 -3.082 -3.078 -3.071 -3.061 
-3.048 -3.033 -3.015 -2.993 -2.969 -2.941 -2.910 -2.876 -2.838 -2.795 
-2.749 -2.698 -2.642 -2.581 -2.514 -2.441 -2.361 -2.274 -2.179 -2.077 
-1.968 -1.850 -1.724 -1.591 -1.458 -1.349 -1.295 -1.313 -1.390 -1.498 
-1.611 -1.716 -1.808 -1.888 -1.954 -2.010 -2.056 -2.092 -2.120 -2.141 
-2.155 -2.161 -2.162 -2.157 -2.146 -2.130 -2.110 -2.086 -2.060 -2.033 
-2.008 -1.986 -1.970 -1.962 -1.964 -1.976 -1.999 -2.032 -2.077 -2.130 
-2.190 -2.255 -2.323 -2.390 -2.455 -2.518 -2.578 -2.634 -2.686 -2.735 
-2.771 
-2.775 -2.807 -2.854 -2.896 -2.936 -2.971 -3.003 -3.032 -3.057 -3.079 
-3.099 -3.115 -3.128 -3.139 -3.147 -3.152 -3.154 -3.154 -3.150 -3.144 
-3.135 -3.124 -3.109 -3.091 -3.070 -3.047 -3.019 -2.988 -2.954 -2.915 
-2.873 -2.826 -2.774 -2.717 -2.654 -2.585 -2.510 -2.429 -2.340 -2.246 
-2.146 -2.044 -1.938 -1.828 -1.713 -1.603 -1.520 -1.488 -1.510 -1.576 
-1.668 -1.767 -1.862 -1.948 -2.022 -2.085 -2.138 -2.181 -2.215 -2.241 
-2.260 -2.270 -2.274 -2.271 -2.260 -2.243 -2.219 -2.189 -2.153 -2.115 
-2.076 -2.041 -2.014 -1.995 -1.982 -1.972 -1.967 -1.972 -1.990 -2.024 
-2.074 -2.137 -2.209 -2.285 -2.362 -2.437 -2.509 -2.577 -2.641 -2.701 
-2.755 
-2.886 -2.926 -2.962 -2.995 -3.024 -3.049 -3.071 -3.090 -3.107 -3.120 
-3.130 -3.137 -3.142 -3.144 -3.143 -3.139 -3.133 -3.124 -3.112 -3.097 
-3.079 -3.058 -3.034 -3.006 -2.976 -2.941 -2.903 -2.861 -2.815 -2.765 
-2.710 -2.649 -2.584 -2.512 -2.435 -2.351 -2.262 -2.168 -2.071 -1.975 
-1.887 -1.814 -1.766 -1.744 -1.744 -1.755 -1.767 -1.777 -1.789 -1.809 
-1.849 -1.913 -1.985 -2.049 -2.101 -2.141 -2.170 -2.189 -2.199 -2.201 
-2.195 -2.180 -2.158 -2.128 -2.090 -2.045 -1.993 -1.935 -1.874 -1.816 
-1.767 -1.737 -1.732 -1.754 -1.795 -1.845 -1.898 -1.959 -2.034 -2.122 
-2.215 -2.305 -2.392 -2.473 -2.548 -2.617 -2.681 -2.740 -2.793 -2.842 
-2.875 
-2.943 -2.998 -3.048 -3.094 -3.136 -3.173 -3.207 -3.238 -3.264 -3.288 
-3.308 -3.326 -3.340 -3.351 -3.360 -3.366 -3.368 -3.369 -3.366 -3.360 
-3.352 -3.341 -3.326 -3.309 -3.289 -3.265 -3.238 -3.207 -3.173 -3.134 
-3.092 -3.045 -2.992 -2.935 -2.872 -2.803 -2.728 -2.646 -2.559 -2.467 
-2.374 -2.283 -2.194 -2.102 -1.997 -1.870 -1.747 -1.666 -1.606 -1.556 
-1.556 -1.623 -1.731 -1.848 -1.957 -2.049 -2.126 -2.188 -2.237 -2.274 
-2.301 -2.317 -2.324 -2.322 -2.311 -2.291 -2.262 -2.224 -2.179 -2.128 
-2.072 -2.015 -1.957 -1.896 -1.830 -1.766 -1.723 -1.724 -1.779 -1.878 
-2.000 -2.128 -2.252 -2.368 -2.474 -2.571 -2.660 -2.741 -2.814 -2.881 
-2.924 
-2.892 -2.923 -2.974 -3.020 -3.062 -3.101 -3.135 -3.166 -3.194 -3.218 
-3.239 -3.257 -3.272 -3.285 -3.294 -3.300 -3.304 -3.304 -3.302 -3.297 
-3.289 -3.278 -3.265 -3.248 -3.228 -3.204 -3.178 -3.147 -3.113 -3.075 
-3.033 -2.985 -2.933 -2.875 -2.812 -2.741 -2.663 -2.576 -2.480 -2.374 
-2.258 -2.130 -1.990 -1.832 -1.654 -1.479 -1.363 -1.363 -1.463 -1.596 
-1.725 -1.851 -1.970 -2.077 -2.167 -2.243 -2.306 -2.357 -2.398 -2.430 
-2.453 -2.469 -2.478 -2.480 -2.474 -2.462 -2.443 -2.418 -2.385 -2.345 
-2.299 -2.245 -2.186 -2.123 -2.060 -2.003 -1.961 -1.946 -1.964 -2.011 
-2.077 -2.158 -2.246 -2.337 -2.427 -2.513 -2.594 -2.671 -2.742 -2.807 
-2.870 
-3.000 -3.048 -3.088 -3.125 -3.158 -3.188 -3.214 -3.237 -3.257 -3.273 
-3.287 -3.298 -3.306 -3.311 -3.313 -3.312 -3.308 -3.302 -3.293 -3.281 
-3.265 -3.247 -3.226 -3.201 -3.173 -3.141 -3.106 -3.066 -3.022 -2.974 
-2.921 -2.863 -2.799 -2.729 -2.652 -2.569 -2.478 -2.380 -2.276 -2.169 
-2.065 -1.974 -1.905 -1.865 -1.845 -1.825 -1.810 -1.855 -1.964 -2.084 
-2.188 -2.274 -2.345 -2.403 -2.450 -2.488 -2.518 -2.541 -2.557 -2.566 
-2.568 -2.565 -2.556 -2.540 -2.519 -2.491 -2.458 -2.418 -2.373 -2.322 
-2.267 -2.209 -2.153 -2.103 -2.067 -2.051 -2.061 -2.096 -2.152 -2.222 
-2.302 -2.387 -2.472 -2.555 -2.634 -2.708 -2.777 -2.841 -2.900 -2.954 
-2.986 
-3.066 -3.089 -3.122 -3.152 -3.178 -3.202 -3.222 -3.240 -3.255 -3.268 
-3.277 -3.284 -3.289 -3.290 -3.289 -3.286 -3.280 -3.271 -3.259 -3.245 
-3.227 -3.207 -3.184 -3.158 -3.128 -3.095 -3.058 -3.018 -2.973 -2.925 
-2.872 -2.814 -2.751 -2.682 -2.608 -2.527 -2.441 -2.349 -2.254 -2.157 
-2.065 -1.986 -1.929 -1.904 -1.911 -1.944 -1.995 -2.054 -2.116 -2.175 
-2.230 -2.280 -2.323 -2.360 -2.391 -2.416 -2.435 -2.447 -2.454 -2.454 
-2.449 -2.438 -2.420 -2.396 -2.367 -2.331 -2.290 -2.247 -2.205 -2.171 
-2.152 -2.148 -2.155 -2.169 -2.189 -2.217 -2.257 -2.308 -2.368 -2.434 
-2.503 -2.572 -2.638 -2.703 -2.764 -2.821 -2.875 -2.925 -2.971 -3.014 
-3.053 
-3.123 -3.169 -3.197 -3.221 -3.243 -3.262 -3.278 -3.292 -3.303 -3.312 
-3.319 -3.323 -3.324 -3.324 -3.321 -3.315 -3.308 -3.298 -3.285 -3.270 
-3.253 -3.233 -3.211 -3.186 -3.159 -3.129 -3.096 -3.060 -3.021 -2.980 
-2.934 -2.886 -2.834 -2.778 -2.719 -2.656 -2.588 -2.517 -2.443 -2.367 
-2.291 -2.219 -2.156 -2.106 -2.072 -2.054 -2.050 -2.058 -2.074 -2.096 
-2.119 -2.142 -2.162 -2.178 -2.190 -2.196 -2.197 -2.192 -2.182 -2.166 
-2.144 -2.117 -2.085 -2.047 -2.003 -1.954 -1.901 -1.848 -1.803 -1.779 
-1.786 -1.829 -1.904 -1.998 -2.100 -2.201 -2.299 -2.391 -2.477 -2.558 
-2.633 -2.704 -2.769 -2.829 -2.885 -2.937 -2.984 -3.028 -3.069 -3.105 
-3.114 
-3.019 -3.014 -3.033 -3.050 -3.065 -3.077 -3.088 -3.096 -3.102 -3.106 
-3.108 -3.108 -3.106 -3.102 -3.096 -3.088 -3.078 -3.066 -3.052 -3.037 
-3.019 -2.999 -2.977 -2.953 -2.928 -2.900 -2.871 -2.839 -2.806 -2.771 
-2.734 -2.696 -2.656 -2.614 -2.571 -2.526 -2.480 -2.432 -2.382 -2.331 
-2.279 -2.227 -2.180 -2.144 -2.122 -2.111 -2.107 -2.105 -2.104 -2.101 
-2.097 -2.091 -2.082 -2.072 -2.059 -2.044 -2.026 -2.007 -1.987 -1.966 
-1.945 -1.926 -1.910 -1.899 -1.892 -1.892 -1.896 -1.906 -1.919 -1.939 
-1.969 -2.014 -2.073 -2.145 -2.221 -2.298 -2.372 -2.441 -2.506 -2.566 
-2.622 -2.674 -2.722 -2.766 -2.807 -2.845 -2.880 -2.912 -2.941 -2.968 
-3.011 
-3.170 -3.230 -3.260 -3.286 -3.309 -3.330 -3.348 -3.363 -3.375 -3.385 
-3.392 -3.396 -3.398 -3.398 -3.395 -3.390 -3.382 -3.372 -3.359 -3.344 
-3.326 -3.305 -3.282 -3.256 -3.227 -3.195 -3.160 -3.122 -3.080 -3.034 
-2.984 -2.930 -2.871 -2.806 -2.736 -2.659 -2.575 -2.483 -2.384 -2.278 
-2.171 -2.071 -1.990 -1.940 -1.925 -1.936 -1.964 -2.004 -2.058 -2.120 
-2.182 -2.235 -2.279 -2.313 -2.338 -2.354 -2.362 -2.364 -2.360 -2.350 
-2.336 -2.317 -2.295 -2.269 -2.240 -2.207 -2.169 -2.125 -2.078 -2.032 
-1.998 -1.989 -2.013 -2.069 -2.148 -2.239 -2.332 -2.421 -2.506 -2.586 
-2.662 -2.734 -2.801 -2.865 -2.924 -2.979 -3.031 -3.078 -3.121 -3.161 
-3.161 
-3.092 -3.107 -3.148 -3.185 -3.220 -3.251 -3.279 -3.304 -3.326 -3.346 
-3.362 -3.376 -3.388 -3.396 -3.402 -3.405 -3.406 -3.404 -3.400 -3.392 
-3.382 -3.370 -3.354 -3.335 -3.314 -3.289 -3.261 -3.230 -3.195 -3.156 
-3.114 -3.066 -3.014 -2.957 -2.895 -2.826 -2.750 -2.668 -2.577 -2.478 
-2.371 -2.258 -2.143 -2.029 -1.918 -1.819 -1.749 -1.726 -1.756 -1.828 
-1.920 -2.016 -2.106 -2.187 -2.256 -2.316 -2.365 -2.405 -2.437 -2.461 
-2.478 -2.487 -2.489 -2.485 -2.473 -2.455 -2.431 -2.401 -2.366 -2.329 
-2.296 -2.271 -2.261 -2.263 -2.274 -2.291 -2.314 -2.344 -2.382 -2.429 
-2.483 -2.542 -2.604 -2.668 -2.732 -2.794 -2.854 -2.911 -2.965 -3.016 
-3.074 
-3.187 -3.242 -3.279 -3.314 -3.344 -3.372 -3.397 -3.419 -3.439 -3.455 
-3.469 -3.480 -3.489 -3.495 -3.499 -3.500 -3.498 -3.494 -3.487 -3.478 
-3.466 -3.451 -3.434 -3.413 -3.390 -3.363 -3.334 -3.301 -3.264 -3.224 
-3.180 -3.132 -3.079 -3.021 -2.958 -2.888 -2.813 -2.730 -2.639 -2.540 
-2.432 -2.314 -2.189 -2.061 -1.939 -1.838 -1.777 -1.768 -1.809 -1.883 
-1.971 -2.059 -2.141 -2.213 -2.274 -2.326 -2.368 -2.402 -2.427 -2.445 
-2.455 -2.458 -2.454 -2.444 -2.428 -2.406 -2.378 -2.347 -2.313 -2.279 
-2.249 -2.225 -2.214 -2.219 -2.240 -2.278 -2.330 -2.392 -2.459 -2.531 
-2.604 -2.676 -2.748 -2.816 -2.882 -2.945 -3.003 -3.058 -3.110 -3.157 
-3.170 
