IRGRID 64 91
1e+308

0.025 0.03 0.035 0.04 0.045 0.05 0.055 0.06 0.065 0.07
0.075 0.08 0.085 0.09 0.095 0.1 0.11 0.12 0.13 0.14
0.15 0.16 0.17 0.18 0.19 0.2 0.21 0.22 0.23 0.24
0.25 0.26 0.27 0.28 0.29 0.3 0.31 0.32 0.33 0.34
0.35 0.36 0.37 0.38 0.39 0.4 0.41 0.42 0.43 0.44
0.45 0.46 0.47 0.48 0.49 0.5 0.51 0.52 0.53 0.54
0.55 0.56 0.57 0.58
0 4 8 12 16 20 24 28 32 36
40 44 48 52 56 60 64 68 72 76
80 84 88 92 96 100 104 108 112 116
120 124 128 132 136 140 144 148 152 156
160 164 168 172 176 180 184 188 192 196
200 204 208 212 216 220 224 228 232 236
240 244 248 252 256 260 264 268 272 276
280 284 288 292 296 300 304 308 312 316
320 324 328 332 336 340 344 348 352 356
360
-3.504 -3.589 -3.608 -3.623 -3.634 -3.642 -3.646 -3.647 -3.645 -3.639 
-3.630 -3.617 -3.602 -3.583 -3.561 -3.537 -3.509 -3.479 -3.447 -3.414 
-3.380 -3.345 -3.313 -3.283 -3.258 -3.239 -3.229 -3.227 -3.235 -3.252 
-3.277 -3.309 -3.345 -3.385 -3.426 -3.467 -3.507 -3.546 -3.583 -3.618 
-3.650 -3.679 -3.705 -3.729 -3.749 -3.766 -3.781 -3.792 -3.800 -3.806 
-3.808 -3.807 -3.804 -3.797 -3.787 -3.773 -3.757 -3.737 -3.714 -3.686 
-3.656 -3.621 -3.582 -3.539 -3.491 -3.438 -3.381 -3.320 -3.254 -3.184 
-3.113 -3.043 -2.980 -2.930 -2.899 -2.892 -2.908 -2.946 -2.996 -3.055 
-3.116 -3.178 -3.237 -3.293 -3.345 -3.392 -3.436 -3.475 -3.509 -3.540 
-3.496 
-3.259 -3.244 -3.261 -3.274 -3.284 -3.291 -3.295 -3.295 -3.292 -3.286 
-3.277 -3.265 -3.249 -3.231 -3.211 -3.187 -3.161 -3.134 -3.104 -3.074 
-3.043 -3.013 -2.985 -2.959 -2.938 -2.922 -2.912 -2.908 -2.911 -2.920 
-2.935 -2.956 -2.981 -3.010 -3.042 -3.076 -3.111 -3.145 -3.179 -3.210 
-3.239 -3.266 -3.290 -3.311 -3.328 -3.343 -3.354 -3.362 -3.367 -3.367 
-3.365 -3.358 -3.347 -3.332 -3.311 -3.286 -3.254 -3.215 -3.166 -3.107 
-3.033 -2.939 -2.818 -2.660 -2.464 -2.280 -2.269 -2.440 -2.612 -2.720 
-2.770 -2.784 -2.776 -2.761 -2.747 -2.741 -2.745 -2.760 -2.785 -2.819 
-2.858 -2.900 -2.944 -2.988 -3.030 -3.070 -3.108 -3.142 -3.172 -3.200 
-3.249 
-3.269 -3.338 -3.349 -3.357 -3.363 -3.365 -3.365 -3.362 -3.356 -3.347 
-3.336 -3.322 -3.305 -3.285 -3.262 -3.236 -3.207 -3.176 -3.141 -3.104 
-3.065 -3.023 -2.979 -2.933 -2.886 -2.838 -2.791 -2.745 -2.701 -2.661 
-2.627 -2.598 -2.576 -2.559 -2.548 -2.542 -2.541 -2.544 -2.553 -2.565 
-2.581 -2.600 -2.618 -2.636 -2.653 -2.666 -2.677 -2.683 -2.685 -2.682 
-2.675 -2.661 -2.642 -2.616 -2.583 -2.543 -2.494 -2.435 -2.365 -2.282 
-2.183 -2.065 -1.925 -1.759 -1.581 -1.447 -1.448 -1.594 -1.798 -1.993 
-2.162 -2.306 -2.429 -2.534 -2.625 -2.703 -2.773 -2.836 -2.894 -2.949 
-3.000 -3.047 -3.092 -3.133 -3.170 -3.204 -3.234 -3.261 -3.285 -3.306 
-3.267 
-2.764 -2.801 -2.817 -2.831 -2.843 -2.853 -2.861 -2.867 -2.871 -2.872 
-2.872 -2.869 -2.863 -2.855 -2.844 -2.830 -2.814 -2.795 -2.772 -2.747 
-2.719 -2.687 -2.652 -2.614 -2.573 -2.529 -2.481 -2.432 -2.380 -2.327 
-2.273 -2.220 -2.169 -2.121 -2.078 -2.043 -2.015 -1.997 -1.989 -1.988 
-1.994 -2.005 -2.018 -2.032 -2.044 -2.054 -2.060 -2.062 -2.058 -2.047 
-2.030 -2.004 -1.969 -1.925 -1.868 -1.799 -1.716 -1.621 -1.525 -1.446 
-1.399 -1.374 -1.341 -1.287 -1.223 -1.181 -1.199 -1.286 -1.410 -1.547 
-1.681 -1.804 -1.915 -2.015 -2.104 -2.184 -2.256 -2.320 -2.379 -2.431 
-2.479 -2.523 -2.563 -2.600 -2.633 -2.664 -2.692 -2.718 -2.742 -2.764 
-2.760 
-2.357 -2.374 -2.396 -2.418 -2.439 -2.459 -2.478 -2.497 -2.514 -2.531 
-2.546 -2.561 -2.574 -2.585 -2.596 -2.605 -2.612 -2.618 -2.622 -2.624 
-2.624 -2.622 -2.618 -2.612 -2.604 -2.593 -2.579 -2.563 -2.544 -2.523 
-2.499 -2.473 -2.445 -2.416 -2.387 -2.358 -2.331 -2.306 -2.282 -2.258 
-2.234 -2.209 -2.180 -2.147 -2.110 -2.068 -2.021 -1.968 -1.909 -1.844 
-1.773 -1.694 -1.608 -1.513 -1.410 -1.297 -1.177 -1.056 -0.949 -0.880 
-0.869 -0.916 -0.997 -1.087 -1.170 -1.244 -1.317 -1.397 -1.479 -1.557 
-1.628 -1.692 -1.750 -1.803 -1.852 -1.897 -1.939 -1.979 -2.016 -2.050 
-2.083 -2.115 -2.145 -2.174 -2.201 -2.228 -2.254 -2.279 -2.304 -2.328 
-2.350 
-2.139 -2.162 -2.185 -2.206 -2.225 -2.242 -2.257 -2.271 -2.282 -2.292 
-2.299 -2.305 -2.308 -2.309 -2.308 -2.305 -2.299 -2.292 -2.282 -2.269 
-2.255 -2.238 -2.219 -2.197 -2.174 -2.149 -2.122 -2.093 -2.064 -2.033 
-2.003 -1.973 -1.943 -1.915 -1.888 -1.863 -1.839 -1.815 -1.793 -1.770 
-1.747 -1.722 -1.695 -1.665 -1.632 -1.596 -1.555 -1.510 -1.460 -1.406 
-1.347 -1.284 -1.217 -1.146 -1.074 -0.999 -0.925 -0.852 -0.782 -0.719 
-0.671 -0.650 -0.673 -0.740 -0.830 -0.922 -1.008 -1.088 -1.161 -1.229 
-1.292 -1.353 -1.410 -1.465 -1.518 -1.569 -1.618 -1.666 -1.712 -1.756 
-1.799 -1.840 -1.880 -1.918 -1.954 -1.989 -2.022 -2.053 -2.083 -2.111 
-2.129 
-1.949 -1.961 -1.971 -1.979 -1.984 -1.987 -1.988 -1.987 -1.983 -1.977 
-1.969 -1.959 -1.946 -1.932 -1.915 -1.896 -1.874 -1.851 -1.826 -1.798 
-1.768 -1.737 -1.703 -1.668 -1.632 -1.594 -1.556 -1.517 -1.478 -1.440 
-1.402 -1.367 -1.333 -1.303 -1.275 -1.250 -1.229 -1.210 -1.194 -1.179 
-1.165 -1.151 -1.136 -1.120 -1.102 -1.082 -1.058 -1.030 -0.998 -0.961 
-0.918 -0.869 -0.813 -0.748 -0.674 -0.588 -0.488 -0.371 -0.236 -0.080 
0.078 0.160 0.082 -0.074 -0.244 -0.411 -0.566 -0.706 -0.831 -0.944 
-1.045 -1.137 -1.220 -1.296 -1.366 -1.430 -1.489 -1.544 -1.594 -1.641 
-1.683 -1.723 -1.759 -1.792 -1.823 -1.850 -1.875 -1.897 -1.917 -1.934 
-1.946 
-1.626 -1.670 -1.678 -1.684 -1.689 -1.692 -1.694 -1.696 -1.697 -1.697 
-1.697 -1.697 -1.696 -1.695 -1.694 -1.692 -1.689 -1.686 -1.681 -1.675 
-1.668 -1.658 -1.647 -1.633 -1.618 -1.600 -1.580 -1.558 -1.534 -1.508 
-1.481 -1.452 -1.421 -1.390 -1.358 -1.324 -1.290 -1.255 -1.219 -1.182 
-1.144 -1.104 -1.063 -1.021 -0.977 -0.930 -0.882 -0.832 -0.778 -0.720 
-0.659 -0.591 -0.516 -0.433 -0.338 -0.227 -0.097 0.060 0.252 0.489 
0.812 1.084 0.668 0.400 0.149 -0.068 -0.252 -0.410 -0.547 -0.668 
-0.775 -0.871 -0.958 -1.037 -1.108 -1.174 -1.233 -1.288 -1.337 -1.383 
-1.424 -1.462 -1.496 -1.526 -1.554 -1.578 -1.600 -1.619 -1.635 -1.649 
-1.622 
-1.212 -1.207 -1.210 -1.212 -1.213 -1.213 -1.213 -1.213 -1.214 -1.215 
-1.217 -1.221 -1.226 -1.233 -1.240 -1.249 -1.260 -1.271 -1.282 -1.295 
-1.307 -1.319 -1.330 -1.341 -1.351 -1.359 -1.366 -1.372 -1.375 -1.377 
-1.376 -1.373 -1.368 -1.361 -1.351 -1.338 -1.322 -1.304 -1.283 -1.259 
-1.231 -1.201 -1.166 -1.129 -1.087 -1.041 -0.991 -0.935 -0.873 -0.804 
-0.727 -0.640 -0.540 -0.424 -0.286 -0.117 0.098 0.389 0.761 0.987 
1.326 1.553 1.127 0.533 0.214 -0.002 -0.165 -0.296 -0.404 -0.494 
-0.572 -0.639 -0.698 -0.751 -0.799 -0.843 -0.884 -0.922 -0.957 -0.991 
-1.022 -1.051 -1.078 -1.103 -1.125 -1.144 -1.161 -1.175 -1.186 -1.195 
-1.213 
-1.151 -1.161 -1.195 -1.227 -1.256 -1.283 -1.308 -1.331 -1.352 -1.371 
-1.388 -1.404 -1.419 -1.432 -1.443 -1.454 -1.463 -1.471 -1.477 -1.481 
-1.484 -1.485 -1.483 -1.480 -1.474 -1.465 -1.454 -1.441 -1.424 -1.405 
-1.382 -1.356 -1.327 -1.295 -1.259 -1.219 -1.176 -1.130 -1.080 -1.027 
-0.972 -0.915 -0.856 -0.797 -0.736 -0.675 -0.613 -0.549 -0.480 -0.405 
-0.322 -0.225 -0.113 0.023 0.189 0.399 0.677 1.038 1.342 1.383 
1.244 1.192 0.728 0.471 0.289 0.151 0.041 -0.049 -0.124 -0.189 
-0.245 -0.294 -0.340 -0.382 -0.423 -0.464 -0.504 -0.546 -0.589 -0.633 
-0.678 -0.725 -0.772 -0.819 -0.866 -0.913 -0.959 -1.003 -1.045 -1.086 
-1.134 
-1.305 -1.376 -1.403 -1.428 -1.449 -1.468 -1.485 -1.499 -1.510 -1.519 
-1.525 -1.529 -1.531 -1.530 -1.526 -1.520 -1.512 -1.501 -1.487 -1.471 
-1.453 -1.432 -1.408 -1.382 -1.353 -1.321 -1.286 -1.249 -1.208 -1.164 
-1.118 -1.068 -1.016 -0.960 -0.901 -0.840 -0.776 -0.710 -0.642 -0.573 
-0.504 -0.436 -0.369 -0.305 -0.245 -0.188 -0.135 -0.084 -0.036 0.014 
0.068 0.128 0.199 0.286 0.396 0.542 0.739 0.999 1.229 1.306 
1.332 1.224 0.968 0.684 0.447 0.258 0.106 -0.021 -0.128 -0.220 
-0.301 -0.374 -0.442 -0.506 -0.567 -0.627 -0.686 -0.744 -0.801 -0.857 
-0.912 -0.965 -1.017 -1.066 -1.114 -1.159 -1.202 -1.242 -1.280 -1.314 
-1.301 
-1.125 -1.135 -1.175 -1.212 -1.246 -1.277 -1.307 -1.333 -1.358 -1.380 
-1.399 -1.416 -1.431 -1.444 -1.454 -1.463 -1.469 -1.472 -1.474 -1.473 
-1.470 -1.465 -1.457 -1.447 -1.434 -1.419 -1.402 -1.382 -1.359 -1.334 
-1.306 -1.275 -1.240 -1.203 -1.163 -1.119 -1.073 -1.023 -0.970 -0.914 
-0.855 -0.794 -0.730 -0.664 -0.597 -0.527 -0.453 -0.375 -0.290 -0.196 
-0.089 0.033 0.176 0.347 0.555 0.814 1.132 1.444 1.633 1.458 
1.228 1.015 0.802 0.636 0.510 0.411 0.331 0.264 0.205 0.151 
0.098 0.046 -0.009 -0.066 -0.126 -0.189 -0.254 -0.321 -0.390 -0.458 
-0.526 -0.593 -0.658 -0.722 -0.783 -0.841 -0.897 -0.950 -1.001 -1.048 
-1.107 
-1.139 -1.201 -1.240 -1.276 -1.311 -1.344 -1.374 -1.402 -1.429 -1.453 
-1.475 -1.495 -1.513 -1.529 -1.543 -1.555 -1.565 -1.573 -1.578 -1.582 
-1.584 -1.583 -1.581 -1.576 -1.570 -1.561 -1.549 -1.536 -1.520 -1.502 
-1.482 -1.459 -1.433 -1.405 -1.373 -1.339 -1.302 -1.262 -1.218 -1.171 
-1.120 -1.064 -1.004 -0.939 -0.869 -0.793 -0.710 -0.619 -0.519 -0.409 
-0.287 -0.149 0.009 0.192 0.412 0.688 1.058 1.515 1.805 1.627 
1.275 0.981 0.781 0.633 0.520 0.430 0.356 0.294 0.237 0.183 
0.127 0.068 0.005 -0.064 -0.138 -0.214 -0.292 -0.370 -0.448 -0.523 
-0.597 -0.667 -0.734 -0.797 -0.858 -0.915 -0.969 -1.021 -1.069 -1.116 
-1.127 
-1.010 -1.007 -1.038 -1.069 -1.099 -1.128 -1.156 -1.184 -1.210 -1.235 
-1.259 -1.281 -1.302 -1.321 -1.339 -1.355 -1.369 -1.382 -1.393 -1.402 
-1.409 -1.414 -1.418 -1.420 -1.419 -1.417 -1.413 -1.406 -1.398 -1.387 
-1.374 -1.359 -1.342 -1.322 -1.299 -1.274 -1.247 -1.216 -1.182 -1.146 
-1.106 -1.062 -1.015 -0.963 -0.907 -0.846 -0.780 -0.707 -0.628 -0.541 
-0.444 -0.336 -0.214 -0.075 0.089 0.286 0.535 0.868 1.234 1.061 
0.878 0.767 0.641 0.500 0.364 0.242 0.138 0.047 -0.032 -0.103 
-0.167 -0.228 -0.285 -0.340 -0.392 -0.442 -0.489 -0.533 -0.575 -0.614 
-0.651 -0.686 -0.720 -0.753 -0.785 -0.817 -0.849 -0.881 -0.913 -0.944 
-0.997 
-1.278 -1.331 -1.357 -1.382 -1.406 -1.428 -1.448 -1.467 -1.484 -1.500 
-1.513 -1.525 -1.535 -1.543 -1.549 -1.553 -1.556 -1.556 -1.555 -1.552 
-1.546 -1.539 -1.530 -1.518 -1.505 -1.489 -1.471 -1.451 -1.429 -1.405 
-1.378 -1.349 -1.317 -1.283 -1.246 -1.206 -1.164 -1.118 -1.069 -1.017 
-0.962 -0.903 -0.839 -0.772 -0.699 -0.622 -0.539 -0.450 -0.353 -0.249 
-0.135 -0.008 0.132 0.292 0.476 0.690 0.933 1.161 1.275 1.199 
1.006 0.794 0.601 0.430 0.281 0.149 0.031 -0.076 -0.173 -0.263 
-0.346 -0.423 -0.496 -0.564 -0.628 -0.688 -0.745 -0.799 -0.850 -0.898 
-0.944 -0.987 -1.029 -1.068 -1.106 -1.142 -1.177 -1.211 -1.243 -1.273 
-1.271 
-1.465 -1.487 -1.510 -1.530 -1.549 -1.566 -1.580 -1.593 -1.603 -1.612 
-1.619 -1.624 -1.626 -1.627 -1.626 -1.623 -1.618 -1.611 -1.603 -1.592 
-1.579 -1.564 -1.548 -1.529 -1.508 -1.485 -1.460 -1.432 -1.402 -1.370 
-1.336 -1.298 -1.259 -1.216 -1.171 -1.123 -1.073 -1.018 -0.961 -0.901 
-0.836 -0.768 -0.696 -0.620 -0.539 -0.454 -0.363 -0.267 -0.164 -0.055 
0.063 0.189 0.325 0.474 0.638 0.822 1.022 1.211 1.313 1.254 
1.080 0.870 0.675 0.503 0.353 0.217 0.092 -0.026 -0.138 -0.244 
-0.344 -0.439 -0.527 -0.611 -0.690 -0.764 -0.833 -0.899 -0.961 -1.019 
-1.073 -1.125 -1.173 -1.218 -1.261 -1.300 -1.338 -1.372 -1.404 -1.434 
-1.457 
-1.536 -1.557 -1.584 -1.609 -1.632 -1.652 -1.670 -1.686 -1.699 -1.711 
-1.720 -1.727 -1.732 -1.735 -1.736 -1.735 -1.732 -1.726 -1.719 -1.710 
-1.698 -1.684 -1.668 -1.650 -1.630 -1.607 -1.582 -1.554 -1.524 -1.492 
-1.457 -1.419 -1.378 -1.334 -1.287 -1.237 -1.183 -1.126 -1.065 -1.000 
-0.930 -0.857 -0.778 -0.694 -0.606 -0.511 -0.412 -0.306 -0.195 -0.078 
0.043 0.166 0.290 0.409 0.519 0.618 0.708 0.795 0.853 0.831 
0.765 0.703 0.636 0.554 0.462 0.364 0.260 0.150 0.037 -0.078 
-0.191 -0.301 -0.407 -0.507 -0.602 -0.692 -0.777 -0.856 -0.931 -1.001 
-1.066 -1.128 -1.185 -1.239 -1.290 -1.337 -1.381 -1.422 -1.460 -1.495 
-1.525 
-1.643 -1.673 -1.696 -1.717 -1.736 -1.752 -1.766 -1.777 -1.787 -1.794 
-1.799 -1.802 -1.803 -1.801 -1.798 -1.792 -1.785 -1.775 -1.762 -1.748 
-1.731 -1.712 -1.691 -1.667 -1.641 -1.612 -1.581 -1.546 -1.509 -1.469 
-1.426 -1.379 -1.329 -1.275 -1.218 -1.156 -1.089 -1.018 -0.942 -0.860 
-0.772 -0.679 -0.582 -0.482 -0.386 -0.298 -0.222 -0.154 -0.088 -0.019 
0.054 0.129 0.204 0.278 0.350 0.420 0.490 0.562 0.640 0.723 
0.795 0.826 0.786 0.682 0.545 0.398 0.239 0.076 -0.079 -0.223 
-0.355 -0.476 -0.587 -0.690 -0.785 -0.873 -0.955 -1.031 -1.102 -1.168 
-1.229 -1.287 -1.340 -1.389 -1.435 -1.478 -1.518 -1.554 -1.588 -1.619 
-1.635 
-1.658 -1.672 -1.693 -1.711 -1.727 -1.741 -1.752 -1.760 -1.767 -1.770 
-1.772 -1.771 -1.768 -1.763 -1.755 -1.745 -1.733 -1.718 -1.700 -1.681 
-1.658 -1.633 -1.605 -1.574 -1.540 -1.503 -1.463 -1.419 -1.372 -1.320 
-1.265 -1.205 -1.140 -1.070 -0.994 -0.913 -0.824 -0.729 -0.627 -0.518 
-0.403 -0.286 -0.170 -0.062 0.028 0.092 0.123 0.124 0.103 0.073 
0.044 0.021 0.010 0.009 0.020 0.043 0.078 0.128 0.192 0.271 
0.357 0.437 0.502 0.566 0.616 0.585 0.455 0.274 0.082 -0.100 
-0.264 -0.410 -0.541 -0.659 -0.766 -0.863 -0.951 -1.032 -1.107 -1.175 
-1.238 -1.296 -1.350 -1.399 -1.445 -1.487 -1.525 -1.561 -1.593 -1.622 
-1.650 
-1.655 -1.689 -1.706 -1.721 -1.733 -1.743 -1.751 -1.756 -1.758 -1.758 
-1.756 -1.751 -1.744 -1.735 -1.723 -1.708 -1.692 -1.672 -1.650 -1.625 
-1.598 -1.568 -1.534 -1.498 -1.459 -1.416 -1.370 -1.321 -1.268 -1.211 
-1.151 -1.086 -1.017 -0.944 -0.866 -0.783 -0.695 -0.602 -0.504 -0.402 
-0.299 -0.202 -0.119 -0.059 -0.027 -0.022 -0.039 -0.071 -0.110 -0.148 
-0.182 -0.207 -0.221 -0.225 -0.217 -0.195 -0.160 -0.110 -0.043 0.045 
0.156 0.291 0.448 0.604 0.704 0.668 0.490 0.254 0.026 -0.172 
-0.342 -0.491 -0.622 -0.738 -0.842 -0.936 -1.021 -1.098 -1.169 -1.234 
-1.294 -1.348 -1.398 -1.444 -1.486 -1.525 -1.560 -1.592 -1.620 -1.646 
-1.649 
-1.486 -1.490 -1.502 -1.511 -1.517 -1.521 -1.523 -1.522 -1.519 -1.514 
-1.506 -1.496 -1.484 -1.469 -1.452 -1.433 -1.411 -1.386 -1.360 -1.330 
-1.299 -1.265 -1.228 -1.189 -1.148 -1.104 -1.059 -1.011 -0.961 -0.910 
-0.858 -0.804 -0.751 -0.697 -0.645 -0.594 -0.547 -0.502 -0.462 -0.426 
-0.393 -0.364 -0.340 -0.324 -0.318 -0.321 -0.328 -0.335 -0.339 -0.338 
-0.330 -0.314 -0.291 -0.258 -0.215 -0.162 -0.095 -0.015 0.083 0.197 
0.327 0.461 0.569 0.608 0.564 0.438 0.251 0.059 -0.113 -0.264 
-0.396 -0.514 -0.620 -0.714 -0.800 -0.878 -0.949 -1.013 -1.073 -1.127 
-1.176 -1.222 -1.263 -1.301 -1.335 -1.366 -1.394 -1.419 -1.441 -1.460 
-1.480 
-1.454 -1.453 -1.462 -1.468 -1.471 -1.472 -1.471 -1.467 -1.461 -1.452 
-1.441 -1.428 -1.413 -1.395 -1.375 -1.352 -1.328 -1.301 -1.272 -1.241 
-1.208 -1.174 -1.138 -1.100 -1.062 -1.024 -0.985 -0.947 -0.910 -0.874 
-0.841 -0.810 -0.782 -0.758 -0.737 -0.718 -0.702 -0.689 -0.678 -0.669 
-0.661 -0.653 -0.645 -0.635 -0.623 -0.607 -0.587 -0.563 -0.535 -0.504 
-0.470 -0.435 -0.397 -0.355 -0.306 -0.248 -0.177 -0.089 0.018 0.148 
0.300 0.457 0.575 0.591 0.490 0.323 0.152 0.000 -0.136 -0.263 
-0.383 -0.497 -0.602 -0.699 -0.786 -0.865 -0.937 -1.002 -1.061 -1.114 
-1.163 -1.207 -1.247 -1.283 -1.315 -1.344 -1.370 -1.392 -1.412 -1.428 
-1.451 
-1.572 -1.614 -1.638 -1.660 -1.679 -1.694 -1.708 -1.718 -1.726 -1.732 
-1.735 -1.735 -1.733 -1.729 -1.722 -1.712 -1.701 -1.686 -1.670 -1.651 
-1.629 -1.606 -1.580 -1.552 -1.523 -1.491 -1.459 -1.425 -1.391 -1.355 
-1.320 -1.285 -1.249 -1.213 -1.177 -1.139 -1.100 -1.058 -1.014 -0.966 
-0.915 -0.860 -0.802 -0.739 -0.673 -0.604 -0.533 -0.463 -0.396 -0.337 
-0.288 -0.251 -0.226 -0.210 -0.200 -0.191 -0.179 -0.161 -0.133 -0.090 
-0.030 0.050 0.131 0.169 0.158 0.147 0.142 0.125 0.079 0.001 
-0.103 -0.221 -0.344 -0.464 -0.579 -0.687 -0.786 -0.879 -0.964 -1.043 
-1.115 -1.182 -1.244 -1.301 -1.353 -1.401 -1.446 -1.486 -1.523 -1.557 
-1.562 
-1.523 -1.528 -1.553 -1.575 -1.594 -1.610 -1.624 -1.636 -1.645 -1.652 
-1.656 -1.658 -1.657 -1.654 -1.649 -1.642 -1.632 -1.620 -1.605 -1.588 
-1.569 -1.547 -1.522 -1.495 -1.466 -1.434 -1.399 -1.361 -1.321 -1.278 
-1.233 -1.185 -1.135 -1.083 -1.030 -0.976 -0.923 -0.871 -0.822 -0.778 
-0.738 -0.703 -0.674 -0.649 -0.628 -0.610 -0.595 -0.580 -0.566 -0.553 
-0.541 -0.531 -0.523 -0.517 -0.509 -0.500 -0.488 -0.470 -0.446 -0.416 
-0.378 -0.333 -0.279 -0.219 -0.152 -0.085 -0.024 0.017 0.022 -0.017 
-0.089 -0.182 -0.287 -0.396 -0.504 -0.607 -0.705 -0.796 -0.880 -0.958 
-1.030 -1.096 -1.158 -1.215 -1.267 -1.315 -1.359 -1.399 -1.436 -1.470 
-1.512 
-1.662 -1.693 -1.715 -1.733 -1.749 -1.762 -1.772 -1.780 -1.785 -1.788 
-1.788 -1.786 -1.781 -1.774 -1.764 -1.752 -1.736 -1.719 -1.698 -1.675 
-1.649 -1.620 -1.588 -1.553 -1.515 -1.474 -1.429 -1.381 -1.329 -1.274 
-1.216 -1.156 -1.092 -1.028 -0.964 -0.901 -0.843 -0.792 -0.751 -0.720 
-0.702 -0.693 -0.694 -0.699 -0.708 -0.717 -0.725 -0.731 -0.736 -0.739 
-0.742 -0.743 -0.742 -0.738 -0.731 -0.719 -0.701 -0.677 -0.646 -0.606 
-0.557 -0.496 -0.424 -0.338 -0.238 -0.129 -0.024 0.046 0.047 -0.028 
-0.154 -0.299 -0.442 -0.575 -0.697 -0.808 -0.908 -1.000 -1.083 -1.160 
-1.229 -1.293 -1.352 -1.405 -1.455 -1.499 -1.540 -1.578 -1.611 -1.642 
-1.655 
-1.732 -1.758 -1.782 -1.803 -1.822 -1.838 -1.853 -1.865 -1.875 -1.883 
-1.889 -1.893 -1.895 -1.895 -1.893 -1.888 -1.882 -1.873 -1.863 -1.850 
-1.834 -1.817 -1.797 -1.774 -1.749 -1.721 -1.690 -1.656 -1.620 -1.580 
-1.537 -1.491 -1.441 -1.389 -1.335 -1.279 -1.223 -1.167 -1.113 -1.061 
-1.011 -0.960 -0.909 -0.856 -0.803 -0.749 -0.698 -0.651 -0.612 -0.581 
-0.558 -0.543 -0.534 -0.529 -0.525 -0.519 -0.510 -0.495 -0.472 -0.440 
-0.401 -0.363 -0.340 -0.338 -0.344 -0.345 -0.337 -0.334 -0.361 -0.429 
-0.521 -0.617 -0.710 -0.800 -0.885 -0.967 -1.044 -1.118 -1.187 -1.251 
-1.312 -1.369 -1.423 -1.472 -1.519 -1.562 -1.601 -1.638 -1.672 -1.704 
-1.722 
-1.680 -1.692 -1.708 -1.722 -1.734 -1.746 -1.756 -1.766 -1.774 -1.781 
-1.787 -1.793 -1.797 -1.801 -1.803 -1.805 -1.806 -1.806 -1.805 -1.803 
-1.800 -1.796 -1.791 -1.785 -1.778 -1.770 -1.760 -1.749 -1.737 -1.723 
-1.707 -1.690 -1.671 -1.650 -1.627 -1.602 -1.574 -1.543 -1.510 -1.474 
-1.434 -1.392 -1.347 -1.299 -1.249 -1.198 -1.147 -1.096 -1.047 -1.000 
-0.953 -0.905 -0.853 -0.795 -0.728 -0.649 -0.557 -0.450 -0.331 -0.207 
-0.099 -0.033 -0.025 -0.077 -0.175 -0.293 -0.412 -0.523 -0.625 -0.717 
-0.803 -0.884 -0.959 -1.029 -1.094 -1.155 -1.212 -1.264 -1.313 -1.358 
-1.400 -1.438 -1.474 -1.506 -1.537 -1.565 -1.591 -1.615 -1.636 -1.657 
-1.674 
-1.687 -1.683 -1.694 -1.703 -1.711 -1.719 -1.725 -1.732 -1.737 -1.742 
-1.747 -1.751 -1.755 -1.758 -1.762 -1.764 -1.766 -1.768 -1.770 -1.770 
-1.770 -1.770 -1.768 -1.766 -1.763 -1.759 -1.753 -1.747 -1.739 -1.729 
-1.718 -1.705 -1.690 -1.673 -1.653 -1.632 -1.607 -1.580 -1.550 -1.517 
-1.481 -1.442 -1.401 -1.358 -1.313 -1.269 -1.224 -1.179 -1.133 -1.084 
-1.031 -0.971 -0.902 -0.822 -0.729 -0.621 -0.497 -0.359 -0.215 -0.088 
-0.015 -0.021 -0.097 -0.213 -0.339 -0.457 -0.559 -0.647 -0.729 -0.810 
-0.892 -0.973 -1.050 -1.122 -1.187 -1.245 -1.298 -1.346 -1.389 -1.428 
-1.463 -1.495 -1.523 -1.549 -1.573 -1.594 -1.613 -1.630 -1.645 -1.659 
-1.683 
-1.902 -1.944 -1.965 -1.984 -2.000 -2.014 -2.027 -2.038 -2.046 -2.054 
-2.059 -2.063 -2.065 -2.065 -2.064 -2.061 -2.057 -2.051 -2.043 -2.033 
-2.021 -2.007 -1.992 -1.974 -1.954 -1.931 -1.906 -1.879 -1.849 -1.816 
-1.781 -1.742 -1.701 -1.656 -1.609 -1.558 -1.504 -1.447 -1.388 -1.326 
-1.263 -1.199 -1.137 -1.077 -1.022 -0.974 -0.934 -0.902 -0.880 -0.864 
-0.854 -0.845 -0.836 -0.824 -0.805 -0.777 -0.738 -0.684 -0.615 -0.540 
-0.484 -0.468 -0.477 -0.479 -0.468 -0.451 -0.439 -0.443 -0.472 -0.531 
-0.614 -0.714 -0.820 -0.927 -1.030 -1.126 -1.216 -1.299 -1.376 -1.446 
-1.510 -1.570 -1.624 -1.674 -1.719 -1.761 -1.799 -1.834 -1.866 -1.895 
-1.894 
-1.885 -1.910 -1.931 -1.949 -1.966 -1.980 -1.992 -2.003 -2.011 -2.017 
-2.022 -2.024 -2.025 -2.024 -2.021 -2.016 -2.009 -2.001 -1.990 -1.978 
-1.964 -1.949 -1.931 -1.912 -1.891 -1.868 -1.844 -1.818 -1.790 -1.761 
-1.731 -1.699 -1.665 -1.631 -1.595 -1.558 -1.520 -1.481 -1.441 -1.401 
-1.360 -1.318 -1.276 -1.235 -1.194 -1.154 -1.116 -1.079 -1.044 -1.008 
-0.972 -0.934 -0.894 -0.853 -0.813 -0.773 -0.734 -0.697 -0.658 -0.616 
-0.570 -0.522 -0.477 -0.442 -0.425 -0.432 -0.465 -0.520 -0.593 -0.678 
-0.771 -0.866 -0.959 -1.047 -1.130 -1.208 -1.280 -1.347 -1.409 -1.467 
-1.520 -1.570 -1.617 -1.660 -1.701 -1.738 -1.773 -1.805 -1.835 -1.862 
-1.878 
-1.801 -1.800 -1.823 -1.845 -1.865 -1.883 -1.900 -1.916 -1.930 -1.942 
-1.952 -1.961 -1.968 -1.973 -1.977 -1.979 -1.979 -1.978 -1.975 -1.970 
-1.963 -1.955 -1.944 -1.932 -1.918 -1.902 -1.885 -1.865 -1.843 -1.820 
-1.794 -1.767 -1.737 -1.706 -1.672 -1.636 -1.599 -1.559 -1.517 -1.472 
-1.426 -1.377 -1.326 -1.272 -1.215 -1.156 -1.094 -1.029 -0.961 -0.891 
-0.819 -0.747 -0.678 -0.615 -0.562 -0.523 -0.500 -0.494 -0.503 -0.521 
-0.546 -0.571 -0.596 -0.619 -0.646 -0.681 -0.726 -0.781 -0.841 -0.904 
-0.966 -1.025 -1.082 -1.135 -1.186 -1.234 -1.281 -1.325 -1.368 -1.410 
-1.450 -1.488 -1.525 -1.561 -1.596 -1.629 -1.661 -1.692 -1.721 -1.749 
-1.791 
-2.013 -2.068 -2.091 -2.113 -2.132 -2.149 -2.164 -2.177 -2.188 -2.197 
-2.205 -2.210 -2.213 -2.214 -2.213 -2.211 -2.206 -2.199 -2.191 -2.180 
-2.167 -2.153 -2.136 -2.117 -2.096 -2.074 -2.048 -2.021 -1.992 -1.961 
-1.927 -1.892 -1.854 -1.815 -1.773 -1.730 -1.685 -1.639 -1.592 -1.544 
-1.496 -1.447 -1.399 -1.352 -1.306 -1.261 -1.218 -1.176 -1.135 -1.095 
-1.056 -1.016 -0.976 -0.938 -0.901 -0.869 -0.841 -0.817 -0.796 -0.774 
-0.750 -0.724 -0.697 -0.674 -0.660 -0.663 -0.686 -0.730 -0.791 -0.865 
-0.944 -1.026 -1.108 -1.188 -1.264 -1.338 -1.407 -1.473 -1.536 -1.594 
-1.649 -1.701 -1.750 -1.796 -1.838 -1.879 -1.916 -1.951 -1.984 -2.014 
-2.007 
-2.001 -2.009 -2.035 -2.059 -2.081 -2.100 -2.118 -2.132 -2.145 -2.155 
-2.164 -2.170 -2.174 -2.176 -2.176 -2.174 -2.169 -2.163 -2.155 -2.144 
-2.132 -2.117 -2.100 -2.081 -2.060 -2.037 -2.012 -1.984 -1.954 -1.922 
-1.888 -1.852 -1.814 -1.773 -1.731 -1.687 -1.641 -1.594 -1.546 -1.498 
-1.450 -1.402 -1.356 -1.311 -1.270 -1.231 -1.196 -1.164 -1.136 -1.113 
-1.092 -1.074 -1.059 -1.045 -1.031 -1.017 -1.002 -0.986 -0.968 -0.947 
-0.924 -0.900 -0.874 -0.850 -0.830 -0.817 -0.813 -0.820 -0.837 -0.865 
-0.904 -0.952 -1.008 -1.071 -1.137 -1.206 -1.274 -1.342 -1.409 -1.472 
-1.534 -1.592 -1.647 -1.699 -1.748 -1.794 -1.836 -1.876 -1.913 -1.948 
-1.989 
-2.133 -2.156 -2.181 -2.203 -2.222 -2.239 -2.254 -2.266 -2.276 -2.284 
-2.289 -2.293 -2.293 -2.292 -2.289 -2.283 -2.275 -2.265 -2.252 -2.238 
-2.220 -2.201 -2.179 -2.155 -2.128 -2.099 -2.067 -2.033 -1.996 -1.957 
-1.915 -1.870 -1.823 -1.774 -1.723 -1.671 -1.618 -1.565 -1.515 -1.467 
-1.424 -1.386 -1.354 -1.327 -1.305 -1.289 -1.277 -1.269 -1.264 -1.261 
-1.260 -1.259 -1.257 -1.255 -1.251 -1.245 -1.236 -1.224 -1.209 -1.189 
-1.166 -1.140 -1.109 -1.074 -1.036 -0.994 -0.950 -0.917 -0.917 -0.956 
-1.016 -1.080 -1.148 -1.217 -1.288 -1.360 -1.432 -1.501 -1.569 -1.633 
-1.694 -1.752 -1.807 -1.858 -1.906 -1.951 -1.992 -2.031 -2.066 -2.099 
-2.124 
-2.387 -2.424 -2.445 -2.464 -2.480 -2.493 -2.504 -2.512 -2.518 -2.521 
-2.522 -2.520 -2.516 -2.510 -2.501 -2.490 -2.476 -2.459 -2.440 -2.419 
-2.394 -2.367 -2.337 -2.304 -2.267 -2.228 -2.185 -2.139 -2.089 -2.036 
-1.979 -1.919 -1.855 -1.789 -1.721 -1.652 -1.585 -1.522 -1.467 -1.422 
-1.391 -1.373 -1.367 -1.372 -1.383 -1.398 -1.414 -1.428 -1.440 -1.449 
-1.453 -1.452 -1.447 -1.435 -1.418 -1.393 -1.362 -1.323 -1.277 -1.224 
-1.166 -1.105 -1.045 -0.982 -0.909 -0.817 -0.718 -0.647 -0.648 -0.737 
-0.882 -1.041 -1.193 -1.329 -1.451 -1.559 -1.657 -1.746 -1.827 -1.901 
-1.969 -2.031 -2.088 -2.140 -2.188 -2.232 -2.272 -2.309 -2.342 -2.373 
-2.380 
-2.438 -2.466 -2.487 -2.505 -2.521 -2.535 -2.546 -2.555 -2.562 -2.567 
-2.570 -2.571 -2.569 -2.565 -2.560 -2.552 -2.542 -2.531 -2.517 -2.501 
-2.482 -2.462 -2.439 -2.415 -2.387 -2.358 -2.326 -2.292 -2.256 -2.217 
-2.175 -2.131 -2.084 -2.036 -1.985 -1.932 -1.879 -1.827 -1.777 -1.730 
-1.688 -1.650 -1.617 -1.587 -1.558 -1.529 -1.500 -1.470 -1.439 -1.406 
-1.370 -1.332 -1.291 -1.246 -1.197 -1.142 -1.083 -1.018 -0.950 -0.880 
-0.817 -0.769 -0.746 -0.757 -0.798 -0.854 -0.906 -0.948 -1.002 -1.086 
-1.181 -1.274 -1.368 -1.465 -1.563 -1.657 -1.746 -1.828 -1.904 -1.973 
-2.036 -2.095 -2.148 -2.197 -2.242 -2.284 -2.322 -2.356 -2.388 -2.417 
-2.431 
-2.316 -2.341 -2.370 -2.396 -2.420 -2.441 -2.459 -2.474 -2.487 -2.498 
-2.506 -2.512 -2.515 -2.516 -2.515 -2.512 -2.506 -2.498 -2.487 -2.475 
-2.459 -2.442 -2.422 -2.400 -2.375 -2.348 -2.319 -2.287 -2.252 -2.215 
-2.175 -2.133 -2.089 -2.043 -1.995 -1.945 -1.894 -1.843 -1.793 -1.744 
-1.698 -1.655 -1.617 -1.585 -1.558 -1.535 -1.518 -1.503 -1.491 -1.479 
-1.467 -1.455 -1.441 -1.426 -1.409 -1.388 -1.364 -1.336 -1.302 -1.265 
-1.225 -1.188 -1.160 -1.144 -1.135 -1.124 -1.102 -1.067 -1.025 -0.986 
-0.964 -0.973 -1.018 -1.095 -1.192 -1.297 -1.403 -1.504 -1.600 -1.689 
-1.771 -1.847 -1.916 -1.981 -2.040 -2.095 -2.145 -2.192 -2.234 -2.273 
-2.304 
-2.239 -2.258 -2.287 -2.314 -2.338 -2.360 -2.379 -2.396 -2.411 -2.424 
-2.434 -2.443 -2.449 -2.453 -2.456 -2.456 -2.454 -2.450 -2.445 -2.437 
-2.428 -2.416 -2.403 -2.388 -2.371 -2.352 -2.330 -2.307 -2.282 -2.255 
-2.226 -2.194 -2.161 -2.125 -2.087 -2.047 -2.005 -1.960 -1.914 -1.866 
-1.817 -1.767 -1.716 -1.665 -1.614 -1.563 -1.512 -1.462 -1.414 -1.369 
-1.328 -1.291 -1.259 -1.232 -1.211 -1.193 -1.179 -1.166 -1.155 -1.144 
-1.132 -1.120 -1.108 -1.096 -1.085 -1.077 -1.071 -1.069 -1.072 -1.081 
-1.101 -1.134 -1.183 -1.246 -1.316 -1.391 -1.466 -1.539 -1.611 -1.680 
-1.746 -1.808 -1.867 -1.923 -1.976 -2.025 -2.071 -2.115 -2.155 -2.192 
-2.226 
-2.257 -2.279 -2.300 -2.318 -2.333 -2.347 -2.358 -2.367 -2.374 -2.379 
-2.383 -2.384 -2.384 -2.383 -2.380 -2.375 -2.369 -2.361 -2.353 -2.343 
-2.332 -2.320 -2.306 -2.292 -2.277 -2.262 -2.245 -2.228 -2.211 -2.193 
-2.174 -2.155 -2.136 -2.116 -2.095 -2.074 -2.053 -2.031 -2.008 -1.984 
-1.958 -1.931 -1.903 -1.873 -1.841 -1.808 -1.772 -1.734 -1.696 -1.655 
-1.615 -1.574 -1.533 -1.495 -1.458 -1.425 -1.395 -1.366 -1.338 -1.310 
-1.282 -1.256 -1.235 -1.220 -1.215 -1.222 -1.240 -1.268 -1.305 -1.348 
-1.396 -1.447 -1.500 -1.552 -1.603 -1.653 -1.702 -1.749 -1.795 -1.841 
-1.887 -1.933 -1.977 -2.021 -2.062 -2.102 -2.138 -2.172 -2.203 -2.231 
-2.252 
-2.191 -2.251 -2.298 -2.342 -2.384 -2.423 -2.459 -2.492 -2.523 -2.551 
-2.576 -2.598 -2.617 -2.634 -2.648 -2.660 -2.669 -2.676 -2.681 -2.683 
-2.683 -2.682 -2.678 -2.673 -2.665 -2.656 -2.645 -2.632 -2.618 -2.601 
-2.584 -2.564 -2.543 -2.520 -2.495 -2.468 -2.439 -2.407 -2.373 -2.336 
-2.296 -2.253 -2.205 -2.154 -2.098 -2.037 -1.971 -1.900 -1.825 -1.745 
-1.663 -1.580 -1.500 -1.429 -1.370 -1.329 -1.310 -1.316 -1.339 -1.372 
-1.406 -1.437 -1.464 -1.488 -1.509 -1.530 -1.549 -1.568 -1.584 -1.598 
-1.607 -1.613 -1.615 -1.615 -1.614 -1.614 -1.617 -1.627 -1.644 -1.670 
-1.704 -1.745 -1.792 -1.842 -1.894 -1.946 -1.999 -2.051 -2.103 -2.154 
-2.176 
-2.024 -2.030 -2.078 -2.126 -2.175 -2.222 -2.269 -2.313 -2.356 -2.396 
-2.433 -2.468 -2.500 -2.530 -2.557 -2.581 -2.603 -2.622 -2.638 -2.652 
-2.663 -2.672 -2.678 -2.682 -2.683 -2.682 -2.678 -2.672 -2.663 -2.651 
-2.637 -2.620 -2.601 -2.579 -2.553 -2.525 -2.494 -2.459 -2.421 -2.380 
-2.335 -2.286 -2.233 -2.175 -2.113 -2.047 -1.975 -1.897 -1.814 -1.725 
-1.630 -1.530 -1.426 -1.324 -1.230 -1.157 -1.119 -1.123 -1.163 -1.226 
-1.297 -1.367 -1.433 -1.492 -1.544 -1.590 -1.630 -1.666 -1.696 -1.722 
-1.744 -1.762 -1.775 -1.785 -1.792 -1.796 -1.798 -1.798 -1.799 -1.799 
-1.800 -1.802 -1.805 -1.811 -1.819 -1.832 -1.851 -1.876 -1.907 -1.944 
-2.006 
-2.317 -2.389 -2.426 -2.462 -2.496 -2.528 -2.558 -2.585 -2.610 -2.633 
-2.653 -2.671 -2.686 -2.699 -2.709 -2.718 -2.724 -2.727 -2.729 -2.728 
-2.725 -2.720 -2.713 -2.704 -2.692 -2.678 -2.662 -2.644 -2.623 -2.600 
-2.575 -2.547 -2.517 -2.484 -2.449 -2.411 -2.370 -2.326 -2.280 -2.231 
-2.178 -2.122 -2.064 -2.002 -1.937 -1.868 -1.797 -1.723 -1.647 -1.570 
-1.494 -1.422 -1.359 -1.307 -1.267 -1.237 -1.221 -1.219 -1.230 -1.249 
-1.272 -1.298 -1.324 -1.352 -1.382 -1.412 -1.444 -1.478 -1.512 -1.548 
-1.584 -1.620 -1.655 -1.689 -1.723 -1.756 -1.791 -1.829 -1.870 -1.915 
-1.960 -2.005 -2.047 -2.088 -2.127 -2.164 -2.201 -2.238 -2.275 -2.313 
-2.310 
-2.463 -2.492 -2.540 -2.583 -2.624 -2.660 -2.694 -2.725 -2.752 -2.777 
-2.799 -2.819 -2.835 -2.850 -2.861 -2.871 -2.878 -2.882 -2.884 -2.884 
-2.881 -2.876 -2.869 -2.859 -2.846 -2.832 -2.814 -2.794 -2.771 -2.746 
-2.717 -2.686 -2.651 -2.613 -2.572 -2.527 -2.479 -2.426 -2.369 -2.307 
-2.241 -2.170 -2.095 -2.016 -1.934 -1.850 -1.764 -1.674 -1.582 -1.487 
-1.396 -1.318 -1.268 -1.250 -1.265 -1.302 -1.350 -1.400 -1.447 -1.490 
-1.527 -1.558 -1.583 -1.604 -1.619 -1.628 -1.632 -1.630 -1.622 -1.608 
-1.588 -1.564 -1.538 -1.515 -1.500 -1.499 -1.513 -1.544 -1.592 -1.653 
-1.725 -1.804 -1.886 -1.967 -2.047 -2.123 -2.195 -2.263 -2.327 -2.386 
-2.442 
-2.533 -2.589 -2.629 -2.666 -2.699 -2.730 -2.757 -2.782 -2.803 -2.822 
-2.839 -2.853 -2.864 -2.873 -2.879 -2.883 -2.884 -2.883 -2.880 -2.874 
-2.866 -2.855 -2.841 -2.825 -2.807 -2.785 -2.761 -2.734 -2.704 -2.671 
-2.635 -2.595 -2.552 -2.505 -2.453 -2.398 -2.339 -2.275 -2.207 -2.134 
-2.058 -1.980 -1.900 -1.824 -1.754 -1.695 -1.652 -1.625 -1.613 -1.611 
-1.611 -1.613 -1.620 -1.637 -1.665 -1.700 -1.736 -1.768 -1.795 -1.815 
-1.828 -1.834 -1.833 -1.825 -1.810 -1.788 -1.759 -1.723 -1.679 -1.629 
-1.575 -1.520 -1.472 -1.440 -1.434 -1.460 -1.514 -1.589 -1.676 -1.768 
-1.861 -1.951 -2.037 -2.118 -2.193 -2.264 -2.329 -2.390 -2.446 -2.497 
-2.520 
-2.435 -2.453 -2.487 -2.518 -2.547 -2.573 -2.597 -2.619 -2.638 -2.656 
-2.671 -2.684 -2.695 -2.704 -2.710 -2.715 -2.718 -2.719 -2.717 -2.714 
-2.708 -2.701 -2.691 -2.680 -2.666 -2.650 -2.633 -2.613 -2.590 -2.566 
-2.540 -2.511 -2.480 -2.446 -2.411 -2.373 -2.333 -2.290 -2.245 -2.198 
-2.150 -2.099 -2.048 -1.997 -1.947 -1.901 -1.860 -1.825 -1.795 -1.768 
-1.740 -1.709 -1.676 -1.649 -1.638 -1.648 -1.670 -1.694 -1.715 -1.732 
-1.745 -1.754 -1.760 -1.763 -1.763 -1.761 -1.757 -1.750 -1.742 -1.733 
-1.721 -1.709 -1.697 -1.688 -1.686 -1.692 -1.704 -1.720 -1.746 -1.790 
-1.852 -1.924 -1.996 -2.065 -2.128 -2.186 -2.240 -2.289 -2.335 -2.377 
-2.423 
-2.470 -2.526 -2.584 -2.636 -2.684 -2.728 -2.768 -2.804 -2.837 -2.867 
-2.894 -2.918 -2.939 -2.957 -2.973 -2.986 -2.996 -3.004 -3.010 -3.014 
-3.014 -3.013 -3.009 -3.003 -2.995 -2.984 -2.971 -2.955 -2.937 -2.917 
-2.894 -2.868 -2.840 -2.809 -2.776 -2.739 -2.700 -2.657 -2.611 -2.562 
-2.509 -2.453 -2.392 -2.326 -2.256 -2.179 -2.096 -2.004 -1.903 -1.791 
-1.672 -1.550 -1.438 -1.356 -1.324 -1.343 -1.399 -1.471 -1.545 -1.611 
-1.667 -1.713 -1.749 -1.775 -1.794 -1.804 -1.806 -1.801 -1.789 -1.768 
-1.740 -1.704 -1.660 -1.608 -1.548 -1.486 -1.427 -1.383 -1.372 -1.404 
-1.479 -1.585 -1.705 -1.826 -1.942 -2.049 -2.148 -2.238 -2.320 -2.395 
-2.447 
-2.471 -2.514 -2.568 -2.617 -2.663 -2.706 -2.745 -2.781 -2.814 -2.844 
-2.871 -2.895 -2.917 -2.937 -2.953 -2.968 -2.980 -2.989 -2.996 -3.001 
-3.004 -3.004 -3.003 -2.998 -2.992 -2.983 -2.972 -2.959 -2.943 -2.925 
-2.904 -2.881 -2.855 -2.827 -2.796 -2.762 -2.725 -2.686 -2.643 -2.597 
-2.548 -2.495 -2.439 -2.379 -2.316 -2.249 -2.179 -2.105 -2.028 -1.949 
-1.868 -1.788 -1.713 -1.651 -1.615 -1.604 -1.612 -1.627 -1.645 -1.664 
-1.681 -1.697 -1.709 -1.717 -1.720 -1.718 -1.710 -1.696 -1.677 -1.652 
-1.621 -1.586 -1.548 -1.510 -1.477 -1.452 -1.443 -1.453 -1.487 -1.545 
-1.625 -1.719 -1.817 -1.914 -2.007 -2.095 -2.178 -2.255 -2.327 -2.394 
-2.451 
-2.471 -2.521 -2.566 -2.609 -2.649 -2.687 -2.722 -2.755 -2.785 -2.812 
-2.838 -2.861 -2.881 -2.899 -2.915 -2.929 -2.940 -2.949 -2.956 -2.961 
-2.964 -2.965 -2.963 -2.960 -2.954 -2.946 -2.936 -2.924 -2.909 -2.892 
-2.874 -2.852 -2.829 -2.803 -2.775 -2.745 -2.712 -2.676 -2.638 -2.598 
-2.555 -2.510 -2.463 -2.413 -2.362 -2.308 -2.254 -2.199 -2.143 -2.089 
-2.038 -1.990 -1.948 -1.913 -1.886 -1.867 -1.856 -1.851 -1.851 -1.854 
-1.858 -1.864 -1.869 -1.872 -1.874 -1.874 -1.872 -1.867 -1.859 -1.850 
-1.839 -1.827 -1.815 -1.805 -1.798 -1.798 -1.807 -1.827 -1.859 -1.901 
-1.949 -2.000 -2.054 -2.108 -2.162 -2.216 -2.269 -2.322 -2.374 -2.425 
-2.457 
-2.439 -2.456 -2.507 -2.557 -2.606 -2.652 -2.696 -2.737 -2.776 -2.812 
-2.845 -2.875 -2.903 -2.928 -2.951 -2.971 -2.988 -3.003 -3.015 -3.025 
-3.033 -3.038 -3.041 -3.041 -3.039 -3.034 -3.027 -3.018 -3.006 -2.992 
-2.975 -2.955 -2.933 -2.908 -2.880 -2.849 -2.816 -2.779 -2.739 -2.696 
-2.649 -2.599 -2.546 -2.489 -2.429 -2.365 -2.300 -2.232 -2.163 -2.096 
-2.034 -1.978 -1.934 -1.904 -1.890 -1.891 -1.904 -1.926 -1.954 -1.984 
-2.014 -2.042 -2.067 -2.089 -2.107 -2.120 -2.130 -2.135 -2.137 -2.135 
-2.130 -2.123 -2.115 -2.108 -2.102 -2.100 -2.099 -2.101 -2.103 -2.105 
-2.108 -2.114 -2.123 -2.137 -2.157 -2.185 -2.219 -2.259 -2.305 -2.354 
-2.418 
-2.778 -2.866 -2.914 -2.959 -3.002 -3.042 -3.079 -3.114 -3.145 -3.174 
-3.200 -3.224 -3.244 -3.263 -3.278 -3.291 -3.302 -3.310 -3.316 -3.319 
-3.320 -3.319 -3.315 -3.309 -3.300 -3.289 -3.276 -3.260 -3.241 -3.220 
-3.196 -3.169 -3.140 -3.107 -3.072 -3.033 -2.991 -2.946 -2.897 -2.844 
-2.787 -2.726 -2.661 -2.592 -2.519 -2.441 -2.361 -2.277 -2.193 -2.110 
-2.031 -1.962 -1.907 -1.869 -1.851 -1.852 -1.866 -1.891 -1.919 -1.948 
-1.975 -1.997 -2.015 -2.026 -2.032 -2.031 -2.025 -2.013 -1.997 -1.977 
-1.957 -1.938 -1.924 -1.920 -1.929 -1.953 -1.992 -2.045 -2.106 -2.173 
-2.240 -2.306 -2.369 -2.429 -2.488 -2.544 -2.600 -2.655 -2.710 -2.763 
-2.767 
-2.846 -2.891 -2.936 -2.978 -3.017 -3.052 -3.084 -3.113 -3.139 -3.163 
-3.184 -3.203 -3.218 -3.232 -3.243 -3.252 -3.258 -3.262 -3.264 -3.263 
-3.260 -3.255 -3.247 -3.237 -3.225 -3.210 -3.193 -3.174 -3.151 -3.127 
-3.099 -3.069 -3.036 -3.000 -2.961 -2.919 -2.874 -2.825 -2.772 -2.716 
-2.657 -2.593 -2.526 -2.455 -2.380 -2.302 -2.221 -2.139 -2.057 -1.980 
-1.914 -1.865 -1.840 -1.834 -1.841 -1.857 -1.877 -1.899 -1.920 -1.939 
-1.955 -1.966 -1.972 -1.973 -1.969 -1.960 -1.946 -1.927 -1.906 -1.883 
-1.861 -1.842 -1.831 -1.829 -1.839 -1.861 -1.893 -1.934 -1.986 -2.049 
-2.123 -2.206 -2.292 -2.376 -2.457 -2.533 -2.604 -2.670 -2.732 -2.789 
-2.831 
-2.749 -2.785 -2.843 -2.896 -2.945 -2.990 -3.030 -3.068 -3.101 -3.131 
-3.158 -3.183 -3.204 -3.222 -3.237 -3.250 -3.260 -3.268 -3.273 -3.275 
-3.275 -3.272 -3.267 -3.259 -3.248 -3.235 -3.219 -3.201 -3.179 -3.155 
-3.127 -3.097 -3.063 -3.025 -2.984 -2.940 -2.891 -2.837 -2.779 -2.715 
-2.646 -2.571 -2.490 -2.401 -2.305 -2.201 -2.090 -1.975 -1.860 -1.754 
-1.673 -1.630 -1.631 -1.671 -1.735 -1.807 -1.878 -1.943 -1.999 -2.047 
-2.086 -2.116 -2.138 -2.152 -2.159 -2.159 -2.151 -2.137 -2.116 -2.088 
-2.055 -2.016 -1.971 -1.922 -1.869 -1.815 -1.766 -1.730 -1.721 -1.747 
-1.808 -1.896 -1.999 -2.106 -2.213 -2.314 -2.409 -2.497 -2.578 -2.653 
-2.723 
-2.851 -2.909 -2.968 -3.022 -3.071 -3.115 -3.156 -3.193 -3.226 -3.256 
-3.283 -3.307 -3.327 -3.345 -3.360 -3.372 -3.382 -3.388 -3.393 -3.394 
-3.393 -3.389 -3.383 -3.374 -3.362 -3.348 -3.330 -3.310 -3.287 -3.261 
-3.232 -3.199 -3.163 -3.123 -3.080 -3.032 -2.980 -2.924 -2.862 -2.795 
-2.723 -2.644 -2.560 -2.469 -2.372 -2.272 -2.170 -2.073 -1.987 -1.922 
-1.885 -1.880 -1.907 -1.957 -2.019 -2.084 -2.146 -2.201 -2.248 -2.288 
-2.321 -2.345 -2.362 -2.372 -2.374 -2.369 -2.356 -2.336 -2.309 -2.273 
-2.229 -2.177 -2.117 -2.050 -1.980 -1.911 -1.850 -1.807 -1.795 -1.822 
-1.889 -1.985 -2.096 -2.211 -2.323 -2.428 -2.526 -2.617 -2.700 -2.776 
-2.829 
-2.934 -2.981 -3.033 -3.080 -3.123 -3.163 -3.199 -3.231 -3.261 -3.288 
-3.311 -3.332 -3.350 -3.366 -3.379 -3.389 -3.397 -3.403 -3.405 -3.406 
-3.404 -3.400 -3.393 -3.383 -3.371 -3.357 -3.340 -3.320 -3.298 -3.273 
-3.245 -3.214 -3.179 -3.142 -3.101 -3.057 -3.009 -2.957 -2.901 -2.841 
-2.776 -2.707 -2.634 -2.556 -2.476 -2.393 -2.310 -2.232 -2.162 -2.107 
-2.071 -2.055 -2.057 -2.072 -2.096 -2.123 -2.151 -2.178 -2.201 -2.219 
-2.233 -2.242 -2.246 -2.244 -2.236 -2.222 -2.202 -2.174 -2.141 -2.100 
-2.053 -2.002 -1.947 -1.894 -1.849 -1.821 -1.818 -1.845 -1.899 -1.977 
-2.072 -2.175 -2.280 -2.382 -2.479 -2.568 -2.652 -2.729 -2.800 -2.865 
-2.915 
-2.942 -2.988 -3.035 -3.079 -3.120 -3.157 -3.192 -3.223 -3.252 -3.279 
-3.302 -3.323 -3.342 -3.358 -3.372 -3.384 -3.393 -3.401 -3.405 -3.408 
-3.409 -3.407 -3.403 -3.397 -3.389 -3.378 -3.365 -3.350 -3.333 -3.313 
-3.291 -3.266 -3.239 -3.210 -3.178 -3.143 -3.106 -3.066 -3.023 -2.977 
-2.929 -2.878 -2.824 -2.768 -2.710 -2.651 -2.591 -2.531 -2.474 -2.421 
-2.373 -2.332 -2.297 -2.267 -2.240 -2.217 -2.197 -2.180 -2.165 -2.152 
-2.140 -2.129 -2.117 -2.104 -2.088 -2.070 -2.048 -2.024 -1.996 -1.966 
-1.935 -1.907 -1.884 -1.870 -1.870 -1.887 -1.923 -1.978 -2.048 -2.129 
-2.215 -2.302 -2.388 -2.470 -2.550 -2.625 -2.696 -2.762 -2.824 -2.883 
-2.925 
-2.908 -2.939 -2.983 -3.024 -3.062 -3.096 -3.127 -3.156 -3.181 -3.204 
-3.224 -3.242 -3.257 -3.270 -3.280 -3.288 -3.294 -3.297 -3.298 -3.297 
-3.293 -3.288 -3.280 -3.269 -3.257 -3.242 -3.225 -3.206 -3.184 -3.160 
-3.133 -3.104 -3.073 -3.039 -3.002 -2.964 -2.922 -2.879 -2.833 -2.785 
-2.735 -2.684 -2.631 -2.578 -2.525 -2.472 -2.421 -2.371 -2.323 -2.275 
-2.226 -2.173 -2.113 -2.058 -2.039 -2.061 -2.094 -2.119 -2.135 -2.142 
-2.143 -2.138 -2.128 -2.113 -2.092 -2.066 -2.035 -1.999 -1.959 -1.917 
-1.875 -1.838 -1.810 -1.799 -1.808 -1.840 -1.892 -1.958 -2.032 -2.111 
-2.191 -2.272 -2.354 -2.434 -2.512 -2.586 -2.656 -2.721 -2.782 -2.838 
-2.891 
-2.968 -3.035 -3.097 -3.155 -3.208 -3.256 -3.301 -3.342 -3.379 -3.412 
-3.443 -3.470 -3.494 -3.515 -3.534 -3.549 -3.562 -3.572 -3.580 -3.585 
-3.588 -3.588 -3.586 -3.581 -3.573 -3.563 -3.551 -3.536 -3.518 -3.498 
-3.474 -3.448 -3.419 -3.388 -3.353 -3.314 -3.273 -3.228 -3.179 -3.127 
-3.070 -3.009 -2.943 -2.872 -2.795 -2.711 -2.618 -2.515 -2.398 -2.266 
-2.118 -1.957 -1.803 -1.694 -1.671 -1.737 -1.853 -1.978 -2.089 -2.182 
-2.256 -2.313 -2.357 -2.388 -2.408 -2.418 -2.418 -2.410 -2.394 -2.372 
-2.344 -2.314 -2.284 -2.258 -2.238 -2.222 -2.210 -2.198 -2.190 -2.192 
-2.210 -2.249 -2.309 -2.384 -2.469 -2.558 -2.648 -2.735 -2.818 -2.895 
-2.946 
-2.923 -2.972 -3.039 -3.102 -3.160 -3.213 -3.262 -3.307 -3.348 -3.386 
-3.420 -3.451 -3.478 -3.503 -3.524 -3.543 -3.559 -3.572 -3.582 -3.590 
-3.595 -3.598 -3.598 -3.595 -3.589 -3.581 -3.571 -3.557 -3.541 -3.522 
-3.500 -3.475 -3.447 -3.415 -3.380 -3.341 -3.299 -3.252 -3.201 -3.145 
-3.084 -3.017 -2.944 -2.864 -2.777 -2.682 -2.578 -2.465 -2.343 -2.215 
-2.086 -1.968 -1.878 -1.836 -1.856 -1.931 -2.031 -2.132 -2.223 -2.303 
-2.370 -2.427 -2.472 -2.509 -2.536 -2.555 -2.566 -2.570 -2.566 -2.556 
-2.538 -2.514 -2.484 -2.449 -2.410 -2.369 -2.329 -2.293 -2.263 -2.244 
-2.238 -2.250 -2.282 -2.334 -2.403 -2.483 -2.568 -2.655 -2.741 -2.822 
-2.895 
-2.981 -3.029 -3.084 -3.134 -3.181 -3.224 -3.264 -3.299 -3.332 -3.361 
-3.388 -3.411 -3.432 -3.450 -3.465 -3.477 -3.487 -3.494 -3.499 -3.501 
-3.501 -3.498 -3.493 -3.485 -3.475 -3.462 -3.446 -3.428 -3.407 -3.383 
-3.356 -3.325 -3.292 -3.256 -3.215 -3.171 -3.124 -3.072 -3.016 -2.955 
-2.889 -2.819 -2.743 -2.663 -2.578 -2.491 -2.402 -2.314 -2.229 -2.151 
-2.084 -2.033 -2.005 -2.006 -2.034 -2.080 -2.133 -2.186 -2.235 -2.278 
-2.314 -2.344 -2.366 -2.381 -2.389 -2.390 -2.384 -2.371 -2.352 -2.326 
-2.294 -2.257 -2.217 -2.175 -2.136 -2.104 -2.086 -2.087 -2.109 -2.151 
-2.209 -2.278 -2.355 -2.437 -2.521 -2.604 -2.685 -2.763 -2.836 -2.905 
-2.961 
-3.042 -3.103 -3.150 -3.193 -3.233 -3.270 -3.303 -3.334 -3.361 -3.386 
-3.408 -3.427 -3.444 -3.458 -3.470 -3.479 -3.485 -3.489 -3.490 -3.489 
-3.486 -3.480 -3.471 -3.460 -3.446 -3.429 -3.410 -3.388 -3.362 -3.334 
-3.303 -3.268 -3.230 -3.188 -3.142 -3.092 -3.038 -2.980 -2.917 -2.849 
-2.776 -2.699 -2.618 -2.535 -2.452 -2.374 -2.305 -2.250 -2.213 -2.196 
-2.195 -2.207 -2.229 -2.258 -2.292 -2.328 -2.363 -2.396 -2.426 -2.451 
-2.471 -2.487 -2.497 -2.502 -2.501 -2.494 -2.481 -2.463 -2.439 -2.409 
-2.374 -2.336 -2.296 -2.256 -2.222 -2.199 -2.193 -2.206 -2.241 -2.295 
-2.362 -2.437 -2.515 -2.594 -2.670 -2.744 -2.813 -2.879 -2.941 -2.999 
-3.027 
-2.916 -2.941 -2.985 -3.027 -3.067 -3.104 -3.139 -3.171 -3.201 -3.228 
-3.254 -3.276 -3.297 -3.315 -3.330 -3.344 -3.355 -3.364 -3.371 -3.375 
-3.377 -3.377 -3.375 -3.370 -3.363 -3.354 -3.343 -3.329 -3.312 -3.293 
-3.272 -3.247 -3.221 -3.191 -3.158 -3.122 -3.083 -3.041 -2.995 -2.946 
-2.893 -2.836 -2.775 -2.711 -2.644 -2.577 -2.510 -2.449 -2.396 -2.354 
-2.323 -2.303 -2.290 -2.283 -2.280 -2.284 -2.292 -2.305 -2.321 -2.338 
-2.357 -2.375 -2.392 -2.406 -2.418 -2.427 -2.433 -2.435 -2.434 -2.431 
-2.424 -2.414 -2.403 -2.391 -2.379 -2.370 -2.365 -2.365 -2.373 -2.388 
-2.410 -2.442 -2.482 -2.529 -2.581 -2.635 -2.689 -2.742 -2.795 -2.845 
-2.899 
-2.982 -3.031 -3.090 -3.145 -3.196 -3.242 -3.284 -3.323 -3.358 -3.390 
-3.419 -3.444 -3.467 -3.487 -3.504 -3.518 -3.529 -3.538 -3.544 -3.547 
-3.548 -3.546 -3.542 -3.535 -3.525 -3.513 -3.498 -3.480 -3.459 -3.435 
-3.408 -3.377 -3.343 -3.306 -3.265 -3.219 -3.170 -3.115 -3.056 -2.992 
-2.922 -2.846 -2.765 -2.678 -2.586 -2.493 -2.403 -2.322 -2.259 -2.221 
-2.212 -2.231 -2.269 -2.317 -2.369 -2.420 -2.468 -2.511 -2.550 -2.583 
-2.612 -2.636 -2.655 -2.668 -2.676 -2.679 -2.677 -2.668 -2.654 -2.634 
-2.607 -2.575 -2.536 -2.491 -2.442 -2.393 -2.347 -2.309 -2.283 -2.270 
-2.274 -2.299 -2.346 -2.412 -2.490 -2.575 -2.661 -2.744 -2.823 -2.897 
-2.957 
-3.146 -3.202 -3.257 -3.308 -3.353 -3.395 -3.433 -3.467 -3.497 -3.524 
-3.548 -3.569 -3.587 -3.602 -3.614 -3.623 -3.630 -3.634 -3.635 -3.634 
-3.630 -3.623 -3.613 -3.601 -3.586 -3.568 -3.547 -3.523 -3.496 -3.466 
-3.432 -3.395 -3.354 -3.309 -3.259 -3.206 -3.147 -3.084 -3.014 -2.940 
-2.859 -2.772 -2.679 -2.581 -2.479 -2.376 -2.273 -2.170 -2.077 -2.064 
-2.135 -2.215 -2.290 -2.360 -2.425 -2.483 -2.535 -2.578 -2.615 -2.644 
-2.666 -2.680 -2.688 -2.689 -2.683 -2.670 -2.649 -2.622 -2.586 -2.543 
-2.492 -2.433 -2.367 -2.298 -2.230 -2.172 -2.132 -2.118 -2.126 -2.146 
-2.192 -2.290 -2.412 -2.532 -2.644 -2.746 -2.839 -2.925 -3.004 -3.076 
-3.127 
-3.258 -3.321 -3.388 -3.448 -3.502 -3.551 -3.595 -3.635 -3.671 -3.703 
-3.731 -3.756 -3.777 -3.796 -3.811 -3.823 -3.832 -3.839 -3.842 -3.843 
-3.841 -3.836 -3.828 -3.817 -3.803 -3.787 -3.767 -3.744 -3.718 -3.688 
-3.655 -3.618 -3.576 -3.531 -3.480 -3.425 -3.363 -3.296 -3.221 -3.139 
-3.047 -2.944 -2.828 -2.696 -2.543 -2.362 -2.146 -1.914 -1.745 -1.731 
-1.871 -2.075 -2.261 -2.412 -2.533 -2.630 -2.710 -2.775 -2.828 -2.870 
-2.903 -2.927 -2.943 -2.952 -2.953 -2.946 -2.932 -2.910 -2.880 -2.841 
-2.794 -2.737 -2.670 -2.593 -2.507 -2.411 -2.305 -2.184 -2.050 -1.938 
-1.910 -2.000 -2.174 -2.370 -2.552 -2.710 -2.847 -2.966 -3.071 -3.164 
-3.219 
