IRGRID 64 91
1e+308

0.025 0.03 0.035 0.04 0.045 0.05 0.055 0.06 0.065 0.07
0.075 0.08 0.085 0.09 0.095 0.1 0.11 0.12 0.13 0.14
0.15 0.16 0.17 0.18 0.19 0.2 0.21 0.22 0.23 0.24
0.25 0.26 0.27 0.28 0.29 0.3 0.31 0.32 0.33 0.34
0.35 0.36 0.37 0.38 0.39 0.4 0.41 0.42 0.43 0.44
0.45 0.46 0.47 0.48 0.49 0.5 0.51 0.52 0.53 0.54
0.55 0.56 0.57 0.58
0 4 8 12 16 20 24 28 32 36
40 44 48 52 56 60 64 68 72 76
80 84 88 92 96 100 104 108 112 116
120 124 128 132 136 140 144 148 152 156
160 164 168 172 176 180 184 188 192 196
200 204 208 212 216 220 224 228 232 236
240 244 248 252 256 260 264 268 272 276
280 284 288 292 296 300 304 308 312 316
320 324 328 332 336 340 344 348 352 356
360
-4.000 -4.000 -4.000 -4.000 -4.000 -4.000 -4.000 -4.000 -4.000 -4.000 
-4.000 -4.000 -4.000 -4.000 -4.000 -4.000 -4.000 -4.000 -4.000 -4.000 
-4.000 -4.000 -4.000 -4.000 -4.000 -4.000 -4.000 -4.000 -4.000 -4.000 
-4.000 -4.000 -4.000 -4.000 -4.000 -3.997 -3.965 -3.929 -3.889 -3.845 
-3.796 -3.743 -3.688 -3.629 -3.570 -3.510 -3.454 -3.401 -3.355 -3.318 
-3.288 -3.267 -3.249 -3.232 -3.212 -3.182 -3.140 -3.087 -3.034 -3.005 
-3.019 -3.077 -3.158 -3.242 -3.318 -3.384 -3.442 -3.492 -3.538 -3.581 
-3.622 -3.663 -3.703 -3.743 -3.784 -3.825 -3.865 -3.905 -3.945 -3.983 
-4.000 -4.000 -4.000 -4.000 -4.000 -4.000 -4.000 -4.000 -4.000 -4.000 
-4.000 
-3.650 -3.696 -3.700 -3.701 -3.700 -3.695 -3.688 -3.679 -3.668 -3.655 
-3.640 -3.625 -3.608 -3.590 -3.573 -3.555 -3.539 -3.523 -3.508 -3.494 
-3.481 -3.470 -3.459 -3.449 -3.439 -3.428 -3.416 -3.403 -3.390 -3.376 
-3.362 -3.349 -3.337 -3.329 -3.324 -3.323 -3.326 -3.331 -3.337 -3.344 
-3.350 -3.354 -3.354 -3.350 -3.341 -3.327 -3.307 -3.283 -3.252 -3.216 
-3.174 -3.124 -3.066 -2.997 -2.916 -2.824 -2.722 -2.621 -2.536 -2.489 
-2.498 -2.560 -2.655 -2.760 -2.860 -2.947 -3.017 -3.071 -3.111 -3.139 
-3.159 -3.173 -3.186 -3.201 -3.221 -3.247 -3.278 -3.315 -3.354 -3.395 
-3.436 -3.475 -3.512 -3.546 -3.577 -3.604 -3.628 -3.648 -3.665 -3.679 
-3.651 
-3.099 -3.134 -3.159 -3.180 -3.198 -3.214 -3.226 -3.236 -3.242 -3.246 
-3.247 -3.246 -3.242 -3.235 -3.226 -3.214 -3.200 -3.183 -3.164 -3.142 
-3.118 -3.092 -3.063 -3.033 -3.000 -2.966 -2.930 -2.894 -2.857 -2.822 
-2.789 -2.760 -2.735 -2.716 -2.704 -2.698 -2.698 -2.704 -2.714 -2.728 
-2.744 -2.761 -2.779 -2.798 -2.816 -2.833 -2.850 -2.864 -2.877 -2.888 
-2.895 -2.899 -2.899 -2.895 -2.884 -2.867 -2.843 -2.812 -2.778 -2.752 
-2.742 -2.745 -2.749 -2.746 -2.733 -2.712 -2.685 -2.653 -2.620 -2.586 
-2.554 -2.527 -2.506 -2.495 -2.493 -2.502 -2.522 -2.551 -2.588 -2.631 
-2.678 -2.728 -2.778 -2.828 -2.876 -2.921 -2.965 -3.005 -3.042 -3.076 
-3.092 
-2.692 -2.727 -2.751 -2.772 -2.790 -2.806 -2.819 -2.830 -2.839 -2.846 
-2.851 -2.854 -2.856 -2.856 -2.854 -2.851 -2.847 -2.842 -2.835 -2.827 
-2.817 -2.806 -2.794 -2.780 -2.765 -2.748 -2.729 -2.709 -2.688 -2.665 
-2.642 -2.617 -2.592 -2.567 -2.543 -2.519 -2.496 -2.475 -2.455 -2.438 
-2.423 -2.410 -2.399 -2.390 -2.383 -2.377 -2.370 -2.363 -2.354 -2.343 
-2.329 -2.312 -2.293 -2.273 -2.252 -2.232 -2.215 -2.203 -2.197 -2.199 
-2.207 -2.219 -2.235 -2.250 -2.263 -2.273 -2.278 -2.277 -2.271 -2.260 
-2.246 -2.229 -2.211 -2.195 -2.184 -2.180 -2.184 -2.198 -2.221 -2.253 
-2.292 -2.336 -2.382 -2.429 -2.475 -2.520 -2.562 -2.601 -2.638 -2.671 
-2.681 
-2.436 -2.416 -2.418 -2.420 -2.420 -2.419 -2.417 -2.414 -2.411 -2.407 
-2.403 -2.398 -2.393 -2.387 -2.382 -2.376 -2.370 -2.365 -2.359 -2.353 
-2.347 -2.342 -2.336 -2.330 -2.324 -2.318 -2.311 -2.304 -2.296 -2.288 
-2.279 -2.269 -2.258 -2.246 -2.233 -2.219 -2.203 -2.186 -2.167 -2.147 
-2.125 -2.102 -2.076 -2.049 -2.019 -1.986 -1.951 -1.914 -1.874 -1.831 
-1.786 -1.739 -1.692 -1.644 -1.599 -1.559 -1.528 -1.509 -1.505 -1.517 
-1.543 -1.579 -1.622 -1.671 -1.721 -1.772 -1.823 -1.871 -1.917 -1.961 
-2.001 -2.037 -2.071 -2.101 -2.129 -2.156 -2.181 -2.205 -2.229 -2.253 
-2.276 -2.298 -2.318 -2.337 -2.353 -2.368 -2.380 -2.391 -2.400 -2.407 
-2.435 
-2.140 -2.261 -2.301 -2.337 -2.369 -2.396 -2.418 -2.435 -2.448 -2.457 
-2.463 -2.466 -2.467 -2.465 -2.461 -2.456 -2.450 -2.443 -2.434 -2.426 
-2.416 -2.407 -2.397 -2.388 -2.378 -2.368 -2.358 -2.348 -2.338 -2.328 
-2.317 -2.306 -2.294 -2.282 -2.268 -2.253 -2.236 -2.218 -2.198 -2.176 
-2.151 -2.124 -2.094 -2.060 -2.023 -1.982 -1.937 -1.887 -1.832 -1.771 
-1.705 -1.632 -1.552 -1.465 -1.370 -1.265 -1.149 -1.037 -0.999 -1.076 
-1.197 -1.315 -1.423 -1.521 -1.609 -1.690 -1.762 -1.828 -1.887 -1.939 
-1.985 -2.025 -2.060 -2.088 -2.112 -2.130 -2.143 -2.150 -2.152 -2.149 
-2.142 -2.131 -2.119 -2.106 -2.097 -2.095 -2.101 -2.118 -2.146 -2.181 
-2.140 
-1.684 -1.692 -1.757 -1.821 -1.882 -1.940 -1.992 -2.037 -2.076 -2.108 
-2.131 -2.147 -2.153 -2.150 -2.137 -2.115 -2.084 -2.047 -2.007 -1.969 
-1.942 -1.930 -1.937 -1.962 -1.999 -2.042 -2.086 -2.127 -2.164 -2.196 
-2.221 -2.241 -2.256 -2.265 -2.268 -2.267 -2.262 -2.251 -2.236 -2.217 
-2.192 -2.164 -2.130 -2.090 -2.046 -1.995 -1.937 -1.872 -1.799 -1.716 
-1.622 -1.515 -1.391 -1.247 -1.080 -0.885 -0.678 -0.507 -0.442 -0.485 
-0.471 -0.004 -0.366 -0.832 -1.070 -1.223 -1.333 -1.418 -1.484 -1.537 
-1.578 -1.609 -1.631 -1.646 -1.653 -1.653 -1.647 -1.634 -1.617 -1.595 
-1.569 -1.541 -1.513 -1.489 -1.471 -1.463 -1.468 -1.489 -1.524 -1.572 
-1.654 
-1.719 -1.806 -1.819 -1.828 -1.833 -1.832 -1.826 -1.815 -1.799 -1.777 
-1.749 -1.716 -1.676 -1.630 -1.578 -1.521 -1.460 -1.398 -1.338 -1.286 
-1.250 -1.233 -1.239 -1.265 -1.306 -1.356 -1.410 -1.463 -1.512 -1.557 
-1.596 -1.629 -1.657 -1.679 -1.696 -1.708 -1.716 -1.719 -1.717 -1.712 
-1.702 -1.688 -1.671 -1.649 -1.623 -1.593 -1.557 -1.517 -1.472 -1.420 
-1.362 -1.295 -1.219 -1.132 -1.030 -0.909 -0.766 -0.602 -0.426 -0.186 
0.284 0.670 0.564 0.330 0.013 -0.272 -0.502 -0.687 -0.839 -0.966 
-1.075 -1.170 -1.252 -1.324 -1.387 -1.443 -1.491 -1.534 -1.570 -1.601 
-1.626 -1.647 -1.664 -1.678 -1.690 -1.702 -1.715 -1.732 -1.750 -1.770 
-1.720 
-1.228 -1.274 -1.308 -1.339 -1.365 -1.387 -1.406 -1.421 -1.434 -1.445 
-1.453 -1.458 -1.462 -1.463 -1.462 -1.458 -1.451 -1.442 -1.431 -1.420 
-1.410 -1.405 -1.404 -1.408 -1.414 -1.421 -1.425 -1.428 -1.428 -1.425 
-1.421 -1.414 -1.405 -1.394 -1.381 -1.366 -1.349 -1.330 -1.310 -1.287 
-1.262 -1.235 -1.205 -1.173 -1.138 -1.100 -1.058 -1.013 -0.963 -0.909 
-0.850 -0.784 -0.711 -0.630 -0.539 -0.435 -0.315 -0.174 -0.002 0.219 
0.579 1.123 0.918 0.905 0.706 0.433 0.189 -0.010 -0.173 -0.309 
-0.425 -0.525 -0.612 -0.690 -0.758 -0.818 -0.872 -0.918 -0.959 -0.993 
-1.022 -1.044 -1.061 -1.073 -1.082 -1.092 -1.106 -1.128 -1.159 -1.197 
-1.223 
-0.988 -1.027 -1.115 -1.199 -1.278 -1.352 -1.419 -1.481 -1.537 -1.587 
-1.632 -1.673 -1.709 -1.742 -1.771 -1.796 -1.819 -1.838 -1.855 -1.869 
-1.881 -1.890 -1.897 -1.902 -1.905 -1.906 -1.905 -1.902 -1.897 -1.891 
-1.882 -1.871 -1.858 -1.843 -1.826 -1.806 -1.784 -1.760 -1.733 -1.703 
-1.671 -1.635 -1.596 -1.553 -1.505 -1.454 -1.397 -1.335 -1.266 -1.190 
-1.105 -1.011 -0.904 -0.781 -0.640 -0.473 -0.273 -0.031 0.253 0.597 
1.167 1.542 1.074 0.479 0.209 -0.014 -0.179 -0.301 -0.393 -0.463 
-0.518 -0.562 -0.600 -0.636 -0.671 -0.706 -0.740 -0.771 -0.794 -0.809 
-0.812 -0.804 -0.786 -0.763 -0.740 -0.724 -0.725 -0.748 -0.795 -0.861 
-0.950 
-1.202 -1.277 -1.338 -1.394 -1.447 -1.495 -1.539 -1.579 -1.615 -1.648 
-1.678 -1.705 -1.729 -1.751 -1.769 -1.785 -1.799 -1.810 -1.819 -1.825 
-1.829 -1.831 -1.830 -1.827 -1.822 -1.815 -1.805 -1.793 -1.778 -1.762 
-1.742 -1.720 -1.696 -1.669 -1.639 -1.606 -1.570 -1.532 -1.489 -1.444 
-1.395 -1.341 -1.284 -1.222 -1.155 -1.083 -1.005 -0.920 -0.828 -0.728 
-0.618 -0.497 -0.362 -0.212 -0.041 0.155 0.381 0.635 0.873 1.007 
1.013 1.159 0.696 0.528 0.401 0.298 0.213 0.143 0.086 0.040 
0.000 -0.035 -0.071 -0.111 -0.158 -0.214 -0.280 -0.354 -0.433 -0.514 
-0.595 -0.672 -0.744 -0.809 -0.868 -0.921 -0.973 -1.027 -1.086 -1.149 
-1.187 
-1.402 -1.434 -1.466 -1.496 -1.523 -1.549 -1.572 -1.594 -1.614 -1.633 
-1.650 -1.666 -1.680 -1.693 -1.704 -1.713 -1.721 -1.726 -1.729 -1.731 
-1.730 -1.727 -1.722 -1.714 -1.705 -1.693 -1.678 -1.662 -1.642 -1.621 
-1.597 -1.570 -1.541 -1.509 -1.474 -1.436 -1.395 -1.351 -1.304 -1.253 
-1.198 -1.139 -1.076 -1.009 -0.937 -0.859 -0.776 -0.686 -0.590 -0.486 
-0.373 -0.251 -0.119 0.026 0.185 0.357 0.543 0.736 0.919 1.061 
1.212 1.033 0.923 0.802 0.679 0.558 0.440 0.325 0.214 0.107 
0.005 -0.093 -0.186 -0.276 -0.362 -0.447 -0.530 -0.613 -0.695 -0.774 
-0.850 -0.922 -0.991 -1.056 -1.116 -1.173 -1.225 -1.274 -1.319 -1.360 
-1.389 
-1.412 -1.435 -1.440 -1.446 -1.452 -1.460 -1.468 -1.479 -1.491 -1.504 
-1.520 -1.536 -1.553 -1.570 -1.588 -1.605 -1.622 -1.637 -1.652 -1.664 
-1.675 -1.685 -1.692 -1.697 -1.700 -1.701 -1.700 -1.696 -1.691 -1.683 
-1.673 -1.660 -1.646 -1.629 -1.609 -1.588 -1.563 -1.537 -1.507 -1.475 
-1.439 -1.400 -1.358 -1.312 -1.262 -1.208 -1.148 -1.082 -1.011 -0.931 
-0.844 -0.747 -0.638 -0.517 -0.380 -0.225 -0.047 0.162 0.447 0.974 
1.350 0.979 0.594 0.462 0.289 0.106 -0.056 -0.198 -0.327 -0.444 
-0.552 -0.652 -0.745 -0.829 -0.907 -0.978 -1.042 -1.100 -1.152 -1.198 
-1.239 -1.275 -1.306 -1.333 -1.356 -1.375 -1.391 -1.403 -1.414 -1.422 
-1.413 
-1.270 -1.273 -1.293 -1.310 -1.327 -1.341 -1.354 -1.366 -1.377 -1.386 
-1.395 -1.402 -1.407 -1.412 -1.415 -1.417 -1.417 -1.416 -1.414 -1.410 
-1.405 -1.399 -1.391 -1.382 -1.372 -1.360 -1.347 -1.333 -1.317 -1.300 
-1.282 -1.263 -1.242 -1.220 -1.197 -1.172 -1.146 -1.118 -1.089 -1.058 
-1.025 -0.991 -0.954 -0.915 -0.873 -0.828 -0.780 -0.728 -0.672 -0.609 
-0.540 -0.461 -0.370 -0.260 -0.122 0.058 0.274 0.382 0.386 0.519 
0.931 0.809 0.922 0.919 0.769 0.555 0.346 0.167 0.016 -0.109 
-0.215 -0.305 -0.382 -0.450 -0.511 -0.571 -0.630 -0.691 -0.751 -0.811 
-0.869 -0.923 -0.974 -1.020 -1.063 -1.102 -1.138 -1.170 -1.200 -1.227 
-1.262 
-1.394 -1.423 -1.468 -1.509 -1.547 -1.581 -1.613 -1.641 -1.667 -1.690 
-1.711 -1.729 -1.745 -1.759 -1.770 -1.779 -1.786 -1.791 -1.794 -1.795 
-1.794 -1.791 -1.786 -1.780 -1.771 -1.760 -1.748 -1.734 -1.718 -1.699 
-1.679 -1.657 -1.632 -1.605 -1.576 -1.545 -1.511 -1.474 -1.434 -1.390 
-1.343 -1.292 -1.237 -1.177 -1.111 -1.039 -0.959 -0.870 -0.771 -0.659 
-0.530 -0.381 -0.205 0.008 0.273 0.592 0.880 0.883 0.726 0.520 
0.380 0.345 0.380 0.348 0.209 0.065 -0.043 -0.115 -0.158 -0.180 
-0.183 -0.172 -0.163 -0.180 -0.226 -0.280 -0.339 -0.408 -0.485 -0.569 
-0.657 -0.745 -0.831 -0.914 -0.994 -1.069 -1.139 -1.204 -1.265 -1.322 
-1.374 
-1.675 -1.802 -1.848 -1.890 -1.928 -1.964 -1.997 -2.026 -2.053 -2.077 
-2.099 -2.118 -2.135 -2.149 -2.161 -2.171 -2.178 -2.183 -2.185 -2.186 
-2.184 -2.179 -2.173 -2.164 -2.152 -2.139 -2.123 -2.104 -2.083 -2.059 
-2.032 -2.003 -1.971 -1.935 -1.897 -1.854 -1.809 -1.759 -1.705 -1.647 
-1.584 -1.515 -1.441 -1.360 -1.271 -1.174 -1.067 -0.948 -0.815 -0.666 
-0.497 -0.305 -0.090 0.138 0.381 0.694 0.931 0.730 0.402 0.159 
-0.004 -0.116 -0.194 -0.246 -0.278 -0.293 -0.292 -0.276 -0.245 -0.195 
-0.125 -0.046 0.000 -0.042 -0.175 -0.345 -0.508 -0.653 -0.781 -0.898 
-1.006 -1.107 -1.201 -1.288 -1.370 -1.446 -1.516 -1.582 -1.643 -1.700 
-1.669 
-1.315 -1.333 -1.370 -1.405 -1.437 -1.467 -1.494 -1.518 -1.540 -1.560 
-1.577 -1.592 -1.604 -1.614 -1.623 -1.628 -1.632 -1.634 -1.633 -1.630 
-1.625 -1.618 -1.608 -1.596 -1.582 -1.566 -1.547 -1.526 -1.502 -1.475 
-1.446 -1.414 -1.379 -1.341 -1.299 -1.254 -1.206 -1.153 -1.096 -1.035 
-0.968 -0.896 -0.818 -0.733 -0.640 -0.538 -0.426 -0.302 -0.163 -0.007 
0.169 0.365 0.572 0.761 0.891 0.966 1.046 0.921 0.721 0.558 
0.437 0.348 0.282 0.234 0.199 0.175 0.159 0.146 0.134 0.118 
0.096 0.067 0.026 -0.040 -0.133 -0.232 -0.331 -0.426 -0.518 -0.606 
-0.689 -0.768 -0.842 -0.912 -0.977 -1.039 -1.097 -1.151 -1.201 -1.248 
-1.298 
-1.236 -1.251 -1.283 -1.313 -1.341 -1.366 -1.389 -1.410 -1.429 -1.445 
-1.460 -1.472 -1.483 -1.491 -1.497 -1.501 -1.504 -1.504 -1.502 -1.498 
-1.492 -1.484 -1.473 -1.461 -1.446 -1.429 -1.410 -1.389 -1.365 -1.338 
-1.309 -1.278 -1.243 -1.205 -1.165 -1.121 -1.074 -1.023 -0.968 -0.908 
-0.844 -0.775 -0.701 -0.620 -0.532 -0.437 -0.332 -0.218 -0.091 0.048 
0.202 0.372 0.558 0.762 0.994 1.246 1.426 1.391 1.188 0.955 
0.765 0.616 0.497 0.399 0.314 0.240 0.173 0.110 0.051 -0.006 
-0.065 -0.126 -0.190 -0.257 -0.327 -0.397 -0.467 -0.536 -0.603 -0.669 
-0.731 -0.792 -0.849 -0.905 -0.957 -1.007 -1.054 -1.098 -1.140 -1.180 
-1.223 
-1.427 -1.461 -1.486 -1.509 -1.529 -1.547 -1.563 -1.577 -1.589 -1.598 
-1.605 -1.610 -1.613 -1.614 -1.613 -1.609 -1.604 -1.596 -1.586 -1.574 
-1.559 -1.542 -1.523 -1.501 -1.477 -1.450 -1.420 -1.388 -1.353 -1.314 
-1.273 -1.227 -1.179 -1.126 -1.069 -1.007 -0.941 -0.869 -0.792 -0.709 
-0.620 -0.525 -0.427 -0.326 -0.226 -0.130 -0.034 0.067 0.179 0.306 
0.444 0.582 0.704 0.793 0.850 0.907 0.983 0.926 0.776 0.652 
0.556 0.472 0.392 0.312 0.229 0.143 0.055 -0.035 -0.124 -0.213 
-0.300 -0.385 -0.467 -0.547 -0.623 -0.696 -0.766 -0.833 -0.897 -0.958 
-1.015 -1.070 -1.122 -1.170 -1.216 -1.259 -1.299 -1.337 -1.371 -1.404 
-1.419 
-1.589 -1.612 -1.629 -1.643 -1.655 -1.665 -1.673 -1.678 -1.681 -1.682 
-1.681 -1.677 -1.671 -1.663 -1.653 -1.640 -1.625 -1.608 -1.588 -1.566 
-1.541 -1.513 -1.483 -1.450 -1.414 -1.374 -1.332 -1.286 -1.236 -1.183 
-1.126 -1.064 -0.997 -0.926 -0.849 -0.766 -0.678 -0.583 -0.482 -0.374 
-0.262 -0.146 -0.031 0.077 0.172 0.245 0.291 0.309 0.307 0.298 
0.297 0.311 0.336 0.359 0.365 0.355 0.337 0.318 0.300 0.279 
0.250 0.207 0.149 0.077 -0.006 -0.095 -0.189 -0.284 -0.379 -0.472 
-0.564 -0.651 -0.735 -0.815 -0.890 -0.961 -1.028 -1.090 -1.148 -1.203 
-1.254 -1.301 -1.346 -1.386 -1.424 -1.459 -1.491 -1.521 -1.547 -1.571 
-1.583 
-1.602 -1.625 -1.646 -1.665 -1.681 -1.694 -1.706 -1.715 -1.721 -1.726 
-1.728 -1.728 -1.725 -1.720 -1.713 -1.704 -1.692 -1.678 -1.662 -1.643 
-1.621 -1.597 -1.570 -1.540 -1.507 -1.471 -1.432 -1.390 -1.343 -1.294 
-1.240 -1.181 -1.118 -1.050 -0.976 -0.896 -0.809 -0.715 -0.613 -0.502 
-0.382 -0.252 -0.114 0.028 0.166 0.282 0.356 0.373 0.339 0.275 
0.202 0.131 0.071 0.022 -0.015 -0.041 -0.057 -0.065 -0.068 -0.068 
-0.069 -0.073 -0.081 -0.095 -0.116 -0.148 -0.191 -0.248 -0.315 -0.391 
-0.472 -0.557 -0.641 -0.724 -0.804 -0.881 -0.954 -1.023 -1.089 -1.150 
-1.208 -1.262 -1.312 -1.359 -1.403 -1.443 -1.481 -1.515 -1.547 -1.576 
-1.594 
-1.563 -1.573 -1.595 -1.615 -1.632 -1.647 -1.660 -1.670 -1.678 -1.684 
-1.687 -1.688 -1.687 -1.684 -1.678 -1.670 -1.660 -1.648 -1.633 -1.615 
-1.595 -1.573 -1.547 -1.519 -1.489 -1.455 -1.418 -1.377 -1.334 -1.286 
-1.234 -1.179 -1.118 -1.052 -0.981 -0.904 -0.819 -0.727 -0.626 -0.515 
-0.394 -0.261 -0.118 0.030 0.170 0.281 0.339 0.338 0.295 0.240 
0.190 0.144 0.093 0.032 -0.032 -0.093 -0.146 -0.190 -0.225 -0.251 
-0.269 -0.281 -0.289 -0.295 -0.304 -0.316 -0.336 -0.365 -0.402 -0.449 
-0.503 -0.564 -0.629 -0.697 -0.767 -0.835 -0.903 -0.968 -1.031 -1.091 
-1.148 -1.202 -1.252 -1.300 -1.344 -1.385 -1.423 -1.459 -1.491 -1.521 
-1.553 
-1.667 -1.681 -1.696 -1.710 -1.721 -1.730 -1.737 -1.742 -1.745 -1.746 
-1.745 -1.742 -1.738 -1.731 -1.722 -1.711 -1.698 -1.683 -1.666 -1.647 
-1.625 -1.602 -1.576 -1.547 -1.517 -1.483 -1.447 -1.409 -1.367 -1.322 
-1.275 -1.224 -1.169 -1.111 -1.048 -0.981 -0.910 -0.833 -0.751 -0.662 
-0.567 -0.464 -0.355 -0.238 -0.119 -0.005 0.096 0.186 0.275 0.363 
0.435 0.470 0.461 0.409 0.329 0.236 0.140 0.047 -0.042 -0.124 
-0.199 -0.268 -0.331 -0.389 -0.446 -0.502 -0.559 -0.619 -0.680 -0.743 
-0.807 -0.870 -0.934 -0.996 -1.056 -1.114 -1.170 -1.222 -1.272 -1.319 
-1.363 -1.405 -1.443 -1.480 -1.513 -1.544 -1.573 -1.599 -1.623 -1.644 
-1.661 
-1.820 -1.852 -1.871 -1.887 -1.902 -1.914 -1.924 -1.931 -1.937 -1.940 
-1.941 -1.940 -1.936 -1.931 -1.923 -1.913 -1.900 -1.886 -1.869 -1.849 
-1.827 -1.803 -1.776 -1.746 -1.714 -1.679 -1.640 -1.599 -1.554 -1.506 
-1.454 -1.397 -1.337 -1.272 -1.203 -1.128 -1.048 -0.962 -0.870 -0.772 
-0.668 -0.561 -0.452 -0.347 -0.253 -0.180 -0.131 -0.103 -0.083 -0.063 
-0.046 -0.042 -0.062 -0.105 -0.158 -0.210 -0.254 -0.288 -0.311 -0.324 
-0.330 -0.332 -0.334 -0.343 -0.363 -0.397 -0.448 -0.512 -0.585 -0.666 
-0.749 -0.833 -0.915 -0.996 -1.074 -1.148 -1.219 -1.285 -1.347 -1.406 
-1.461 -1.512 -1.560 -1.604 -1.645 -1.683 -1.718 -1.750 -1.779 -1.806 
-1.813 
-1.833 -1.845 -1.869 -1.890 -1.909 -1.925 -1.939 -1.950 -1.959 -1.966 
-1.970 -1.972 -1.972 -1.969 -1.964 -1.957 -1.947 -1.935 -1.920 -1.903 
-1.883 -1.860 -1.835 -1.807 -1.776 -1.741 -1.704 -1.663 -1.618 -1.569 
-1.516 -1.459 -1.397 -1.329 -1.256 -1.176 -1.090 -0.995 -0.892 -0.780 
-0.658 -0.529 -0.394 -0.262 -0.148 -0.069 -0.039 -0.060 -0.121 -0.201 
-0.283 -0.357 -0.420 -0.473 -0.515 -0.547 -0.569 -0.584 -0.590 -0.591 
-0.586 -0.577 -0.567 -0.559 -0.554 -0.557 -0.567 -0.587 -0.617 -0.657 
-0.707 -0.766 -0.833 -0.903 -0.976 -1.050 -1.123 -1.193 -1.261 -1.326 
-1.387 -1.445 -1.500 -1.551 -1.598 -1.643 -1.684 -1.722 -1.757 -1.789 
-1.822 
-1.952 -1.974 -1.996 -2.016 -2.033 -2.048 -2.061 -2.071 -2.079 -2.084 
-2.087 -2.088 -2.087 -2.083 -2.077 -2.068 -2.057 -2.044 -2.028 -2.010 
-1.989 -1.965 -1.939 -1.909 -1.877 -1.841 -1.803 -1.760 -1.714 -1.664 
-1.609 -1.550 -1.486 -1.417 -1.341 -1.259 -1.169 -1.072 -0.965 -0.849 
-0.724 -0.590 -0.450 -0.308 -0.169 -0.046 0.037 0.057 0.012 -0.073 
-0.169 -0.258 -0.334 -0.396 -0.442 -0.476 -0.499 -0.512 -0.517 -0.519 
-0.521 -0.525 -0.532 -0.541 -0.555 -0.573 -0.600 -0.638 -0.686 -0.746 
-0.814 -0.888 -0.966 -1.045 -1.124 -1.201 -1.275 -1.345 -1.413 -1.476 
-1.536 -1.592 -1.645 -1.694 -1.739 -1.782 -1.821 -1.857 -1.891 -1.921 
-1.943 
-2.165 -2.180 -2.195 -2.206 -2.216 -2.222 -2.227 -2.229 -2.229 -2.227 
-2.222 -2.215 -2.206 -2.194 -2.180 -2.164 -2.145 -2.123 -2.098 -2.071 
-2.041 -2.008 -1.972 -1.933 -1.890 -1.844 -1.794 -1.739 -1.681 -1.617 
-1.548 -1.474 -1.394 -1.307 -1.213 -1.112 -1.003 -0.888 -0.769 -0.648 
-0.528 -0.417 -0.321 -0.251 -0.210 -0.195 -0.198 -0.222 -0.269 -0.323 
-0.371 -0.407 -0.428 -0.436 -0.431 -0.414 -0.387 -0.355 -0.326 -0.316 
-0.336 -0.383 -0.451 -0.534 -0.625 -0.721 -0.815 -0.908 -1.000 -1.089 
-1.176 -1.261 -1.342 -1.420 -1.494 -1.563 -1.628 -1.689 -1.746 -1.798 
-1.848 -1.893 -1.935 -1.974 -2.010 -2.042 -2.072 -2.099 -2.123 -2.145 
-2.160 
-2.381 -2.425 -2.436 -2.445 -2.451 -2.455 -2.456 -2.455 -2.451 -2.445 
-2.437 -2.426 -2.413 -2.397 -2.378 -2.357 -2.333 -2.306 -2.276 -2.244 
-2.208 -2.168 -2.125 -2.079 -2.028 -1.973 -1.913 -1.849 -1.779 -1.704 
-1.622 -1.533 -1.438 -1.335 -1.225 -1.109 -0.991 -0.875 -0.770 -0.684 
-0.623 -0.584 -0.557 -0.538 -0.534 -0.555 -0.598 -0.647 -0.688 -0.716 
-0.730 -0.727 -0.709 -0.673 -0.619 -0.547 -0.459 -0.367 -0.299 -0.291 
-0.361 -0.488 -0.636 -0.781 -0.913 -1.029 -1.130 -1.220 -1.303 -1.383 
-1.462 -1.540 -1.618 -1.694 -1.767 -1.836 -1.900 -1.961 -2.017 -2.069 
-2.117 -2.161 -2.201 -2.238 -2.272 -2.302 -2.330 -2.354 -2.376 -2.395 
-2.378 
-2.210 -2.228 -2.250 -2.268 -2.285 -2.299 -2.310 -2.319 -2.325 -2.329 
-2.331 -2.330 -2.327 -2.322 -2.314 -2.303 -2.290 -2.275 -2.256 -2.236 
-2.212 -2.185 -2.156 -2.123 -2.087 -2.047 -2.004 -1.956 -1.905 -1.848 
-1.787 -1.720 -1.646 -1.567 -1.480 -1.385 -1.283 -1.175 -1.062 -0.947 
-0.828 -0.703 -0.572 -0.452 -0.374 -0.362 -0.412 -0.494 -0.580 -0.657 
-0.720 -0.771 -0.808 -0.833 -0.844 -0.842 -0.824 -0.792 -0.759 -0.754 
-0.788 -0.837 -0.875 -0.896 -0.907 -0.913 -0.921 -0.937 -0.965 -1.007 
-1.064 -1.131 -1.207 -1.286 -1.367 -1.446 -1.523 -1.596 -1.665 -1.730 
-1.792 -1.849 -1.902 -1.951 -1.997 -2.039 -2.078 -2.114 -2.147 -2.177 
-2.200 
-2.101 -2.100 -2.118 -2.133 -2.146 -2.157 -2.166 -2.173 -2.177 -2.179 
-2.179 -2.177 -2.173 -2.166 -2.157 -2.146 -2.133 -2.118 -2.100 -2.079 
-2.056 -2.031 -2.003 -1.972 -1.939 -1.903 -1.864 -1.821 -1.776 -1.727 
-1.675 -1.620 -1.561 -1.499 -1.434 -1.366 -1.295 -1.221 -1.144 -1.063 
-0.977 -0.887 -0.793 -0.701 -0.625 -0.577 -0.554 -0.544 -0.540 -0.542 
-0.550 -0.561 -0.574 -0.585 -0.593 -0.598 -0.598 -0.596 -0.597 -0.607 
-0.629 -0.659 -0.694 -0.732 -0.773 -0.818 -0.868 -0.923 -0.982 -1.046 
-1.113 -1.183 -1.253 -1.322 -1.390 -1.456 -1.518 -1.578 -1.634 -1.687 
-1.737 -1.784 -1.828 -1.869 -1.907 -1.942 -1.975 -2.005 -2.032 -2.057 
-2.093 
-2.247 -2.280 -2.290 -2.297 -2.303 -2.306 -2.307 -2.305 -2.302 -2.296 
-2.288 -2.277 -2.264 -2.249 -2.231 -2.211 -2.188 -2.163 -2.135 -2.104 
-2.071 -2.035 -1.995 -1.953 -1.908 -1.860 -1.809 -1.754 -1.697 -1.636 
-1.573 -1.508 -1.441 -1.373 -1.305 -1.239 -1.175 -1.115 -1.059 -1.007 
-0.958 -0.912 -0.867 -0.829 -0.801 -0.785 -0.780 -0.779 -0.778 -0.774 
-0.765 -0.750 -0.726 -0.691 -0.647 -0.595 -0.538 -0.488 -0.461 -0.470 
-0.521 -0.607 -0.711 -0.819 -0.924 -1.023 -1.115 -1.202 -1.284 -1.363 
-1.438 -1.510 -1.578 -1.643 -1.705 -1.763 -1.817 -1.869 -1.917 -1.962 
-2.004 -2.042 -2.078 -2.111 -2.141 -2.169 -2.193 -2.216 -2.235 -2.252 
-2.245 
-2.231 -2.236 -2.252 -2.265 -2.276 -2.284 -2.291 -2.295 -2.297 -2.296 
-2.294 -2.289 -2.282 -2.272 -2.261 -2.246 -2.230 -2.211 -2.189 -2.165 
-2.138 -2.108 -2.075 -2.040 -2.001 -1.959 -1.913 -1.864 -1.811 -1.754 
-1.693 -1.628 -1.558 -1.484 -1.404 -1.320 -1.230 -1.135 -1.034 -0.928 
-0.820 -0.714 -0.619 -0.548 -0.511 -0.512 -0.545 -0.597 -0.656 -0.714 
-0.766 -0.809 -0.842 -0.865 -0.877 -0.880 -0.873 -0.863 -0.858 -0.867 
-0.896 -0.936 -0.979 -1.022 -1.063 -1.104 -1.149 -1.196 -1.248 -1.302 
-1.360 -1.419 -1.478 -1.538 -1.596 -1.653 -1.708 -1.761 -1.812 -1.860 
-1.906 -1.949 -1.989 -2.026 -2.061 -2.094 -2.124 -2.151 -2.176 -2.198 
-2.224 
-2.266 -2.283 -2.298 -2.311 -2.321 -2.330 -2.336 -2.340 -2.341 -2.341 
-2.338 -2.332 -2.325 -2.315 -2.303 -2.289 -2.272 -2.252 -2.231 -2.206 
-2.179 -2.149 -2.116 -2.080 -2.040 -1.998 -1.952 -1.902 -1.848 -1.790 
-1.728 -1.661 -1.589 -1.512 -1.429 -1.341 -1.248 -1.150 -1.049 -0.948 
-0.851 -0.766 -0.700 -0.660 -0.649 -0.665 -0.700 -0.745 -0.792 -0.837 
-0.876 -0.908 -0.933 -0.950 -0.962 -0.967 -0.968 -0.967 -0.966 -0.969 
-0.978 -0.996 -1.020 -1.050 -1.085 -1.125 -1.169 -1.218 -1.272 -1.330 
-1.390 -1.452 -1.514 -1.576 -1.636 -1.695 -1.752 -1.806 -1.857 -1.906 
-1.952 -1.995 -2.036 -2.074 -2.109 -2.141 -2.171 -2.198 -2.223 -2.245 
-2.259 
-2.329 -2.331 -2.342 -2.351 -2.357 -2.361 -2.363 -2.363 -2.360 -2.355 
-2.348 -2.339 -2.328 -2.314 -2.298 -2.279 -2.258 -2.234 -2.208 -2.179 
-2.148 -2.113 -2.076 -2.036 -1.992 -1.945 -1.895 -1.840 -1.782 -1.720 
-1.654 -1.583 -1.509 -1.429 -1.347 -1.261 -1.175 -1.091 -1.011 -0.939 
-0.875 -0.821 -0.778 -0.750 -0.736 -0.732 -0.736 -0.744 -0.752 -0.757 
-0.758 -0.754 -0.744 -0.728 -0.707 -0.682 -0.656 -0.634 -0.620 -0.622 
-0.645 -0.692 -0.759 -0.840 -0.931 -1.025 -1.118 -1.210 -1.298 -1.382 
-1.462 -1.538 -1.610 -1.678 -1.742 -1.802 -1.858 -1.911 -1.960 -2.006 
-2.048 -2.088 -2.124 -2.157 -2.188 -2.216 -2.241 -2.264 -2.285 -2.303 
-2.324 
-2.472 -2.502 -2.509 -2.515 -2.518 -2.519 -2.518 -2.514 -2.508 -2.500 
-2.489 -2.476 -2.461 -2.443 -2.423 -2.400 -2.375 -2.346 -2.315 -2.281 
-2.243 -2.202 -2.158 -2.110 -2.058 -2.002 -1.941 -1.876 -1.806 -1.730 
-1.648 -1.561 -1.468 -1.371 -1.272 -1.173 -1.081 -1.003 -0.945 -0.911 
-0.899 -0.903 -0.916 -0.931 -0.945 -0.954 -0.960 -0.960 -0.955 -0.947 
-0.935 -0.920 -0.903 -0.882 -0.857 -0.827 -0.795 -0.763 -0.741 -0.740 
-0.767 -0.826 -0.910 -1.011 -1.119 -1.228 -1.333 -1.433 -1.527 -1.615 
-1.696 -1.772 -1.843 -1.909 -1.970 -2.027 -2.080 -2.129 -2.174 -2.217 
-2.255 -2.291 -2.324 -2.354 -2.381 -2.406 -2.428 -2.447 -2.465 -2.479 
-2.469 
-2.399 -2.403 -2.416 -2.426 -2.435 -2.441 -2.445 -2.448 -2.448 -2.446 
-2.442 -2.436 -2.428 -2.418 -2.406 -2.392 -2.375 -2.357 -2.336 -2.313 
-2.287 -2.259 -2.229 -2.195 -2.159 -2.121 -2.079 -2.033 -1.985 -1.932 
-1.876 -1.815 -1.750 -1.681 -1.608 -1.532 -1.455 -1.382 -1.314 -1.253 
-1.197 -1.141 -1.080 -1.015 -0.948 -0.886 -0.833 -0.791 -0.756 -0.729 
-0.709 -0.699 -0.699 -0.709 -0.728 -0.755 -0.788 -0.825 -0.867 -0.913 
-0.967 -1.030 -1.097 -1.165 -1.229 -1.289 -1.342 -1.391 -1.438 -1.487 
-1.540 -1.598 -1.661 -1.726 -1.790 -1.851 -1.910 -1.965 -2.016 -2.063 
-2.107 -2.148 -2.185 -2.220 -2.252 -2.281 -2.307 -2.331 -2.352 -2.372 
-2.394 
-2.408 -2.426 -2.450 -2.472 -2.491 -2.508 -2.521 -2.533 -2.542 -2.548 
-2.552 -2.554 -2.553 -2.550 -2.545 -2.537 -2.527 -2.514 -2.499 -2.482 
-2.461 -2.439 -2.413 -2.385 -2.353 -2.319 -2.281 -2.240 -2.196 -2.147 
-2.095 -2.038 -1.976 -1.909 -1.837 -1.758 -1.672 -1.578 -1.475 -1.364 
-1.245 -1.122 -1.004 -0.902 -0.824 -0.776 -0.763 -0.785 -0.830 -0.882 
-0.933 -0.979 -1.020 -1.058 -1.092 -1.123 -1.151 -1.176 -1.195 -1.208 
-1.214 -1.213 -1.203 -1.186 -1.164 -1.140 -1.119 -1.105 -1.105 -1.122 
-1.160 -1.217 -1.289 -1.371 -1.458 -1.547 -1.633 -1.716 -1.795 -1.868 
-1.937 -2.002 -2.061 -2.117 -2.168 -2.215 -2.259 -2.299 -2.335 -2.368 
-2.397 
-2.483 -2.511 -2.531 -2.549 -2.563 -2.576 -2.586 -2.593 -2.598 -2.601 
-2.601 -2.599 -2.594 -2.587 -2.578 -2.566 -2.551 -2.534 -2.515 -2.493 
-2.468 -2.441 -2.410 -2.376 -2.340 -2.300 -2.256 -2.209 -2.157 -2.101 
-2.041 -1.975 -1.904 -1.826 -1.741 -1.648 -1.545 -1.433 -1.309 -1.177 
-1.041 -0.915 -0.818 -0.771 -0.776 -0.818 -0.880 -0.947 -1.013 -1.070 
-1.116 -1.152 -1.178 -1.197 -1.211 -1.222 -1.231 -1.239 -1.244 -1.245 
-1.240 -1.229 -1.211 -1.188 -1.164 -1.144 -1.136 -1.145 -1.174 -1.224 
-1.291 -1.370 -1.457 -1.546 -1.635 -1.720 -1.802 -1.879 -1.951 -2.019 
-2.081 -2.139 -2.192 -2.242 -2.287 -2.329 -2.367 -2.402 -2.434 -2.462 
-2.475 
-2.493 -2.489 -2.499 -2.507 -2.512 -2.516 -2.518 -2.517 -2.515 -2.511 
-2.504 -2.496 -2.485 -2.473 -2.458 -2.442 -2.423 -2.402 -2.380 -2.354 
-2.327 -2.297 -2.265 -2.231 -2.194 -2.155 -2.113 -2.068 -2.021 -1.970 
-1.917 -1.860 -1.800 -1.737 -1.670 -1.598 -1.523 -1.445 -1.366 -1.287 
-1.212 -1.144 -1.088 -1.051 -1.035 -1.027 -1.018 -1.003 -0.984 -0.962 
-0.939 -0.917 -0.897 -0.881 -0.871 -0.869 -0.877 -0.895 -0.923 -0.963 
-1.017 -1.081 -1.151 -1.222 -1.289 -1.351 -1.411 -1.470 -1.533 -1.600 
-1.669 -1.740 -1.808 -1.874 -1.936 -1.994 -2.048 -2.098 -2.145 -2.188 
-2.228 -2.265 -2.299 -2.330 -2.358 -2.384 -2.407 -2.428 -2.447 -2.463 
-2.489 
-2.664 -2.693 -2.700 -2.704 -2.706 -2.706 -2.703 -2.699 -2.692 -2.682 
-2.671 -2.656 -2.640 -2.621 -2.599 -2.575 -2.548 -2.519 -2.486 -2.450 
-2.412 -2.370 -2.325 -2.276 -2.223 -2.167 -2.107 -2.044 -1.976 -1.906 
-1.832 -1.756 -1.677 -1.596 -1.511 -1.422 -1.329 -1.236 -1.148 -1.074 
-1.023 -0.998 -0.999 -1.017 -1.043 -1.069 -1.091 -1.106 -1.113 -1.111 
-1.102 -1.085 -1.060 -1.029 -0.993 -0.953 -0.913 -0.878 -0.858 -0.863 
-0.903 -0.977 -1.077 -1.191 -1.310 -1.426 -1.537 -1.640 -1.736 -1.825 
-1.907 -1.983 -2.054 -2.119 -2.180 -2.236 -2.288 -2.336 -2.380 -2.422 
-2.459 -2.494 -2.526 -2.555 -2.581 -2.604 -2.625 -2.644 -2.660 -2.673 
-2.661 
-2.577 -2.592 -2.595 -2.596 -2.595 -2.591 -2.585 -2.576 -2.564 -2.551 
-2.534 -2.515 -2.493 -2.468 -2.440 -2.410 -2.376 -2.339 -2.299 -2.255 
-2.208 -2.158 -2.103 -2.046 -1.984 -1.920 -1.853 -1.784 -1.714 -1.645 
-1.579 -1.518 -1.465 -1.422 -1.389 -1.365 -1.347 -1.333 -1.319 -1.306 
-1.295 -1.290 -1.290 -1.290 -1.287 -1.279 -1.267 -1.253 -1.240 -1.227 
-1.211 -1.189 -1.159 -1.122 -1.079 -1.036 -1.002 -0.985 -0.995 -1.035 
-1.102 -1.190 -1.291 -1.395 -1.497 -1.593 -1.682 -1.764 -1.839 -1.908 
-1.971 -2.029 -2.083 -2.134 -2.180 -2.224 -2.265 -2.303 -2.339 -2.372 
-2.403 -2.432 -2.458 -2.482 -2.504 -2.523 -2.540 -2.555 -2.568 -2.578 
-2.576 
-2.438 -2.428 -2.445 -2.460 -2.472 -2.483 -2.492 -2.499 -2.504 -2.507 
-2.508 -2.506 -2.503 -2.497 -2.489 -2.478 -2.465 -2.449 -2.431 -2.410 
-2.386 -2.359 -2.328 -2.295 -2.257 -2.217 -2.173 -2.125 -2.075 -2.023 
-1.969 -1.915 -1.863 -1.813 -1.765 -1.720 -1.675 -1.631 -1.584 -1.535 
-1.480 -1.419 -1.351 -1.279 -1.206 -1.139 -1.084 -1.048 -1.035 -1.046 
-1.074 -1.113 -1.155 -1.196 -1.231 -1.260 -1.285 -1.309 -1.337 -1.370 
-1.402 -1.428 -1.441 -1.441 -1.440 -1.458 -1.509 -1.578 -1.647 -1.710 
-1.764 -1.811 -1.855 -1.895 -1.933 -1.970 -2.007 -2.042 -2.076 -2.110 
-2.144 -2.176 -2.207 -2.237 -2.266 -2.294 -2.320 -2.345 -2.369 -2.390 
-2.430 
-2.694 -2.729 -2.743 -2.756 -2.765 -2.773 -2.778 -2.781 -2.782 -2.780 
-2.775 -2.769 -2.759 -2.747 -2.733 -2.716 -2.696 -2.674 -2.648 -2.620 
-2.588 -2.553 -2.515 -2.473 -2.427 -2.378 -2.324 -2.266 -2.204 -2.137 
-2.066 -1.992 -1.914 -1.835 -1.756 -1.682 -1.619 -1.570 -1.540 -1.528 
-1.528 -1.536 -1.544 -1.549 -1.548 -1.541 -1.532 -1.527 -1.530 -1.542 
-1.562 -1.582 -1.600 -1.611 -1.613 -1.605 -1.585 -1.552 -1.505 -1.444 
-1.368 -1.278 -1.179 -1.087 -1.027 -1.025 -1.091 -1.208 -1.348 -1.489 
-1.621 -1.740 -1.846 -1.941 -2.026 -2.103 -2.172 -2.235 -2.293 -2.346 
-2.395 -2.441 -2.482 -2.521 -2.556 -2.589 -2.618 -2.646 -2.670 -2.692 
-2.689 
-2.801 -2.852 -2.864 -2.874 -2.881 -2.887 -2.891 -2.892 -2.892 -2.889 
-2.884 -2.876 -2.866 -2.854 -2.839 -2.821 -2.801 -2.778 -2.751 -2.721 
-2.688 -2.651 -2.610 -2.565 -2.515 -2.460 -2.400 -2.334 -2.262 -2.184 
-2.099 -2.007 -1.909 -1.807 -1.706 -1.612 -1.536 -1.488 -1.475 -1.491 
-1.529 -1.577 -1.624 -1.665 -1.694 -1.710 -1.709 -1.690 -1.654 -1.603 
-1.551 -1.516 -1.513 -1.540 -1.578 -1.608 -1.621 -1.613 -1.584 -1.535 
-1.469 -1.392 -1.314 -1.253 -1.229 -1.260 -1.345 -1.466 -1.599 -1.729 
-1.849 -1.959 -2.058 -2.147 -2.226 -2.298 -2.363 -2.422 -2.475 -2.523 
-2.567 -2.607 -2.644 -2.677 -2.708 -2.735 -2.761 -2.783 -2.804 -2.822 
-2.797 
-2.558 -2.535 -2.548 -2.560 -2.570 -2.580 -2.589 -2.597 -2.604 -2.609 
-2.614 -2.617 -2.618 -2.618 -2.617 -2.614 -2.610 -2.604 -2.596 -2.586 
-2.574 -2.560 -2.543 -2.525 -2.503 -2.479 -2.452 -2.421 -2.387 -2.348 
-2.305 -2.256 -2.201 -2.141 -2.076 -2.009 -1.946 -1.892 -1.850 -1.814 
-1.778 -1.736 -1.685 -1.625 -1.555 -1.476 -1.387 -1.287 -1.180 -1.074 
-0.987 -0.937 -0.938 -0.988 -1.070 -1.165 -1.259 -1.344 -1.418 -1.478 
-1.524 -1.559 -1.584 -1.608 -1.640 -1.691 -1.757 -1.828 -1.896 -1.957 
-2.012 -2.060 -2.104 -2.143 -2.178 -2.210 -2.240 -2.268 -2.294 -2.318 
-2.341 -2.363 -2.384 -2.404 -2.423 -2.442 -2.459 -2.476 -2.492 -2.507 
-2.552 
-2.845 -2.902 -2.916 -2.929 -2.940 -2.949 -2.956 -2.962 -2.965 -2.967 
-2.967 -2.965 -2.961 -2.955 -2.947 -2.937 -2.924 -2.910 -2.893 -2.873 
-2.851 -2.827 -2.800 -2.770 -2.736 -2.700 -2.661 -2.618 -2.572 -2.521 
-2.467 -2.409 -2.346 -2.279 -2.207 -2.131 -2.051 -1.967 -1.882 -1.798 
-1.718 -1.645 -1.585 -1.540 -1.509 -1.490 -1.478 -1.466 -1.449 -1.424 
-1.397 -1.379 -1.384 -1.410 -1.445 -1.475 -1.495 -1.504 -1.505 -1.502 
-1.500 -1.502 -1.514 -1.537 -1.571 -1.616 -1.671 -1.737 -1.813 -1.895 
-1.980 -2.063 -2.143 -2.217 -2.287 -2.351 -2.411 -2.465 -2.516 -2.562 
-2.605 -2.644 -2.681 -2.715 -2.746 -2.774 -2.801 -2.825 -2.847 -2.867 
-2.841 
-2.934 -2.938 -2.957 -2.973 -2.987 -2.998 -3.007 -3.013 -3.016 -3.018 
-3.016 -3.013 -3.007 -2.998 -2.987 -2.974 -2.958 -2.939 -2.917 -2.893 
-2.866 -2.836 -2.803 -2.767 -2.727 -2.684 -2.636 -2.585 -2.530 -2.470 
-2.406 -2.337 -2.262 -2.182 -2.097 -2.008 -1.917 -1.825 -1.737 -1.656 
-1.586 -1.530 -1.493 -1.477 -1.483 -1.505 -1.537 -1.574 -1.611 -1.646 
-1.675 -1.698 -1.714 -1.723 -1.724 -1.719 -1.706 -1.685 -1.658 -1.625 
-1.586 -1.542 -1.496 -1.450 -1.411 -1.388 -1.392 -1.427 -1.492 -1.578 
-1.678 -1.782 -1.886 -1.986 -2.081 -2.169 -2.252 -2.329 -2.400 -2.465 
-2.526 -2.582 -2.633 -2.681 -2.725 -2.765 -2.801 -2.835 -2.865 -2.892 
-2.925 
-3.022 -3.042 -3.058 -3.071 -3.081 -3.089 -3.094 -3.097 -3.097 -3.095 
-3.089 -3.082 -3.071 -3.059 -3.043 -3.024 -3.003 -2.979 -2.952 -2.921 
-2.888 -2.851 -2.810 -2.765 -2.717 -2.664 -2.606 -2.543 -2.475 -2.401 
-2.321 -2.235 -2.143 -2.044 -1.941 -1.837 -1.737 -1.651 -1.591 -1.564 
-1.568 -1.593 -1.630 -1.674 -1.721 -1.769 -1.814 -1.855 -1.891 -1.919 
-1.941 -1.954 -1.960 -1.958 -1.948 -1.930 -1.903 -1.867 -1.821 -1.766 
-1.700 -1.625 -1.544 -1.463 -1.395 -1.358 -1.367 -1.428 -1.527 -1.647 
-1.773 -1.896 -2.011 -2.118 -2.217 -2.307 -2.390 -2.466 -2.536 -2.600 
-2.659 -2.713 -2.762 -2.807 -2.848 -2.886 -2.920 -2.950 -2.978 -3.002 
-3.016 
-3.059 -3.088 -3.105 -3.119 -3.129 -3.138 -3.143 -3.146 -3.146 -3.143 
-3.138 -3.130 -3.119 -3.106 -3.089 -3.070 -3.048 -3.022 -2.994 -2.962 
-2.926 -2.887 -2.844 -2.797 -2.745 -2.688 -2.626 -2.558 -2.483 -2.402 
-2.312 -2.214 -2.107 -1.990 -1.865 -1.736 -1.613 -1.512 -1.454 -1.450 
-1.495 -1.570 -1.655 -1.740 -1.818 -1.886 -1.945 -1.994 -2.034 -2.064 
-2.086 -2.100 -2.106 -2.104 -2.093 -2.074 -2.047 -2.010 -1.963 -1.906 
-1.837 -1.757 -1.666 -1.570 -1.479 -1.413 -1.396 -1.439 -1.529 -1.642 
-1.762 -1.879 -1.993 -2.102 -2.206 -2.303 -2.393 -2.475 -2.550 -2.619 
-2.682 -2.740 -2.793 -2.841 -2.885 -2.924 -2.960 -2.992 -3.021 -3.047 
-3.054 
-2.981 -2.980 -3.001 -3.018 -3.033 -3.045 -3.055 -3.061 -3.065 -3.066 
-3.064 -3.059 -3.052 -3.042 -3.029 -3.014 -2.995 -2.974 -2.949 -2.921 
-2.890 -2.855 -2.816 -2.774 -2.727 -2.676 -2.621 -2.560 -2.493 -2.421 
-2.342 -2.256 -2.163 -2.063 -1.958 -1.850 -1.745 -1.655 -1.593 -1.570 
-1.584 -1.626 -1.683 -1.747 -1.810 -1.869 -1.922 -1.968 -2.007 -2.039 
-2.063 -2.080 -2.091 -2.094 -2.090 -2.081 -2.066 -2.046 -2.023 -1.997 
-1.970 -1.939 -1.902 -1.857 -1.802 -1.747 -1.702 -1.674 -1.661 -1.660 
-1.680 -1.727 -1.798 -1.887 -1.985 -2.083 -2.179 -2.270 -2.355 -2.433 
-2.505 -2.571 -2.632 -2.687 -2.738 -2.784 -2.826 -2.864 -2.898 -2.928 
-2.970 
-3.185 -3.212 -3.225 -3.235 -3.243 -3.248 -3.251 -3.251 -3.249 -3.245 
-3.238 -3.229 -3.217 -3.202 -3.186 -3.166 -3.144 -3.119 -3.091 -3.061 
-3.027 -2.990 -2.950 -2.906 -2.859 -2.808 -2.753 -2.693 -2.629 -2.560 
-2.485 -2.404 -2.318 -2.224 -2.124 -2.017 -1.908 -1.807 -1.736 -1.703 
-1.691 -1.690 -1.696 -1.711 -1.731 -1.755 -1.779 -1.802 -1.820 -1.834 
-1.841 -1.842 -1.837 -1.825 -1.808 -1.787 -1.764 -1.741 -1.722 -1.713 
-1.716 -1.732 -1.758 -1.787 -1.811 -1.840 -1.892 -1.964 -2.033 -2.094 
-2.154 -2.222 -2.299 -2.382 -2.466 -2.547 -2.623 -2.693 -2.758 -2.817 
-2.871 -2.921 -2.965 -3.006 -3.043 -3.077 -3.107 -3.134 -3.158 -3.179 
-3.181 
-3.299 -3.336 -3.349 -3.359 -3.366 -3.371 -3.373 -3.373 -3.370 -3.365 
-3.357 -3.346 -3.333 -3.317 -3.299 -3.277 -3.253 -3.226 -3.195 -3.161 
-3.124 -3.083 -3.038 -2.989 -2.935 -2.877 -2.813 -2.742 -2.666 -2.581 
-2.488 -2.384 -2.268 -2.139 -1.995 -1.839 -1.684 -1.561 -1.508 -1.536 
-1.616 -1.711 -1.798 -1.874 -1.938 -1.992 -2.038 -2.075 -2.104 -2.125 
-2.138 -2.143 -2.141 -2.130 -2.113 -2.088 -2.056 -2.017 -1.973 -1.923 
-1.866 -1.800 -1.722 -1.636 -1.559 -1.526 -1.570 -1.684 -1.835 -1.992 
-2.138 -2.269 -2.387 -2.492 -2.587 -2.673 -2.750 -2.820 -2.885 -2.943 
-2.997 -3.046 -3.090 -3.131 -3.168 -3.201 -3.231 -3.258 -3.282 -3.303 
-3.295 
-3.114 -3.113 -3.125 -3.135 -3.143 -3.148 -3.150 -3.150 -3.148 -3.143 
-3.136 -3.127 -3.114 -3.100 -3.083 -3.063 -3.040 -3.015 -2.986 -2.955 
-2.921 -2.883 -2.842 -2.797 -2.749 -2.696 -2.640 -2.578 -2.513 -2.442 
-2.366 -2.285 -2.198 -2.106 -2.010 -1.910 -1.811 -1.722 -1.662 -1.639 
-1.639 -1.654 -1.680 -1.713 -1.750 -1.788 -1.823 -1.854 -1.880 -1.900 
-1.912 -1.918 -1.917 -1.908 -1.893 -1.870 -1.841 -1.805 -1.764 -1.720 
-1.675 -1.635 -1.605 -1.588 -1.591 -1.618 -1.679 -1.770 -1.873 -1.977 
-2.078 -2.174 -2.264 -2.348 -2.427 -2.500 -2.567 -2.630 -2.687 -2.741 
-2.790 -2.836 -2.878 -2.916 -2.951 -2.983 -3.011 -3.037 -3.060 -3.080 
-3.108 
-3.148 -3.154 -3.169 -3.182 -3.192 -3.200 -3.205 -3.208 -3.209 -3.207 
-3.203 -3.196 -3.187 -3.175 -3.161 -3.144 -3.125 -3.103 -3.078 -3.050 
-3.019 -2.985 -2.948 -2.908 -2.864 -2.816 -2.764 -2.707 -2.646 -2.581 
-2.510 -2.434 -2.351 -2.263 -2.169 -2.071 -1.970 -1.875 -1.797 -1.742 
-1.708 -1.692 -1.692 -1.707 -1.736 -1.771 -1.810 -1.848 -1.882 -1.910 
-1.933 -1.949 -1.957 -1.959 -1.953 -1.941 -1.921 -1.894 -1.862 -1.824 
-1.782 -1.740 -1.703 -1.675 -1.666 -1.682 -1.724 -1.790 -1.871 -1.960 
-2.053 -2.147 -2.237 -2.324 -2.405 -2.482 -2.554 -2.621 -2.683 -2.740 
-2.794 -2.843 -2.889 -2.931 -2.969 -3.004 -3.036 -3.066 -3.092 -3.115 
-3.141 
-3.372 -3.408 -3.421 -3.433 -3.441 -3.447 -3.450 -3.451 -3.449 -3.444 
-3.437 -3.428 -3.415 -3.400 -3.383 -3.362 -3.339 -3.312 -3.282 -3.249 
-3.212 -3.172 -3.127 -3.079 -3.025 -2.967 -2.903 -2.833 -2.756 -2.671 
-2.578 -2.474 -2.360 -2.232 -2.093 -1.942 -1.791 -1.659 -1.579 -1.581 
-1.649 -1.743 -1.836 -1.920 -1.995 -2.060 -2.116 -2.163 -2.201 -2.230 
-2.251 -2.263 -2.266 -2.261 -2.248 -2.225 -2.193 -2.152 -2.101 -2.039 
-1.967 -1.888 -1.806 -1.735 -1.694 -1.701 -1.762 -1.864 -1.986 -2.113 
-2.237 -2.352 -2.459 -2.558 -2.649 -2.732 -2.808 -2.878 -2.943 -3.002 
-3.056 -3.106 -3.152 -3.193 -3.231 -3.266 -3.297 -3.325 -3.350 -3.372 
-3.367 
-3.393 -3.403 -3.416 -3.426 -3.434 -3.439 -3.442 -3.442 -3.439 -3.434 
-3.426 -3.416 -3.403 -3.387 -3.368 -3.346 -3.322 -3.294 -3.263 -3.228 
-3.190 -3.148 -3.102 -3.051 -2.996 -2.935 -2.869 -2.796 -2.716 -2.627 
-2.529 -2.419 -2.297 -2.159 -2.004 -1.830 -1.644 -1.474 -1.368 -1.370 
-1.465 -1.601 -1.737 -1.857 -1.958 -2.041 -2.109 -2.163 -2.206 -2.237 
-2.259 -2.271 -2.275 -2.269 -2.254 -2.230 -2.197 -2.154 -2.101 -2.037 
-1.963 -1.881 -1.795 -1.718 -1.670 -1.671 -1.729 -1.832 -1.959 -2.093 
-2.222 -2.342 -2.453 -2.554 -2.646 -2.730 -2.808 -2.878 -2.943 -3.002 
-3.056 -3.106 -3.151 -3.193 -3.230 -3.264 -3.295 -3.323 -3.347 -3.369 
-3.387 
-3.370 -3.381 -3.392 -3.401 -3.408 -3.412 -3.413 -3.412 -3.409 -3.403 
-3.394 -3.383 -3.370 -3.354 -3.335 -3.313 -3.288 -3.261 -3.230 -3.196 
-3.159 -3.118 -3.074 -3.026 -2.973 -2.916 -2.853 -2.786 -2.713 -2.634 
-2.548 -2.456 -2.356 -2.249 -2.135 -2.016 -1.895 -1.781 -1.700 -1.684 
-1.726 -1.790 -1.862 -1.934 -2.000 -2.059 -2.110 -2.152 -2.186 -2.211 
-2.228 -2.237 -2.238 -2.232 -2.219 -2.198 -2.171 -2.137 -2.098 -2.055 
-2.011 -1.972 -1.941 -1.925 -1.928 -1.958 -2.017 -2.099 -2.191 -2.287 
-2.381 -2.472 -2.558 -2.638 -2.714 -2.785 -2.850 -2.911 -2.968 -3.020 
-3.068 -3.112 -3.153 -3.191 -3.225 -3.256 -3.283 -3.308 -3.331 -3.350 
-3.365 
-3.403 -3.403 -3.412 -3.418 -3.422 -3.423 -3.422 -3.418 -3.412 -3.404 
-3.393 -3.379 -3.363 -3.344 -3.322 -3.298 -3.270 -3.240 -3.207 -3.170 
-3.130 -3.087 -3.040 -2.989 -2.934 -2.875 -2.811 -2.743 -2.670 -2.592 
-2.511 -2.425 -2.337 -2.248 -2.162 -2.083 -2.018 -1.975 -1.957 -1.962 
-1.986 -2.021 -2.063 -2.104 -2.143 -2.177 -2.204 -2.225 -2.239 -2.246 
-2.245 -2.237 -2.221 -2.198 -2.167 -2.128 -2.081 -2.028 -1.970 -1.911 
-1.859 -1.822 -1.811 -1.831 -1.884 -1.964 -2.060 -2.164 -2.269 -2.371 
-2.467 -2.558 -2.642 -2.721 -2.793 -2.860 -2.922 -2.980 -3.032 -3.081 
-3.125 -3.166 -3.204 -3.238 -3.268 -3.296 -3.321 -3.343 -3.362 -3.378 
-3.398 
-3.533 -3.562 -3.570 -3.576 -3.579 -3.579 -3.577 -3.573 -3.566 -3.557 
-3.545 -3.530 -3.513 -3.493 -3.471 -3.445 -3.417 -3.386 -3.351 -3.314 
-3.272 -3.228 -3.179 -3.126 -3.069 -3.008 -2.941 -2.868 -2.789 -2.704 
-2.611 -2.510 -2.401 -2.286 -2.169 -2.063 -1.984 -1.948 -1.960 -2.008 
-2.075 -2.146 -2.213 -2.271 -2.319 -2.357 -2.386 -2.406 -2.417 -2.420 
-2.414 -2.400 -2.377 -2.347 -2.309 -2.266 -2.219 -2.173 -2.128 -2.085 
-2.041 -1.998 -1.964 -1.953 -1.976 -2.037 -2.130 -2.242 -2.359 -2.474 
-2.582 -2.682 -2.775 -2.860 -2.937 -3.008 -3.073 -3.133 -3.188 -3.238 
-3.283 -3.325 -3.363 -3.397 -3.428 -3.456 -3.481 -3.503 -3.521 -3.538 
-3.529 
-3.480 -3.470 -3.474 -3.475 -3.474 -3.470 -3.465 -3.457 -3.447 -3.435 
-3.420 -3.404 -3.385 -3.363 -3.340 -3.314 -3.286 -3.255 -3.222 -3.187 
-3.149 -3.109 -3.067 -3.022 -2.976 -2.927 -2.876 -2.824 -2.770 -2.715 
-2.658 -2.600 -2.539 -2.475 -2.408 -2.340 -2.277 -2.228 -2.198 -2.188 
-2.197 -2.219 -2.244 -2.266 -2.279 -2.284 -2.281 -2.271 -2.252 -2.227 
-2.194 -2.154 -2.107 -2.056 -2.001 -1.948 -1.904 -1.876 -1.871 -1.893 
-1.937 -1.994 -2.056 -2.119 -2.190 -2.273 -2.365 -2.461 -2.556 -2.645 
-2.729 -2.805 -2.876 -2.941 -3.001 -3.056 -3.107 -3.153 -3.195 -3.234 
-3.269 -3.301 -3.330 -3.356 -3.379 -3.400 -3.418 -3.433 -3.446 -3.456 
-3.478 
-3.542 -3.569 -3.578 -3.586 -3.591 -3.593 -3.593 -3.591 -3.586 -3.579 
-3.569 -3.557 -3.543 -3.525 -3.506 -3.484 -3.459 -3.431 -3.400 -3.367 
-3.331 -3.291 -3.248 -3.202 -3.152 -3.098 -3.040 -2.978 -2.910 -2.838 
-2.760 -2.675 -2.583 -2.483 -2.374 -2.257 -2.137 -2.023 -1.930 -1.876 
-1.870 -1.905 -1.964 -2.031 -2.094 -2.150 -2.196 -2.231 -2.257 -2.273 
-2.280 -2.277 -2.265 -2.245 -2.217 -2.183 -2.145 -2.107 -2.072 -2.042 
-2.016 -1.999 -1.995 -2.013 -2.056 -2.125 -2.211 -2.309 -2.411 -2.512 
-2.609 -2.700 -2.786 -2.866 -2.940 -3.008 -3.072 -3.130 -3.184 -3.234 
-3.279 -3.321 -3.360 -3.395 -3.427 -3.455 -3.481 -3.504 -3.524 -3.542 
-3.538 
-3.442 -3.451 -3.463 -3.473 -3.480 -3.484 -3.487 -3.486 -3.484 -3.479 
-3.472 -3.462 -3.450 -3.436 -3.419 -3.400 -3.378 -3.353 -3.325 -3.295 
-3.262 -3.225 -3.186 -3.143 -3.097 -3.047 -2.993 -2.935 -2.873 -2.807 
-2.736 -2.661 -2.581 -2.497 -2.409 -2.319 -2.229 -2.142 -2.065 -2.008 
-1.976 -1.968 -1.978 -1.999 -2.027 -2.056 -2.083 -2.107 -2.126 -2.139 
-2.145 -2.145 -2.137 -2.121 -2.098 -2.067 -2.029 -1.985 -1.938 -1.892 
-1.854 -1.832 -1.835 -1.867 -1.927 -2.006 -2.098 -2.195 -2.293 -2.388 
-2.480 -2.567 -2.649 -2.727 -2.800 -2.868 -2.931 -2.990 -3.045 -3.096 
-3.143 -3.186 -3.226 -3.263 -3.296 -3.327 -3.354 -3.379 -3.401 -3.420 
-3.437 
-3.392 -3.396 -3.410 -3.422 -3.432 -3.439 -3.444 -3.446 -3.445 -3.442 
-3.437 -3.429 -3.419 -3.406 -3.390 -3.372 -3.350 -3.326 -3.299 -3.268 
-3.235 -3.197 -3.156 -3.111 -3.061 -3.007 -2.947 -2.882 -2.811 -2.733 
-2.650 -2.562 -2.475 -2.393 -2.320 -2.252 -2.182 -2.106 -2.031 -1.966 
-1.921 -1.905 -1.917 -1.951 -1.998 -2.050 -2.101 -2.148 -2.189 -2.223 
-2.250 -2.269 -2.281 -2.285 -2.283 -2.273 -2.256 -2.233 -2.205 -2.173 
-2.140 -2.111 -2.089 -2.078 -2.082 -2.103 -2.141 -2.193 -2.254 -2.322 
-2.394 -2.468 -2.543 -2.617 -2.688 -2.757 -2.823 -2.885 -2.943 -2.997 
-3.048 -3.096 -3.139 -3.180 -3.217 -3.251 -3.282 -3.311 -3.336 -3.359 
-3.385 
-3.483 -3.509 -3.518 -3.525 -3.528 -3.529 -3.527 -3.523 -3.515 -3.505 
-3.492 -3.476 -3.457 -3.435 -3.409 -3.380 -3.348 -3.312 -3.271 -3.227 
-3.178 -3.124 -3.064 -2.999 -2.927 -2.848 -2.762 -2.667 -2.565 -2.456 
-2.343 -2.234 -2.140 -2.076 -2.052 -2.067 -2.106 -2.154 -2.196 -2.227 
-2.252 -2.280 -2.316 -2.360 -2.406 -2.451 -2.491 -2.524 -2.550 -2.568 
-2.578 -2.581 -2.576 -2.563 -2.543 -2.514 -2.476 -2.429 -2.373 -2.307 
-2.233 -2.154 -2.076 -2.013 -1.982 -1.996 -2.055 -2.146 -2.253 -2.364 
-2.471 -2.573 -2.668 -2.756 -2.837 -2.912 -2.981 -3.045 -3.103 -3.157 
-3.206 -3.251 -3.292 -3.329 -3.363 -3.393 -3.420 -3.444 -3.465 -3.482 
-3.478 
