IRGRID 64 91
1e+308

0.025 0.03 0.035 0.04 0.045 0.05 0.055 0.06 0.065 0.07
0.075 0.08 0.085 0.09 0.095 0.1 0.11 0.12 0.13 0.14
0.15 0.16 0.17 0.18 0.19 0.2 0.21 0.22 0.23 0.24
0.25 0.26 0.27 0.28 0.29 0.3 0.31 0.32 0.33 0.34
0.35 0.36 0.37 0.38 0.39 0.4 0.41 0.42 0.43 0.44
0.45 0.46 0.47 0.48 0.49 0.5 0.51 0.52 0.53 0.54
0.55 0.56 0.57 0.58
0 4 8 12 16 20 24 28 32 36
40 44 48 52 56 60 64 68 72 76
80 84 88 92 96 100 104 108 112 116
120 124 128 132 136 140 144 148 152 156
160 164 168 172 176 180 184 188 192 196
200 204 208 212 216 220 224 228 232 236
240 244 248 252 256 260 264 268 272 276
280 284 288 292 296 300 304 308 312 316
320 324 328 332 336 340 344 348 352 356
360
-3.762 -3.781 -3.758 -3.730 -3.699 -3.664 -3.626 -3.585 -3.543 -3.500 
-3.458 -3.420 -3.389 -3.370 -3.365 -3.376 -3.401 -3.439 -3.485 -3.536 
-3.590 -3.643 -3.696 -3.747 -3.795 -3.840 -3.882 -3.921 -3.956 -3.988 
-4.000 -4.000 -4.000 -4.000 -4.000 -4.000 -4.000 -4.000 -4.000 -4.000 
-4.000 -4.000 -4.000 -4.000 -4.000 -4.000 -4.000 -4.000 -3.995 -3.961 
-3.924 -3.882 -3.836 -3.786 -3.731 -3.672 -3.609 -3.542 -3.473 -3.401 
-3.329 -3.257 -3.184 -3.113 -3.051 -3.007 -2.993 -3.016 -3.071 -3.146 
-3.229 -3.313 -3.392 -3.464 -3.529 -3.586 -3.637 -3.681 -3.719 -3.751 
-3.778 -3.800 -3.817 -3.830 -3.838 -3.842 -3.842 -3.838 -3.830 -3.818 
-3.767 
-3.480 -3.477 -3.455 -3.428 -3.395 -3.357 -3.313 -3.265 -3.213 -3.158 
-3.104 -3.055 -3.014 -2.987 -2.979 -2.991 -3.020 -3.064 -3.117 -3.173 
-3.229 -3.283 -3.331 -3.374 -3.411 -3.441 -3.464 -3.481 -3.493 -3.499 
-3.499 -3.496 -3.490 -3.481 -3.470 -3.459 -3.449 -3.440 -3.433 -3.428 
-3.425 -3.423 -3.422 -3.421 -3.420 -3.417 -3.412 -3.404 -3.393 -3.378 
-3.359 -3.335 -3.306 -3.272 -3.233 -3.191 -3.144 -3.096 -3.049 -3.005 
-2.967 -2.940 -2.922 -2.915 -2.914 -2.917 -2.923 -2.931 -2.939 -2.946 
-2.953 -2.965 -2.986 -3.018 -3.060 -3.109 -3.163 -3.217 -3.269 -3.317 
-3.360 -3.398 -3.431 -3.458 -3.479 -3.495 -3.506 -3.511 -3.511 -3.505 
-3.489 
-3.268 -3.266 -3.285 -3.300 -3.312 -3.319 -3.323 -3.322 -3.318 -3.309 
-3.297 -3.283 -3.269 -3.256 -3.248 -3.244 -3.243 -3.243 -3.242 -3.236 
-3.227 -3.212 -3.193 -3.170 -3.143 -3.111 -3.076 -3.037 -2.994 -2.948 
-2.897 -2.843 -2.784 -2.721 -2.655 -2.589 -2.533 -2.496 -2.487 -2.504 
-2.535 -2.572 -2.608 -2.641 -2.671 -2.697 -2.719 -2.737 -2.752 -2.763 
-2.771 -2.774 -2.773 -2.767 -2.757 -2.743 -2.722 -2.697 -2.666 -2.628 
-2.585 -2.535 -2.478 -2.415 -2.353 -2.300 -2.271 -2.269 -2.280 -2.290 
-2.299 -2.310 -2.330 -2.364 -2.410 -2.468 -2.533 -2.602 -2.671 -2.739 
-2.805 -2.867 -2.925 -2.979 -3.029 -3.074 -3.116 -3.154 -3.187 -3.217 
-3.256 
-3.163 -3.220 -3.232 -3.241 -3.248 -3.252 -3.253 -3.252 -3.247 -3.241 
-3.231 -3.219 -3.204 -3.186 -3.165 -3.142 -3.115 -3.085 -3.052 -3.016 
-2.977 -2.934 -2.888 -2.838 -2.785 -2.728 -2.668 -2.605 -2.538 -2.469 
-2.396 -2.321 -2.242 -2.160 -2.076 -1.996 -1.931 -1.893 -1.890 -1.920 
-1.972 -2.035 -2.098 -2.157 -2.208 -2.251 -2.286 -2.314 -2.333 -2.346 
-2.351 -2.350 -2.341 -2.325 -2.302 -2.272 -2.234 -2.189 -2.136 -2.075 
-2.009 -1.939 -1.868 -1.802 -1.747 -1.715 -1.723 -1.776 -1.866 -1.975 
-2.088 -2.194 -2.293 -2.383 -2.468 -2.547 -2.622 -2.691 -2.756 -2.816 
-2.871 -2.922 -2.968 -3.011 -3.049 -3.083 -3.114 -3.142 -3.166 -3.187 
-3.159 
-2.711 -2.719 -2.717 -2.712 -2.704 -2.693 -2.678 -2.661 -2.641 -2.617 
-2.591 -2.562 -2.531 -2.497 -2.462 -2.427 -2.392 -2.357 -2.325 -2.295 
-2.267 -2.241 -2.215 -2.188 -2.159 -2.127 -2.092 -2.054 -2.014 -1.974 
-1.936 -1.902 -1.873 -1.851 -1.837 -1.829 -1.827 -1.833 -1.846 -1.866 
-1.889 -1.911 -1.930 -1.944 -1.952 -1.954 -1.949 -1.936 -1.915 -1.883 
-1.839 -1.780 -1.701 -1.599 -1.476 -1.358 -1.312 -1.365 -1.443 -1.487 
-1.495 -1.482 -1.465 -1.459 -1.473 -1.510 -1.570 -1.649 -1.738 -1.831 
-1.922 -2.009 -2.089 -2.164 -2.232 -2.294 -2.351 -2.403 -2.450 -2.493 
-2.531 -2.566 -2.596 -2.623 -2.646 -2.666 -2.683 -2.696 -2.707 -2.714 
-2.708 
-2.297 -2.319 -2.313 -2.303 -2.290 -2.272 -2.251 -2.226 -2.197 -2.165 
-2.130 -2.092 -2.052 -2.012 -1.971 -1.931 -1.895 -1.862 -1.837 -1.818 
-1.808 -1.806 -1.811 -1.822 -1.837 -1.854 -1.872 -1.890 -1.905 -1.918 
-1.928 -1.936 -1.941 -1.945 -1.947 -1.947 -1.946 -1.943 -1.936 -1.925 
-1.910 -1.889 -1.863 -1.832 -1.793 -1.748 -1.694 -1.632 -1.560 -1.476 
-1.378 -1.264 -1.130 -0.977 -0.817 -0.687 -0.643 -0.699 -0.801 -0.892 
-0.958 -1.014 -1.074 -1.141 -1.214 -1.289 -1.365 -1.440 -1.511 -1.580 
-1.645 -1.707 -1.765 -1.821 -1.874 -1.924 -1.972 -2.017 -2.059 -2.099 
-2.136 -2.170 -2.200 -2.228 -2.252 -2.272 -2.290 -2.303 -2.313 -2.318 
-2.302 
-2.014 -2.012 -2.040 -2.065 -2.088 -2.108 -2.125 -2.140 -2.151 -2.160 
-2.166 -2.169 -2.168 -2.165 -2.160 -2.152 -2.142 -2.131 -2.121 -2.111 
-2.102 -2.094 -2.086 -2.078 -2.069 -2.057 -2.042 -2.024 -2.002 -1.975 
-1.945 -1.912 -1.876 -1.838 -1.801 -1.767 -1.735 -1.709 -1.686 -1.667 
-1.649 -1.630 -1.608 -1.583 -1.552 -1.515 -1.472 -1.421 -1.363 -1.298 
-1.225 -1.144 -1.053 -0.954 -0.846 -0.736 -0.642 -0.568 -0.499 -0.440 
-0.398 -0.374 -0.340 -0.198 0.261 -0.094 -0.478 -0.665 -0.786 -0.881 
-0.963 -1.037 -1.106 -1.171 -1.233 -1.294 -1.352 -1.408 -1.463 -1.516 
-1.568 -1.618 -1.666 -1.713 -1.757 -1.800 -1.841 -1.880 -1.916 -1.950 
-1.999 
-1.641 -1.761 -1.797 -1.830 -1.861 -1.890 -1.916 -1.939 -1.959 -1.976 
-1.990 -2.000 -2.007 -2.011 -2.011 -2.007 -2.000 -1.990 -1.976 -1.958 
-1.936 -1.910 -1.881 -1.847 -1.810 -1.769 -1.724 -1.675 -1.623 -1.568 
-1.511 -1.453 -1.396 -1.341 -1.291 -1.249 -1.215 -1.191 -1.178 -1.174 
-1.177 -1.185 -1.195 -1.205 -1.213 -1.217 -1.216 -1.210 -1.196 -1.174 
-1.144 -1.105 -1.055 -0.994 -0.920 -0.830 -0.723 -0.592 -0.427 -0.204 
0.122 0.540 0.503 0.593 0.883 0.639 0.161 -0.235 -0.477 -0.648 
-0.780 -0.885 -0.971 -1.044 -1.107 -1.161 -1.208 -1.251 -1.289 -1.325 
-1.359 -1.393 -1.426 -1.461 -1.496 -1.533 -1.570 -1.609 -1.648 -1.686 
-1.640 
-1.168 -1.161 -1.208 -1.254 -1.298 -1.342 -1.383 -1.423 -1.461 -1.497 
-1.531 -1.562 -1.591 -1.618 -1.643 -1.665 -1.685 -1.702 -1.717 -1.729 
-1.739 -1.746 -1.751 -1.752 -1.751 -1.747 -1.740 -1.730 -1.716 -1.699 
-1.679 -1.656 -1.631 -1.603 -1.575 -1.546 -1.519 -1.493 -1.469 -1.445 
-1.421 -1.395 -1.365 -1.331 -1.291 -1.244 -1.191 -1.130 -1.060 -0.980 
-0.888 -0.783 -0.663 -0.530 -0.394 -0.274 -0.169 -0.035 0.166 0.470 
0.880 1.187 1.113 0.803 0.633 0.335 0.085 -0.064 -0.164 -0.230 
-0.264 -0.266 -0.246 -0.248 -0.315 -0.418 -0.510 -0.580 -0.633 -0.676 
-0.713 -0.748 -0.782 -0.817 -0.854 -0.893 -0.934 -0.977 -1.022 -1.068 
-1.146 
-1.479 -1.567 -1.611 -1.652 -1.691 -1.727 -1.760 -1.791 -1.819 -1.845 
-1.868 -1.888 -1.906 -1.922 -1.936 -1.947 -1.956 -1.963 -1.968 -1.971 
-1.971 -1.970 -1.967 -1.962 -1.955 -1.946 -1.935 -1.921 -1.906 -1.889 
-1.869 -1.848 -1.823 -1.797 -1.767 -1.735 -1.700 -1.661 -1.619 -1.573 
-1.523 -1.468 -1.408 -1.341 -1.269 -1.188 -1.099 -1.000 -0.889 -0.764 
-0.624 -0.468 -0.298 -0.127 0.018 0.104 0.120 0.100 0.113 0.245 
0.507 0.666 0.494 0.158 -0.043 -0.151 -0.200 -0.206 -0.175 -0.110 
-0.014 0.101 0.202 0.230 0.148 -0.021 -0.221 -0.410 -0.575 -0.716 
-0.837 -0.940 -1.030 -1.110 -1.182 -1.247 -1.309 -1.366 -1.420 -1.472 
-1.468 
-1.661 -1.659 -1.675 -1.689 -1.702 -1.712 -1.721 -1.728 -1.734 -1.738 
-1.741 -1.743 -1.743 -1.743 -1.741 -1.738 -1.734 -1.729 -1.723 -1.716 
-1.708 -1.699 -1.690 -1.679 -1.668 -1.655 -1.642 -1.627 -1.612 -1.596 
-1.578 -1.560 -1.540 -1.519 -1.497 -1.473 -1.447 -1.420 -1.390 -1.358 
-1.324 -1.288 -1.248 -1.205 -1.157 -1.106 -1.049 -0.987 -0.917 -0.839 
-0.751 -0.651 -0.538 -0.411 -0.279 -0.153 -0.028 0.137 0.387 0.714 
0.949 0.857 0.560 0.273 0.088 -0.043 -0.163 -0.282 -0.385 -0.458 
-0.488 -0.471 -0.426 -0.418 -0.511 -0.670 -0.831 -0.970 -1.084 -1.177 
-1.255 -1.321 -1.377 -1.426 -1.469 -1.506 -1.540 -1.570 -1.596 -1.620 
-1.656 
-1.834 -1.908 -1.942 -1.973 -2.001 -2.027 -2.050 -2.070 -2.088 -2.103 
-2.116 -2.127 -2.136 -2.143 -2.148 -2.152 -2.153 -2.153 -2.151 -2.147 
-2.141 -2.134 -2.126 -2.115 -2.104 -2.090 -2.075 -2.058 -2.039 -2.019 
-1.996 -1.972 -1.945 -1.916 -1.885 -1.852 -1.816 -1.777 -1.735 -1.690 
-1.642 -1.590 -1.534 -1.474 -1.409 -1.340 -1.266 -1.186 -1.101 -1.010 
-0.913 -0.810 -0.702 -0.587 -0.467 -0.339 -0.197 -0.013 0.302 0.365 
0.476 0.422 0.336 0.336 0.345 0.316 0.230 0.096 -0.066 -0.234 
-0.397 -0.548 -0.685 -0.810 -0.922 -1.023 -1.113 -1.193 -1.264 -1.329 
-1.387 -1.442 -1.495 -1.546 -1.596 -1.646 -1.695 -1.742 -1.788 -1.830 
-1.826 
-1.718 -1.734 -1.791 -1.846 -1.897 -1.946 -1.991 -2.034 -2.073 -2.109 
-2.142 -2.172 -2.199 -2.224 -2.245 -2.264 -2.281 -2.294 -2.306 -2.314 
-2.320 -2.324 -2.325 -2.323 -2.319 -2.313 -2.304 -2.293 -2.279 -2.262 
-2.243 -2.221 -2.196 -2.169 -2.138 -2.105 -2.068 -2.029 -1.986 -1.940 
-1.890 -1.836 -1.779 -1.718 -1.653 -1.583 -1.508 -1.428 -1.343 -1.251 
-1.152 -1.043 -0.922 -0.785 -0.623 -0.418 -0.128 0.331 0.699 0.626 
0.314 0.117 0.047 -0.051 -0.149 -0.240 -0.350 -0.481 -0.616 -0.741 
-0.847 -0.934 -1.003 -1.055 -1.094 -1.123 -1.143 -1.157 -1.169 -1.181 
-1.196 -1.217 -1.245 -1.281 -1.325 -1.375 -1.431 -1.491 -1.552 -1.614 
-1.691 
-1.902 -1.975 -2.006 -2.035 -2.060 -2.083 -2.103 -2.120 -2.135 -2.147 
-2.157 -2.165 -2.171 -2.174 -2.175 -2.175 -2.172 -2.167 -2.160 -2.151 
-2.141 -2.128 -2.114 -2.097 -2.079 -2.058 -2.036 -2.012 -1.986 -1.957 
-1.927 -1.894 -1.860 -1.823 -1.784 -1.742 -1.698 -1.652 -1.603 -1.552 
-1.498 -1.442 -1.383 -1.321 -1.256 -1.189 -1.119 -1.046 -0.971 -0.892 
-0.811 -0.725 -0.635 -0.537 -0.431 -0.310 -0.165 0.029 0.344 0.415 
0.465 0.525 0.507 0.367 0.151 -0.075 -0.278 -0.455 -0.609 -0.744 
-0.863 -0.969 -1.063 -1.147 -1.222 -1.289 -1.348 -1.401 -1.448 -1.491 
-1.532 -1.572 -1.612 -1.653 -1.695 -1.738 -1.782 -1.824 -1.865 -1.905 
-1.896 
-1.756 -1.763 -1.780 -1.795 -1.808 -1.819 -1.829 -1.837 -1.844 -1.848 
-1.852 -1.854 -1.854 -1.853 -1.850 -1.846 -1.840 -1.833 -1.824 -1.814 
-1.803 -1.790 -1.776 -1.760 -1.743 -1.725 -1.705 -1.684 -1.661 -1.637 
-1.612 -1.585 -1.557 -1.528 -1.497 -1.464 -1.430 -1.394 -1.357 -1.318 
-1.277 -1.234 -1.189 -1.142 -1.091 -1.038 -0.982 -0.922 -0.857 -0.788 
-0.712 -0.629 -0.538 -0.435 -0.317 -0.180 -0.019 0.172 0.386 0.571 
0.638 0.555 0.407 0.263 0.124 -0.064 -0.253 -0.418 -0.558 -0.679 
-0.786 -0.881 -0.967 -1.045 -1.116 -1.181 -1.242 -1.298 -1.349 -1.398 
-1.442 -1.484 -1.523 -1.559 -1.592 -1.623 -1.652 -1.678 -1.702 -1.725 
-1.750 
-1.700 -1.709 -1.732 -1.753 -1.773 -1.791 -1.807 -1.822 -1.835 -1.847 
-1.857 -1.866 -1.874 -1.880 -1.885 -1.888 -1.891 -1.892 -1.891 -1.890 
-1.887 -1.883 -1.877 -1.871 -1.862 -1.853 -1.842 -1.830 -1.817 -1.802 
-1.786 -1.768 -1.749 -1.728 -1.706 -1.682 -1.656 -1.629 -1.600 -1.569 
-1.536 -1.501 -1.463 -1.423 -1.379 -1.333 -1.283 -1.229 -1.169 -1.104 
-1.031 -0.949 -0.854 -0.741 -0.600 -0.414 -0.171 0.012 0.014 0.079 
0.158 0.196 0.308 0.440 0.453 0.307 0.089 -0.121 -0.299 -0.446 
-0.568 -0.673 -0.763 -0.844 -0.919 -0.989 -1.057 -1.122 -1.184 -1.243 
-1.299 -1.351 -1.400 -1.445 -1.487 -1.526 -1.563 -1.596 -1.628 -1.657 
-1.691 
-1.841 -1.891 -1.930 -1.967 -2.001 -2.032 -2.061 -2.087 -2.111 -2.132 
-2.152 -2.169 -2.183 -2.196 -2.207 -2.216 -2.223 -2.227 -2.230 -2.231 
-2.231 -2.228 -2.223 -2.216 -2.208 -2.197 -2.184 -2.170 -2.153 -2.133 
-2.112 -2.088 -2.062 -2.033 -2.001 -1.967 -1.929 -1.888 -1.843 -1.795 
-1.742 -1.685 -1.623 -1.555 -1.481 -1.399 -1.310 -1.210 -1.100 -0.977 
-0.837 -0.679 -0.498 -0.296 -0.073 0.174 0.420 0.542 0.418 0.189 
-0.004 -0.115 -0.136 -0.088 -0.098 -0.228 -0.365 -0.466 -0.537 -0.587 
-0.625 -0.659 -0.693 -0.733 -0.780 -0.837 -0.903 -0.977 -1.055 -1.136 
-1.217 -1.296 -1.372 -1.445 -1.514 -1.580 -1.641 -1.698 -1.751 -1.801 
-1.826 
-1.871 -1.892 -1.925 -1.956 -1.984 -2.010 -2.033 -2.054 -2.073 -2.090 
-2.104 -2.117 -2.127 -2.135 -2.141 -2.145 -2.147 -2.147 -2.144 -2.140 
-2.133 -2.125 -2.114 -2.101 -2.086 -2.068 -2.048 -2.026 -2.001 -1.974 
-1.944 -1.912 -1.876 -1.838 -1.796 -1.751 -1.703 -1.651 -1.595 -1.534 
-1.469 -1.399 -1.323 -1.240 -1.151 -1.054 -0.948 -0.831 -0.702 -0.559 
-0.400 -0.224 -0.034 0.154 0.305 0.380 0.383 0.345 0.204 0.050 
-0.075 -0.176 -0.260 -0.331 -0.393 -0.449 -0.501 -0.550 -0.599 -0.649 
-0.701 -0.755 -0.812 -0.872 -0.935 -1.001 -1.070 -1.139 -1.209 -1.278 
-1.344 -1.409 -1.470 -1.529 -1.584 -1.637 -1.687 -1.733 -1.777 -1.818 
-1.859 
-1.911 -1.962 -1.998 -2.031 -2.061 -2.089 -2.114 -2.137 -2.157 -2.175 
-2.191 -2.205 -2.216 -2.225 -2.232 -2.237 -2.239 -2.240 -2.238 -2.234 
-2.228 -2.219 -2.209 -2.196 -2.181 -2.163 -2.143 -2.121 -2.096 -2.068 
-2.038 -2.005 -1.969 -1.929 -1.887 -1.840 -1.791 -1.737 -1.679 -1.616 
-1.548 -1.475 -1.395 -1.309 -1.215 -1.112 -0.999 -0.874 -0.736 -0.583 
-0.414 -0.230 -0.041 0.135 0.261 0.291 0.223 0.103 -0.022 -0.131 
-0.221 -0.292 -0.349 -0.393 -0.428 -0.456 -0.480 -0.505 -0.532 -0.565 
-0.608 -0.661 -0.725 -0.797 -0.876 -0.958 -1.042 -1.125 -1.207 -1.286 
-1.361 -1.433 -1.502 -1.567 -1.628 -1.685 -1.740 -1.790 -1.838 -1.882 
-1.900 
-1.731 -1.766 -1.803 -1.837 -1.868 -1.896 -1.922 -1.945 -1.966 -1.984 
-2.000 -2.014 -2.025 -2.035 -2.041 -2.046 -2.049 -2.049 -2.047 -2.043 
-2.036 -2.027 -2.016 -2.003 -1.987 -1.969 -1.948 -1.924 -1.898 -1.869 
-1.838 -1.803 -1.765 -1.724 -1.679 -1.631 -1.579 -1.522 -1.460 -1.394 
-1.322 -1.244 -1.159 -1.067 -0.965 -0.855 -0.733 -0.598 -0.450 -0.289 
-0.118 0.049 0.186 0.255 0.246 0.183 0.088 -0.012 -0.101 -0.174 
-0.231 -0.274 -0.305 -0.326 -0.339 -0.345 -0.349 -0.353 -0.362 -0.379 
-0.409 -0.454 -0.512 -0.581 -0.659 -0.742 -0.827 -0.911 -0.994 -1.074 
-1.151 -1.225 -1.295 -1.361 -1.424 -1.483 -1.538 -1.590 -1.639 -1.684 
-1.717 
-1.609 -1.621 -1.657 -1.691 -1.723 -1.752 -1.778 -1.802 -1.824 -1.843 
-1.861 -1.875 -1.888 -1.898 -1.906 -1.912 -1.916 -1.917 -1.917 -1.913 
-1.908 -1.901 -1.891 -1.878 -1.864 -1.847 -1.827 -1.805 -1.780 -1.752 
-1.722 -1.688 -1.651 -1.611 -1.567 -1.519 -1.468 -1.411 -1.350 -1.284 
-1.211 -1.132 -1.045 -0.950 -0.845 -0.728 -0.596 -0.449 -0.284 -0.102 
0.086 0.259 0.388 0.426 0.357 0.225 0.082 -0.046 -0.153 -0.241 
-0.312 -0.369 -0.415 -0.451 -0.479 -0.501 -0.519 -0.534 -0.550 -0.567 
-0.588 -0.615 -0.648 -0.686 -0.729 -0.777 -0.829 -0.884 -0.941 -1.000 
-1.060 -1.120 -1.179 -1.237 -1.293 -1.347 -1.399 -1.448 -1.495 -1.540 
-1.593 
-1.800 -1.841 -1.871 -1.899 -1.924 -1.947 -1.968 -1.986 -2.002 -2.015 
-2.026 -2.035 -2.042 -2.047 -2.049 -2.049 -2.047 -2.043 -2.036 -2.027 
-2.016 -2.002 -1.986 -1.967 -1.946 -1.923 -1.896 -1.867 -1.835 -1.799 
-1.761 -1.719 -1.673 -1.623 -1.569 -1.511 -1.447 -1.378 -1.303 -1.220 
-1.130 -1.030 -0.920 -0.797 -0.659 -0.505 -0.336 -0.165 -0.011 0.116 
0.211 0.249 0.224 0.152 0.038 -0.088 -0.201 -0.295 -0.372 -0.434 
-0.485 -0.527 -0.562 -0.591 -0.617 -0.641 -0.665 -0.691 -0.719 -0.751 
-0.789 -0.831 -0.878 -0.929 -0.984 -1.041 -1.100 -1.160 -1.221 -1.281 
-1.340 -1.397 -1.453 -1.506 -1.557 -1.606 -1.651 -1.695 -1.735 -1.773 
-1.790 
-1.966 -1.987 -2.007 -2.024 -2.039 -2.052 -2.063 -2.072 -2.078 -2.082 
-2.085 -2.085 -2.083 -2.078 -2.072 -2.063 -2.052 -2.039 -2.023 -2.006 
-1.985 -1.962 -1.937 -1.909 -1.878 -1.844 -1.807 -1.767 -1.723 -1.676 
-1.624 -1.569 -1.509 -1.444 -1.373 -1.296 -1.212 -1.121 -1.020 -0.910 
-0.787 -0.652 -0.504 -0.347 -0.190 -0.043 0.095 0.211 0.270 0.249 
0.176 0.081 -0.028 -0.135 -0.231 -0.311 -0.379 -0.438 -0.489 -0.537 
-0.582 -0.626 -0.669 -0.713 -0.759 -0.805 -0.853 -0.902 -0.954 -1.007 
-1.062 -1.119 -1.176 -1.235 -1.293 -1.351 -1.408 -1.463 -1.516 -1.567 
-1.616 -1.662 -1.705 -1.747 -1.785 -1.821 -1.855 -1.886 -1.915 -1.942 
-1.959 
-2.048 -2.059 -2.071 -2.080 -2.088 -2.093 -2.097 -2.098 -2.097 -2.093 
-2.088 -2.080 -2.070 -2.058 -2.044 -2.027 -2.008 -1.987 -1.963 -1.936 
-1.907 -1.875 -1.840 -1.802 -1.761 -1.717 -1.669 -1.617 -1.561 -1.501 
-1.436 -1.366 -1.291 -1.210 -1.122 -1.026 -0.922 -0.809 -0.686 -0.551 
-0.405 -0.249 -0.088 0.064 0.184 0.247 0.252 0.218 0.164 0.089 
0.006 -0.073 -0.140 -0.197 -0.245 -0.288 -0.327 -0.366 -0.408 -0.454 
-0.506 -0.566 -0.632 -0.703 -0.777 -0.854 -0.931 -1.008 -1.083 -1.156 
-1.227 -1.295 -1.360 -1.422 -1.482 -1.538 -1.591 -1.641 -1.688 -1.732 
-1.773 -1.812 -1.848 -1.881 -1.911 -1.940 -1.965 -1.989 -2.010 -2.028 
-2.043 
-2.131 -2.142 -2.147 -2.150 -2.151 -2.150 -2.147 -2.142 -2.134 -2.125 
-2.113 -2.100 -2.084 -2.066 -2.045 -2.022 -1.997 -1.970 -1.940 -1.907 
-1.871 -1.833 -1.792 -1.747 -1.700 -1.649 -1.594 -1.536 -1.473 -1.407 
-1.335 -1.259 -1.177 -1.089 -0.995 -0.894 -0.786 -0.671 -0.548 -0.418 
-0.283 -0.147 -0.017 0.095 0.176 0.215 0.210 0.172 0.117 0.053 
-0.014 -0.083 -0.153 -0.224 -0.297 -0.371 -0.447 -0.524 -0.601 -0.680 
-0.759 -0.838 -0.918 -0.998 -1.076 -1.153 -1.227 -1.299 -1.368 -1.433 
-1.495 -1.554 -1.609 -1.661 -1.710 -1.756 -1.799 -1.839 -1.876 -1.911 
-1.943 -1.973 -2.000 -2.024 -2.047 -2.067 -2.085 -2.101 -2.114 -2.125 
-2.129 
-2.145 -2.151 -2.155 -2.156 -2.155 -2.153 -2.148 -2.141 -2.131 -2.120 
-2.107 -2.091 -2.073 -2.053 -2.031 -2.006 -1.979 -1.949 -1.917 -1.882 
-1.844 -1.803 -1.759 -1.712 -1.661 -1.607 -1.549 -1.487 -1.421 -1.350 
-1.274 -1.193 -1.106 -1.013 -0.912 -0.805 -0.690 -0.566 -0.435 -0.296 
-0.153 -0.011 0.118 0.211 0.254 0.252 0.220 0.167 0.103 0.033 
-0.041 -0.118 -0.198 -0.280 -0.364 -0.450 -0.537 -0.623 -0.707 -0.789 
-0.869 -0.947 -1.022 -1.095 -1.167 -1.237 -1.304 -1.370 -1.433 -1.493 
-1.551 -1.606 -1.658 -1.707 -1.753 -1.796 -1.837 -1.875 -1.910 -1.942 
-1.972 -2.000 -2.025 -2.048 -2.069 -2.087 -2.103 -2.117 -2.129 -2.138 
-2.143 
-2.117 -2.123 -2.132 -2.139 -2.143 -2.146 -2.146 -2.144 -2.140 -2.134 
-2.125 -2.115 -2.102 -2.087 -2.069 -2.049 -2.027 -2.002 -1.974 -1.944 
-1.911 -1.875 -1.836 -1.794 -1.748 -1.699 -1.646 -1.589 -1.528 -1.462 
-1.391 -1.314 -1.231 -1.141 -1.043 -0.936 -0.819 -0.689 -0.545 -0.384 
-0.207 -0.023 0.136 0.225 0.216 0.137 0.035 -0.064 -0.153 -0.233 
-0.306 -0.374 -0.437 -0.495 -0.547 -0.595 -0.639 -0.679 -0.717 -0.755 
-0.794 -0.837 -0.883 -0.934 -0.990 -1.049 -1.112 -1.176 -1.241 -1.305 
-1.369 -1.430 -1.490 -1.547 -1.602 -1.654 -1.703 -1.749 -1.793 -1.833 
-1.871 -1.906 -1.939 -1.969 -1.997 -2.022 -2.044 -2.065 -2.082 -2.098 
-2.112 
-2.097 -2.107 -2.110 -2.112 -2.111 -2.109 -2.105 -2.098 -2.090 -2.080 
-2.067 -2.053 -2.036 -2.018 -1.997 -1.974 -1.949 -1.921 -1.891 -1.859 
-1.824 -1.787 -1.747 -1.704 -1.658 -1.609 -1.558 -1.502 -1.444 -1.382 
-1.317 -1.247 -1.174 -1.096 -1.014 -0.928 -0.837 -0.740 -0.639 -0.532 
-0.418 -0.299 -0.181 -0.092 -0.050 -0.036 -0.038 -0.058 -0.095 -0.147 
-0.210 -0.281 -0.358 -0.437 -0.517 -0.596 -0.674 -0.749 -0.820 -0.890 
-0.956 -1.021 -1.084 -1.147 -1.208 -1.269 -1.328 -1.386 -1.442 -1.496 
-1.548 -1.597 -1.645 -1.689 -1.732 -1.772 -1.809 -1.844 -1.877 -1.907 
-1.936 -1.962 -1.985 -2.007 -2.027 -2.044 -2.060 -2.073 -2.084 -2.094 
-2.095 
-2.052 -2.049 -2.057 -2.063 -2.067 -2.070 -2.070 -2.069 -2.065 -2.060 
-2.053 -2.044 -2.032 -2.019 -2.004 -1.986 -1.966 -1.944 -1.920 -1.893 
-1.864 -1.832 -1.797 -1.759 -1.719 -1.675 -1.628 -1.577 -1.522 -1.463 
-1.399 -1.331 -1.257 -1.178 -1.094 -1.004 -0.911 -0.817 -0.723 -0.632 
-0.540 -0.444 -0.339 -0.231 -0.132 -0.061 -0.035 -0.059 -0.120 -0.202 
-0.289 -0.375 -0.456 -0.530 -0.597 -0.658 -0.715 -0.768 -0.820 -0.873 
-0.927 -0.983 -1.041 -1.098 -1.155 -1.210 -1.264 -1.316 -1.367 -1.416 
-1.463 -1.509 -1.552 -1.595 -1.635 -1.674 -1.711 -1.746 -1.779 -1.811 
-1.841 -1.869 -1.895 -1.920 -1.942 -1.963 -1.982 -1.999 -2.014 -2.028 
-2.047 
-2.174 -2.178 -2.184 -2.188 -2.190 -2.189 -2.186 -2.181 -2.174 -2.165 
-2.153 -2.139 -2.122 -2.103 -2.081 -2.057 -2.030 -2.000 -1.967 -1.931 
-1.892 -1.850 -1.804 -1.754 -1.700 -1.642 -1.579 -1.511 -1.437 -1.358 
-1.272 -1.181 -1.082 -0.977 -0.868 -0.756 -0.647 -0.547 -0.463 -0.397 
-0.354 -0.354 -0.388 -0.419 -0.435 -0.442 -0.457 -0.489 -0.531 -0.572 
-0.605 -0.629 -0.642 -0.648 -0.648 -0.647 -0.647 -0.655 -0.673 -0.705 
-0.751 -0.809 -0.876 -0.949 -1.024 -1.100 -1.176 -1.251 -1.324 -1.395 
-1.463 -1.528 -1.589 -1.647 -1.701 -1.752 -1.799 -1.844 -1.885 -1.923 
-1.958 -1.990 -2.020 -2.047 -2.072 -2.094 -2.114 -2.131 -2.146 -2.159 
-2.171 
-2.414 -2.447 -2.458 -2.467 -2.473 -2.476 -2.478 -2.477 -2.473 -2.467 
-2.458 -2.447 -2.434 -2.418 -2.399 -2.377 -2.353 -2.326 -2.295 -2.262 
-2.225 -2.185 -2.141 -2.093 -2.041 -1.985 -1.923 -1.856 -1.784 -1.705 
-1.619 -1.525 -1.423 -1.312 -1.190 -1.057 -0.911 -0.753 -0.579 -0.404 
-0.277 -0.267 -0.372 -0.521 -0.659 -0.771 -0.858 -0.926 -0.977 -1.014 
-1.040 -1.055 -1.061 -1.060 -1.053 -1.043 -1.033 -1.027 -1.026 -1.034 
-1.050 -1.071 -1.094 -1.120 -1.151 -1.189 -1.237 -1.295 -1.362 -1.435 
-1.512 -1.589 -1.664 -1.738 -1.807 -1.873 -1.935 -1.993 -2.047 -2.097 
-2.144 -2.187 -2.226 -2.262 -2.295 -2.325 -2.353 -2.377 -2.398 -2.417 
-2.409 
-2.443 -2.440 -2.446 -2.449 -2.450 -2.448 -2.444 -2.438 -2.430 -2.419 
-2.406 -2.390 -2.372 -2.351 -2.328 -2.302 -2.273 -2.242 -2.207 -2.169 
-2.128 -2.084 -2.036 -1.984 -1.928 -1.867 -1.802 -1.731 -1.655 -1.573 
-1.484 -1.389 -1.286 -1.175 -1.057 -0.934 -0.809 -0.689 -0.582 -0.497 
-0.441 -0.444 -0.499 -0.565 -0.628 -0.685 -0.734 -0.776 -0.810 -0.835 
-0.852 -0.861 -0.861 -0.854 -0.841 -0.826 -0.814 -0.809 -0.818 -0.845 
-0.892 -0.955 -1.030 -1.112 -1.196 -1.280 -1.364 -1.446 -1.526 -1.604 
-1.679 -1.750 -1.818 -1.881 -1.940 -1.995 -2.046 -2.094 -2.138 -2.178 
-2.216 -2.250 -2.281 -2.309 -2.334 -2.357 -2.377 -2.395 -2.410 -2.422 
-2.439 
-2.513 -2.516 -2.514 -2.510 -2.504 -2.496 -2.486 -2.474 -2.459 -2.443 
-2.424 -2.403 -2.380 -2.354 -2.326 -2.296 -2.263 -2.227 -2.189 -2.147 
-2.103 -2.056 -2.006 -1.952 -1.894 -1.833 -1.768 -1.699 -1.625 -1.547 
-1.464 -1.376 -1.283 -1.185 -1.082 -0.976 -0.869 -0.764 -0.667 -0.585 
-0.524 -0.486 -0.471 -0.477 -0.501 -0.537 -0.582 -0.633 -0.688 -0.746 
-0.806 -0.867 -0.928 -0.986 -1.042 -1.094 -1.143 -1.190 -1.239 -1.294 
-1.356 -1.427 -1.502 -1.579 -1.654 -1.728 -1.798 -1.863 -1.925 -1.982 
-2.036 -2.086 -2.133 -2.176 -2.216 -2.253 -2.288 -2.319 -2.348 -2.374 
-2.398 -2.420 -2.439 -2.456 -2.471 -2.484 -2.494 -2.503 -2.509 -2.513 
-2.513 
-2.598 -2.596 -2.593 -2.589 -2.582 -2.573 -2.563 -2.550 -2.535 -2.518 
-2.499 -2.477 -2.453 -2.427 -2.399 -2.368 -2.334 -2.298 -2.259 -2.217 
-2.172 -2.123 -2.072 -2.017 -1.958 -1.896 -1.829 -1.759 -1.686 -1.610 
-1.532 -1.455 -1.380 -1.308 -1.240 -1.173 -1.106 -1.040 -0.975 -0.915 
-0.863 -0.824 -0.798 -0.786 -0.785 -0.793 -0.807 -0.828 -0.853 -0.883 
-0.919 -0.961 -1.009 -1.066 -1.129 -1.199 -1.273 -1.348 -1.425 -1.500 
-1.574 -1.646 -1.715 -1.782 -1.845 -1.906 -1.964 -2.019 -2.071 -2.120 
-2.167 -2.210 -2.252 -2.290 -2.326 -2.359 -2.390 -2.419 -2.446 -2.470 
-2.492 -2.512 -2.529 -2.545 -2.558 -2.570 -2.579 -2.586 -2.592 -2.595 
-2.597 
-2.558 -2.591 -2.589 -2.584 -2.577 -2.568 -2.557 -2.543 -2.526 -2.507 
-2.484 -2.460 -2.432 -2.401 -2.367 -2.330 -2.289 -2.245 -2.197 -2.145 
-2.088 -2.027 -1.962 -1.891 -1.815 -1.735 -1.649 -1.560 -1.468 -1.377 
-1.289 -1.211 -1.147 -1.101 -1.074 -1.062 -1.059 -1.058 -1.054 -1.043 
-1.022 -0.996 -0.970 -0.953 -0.950 -0.958 -0.968 -0.976 -0.979 -0.978 
-0.979 -0.986 -1.006 -1.044 -1.099 -1.170 -1.250 -1.335 -1.420 -1.503 
-1.581 -1.654 -1.723 -1.787 -1.846 -1.902 -1.954 -2.003 -2.050 -2.095 
-2.138 -2.179 -2.218 -2.255 -2.291 -2.325 -2.357 -2.387 -2.415 -2.442 
-2.466 -2.488 -2.508 -2.526 -2.542 -2.555 -2.567 -2.576 -2.583 -2.588 
-2.560 
-2.313 -2.297 -2.308 -2.316 -2.323 -2.328 -2.330 -2.331 -2.329 -2.325 
-2.319 -2.311 -2.301 -2.288 -2.272 -2.255 -2.234 -2.211 -2.185 -2.156 
-2.123 -2.087 -2.048 -2.004 -1.957 -1.905 -1.848 -1.786 -1.720 -1.649 
-1.575 -1.499 -1.423 -1.345 -1.264 -1.172 -1.068 -0.957 -0.868 -0.811 
-0.754 -0.689 -0.631 -0.602 -0.610 -0.652 -0.716 -0.788 -0.859 -0.925 
-0.983 -1.036 -1.084 -1.131 -1.176 -1.221 -1.262 -1.301 -1.335 -1.366 
-1.394 -1.419 -1.443 -1.466 -1.489 -1.514 -1.541 -1.571 -1.604 -1.640 
-1.679 -1.718 -1.758 -1.798 -1.838 -1.877 -1.915 -1.952 -1.987 -2.021 
-2.054 -2.085 -2.115 -2.142 -2.168 -2.192 -2.214 -2.235 -2.253 -2.270 
-2.307 
-2.461 -2.486 -2.498 -2.508 -2.516 -2.521 -2.524 -2.524 -2.522 -2.517 
-2.510 -2.500 -2.488 -2.474 -2.456 -2.436 -2.413 -2.386 -2.357 -2.324 
-2.288 -2.248 -2.204 -2.156 -2.103 -2.044 -1.980 -1.910 -1.832 -1.745 
-1.649 -1.541 -1.419 -1.281 -1.125 -0.951 -0.771 -0.622 -0.553 -0.586 
-0.684 -0.792 -0.879 -0.949 -1.015 -1.083 -1.153 -1.220 -1.280 -1.331 
-1.374 -1.408 -1.435 -1.453 -1.465 -1.471 -1.470 -1.466 -1.457 -1.447 
-1.435 -1.424 -1.414 -1.409 -1.409 -1.416 -1.434 -1.463 -1.502 -1.551 
-1.608 -1.669 -1.733 -1.796 -1.859 -1.920 -1.977 -2.032 -2.084 -2.133 
-2.178 -2.220 -2.259 -2.295 -2.329 -2.359 -2.387 -2.412 -2.434 -2.454 
-2.456 
-2.588 -2.603 -2.610 -2.616 -2.619 -2.619 -2.617 -2.613 -2.606 -2.597 
-2.586 -2.572 -2.555 -2.536 -2.514 -2.489 -2.461 -2.430 -2.396 -2.359 
-2.318 -2.274 -2.225 -2.172 -2.115 -2.053 -1.985 -1.911 -1.830 -1.742 
-1.646 -1.540 -1.424 -1.298 -1.160 -1.015 -0.871 -0.747 -0.675 -0.674 
-0.729 -0.811 -0.900 -0.987 -1.064 -1.130 -1.186 -1.231 -1.267 -1.294 
-1.313 -1.324 -1.330 -1.329 -1.325 -1.316 -1.307 -1.297 -1.289 -1.287 
-1.292 -1.308 -1.334 -1.371 -1.418 -1.473 -1.533 -1.597 -1.664 -1.732 
-1.801 -1.868 -1.934 -1.997 -2.057 -2.114 -2.168 -2.218 -2.265 -2.308 
-2.348 -2.385 -2.419 -2.451 -2.479 -2.504 -2.527 -2.547 -2.565 -2.580 
-2.585 
-2.595 -2.595 -2.599 -2.601 -2.601 -2.598 -2.594 -2.587 -2.578 -2.566 
-2.552 -2.536 -2.517 -2.496 -2.472 -2.445 -2.416 -2.384 -2.348 -2.310 
-2.268 -2.223 -2.174 -2.121 -2.064 -2.002 -1.936 -1.864 -1.786 -1.702 
-1.612 -1.514 -1.409 -1.297 -1.180 -1.060 -0.944 -0.844 -0.772 -0.740 
-0.749 -0.788 -0.844 -0.905 -0.966 -1.021 -1.069 -1.110 -1.144 -1.171 
-1.192 -1.208 -1.220 -1.229 -1.237 -1.245 -1.256 -1.270 -1.290 -1.316 
-1.350 -1.391 -1.441 -1.496 -1.557 -1.621 -1.687 -1.753 -1.818 -1.881 
-1.942 -2.001 -2.057 -2.109 -2.159 -2.206 -2.250 -2.291 -2.329 -2.365 
-2.397 -2.427 -2.455 -2.480 -2.502 -2.523 -2.540 -2.556 -2.569 -2.580 
-2.593 
-2.664 -2.667 -2.667 -2.665 -2.661 -2.655 -2.646 -2.635 -2.622 -2.607 
-2.589 -2.568 -2.545 -2.520 -2.492 -2.461 -2.427 -2.390 -2.350 -2.306 
-2.260 -2.210 -2.156 -2.100 -2.040 -1.977 -1.912 -1.844 -1.773 -1.699 
-1.620 -1.535 -1.442 -1.340 -1.231 -1.115 -1.000 -0.895 -0.816 -0.775 
-0.776 -0.812 -0.869 -0.936 -1.003 -1.064 -1.120 -1.168 -1.209 -1.244 
-1.275 -1.302 -1.328 -1.354 -1.382 -1.412 -1.446 -1.483 -1.524 -1.569 
-1.617 -1.668 -1.721 -1.776 -1.833 -1.889 -1.945 -2.000 -2.053 -2.105 
-2.154 -2.202 -2.247 -2.290 -2.330 -2.368 -2.404 -2.437 -2.468 -2.497 
-2.523 -2.547 -2.569 -2.589 -2.606 -2.621 -2.634 -2.645 -2.654 -2.660 
-2.662 
-2.735 -2.731 -2.721 -2.710 -2.696 -2.679 -2.660 -2.639 -2.615 -2.588 
-2.558 -2.526 -2.491 -2.453 -2.412 -2.367 -2.320 -2.269 -2.215 -2.158 
-2.098 -2.036 -1.972 -1.907 -1.842 -1.779 -1.719 -1.666 -1.619 -1.582 
-1.553 -1.532 -1.515 -1.499 -1.481 -1.456 -1.423 -1.385 -1.350 -1.331 
-1.333 -1.354 -1.382 -1.408 -1.428 -1.439 -1.442 -1.438 -1.428 -1.414 
-1.401 -1.390 -1.387 -1.395 -1.416 -1.453 -1.502 -1.562 -1.629 -1.700 
-1.772 -1.844 -1.915 -1.983 -2.048 -2.110 -2.169 -2.225 -2.277 -2.327 
-2.373 -2.416 -2.456 -2.494 -2.528 -2.560 -2.589 -2.615 -2.639 -2.660 
-2.679 -2.696 -2.710 -2.721 -2.730 -2.737 -2.742 -2.744 -2.744 -2.742 
-2.738 
-2.777 -2.777 -2.770 -2.761 -2.750 -2.737 -2.721 -2.703 -2.683 -2.660 
-2.635 -2.608 -2.578 -2.545 -2.510 -2.472 -2.431 -2.387 -2.341 -2.291 
-2.239 -2.184 -2.127 -2.067 -2.006 -1.945 -1.883 -1.823 -1.765 -1.711 
-1.661 -1.618 -1.580 -1.549 -1.525 -1.507 -1.493 -1.484 -1.477 -1.472 
-1.467 -1.461 -1.454 -1.445 -1.435 -1.423 -1.410 -1.396 -1.384 -1.375 
-1.369 -1.369 -1.377 -1.395 -1.422 -1.462 -1.511 -1.570 -1.636 -1.705 
-1.777 -1.849 -1.921 -1.990 -2.057 -2.120 -2.181 -2.238 -2.292 -2.342 
-2.390 -2.434 -2.475 -2.513 -2.549 -2.582 -2.612 -2.639 -2.664 -2.686 
-2.706 -2.724 -2.739 -2.752 -2.763 -2.771 -2.778 -2.782 -2.784 -2.784 
-2.778 
-2.758 -2.753 -2.748 -2.741 -2.732 -2.721 -2.708 -2.692 -2.675 -2.655 
-2.633 -2.609 -2.583 -2.554 -2.523 -2.490 -2.454 -2.415 -2.374 -2.330 
-2.283 -2.234 -2.182 -2.127 -2.070 -2.009 -1.947 -1.881 -1.814 -1.745 
-1.675 -1.604 -1.536 -1.472 -1.417 -1.374 -1.340 -1.315 -1.293 -1.272 
-1.252 -1.233 -1.214 -1.196 -1.179 -1.164 -1.152 -1.145 -1.145 -1.154 
-1.175 -1.206 -1.249 -1.300 -1.358 -1.422 -1.487 -1.554 -1.621 -1.688 
-1.755 -1.822 -1.889 -1.954 -2.018 -2.080 -2.139 -2.196 -2.249 -2.300 
-2.347 -2.392 -2.433 -2.472 -2.507 -2.541 -2.571 -2.599 -2.625 -2.648 
-2.668 -2.687 -2.703 -2.717 -2.729 -2.738 -2.746 -2.751 -2.755 -2.756 
-2.759 
-2.788 -2.785 -2.784 -2.781 -2.775 -2.767 -2.757 -2.744 -2.729 -2.711 
-2.691 -2.668 -2.643 -2.614 -2.583 -2.549 -2.511 -2.471 -2.426 -2.378 
-2.326 -2.270 -2.210 -2.145 -2.074 -1.998 -1.917 -1.829 -1.735 -1.636 
-1.533 -1.430 -1.333 -1.250 -1.191 -1.164 -1.168 -1.195 -1.237 -1.283 
-1.327 -1.365 -1.397 -1.423 -1.441 -1.455 -1.464 -1.469 -1.473 -1.477 
-1.481 -1.485 -1.489 -1.492 -1.495 -1.498 -1.504 -1.515 -1.534 -1.562 
-1.600 -1.648 -1.704 -1.767 -1.833 -1.900 -1.968 -2.035 -2.100 -2.162 
-2.221 -2.277 -2.330 -2.380 -2.426 -2.469 -2.509 -2.546 -2.580 -2.611 
-2.639 -2.665 -2.688 -2.708 -2.726 -2.742 -2.755 -2.766 -2.774 -2.780 
-2.787 
-2.887 -2.892 -2.891 -2.888 -2.882 -2.874 -2.863 -2.851 -2.835 -2.817 
-2.797 -2.774 -2.748 -2.720 -2.688 -2.654 -2.616 -2.575 -2.531 -2.483 
-2.431 -2.375 -2.314 -2.249 -2.179 -2.103 -2.022 -1.935 -1.843 -1.747 
-1.646 -1.546 -1.451 -1.368 -1.306 -1.271 -1.265 -1.282 -1.314 -1.354 
-1.395 -1.433 -1.467 -1.494 -1.515 -1.530 -1.538 -1.539 -1.535 -1.526 
-1.513 -1.498 -1.482 -1.468 -1.459 -1.457 -1.466 -1.487 -1.520 -1.567 
-1.625 -1.692 -1.765 -1.841 -1.917 -1.993 -2.067 -2.138 -2.206 -2.270 
-2.330 -2.387 -2.440 -2.490 -2.536 -2.579 -2.619 -2.656 -2.689 -2.720 
-2.748 -2.774 -2.797 -2.817 -2.835 -2.850 -2.863 -2.873 -2.882 -2.887 
-2.887 
-2.956 -2.957 -2.955 -2.951 -2.945 -2.937 -2.927 -2.914 -2.899 -2.882 
-2.862 -2.840 -2.816 -2.789 -2.759 -2.727 -2.693 -2.655 -2.615 -2.571 
-2.525 -2.475 -2.423 -2.367 -2.307 -2.245 -2.180 -2.111 -2.041 -1.968 
-1.895 -1.822 -1.752 -1.687 -1.630 -1.584 -1.550 -1.527 -1.511 -1.501 
-1.493 -1.487 -1.482 -1.476 -1.468 -1.457 -1.444 -1.427 -1.408 -1.387 
-1.365 -1.347 -1.334 -1.331 -1.341 -1.368 -1.412 -1.471 -1.542 -1.622 
-1.707 -1.793 -1.878 -1.962 -2.042 -2.119 -2.192 -2.260 -2.325 -2.385 
-2.442 -2.495 -2.545 -2.591 -2.634 -2.673 -2.710 -2.744 -2.775 -2.803 
-2.829 -2.852 -2.873 -2.892 -2.908 -2.921 -2.933 -2.942 -2.949 -2.954 
-2.956 
-3.036 -3.026 -3.021 -3.015 -3.006 -2.994 -2.981 -2.964 -2.946 -2.925 
-2.901 -2.875 -2.846 -2.814 -2.780 -2.742 -2.702 -2.659 -2.612 -2.562 
-2.509 -2.453 -2.393 -2.331 -2.265 -2.198 -2.129 -2.058 -1.989 -1.920 
-1.854 -1.790 -1.728 -1.671 -1.634 -1.630 -1.650 -1.673 -1.693 -1.708 
-1.719 -1.726 -1.728 -1.727 -1.720 -1.708 -1.690 -1.667 -1.638 -1.605 
-1.567 -1.528 -1.491 -1.460 -1.441 -1.442 -1.464 -1.509 -1.572 -1.646 
-1.728 -1.817 -1.908 -2.001 -2.091 -2.177 -2.258 -2.333 -2.403 -2.468 
-2.528 -2.583 -2.634 -2.681 -2.725 -2.765 -2.802 -2.835 -2.866 -2.894 
-2.918 -2.940 -2.960 -2.977 -2.991 -3.003 -3.013 -3.020 -3.025 -3.028 
-3.037 
-3.242 -3.267 -3.266 -3.263 -3.257 -3.248 -3.237 -3.224 -3.207 -3.188 
-3.167 -3.142 -3.115 -3.084 -3.051 -3.014 -2.973 -2.929 -2.881 -2.829 
-2.773 -2.712 -2.646 -2.574 -2.497 -2.413 -2.321 -2.221 -2.112 -1.991 
-1.858 -1.714 -1.566 -1.439 -1.369 -1.380 -1.455 -1.557 -1.658 -1.747 
-1.821 -1.880 -1.925 -1.959 -1.982 -1.995 -1.999 -1.992 -1.977 -1.953 
-1.920 -1.879 -1.831 -1.780 -1.729 -1.687 -1.661 -1.652 -1.655 -1.670 
-1.702 -1.758 -1.840 -1.939 -2.046 -2.154 -2.259 -2.357 -2.448 -2.532 
-2.609 -2.680 -2.746 -2.806 -2.861 -2.912 -2.958 -3.001 -3.039 -3.075 
-3.106 -3.135 -3.161 -3.183 -3.203 -3.220 -3.234 -3.246 -3.255 -3.262 
-3.241 
-3.194 -3.191 -3.189 -3.184 -3.177 -3.168 -3.156 -3.141 -3.124 -3.105 
-3.082 -3.057 -3.029 -2.998 -2.964 -2.926 -2.886 -2.841 -2.793 -2.741 
-2.684 -2.623 -2.557 -2.486 -2.409 -2.327 -2.238 -2.144 -2.044 -1.939 
-1.833 -1.727 -1.629 -1.546 -1.494 -1.484 -1.508 -1.549 -1.597 -1.645 
-1.689 -1.727 -1.758 -1.780 -1.793 -1.797 -1.792 -1.776 -1.751 -1.715 
-1.669 -1.613 -1.548 -1.480 -1.417 -1.374 -1.367 -1.404 -1.477 -1.573 
-1.678 -1.785 -1.893 -2.000 -2.103 -2.201 -2.293 -2.379 -2.459 -2.533 
-2.601 -2.665 -2.723 -2.778 -2.827 -2.873 -2.915 -2.954 -2.989 -3.021 
-3.050 -3.076 -3.099 -3.120 -3.138 -3.153 -3.165 -3.175 -3.183 -3.188 
-3.194 
-3.112 -3.116 -3.117 -3.117 -3.113 -3.108 -3.100 -3.090 -3.077 -3.061 
-3.044 -3.023 -3.000 -2.974 -2.945 -2.913 -2.878 -2.840 -2.798 -2.753 
-2.704 -2.650 -2.593 -2.531 -2.464 -2.391 -2.313 -2.230 -2.141 -2.046 
-1.948 -1.849 -1.752 -1.665 -1.595 -1.549 -1.531 -1.540 -1.568 -1.608 
-1.652 -1.695 -1.734 -1.768 -1.796 -1.817 -1.831 -1.838 -1.839 -1.832 
-1.818 -1.798 -1.770 -1.738 -1.704 -1.675 -1.660 -1.662 -1.680 -1.709 
-1.748 -1.797 -1.857 -1.927 -2.003 -2.083 -2.163 -2.242 -2.318 -2.390 
-2.459 -2.523 -2.584 -2.640 -2.693 -2.742 -2.787 -2.829 -2.868 -2.903 
-2.936 -2.965 -2.992 -3.016 -3.037 -3.056 -3.072 -3.086 -3.097 -3.105 
-3.110 
-3.062 -3.056 -3.056 -3.054 -3.050 -3.044 -3.036 -3.025 -3.012 -2.997 
-2.979 -2.959 -2.937 -2.912 -2.884 -2.854 -2.821 -2.785 -2.746 -2.705 
-2.659 -2.611 -2.559 -2.504 -2.446 -2.384 -2.320 -2.253 -2.185 -2.117 
-2.048 -1.981 -1.916 -1.853 -1.796 -1.748 -1.711 -1.687 -1.674 -1.669 
-1.671 -1.678 -1.688 -1.700 -1.712 -1.723 -1.732 -1.739 -1.743 -1.746 
-1.747 -1.747 -1.747 -1.748 -1.751 -1.758 -1.769 -1.787 -1.812 -1.846 
-1.890 -1.941 -2.000 -2.064 -2.130 -2.196 -2.262 -2.327 -2.389 -2.448 
-2.504 -2.557 -2.607 -2.655 -2.699 -2.740 -2.778 -2.814 -2.847 -2.877 
-2.905 -2.930 -2.953 -2.974 -2.992 -3.008 -3.021 -3.033 -3.042 -3.049 
-3.061 
-3.150 -3.147 -3.143 -3.138 -3.129 -3.118 -3.105 -3.089 -3.070 -3.048 
-3.024 -2.997 -2.967 -2.934 -2.898 -2.858 -2.815 -2.769 -2.719 -2.664 
-2.606 -2.544 -2.479 -2.409 -2.337 -2.262 -2.187 -2.113 -2.044 -1.980 
-1.925 -1.879 -1.843 -1.823 -1.827 -1.851 -1.885 -1.918 -1.948 -1.973 
-1.996 -2.015 -2.031 -2.043 -2.052 -2.056 -2.056 -2.051 -2.040 -2.025 
-2.005 -1.981 -1.952 -1.921 -1.887 -1.854 -1.825 -1.805 -1.799 -1.815 
-1.855 -1.918 -1.994 -2.077 -2.162 -2.245 -2.325 -2.401 -2.472 -2.539 
-2.602 -2.661 -2.715 -2.766 -2.812 -2.855 -2.895 -2.931 -2.965 -2.995 
-3.022 -3.046 -3.068 -3.087 -3.103 -3.117 -3.128 -3.137 -3.143 -3.147 
-3.150 
-3.320 -3.330 -3.327 -3.322 -3.315 -3.305 -3.292 -3.277 -3.259 -3.238 
-3.214 -3.187 -3.157 -3.124 -3.087 -3.047 -3.003 -2.955 -2.903 -2.846 
-2.785 -2.718 -2.645 -2.566 -2.480 -2.387 -2.287 -2.179 -2.063 -1.941 
-1.817 -1.698 -1.601 -1.545 -1.543 -1.591 -1.669 -1.756 -1.840 -1.914 
-1.977 -2.027 -2.067 -2.096 -2.116 -2.125 -2.126 -2.117 -2.098 -2.070 
-2.032 -1.985 -1.928 -1.867 -1.808 -1.755 -1.710 -1.672 -1.647 -1.652 
-1.699 -1.784 -1.894 -2.014 -2.134 -2.248 -2.354 -2.452 -2.542 -2.624 
-2.700 -2.769 -2.833 -2.892 -2.945 -2.994 -3.039 -3.080 -3.118 -3.152 
-3.182 -3.210 -3.234 -3.256 -3.274 -3.290 -3.303 -3.314 -3.321 -3.327 
-3.320 
-3.342 -3.351 -3.345 -3.337 -3.326 -3.313 -3.297 -3.278 -3.257 -3.233 
-3.206 -3.176 -3.143 -3.106 -3.066 -3.023 -2.975 -2.923 -2.867 -2.805 
-2.739 -2.666 -2.587 -2.502 -2.409 -2.308 -2.199 -2.084 -1.966 -1.850 
-1.747 -1.668 -1.623 -1.612 -1.633 -1.674 -1.721 -1.766 -1.806 -1.844 
-1.878 -1.909 -1.933 -1.950 -1.960 -1.960 -1.950 -1.929 -1.898 -1.854 
-1.799 -1.734 -1.665 -1.602 -1.563 -1.565 -1.613 -1.693 -1.788 -1.886 
-1.990 -2.099 -2.210 -2.317 -2.417 -2.510 -2.595 -2.672 -2.744 -2.809 
-2.869 -2.925 -2.976 -3.023 -3.066 -3.105 -3.141 -3.174 -3.204 -3.231 
-3.255 -3.277 -3.295 -3.311 -3.325 -3.336 -3.345 -3.351 -3.355 -3.356 
-3.343 
-3.215 -3.204 -3.202 -3.198 -3.191 -3.183 -3.172 -3.160 -3.144 -3.127 
-3.107 -3.085 -3.060 -3.032 -3.002 -2.969 -2.932 -2.893 -2.851 -2.804 
-2.755 -2.701 -2.642 -2.579 -2.512 -2.438 -2.359 -2.275 -2.185 -2.091 
-1.998 -1.910 -1.829 -1.757 -1.689 -1.630 -1.582 -1.553 -1.543 -1.551 
-1.574 -1.607 -1.645 -1.683 -1.719 -1.753 -1.782 -1.807 -1.827 -1.842 
-1.853 -1.859 -1.861 -1.862 -1.868 -1.891 -1.935 -1.994 -2.058 -2.123 
-2.187 -2.249 -2.310 -2.370 -2.428 -2.485 -2.540 -2.594 -2.646 -2.695 
-2.742 -2.787 -2.830 -2.870 -2.907 -2.943 -2.976 -3.006 -3.035 -3.061 
-3.085 -3.106 -3.126 -3.143 -3.158 -3.171 -3.181 -3.190 -3.197 -3.201 
-3.214 
-3.229 -3.232 -3.231 -3.227 -3.221 -3.213 -3.202 -3.189 -3.174 -3.157 
-3.136 -3.114 -3.089 -3.061 -3.030 -2.996 -2.959 -2.919 -2.876 -2.829 
-2.778 -2.724 -2.665 -2.602 -2.535 -2.463 -2.386 -2.304 -2.218 -2.127 
-2.034 -1.939 -1.845 -1.757 -1.682 -1.627 -1.598 -1.597 -1.618 -1.655 
-1.700 -1.748 -1.795 -1.838 -1.877 -1.910 -1.937 -1.960 -1.979 -1.993 
-2.005 -2.014 -2.023 -2.033 -2.045 -2.061 -2.082 -2.108 -2.140 -2.179 
-2.222 -2.269 -2.320 -2.373 -2.428 -2.483 -2.538 -2.591 -2.644 -2.695 
-2.744 -2.791 -2.835 -2.877 -2.917 -2.954 -2.989 -3.021 -3.051 -3.079 
-3.104 -3.127 -3.148 -3.166 -3.182 -3.196 -3.207 -3.217 -3.224 -3.229 
-3.228 
-3.264 -3.254 -3.249 -3.242 -3.232 -3.220 -3.205 -3.189 -3.169 -3.147 
-3.123 -3.096 -3.066 -3.033 -2.997 -2.959 -2.917 -2.871 -2.823 -2.770 
-2.715 -2.655 -2.592 -2.525 -2.455 -2.382 -2.307 -2.231 -2.156 -2.084 
-2.018 -1.961 -1.915 -1.881 -1.860 -1.851 -1.855 -1.872 -1.896 -1.925 
-1.953 -1.979 -2.000 -2.016 -2.027 -2.032 -2.033 -2.028 -2.019 -2.007 
-1.992 -1.977 -1.963 -1.953 -1.951 -1.958 -1.978 -2.011 -2.056 -2.111 
-2.173 -2.240 -2.309 -2.378 -2.446 -2.513 -2.576 -2.638 -2.696 -2.751 
-2.803 -2.851 -2.897 -2.939 -2.979 -3.015 -3.049 -3.080 -3.108 -3.134 
-3.157 -3.178 -3.196 -3.212 -3.225 -3.236 -3.245 -3.251 -3.255 -3.257 
-3.265 
-3.418 -3.424 -3.419 -3.412 -3.403 -3.392 -3.378 -3.361 -3.342 -3.321 
-3.297 -3.270 -3.240 -3.208 -3.173 -3.134 -3.093 -3.048 -3.000 -2.948 
-2.892 -2.833 -2.770 -2.703 -2.633 -2.561 -2.488 -2.418 -2.352 -2.295 
-2.246 -2.205 -2.174 -2.151 -2.138 -2.133 -2.136 -2.144 -2.154 -2.167 
-2.178 -2.187 -2.193 -2.196 -2.193 -2.186 -2.173 -2.155 -2.132 -2.104 
-2.073 -2.039 -2.005 -1.974 -1.950 -1.937 -1.940 -1.963 -2.008 -2.076 
-2.160 -2.251 -2.343 -2.433 -2.519 -2.600 -2.676 -2.748 -2.815 -2.877 
-2.935 -2.989 -3.039 -3.085 -3.128 -3.167 -3.203 -3.236 -3.266 -3.294 
-3.318 -3.340 -3.359 -3.376 -3.390 -3.402 -3.412 -3.419 -3.423 -3.426 
-3.418 
-3.468 -3.483 -3.479 -3.471 -3.461 -3.449 -3.433 -3.414 -3.393 -3.368 
-3.340 -3.309 -3.275 -3.236 -3.194 -3.148 -3.098 -3.042 -2.982 -2.917 
-2.847 -2.770 -2.689 -2.603 -2.514 -2.425 -2.340 -2.267 -2.213 -2.182 
-2.174 -2.184 -2.204 -2.225 -2.244 -2.261 -2.280 -2.302 -2.328 -2.356 
-2.384 -2.408 -2.427 -2.440 -2.446 -2.445 -2.437 -2.420 -2.396 -2.363 
-2.322 -2.272 -2.213 -2.146 -2.074 -2.001 -1.938 -1.903 -1.912 -1.968 
-2.060 -2.169 -2.279 -2.383 -2.479 -2.565 -2.645 -2.720 -2.790 -2.856 
-2.919 -2.979 -3.034 -3.087 -3.135 -3.181 -3.222 -3.261 -3.296 -3.328 
-3.356 -3.382 -3.405 -3.424 -3.441 -3.455 -3.467 -3.475 -3.481 -3.485 
-3.469 
-3.283 -3.289 -3.295 -3.299 -3.300 -3.299 -3.295 -3.289 -3.281 -3.269 
-3.255 -3.239 -3.219 -3.197 -3.172 -3.143 -3.111 -3.076 -3.037 -2.994 
-2.948 -2.896 -2.840 -2.780 -2.714 -2.645 -2.573 -2.501 -2.431 -2.364 
-2.298 -2.231 -2.163 -2.096 -2.035 -1.987 -1.959 -1.953 -1.968 -1.998 
-2.038 -2.082 -2.127 -2.170 -2.209 -2.243 -2.272 -2.296 -2.313 -2.324 
-2.330 -2.329 -2.322 -2.307 -2.287 -2.260 -2.231 -2.209 -2.202 -2.211 
-2.228 -2.247 -2.265 -2.285 -2.309 -2.339 -2.375 -2.417 -2.465 -2.517 
-2.571 -2.626 -2.681 -2.736 -2.788 -2.839 -2.887 -2.933 -2.976 -3.016 
-3.053 -3.088 -3.120 -3.149 -3.176 -3.199 -3.221 -3.239 -3.255 -3.269 
-3.280 
-3.189 -3.181 -3.187 -3.190 -3.192 -3.191 -3.187 -3.182 -3.174 -3.164 
-3.151 -3.136 -3.119 -3.099 -3.077 -3.052 -3.024 -2.994 -2.960 -2.924 
-2.884 -2.841 -2.795 -2.745 -2.692 -2.635 -2.574 -2.510 -2.443 -2.373 
-2.301 -2.229 -2.158 -2.092 -2.032 -1.981 -1.944 -1.920 -1.911 -1.915 
-1.930 -1.953 -1.981 -2.011 -2.041 -2.070 -2.095 -2.118 -2.137 -2.153 
-2.165 -2.173 -2.178 -2.181 -2.182 -2.181 -2.179 -2.178 -2.179 -2.182 
-2.189 -2.201 -2.218 -2.242 -2.271 -2.306 -2.347 -2.391 -2.438 -2.487 
-2.537 -2.588 -2.637 -2.686 -2.732 -2.777 -2.820 -2.861 -2.899 -2.935 
-2.968 -2.999 -3.028 -3.054 -3.078 -3.100 -3.119 -3.136 -3.151 -3.163 
-3.186 
-3.350 -3.356 -3.358 -3.358 -3.355 -3.349 -3.342 -3.331 -3.319 -3.304 
-3.286 -3.265 -3.242 -3.216 -3.187 -3.156 -3.121 -3.082 -3.041 -2.995 
-2.947 -2.894 -2.837 -2.776 -2.711 -2.642 -2.569 -2.493 -2.415 -2.338 
-2.263 -2.196 -2.141 -2.101 -2.080 -2.075 -2.084 -2.102 -2.127 -2.156 
-2.188 -2.219 -2.249 -2.277 -2.301 -2.321 -2.336 -2.346 -2.351 -2.352 
-2.347 -2.338 -2.325 -2.310 -2.294 -2.282 -2.274 -2.273 -2.279 -2.290 
-2.306 -2.329 -2.357 -2.392 -2.433 -2.480 -2.530 -2.584 -2.639 -2.694 
-2.749 -2.802 -2.854 -2.903 -2.950 -2.995 -3.037 -3.076 -3.113 -3.147 
-3.178 -3.207 -3.233 -3.256 -3.277 -3.296 -3.312 -3.326 -3.337 -3.346 
-3.348 
-3.606 -3.620 -3.617 -3.611 -3.603 -3.593 -3.580 -3.564 -3.546 -3.525 
-3.502 -3.475 -3.446 -3.413 -3.378 -3.339 -3.296 -3.250 -3.200 -3.146 
-3.087 -3.024 -2.956 -2.882 -2.803 -2.718 -2.628 -2.533 -2.435 -2.336 
-2.241 -2.156 -2.088 -2.042 -2.022 -2.027 -2.054 -2.096 -2.145 -2.193 
-2.236 -2.273 -2.303 -2.324 -2.337 -2.343 -2.340 -2.330 -2.312 -2.286 
-2.254 -2.217 -2.176 -2.137 -2.104 -2.086 -2.088 -2.114 -2.165 -2.234 
-2.316 -2.403 -2.491 -2.577 -2.659 -2.739 -2.814 -2.886 -2.954 -3.018 
-3.079 -3.135 -3.188 -3.238 -3.284 -3.326 -3.365 -3.402 -3.435 -3.465 
-3.492 -3.516 -3.538 -3.557 -3.574 -3.588 -3.599 -3.608 -3.615 -3.619 
-3.607 
-3.716 -3.723 -3.721 -3.717 -3.711 -3.702 -3.690 -3.676 -3.660 -3.641 
-3.619 -3.595 -3.567 -3.537 -3.503 -3.466 -3.426 -3.382 -3.334 -3.283 
-3.226 -3.165 -3.099 -3.028 -2.950 -2.867 -2.776 -2.678 -2.573 -2.461 
-2.345 -2.226 -2.112 -2.010 -1.934 -1.895 -1.898 -1.936 -1.995 -2.062 
-2.126 -2.184 -2.232 -2.269 -2.297 -2.315 -2.324 -2.324 -2.314 -2.296 
-2.270 -2.237 -2.199 -2.157 -2.118 -2.086 -2.071 -2.077 -2.111 -2.170 
-2.251 -2.344 -2.445 -2.546 -2.645 -2.740 -2.829 -2.913 -2.991 -3.064 
-3.131 -3.194 -3.251 -3.305 -3.354 -3.400 -3.442 -3.481 -3.516 -3.548 
-3.577 -3.604 -3.627 -3.648 -3.666 -3.681 -3.694 -3.705 -3.713 -3.719 
-3.715 
