IRGRID 64 91
1e+308

0.025 0.03 0.035 0.04 0.045 0.05 0.055 0.06 0.065 0.07
0.075 0.08 0.085 0.09 0.095 0.1 0.11 0.12 0.13 0.14
0.15 0.16 0.17 0.18 0.19 0.2 0.21 0.22 0.23 0.24
0.25 0.26 0.27 0.28 0.29 0.3 0.31 0.32 0.33 0.34
0.35 0.36 0.37 0.38 0.39 0.4 0.41 0.42 0.43 0.44
0.45 0.46 0.47 0.48 0.49 0.5 0.51 0.52 0.53 0.54
0.55 0.56 0.57 0.58
0 4 8 12 16 20 24 28 32 36
40 44 48 52 56 60 64 68 72 76
80 84 88 92 96 100 104 108 112 116
120 124 128 132 136 140 144 148 152 156
160 164 168 172 176 180 184 188 192 196
200 204 208 212 216 220 224 228 232 236
240 244 248 252 256 260 264 268 272 276
280 284 288 292 296 300 304 308 312 316
320 324 328 332 336 340 344 348 352 356
360
-2.734 -2.760 -2.754 -2.746 -2.736 -2.723 -2.709 -2.693 -2.675 -2.654 
-2.633 -2.609 -2.585 -2.559 -2.532 -2.505 -2.478 -2.451 -2.425 -2.400 
-2.377 -2.355 -2.337 -2.321 -2.309 -2.300 -2.293 -2.290 -2.289 -2.290 
-2.293 -2.297 -2.301 -2.304 -2.307 -2.309 -2.310 -2.308 -2.304 -2.297 
-2.288 -2.274 -2.258 -2.237 -2.211 -2.181 -2.145 -2.103 -2.054 -1.997 
-1.931 -1.853 -1.762 -1.654 -1.523 -1.363 -1.162 -0.913 -0.670 -0.569 
-0.573 -0.727 -0.985 -1.243 -1.456 -1.630 -1.775 -1.899 -2.006 -2.099 
-2.182 -2.256 -2.322 -2.381 -2.434 -2.482 -2.525 -2.564 -2.598 -2.628 
-2.656 -2.679 -2.700 -2.717 -2.732 -2.743 -2.752 -2.759 -2.763 -2.764 
-2.735 
-2.104 -2.180 -2.181 -2.181 -2.180 -2.179 -2.177 -2.175 -2.172 -2.169 
-2.164 -2.159 -2.152 -2.144 -2.135 -2.124 -2.112 -2.100 -2.087 -2.073 
-2.060 -2.048 -2.037 -2.028 -2.021 -2.015 -2.012 -2.011 -2.011 -2.012 
-2.014 -2.016 -2.018 -2.019 -2.019 -2.017 -2.013 -2.007 -1.998 -1.986 
-1.971 -1.952 -1.929 -1.902 -1.870 -1.834 -1.791 -1.742 -1.686 -1.621 
-1.546 -1.460 -1.359 -1.238 -1.093 -0.913 -0.689 -0.440 -0.260 -0.231 
-0.236 -0.312 -0.540 -0.783 -0.987 -1.155 -1.294 -1.411 -1.512 -1.600 
-1.676 -1.744 -1.803 -1.856 -1.903 -1.944 -1.981 -2.013 -2.042 -2.067 
-2.089 -2.107 -2.123 -2.137 -2.148 -2.157 -2.164 -2.170 -2.174 -2.177 
-2.105 
-1.270 -1.326 -1.341 -1.357 -1.373 -1.391 -1.408 -1.426 -1.444 -1.463 
-1.482 -1.500 -1.519 -1.538 -1.556 -1.574 -1.591 -1.608 -1.623 -1.638 
-1.651 -1.663 -1.674 -1.684 -1.692 -1.700 -1.705 -1.709 -1.712 -1.713 
-1.712 -1.709 -1.704 -1.697 -1.688 -1.677 -1.663 -1.647 -1.627 -1.606 
-1.581 -1.552 -1.521 -1.486 -1.447 -1.403 -1.356 -1.303 -1.244 -1.179 
-1.107 -1.026 -0.936 -0.833 -0.716 -0.579 -0.417 -0.222 0.006 0.249 
0.498 0.786 0.838 0.402 0.077 -0.155 -0.331 -0.472 -0.588 -0.684 
-0.766 -0.837 -0.897 -0.950 -0.995 -1.035 -1.069 -1.099 -1.126 -1.149 
-1.169 -1.187 -1.203 -1.217 -1.231 -1.244 -1.257 -1.270 -1.283 -1.297 
-1.269 
-0.674 -0.695 -0.702 -0.707 -0.711 -0.711 -0.709 -0.705 -0.700 -0.695 
-0.692 -0.692 -0.699 -0.712 -0.733 -0.759 -0.790 -0.825 -0.861 -0.897 
-0.933 -0.967 -0.998 -1.028 -1.054 -1.077 -1.098 -1.115 -1.129 -1.141 
-1.149 -1.155 -1.157 -1.157 -1.154 -1.147 -1.138 -1.126 -1.111 -1.092 
-1.070 -1.045 -1.016 -0.984 -0.947 -0.907 -0.861 -0.811 -0.755 -0.693 
-0.625 -0.548 -0.462 -0.365 -0.254 -0.127 0.023 0.203 0.429 0.729 
1.159 1.802 1.696 1.230 0.817 0.531 0.324 0.165 0.038 -0.067 
-0.154 -0.228 -0.291 -0.345 -0.391 -0.431 -0.465 -0.494 -0.520 -0.542 
-0.561 -0.578 -0.593 -0.607 -0.619 -0.631 -0.643 -0.654 -0.665 -0.676 
-0.666 
-0.394 -0.346 -0.321 -0.293 -0.262 -0.229 -0.196 -0.163 -0.131 -0.104 
-0.083 -0.070 -0.065 -0.071 -0.086 -0.110 -0.140 -0.174 -0.211 -0.247 
-0.281 -0.313 -0.340 -0.363 -0.382 -0.398 -0.410 -0.422 -0.434 -0.447 
-0.461 -0.476 -0.491 -0.506 -0.519 -0.530 -0.539 -0.545 -0.547 -0.545 
-0.540 -0.530 -0.516 -0.498 -0.476 -0.448 -0.416 -0.378 -0.334 -0.283 
-0.226 -0.159 -0.083 0.004 0.106 0.226 0.369 0.547 0.778 1.113 
1.796 2.293 2.194 1.640 1.086 0.777 0.559 0.390 0.254 0.142 
0.047 -0.034 -0.104 -0.164 -0.216 -0.261 -0.299 -0.332 -0.359 -0.382 
-0.400 -0.413 -0.423 -0.429 -0.431 -0.429 -0.424 -0.415 -0.403 -0.388 
-0.405 
-0.662 -0.689 -0.679 -0.666 -0.650 -0.631 -0.610 -0.587 -0.564 -0.540 
-0.518 -0.498 -0.480 -0.465 -0.451 -0.436 -0.420 -0.401 -0.377 -0.349 
-0.317 -0.281 -0.242 -0.203 -0.165 -0.131 -0.102 -0.080 -0.067 -0.063 
-0.067 -0.078 -0.094 -0.113 -0.133 -0.154 -0.173 -0.190 -0.205 -0.216 
-0.223 -0.227 -0.226 -0.222 -0.213 -0.199 -0.180 -0.156 -0.126 -0.090 
-0.048 0.003 0.063 0.133 0.217 0.316 0.435 0.583 0.772 1.029 
1.419 2.018 2.151 1.752 1.237 0.883 0.632 0.438 0.281 0.149 
0.035 -0.063 -0.150 -0.226 -0.295 -0.355 -0.409 -0.458 -0.501 -0.539 
-0.572 -0.602 -0.627 -0.648 -0.665 -0.679 -0.689 -0.696 -0.700 -0.700 
-0.661 
-0.796 -0.786 -0.795 -0.803 -0.808 -0.811 -0.812 -0.811 -0.808 -0.802 
-0.795 -0.786 -0.775 -0.761 -0.746 -0.728 -0.709 -0.688 -0.664 -0.639 
-0.612 -0.583 -0.554 -0.523 -0.493 -0.464 -0.436 -0.411 -0.389 -0.370 
-0.353 -0.338 -0.323 -0.309 -0.293 -0.275 -0.256 -0.235 -0.212 -0.186 
-0.157 -0.127 -0.095 -0.062 -0.030 0.001 0.032 0.062 0.094 0.129 
0.169 0.215 0.270 0.334 0.410 0.502 0.613 0.749 0.921 1.148 
1.463 1.844 2.130 1.849 1.433 1.082 0.822 0.618 0.451 0.310 
0.188 0.081 -0.014 -0.100 -0.176 -0.246 -0.309 -0.367 -0.419 -0.467 
-0.511 -0.551 -0.588 -0.621 -0.651 -0.678 -0.703 -0.724 -0.743 -0.760 
-0.791 
-1.109 -1.156 -1.168 -1.177 -1.184 -1.188 -1.190 -1.189 -1.186 -1.180 
-1.171 -1.160 -1.146 -1.129 -1.109 -1.087 -1.061 -1.033 -1.003 -0.972 
-0.940 -0.910 -0.883 -0.859 -0.839 -0.821 -0.804 -0.785 -0.763 -0.736 
-0.704 -0.667 -0.624 -0.576 -0.523 -0.464 -0.400 -0.332 -0.259 -0.184 
-0.108 -0.032 0.039 0.103 0.156 0.198 0.228 0.249 0.263 0.274 
0.286 0.302 0.326 0.359 0.404 0.465 0.546 0.653 0.797 0.995 
1.291 1.758 2.106 1.895 1.612 1.016 0.685 0.446 0.254 0.094 
-0.044 -0.164 -0.271 -0.367 -0.454 -0.532 -0.604 -0.669 -0.729 -0.784 
-0.834 -0.880 -0.922 -0.961 -0.996 -1.027 -1.056 -1.081 -1.104 -1.124 
-1.104 
-1.192 -1.193 -1.190 -1.183 -1.173 -1.160 -1.143 -1.123 -1.099 -1.072 
-1.040 -1.006 -0.967 -0.925 -0.880 -0.831 -0.780 -0.727 -0.674 -0.622 
-0.575 -0.536 -0.506 -0.489 -0.484 -0.490 -0.505 -0.526 -0.550 -0.575 
-0.599 -0.621 -0.642 -0.660 -0.674 -0.684 -0.687 -0.682 -0.669 -0.648 
-0.619 -0.583 -0.543 -0.504 -0.468 -0.437 -0.414 -0.396 -0.382 -0.369 
-0.353 -0.332 -0.305 -0.268 -0.220 -0.158 -0.080 0.019 0.146 0.314 
0.547 0.907 1.473 1.602 1.895 1.513 0.770 0.387 0.130 -0.065 
-0.222 -0.354 -0.467 -0.565 -0.651 -0.727 -0.794 -0.854 -0.908 -0.956 
-0.998 -1.036 -1.069 -1.097 -1.122 -1.143 -1.160 -1.173 -1.183 -1.190 
-1.193 
-1.090 -1.100 -1.100 -1.097 -1.092 -1.083 -1.072 -1.058 -1.041 -1.021 
-0.999 -0.974 -0.946 -0.916 -0.884 -0.850 -0.815 -0.777 -0.739 -0.701 
-0.662 -0.624 -0.587 -0.551 -0.517 -0.485 -0.455 -0.427 -0.403 -0.385 
-0.374 -0.370 -0.375 -0.387 -0.404 -0.425 -0.449 -0.473 -0.497 -0.519 
-0.538 -0.554 -0.566 -0.575 -0.579 -0.578 -0.573 -0.562 -0.546 -0.524 
-0.496 -0.460 -0.416 -0.363 -0.298 -0.219 -0.121 0.006 0.181 0.461 
1.084 1.286 0.872 1.265 1.759 1.671 1.231 0.687 0.363 0.133 
-0.045 -0.191 -0.313 -0.419 -0.510 -0.591 -0.662 -0.725 -0.782 -0.832 
-0.877 -0.916 -0.952 -0.982 -1.009 -1.032 -1.052 -1.068 -1.080 -1.090 
-1.088 
-0.965 -0.946 -0.936 -0.924 -0.909 -0.892 -0.873 -0.851 -0.828 -0.802 
-0.776 -0.748 -0.719 -0.691 -0.663 -0.636 -0.611 -0.589 -0.571 -0.557 
-0.548 -0.543 -0.541 -0.544 -0.549 -0.556 -0.563 -0.572 -0.580 -0.589 
-0.599 -0.610 -0.622 -0.635 -0.647 -0.659 -0.670 -0.678 -0.683 -0.686 
-0.684 -0.679 -0.670 -0.656 -0.638 -0.614 -0.586 -0.551 -0.511 -0.463 
-0.407 -0.342 -0.265 -0.175 -0.069 0.060 0.221 0.431 0.731 1.283 
1.798 1.964 1.479 0.907 1.022 1.027 0.446 0.147 -0.045 -0.189 
-0.304 -0.401 -0.483 -0.555 -0.617 -0.672 -0.720 -0.763 -0.800 -0.833 
-0.861 -0.886 -0.906 -0.923 -0.937 -0.947 -0.954 -0.958 -0.959 -0.958 
-0.968 
-1.069 -1.069 -1.067 -1.063 -1.058 -1.051 -1.042 -1.033 -1.023 -1.012 
-1.000 -0.988 -0.976 -0.965 -0.954 -0.945 -0.936 -0.929 -0.925 -0.922 
-0.923 -0.925 -0.930 -0.938 -0.946 -0.956 -0.966 -0.976 -0.986 -0.995 
-1.002 -1.008 -1.011 -1.013 -1.012 -1.008 -1.002 -0.992 -0.979 -0.962 
-0.941 -0.915 -0.884 -0.848 -0.805 -0.753 -0.693 -0.621 -0.534 -0.429 
-0.303 -0.154 0.005 0.134 0.188 0.191 0.217 0.312 0.502 0.844 
1.500 1.854 1.468 0.927 0.531 0.311 0.190 0.144 0.151 0.165 
0.110 -0.026 -0.191 -0.343 -0.471 -0.577 -0.665 -0.738 -0.799 -0.850 
-0.894 -0.931 -0.962 -0.988 -1.010 -1.028 -1.042 -1.053 -1.061 -1.066 
-1.070 
-1.219 -1.271 -1.300 -1.325 -1.347 -1.366 -1.383 -1.398 -1.410 -1.421 
-1.429 -1.437 -1.442 -1.447 -1.451 -1.453 -1.455 -1.456 -1.456 -1.455 
-1.453 -1.450 -1.446 -1.441 -1.434 -1.425 -1.414 -1.400 -1.385 -1.366 
-1.345 -1.321 -1.294 -1.263 -1.229 -1.191 -1.148 -1.101 -1.050 -0.993 
-0.930 -0.860 -0.784 -0.700 -0.606 -0.502 -0.385 -0.255 -0.107 0.060 
0.246 0.445 0.631 0.758 0.790 0.738 0.656 0.593 0.587 0.679 
0.912 1.304 0.944 0.661 0.553 0.537 0.580 0.661 0.751 0.801 
0.762 0.627 0.437 0.239 0.054 -0.110 -0.254 -0.381 -0.494 -0.595 
-0.686 -0.768 -0.842 -0.909 -0.971 -1.027 -1.078 -1.125 -1.167 -1.205 
-1.208 
-1.018 -1.048 -1.080 -1.111 -1.139 -1.166 -1.191 -1.214 -1.235 -1.255 
-1.272 -1.288 -1.302 -1.314 -1.325 -1.333 -1.340 -1.346 -1.349 -1.351 
-1.351 -1.349 -1.345 -1.340 -1.332 -1.323 -1.312 -1.299 -1.284 -1.267 
-1.248 -1.226 -1.203 -1.177 -1.149 -1.119 -1.085 -1.049 -1.011 -0.969 
-0.924 -0.875 -0.822 -0.764 -0.702 -0.634 -0.558 -0.475 -0.381 -0.274 
-0.152 -0.012 0.138 0.268 0.347 0.404 0.496 0.648 0.866 1.151 
1.426 1.540 1.396 1.142 0.902 0.715 0.578 0.484 0.430 0.393 
0.324 0.209 0.082 -0.032 -0.131 -0.218 -0.295 -0.366 -0.433 -0.495 
-0.554 -0.610 -0.664 -0.715 -0.764 -0.811 -0.855 -0.898 -0.938 -0.977 
-1.007 
-0.923 -0.931 -0.971 -1.009 -1.044 -1.078 -1.109 -1.138 -1.164 -1.189 
-1.211 -1.231 -1.248 -1.264 -1.277 -1.289 -1.298 -1.304 -1.309 -1.311 
-1.311 -1.308 -1.303 -1.296 -1.285 -1.273 -1.257 -1.239 -1.217 -1.193 
-1.166 -1.136 -1.104 -1.070 -1.034 -0.998 -0.962 -0.928 -0.894 -0.862 
-0.832 -0.801 -0.769 -0.734 -0.695 -0.652 -0.604 -0.550 -0.489 -0.420 
-0.345 -0.260 -0.166 -0.062 0.056 0.188 0.339 0.513 0.716 0.951 
1.206 1.381 1.409 1.393 1.119 0.913 0.749 0.614 0.500 0.401 
0.314 0.235 0.162 0.093 0.026 -0.039 -0.102 -0.166 -0.228 -0.291 
-0.352 -0.413 -0.473 -0.531 -0.588 -0.643 -0.696 -0.747 -0.796 -0.843 
-0.904 
-1.237 -1.315 -1.337 -1.356 -1.372 -1.386 -1.397 -1.405 -1.411 -1.414 
-1.414 -1.411 -1.406 -1.399 -1.388 -1.375 -1.359 -1.341 -1.320 -1.296 
-1.269 -1.240 -1.207 -1.172 -1.134 -1.093 -1.049 -1.003 -0.954 -0.902 
-0.849 -0.794 -0.739 -0.684 -0.631 -0.582 -0.537 -0.498 -0.467 -0.442 
-0.425 -0.414 -0.406 -0.401 -0.396 -0.390 -0.381 -0.369 -0.352 -0.328 
-0.298 -0.260 -0.213 -0.155 -0.085 0.000 0.104 0.231 0.387 0.582 
0.826 1.131 1.446 1.601 1.252 0.778 0.470 0.256 0.091 -0.044 
-0.159 -0.259 -0.348 -0.429 -0.504 -0.575 -0.642 -0.705 -0.766 -0.825 
-0.880 -0.934 -0.985 -1.033 -1.078 -1.121 -1.160 -1.197 -1.231 -1.262 
-1.234 
-1.206 -1.199 -1.212 -1.223 -1.231 -1.237 -1.241 -1.243 -1.243 -1.241 
-1.237 -1.231 -1.223 -1.213 -1.201 -1.187 -1.170 -1.152 -1.132 -1.110 
-1.086 -1.060 -1.033 -1.003 -0.971 -0.938 -0.903 -0.866 -0.827 -0.787 
-0.746 -0.704 -0.661 -0.617 -0.574 -0.530 -0.487 -0.445 -0.403 -0.363 
-0.324 -0.285 -0.248 -0.212 -0.177 -0.145 -0.114 -0.085 -0.055 -0.024 
0.010 0.050 0.097 0.154 0.222 0.305 0.407 0.532 0.689 0.886 
1.118 1.318 1.399 1.366 1.009 0.712 0.474 0.280 0.116 -0.026 
-0.149 -0.259 -0.357 -0.446 -0.526 -0.600 -0.667 -0.728 -0.785 -0.837 
-0.885 -0.929 -0.969 -1.006 -1.040 -1.071 -1.099 -1.124 -1.146 -1.166 
-1.199 
-1.252 -1.281 -1.299 -1.315 -1.328 -1.339 -1.348 -1.354 -1.358 -1.360 
-1.360 -1.357 -1.352 -1.345 -1.336 -1.325 -1.311 -1.296 -1.277 -1.257 
-1.234 -1.209 -1.181 -1.151 -1.119 -1.084 -1.046 -1.005 -0.962 -0.915 
-0.866 -0.814 -0.758 -0.699 -0.637 -0.572 -0.503 -0.432 -0.358 -0.282 
-0.205 -0.129 -0.057 0.010 0.070 0.120 0.162 0.195 0.223 0.248 
0.271 0.296 0.323 0.353 0.390 0.436 0.496 0.575 0.678 0.815 
0.994 1.199 1.340 1.326 1.149 0.905 0.673 0.470 0.290 0.129 
-0.015 -0.144 -0.261 -0.366 -0.462 -0.549 -0.629 -0.703 -0.770 -0.832 
-0.890 -0.943 -0.992 -1.037 -1.078 -1.116 -1.151 -1.182 -1.211 -1.237 
-1.246 
-1.245 -1.258 -1.283 -1.306 -1.327 -1.345 -1.361 -1.375 -1.386 -1.395 
-1.401 -1.406 -1.408 -1.408 -1.406 -1.402 -1.395 -1.387 -1.376 -1.362 
-1.347 -1.329 -1.308 -1.286 -1.260 -1.233 -1.202 -1.169 -1.133 -1.093 
-1.051 -1.006 -0.957 -0.905 -0.849 -0.789 -0.726 -0.659 -0.588 -0.513 
-0.434 -0.353 -0.269 -0.184 -0.097 -0.011 0.074 0.157 0.237 0.309 
0.374 0.428 0.471 0.505 0.532 0.555 0.580 0.610 0.649 0.701 
0.771 0.864 0.967 1.010 0.968 0.902 0.808 0.681 0.533 0.379 
0.230 0.090 -0.039 -0.158 -0.268 -0.369 -0.462 -0.548 -0.627 -0.701 
-0.769 -0.832 -0.891 -0.946 -0.996 -1.043 -1.087 -1.127 -1.164 -1.198 
-1.233 
-1.343 -1.370 -1.394 -1.416 -1.435 -1.451 -1.466 -1.478 -1.488 -1.495 
-1.501 -1.504 -1.505 -1.503 -1.500 -1.494 -1.486 -1.476 -1.464 -1.449 
-1.432 -1.413 -1.391 -1.366 -1.340 -1.310 -1.278 -1.243 -1.205 -1.164 
-1.119 -1.072 -1.020 -0.966 -0.907 -0.844 -0.777 -0.706 -0.629 -0.548 
-0.462 -0.372 -0.277 -0.179 -0.080 0.019 0.113 0.199 0.271 0.328 
0.367 0.391 0.404 0.410 0.415 0.421 0.432 0.450 0.476 0.512 
0.555 0.603 0.648 0.679 0.685 0.653 0.580 0.468 0.331 0.187 
0.046 -0.086 -0.209 -0.322 -0.426 -0.522 -0.611 -0.693 -0.769 -0.839 
-0.904 -0.965 -1.021 -1.073 -1.122 -1.166 -1.208 -1.246 -1.281 -1.314 
-1.335 
-1.424 -1.455 -1.482 -1.507 -1.529 -1.549 -1.566 -1.581 -1.594 -1.604 
-1.612 -1.617 -1.621 -1.622 -1.621 -1.618 -1.612 -1.605 -1.595 -1.582 
-1.568 -1.551 -1.531 -1.509 -1.485 -1.458 -1.428 -1.396 -1.360 -1.322 
-1.280 -1.236 -1.187 -1.135 -1.079 -1.019 -0.955 -0.886 -0.812 -0.733 
-0.649 -0.559 -0.464 -0.363 -0.259 -0.152 -0.045 0.057 0.148 0.224 
0.279 0.314 0.332 0.338 0.339 0.337 0.337 0.340 0.351 0.373 
0.405 0.450 0.506 0.568 0.628 0.667 0.660 0.589 0.462 0.307 
0.146 -0.008 -0.151 -0.281 -0.400 -0.510 -0.610 -0.702 -0.786 -0.865 
-0.937 -1.005 -1.067 -1.125 -1.178 -1.228 -1.274 -1.316 -1.355 -1.391 
-1.414 
-1.377 -1.409 -1.438 -1.464 -1.487 -1.509 -1.528 -1.545 -1.559 -1.572 
-1.582 -1.590 -1.596 -1.600 -1.602 -1.602 -1.600 -1.596 -1.590 -1.582 
-1.572 -1.559 -1.545 -1.528 -1.509 -1.488 -1.464 -1.438 -1.410 -1.379 
-1.346 -1.310 -1.271 -1.228 -1.183 -1.135 -1.083 -1.027 -0.967 -0.903 
-0.835 -0.761 -0.682 -0.598 -0.509 -0.414 -0.314 -0.210 -0.105 -0.001 
0.099 0.193 0.277 0.348 0.401 0.435 0.453 0.461 0.464 0.467 
0.471 0.473 0.471 0.464 0.454 0.437 0.400 0.331 0.235 0.127 
0.015 -0.097 -0.206 -0.310 -0.410 -0.504 -0.593 -0.676 -0.755 -0.828 
-0.897 -0.961 -1.022 -1.078 -1.130 -1.180 -1.225 -1.268 -1.307 -1.344 
-1.366 
-1.283 -1.292 -1.316 -1.338 -1.358 -1.376 -1.391 -1.405 -1.417 -1.427 
-1.435 -1.442 -1.446 -1.449 -1.450 -1.449 -1.447 -1.443 -1.437 -1.429 
-1.419 -1.408 -1.395 -1.380 -1.364 -1.346 -1.326 -1.304 -1.280 -1.254 
-1.226 -1.197 -1.165 -1.132 -1.096 -1.058 -1.018 -0.975 -0.930 -0.882 
-0.831 -0.777 -0.720 -0.659 -0.593 -0.523 -0.448 -0.369 -0.288 -0.208 
-0.135 -0.068 -0.005 0.058 0.121 0.184 0.249 0.317 0.385 0.448 
0.496 0.515 0.499 0.449 0.374 0.285 0.190 0.095 0.000 -0.091 
-0.178 -0.261 -0.339 -0.413 -0.485 -0.554 -0.621 -0.686 -0.748 -0.807 
-0.864 -0.917 -0.967 -1.014 -1.058 -1.100 -1.138 -1.174 -1.207 -1.238 
-1.274 
-1.372 -1.409 -1.444 -1.477 -1.507 -1.534 -1.559 -1.580 -1.600 -1.617 
-1.631 -1.643 -1.653 -1.661 -1.666 -1.669 -1.670 -1.669 -1.665 -1.660 
-1.652 -1.642 -1.629 -1.615 -1.597 -1.578 -1.556 -1.532 -1.505 -1.475 
-1.442 -1.406 -1.368 -1.326 -1.280 -1.231 -1.177 -1.119 -1.056 -0.988 
-0.913 -0.833 -0.745 -0.649 -0.546 -0.434 -0.317 -0.198 -0.085 0.012 
0.082 0.113 0.092 0.035 -0.026 -0.076 -0.108 -0.121 -0.116 -0.099 
-0.082 -0.077 -0.093 -0.129 -0.176 -0.221 -0.259 -0.286 -0.302 -0.311 
-0.315 -0.319 -0.326 -0.340 -0.367 -0.410 -0.470 -0.542 -0.620 -0.701 
-0.780 -0.857 -0.929 -0.998 -1.063 -1.124 -1.180 -1.233 -1.282 -1.328 
-1.359 
-1.482 -1.515 -1.560 -1.600 -1.637 -1.671 -1.702 -1.730 -1.754 -1.776 
-1.795 -1.812 -1.826 -1.837 -1.846 -1.852 -1.856 -1.858 -1.857 -1.853 
-1.848 -1.839 -1.828 -1.815 -1.799 -1.781 -1.759 -1.735 -1.708 -1.678 
-1.645 -1.609 -1.569 -1.526 -1.479 -1.427 -1.371 -1.310 -1.245 -1.173 
-1.095 -1.010 -0.917 -0.815 -0.704 -0.580 -0.445 -0.295 -0.131 0.038 
0.190 0.278 0.271 0.185 0.067 -0.047 -0.143 -0.220 -0.280 -0.324 
-0.355 -0.374 -0.384 -0.386 -0.383 -0.378 -0.371 -0.362 -0.349 -0.329 
-0.299 -0.262 -0.224 -0.195 -0.189 -0.215 -0.276 -0.365 -0.470 -0.582 
-0.693 -0.799 -0.899 -0.991 -1.077 -1.156 -1.228 -1.296 -1.357 -1.414 
-1.463 
-1.652 -1.695 -1.727 -1.757 -1.783 -1.806 -1.827 -1.846 -1.861 -1.875 
-1.886 -1.894 -1.900 -1.904 -1.906 -1.905 -1.902 -1.897 -1.890 -1.880 
-1.868 -1.854 -1.837 -1.817 -1.796 -1.771 -1.744 -1.714 -1.682 -1.646 
-1.608 -1.566 -1.521 -1.472 -1.420 -1.364 -1.303 -1.238 -1.169 -1.094 
-1.014 -0.929 -0.839 -0.743 -0.645 -0.545 -0.448 -0.357 -0.270 -0.186 
-0.104 -0.045 -0.034 -0.057 -0.087 -0.113 -0.132 -0.144 -0.150 -0.148 
-0.141 -0.128 -0.112 -0.097 -0.087 -0.088 -0.104 -0.137 -0.183 -0.236 
-0.293 -0.351 -0.412 -0.476 -0.543 -0.617 -0.701 -0.795 -0.891 -0.985 
-1.075 -1.157 -1.234 -1.304 -1.369 -1.428 -1.483 -1.533 -1.579 -1.621 
-1.643 
-1.688 -1.721 -1.755 -1.786 -1.814 -1.839 -1.861 -1.881 -1.898 -1.912 
-1.923 -1.933 -1.939 -1.943 -1.945 -1.945 -1.942 -1.936 -1.928 -1.918 
-1.905 -1.889 -1.871 -1.850 -1.826 -1.800 -1.770 -1.738 -1.702 -1.663 
-1.620 -1.573 -1.522 -1.467 -1.407 -1.343 -1.272 -1.196 -1.113 -1.024 
-0.927 -0.823 -0.713 -0.599 -0.487 -0.384 -0.300 -0.245 -0.217 -0.208 
-0.213 -0.238 -0.284 -0.336 -0.386 -0.427 -0.459 -0.482 -0.496 -0.501 
-0.497 -0.485 -0.466 -0.441 -0.410 -0.376 -0.339 -0.297 -0.253 -0.211 
-0.185 -0.190 -0.236 -0.319 -0.425 -0.540 -0.657 -0.770 -0.877 -0.977 
-1.070 -1.156 -1.235 -1.308 -1.376 -1.438 -1.496 -1.549 -1.598 -1.642 
-1.676 
-1.687 -1.711 -1.751 -1.788 -1.821 -1.852 -1.879 -1.904 -1.926 -1.945 
-1.962 -1.976 -1.987 -1.996 -2.003 -2.007 -2.008 -2.008 -2.004 -1.999 
-1.990 -1.980 -1.966 -1.950 -1.932 -1.911 -1.886 -1.859 -1.829 -1.796 
-1.759 -1.719 -1.674 -1.626 -1.574 -1.516 -1.454 -1.386 -1.311 -1.230 
-1.142 -1.045 -0.939 -0.823 -0.698 -0.565 -0.427 -0.290 -0.166 -0.063 
0.001 0.006 -0.050 -0.142 -0.244 -0.338 -0.420 -0.486 -0.539 -0.580 
-0.608 -0.626 -0.633 -0.630 -0.618 -0.596 -0.566 -0.529 -0.485 -0.440 
-0.401 -0.376 -0.373 -0.398 -0.449 -0.522 -0.609 -0.704 -0.801 -0.898 
-0.992 -1.082 -1.166 -1.246 -1.320 -1.389 -1.454 -1.513 -1.569 -1.620 
-1.670 
-1.786 -1.846 -1.887 -1.923 -1.957 -1.988 -2.015 -2.040 -2.061 -2.080 
-2.097 -2.110 -2.122 -2.130 -2.136 -2.140 -2.141 -2.140 -2.136 -2.130 
-2.121 -2.109 -2.095 -2.078 -2.059 -2.036 -2.011 -1.983 -1.951 -1.916 
-1.877 -1.835 -1.788 -1.738 -1.682 -1.621 -1.554 -1.481 -1.401 -1.312 
-1.214 -1.105 -0.983 -0.847 -0.696 -0.533 -0.371 -0.237 -0.164 -0.158 
-0.193 -0.248 -0.320 -0.402 -0.488 -0.569 -0.640 -0.700 -0.747 -0.782 
-0.806 -0.819 -0.823 -0.815 -0.798 -0.770 -0.732 -0.682 -0.622 -0.553 
-0.479 -0.412 -0.370 -0.373 -0.428 -0.524 -0.642 -0.765 -0.885 -0.998 
-1.103 -1.200 -1.290 -1.373 -1.450 -1.521 -1.586 -1.647 -1.703 -1.755 
-1.774 
-1.717 -1.728 -1.770 -1.808 -1.843 -1.875 -1.905 -1.932 -1.956 -1.978 
-1.997 -2.013 -2.027 -2.039 -2.048 -2.055 -2.060 -2.062 -2.062 -2.060 
-2.055 -2.048 -2.038 -2.026 -2.011 -1.994 -1.974 -1.951 -1.926 -1.897 
-1.866 -1.831 -1.793 -1.751 -1.705 -1.655 -1.600 -1.541 -1.476 -1.404 
-1.326 -1.240 -1.145 -1.038 -0.919 -0.784 -0.634 -0.469 -0.293 -0.186 
-0.191 -0.179 -0.171 -0.196 -0.255 -0.332 -0.413 -0.490 -0.557 -0.614 
-0.660 -0.697 -0.725 -0.744 -0.755 -0.758 -0.754 -0.743 -0.725 -0.701 
-0.671 -0.638 -0.607 -0.588 -0.593 -0.641 -0.722 -0.811 -0.898 -0.980 
-1.059 -1.136 -1.209 -1.280 -1.348 -1.412 -1.474 -1.531 -1.586 -1.636 
-1.698 
-1.857 -1.945 -1.991 -2.033 -2.072 -2.108 -2.140 -2.169 -2.195 -2.219 
-2.239 -2.257 -2.272 -2.284 -2.294 -2.302 -2.307 -2.309 -2.309 -2.306 
-2.301 -2.293 -2.283 -2.270 -2.254 -2.235 -2.214 -2.190 -2.162 -2.131 
-2.097 -2.060 -2.018 -1.972 -1.922 -1.867 -1.806 -1.739 -1.666 -1.584 
-1.493 -1.391 -1.275 -1.142 -0.984 -0.793 -0.554 -0.260 0.013 0.115 
-0.022 -0.221 -0.368 -0.479 -0.581 -0.679 -0.767 -0.843 -0.906 -0.956 
-0.995 -1.023 -1.041 -1.048 -1.046 -1.033 -1.009 -0.973 -0.925 -0.861 
-0.778 -0.677 -0.560 -0.449 -0.389 -0.420 -0.537 -0.694 -0.851 -0.991 
-1.114 -1.224 -1.324 -1.415 -1.500 -1.579 -1.652 -1.720 -1.783 -1.841 
-1.846 
-1.680 -1.700 -1.750 -1.795 -1.838 -1.877 -1.913 -1.946 -1.976 -2.003 
-2.027 -2.048 -2.067 -2.083 -2.096 -2.107 -2.115 -2.121 -2.124 -2.125 
-2.123 -2.119 -2.112 -2.103 -2.091 -2.076 -2.059 -2.038 -2.015 -1.989 
-1.959 -1.927 -1.890 -1.851 -1.807 -1.759 -1.706 -1.649 -1.586 -1.517 
-1.442 -1.359 -1.268 -1.169 -1.059 -0.937 -0.798 -0.631 -0.427 -0.298 
-0.312 -0.305 -0.302 -0.341 -0.416 -0.508 -0.601 -0.687 -0.761 -0.824 
-0.875 -0.916 -0.947 -0.969 -0.983 -0.988 -0.986 -0.976 -0.958 -0.932 
-0.899 -0.857 -0.808 -0.755 -0.719 -0.727 -0.771 -0.821 -0.871 -0.924 
-0.982 -1.046 -1.114 -1.186 -1.258 -1.330 -1.399 -1.466 -1.530 -1.590 
-1.658 
-1.737 -1.785 -1.827 -1.866 -1.901 -1.934 -1.963 -1.990 -2.013 -2.034 
-2.052 -2.067 -2.080 -2.090 -2.098 -2.103 -2.105 -2.106 -2.103 -2.098 
-2.091 -2.081 -2.068 -2.053 -2.035 -2.014 -1.991 -1.964 -1.935 -1.902 
-1.865 -1.826 -1.782 -1.734 -1.683 -1.626 -1.565 -1.499 -1.427 -1.349 
-1.266 -1.176 -1.081 -0.981 -0.881 -0.784 -0.697 -0.629 -0.583 -0.558 
-0.549 -0.551 -0.571 -0.613 -0.671 -0.732 -0.789 -0.839 -0.880 -0.913 
-0.937 -0.953 -0.961 -0.961 -0.955 -0.941 -0.921 -0.896 -0.865 -0.831 
-0.797 -0.765 -0.741 -0.730 -0.736 -0.760 -0.803 -0.860 -0.928 -1.002 
-1.079 -1.158 -1.235 -1.311 -1.383 -1.452 -1.517 -1.579 -1.636 -1.689 
-1.724 
-1.803 -1.831 -1.874 -1.914 -1.951 -1.984 -2.015 -2.043 -2.068 -2.090 
-2.110 -2.127 -2.142 -2.154 -2.164 -2.171 -2.176 -2.178 -2.178 -2.175 
-2.171 -2.163 -2.153 -2.141 -2.126 -2.109 -2.088 -2.065 -2.040 -2.011 
-1.979 -1.944 -1.905 -1.863 -1.816 -1.766 -1.712 -1.652 -1.588 -1.519 
-1.444 -1.363 -1.277 -1.186 -1.093 -1.000 -0.911 -0.828 -0.754 -0.689 
-0.635 -0.598 -0.583 -0.593 -0.624 -0.668 -0.718 -0.767 -0.812 -0.851 
-0.883 -0.907 -0.924 -0.934 -0.937 -0.934 -0.924 -0.908 -0.888 -0.864 
-0.839 -0.816 -0.798 -0.790 -0.797 -0.821 -0.860 -0.914 -0.978 -1.050 
-1.126 -1.203 -1.280 -1.355 -1.427 -1.496 -1.561 -1.623 -1.680 -1.734 
-1.785 
-1.982 -2.031 -2.069 -2.105 -2.137 -2.165 -2.191 -2.214 -2.234 -2.252 
-2.266 -2.278 -2.288 -2.294 -2.299 -2.300 -2.300 -2.296 -2.290 -2.282 
-2.271 -2.257 -2.241 -2.222 -2.200 -2.175 -2.147 -2.116 -2.081 -2.044 
-2.002 -1.957 -1.908 -1.855 -1.797 -1.734 -1.667 -1.595 -1.517 -1.435 
-1.348 -1.258 -1.166 -1.077 -0.994 -0.925 -0.877 -0.852 -0.850 -0.862 
-0.882 -0.905 -0.933 -0.966 -1.004 -1.044 -1.080 -1.112 -1.137 -1.154 
-1.164 -1.166 -1.161 -1.147 -1.126 -1.098 -1.063 -1.021 -0.976 -0.929 
-0.887 -0.854 -0.835 -0.837 -0.862 -0.912 -0.980 -1.062 -1.151 -1.242 
-1.331 -1.418 -1.500 -1.577 -1.650 -1.718 -1.780 -1.839 -1.893 -1.943 
-1.970 
-2.047 -2.083 -2.117 -2.147 -2.174 -2.198 -2.219 -2.238 -2.253 -2.266 
-2.276 -2.284 -2.289 -2.292 -2.292 -2.289 -2.284 -2.276 -2.266 -2.253 
-2.238 -2.220 -2.199 -2.176 -2.149 -2.120 -2.087 -2.052 -2.013 -1.971 
-1.925 -1.875 -1.822 -1.765 -1.704 -1.639 -1.571 -1.499 -1.425 -1.349 
-1.274 -1.202 -1.134 -1.074 -1.025 -0.988 -0.967 -0.963 -0.979 -1.009 
-1.048 -1.088 -1.125 -1.158 -1.186 -1.206 -1.221 -1.228 -1.229 -1.223 
-1.209 -1.189 -1.162 -1.127 -1.086 -1.038 -0.985 -0.930 -0.879 -0.837 
-0.813 -0.814 -0.842 -0.894 -0.964 -1.045 -1.130 -1.217 -1.302 -1.384 
-1.463 -1.539 -1.612 -1.680 -1.745 -1.806 -1.862 -1.914 -1.962 -2.006 
-2.036 
-2.027 -2.052 -2.096 -2.136 -2.172 -2.206 -2.236 -2.263 -2.286 -2.307 
-2.325 -2.341 -2.353 -2.363 -2.370 -2.374 -2.376 -2.376 -2.372 -2.366 
-2.357 -2.346 -2.331 -2.314 -2.294 -2.271 -2.245 -2.216 -2.183 -2.147 
-2.107 -2.064 -2.016 -1.964 -1.908 -1.846 -1.780 -1.708 -1.630 -1.547 
-1.458 -1.364 -1.264 -1.161 -1.059 -0.963 -0.886 -0.842 -0.839 -0.876 
-0.938 -1.012 -1.087 -1.157 -1.219 -1.273 -1.318 -1.354 -1.382 -1.402 
-1.415 -1.420 -1.418 -1.409 -1.394 -1.371 -1.343 -1.310 -1.275 -1.243 
-1.217 -1.203 -1.200 -1.206 -1.215 -1.227 -1.242 -1.263 -1.293 -1.334 
-1.385 -1.445 -1.510 -1.578 -1.647 -1.714 -1.779 -1.841 -1.900 -1.954 
-2.008 
-2.182 -2.221 -2.258 -2.291 -2.322 -2.350 -2.374 -2.396 -2.416 -2.432 
-2.446 -2.457 -2.466 -2.472 -2.476 -2.477 -2.476 -2.472 -2.466 -2.457 
-2.446 -2.432 -2.415 -2.395 -2.373 -2.348 -2.319 -2.288 -2.253 -2.215 
-2.173 -2.126 -2.076 -2.021 -1.961 -1.896 -1.825 -1.747 -1.663 -1.570 
-1.469 -1.358 -1.239 -1.113 -0.986 -0.868 -0.774 -0.719 -0.710 -0.744 
-0.809 -0.887 -0.967 -1.042 -1.107 -1.163 -1.209 -1.246 -1.274 -1.294 
-1.306 -1.310 -1.307 -1.298 -1.282 -1.261 -1.235 -1.207 -1.179 -1.154 
-1.136 -1.130 -1.138 -1.162 -1.201 -1.252 -1.311 -1.376 -1.445 -1.515 
-1.587 -1.658 -1.729 -1.797 -1.863 -1.925 -1.983 -2.038 -2.089 -2.137 
-2.169 
-2.320 -2.371 -2.404 -2.435 -2.462 -2.487 -2.508 -2.527 -2.544 -2.557 
-2.568 -2.577 -2.583 -2.587 -2.588 -2.586 -2.582 -2.575 -2.566 -2.554 
-2.540 -2.523 -2.503 -2.480 -2.454 -2.426 -2.393 -2.358 -2.319 -2.276 
-2.229 -2.178 -2.121 -2.060 -1.993 -1.920 -1.840 -1.752 -1.656 -1.550 
-1.434 -1.308 -1.173 -1.036 -0.909 -0.810 -0.759 -0.759 -0.802 -0.874 
-0.959 -1.045 -1.124 -1.193 -1.251 -1.298 -1.336 -1.363 -1.382 -1.392 
-1.394 -1.388 -1.375 -1.355 -1.328 -1.297 -1.261 -1.226 -1.193 -1.170 
-1.162 -1.173 -1.204 -1.254 -1.318 -1.391 -1.468 -1.547 -1.624 -1.700 
-1.774 -1.846 -1.914 -1.979 -2.041 -2.099 -2.153 -2.203 -2.250 -2.294 
-2.310 
-2.258 -2.274 -2.315 -2.352 -2.386 -2.418 -2.446 -2.472 -2.494 -2.514 
-2.531 -2.546 -2.557 -2.567 -2.573 -2.577 -2.579 -2.577 -2.574 -2.567 
-2.558 -2.546 -2.532 -2.514 -2.494 -2.471 -2.444 -2.414 -2.381 -2.344 
-2.303 -2.258 -2.209 -2.154 -2.095 -2.029 -1.957 -1.878 -1.790 -1.694 
-1.589 -1.475 -1.353 -1.230 -1.112 -1.009 -0.928 -0.881 -0.877 -0.919 
-0.994 -1.085 -1.177 -1.262 -1.337 -1.402 -1.457 -1.501 -1.537 -1.564 
-1.584 -1.595 -1.600 -1.597 -1.588 -1.573 -1.552 -1.527 -1.498 -1.470 
-1.443 -1.423 -1.412 -1.412 -1.424 -1.447 -1.477 -1.513 -1.555 -1.603 
-1.657 -1.716 -1.777 -1.840 -1.902 -1.963 -2.023 -2.079 -2.132 -2.183 
-2.240 
-2.404 -2.455 -2.491 -2.524 -2.553 -2.579 -2.602 -2.623 -2.640 -2.655 
-2.667 -2.676 -2.683 -2.687 -2.688 -2.687 -2.683 -2.676 -2.667 -2.655 
-2.640 -2.622 -2.602 -2.578 -2.552 -2.521 -2.488 -2.451 -2.410 -2.365 
-2.315 -2.261 -2.201 -2.136 -2.065 -1.986 -1.900 -1.806 -1.702 -1.589 
-1.468 -1.344 -1.226 -1.131 -1.076 -1.066 -1.091 -1.134 -1.189 -1.256 
-1.331 -1.405 -1.472 -1.530 -1.579 -1.618 -1.649 -1.672 -1.687 -1.695 
-1.695 -1.688 -1.674 -1.653 -1.625 -1.590 -1.547 -1.498 -1.443 -1.384 
-1.326 -1.276 -1.246 -1.245 -1.280 -1.344 -1.428 -1.521 -1.615 -1.706 
-1.794 -1.876 -1.954 -2.028 -2.096 -2.160 -2.219 -2.274 -2.325 -2.372 
-2.392 
-2.372 -2.413 -2.447 -2.477 -2.505 -2.530 -2.552 -2.571 -2.587 -2.601 
-2.613 -2.621 -2.628 -2.631 -2.633 -2.632 -2.628 -2.622 -2.613 -2.602 
-2.589 -2.572 -2.553 -2.532 -2.507 -2.480 -2.450 -2.416 -2.380 -2.340 
-2.296 -2.249 -2.198 -2.143 -2.084 -2.021 -1.953 -1.880 -1.802 -1.721 
-1.635 -1.547 -1.461 -1.383 -1.322 -1.281 -1.256 -1.244 -1.252 -1.283 
-1.329 -1.379 -1.426 -1.467 -1.503 -1.532 -1.555 -1.573 -1.584 -1.590 
-1.590 -1.586 -1.576 -1.563 -1.545 -1.525 -1.503 -1.481 -1.461 -1.444 
-1.433 -1.430 -1.438 -1.461 -1.501 -1.554 -1.614 -1.677 -1.740 -1.800 
-1.860 -1.919 -1.978 -2.035 -2.091 -2.146 -2.198 -2.247 -2.293 -2.336 
-2.362 
-2.261 -2.279 -2.325 -2.369 -2.409 -2.445 -2.479 -2.509 -2.536 -2.560 
-2.581 -2.599 -2.615 -2.628 -2.637 -2.645 -2.649 -2.651 -2.650 -2.646 
-2.640 -2.631 -2.619 -2.604 -2.586 -2.565 -2.541 -2.514 -2.483 -2.449 
-2.411 -2.369 -2.322 -2.271 -2.215 -2.153 -2.085 -2.010 -1.927 -1.835 
-1.733 -1.619 -1.492 -1.357 -1.230 -1.133 -1.062 -1.010 -0.998 -1.039 
-1.120 -1.221 -1.322 -1.415 -1.496 -1.565 -1.623 -1.671 -1.710 -1.741 
-1.764 -1.780 -1.789 -1.792 -1.789 -1.781 -1.767 -1.750 -1.728 -1.704 
-1.679 -1.654 -1.633 -1.620 -1.616 -1.620 -1.628 -1.638 -1.650 -1.669 
-1.695 -1.730 -1.774 -1.825 -1.882 -1.941 -2.002 -2.062 -2.120 -2.176 
-2.239 
-2.457 -2.512 -2.551 -2.586 -2.618 -2.646 -2.672 -2.694 -2.713 -2.730 
-2.744 -2.754 -2.763 -2.768 -2.771 -2.771 -2.768 -2.763 -2.755 -2.744 
-2.730 -2.713 -2.694 -2.671 -2.645 -2.616 -2.584 -2.547 -2.507 -2.462 
-2.413 -2.359 -2.300 -2.234 -2.162 -2.082 -1.994 -1.895 -1.784 -1.660 
-1.519 -1.362 -1.192 -1.030 -0.915 -0.884 -0.935 -1.027 -1.126 -1.225 
-1.323 -1.414 -1.494 -1.562 -1.619 -1.665 -1.702 -1.729 -1.749 -1.760 
-1.764 -1.760 -1.750 -1.732 -1.708 -1.677 -1.640 -1.597 -1.549 -1.498 
-1.447 -1.401 -1.370 -1.362 -1.385 -1.437 -1.510 -1.594 -1.681 -1.766 
-1.847 -1.925 -1.999 -2.069 -2.137 -2.202 -2.263 -2.320 -2.374 -2.424 
-2.445 
-2.524 -2.558 -2.586 -2.612 -2.635 -2.655 -2.673 -2.688 -2.701 -2.711 
-2.719 -2.725 -2.728 -2.729 -2.728 -2.725 -2.719 -2.710 -2.699 -2.686 
-2.671 -2.652 -2.632 -2.608 -2.582 -2.554 -2.522 -2.487 -2.449 -2.408 
-2.364 -2.316 -2.264 -2.208 -2.148 -2.083 -2.013 -1.938 -1.857 -1.770 
-1.675 -1.573 -1.463 -1.352 -1.258 -1.209 -1.205 -1.223 -1.251 -1.287 
-1.329 -1.373 -1.416 -1.456 -1.491 -1.520 -1.543 -1.560 -1.571 -1.577 
-1.577 -1.572 -1.563 -1.549 -1.533 -1.516 -1.499 -1.484 -1.474 -1.470 
-1.475 -1.489 -1.514 -1.552 -1.603 -1.666 -1.738 -1.814 -1.889 -1.963 
-2.033 -2.099 -2.161 -2.220 -2.274 -2.325 -2.372 -2.416 -2.456 -2.493 
-2.514 
-2.463 -2.465 -2.488 -2.509 -2.527 -2.543 -2.557 -2.569 -2.578 -2.586 
-2.591 -2.594 -2.595 -2.593 -2.590 -2.584 -2.577 -2.567 -2.555 -2.541 
-2.524 -2.505 -2.484 -2.461 -2.435 -2.407 -2.377 -2.344 -2.309 -2.271 
-2.231 -2.188 -2.143 -2.096 -2.046 -1.995 -1.942 -1.886 -1.829 -1.769 
-1.705 -1.636 -1.559 -1.487 -1.448 -1.453 -1.475 -1.496 -1.516 -1.538 
-1.560 -1.582 -1.602 -1.620 -1.636 -1.648 -1.658 -1.664 -1.668 -1.669 
-1.668 -1.664 -1.659 -1.652 -1.645 -1.638 -1.632 -1.628 -1.625 -1.624 
-1.624 -1.622 -1.616 -1.611 -1.629 -1.683 -1.761 -1.840 -1.913 -1.979 
-2.038 -2.093 -2.144 -2.191 -2.235 -2.276 -2.314 -2.349 -2.382 -2.412 
-2.454 
-2.685 -2.735 -2.770 -2.801 -2.829 -2.853 -2.874 -2.892 -2.908 -2.921 
-2.930 -2.938 -2.942 -2.944 -2.944 -2.941 -2.935 -2.927 -2.916 -2.902 
-2.886 -2.866 -2.844 -2.819 -2.791 -2.760 -2.726 -2.687 -2.645 -2.600 
-2.549 -2.494 -2.433 -2.367 -2.293 -2.212 -2.121 -2.017 -1.900 -1.764 
-1.607 -1.432 -1.257 -1.135 -1.112 -1.185 -1.314 -1.453 -1.578 -1.682 
-1.767 -1.837 -1.893 -1.939 -1.975 -2.003 -2.024 -2.039 -2.047 -2.049 
-2.046 -2.037 -2.022 -2.001 -1.973 -1.938 -1.895 -1.841 -1.775 -1.694 
-1.597 -1.487 -1.376 -1.292 -1.271 -1.330 -1.449 -1.593 -1.737 -1.871 
-1.992 -2.101 -2.198 -2.285 -2.363 -2.434 -2.497 -2.555 -2.607 -2.654 
-2.673 
-2.854 -2.885 -2.926 -2.963 -2.996 -3.026 -3.052 -3.074 -3.094 -3.110 
-3.123 -3.133 -3.140 -3.145 -3.146 -3.144 -3.140 -3.133 -3.122 -3.109 
-3.092 -3.072 -3.049 -3.023 -2.992 -2.958 -2.920 -2.878 -2.830 -2.778 
-2.720 -2.655 -2.584 -2.504 -2.415 -2.314 -2.201 -2.072 -1.924 -1.755 
-1.563 -1.362 -1.198 -1.134 -1.199 -1.350 -1.523 -1.682 -1.818 -1.931 
-2.026 -2.105 -2.171 -2.226 -2.270 -2.305 -2.332 -2.352 -2.364 -2.369 
-2.367 -2.358 -2.341 -2.318 -2.286 -2.246 -2.197 -2.136 -2.064 -1.978 
-1.879 -1.772 -1.676 -1.619 -1.609 -1.638 -1.695 -1.770 -1.861 -1.963 
-2.070 -2.175 -2.275 -2.369 -2.455 -2.535 -2.608 -2.674 -2.735 -2.790 
-2.837 
-3.011 -3.058 -3.092 -3.122 -3.148 -3.171 -3.191 -3.207 -3.221 -3.231 
-3.238 -3.243 -3.244 -3.243 -3.239 -3.232 -3.222 -3.209 -3.193 -3.173 
-3.151 -3.125 -3.096 -3.063 -3.026 -2.984 -2.939 -2.888 -2.833 -2.771 
-2.704 -2.630 -2.549 -2.459 -2.362 -2.257 -2.145 -2.024 -1.895 -1.757 
-1.615 -1.494 -1.423 -1.437 -1.540 -1.681 -1.817 -1.936 -2.036 -2.121 
-2.190 -2.248 -2.294 -2.331 -2.359 -2.378 -2.390 -2.394 -2.390 -2.379 
-2.359 -2.332 -2.295 -2.249 -2.191 -2.122 -2.038 -1.937 -1.819 -1.686 
-1.550 -1.438 -1.386 -1.421 -1.535 -1.687 -1.839 -1.980 -2.109 -2.229 
-2.339 -2.441 -2.533 -2.617 -2.693 -2.762 -2.825 -2.881 -2.933 -2.979 
-3.000 
-2.996 -3.020 -3.048 -3.073 -3.094 -3.111 -3.126 -3.138 -3.146 -3.152 
-3.154 -3.154 -3.151 -3.145 -3.136 -3.123 -3.108 -3.090 -3.068 -3.043 
-3.015 -2.983 -2.947 -2.907 -2.863 -2.815 -2.761 -2.702 -2.638 -2.568 
-2.492 -2.409 -2.320 -2.227 -2.131 -2.036 -1.951 -1.882 -1.836 -1.813 
-1.805 -1.805 -1.819 -1.854 -1.891 -1.913 -1.933 -1.978 -2.046 -2.119 
-2.184 -2.238 -2.279 -2.310 -2.331 -2.343 -2.346 -2.341 -2.328 -2.307 
-2.277 -2.238 -2.190 -2.130 -2.058 -1.973 -1.871 -1.752 -1.620 -1.486 
-1.379 -1.338 -1.374 -1.469 -1.594 -1.733 -1.879 -2.022 -2.155 -2.274 
-2.379 -2.474 -2.558 -2.634 -2.701 -2.763 -2.818 -2.867 -2.912 -2.952 
-2.986 
-2.972 -3.003 -3.041 -3.074 -3.104 -3.130 -3.153 -3.172 -3.189 -3.202 
-3.212 -3.219 -3.224 -3.225 -3.224 -3.219 -3.212 -3.201 -3.188 -3.172 
-3.152 -3.129 -3.102 -3.072 -3.038 -3.000 -2.958 -2.912 -2.860 -2.804 
-2.743 -2.676 -2.605 -2.529 -2.451 -2.373 -2.298 -2.232 -2.176 -2.127 
-2.075 -2.009 -1.919 -1.806 -1.682 -1.576 -1.520 -1.536 -1.609 -1.712 
-1.818 -1.915 -1.998 -2.067 -2.122 -2.166 -2.198 -2.220 -2.232 -2.235 
-2.229 -2.213 -2.187 -2.152 -2.106 -2.049 -1.981 -1.903 -1.819 -1.730 
-1.646 -1.577 -1.523 -1.478 -1.465 -1.515 -1.625 -1.770 -1.923 -2.067 
-2.198 -2.316 -2.421 -2.515 -2.600 -2.677 -2.746 -2.808 -2.864 -2.916 
-2.955 
-2.965 -2.991 -3.016 -3.037 -3.055 -3.070 -3.082 -3.092 -3.098 -3.101 
-3.102 -3.100 -3.095 -3.087 -3.077 -3.063 -3.047 -3.027 -3.005 -2.979 
-2.950 -2.917 -2.881 -2.842 -2.798 -2.751 -2.699 -2.643 -2.582 -2.518 
-2.449 -2.377 -2.302 -2.228 -2.155 -2.089 -2.034 -1.994 -1.971 -1.964 
-1.969 -1.979 -1.985 -1.982 -1.965 -1.941 -1.930 -1.954 -2.004 -2.062 
-2.115 -2.157 -2.190 -2.213 -2.227 -2.233 -2.231 -2.221 -2.204 -2.178 
-2.144 -2.102 -2.051 -1.991 -1.922 -1.847 -1.768 -1.695 -1.639 -1.614 
-1.624 -1.665 -1.718 -1.770 -1.826 -1.907 -2.013 -2.128 -2.239 -2.339 
-2.430 -2.511 -2.584 -2.650 -2.710 -2.763 -2.812 -2.856 -2.896 -2.931 
-2.957 
-2.934 -2.961 -2.992 -3.020 -3.045 -3.067 -3.086 -3.102 -3.116 -3.127 
-3.135 -3.140 -3.143 -3.144 -3.142 -3.137 -3.129 -3.119 -3.107 -3.091 
-3.073 -3.051 -3.027 -3.000 -2.969 -2.935 -2.898 -2.856 -2.811 -2.763 
-2.710 -2.653 -2.593 -2.530 -2.464 -2.398 -2.334 -2.272 -2.214 -2.158 
-2.104 -2.053 -2.004 -1.962 -1.931 -1.913 -1.910 -1.921 -1.943 -1.973 
-2.006 -2.040 -2.072 -2.100 -2.123 -2.142 -2.154 -2.161 -2.162 -2.157 
-2.145 -2.127 -2.102 -2.070 -2.032 -1.988 -1.939 -1.889 -1.843 -1.808 
-1.791 -1.792 -1.811 -1.848 -1.901 -1.968 -2.045 -2.127 -2.210 -2.292 
-2.371 -2.446 -2.516 -2.583 -2.644 -2.701 -2.754 -2.803 -2.848 -2.889 
-2.921 
-2.924 -2.947 -2.979 -3.008 -3.034 -3.057 -3.077 -3.094 -3.108 -3.120 
-3.129 -3.135 -3.139 -3.140 -3.138 -3.134 -3.127 -3.118 -3.106 -3.091 
-3.073 -3.053 -3.029 -3.003 -2.974 -2.941 -2.905 -2.866 -2.823 -2.777 
-2.727 -2.673 -2.615 -2.553 -2.488 -2.419 -2.348 -2.276 -2.205 -2.136 
-2.074 -2.019 -1.973 -1.938 -1.915 -1.913 -1.936 -1.978 -2.027 -2.077 
-2.123 -2.164 -2.200 -2.230 -2.255 -2.274 -2.287 -2.295 -2.297 -2.294 
-2.285 -2.271 -2.251 -2.226 -2.195 -2.160 -2.121 -2.079 -2.035 -1.993 
-1.956 -1.928 -1.914 -1.916 -1.935 -1.972 -2.025 -2.092 -2.169 -2.250 
-2.331 -2.408 -2.482 -2.551 -2.616 -2.676 -2.731 -2.782 -2.829 -2.872 
-2.911 
-2.971 -3.020 -3.061 -3.097 -3.131 -3.160 -3.186 -3.210 -3.230 -3.247 
-3.261 -3.272 -3.281 -3.286 -3.289 -3.289 -3.287 -3.282 -3.274 -3.263 
-3.250 -3.233 -3.214 -3.192 -3.166 -3.137 -3.105 -3.069 -3.030 -2.987 
-2.939 -2.887 -2.831 -2.769 -2.702 -2.629 -2.550 -2.465 -2.373 -2.274 
-2.167 -2.052 -1.934 -1.821 -1.733 -1.694 -1.713 -1.779 -1.868 -1.962 
-2.049 -2.127 -2.193 -2.250 -2.297 -2.336 -2.366 -2.389 -2.405 -2.413 
-2.415 -2.411 -2.400 -2.382 -2.358 -2.327 -2.289 -2.245 -2.194 -2.138 
-2.078 -2.016 -1.957 -1.906 -1.873 -1.865 -1.890 -1.948 -2.031 -2.128 
-2.231 -2.332 -2.429 -2.519 -2.602 -2.678 -2.749 -2.813 -2.872 -2.926 
-2.956 
-2.896 -2.923 -2.959 -2.993 -3.023 -3.050 -3.074 -3.095 -3.113 -3.129 
-3.142 -3.153 -3.160 -3.166 -3.169 -3.169 -3.167 -3.162 -3.155 -3.146 
-3.133 -3.118 -3.101 -3.081 -3.058 -3.032 -3.003 -2.971 -2.936 -2.897 
-2.855 -2.809 -2.760 -2.706 -2.648 -2.586 -2.520 -2.449 -2.374 -2.296 
-2.215 -2.134 -2.054 -1.982 -1.924 -1.891 -1.888 -1.909 -1.942 -1.980 
-2.018 -2.054 -2.086 -2.115 -2.140 -2.161 -2.177 -2.190 -2.198 -2.201 
-2.201 -2.195 -2.184 -2.168 -2.147 -2.120 -2.086 -2.046 -2.001 -1.950 
-1.897 -1.846 -1.805 -1.781 -1.782 -1.811 -1.868 -1.945 -2.035 -2.129 
-2.223 -2.313 -2.398 -2.477 -2.550 -2.618 -2.680 -2.737 -2.790 -2.838 
-2.880 
-2.908 -2.923 -2.950 -2.975 -2.998 -3.018 -3.037 -3.053 -3.067 -3.079 
-3.089 -3.097 -3.103 -3.107 -3.109 -3.109 -3.107 -3.102 -3.096 -3.088 
-3.077 -3.064 -3.050 -3.033 -3.013 -2.992 -2.968 -2.941 -2.912 -2.881 
-2.846 -2.809 -2.770 -2.727 -2.681 -2.632 -2.580 -2.526 -2.469 -2.410 
-2.350 -2.291 -2.235 -2.183 -2.139 -2.101 -2.072 -2.047 -2.028 -2.011 
-1.998 -1.987 -1.979 -1.973 -1.970 -1.969 -1.969 -1.971 -1.971 -1.972 
-1.971 -1.968 -1.963 -1.956 -1.947 -1.938 -1.933 -1.935 -1.949 -1.971 
-1.998 -2.026 -2.052 -2.081 -2.117 -2.163 -2.217 -2.277 -2.339 -2.400 
-2.458 -2.514 -2.567 -2.618 -2.665 -2.709 -2.751 -2.790 -2.827 -2.861 
-2.898 
-3.055 -3.102 -3.127 -3.149 -3.168 -3.185 -3.200 -3.213 -3.223 -3.230 
-3.236 -3.239 -3.240 -3.238 -3.234 -3.228 -3.220 -3.209 -3.195 -3.180 
-3.161 -3.141 -3.117 -3.091 -3.062 -3.030 -2.995 -2.957 -2.916 -2.871 
-2.823 -2.771 -2.715 -2.656 -2.593 -2.526 -2.456 -2.383 -2.309 -2.234 
-2.162 -2.095 -2.037 -1.991 -1.957 -1.937 -1.929 -1.929 -1.936 -1.947 
-1.960 -1.972 -1.983 -1.992 -1.998 -1.999 -1.995 -1.986 -1.971 -1.949 
-1.919 -1.883 -1.839 -1.791 -1.740 -1.695 -1.664 -1.659 -1.686 -1.744 
-1.824 -1.917 -2.013 -2.108 -2.198 -2.283 -2.364 -2.439 -2.510 -2.576 
-2.639 -2.697 -2.752 -2.804 -2.852 -2.896 -2.938 -2.976 -3.012 -3.045 
-3.048 
-2.972 -2.993 -3.024 -3.053 -3.078 -3.101 -3.122 -3.140 -3.156 -3.169 
-3.180 -3.188 -3.194 -3.198 -3.199 -3.199 -3.196 -3.190 -3.182 -3.172 
-3.160 -3.145 -3.128 -3.108 -3.085 -3.060 -3.032 -3.002 -2.968 -2.931 
-2.892 -2.849 -2.803 -2.753 -2.700 -2.643 -2.583 -2.519 -2.453 -2.383 
-2.313 -2.242 -2.172 -2.106 -2.044 -1.990 -1.944 -1.910 -1.889 -1.882 
-1.886 -1.899 -1.918 -1.940 -1.962 -1.982 -2.000 -2.014 -2.024 -2.029 
-2.029 -2.024 -2.014 -1.999 -1.982 -1.963 -1.949 -1.945 -1.953 -1.974 
-2.004 -2.040 -2.079 -2.122 -2.168 -2.217 -2.267 -2.319 -2.372 -2.427 
-2.482 -2.537 -2.592 -2.646 -2.698 -2.749 -2.796 -2.841 -2.884 -2.923 
-2.960 
-2.958 -2.986 -3.029 -3.069 -3.105 -3.138 -3.168 -3.195 -3.220 -3.241 
-3.260 -3.276 -3.289 -3.300 -3.308 -3.313 -3.317 -3.317 -3.315 -3.310 
-3.303 -3.294 -3.281 -3.266 -3.249 -3.228 -3.205 -3.179 -3.149 -3.117 
-3.081 -3.042 -2.999 -2.952 -2.901 -2.847 -2.787 -2.724 -2.656 -2.583 
-2.506 -2.425 -2.341 -2.257 -2.176 -2.102 -2.040 -1.996 -1.975 -1.978 
-2.000 -2.037 -2.081 -2.128 -2.174 -2.216 -2.253 -2.285 -2.311 -2.332 
-2.347 -2.356 -2.360 -2.358 -2.352 -2.341 -2.327 -2.309 -2.289 -2.270 
-2.252 -2.240 -2.235 -2.236 -2.243 -2.253 -2.267 -2.284 -2.309 -2.341 
-2.382 -2.431 -2.485 -2.544 -2.605 -2.666 -2.726 -2.784 -2.839 -2.891 
-2.939 
-3.056 -3.102 -3.139 -3.172 -3.203 -3.230 -3.254 -3.276 -3.295 -3.310 
-3.324 -3.334 -3.342 -3.348 -3.351 -3.351 -3.349 -3.344 -3.337 -3.328 
-3.315 -3.300 -3.283 -3.262 -3.239 -3.213 -3.184 -3.151 -3.116 -3.077 
-3.035 -2.988 -2.938 -2.884 -2.826 -2.763 -2.696 -2.624 -2.548 -2.468 
-2.385 -2.301 -2.218 -2.141 -2.074 -2.023 -1.990 -1.979 -1.986 -2.009 
-2.042 -2.082 -2.122 -2.161 -2.195 -2.224 -2.248 -2.265 -2.276 -2.280 
-2.278 -2.269 -2.253 -2.231 -2.202 -2.167 -2.128 -2.085 -2.042 -2.003 
-1.973 -1.960 -1.967 -1.996 -2.042 -2.102 -2.169 -2.240 -2.313 -2.388 
-2.462 -2.536 -2.608 -2.677 -2.743 -2.806 -2.864 -2.919 -2.971 -3.018 
-3.044 
-3.081 -3.102 -3.144 -3.183 -3.218 -3.249 -3.277 -3.303 -3.325 -3.344 
-3.360 -3.373 -3.384 -3.392 -3.397 -3.400 -3.400 -3.397 -3.392 -3.384 
-3.373 -3.359 -3.343 -3.324 -3.301 -3.276 -3.248 -3.216 -3.181 -3.142 
-3.100 -3.053 -3.003 -2.947 -2.888 -2.823 -2.754 -2.679 -2.599 -2.515 
-2.427 -2.339 -2.253 -2.176 -2.117 -2.084 -2.079 -2.098 -2.133 -2.180 
-2.231 -2.283 -2.333 -2.378 -2.418 -2.452 -2.481 -2.503 -2.520 -2.530 
-2.534 -2.532 -2.525 -2.511 -2.491 -2.466 -2.434 -2.398 -2.358 -2.315 
-2.272 -2.231 -2.192 -2.156 -2.119 -2.080 -2.057 -2.089 -2.169 -2.260 
-2.350 -2.438 -2.524 -2.607 -2.685 -2.759 -2.827 -2.891 -2.951 -3.005 
-3.062 
-3.218 -3.296 -3.341 -3.381 -3.418 -3.450 -3.480 -3.505 -3.528 -3.548 
-3.564 -3.578 -3.589 -3.597 -3.602 -3.605 -3.605 -3.602 -3.596 -3.588 
-3.577 -3.563 -3.546 -3.526 -3.503 -3.477 -3.448 -3.415 -3.378 -3.338 
-3.294 -3.245 -3.192 -3.134 -3.070 -3.000 -2.924 -2.841 -2.749 -2.650 
-2.543 -2.430 -2.317 -2.219 -2.152 -2.134 -2.163 -2.225 -2.301 -2.378 
-2.450 -2.516 -2.574 -2.625 -2.668 -2.705 -2.735 -2.758 -2.775 -2.786 
-2.791 -2.790 -2.783 -2.770 -2.751 -2.725 -2.692 -2.652 -2.603 -2.545 
-2.476 -2.394 -2.293 -2.171 -2.026 -1.881 -1.794 -1.829 -1.971 -2.154 
-2.329 -2.481 -2.612 -2.726 -2.826 -2.916 -2.996 -3.068 -3.134 -3.193 
-3.205 
-3.063 -3.066 -3.103 -3.137 -3.167 -3.195 -3.220 -3.242 -3.261 -3.278 
-3.292 -3.303 -3.312 -3.319 -3.323 -3.324 -3.323 -3.320 -3.314 -3.305 
-3.294 -3.280 -3.264 -3.245 -3.224 -3.199 -3.172 -3.142 -3.108 -3.072 
-3.033 -2.990 -2.944 -2.894 -2.841 -2.784 -2.724 -2.661 -2.595 -2.527 
-2.457 -2.388 -2.321 -2.261 -2.215 -2.191 -2.189 -2.203 -2.226 -2.255 
-2.286 -2.319 -2.351 -2.381 -2.409 -2.433 -2.454 -2.470 -2.482 -2.489 
-2.492 -2.491 -2.485 -2.475 -2.460 -2.441 -2.419 -2.393 -2.364 -2.333 
-2.302 -2.270 -2.238 -2.205 -2.167 -2.122 -2.090 -2.129 -2.225 -2.327 
-2.418 -2.500 -2.575 -2.646 -2.711 -2.773 -2.831 -2.885 -2.936 -2.983 
-3.039 
