IRGRID 64 91
1e+308

0.025 0.03 0.035 0.04 0.045 0.05 0.055 0.06 0.065 0.07
0.075 0.08 0.085 0.09 0.095 0.1 0.11 0.12 0.13 0.14
0.15 0.16 0.17 0.18 0.19 0.2 0.21 0.22 0.23 0.24
0.25 0.26 0.27 0.28 0.29 0.3 0.31 0.32 0.33 0.34
0.35 0.36 0.37 0.38 0.39 0.4 0.41 0.42 0.43 0.44
0.45 0.46 0.47 0.48 0.49 0.5 0.51 0.52 0.53 0.54
0.55 0.56 0.57 0.58
0 4 8 12 16 20 24 28 32 36
40 44 48 52 56 60 64 68 72 76
80 84 88 92 96 100 104 108 112 116
120 124 128 132 136 140 144 148 152 156
160 164 168 172 176 180 184 188 192 196
200 204 208 212 216 220 224 228 232 236
240 244 248 252 256 260 264 268 272 276
280 284 288 292 296 300 304 308 312 316
320 324 328 332 336 340 344 348 352 356
360
-4.000 -4.000 -4.000 -4.000 -4.000 -4.000 -4.000 -4.000 -3.967 -3.948 
-3.945 -3.958 -3.987 -4.000 -4.000 -4.000 -4.000 -4.000 -4.000 -4.000 
-4.000 -4.000 -4.000 -4.000 -4.000 -4.000 -4.000 -4.000 -4.000 -4.000 
-4.000 -4.000 -4.000 -4.000 -4.000 -4.000 -4.000 -4.000 -4.000 -4.000 
-4.000 -4.000 -4.000 -4.000 -4.000 -4.000 -4.000 -4.000 -4.000 -4.000 
-4.000 -4.000 -3.917 -3.802 -3.678 -3.552 -3.437 -3.359 -3.342 -3.397 
-3.499 -3.621 -3.742 -3.856 -3.958 -4.000 -4.000 -4.000 -4.000 -4.000 
-4.000 -4.000 -4.000 -4.000 -4.000 -4.000 -4.000 -4.000 -4.000 -4.000 
-4.000 -4.000 -4.000 -4.000 -4.000 -4.000 -4.000 -4.000 -4.000 -4.000 
-4.000 
-3.889 -3.898 -3.863 -3.826 -3.786 -3.745 -3.704 -3.665 -3.629 -3.600 
-3.579 -3.567 -3.566 -3.574 -3.589 -3.610 -3.636 -3.665 -3.697 -3.730 
-3.764 -3.799 -3.833 -3.866 -3.897 -3.927 -3.954 -3.979 -4.000 -4.000 
-4.000 -4.000 -4.000 -4.000 -4.000 -4.000 -4.000 -4.000 -4.000 -4.000 
-4.000 -4.000 -3.977 -3.948 -3.914 -3.875 -3.831 -3.781 -3.724 -3.661 
-3.589 -3.509 -3.420 -3.320 -3.210 -3.095 -2.985 -2.903 -2.873 -2.904 
-2.978 -3.075 -3.178 -3.279 -3.374 -3.462 -3.542 -3.615 -3.680 -3.739 
-3.792 -3.839 -3.881 -3.917 -3.949 -3.976 -3.999 -4.000 -4.000 -4.000 
-4.000 -4.000 -4.000 -4.000 -4.000 -4.000 -4.000 -4.000 -3.982 -3.957 
-3.897 
-3.221 -3.258 -3.251 -3.243 -3.234 -3.223 -3.210 -3.195 -3.179 -3.162 
-3.145 -3.129 -3.116 -3.106 -3.100 -3.099 -3.104 -3.114 -3.129 -3.148 
-3.171 -3.196 -3.223 -3.249 -3.276 -3.301 -3.325 -3.347 -3.367 -3.384 
-3.399 -3.410 -3.419 -3.425 -3.428 -3.428 -3.425 -3.418 -3.409 -3.395 
-3.379 -3.358 -3.334 -3.306 -3.274 -3.237 -3.196 -3.150 -3.099 -3.041 
-2.978 -2.909 -2.834 -2.752 -2.664 -2.573 -2.482 -2.396 -2.327 -2.284 
-2.279 -2.316 -2.386 -2.472 -2.563 -2.651 -2.733 -2.808 -2.875 -2.936 
-2.990 -3.038 -3.081 -3.118 -3.151 -3.179 -3.203 -3.223 -3.239 -3.253 
-3.263 -3.271 -3.276 -3.279 -3.281 -3.280 -3.279 -3.276 -3.273 -3.269 
-3.225 
-2.713 -2.726 -2.744 -2.764 -2.787 -2.812 -2.837 -2.864 -2.891 -2.918 
-2.945 -2.971 -2.996 -3.020 -3.044 -3.066 -3.089 -3.110 -3.131 -3.151 
-3.171 -3.188 -3.205 -3.220 -3.233 -3.243 -3.252 -3.258 -3.263 -3.264 
-3.264 -3.261 -3.255 -3.247 -3.236 -3.223 -3.207 -3.188 -3.166 -3.141 
-3.113 -3.081 -3.047 -3.008 -2.965 -2.919 -2.868 -2.812 -2.750 -2.684 
-2.611 -2.531 -2.445 -2.351 -2.250 -2.143 -2.032 -1.923 -1.827 -1.759 
-1.735 -1.760 -1.824 -1.910 -2.003 -2.093 -2.176 -2.251 -2.317 -2.374 
-2.425 -2.469 -2.506 -2.538 -2.565 -2.588 -2.607 -2.622 -2.633 -2.642 
-2.649 -2.654 -2.658 -2.661 -2.664 -2.667 -2.672 -2.678 -2.686 -2.697 
-2.709 
-2.492 -2.505 -2.528 -2.553 -2.578 -2.602 -2.626 -2.648 -2.669 -2.687 
-2.704 -2.719 -2.734 -2.747 -2.761 -2.776 -2.791 -2.807 -2.824 -2.842 
-2.861 -2.880 -2.899 -2.916 -2.933 -2.948 -2.961 -2.972 -2.981 -2.988 
-2.992 -2.994 -2.993 -2.989 -2.982 -2.972 -2.959 -2.944 -2.925 -2.903 
-2.877 -2.848 -2.816 -2.779 -2.739 -2.694 -2.645 -2.592 -2.533 -2.470 
-2.402 -2.328 -2.251 -2.169 -2.087 -2.005 -1.929 -1.862 -1.809 -1.772 
-1.752 -1.744 -1.743 -1.753 -1.784 -1.843 -1.918 -1.995 -2.067 -2.130 
-2.184 -2.230 -2.268 -2.300 -2.326 -2.347 -2.363 -2.376 -2.385 -2.392 
-2.396 -2.400 -2.402 -2.405 -2.409 -2.415 -2.423 -2.433 -2.447 -2.464 
-2.483 
-2.410 -2.407 -2.404 -2.398 -2.391 -2.381 -2.370 -2.357 -2.343 -2.330 
-2.316 -2.305 -2.295 -2.288 -2.284 -2.285 -2.289 -2.298 -2.310 -2.326 
-2.344 -2.365 -2.386 -2.408 -2.430 -2.450 -2.470 -2.487 -2.503 -2.516 
-2.526 -2.533 -2.537 -2.538 -2.536 -2.529 -2.520 -2.506 -2.488 -2.467 
-2.441 -2.411 -2.377 -2.339 -2.296 -2.248 -2.196 -2.140 -2.080 -2.015 
-1.947 -1.875 -1.800 -1.723 -1.644 -1.564 -1.485 -1.408 -1.335 -1.267 
-1.207 -1.157 -1.120 -1.109 -1.133 -1.197 -1.289 -1.393 -1.499 -1.601 
-1.696 -1.783 -1.863 -1.935 -2.001 -2.060 -2.113 -2.160 -2.202 -2.239 
-2.271 -2.299 -2.323 -2.344 -2.361 -2.375 -2.387 -2.395 -2.402 -2.406 
-2.413 
-2.156 -2.246 -2.284 -2.318 -2.348 -2.375 -2.399 -2.419 -2.436 -2.451 
-2.462 -2.472 -2.480 -2.486 -2.492 -2.497 -2.501 -2.505 -2.508 -2.510 
-2.511 -2.510 -2.508 -2.503 -2.497 -2.487 -2.476 -2.461 -2.444 -2.424 
-2.402 -2.376 -2.348 -2.317 -2.283 -2.246 -2.206 -2.163 -2.117 -2.068 
-2.016 -1.961 -1.902 -1.841 -1.776 -1.708 -1.637 -1.563 -1.486 -1.407 
-1.325 -1.240 -1.153 -1.064 -0.972 -0.877 -0.774 -0.657 -0.519 -0.416 
-0.448 -0.523 -0.586 -0.649 -0.723 -0.808 -0.900 -0.995 -1.090 -1.181 
-1.268 -1.349 -1.424 -1.492 -1.553 -1.607 -1.655 -1.697 -1.734 -1.768 
-1.799 -1.830 -1.863 -1.899 -1.938 -1.980 -2.025 -2.071 -2.118 -2.163 
-2.151 
-1.659 -1.702 -1.756 -1.809 -1.859 -1.906 -1.950 -1.992 -2.031 -2.067 
-2.101 -2.132 -2.160 -2.186 -2.209 -2.230 -2.248 -2.264 -2.278 -2.289 
-2.298 -2.305 -2.310 -2.312 -2.312 -2.310 -2.305 -2.298 -2.289 -2.277 
-2.263 -2.247 -2.228 -2.207 -2.182 -2.156 -2.126 -2.093 -2.057 -2.018 
-1.976 -1.929 -1.879 -1.825 -1.767 -1.704 -1.635 -1.561 -1.480 -1.392 
-1.295 -1.189 -1.070 -0.936 -0.783 -0.605 -0.397 -0.162 0.054 0.151 
0.064 -0.124 -0.316 -0.476 -0.607 -0.715 -0.806 -0.884 -0.949 -1.005 
-1.051 -1.089 -1.121 -1.145 -1.165 -1.180 -1.191 -1.200 -1.208 -1.217 
-1.228 -1.244 -1.266 -1.295 -1.331 -1.374 -1.423 -1.476 -1.532 -1.589 
-1.637 
-1.414 -1.441 -1.475 -1.508 -1.538 -1.568 -1.595 -1.620 -1.644 -1.666 
-1.686 -1.704 -1.720 -1.734 -1.747 -1.758 -1.767 -1.774 -1.779 -1.783 
-1.784 -1.784 -1.783 -1.779 -1.774 -1.767 -1.759 -1.749 -1.737 -1.723 
-1.707 -1.690 -1.671 -1.650 -1.627 -1.601 -1.574 -1.544 -1.512 -1.477 
-1.440 -1.399 -1.355 -1.307 -1.255 -1.198 -1.136 -1.069 -0.994 -0.912 
-0.820 -0.718 -0.602 -0.470 -0.319 -0.146 0.046 0.237 0.377 0.412 
0.329 0.197 0.081 -0.002 -0.070 -0.151 -0.246 -0.345 -0.437 -0.520 
-0.592 -0.656 -0.712 -0.763 -0.808 -0.850 -0.889 -0.926 -0.962 -0.997 
-1.032 -1.068 -1.103 -1.140 -1.177 -1.216 -1.254 -1.293 -1.331 -1.369 
-1.402 
-1.255 -1.273 -1.285 -1.296 -1.305 -1.313 -1.321 -1.329 -1.338 -1.346 
-1.355 -1.364 -1.374 -1.382 -1.391 -1.398 -1.404 -1.409 -1.413 -1.415 
-1.415 -1.414 -1.411 -1.406 -1.401 -1.393 -1.385 -1.374 -1.363 -1.350 
-1.336 -1.321 -1.305 -1.287 -1.268 -1.248 -1.227 -1.204 -1.180 -1.155 
-1.127 -1.099 -1.068 -1.035 -1.000 -0.963 -0.922 -0.878 -0.831 -0.779 
-0.721 -0.657 -0.585 -0.502 -0.405 -0.287 -0.140 0.054 0.296 0.356 
0.241 0.226 0.273 0.324 0.335 0.290 0.196 0.075 -0.052 -0.174 
-0.287 -0.390 -0.483 -0.566 -0.642 -0.712 -0.775 -0.832 -0.885 -0.934 
-0.978 -1.020 -1.058 -1.093 -1.124 -1.154 -1.180 -1.203 -1.225 -1.243 
-1.248 
-1.077 -1.054 -1.034 -1.015 -1.000 -0.990 -0.987 -0.991 -1.002 -1.019 
-1.039 -1.063 -1.089 -1.117 -1.147 -1.177 -1.207 -1.236 -1.265 -1.292 
-1.317 -1.340 -1.361 -1.380 -1.397 -1.411 -1.423 -1.432 -1.438 -1.443 
-1.444 -1.443 -1.440 -1.434 -1.425 -1.414 -1.400 -1.383 -1.364 -1.341 
-1.315 -1.286 -1.254 -1.217 -1.176 -1.131 -1.080 -1.023 -0.960 -0.888 
-0.806 -0.712 -0.602 -0.473 -0.315 -0.116 0.145 0.481 0.768 0.804 
0.588 0.670 0.250 0.004 -0.111 -0.212 -0.323 -0.437 -0.545 -0.642 
-0.728 -0.802 -0.867 -0.923 -0.971 -1.013 -1.048 -1.077 -1.101 -1.120 
-1.134 -1.144 -1.150 -1.152 -1.150 -1.145 -1.136 -1.124 -1.110 -1.093 
-1.083 
-1.080 -1.026 -0.980 -0.941 -0.912 -0.899 -0.906 -0.932 -0.976 -1.031 
-1.094 -1.158 -1.222 -1.284 -1.343 -1.399 -1.450 -1.498 -1.543 -1.583 
-1.621 -1.655 -1.686 -1.714 -1.739 -1.761 -1.781 -1.797 -1.810 -1.821 
-1.829 -1.834 -1.836 -1.836 -1.832 -1.826 -1.816 -1.804 -1.788 -1.769 
-1.747 -1.721 -1.692 -1.658 -1.620 -1.577 -1.528 -1.474 -1.414 -1.346 
-1.269 -1.182 -1.082 -0.966 -0.829 -0.662 -0.452 -0.172 0.175 0.356 
0.772 1.163 0.803 0.227 -0.181 -0.430 -0.610 -0.749 -0.861 -0.954 
-1.031 -1.096 -1.150 -1.195 -1.233 -1.264 -1.288 -1.306 -1.318 -1.326 
-1.327 -1.324 -1.316 -1.303 -1.284 -1.261 -1.232 -1.199 -1.161 -1.118 
-1.100 
-1.450 -1.477 -1.460 -1.443 -1.430 -1.426 -1.433 -1.451 -1.478 -1.511 
-1.545 -1.579 -1.610 -1.640 -1.667 -1.693 -1.717 -1.739 -1.760 -1.779 
-1.797 -1.814 -1.830 -1.844 -1.856 -1.867 -1.876 -1.884 -1.889 -1.893 
-1.895 -1.894 -1.891 -1.886 -1.879 -1.869 -1.856 -1.841 -1.823 -1.802 
-1.778 -1.751 -1.720 -1.685 -1.647 -1.604 -1.556 -1.503 -1.444 -1.378 
-1.305 -1.224 -1.132 -1.027 -0.908 -0.768 -0.602 -0.396 -0.123 0.299 
0.741 1.004 0.568 0.064 -0.237 -0.445 -0.604 -0.732 -0.838 -0.928 
-1.005 -1.072 -1.131 -1.183 -1.230 -1.271 -1.310 -1.344 -1.376 -1.404 
-1.430 -1.453 -1.473 -1.489 -1.502 -1.511 -1.516 -1.517 -1.513 -1.505 
-1.450 
-1.603 -1.609 -1.644 -1.678 -1.709 -1.738 -1.765 -1.790 -1.813 -1.835 
-1.855 -1.873 -1.890 -1.905 -1.919 -1.932 -1.943 -1.952 -1.960 -1.967 
-1.972 -1.976 -1.978 -1.979 -1.978 -1.976 -1.973 -1.969 -1.962 -1.954 
-1.945 -1.934 -1.921 -1.905 -1.888 -1.868 -1.846 -1.822 -1.794 -1.763 
-1.730 -1.693 -1.652 -1.608 -1.559 -1.507 -1.449 -1.386 -1.318 -1.243 
-1.161 -1.071 -0.972 -0.862 -0.739 -0.603 -0.449 -0.279 -0.093 0.102 
0.350 0.513 0.888 0.148 -0.069 -0.217 -0.338 -0.439 -0.525 -0.600 
-0.666 -0.724 -0.777 -0.826 -0.873 -0.917 -0.960 -1.003 -1.047 -1.090 
-1.135 -1.180 -1.225 -1.271 -1.316 -1.362 -1.406 -1.450 -1.492 -1.533 
-1.586 
-1.926 -1.987 -2.003 -2.017 -2.028 -2.036 -2.042 -2.046 -2.047 -2.047 
-2.044 -2.039 -2.033 -2.025 -2.016 -2.006 -1.995 -1.983 -1.971 -1.959 
-1.946 -1.934 -1.923 -1.912 -1.902 -1.893 -1.885 -1.878 -1.872 -1.866 
-1.861 -1.856 -1.851 -1.845 -1.839 -1.832 -1.824 -1.815 -1.804 -1.790 
-1.775 -1.756 -1.735 -1.711 -1.683 -1.651 -1.615 -1.574 -1.527 -1.475 
-1.416 -1.349 -1.273 -1.187 -1.088 -0.974 -0.842 -0.686 -0.501 -0.272 
0.071 0.921 1.420 0.941 0.055 -0.327 -0.568 -0.745 -0.883 -0.997 
-1.092 -1.175 -1.247 -1.311 -1.370 -1.423 -1.473 -1.520 -1.565 -1.608 
-1.650 -1.690 -1.729 -1.766 -1.801 -1.835 -1.866 -1.895 -1.922 -1.946 
-1.925 
-1.966 -1.981 -1.994 -2.005 -2.015 -2.023 -2.030 -2.035 -2.039 -2.042 
-2.043 -2.043 -2.043 -2.041 -2.038 -2.035 -2.030 -2.025 -2.020 -2.014 
-2.007 -2.000 -1.993 -1.986 -1.978 -1.970 -1.962 -1.954 -1.945 -1.936 
-1.927 -1.917 -1.906 -1.895 -1.883 -1.869 -1.854 -1.838 -1.821 -1.801 
-1.780 -1.756 -1.730 -1.702 -1.670 -1.636 -1.598 -1.556 -1.510 -1.459 
-1.402 -1.339 -1.268 -1.189 -1.098 -0.994 -0.873 -0.729 -0.553 -0.328 
-0.019 0.437 1.045 0.728 0.372 -0.063 -0.369 -0.592 -0.766 -0.910 
-1.031 -1.136 -1.228 -1.309 -1.383 -1.449 -1.508 -1.563 -1.613 -1.658 
-1.700 -1.739 -1.774 -1.806 -1.836 -1.863 -1.888 -1.911 -1.931 -1.950 
-1.962 
-1.778 -1.810 -1.835 -1.858 -1.881 -1.902 -1.921 -1.940 -1.957 -1.974 
-1.988 -2.002 -2.014 -2.025 -2.035 -2.043 -2.050 -2.056 -2.060 -2.063 
-2.065 -2.066 -2.065 -2.063 -2.059 -2.054 -2.048 -2.040 -2.031 -2.020 
-2.008 -1.994 -1.979 -1.962 -1.943 -1.922 -1.899 -1.874 -1.847 -1.818 
-1.786 -1.752 -1.715 -1.675 -1.631 -1.585 -1.534 -1.480 -1.421 -1.356 
-1.286 -1.209 -1.124 -1.029 -0.922 -0.801 -0.660 -0.492 -0.283 -0.009 
0.375 0.748 0.884 0.665 0.293 0.026 -0.200 -0.389 -0.546 -0.677 
-0.790 -0.888 -0.975 -1.052 -1.123 -1.187 -1.245 -1.300 -1.351 -1.398 
-1.443 -1.485 -1.525 -1.563 -1.599 -1.633 -1.666 -1.698 -1.728 -1.756 
-1.770 
-1.623 -1.624 -1.652 -1.679 -1.705 -1.730 -1.754 -1.778 -1.800 -1.821 
-1.841 -1.860 -1.877 -1.894 -1.909 -1.923 -1.936 -1.947 -1.957 -1.965 
-1.972 -1.978 -1.982 -1.984 -1.985 -1.985 -1.983 -1.979 -1.973 -1.966 
-1.957 -1.946 -1.933 -1.919 -1.902 -1.883 -1.863 -1.840 -1.815 -1.788 
-1.758 -1.726 -1.691 -1.654 -1.613 -1.570 -1.523 -1.473 -1.419 -1.361 
-1.298 -1.231 -1.157 -1.077 -0.988 -0.891 -0.781 -0.656 -0.510 -0.332 
-0.101 0.229 0.430 0.406 0.445 0.360 0.174 -0.032 -0.217 -0.374 
-0.508 -0.623 -0.723 -0.811 -0.890 -0.961 -1.025 -1.084 -1.138 -1.188 
-1.235 -1.279 -1.321 -1.360 -1.398 -1.434 -1.468 -1.501 -1.534 -1.565 
-1.611 
-1.842 -1.884 -1.915 -1.943 -1.969 -1.993 -2.016 -2.037 -2.056 -2.074 
-2.089 -2.103 -2.115 -2.126 -2.135 -2.142 -2.147 -2.151 -2.153 -2.153 
-2.151 -2.148 -2.143 -2.136 -2.127 -2.117 -2.104 -2.090 -2.074 -2.056 
-2.036 -2.014 -1.991 -1.965 -1.937 -1.907 -1.875 -1.841 -1.804 -1.766 
-1.725 -1.682 -1.636 -1.588 -1.537 -1.483 -1.427 -1.367 -1.305 -1.238 
-1.168 -1.094 -1.015 -0.930 -0.839 -0.741 -0.634 -0.519 -0.393 -0.256 
-0.105 0.066 0.252 0.420 0.494 0.420 0.252 0.075 -0.076 -0.210 
-0.348 -0.493 -0.634 -0.765 -0.882 -0.988 -1.083 -1.170 -1.249 -1.321 
-1.388 -1.450 -1.507 -1.561 -1.611 -1.658 -1.702 -1.743 -1.782 -1.818 
-1.832 
-2.028 -2.081 -2.122 -2.160 -2.195 -2.227 -2.257 -2.284 -2.308 -2.331 
-2.351 -2.369 -2.384 -2.398 -2.409 -2.418 -2.425 -2.431 -2.434 -2.435 
-2.434 -2.431 -2.426 -2.419 -2.410 -2.399 -2.386 -2.371 -2.354 -2.335 
-2.313 -2.290 -2.264 -2.235 -2.204 -2.171 -2.135 -2.097 -2.056 -2.011 
-1.964 -1.914 -1.860 -1.803 -1.741 -1.676 -1.606 -1.532 -1.452 -1.366 
-1.275 -1.176 -1.071 -0.957 -0.836 -0.709 -0.576 -0.442 -0.313 -0.195 
-0.092 -0.004 0.079 0.163 0.226 0.244 0.245 0.239 0.215 0.154 
0.042 -0.112 -0.286 -0.461 -0.627 -0.781 -0.921 -1.048 -1.165 -1.272 
-1.371 -1.462 -1.546 -1.624 -1.697 -1.764 -1.827 -1.885 -1.939 -1.990 
-2.014 
-1.957 -1.982 -2.021 -2.057 -2.091 -2.123 -2.153 -2.180 -2.205 -2.228 
-2.249 -2.268 -2.285 -2.300 -2.313 -2.324 -2.333 -2.341 -2.346 -2.349 
-2.351 -2.351 -2.349 -2.345 -2.339 -2.332 -2.322 -2.310 -2.297 -2.282 
-2.264 -2.245 -2.223 -2.200 -2.174 -2.146 -2.116 -2.083 -2.048 -2.011 
-1.971 -1.928 -1.883 -1.835 -1.783 -1.729 -1.671 -1.610 -1.544 -1.475 
-1.402 -1.323 -1.240 -1.151 -1.056 -0.955 -0.847 -0.734 -0.617 -0.497 
-0.376 -0.251 -0.116 0.030 0.178 0.289 0.314 0.253 0.136 -0.008 
-0.164 -0.323 -0.477 -0.620 -0.751 -0.871 -0.981 -1.083 -1.177 -1.265 
-1.347 -1.424 -1.496 -1.564 -1.628 -1.688 -1.745 -1.798 -1.848 -1.896 
-1.941 
-2.008 -2.033 -2.069 -2.104 -2.137 -2.167 -2.196 -2.223 -2.248 -2.271 
-2.293 -2.312 -2.330 -2.346 -2.360 -2.373 -2.383 -2.393 -2.400 -2.406 
-2.410 -2.412 -2.412 -2.411 -2.408 -2.403 -2.397 -2.388 -2.378 -2.366 
-2.353 -2.337 -2.319 -2.299 -2.278 -2.254 -2.228 -2.199 -2.169 -2.136 
-2.100 -2.062 -2.021 -1.977 -1.929 -1.878 -1.823 -1.764 -1.700 -1.630 
-1.553 -1.469 -1.374 -1.266 -1.144 -1.005 -0.861 -0.740 -0.670 -0.620 
-0.545 -0.425 -0.260 -0.060 0.132 0.234 0.187 0.032 -0.155 -0.327 
-0.473 -0.600 -0.717 -0.831 -0.941 -1.045 -1.142 -1.232 -1.315 -1.392 
-1.464 -1.532 -1.595 -1.655 -1.712 -1.765 -1.816 -1.864 -1.910 -1.953 
-1.995 
-2.229 -2.286 -2.329 -2.370 -2.407 -2.442 -2.474 -2.503 -2.530 -2.554 
-2.577 -2.597 -2.615 -2.630 -2.644 -2.655 -2.664 -2.671 -2.676 -2.679 
-2.680 -2.679 -2.676 -2.670 -2.663 -2.653 -2.642 -2.628 -2.611 -2.593 
-2.572 -2.548 -2.522 -2.493 -2.462 -2.427 -2.390 -2.349 -2.305 -2.258 
-2.206 -2.150 -2.090 -2.025 -1.954 -1.877 -1.793 -1.702 -1.602 -1.492 
-1.370 -1.234 -1.082 -0.912 -0.725 -0.529 -0.352 -0.233 -0.202 -0.239 
-0.297 -0.339 -0.351 -0.329 -0.274 -0.230 -0.271 -0.342 -0.391 -0.420 
-0.448 -0.491 -0.564 -0.668 -0.793 -0.929 -1.065 -1.195 -1.317 -1.430 
-1.535 -1.631 -1.721 -1.803 -1.880 -1.951 -2.017 -2.079 -2.136 -2.190 
-2.215 
-2.273 -2.315 -2.361 -2.403 -2.442 -2.478 -2.511 -2.542 -2.570 -2.596 
-2.620 -2.641 -2.659 -2.676 -2.690 -2.702 -2.712 -2.720 -2.725 -2.729 
-2.730 -2.729 -2.727 -2.722 -2.715 -2.705 -2.694 -2.681 -2.665 -2.647 
-2.627 -2.604 -2.579 -2.551 -2.521 -2.488 -2.452 -2.414 -2.372 -2.327 
-2.279 -2.227 -2.172 -2.112 -2.048 -1.980 -1.906 -1.827 -1.742 -1.649 
-1.550 -1.441 -1.322 -1.192 -1.049 -0.894 -0.735 -0.595 -0.490 -0.401 
-0.309 -0.220 -0.149 -0.104 -0.087 -0.096 -0.126 -0.171 -0.231 -0.306 
-0.396 -0.499 -0.614 -0.739 -0.868 -0.996 -1.121 -1.240 -1.352 -1.458 
-1.558 -1.651 -1.739 -1.821 -1.897 -1.970 -2.037 -2.100 -2.160 -2.215 
-2.257 
-2.231 -2.264 -2.310 -2.353 -2.394 -2.431 -2.466 -2.498 -2.528 -2.555 
-2.580 -2.603 -2.623 -2.641 -2.657 -2.670 -2.682 -2.692 -2.699 -2.705 
-2.708 -2.710 -2.710 -2.708 -2.703 -2.697 -2.689 -2.679 -2.667 -2.653 
-2.637 -2.619 -2.599 -2.577 -2.552 -2.525 -2.496 -2.464 -2.430 -2.393 
-2.354 -2.311 -2.266 -2.217 -2.165 -2.108 -2.048 -1.984 -1.914 -1.840 
-1.760 -1.674 -1.581 -1.481 -1.373 -1.255 -1.129 -0.992 -0.847 -0.693 
-0.536 -0.383 -0.246 -0.142 -0.085 -0.076 -0.097 -0.148 -0.239 -0.343 
-0.447 -0.551 -0.657 -0.765 -0.875 -0.985 -1.095 -1.202 -1.306 -1.406 
-1.502 -1.593 -1.679 -1.761 -1.838 -1.911 -1.979 -2.044 -2.104 -2.161 
-2.212 
-2.260 -2.300 -2.333 -2.364 -2.392 -2.418 -2.442 -2.464 -2.483 -2.501 
-2.517 -2.531 -2.543 -2.553 -2.562 -2.569 -2.575 -2.579 -2.581 -2.582 
-2.581 -2.579 -2.575 -2.569 -2.563 -2.555 -2.545 -2.534 -2.521 -2.507 
-2.492 -2.475 -2.456 -2.436 -2.415 -2.392 -2.368 -2.342 -2.314 -2.285 
-2.254 -2.222 -2.187 -2.151 -2.112 -2.071 -2.028 -1.983 -1.935 -1.884 
-1.830 -1.772 -1.711 -1.646 -1.576 -1.500 -1.418 -1.328 -1.230 -1.120 
-0.999 -0.865 -0.724 -0.583 -0.442 -0.295 -0.168 -0.140 -0.251 -0.430 
-0.608 -0.763 -0.902 -1.030 -1.149 -1.260 -1.365 -1.463 -1.554 -1.639 
-1.719 -1.793 -1.861 -1.925 -1.985 -2.040 -2.092 -2.140 -2.184 -2.226 
-2.250 
-2.218 -2.244 -2.284 -2.322 -2.357 -2.390 -2.420 -2.447 -2.472 -2.495 
-2.516 -2.534 -2.550 -2.565 -2.577 -2.587 -2.595 -2.601 -2.606 -2.608 
-2.609 -2.607 -2.604 -2.599 -2.592 -2.583 -2.572 -2.559 -2.545 -2.528 
-2.509 -2.489 -2.466 -2.442 -2.415 -2.387 -2.356 -2.322 -2.287 -2.249 
-2.209 -2.167 -2.122 -2.075 -2.025 -1.972 -1.917 -1.860 -1.799 -1.736 
-1.670 -1.602 -1.530 -1.456 -1.377 -1.293 -1.202 -1.102 -0.995 -0.897 
-0.835 -0.807 -0.781 -0.737 -0.675 -0.593 -0.503 -0.458 -0.484 -0.532 
-0.590 -0.666 -0.759 -0.862 -0.969 -1.077 -1.181 -1.282 -1.379 -1.471 
-1.559 -1.642 -1.721 -1.795 -1.865 -1.930 -1.992 -2.049 -2.103 -2.153 
-2.202 
-2.266 -2.327 -2.383 -2.434 -2.482 -2.526 -2.567 -2.605 -2.639 -2.671 
-2.700 -2.726 -2.750 -2.771 -2.790 -2.806 -2.820 -2.832 -2.841 -2.849 
-2.854 -2.857 -2.857 -2.856 -2.852 -2.847 -2.839 -2.829 -2.816 -2.802 
-2.785 -2.765 -2.744 -2.720 -2.693 -2.664 -2.632 -2.597 -2.560 -2.519 
-2.475 -2.428 -2.378 -2.323 -2.265 -2.202 -2.134 -2.061 -1.982 -1.897 
-1.804 -1.702 -1.590 -1.465 -1.326 -1.169 -0.992 -0.798 -0.599 -0.428 
-0.412 -0.491 -0.594 -0.695 -0.777 -0.837 -0.876 -0.901 -0.919 -0.940 
-0.968 -1.003 -1.044 -1.088 -1.135 -1.185 -1.240 -1.299 -1.359 -1.419 
-1.477 -1.540 -1.615 -1.702 -1.795 -1.888 -1.975 -2.057 -2.133 -2.203 
-2.249 
-2.263 -2.315 -2.394 -2.467 -2.533 -2.594 -2.650 -2.701 -2.748 -2.791 
-2.831 -2.867 -2.900 -2.929 -2.956 -2.979 -3.000 -3.019 -3.034 -3.047 
-3.058 -3.066 -3.072 -3.075 -3.076 -3.075 -3.071 -3.065 -3.056 -3.045 
-3.031 -3.015 -2.997 -2.976 -2.952 -2.925 -2.896 -2.863 -2.828 -2.789 
-2.747 -2.701 -2.651 -2.597 -2.539 -2.476 -2.407 -2.333 -2.253 -2.165 
-2.069 -1.963 -1.846 -1.713 -1.561 -1.381 -1.162 -0.883 -0.554 -0.318 
-0.367 -0.595 -0.826 -0.989 -1.100 -1.172 -1.214 -1.231 -1.225 -1.202 
-1.175 -1.163 -1.188 -1.244 -1.305 -1.351 -1.371 -1.366 -1.342 -1.309 
-1.285 -1.290 -1.338 -1.427 -1.544 -1.672 -1.799 -1.920 -2.032 -2.135 
-2.226 
-2.420 -2.484 -2.539 -2.588 -2.634 -2.676 -2.714 -2.750 -2.782 -2.811 
-2.838 -2.861 -2.883 -2.902 -2.918 -2.932 -2.944 -2.954 -2.961 -2.967 
-2.970 -2.971 -2.970 -2.966 -2.961 -2.954 -2.944 -2.932 -2.919 -2.903 
-2.884 -2.864 -2.841 -2.816 -2.788 -2.758 -2.725 -2.690 -2.652 -2.611 
-2.567 -2.520 -2.470 -2.417 -2.360 -2.300 -2.237 -2.169 -2.098 -2.023 
-1.944 -1.862 -1.776 -1.687 -1.594 -1.497 -1.391 -1.265 -1.087 -0.871 
-0.902 -1.007 -1.030 -1.012 -0.972 -0.916 -0.843 -0.752 -0.648 -0.565 
-0.541 -0.560 -0.621 -0.731 -0.876 -1.033 -1.183 -1.318 -1.431 -1.521 
-1.595 -1.664 -1.743 -1.836 -1.936 -2.035 -2.127 -2.212 -2.290 -2.361 
-2.404 
-2.490 -2.525 -2.565 -2.603 -2.638 -2.670 -2.700 -2.727 -2.753 -2.776 
-2.796 -2.815 -2.832 -2.847 -2.860 -2.871 -2.880 -2.887 -2.892 -2.896 
-2.898 -2.898 -2.896 -2.892 -2.887 -2.880 -2.871 -2.861 -2.849 -2.835 
-2.819 -2.802 -2.783 -2.762 -2.739 -2.714 -2.688 -2.660 -2.630 -2.598 
-2.564 -2.528 -2.490 -2.450 -2.407 -2.363 -2.316 -2.267 -2.215 -2.161 
-2.104 -2.045 -1.983 -1.919 -1.852 -1.783 -1.712 -1.640 -1.567 -1.491 
-1.413 -1.330 -1.240 -1.139 -1.023 -0.887 -0.729 -0.552 -0.392 -0.316 
-0.375 -0.531 -0.718 -0.902 -1.075 -1.234 -1.378 -1.508 -1.625 -1.732 
-1.829 -1.919 -2.001 -2.077 -2.148 -2.214 -2.275 -2.332 -2.385 -2.435 
-2.475 
-2.521 -2.548 -2.582 -2.612 -2.641 -2.667 -2.691 -2.713 -2.733 -2.750 
-2.766 -2.780 -2.792 -2.802 -2.811 -2.817 -2.822 -2.826 -2.828 -2.828 
-2.826 -2.823 -2.819 -2.813 -2.805 -2.796 -2.786 -2.774 -2.761 -2.746 
-2.730 -2.712 -2.693 -2.673 -2.652 -2.629 -2.605 -2.579 -2.552 -2.524 
-2.495 -2.464 -2.432 -2.398 -2.363 -2.326 -2.288 -2.247 -2.205 -2.161 
-2.114 -2.065 -2.013 -1.959 -1.902 -1.844 -1.784 -1.724 -1.662 -1.600 
-1.535 -1.465 -1.389 -1.304 -1.210 -1.105 -0.994 -0.883 -0.787 -0.748 
-0.817 -0.956 -1.105 -1.247 -1.377 -1.497 -1.606 -1.707 -1.799 -1.885 
-1.965 -2.039 -2.108 -2.172 -2.231 -2.287 -2.338 -2.387 -2.432 -2.473 
-2.509 
-2.523 -2.587 -2.633 -2.676 -2.715 -2.752 -2.786 -2.817 -2.845 -2.871 
-2.894 -2.915 -2.934 -2.950 -2.964 -2.976 -2.986 -2.994 -2.999 -3.003 
-3.005 -3.004 -3.002 -2.998 -2.991 -2.983 -2.973 -2.960 -2.946 -2.930 
-2.911 -2.891 -2.868 -2.843 -2.816 -2.787 -2.755 -2.721 -2.684 -2.645 
-2.603 -2.558 -2.510 -2.458 -2.404 -2.346 -2.284 -2.219 -2.149 -2.076 
-2.000 -1.920 -1.838 -1.754 -1.670 -1.589 -1.513 -1.447 -1.394 -1.356 
-1.329 -1.313 -1.301 -1.292 -1.282 -1.269 -1.254 -1.238 -1.230 -1.239 
-1.270 -1.315 -1.369 -1.427 -1.488 -1.552 -1.617 -1.681 -1.746 -1.811 
-1.878 -1.948 -2.020 -2.093 -2.166 -2.236 -2.303 -2.367 -2.428 -2.484 
-2.510 
-2.320 -2.364 -2.426 -2.484 -2.537 -2.587 -2.634 -2.677 -2.717 -2.754 
-2.788 -2.819 -2.847 -2.873 -2.896 -2.916 -2.934 -2.949 -2.962 -2.973 
-2.981 -2.988 -2.991 -2.993 -2.992 -2.989 -2.984 -2.976 -2.966 -2.954 
-2.940 -2.923 -2.903 -2.881 -2.856 -2.829 -2.799 -2.766 -2.730 -2.690 
-2.648 -2.602 -2.552 -2.499 -2.441 -2.380 -2.313 -2.242 -2.165 -2.083 
-1.996 -1.903 -1.805 -1.703 -1.599 -1.498 -1.407 -1.332 -1.281 -1.258 
-1.259 -1.279 -1.308 -1.342 -1.375 -1.405 -1.431 -1.451 -1.466 -1.477 
-1.484 -1.487 -1.488 -1.486 -1.483 -1.479 -1.477 -1.480 -1.493 -1.517 
-1.556 -1.610 -1.676 -1.752 -1.832 -1.915 -1.998 -2.078 -2.156 -2.229 
-2.295 
-2.252 -2.295 -2.349 -2.399 -2.446 -2.490 -2.531 -2.569 -2.604 -2.636 
-2.666 -2.693 -2.718 -2.741 -2.761 -2.778 -2.794 -2.807 -2.818 -2.827 
-2.834 -2.839 -2.842 -2.842 -2.841 -2.838 -2.832 -2.825 -2.815 -2.804 
-2.790 -2.774 -2.756 -2.736 -2.714 -2.689 -2.662 -2.633 -2.601 -2.566 
-2.529 -2.489 -2.445 -2.399 -2.349 -2.295 -2.238 -2.177 -2.111 -2.040 
-1.965 -1.885 -1.800 -1.711 -1.619 -1.526 -1.436 -1.354 -1.286 -1.235 
-1.205 -1.193 -1.196 -1.209 -1.228 -1.248 -1.266 -1.281 -1.293 -1.303 
-1.310 -1.317 -1.325 -1.334 -1.345 -1.360 -1.382 -1.410 -1.448 -1.495 
-1.551 -1.615 -1.684 -1.757 -1.831 -1.905 -1.977 -2.047 -2.114 -2.178 
-2.232 
-2.264 -2.297 -2.333 -2.367 -2.398 -2.427 -2.453 -2.478 -2.501 -2.521 
-2.540 -2.556 -2.571 -2.585 -2.596 -2.606 -2.614 -2.621 -2.626 -2.629 
-2.631 -2.632 -2.631 -2.629 -2.625 -2.620 -2.613 -2.606 -2.597 -2.586 
-2.574 -2.561 -2.546 -2.531 -2.513 -2.495 -2.475 -2.453 -2.430 -2.406 
-2.381 -2.354 -2.325 -2.296 -2.264 -2.232 -2.197 -2.161 -2.124 -2.084 
-2.043 -1.999 -1.953 -1.904 -1.853 -1.800 -1.745 -1.690 -1.637 -1.588 
-1.544 -1.506 -1.473 -1.440 -1.408 -1.375 -1.342 -1.312 -1.286 -1.266 
-1.256 -1.259 -1.276 -1.309 -1.354 -1.408 -1.467 -1.529 -1.593 -1.658 
-1.722 -1.786 -1.848 -1.909 -1.967 -2.023 -2.076 -2.126 -2.173 -2.217 
-2.252 
-2.239 -2.280 -2.313 -2.344 -2.373 -2.399 -2.423 -2.446 -2.466 -2.484 
-2.500 -2.515 -2.528 -2.539 -2.549 -2.558 -2.565 -2.572 -2.577 -2.581 
-2.584 -2.587 -2.588 -2.589 -2.589 -2.588 -2.587 -2.585 -2.582 -2.579 
-2.575 -2.571 -2.566 -2.560 -2.553 -2.546 -2.537 -2.528 -2.518 -2.507 
-2.494 -2.480 -2.465 -2.448 -2.430 -2.410 -2.389 -2.365 -2.339 -2.311 
-2.281 -2.248 -2.213 -2.174 -2.132 -2.086 -2.037 -1.984 -1.928 -1.871 
-1.814 -1.758 -1.707 -1.658 -1.611 -1.561 -1.507 -1.447 -1.383 -1.320 
-1.266 -1.231 -1.224 -1.249 -1.302 -1.373 -1.453 -1.535 -1.613 -1.688 
-1.756 -1.820 -1.879 -1.934 -1.985 -2.034 -2.080 -2.124 -2.166 -2.206 
-2.229 
-2.172 -2.187 -2.236 -2.285 -2.332 -2.377 -2.421 -2.462 -2.501 -2.538 
-2.572 -2.604 -2.634 -2.661 -2.686 -2.709 -2.729 -2.748 -2.764 -2.778 
-2.791 -2.801 -2.810 -2.816 -2.821 -2.825 -2.826 -2.826 -2.824 -2.820 
-2.815 -2.808 -2.799 -2.789 -2.776 -2.762 -2.745 -2.727 -2.706 -2.683 
-2.658 -2.631 -2.600 -2.568 -2.532 -2.493 -2.452 -2.407 -2.358 -2.306 
-2.249 -2.189 -2.124 -2.055 -1.981 -1.903 -1.821 -1.738 -1.655 -1.575 
-1.504 -1.447 -1.407 -1.387 -1.382 -1.389 -1.401 -1.415 -1.427 -1.438 
-1.450 -1.466 -1.490 -1.522 -1.561 -1.602 -1.641 -1.676 -1.707 -1.735 
-1.761 -1.787 -1.814 -1.843 -1.876 -1.912 -1.952 -1.995 -2.041 -2.088 
-2.151 
-2.486 -2.556 -2.600 -2.641 -2.680 -2.717 -2.751 -2.783 -2.812 -2.839 
-2.863 -2.886 -2.906 -2.923 -2.939 -2.953 -2.964 -2.974 -2.981 -2.987 
-2.991 -2.993 -2.992 -2.991 -2.987 -2.981 -2.974 -2.965 -2.954 -2.941 
-2.926 -2.910 -2.892 -2.872 -2.851 -2.827 -2.802 -2.775 -2.746 -2.716 
-2.683 -2.649 -2.613 -2.575 -2.534 -2.492 -2.447 -2.400 -2.351 -2.300 
-2.247 -2.193 -2.140 -2.089 -2.040 -1.992 -1.943 -1.890 -1.834 -1.776 
-1.716 -1.658 -1.602 -1.549 -1.499 -1.450 -1.406 -1.369 -1.346 -1.343 
-1.363 -1.406 -1.465 -1.536 -1.611 -1.684 -1.751 -1.809 -1.857 -1.897 
-1.939 -1.993 -2.057 -2.125 -2.189 -2.250 -2.307 -2.361 -2.413 -2.463 
-2.476 
-2.634 -2.720 -2.781 -2.838 -2.890 -2.938 -2.982 -3.023 -3.060 -3.094 
-3.126 -3.154 -3.180 -3.203 -3.224 -3.242 -3.257 -3.271 -3.282 -3.290 
-3.297 -3.301 -3.303 -3.302 -3.300 -3.295 -3.288 -3.279 -3.267 -3.253 
-3.237 -3.219 -3.198 -3.174 -3.148 -3.119 -3.087 -3.052 -3.014 -2.972 
-2.927 -2.877 -2.824 -2.766 -2.703 -2.635 -2.561 -2.483 -2.401 -2.316 
-2.234 -2.158 -2.097 -2.056 -2.036 -2.033 -2.041 -2.051 -2.056 -2.051 
-2.038 -2.015 -1.988 -1.957 -1.926 -1.897 -1.872 -1.851 -1.839 -1.837 
-1.847 -1.865 -1.886 -1.902 -1.908 -1.898 -1.869 -1.824 -1.772 -1.730 
-1.725 -1.770 -1.860 -1.975 -2.095 -2.211 -2.317 -2.414 -2.501 -2.581 
-2.613 
-2.420 -2.434 -2.486 -2.536 -2.584 -2.630 -2.673 -2.714 -2.752 -2.789 
-2.822 -2.854 -2.883 -2.910 -2.935 -2.958 -2.978 -2.997 -3.013 -3.027 
-3.039 -3.049 -3.057 -3.062 -3.066 -3.068 -3.067 -3.065 -3.060 -3.054 
-3.045 -3.034 -3.020 -3.005 -2.987 -2.967 -2.944 -2.919 -2.892 -2.862 
-2.829 -2.794 -2.756 -2.714 -2.671 -2.624 -2.574 -2.521 -2.465 -2.407 
-2.346 -2.285 -2.225 -2.168 -2.113 -2.058 -2.000 -1.939 -1.874 -1.807 
-1.740 -1.678 -1.622 -1.577 -1.545 -1.525 -1.518 -1.521 -1.532 -1.547 
-1.564 -1.581 -1.597 -1.610 -1.621 -1.630 -1.643 -1.663 -1.691 -1.725 
-1.767 -1.820 -1.883 -1.949 -2.015 -2.080 -2.144 -2.205 -2.265 -2.323 
-2.398 
-2.641 -2.715 -2.769 -2.819 -2.866 -2.909 -2.949 -2.986 -3.020 -3.051 
-3.080 -3.105 -3.128 -3.149 -3.167 -3.182 -3.195 -3.206 -3.214 -3.220 
-3.224 -3.225 -3.224 -3.221 -3.216 -3.208 -3.198 -3.186 -3.171 -3.154 
-3.135 -3.113 -3.089 -3.062 -3.033 -3.002 -2.968 -2.931 -2.893 -2.851 
-2.808 -2.763 -2.716 -2.668 -2.618 -2.569 -2.519 -2.471 -2.426 -2.383 
-2.345 -2.311 -2.282 -2.257 -2.236 -2.217 -2.198 -2.179 -2.157 -2.132 
-2.104 -2.074 -2.044 -2.015 -1.989 -1.967 -1.947 -1.927 -1.905 -1.878 
-1.843 -1.798 -1.744 -1.682 -1.618 -1.565 -1.536 -1.546 -1.596 -1.678 
-1.781 -1.893 -2.004 -2.109 -2.206 -2.296 -2.380 -2.457 -2.528 -2.595 
-2.625 
-2.663 -2.744 -2.807 -2.865 -2.918 -2.967 -3.012 -3.053 -3.091 -3.125 
-3.156 -3.183 -3.208 -3.230 -3.249 -3.266 -3.280 -3.291 -3.300 -3.307 
-3.311 -3.312 -3.311 -3.308 -3.302 -3.294 -3.284 -3.271 -3.256 -3.238 
-3.217 -3.194 -3.169 -3.140 -3.109 -3.075 -3.039 -2.999 -2.956 -2.911 
-2.862 -2.811 -2.757 -2.701 -2.643 -2.584 -2.525 -2.467 -2.412 -2.362 
-2.319 -2.285 -2.260 -2.244 -2.237 -2.236 -2.240 -2.245 -2.252 -2.257 
-2.260 -2.261 -2.258 -2.252 -2.241 -2.226 -2.205 -2.179 -2.146 -2.106 
-2.058 -2.002 -1.938 -1.865 -1.785 -1.704 -1.631 -1.577 -1.557 -1.581 
-1.650 -1.752 -1.872 -1.996 -2.116 -2.229 -2.334 -2.431 -2.519 -2.601 
-2.644 
-2.368 -2.435 -2.509 -2.577 -2.640 -2.698 -2.751 -2.800 -2.845 -2.887 
-2.925 -2.960 -2.992 -3.021 -3.047 -3.071 -3.092 -3.110 -3.126 -3.140 
-3.151 -3.160 -3.167 -3.172 -3.174 -3.174 -3.173 -3.168 -3.162 -3.154 
-3.143 -3.130 -3.115 -3.098 -3.079 -3.057 -3.033 -3.007 -2.978 -2.947 
-2.914 -2.878 -2.840 -2.800 -2.757 -2.713 -2.667 -2.619 -2.571 -2.523 
-2.475 -2.429 -2.384 -2.341 -2.299 -2.259 -2.219 -2.179 -2.142 -2.106 
-2.073 -2.044 -2.019 -1.999 -1.980 -1.963 -1.944 -1.923 -1.898 -1.867 
-1.831 -1.789 -1.740 -1.684 -1.623 -1.558 -1.494 -1.440 -1.406 -1.404 
-1.434 -1.489 -1.560 -1.641 -1.735 -1.843 -1.957 -2.067 -2.171 -2.266 
-2.343 
-2.234 -2.302 -2.400 -2.490 -2.573 -2.648 -2.717 -2.781 -2.840 -2.894 
-2.943 -2.988 -3.030 -3.068 -3.103 -3.135 -3.163 -3.189 -3.212 -3.232 
-3.250 -3.265 -3.277 -3.287 -3.295 -3.300 -3.303 -3.304 -3.302 -3.299 
-3.292 -3.284 -3.273 -3.260 -3.244 -3.226 -3.206 -3.183 -3.157 -3.129 
-3.098 -3.065 -3.028 -2.989 -2.947 -2.902 -2.853 -2.802 -2.747 -2.688 
-2.627 -2.561 -2.493 -2.422 -2.348 -2.273 -2.197 -2.122 -2.051 -1.987 
-1.933 -1.893 -1.868 -1.857 -1.859 -1.868 -1.881 -1.894 -1.904 -1.909 
-1.908 -1.899 -1.882 -1.856 -1.821 -1.777 -1.725 -1.665 -1.602 -1.537 
-1.471 -1.410 -1.374 -1.381 -1.438 -1.541 -1.671 -1.811 -1.947 -2.075 
-2.188 
-2.355 -2.440 -2.530 -2.612 -2.688 -2.757 -2.821 -2.881 -2.935 -2.986 
-3.033 -3.076 -3.115 -3.151 -3.184 -3.214 -3.241 -3.266 -3.287 -3.306 
-3.322 -3.336 -3.348 -3.356 -3.363 -3.367 -3.369 -3.368 -3.365 -3.360 
-3.352 -3.342 -3.329 -3.314 -3.297 -3.277 -3.254 -3.229 -3.201 -3.171 
-3.137 -3.101 -3.061 -3.019 -2.974 -2.925 -2.873 -2.818 -2.760 -2.700 
-2.636 -2.571 -2.505 -2.439 -2.373 -2.311 -2.254 -2.202 -2.158 -2.121 
-2.093 -2.071 -2.055 -2.041 -2.027 -2.012 -1.997 -1.987 -1.986 -1.992 
-1.998 -2.000 -1.992 -1.972 -1.940 -1.894 -1.834 -1.758 -1.667 -1.565 
-1.466 -1.393 -1.376 -1.431 -1.543 -1.686 -1.836 -1.979 -2.112 -2.232 
-2.321 
-2.418 -2.518 -2.592 -2.660 -2.725 -2.787 -2.846 -2.902 -2.955 -3.006 
-3.054 -3.099 -3.142 -3.182 -3.220 -3.255 -3.287 -3.317 -3.345 -3.370 
-3.393 -3.414 -3.432 -3.448 -3.461 -3.473 -3.482 -3.488 -3.493 -3.495 
-3.496 -3.494 -3.489 -3.482 -3.473 -3.462 -3.448 -3.432 -3.413 -3.392 
-3.368 -3.341 -3.311 -3.278 -3.243 -3.203 -3.161 -3.115 -3.066 -3.012 
-2.955 -2.894 -2.828 -2.759 -2.685 -2.608 -2.526 -2.442 -2.357 -2.276 
-2.204 -2.140 -2.074 -1.999 -1.914 -1.829 -1.758 -1.716 -1.710 -1.737 
-1.785 -1.842 -1.899 -1.949 -1.990 -2.020 -2.038 -2.042 -2.029 -2.001 
-1.958 -1.916 -1.898 -1.908 -1.915 -1.918 -1.980 -2.105 -2.234 -2.344 
-2.405 
-2.256 -2.351 -2.483 -2.600 -2.703 -2.796 -2.880 -2.956 -3.025 -3.089 
-3.147 -3.200 -3.249 -3.294 -3.335 -3.373 -3.407 -3.438 -3.466 -3.490 
-3.513 -3.532 -3.548 -3.562 -3.574 -3.582 -3.589 -3.593 -3.594 -3.593 
-3.589 -3.583 -3.574 -3.562 -3.548 -3.532 -3.512 -3.490 -3.465 -3.436 
-3.405 -3.370 -3.332 -3.290 -3.244 -3.193 -3.139 -3.079 -3.014 -2.944 
-2.867 -2.783 -2.693 -2.595 -2.490 -2.378 -2.261 -2.146 -2.040 -1.958 
-1.914 -1.910 -1.940 -1.985 -2.029 -2.061 -2.081 -2.098 -2.122 -2.155 
-2.192 -2.225 -2.251 -2.267 -2.272 -2.264 -2.244 -2.209 -2.158 -2.089 
-1.996 -1.876 -1.721 -1.538 -1.396 -1.375 -1.451 -1.615 -1.821 -2.021 
-2.187 
-2.303 -2.429 -2.555 -2.666 -2.765 -2.854 -2.935 -3.008 -3.075 -3.135 
-3.191 -3.241 -3.288 -3.330 -3.368 -3.403 -3.434 -3.462 -3.487 -3.509 
-3.528 -3.544 -3.558 -3.569 -3.577 -3.583 -3.586 -3.587 -3.585 -3.581 
-3.574 -3.565 -3.553 -3.538 -3.521 -3.501 -3.478 -3.453 -3.424 -3.392 
-3.357 -3.319 -3.277 -3.232 -3.182 -3.129 -3.071 -3.008 -2.941 -2.869 
-2.791 -2.709 -2.622 -2.532 -2.441 -2.351 -2.267 -2.194 -2.136 -2.098 
-2.083 -2.090 -2.113 -2.145 -2.179 -2.213 -2.244 -2.272 -2.295 -2.311 
-2.320 -2.321 -2.313 -2.296 -2.268 -2.229 -2.176 -2.108 -2.022 -1.913 
-1.774 -1.598 -1.383 -1.177 -1.093 -1.212 -1.445 -1.699 -1.926 -2.120 
-2.256 
-2.218 -2.354 -2.482 -2.597 -2.699 -2.792 -2.877 -2.954 -3.024 -3.089 
-3.148 -3.203 -3.253 -3.299 -3.341 -3.379 -3.414 -3.446 -3.475 -3.501 
-3.524 -3.545 -3.562 -3.577 -3.590 -3.600 -3.608 -3.613 -3.616 -3.616 
-3.615 -3.610 -3.604 -3.595 -3.583 -3.569 -3.553 -3.533 -3.512 -3.487 
-3.460 -3.430 -3.397 -3.361 -3.321 -3.278 -3.232 -3.181 -3.127 -3.069 
-3.006 -2.938 -2.867 -2.791 -2.711 -2.628 -2.545 -2.463 -2.383 -2.308 
-2.237 -2.174 -2.119 -2.078 -2.053 -2.043 -2.046 -2.057 -2.071 -2.086 
-2.098 -2.104 -2.104 -2.095 -2.076 -2.047 -2.004 -1.947 -1.873 -1.778 
-1.657 -1.510 -1.344 -1.196 -1.142 -1.238 -1.423 -1.642 -1.854 -2.044 
-2.175 
-1.971 -2.092 -2.235 -2.365 -2.482 -2.589 -2.686 -2.775 -2.856 -2.931 
-2.999 -3.062 -3.120 -3.173 -3.222 -3.268 -3.309 -3.347 -3.382 -3.414 
-3.442 -3.468 -3.491 -3.512 -3.530 -3.545 -3.558 -3.568 -3.576 -3.582 
-3.586 -3.587 -3.586 -3.582 -3.576 -3.568 -3.558 -3.545 -3.530 -3.513 
-3.493 -3.470 -3.445 -3.417 -3.387 -3.354 -3.318 -3.279 -3.236 -3.191 
-3.142 -3.090 -3.034 -2.975 -2.912 -2.846 -2.775 -2.702 -2.626 -2.549 
-2.472 -2.397 -2.326 -2.264 -2.210 -2.165 -2.130 -2.101 -2.078 -2.059 
-2.044 -2.033 -2.024 -2.016 -2.006 -1.990 -1.966 -1.931 -1.882 -1.817 
-1.733 -1.626 -1.495 -1.350 -1.230 -1.180 -1.233 -1.382 -1.572 -1.761 
-1.910 
-1.839 -1.937 -2.074 -2.209 -2.337 -2.457 -2.568 -2.670 -2.764 -2.851 
-2.931 -3.005 -3.074 -3.137 -3.196 -3.251 -3.301 -3.347 -3.390 -3.430 
-3.466 -3.499 -3.529 -3.557 -3.581 -3.603 -3.623 -3.640 -3.654 -3.666 
-3.676 -3.684 -3.689 -3.691 -3.692 -3.690 -3.686 -3.680 -3.671 -3.660 
-3.647 -3.631 -3.613 -3.592 -3.569 -3.543 -3.515 -3.484 -3.449 -3.412 
-3.372 -3.328 -3.282 -3.231 -3.177 -3.119 -3.057 -2.991 -2.920 -2.846 
-2.767 -2.684 -2.597 -2.506 -2.412 -2.317 -2.222 -2.132 -2.051 -1.982 
-1.929 -1.894 -1.878 -1.878 -1.888 -1.901 -1.914 -1.921 -1.919 -1.907 
-1.882 -1.843 -1.788 -1.715 -1.630 -1.560 -1.545 -1.573 -1.621 -1.697 
-1.797 
-1.884 -2.017 -2.177 -2.334 -2.479 -2.612 -2.732 -2.841 -2.941 -3.032 
-3.116 -3.192 -3.263 -3.328 -3.387 -3.442 -3.493 -3.540 -3.583 -3.622 
-3.659 -3.691 -3.721 -3.748 -3.772 -3.794 -3.812 -3.829 -3.842 -3.853 
-3.862 -3.868 -3.872 -3.874 -3.873 -3.870 -3.865 -3.857 -3.846 -3.834 
-3.818 -3.800 -3.780 -3.757 -3.731 -3.702 -3.671 -3.636 -3.598 -3.557 
-3.512 -3.463 -3.410 -3.353 -3.291 -3.225 -3.153 -3.075 -2.992 -2.902 
-2.806 -2.704 -2.598 -2.487 -2.377 -2.273 -2.181 -2.111 -2.071 -2.062 
-2.075 -2.103 -2.136 -2.171 -2.203 -2.230 -2.250 -2.261 -2.262 -2.252 
-2.231 -2.197 -2.150 -2.089 -2.015 -1.929 -1.840 -1.764 -1.730 -1.765 
-1.842 
-1.925 -2.022 -2.169 -2.314 -2.449 -2.573 -2.685 -2.787 -2.880 -2.965 
-3.042 -3.113 -3.178 -3.237 -3.292 -3.342 -3.388 -3.430 -3.468 -3.503 
-3.534 -3.563 -3.588 -3.611 -3.631 -3.648 -3.663 -3.675 -3.684 -3.692 
-3.696 -3.699 -3.699 -3.696 -3.692 -3.685 -3.675 -3.663 -3.649 -3.632 
-3.613 -3.592 -3.568 -3.541 -3.512 -3.479 -3.444 -3.407 -3.366 -3.322 
-3.274 -3.224 -3.169 -3.111 -3.049 -2.982 -2.911 -2.835 -2.754 -2.669 
-2.581 -2.490 -2.402 -2.320 -2.250 -2.198 -2.166 -2.155 -2.163 -2.186 
-2.217 -2.251 -2.281 -2.305 -2.321 -2.327 -2.324 -2.310 -2.286 -2.249 
-2.200 -2.138 -2.067 -1.994 -1.928 -1.871 -1.817 -1.768 -1.751 -1.790 
-1.881 
-2.162 -2.301 -2.422 -2.534 -2.635 -2.728 -2.812 -2.888 -2.958 -3.022 
-3.080 -3.134 -3.183 -3.228 -3.269 -3.307 -3.342 -3.373 -3.401 -3.427 
-3.449 -3.469 -3.487 -3.502 -3.515 -3.525 -3.533 -3.539 -3.542 -3.544 
-3.543 -3.540 -3.535 -3.528 -3.519 -3.508 -3.495 -3.480 -3.462 -3.443 
-3.422 -3.398 -3.373 -3.345 -3.316 -3.285 -3.252 -3.217 -3.180 -3.143 
-3.103 -3.063 -3.021 -2.979 -2.936 -2.893 -2.850 -2.807 -2.764 -2.721 
-2.678 -2.635 -2.594 -2.554 -2.519 -2.490 -2.468 -2.454 -2.443 -2.434 
-2.423 -2.407 -2.387 -2.360 -2.326 -2.284 -2.233 -2.173 -2.102 -2.019 
-1.925 -1.823 -1.724 -1.645 -1.610 -1.633 -1.710 -1.816 -1.930 -2.049 
-2.131 
-2.219 -2.303 -2.425 -2.536 -2.637 -2.729 -2.813 -2.890 -2.961 -3.025 
-3.085 -3.140 -3.191 -3.238 -3.281 -3.320 -3.356 -3.389 -3.419 -3.447 
-3.471 -3.493 -3.512 -3.529 -3.544 -3.556 -3.566 -3.573 -3.578 -3.581 
-3.582 -3.581 -3.578 -3.572 -3.565 -3.555 -3.543 -3.529 -3.513 -3.494 
-3.474 -3.451 -3.426 -3.399 -3.369 -3.338 -3.304 -3.268 -3.230 -3.189 
-3.147 -3.103 -3.057 -3.009 -2.960 -2.910 -2.860 -2.810 -2.760 -2.712 
-2.665 -2.622 -2.582 -2.545 -2.513 -2.484 -2.459 -2.436 -2.415 -2.394 
-2.372 -2.349 -2.323 -2.292 -2.257 -2.214 -2.165 -2.106 -2.037 -1.959 
-1.871 -1.777 -1.685 -1.603 -1.548 -1.543 -1.605 -1.722 -1.869 -2.022 
-2.161 
-2.407 -2.518 -2.612 -2.697 -2.776 -2.849 -2.917 -2.981 -3.042 -3.099 
-3.153 -3.204 -3.252 -3.297 -3.339 -3.379 -3.416 -3.451 -3.482 -3.512 
-3.539 -3.563 -3.585 -3.605 -3.622 -3.638 -3.651 -3.661 -3.670 -3.676 
-3.681 -3.683 -3.683 -3.681 -3.677 -3.671 -3.663 -3.653 -3.640 -3.626 
-3.610 -3.591 -3.570 -3.548 -3.523 -3.496 -3.466 -3.435 -3.401 -3.366 
-3.328 -3.288 -3.246 -3.203 -3.157 -3.110 -3.062 -3.013 -2.962 -2.912 
-2.861 -2.811 -2.762 -2.713 -2.666 -2.620 -2.575 -2.530 -2.485 -2.440 
-2.393 -2.344 -2.292 -2.236 -2.176 -2.112 -2.044 -1.972 -1.895 -1.815 
-1.738 -1.677 -1.650 -1.666 -1.721 -1.805 -1.915 -2.043 -2.175 -2.300 
-2.378 
-2.214 -2.354 -2.438 -2.510 -2.573 -2.633 -2.690 -2.746 -2.801 -2.856 
-2.909 -2.963 -3.015 -3.066 -3.115 -3.163 -3.209 -3.254 -3.296 -3.336 
-3.374 -3.410 -3.444 -3.475 -3.504 -3.532 -3.557 -3.579 -3.600 -3.619 
-3.635 -3.650 -3.662 -3.673 -3.681 -3.687 -3.691 -3.693 -3.693 -3.691 
-3.687 -3.681 -3.673 -3.663 -3.651 -3.636 -3.620 -3.601 -3.580 -3.557 
-3.532 -3.505 -3.475 -3.443 -3.408 -3.372 -3.333 -3.292 -3.248 -3.202 
-3.154 -3.104 -3.051 -2.996 -2.938 -2.878 -2.814 -2.747 -2.677 -2.603 
-2.526 -2.446 -2.364 -2.282 -2.205 -2.135 -2.079 -2.037 -2.011 -1.995 
-1.987 -1.984 -1.991 -2.012 -2.038 -2.048 -2.026 -1.995 -2.024 -2.131 
-2.206 
-1.885 -1.988 -2.149 -2.286 -2.403 -2.506 -2.599 -2.686 -2.767 -2.845 
-2.918 -2.989 -3.055 -3.118 -3.178 -3.234 -3.286 -3.335 -3.380 -3.423 
-3.462 -3.498 -3.532 -3.562 -3.590 -3.616 -3.639 -3.659 -3.678 -3.693 
-3.707 -3.718 -3.728 -3.735 -3.740 -3.743 -3.744 -3.743 -3.740 -3.735 
-3.728 -3.720 -3.709 -3.696 -3.682 -3.666 -3.647 -3.627 -3.606 -3.582 
-3.557 -3.530 -3.501 -3.470 -3.439 -3.405 -3.370 -3.334 -3.297 -3.259 
-3.220 -3.180 -3.139 -3.097 -3.055 -3.012 -2.968 -2.922 -2.876 -2.827 
-2.776 -2.722 -2.666 -2.607 -2.546 -2.486 -2.426 -2.369 -2.313 -2.257 
-2.197 -2.133 -2.060 -1.973 -1.862 -1.726 -1.582 -1.483 -1.494 -1.620 
-1.794 
-1.936 -2.025 -2.083 -2.141 -2.201 -2.264 -2.331 -2.403 -2.478 -2.556 
-2.636 -2.716 -2.795 -2.873 -2.948 -3.020 -3.089 -3.154 -3.216 -3.275 
-3.330 -3.382 -3.431 -3.476 -3.519 -3.558 -3.595 -3.629 -3.660 -3.688 
-3.714 -3.738 -3.759 -3.778 -3.794 -3.809 -3.820 -3.830 -3.838 -3.843 
-3.847 -3.848 -3.847 -3.844 -3.839 -3.831 -3.822 -3.811 -3.797 -3.782 
-3.764 -3.744 -3.722 -3.698 -3.672 -3.644 -3.613 -3.580 -3.545 -3.508 
-3.469 -3.427 -3.383 -3.337 -3.288 -3.236 -3.181 -3.123 -3.062 -2.997 
-2.928 -2.854 -2.774 -2.690 -2.600 -2.505 -2.405 -2.302 -2.200 -2.105 
-2.022 -1.960 -1.919 -1.897 -1.885 -1.870 -1.843 -1.814 -1.829 -1.893 
-1.929 
-1.783 -1.810 -1.876 -1.962 -2.060 -2.163 -2.266 -2.368 -2.466 -2.560 
-2.650 -2.735 -2.816 -2.893 -2.965 -3.033 -3.096 -3.156 -3.213 -3.265 
-3.314 -3.360 -3.403 -3.443 -3.480 -3.515 -3.546 -3.575 -3.602 -3.626 
-3.648 -3.668 -3.685 -3.700 -3.713 -3.724 -3.733 -3.739 -3.744 -3.747 
-3.747 -3.746 -3.742 -3.736 -3.729 -3.719 -3.707 -3.693 -3.677 -3.659 
-3.638 -3.616 -3.590 -3.563 -3.533 -3.501 -3.466 -3.429 -3.389 -3.346 
-3.300 -3.252 -3.200 -3.146 -3.089 -3.030 -2.969 -2.906 -2.843 -2.780 
-2.718 -2.658 -2.600 -2.543 -2.487 -2.430 -2.372 -2.313 -2.253 -2.193 
-2.134 -2.080 -2.031 -1.985 -1.941 -1.898 -1.854 -1.814 -1.781 -1.764 
-1.775 
-1.745 -1.780 -1.869 -1.986 -2.114 -2.244 -2.368 -2.484 -2.593 -2.693 
-2.785 -2.871 -2.951 -3.024 -3.092 -3.156 -3.215 -3.269 -3.320 -3.367 
-3.410 -3.451 -3.488 -3.522 -3.553 -3.582 -3.608 -3.631 -3.652 -3.670 
-3.686 -3.700 -3.712 -3.721 -3.728 -3.733 -3.736 -3.736 -3.735 -3.731 
-3.725 -3.717 -3.707 -3.694 -3.679 -3.662 -3.643 -3.621 -3.597 -3.570 
-3.541 -3.509 -3.475 -3.437 -3.397 -3.354 -3.308 -3.258 -3.205 -3.149 
-3.090 -3.027 -2.961 -2.892 -2.821 -2.748 -2.675 -2.604 -2.535 -2.472 
-2.416 -2.369 -2.332 -2.304 -2.284 -2.268 -2.254 -2.239 -2.223 -2.202 
-2.176 -2.143 -2.104 -2.058 -2.005 -1.947 -1.884 -1.821 -1.767 -1.732 
-1.739 
-1.874 -1.960 -2.065 -2.179 -2.292 -2.401 -2.503 -2.599 -2.688 -2.771 
-2.849 -2.921 -2.989 -3.052 -3.111 -3.166 -3.218 -3.266 -3.311 -3.353 
-3.392 -3.428 -3.462 -3.493 -3.521 -3.547 -3.571 -3.593 -3.613 -3.630 
-3.645 -3.658 -3.670 -3.679 -3.686 -3.692 -3.695 -3.697 -3.697 -3.695 
-3.691 -3.685 -3.677 -3.668 -3.656 -3.643 -3.628 -3.611 -3.592 -3.572 
-3.549 -3.525 -3.498 -3.470 -3.440 -3.408 -3.375 -3.339 -3.302 -3.262 
-3.221 -3.178 -3.132 -3.085 -3.036 -2.985 -2.933 -2.880 -2.826 -2.774 
-2.723 -2.675 -2.629 -2.586 -2.543 -2.501 -2.457 -2.411 -2.362 -2.310 
-2.254 -2.195 -2.133 -2.069 -2.006 -1.947 -1.897 -1.862 -1.843 -1.846 
-1.854 
-1.841 -1.909 -2.056 -2.221 -2.380 -2.523 -2.650 -2.764 -2.866 -2.959 
-3.043 -3.120 -3.190 -3.255 -3.314 -3.369 -3.420 -3.466 -3.509 -3.549 
-3.585 -3.618 -3.649 -3.676 -3.701 -3.723 -3.743 -3.761 -3.776 -3.789 
-3.799 -3.808 -3.814 -3.818 -3.821 -3.821 -3.819 -3.815 -3.810 -3.802 
-3.793 -3.781 -3.768 -3.753 -3.736 -3.718 -3.698 -3.676 -3.653 -3.628 
-3.602 -3.575 -3.546 -3.517 -3.487 -3.456 -3.425 -3.394 -3.364 -3.333 
-3.303 -3.274 -3.245 -3.218 -3.191 -3.164 -3.138 -3.113 -3.086 -3.060 
-3.032 -3.003 -2.972 -2.940 -2.904 -2.866 -2.825 -2.780 -2.731 -2.678 
-2.619 -2.555 -2.484 -2.406 -2.321 -2.227 -2.123 -2.011 -1.902 -1.825 
-1.820 
