IRGRID 64 91
1e+308

0.025 0.03 0.035 0.04 0.045 0.05 0.055 0.06 0.065 0.07
0.075 0.08 0.085 0.09 0.095 0.1 0.11 0.12 0.13 0.14
0.15 0.16 0.17 0.18 0.19 0.2 0.21 0.22 0.23 0.24
0.25 0.26 0.27 0.28 0.29 0.3 0.31 0.32 0.33 0.34
0.35 0.36 0.37 0.38 0.39 0.4 0.41 0.42 0.43 0.44
0.45 0.46 0.47 0.48 0.49 0.5 0.51 0.52 0.53 0.54
0.55 0.56 0.57 0.58
0 4 8 12 16 20 24 28 32 36
40 44 48 52 56 60 64 68 72 76
80 84 88 92 96 100 104 108 112 116
120 124 128 132 136 140 144 148 152 156
160 164 168 172 176 180 184 188 192 196
200 204 208 212 216 220 224 228 232 236
240 244 248 252 256 260 264 268 272 276
280 284 288 292 296 300 304 308 312 316
320 324 328 332 336 340 344 348 352 356
360
-4.000 -4.000 -4.000 -4.000 -4.000 -4.000 -4.000 -4.000 -4.000 -4.000 
-4.000 -4.000 -4.000 -4.000 -4.000 -4.000 -4.000 -4.000 -4.000 -4.000 
-4.000 -4.000 -4.000 -4.000 -4.000 -4.000 -4.000 -4.000 -4.000 -4.000 
-4.000 -4.000 -4.000 -4.000 -4.000 -4.000 -4.000 -4.000 -4.000 -4.000 
-4.000 -4.000 -4.000 -4.000 -4.000 -4.000 -4.000 -4.000 -4.000 -4.000 
-4.000 -4.000 -4.000 -4.000 -4.000 -4.000 -4.000 -4.000 -4.000 -4.000 
-4.000 -4.000 -4.000 -4.000 -4.000 -4.000 -4.000 -4.000 -4.000 -4.000 
-4.000 -4.000 -4.000 -4.000 -4.000 -4.000 -4.000 -4.000 -4.000 -4.000 
-4.000 -4.000 -4.000 -4.000 -4.000 -4.000 -4.000 -4.000 -4.000 -4.000 
-4.000 
-3.958 -4.000 -4.000 -4.000 -4.000 -4.000 -4.000 -4.000 -4.000 -4.000 
-4.000 -4.000 -4.000 -4.000 -4.000 -4.000 -4.000 -4.000 -4.000 -4.000 
-4.000 -4.000 -4.000 -4.000 -4.000 -4.000 -4.000 -4.000 -4.000 -4.000 
-4.000 -4.000 -4.000 -4.000 -4.000 -4.000 -4.000 -4.000 -4.000 -4.000 
-4.000 -4.000 -4.000 -3.999 -3.989 -3.981 -3.975 -3.970 -3.966 -3.964 
-3.963 -3.962 -3.962 -3.962 -3.961 -3.957 -3.952 -3.943 -3.930 -3.913 
-3.891 -3.864 -3.834 -3.801 -3.769 -3.741 -3.722 -3.717 -3.726 -3.747 
-3.776 -3.805 -3.829 -3.845 -3.849 -3.843 -3.827 -3.804 -3.775 -3.745 
-3.718 -3.699 -3.692 -3.702 -3.728 -3.769 -3.821 -3.880 -3.943 -4.000 
-3.958 
-3.264 -3.296 -3.349 -3.398 -3.445 -3.489 -3.530 -3.567 -3.602 -3.635 
-3.664 -3.691 -3.715 -3.737 -3.756 -3.773 -3.787 -3.799 -3.808 -3.815 
-3.819 -3.821 -3.821 -3.819 -3.814 -3.806 -3.796 -3.784 -3.770 -3.753 
-3.734 -3.712 -3.688 -3.662 -3.633 -3.603 -3.570 -3.535 -3.499 -3.461 
-3.421 -3.379 -3.337 -3.293 -3.248 -3.203 -3.158 -3.116 -3.077 -3.046 
-3.026 -3.019 -3.026 -3.045 -3.072 -3.103 -3.136 -3.167 -3.196 -3.222 
-3.245 -3.263 -3.277 -3.287 -3.293 -3.296 -3.295 -3.291 -3.284 -3.275 
-3.261 -3.243 -3.221 -3.194 -3.163 -3.128 -3.089 -3.049 -3.008 -2.970 
-2.937 -2.914 -2.904 -2.910 -2.932 -2.968 -3.015 -3.068 -3.126 -3.184 
-3.240 
-2.938 -2.993 -3.025 -3.057 -3.089 -3.120 -3.151 -3.180 -3.208 -3.235 
-3.261 -3.285 -3.307 -3.327 -3.346 -3.362 -3.377 -3.389 -3.400 -3.409 
-3.415 -3.419 -3.421 -3.421 -3.419 -3.414 -3.407 -3.397 -3.385 -3.371 
-3.354 -3.334 -3.312 -3.286 -3.258 -3.226 -3.191 -3.153 -3.111 -3.066 
-3.016 -2.963 -2.906 -2.845 -2.781 -2.715 -2.649 -2.586 -2.530 -2.484 
-2.454 -2.443 -2.451 -2.475 -2.512 -2.556 -2.604 -2.652 -2.697 -2.740 
-2.777 -2.811 -2.840 -2.864 -2.884 -2.900 -2.913 -2.921 -2.926 -2.927 
-2.925 -2.921 -2.914 -2.904 -2.892 -2.878 -2.863 -2.848 -2.832 -2.819 
-2.807 -2.800 -2.798 -2.802 -2.812 -2.829 -2.850 -2.874 -2.902 -2.931 
-2.933 
-2.659 -2.667 -2.711 -2.755 -2.799 -2.841 -2.882 -2.921 -2.958 -2.994 
-3.028 -3.059 -3.089 -3.117 -3.143 -3.166 -3.188 -3.208 -3.225 -3.241 
-3.255 -3.267 -3.277 -3.286 -3.292 -3.297 -3.300 -3.301 -3.300 -3.298 
-3.294 -3.288 -3.280 -3.271 -3.259 -3.246 -3.231 -3.215 -3.196 -3.175 
-3.152 -3.127 -3.100 -3.070 -3.038 -3.003 -2.967 -2.930 -2.895 -2.863 
-2.836 -2.818 -2.807 -2.802 -2.799 -2.798 -2.795 -2.790 -2.784 -2.776 
-2.767 -2.757 -2.745 -2.733 -2.720 -2.706 -2.690 -2.674 -2.656 -2.636 
-2.616 -2.593 -2.570 -2.545 -2.520 -2.495 -2.470 -2.446 -2.425 -2.407 
-2.394 -2.388 -2.388 -2.396 -2.412 -2.435 -2.464 -2.499 -2.538 -2.579 
-2.639 
-2.819 -2.855 -2.883 -2.913 -2.944 -2.977 -3.011 -3.046 -3.080 -3.114 
-3.146 -3.178 -3.208 -3.237 -3.263 -3.288 -3.311 -3.331 -3.349 -3.366 
-3.379 -3.391 -3.400 -3.407 -3.412 -3.414 -3.414 -3.411 -3.406 -3.398 
-3.388 -3.376 -3.360 -3.343 -3.322 -3.299 -3.274 -3.246 -3.215 -3.182 
-3.148 -3.112 -3.075 -3.038 -3.002 -2.967 -2.935 -2.905 -2.880 -2.857 
-2.838 -2.821 -2.805 -2.790 -2.776 -2.762 -2.749 -2.736 -2.725 -2.716 
-2.709 -2.705 -2.703 -2.702 -2.704 -2.706 -2.709 -2.713 -2.716 -2.719 
-2.722 -2.724 -2.725 -2.727 -2.727 -2.727 -2.726 -2.724 -2.722 -2.720 
-2.719 -2.719 -2.721 -2.725 -2.732 -2.742 -2.754 -2.769 -2.787 -2.807 
-2.814 
-2.981 -3.009 -3.035 -3.059 -3.082 -3.105 -3.125 -3.145 -3.162 -3.178 
-3.192 -3.204 -3.214 -3.221 -3.227 -3.231 -3.232 -3.231 -3.228 -3.223 
-3.216 -3.207 -3.195 -3.181 -3.165 -3.147 -3.126 -3.103 -3.078 -3.050 
-3.020 -2.988 -2.953 -2.915 -2.876 -2.834 -2.789 -2.743 -2.695 -2.646 
-2.595 -2.544 -2.493 -2.444 -2.397 -2.352 -2.312 -2.276 -2.245 -2.219 
-2.197 -2.179 -2.164 -2.154 -2.150 -2.151 -2.158 -2.171 -2.188 -2.208 
-2.230 -2.251 -2.272 -2.292 -2.310 -2.327 -2.343 -2.357 -2.371 -2.385 
-2.399 -2.416 -2.433 -2.454 -2.477 -2.503 -2.531 -2.562 -2.595 -2.629 
-2.664 -2.700 -2.735 -2.769 -2.803 -2.836 -2.868 -2.898 -2.927 -2.955 
-2.972 
-2.974 -2.997 -3.016 -3.033 -3.048 -3.062 -3.074 -3.084 -3.092 -3.098 
-3.103 -3.106 -3.107 -3.107 -3.104 -3.100 -3.095 -3.087 -3.078 -3.067 
-3.055 -3.041 -3.025 -3.008 -2.989 -2.968 -2.946 -2.923 -2.898 -2.872 
-2.844 -2.815 -2.784 -2.751 -2.717 -2.681 -2.644 -2.604 -2.562 -2.517 
-2.471 -2.422 -2.370 -2.316 -2.260 -2.201 -2.142 -2.081 -2.019 -1.958 
-1.899 -1.845 -1.796 -1.757 -1.729 -1.714 -1.711 -1.720 -1.739 -1.764 
-1.793 -1.824 -1.856 -1.890 -1.926 -1.968 -2.014 -2.064 -2.116 -2.169 
-2.222 -2.273 -2.323 -2.372 -2.419 -2.464 -2.509 -2.552 -2.594 -2.634 
-2.673 -2.711 -2.747 -2.782 -2.815 -2.846 -2.876 -2.904 -2.930 -2.954 
-2.967 
-2.832 -2.852 -2.865 -2.876 -2.884 -2.891 -2.895 -2.898 -2.898 -2.897 
-2.894 -2.889 -2.882 -2.874 -2.864 -2.852 -2.838 -2.823 -2.807 -2.789 
-2.770 -2.749 -2.728 -2.705 -2.682 -2.657 -2.633 -2.607 -2.582 -2.556 
-2.530 -2.505 -2.479 -2.454 -2.430 -2.406 -2.382 -2.359 -2.336 -2.314 
-2.292 -2.270 -2.247 -2.224 -2.199 -2.174 -2.147 -2.117 -2.086 -2.052 
-2.015 -1.977 -1.936 -1.894 -1.851 -1.806 -1.757 -1.704 -1.644 -1.576 
-1.503 -1.434 -1.386 -1.379 -1.419 -1.489 -1.573 -1.661 -1.750 -1.838 
-1.924 -2.006 -2.084 -2.158 -2.226 -2.291 -2.351 -2.407 -2.459 -2.507 
-2.551 -2.593 -2.631 -2.666 -2.698 -2.728 -2.755 -2.779 -2.801 -2.820 
-2.827 
-2.259 -2.330 -2.335 -2.338 -2.338 -2.338 -2.335 -2.332 -2.328 -2.323 
-2.317 -2.312 -2.306 -2.301 -2.296 -2.291 -2.287 -2.284 -2.280 -2.277 
-2.274 -2.270 -2.265 -2.259 -2.252 -2.243 -2.232 -2.219 -2.203 -2.186 
-2.167 -2.145 -2.122 -2.097 -2.071 -2.045 -2.017 -1.990 -1.962 -1.935 
-1.908 -1.882 -1.857 -1.831 -1.806 -1.780 -1.754 -1.726 -1.696 -1.664 
-1.629 -1.589 -1.545 -1.496 -1.440 -1.376 -1.304 -1.223 -1.132 -1.033 
-0.932 -0.842 -0.784 -0.777 -0.827 -0.917 -1.028 -1.145 -1.259 -1.367 
-1.467 -1.560 -1.645 -1.723 -1.795 -1.860 -1.919 -1.973 -2.022 -2.067 
-2.107 -2.143 -2.176 -2.205 -2.231 -2.253 -2.273 -2.289 -2.303 -2.315 
-2.256 
-1.774 -1.741 -1.740 -1.738 -1.734 -1.729 -1.723 -1.716 -1.709 -1.703 
-1.696 -1.690 -1.685 -1.681 -1.678 -1.677 -1.678 -1.681 -1.686 -1.692 
-1.699 -1.708 -1.718 -1.728 -1.738 -1.748 -1.758 -1.767 -1.776 -1.783 
-1.788 -1.792 -1.795 -1.796 -1.794 -1.791 -1.786 -1.779 -1.769 -1.758 
-1.744 -1.728 -1.710 -1.689 -1.665 -1.638 -1.608 -1.575 -1.537 -1.494 
-1.446 -1.391 -1.328 -1.256 -1.171 -1.071 -0.948 -0.795 -0.618 -0.481 
-0.496 -0.586 -0.636 -0.653 -0.669 -0.700 -0.751 -0.819 -0.896 -0.978 
-1.058 -1.135 -1.208 -1.274 -1.335 -1.390 -1.440 -1.485 -1.526 -1.562 
-1.594 -1.622 -1.647 -1.669 -1.687 -1.702 -1.715 -1.725 -1.732 -1.737 
-1.774 
-1.922 -1.951 -1.957 -1.961 -1.963 -1.964 -1.963 -1.961 -1.958 -1.954 
-1.949 -1.943 -1.936 -1.929 -1.922 -1.914 -1.906 -1.898 -1.890 -1.881 
-1.871 -1.862 -1.851 -1.840 -1.828 -1.815 -1.802 -1.788 -1.772 -1.756 
-1.739 -1.722 -1.703 -1.683 -1.663 -1.641 -1.619 -1.595 -1.570 -1.544 
-1.516 -1.486 -1.455 -1.421 -1.384 -1.345 -1.301 -1.253 -1.200 -1.141 
-1.074 -0.998 -0.910 -0.809 -0.690 -0.547 -0.374 -0.172 0.032 0.160 
0.142 0.071 0.152 0.086 -0.253 -0.514 -0.702 -0.849 -0.973 -1.080 
-1.175 -1.260 -1.337 -1.406 -1.469 -1.526 -1.578 -1.625 -1.668 -1.707 
-1.743 -1.775 -1.804 -1.831 -1.854 -1.875 -1.893 -1.909 -1.923 -1.934 
-1.920 
-1.905 -1.924 -1.937 -1.947 -1.955 -1.962 -1.966 -1.969 -1.970 -1.969 
-1.966 -1.962 -1.956 -1.949 -1.940 -1.930 -1.919 -1.906 -1.892 -1.877 
-1.861 -1.844 -1.825 -1.806 -1.786 -1.764 -1.742 -1.718 -1.694 -1.669 
-1.643 -1.616 -1.589 -1.561 -1.532 -1.504 -1.475 -1.446 -1.416 -1.387 
-1.357 -1.328 -1.297 -1.267 -1.235 -1.202 -1.167 -1.130 -1.090 -1.047 
-0.998 -0.944 -0.883 -0.812 -0.731 -0.635 -0.519 -0.378 -0.207 -0.024 
0.172 0.461 0.725 0.726 0.485 0.166 -0.138 -0.379 -0.571 -0.730 
-0.865 -0.982 -1.086 -1.177 -1.260 -1.335 -1.402 -1.464 -1.520 -1.572 
-1.619 -1.662 -1.702 -1.738 -1.771 -1.801 -1.828 -1.852 -1.874 -1.893 
-1.900 
-1.764 -1.760 -1.766 -1.769 -1.771 -1.771 -1.769 -1.765 -1.760 -1.753 
-1.745 -1.737 -1.728 -1.719 -1.710 -1.702 -1.694 -1.686 -1.680 -1.674 
-1.669 -1.665 -1.662 -1.658 -1.655 -1.652 -1.649 -1.646 -1.643 -1.640 
-1.636 -1.631 -1.626 -1.621 -1.614 -1.606 -1.597 -1.587 -1.575 -1.562 
-1.548 -1.532 -1.514 -1.493 -1.471 -1.446 -1.419 -1.388 -1.354 -1.316 
-1.273 -1.225 -1.171 -1.109 -1.040 -0.960 -0.868 -0.760 -0.630 -0.472 
-0.271 0.000 0.367 0.719 0.545 0.406 0.126 -0.167 -0.404 -0.591 
-0.745 -0.875 -0.986 -1.082 -1.167 -1.243 -1.310 -1.370 -1.424 -1.472 
-1.516 -1.555 -1.590 -1.621 -1.649 -1.673 -1.694 -1.713 -1.728 -1.741 
-1.760 
-1.705 -1.727 -1.727 -1.724 -1.719 -1.711 -1.702 -1.690 -1.677 -1.663 
-1.647 -1.632 -1.618 -1.605 -1.595 -1.588 -1.585 -1.587 -1.592 -1.601 
-1.614 -1.630 -1.648 -1.668 -1.688 -1.709 -1.729 -1.748 -1.766 -1.783 
-1.798 -1.811 -1.822 -1.831 -1.837 -1.842 -1.844 -1.843 -1.840 -1.834 
-1.825 -1.813 -1.799 -1.780 -1.759 -1.733 -1.703 -1.669 -1.631 -1.587 
-1.537 -1.480 -1.416 -1.343 -1.259 -1.163 -1.051 -0.917 -0.754 -0.546 
-0.262 0.180 0.741 1.053 0.653 0.080 -0.279 -0.537 -0.733 -0.888 
-1.015 -1.121 -1.211 -1.288 -1.355 -1.413 -1.463 -1.507 -1.544 -1.577 
-1.605 -1.629 -1.649 -1.667 -1.681 -1.693 -1.703 -1.711 -1.718 -1.723 
-1.707 
-1.573 -1.564 -1.589 -1.617 -1.645 -1.673 -1.701 -1.728 -1.754 -1.778 
-1.800 -1.820 -1.837 -1.853 -1.868 -1.882 -1.895 -1.908 -1.921 -1.935 
-1.949 -1.963 -1.977 -1.991 -2.004 -2.016 -2.028 -2.038 -2.047 -2.054 
-2.060 -2.063 -2.065 -2.064 -2.061 -2.055 -2.047 -2.036 -2.022 -2.005 
-1.985 -1.962 -1.935 -1.905 -1.870 -1.832 -1.789 -1.741 -1.688 -1.629 
-1.564 -1.491 -1.409 -1.317 -1.212 -1.092 -0.952 -0.784 -0.577 -0.305 
0.077 0.489 0.713 0.732 0.166 -0.209 -0.458 -0.641 -0.782 -0.896 
-0.990 -1.068 -1.133 -1.188 -1.235 -1.274 -1.307 -1.334 -1.357 -1.376 
-1.393 -1.407 -1.419 -1.431 -1.442 -1.454 -1.467 -1.482 -1.499 -1.518 
-1.562 
-1.884 -1.926 -1.937 -1.947 -1.955 -1.962 -1.966 -1.969 -1.969 -1.967 
-1.963 -1.958 -1.951 -1.942 -1.933 -1.923 -1.913 -1.904 -1.895 -1.887 
-1.880 -1.875 -1.872 -1.870 -1.869 -1.870 -1.873 -1.876 -1.879 -1.883 
-1.886 -1.889 -1.891 -1.892 -1.891 -1.889 -1.885 -1.879 -1.870 -1.860 
-1.847 -1.832 -1.814 -1.794 -1.770 -1.744 -1.714 -1.681 -1.643 -1.601 
-1.553 -1.500 -1.439 -1.370 -1.291 -1.199 -1.093 -0.965 -0.810 -0.613 
-0.348 0.038 0.412 0.545 0.402 -0.005 -0.372 -0.632 -0.829 -0.986 
-1.115 -1.224 -1.317 -1.397 -1.467 -1.528 -1.581 -1.628 -1.669 -1.704 
-1.736 -1.763 -1.787 -1.808 -1.827 -1.844 -1.860 -1.875 -1.889 -1.902 
-1.883 
-2.151 -2.179 -2.195 -2.208 -2.220 -2.229 -2.236 -2.241 -2.244 -2.245 
-2.245 -2.242 -2.238 -2.232 -2.225 -2.217 -2.207 -2.197 -2.186 -2.174 
-2.161 -2.148 -2.134 -2.119 -2.104 -2.088 -2.070 -2.052 -2.033 -2.012 
-1.991 -1.967 -1.943 -1.918 -1.891 -1.864 -1.835 -1.806 -1.776 -1.746 
-1.716 -1.685 -1.653 -1.621 -1.589 -1.555 -1.520 -1.484 -1.445 -1.404 
-1.359 -1.311 -1.257 -1.197 -1.130 -1.053 -0.965 -0.862 -0.739 -0.589 
-0.400 -0.150 0.197 0.562 0.642 0.352 -0.044 -0.365 -0.606 -0.798 
-0.957 -1.093 -1.212 -1.316 -1.410 -1.494 -1.571 -1.641 -1.705 -1.763 
-1.817 -1.867 -1.912 -1.954 -1.993 -2.028 -2.060 -2.089 -2.115 -2.139 
-2.144 
-2.113 -2.136 -2.165 -2.191 -2.216 -2.239 -2.260 -2.279 -2.296 -2.311 
-2.324 -2.336 -2.346 -2.354 -2.361 -2.365 -2.368 -2.370 -2.369 -2.367 
-2.364 -2.358 -2.351 -2.342 -2.332 -2.320 -2.306 -2.291 -2.274 -2.255 
-2.235 -2.213 -2.189 -2.164 -2.138 -2.110 -2.080 -2.048 -2.016 -1.981 
-1.945 -1.907 -1.868 -1.826 -1.782 -1.736 -1.687 -1.636 -1.581 -1.522 
-1.459 -1.392 -1.319 -1.241 -1.155 -1.061 -0.956 -0.838 -0.702 -0.542 
-0.347 -0.097 0.223 0.521 0.602 0.364 0.128 -0.032 -0.231 -0.446 
-0.636 -0.800 -0.940 -1.063 -1.172 -1.270 -1.359 -1.441 -1.516 -1.585 
-1.650 -1.710 -1.766 -1.818 -1.868 -1.914 -1.957 -1.998 -2.036 -2.071 
-2.102 
-2.103 -2.129 -2.168 -2.203 -2.236 -2.266 -2.294 -2.320 -2.343 -2.364 
-2.383 -2.400 -2.415 -2.427 -2.438 -2.447 -2.454 -2.459 -2.462 -2.463 
-2.462 -2.459 -2.455 -2.448 -2.440 -2.429 -2.417 -2.402 -2.386 -2.367 
-2.347 -2.324 -2.299 -2.272 -2.243 -2.211 -2.177 -2.140 -2.101 -2.059 
-2.015 -1.967 -1.916 -1.862 -1.805 -1.744 -1.679 -1.610 -1.537 -1.458 
-1.375 -1.286 -1.191 -1.090 -0.984 -0.876 -0.768 -0.665 -0.567 -0.472 
-0.368 -0.242 -0.079 0.137 0.278 0.357 0.470 0.494 0.377 0.154 
-0.093 -0.316 -0.511 -0.681 -0.831 -0.966 -1.088 -1.199 -1.302 -1.396 
-1.483 -1.564 -1.639 -1.710 -1.775 -1.837 -1.894 -1.948 -1.998 -2.045 
-2.088 
-2.177 -2.224 -2.262 -2.298 -2.331 -2.361 -2.389 -2.414 -2.436 -2.456 
-2.474 -2.490 -2.503 -2.514 -2.523 -2.530 -2.535 -2.537 -2.538 -2.536 
-2.532 -2.526 -2.518 -2.508 -2.496 -2.481 -2.465 -2.446 -2.424 -2.401 
-2.374 -2.346 -2.315 -2.281 -2.244 -2.204 -2.162 -2.116 -2.067 -2.015 
-1.959 -1.899 -1.835 -1.766 -1.693 -1.615 -1.531 -1.441 -1.345 -1.242 
-1.132 -1.014 -0.888 -0.757 -0.624 -0.494 -0.376 -0.278 -0.205 -0.153 
-0.113 -0.073 -0.020 0.057 0.166 0.315 0.486 0.584 0.527 0.336 
0.071 -0.195 -0.430 -0.633 -0.810 -0.965 -1.104 -1.229 -1.343 -1.446 
-1.541 -1.629 -1.710 -1.785 -1.855 -1.920 -1.980 -2.036 -2.088 -2.137 
-2.164 
-2.172 -2.186 -2.221 -2.253 -2.282 -2.309 -2.333 -2.355 -2.374 -2.392 
-2.407 -2.419 -2.430 -2.438 -2.445 -2.449 -2.451 -2.452 -2.450 -2.446 
-2.440 -2.432 -2.422 -2.409 -2.395 -2.379 -2.360 -2.339 -2.316 -2.291 
-2.263 -2.233 -2.201 -2.166 -2.128 -2.088 -2.045 -1.999 -1.950 -1.898 
-1.843 -1.785 -1.723 -1.657 -1.587 -1.513 -1.434 -1.349 -1.259 -1.164 
-1.066 -0.971 -0.887 -0.818 -0.757 -0.695 -0.629 -0.562 -0.497 -0.433 
-0.363 -0.281 -0.177 -0.041 0.138 0.364 0.573 0.641 0.520 0.228 
-0.085 -0.345 -0.561 -0.745 -0.904 -1.044 -1.170 -1.283 -1.386 -1.480 
-1.567 -1.646 -1.720 -1.788 -1.852 -1.911 -1.966 -2.017 -2.064 -2.108 
-2.158 
-2.316 -2.382 -2.418 -2.451 -2.481 -2.508 -2.533 -2.555 -2.574 -2.591 
-2.606 -2.618 -2.629 -2.636 -2.642 -2.645 -2.647 -2.646 -2.642 -2.637 
-2.629 -2.619 -2.607 -2.592 -2.575 -2.556 -2.534 -2.510 -2.483 -2.453 
-2.420 -2.385 -2.346 -2.304 -2.259 -2.210 -2.157 -2.100 -2.038 -1.972 
-1.900 -1.822 -1.738 -1.646 -1.546 -1.437 -1.319 -1.190 -1.053 -0.911 
-0.773 -0.657 -0.577 -0.542 -0.544 -0.562 -0.578 -0.581 -0.568 -0.542 
-0.504 -0.454 -0.388 -0.299 -0.175 -0.001 0.230 0.441 0.526 0.325 
-0.024 -0.351 -0.609 -0.821 -1.001 -1.159 -1.298 -1.422 -1.534 -1.636 
-1.729 -1.815 -1.893 -1.966 -2.033 -2.095 -2.153 -2.206 -2.255 -2.301 
-2.306 
-2.167 -2.192 -2.233 -2.271 -2.305 -2.337 -2.366 -2.393 -2.417 -2.439 
-2.458 -2.475 -2.489 -2.502 -2.512 -2.520 -2.526 -2.530 -2.531 -2.530 
-2.528 -2.523 -2.516 -2.507 -2.495 -2.482 -2.466 -2.448 -2.427 -2.404 
-2.379 -2.351 -2.320 -2.287 -2.251 -2.212 -2.169 -2.124 -2.075 -2.022 
-1.966 -1.905 -1.840 -1.769 -1.694 -1.612 -1.523 -1.428 -1.325 -1.214 
-1.100 -0.988 -0.886 -0.796 -0.710 -0.619 -0.523 -0.425 -0.334 -0.253 
-0.184 -0.124 -0.067 -0.006 0.064 0.147 0.239 0.329 0.380 0.256 
0.064 -0.146 -0.354 -0.547 -0.722 -0.880 -1.023 -1.152 -1.270 -1.378 
-1.478 -1.569 -1.654 -1.733 -1.806 -1.874 -1.937 -1.995 -2.050 -2.101 
-2.150 
-2.144 -2.167 -2.205 -2.240 -2.272 -2.302 -2.329 -2.353 -2.376 -2.396 
-2.413 -2.429 -2.442 -2.453 -2.462 -2.468 -2.473 -2.476 -2.476 -2.475 
-2.471 -2.466 -2.458 -2.448 -2.436 -2.422 -2.406 -2.388 -2.367 -2.344 
-2.319 -2.292 -2.262 -2.229 -2.194 -2.157 -2.116 -2.073 -2.027 -1.978 
-1.925 -1.870 -1.811 -1.749 -1.683 -1.613 -1.540 -1.463 -1.382 -1.298 
-1.211 -1.120 -1.028 -0.934 -0.840 -0.747 -0.656 -0.569 -0.487 -0.409 
-0.335 -0.261 -0.185 -0.101 -0.009 0.087 0.166 0.185 0.124 -0.001 
-0.167 -0.348 -0.524 -0.687 -0.837 -0.974 -1.099 -1.214 -1.320 -1.417 
-1.507 -1.591 -1.669 -1.741 -1.808 -1.871 -1.929 -1.984 -2.035 -2.082 
-2.128 
-2.284 -2.336 -2.372 -2.406 -2.438 -2.466 -2.492 -2.515 -2.537 -2.555 
-2.572 -2.586 -2.598 -2.607 -2.615 -2.620 -2.624 -2.625 -2.624 -2.621 
-2.616 -2.609 -2.599 -2.588 -2.574 -2.558 -2.540 -2.520 -2.497 -2.472 
-2.444 -2.414 -2.382 -2.346 -2.308 -2.267 -2.223 -2.176 -2.125 -2.072 
-2.014 -1.953 -1.888 -1.820 -1.746 -1.669 -1.587 -1.501 -1.411 -1.317 
-1.219 -1.119 -1.018 -0.918 -0.822 -0.730 -0.645 -0.568 -0.497 -0.429 
-0.360 -0.284 -0.195 -0.087 0.044 0.187 0.290 0.278 0.134 -0.076 
-0.290 -0.493 -0.680 -0.852 -1.007 -1.147 -1.275 -1.391 -1.497 -1.595 
-1.685 -1.768 -1.845 -1.917 -1.984 -2.045 -2.103 -2.157 -2.206 -2.253 
-2.273 
-2.294 -2.312 -2.351 -2.386 -2.419 -2.449 -2.476 -2.501 -2.523 -2.543 
-2.560 -2.575 -2.587 -2.598 -2.606 -2.612 -2.616 -2.617 -2.617 -2.614 
-2.609 -2.602 -2.593 -2.582 -2.568 -2.552 -2.534 -2.513 -2.490 -2.465 
-2.437 -2.406 -2.373 -2.337 -2.298 -2.256 -2.211 -2.163 -2.112 -2.057 
-1.998 -1.935 -1.869 -1.798 -1.723 -1.644 -1.561 -1.474 -1.383 -1.289 
-1.194 -1.099 -1.007 -0.921 -0.846 -0.784 -0.736 -0.697 -0.666 -0.636 
-0.603 -0.564 -0.514 -0.449 -0.363 -0.258 -0.153 -0.105 -0.114 -0.143 
-0.223 -0.360 -0.528 -0.703 -0.870 -1.025 -1.166 -1.295 -1.412 -1.519 
-1.617 -1.708 -1.791 -1.868 -1.939 -2.005 -2.066 -2.123 -2.176 -2.225 
-2.277 
-2.437 -2.493 -2.532 -2.568 -2.601 -2.632 -2.659 -2.684 -2.707 -2.726 
-2.744 -2.759 -2.772 -2.783 -2.791 -2.797 -2.801 -2.803 -2.802 -2.799 
-2.794 -2.787 -2.778 -2.766 -2.752 -2.736 -2.718 -2.697 -2.673 -2.647 
-2.619 -2.587 -2.553 -2.516 -2.476 -2.432 -2.386 -2.335 -2.281 -2.223 
-2.160 -2.093 -2.021 -1.944 -1.862 -1.773 -1.677 -1.575 -1.467 -1.352 
-1.232 -1.111 -0.994 -0.889 -0.804 -0.746 -0.713 -0.698 -0.688 -0.675 
-0.653 -0.622 -0.581 -0.534 -0.481 -0.420 -0.346 -0.259 -0.178 -0.158 
-0.245 -0.421 -0.631 -0.835 -1.019 -1.184 -1.331 -1.463 -1.583 -1.691 
-1.791 -1.882 -1.967 -2.044 -2.116 -2.183 -2.245 -2.302 -2.355 -2.405 
-2.425 
-2.391 -2.427 -2.467 -2.505 -2.539 -2.571 -2.601 -2.628 -2.652 -2.674 
-2.694 -2.712 -2.727 -2.741 -2.752 -2.761 -2.768 -2.772 -2.775 -2.776 
-2.774 -2.771 -2.765 -2.758 -2.748 -2.736 -2.722 -2.706 -2.687 -2.667 
-2.643 -2.618 -2.590 -2.559 -2.526 -2.490 -2.452 -2.410 -2.365 -2.317 
-2.265 -2.210 -2.151 -2.088 -2.020 -1.948 -1.870 -1.787 -1.698 -1.603 
-1.503 -1.397 -1.287 -1.176 -1.068 -0.963 -0.860 -0.754 -0.647 -0.539 
-0.436 -0.345 -0.269 -0.212 -0.177 -0.167 -0.185 -0.229 -0.292 -0.377 
-0.503 -0.659 -0.817 -0.965 -1.103 -1.230 -1.349 -1.459 -1.562 -1.658 
-1.748 -1.832 -1.910 -1.984 -2.053 -2.117 -2.178 -2.235 -2.288 -2.337 
-2.376 
-2.323 -2.349 -2.390 -2.427 -2.462 -2.494 -2.524 -2.552 -2.577 -2.600 
-2.620 -2.639 -2.655 -2.669 -2.681 -2.691 -2.699 -2.705 -2.709 -2.711 
-2.711 -2.709 -2.704 -2.698 -2.690 -2.680 -2.667 -2.653 -2.636 -2.617 
-2.596 -2.573 -2.548 -2.520 -2.489 -2.456 -2.420 -2.382 -2.341 -2.297 
-2.250 -2.200 -2.146 -2.089 -2.028 -1.963 -1.894 -1.821 -1.743 -1.661 
-1.573 -1.481 -1.383 -1.280 -1.172 -1.061 -0.947 -0.834 -0.725 -0.625 
-0.540 -0.476 -0.433 -0.412 -0.410 -0.425 -0.455 -0.499 -0.554 -0.617 
-0.694 -0.789 -0.897 -1.010 -1.122 -1.229 -1.332 -1.429 -1.522 -1.610 
-1.693 -1.771 -1.846 -1.916 -1.982 -2.045 -2.104 -2.159 -2.211 -2.260 
-2.307 
-2.387 -2.431 -2.476 -2.517 -2.555 -2.591 -2.624 -2.654 -2.681 -2.706 
-2.729 -2.749 -2.767 -2.783 -2.796 -2.808 -2.817 -2.824 -2.829 -2.832 
-2.833 -2.832 -2.829 -2.824 -2.816 -2.807 -2.795 -2.782 -2.766 -2.748 
-2.727 -2.705 -2.680 -2.653 -2.623 -2.591 -2.556 -2.519 -2.479 -2.435 
-2.389 -2.340 -2.288 -2.232 -2.173 -2.111 -2.044 -1.974 -1.900 -1.822 
-1.740 -1.654 -1.564 -1.471 -1.375 -1.277 -1.178 -1.081 -0.988 -0.904 
-0.832 -0.773 -0.726 -0.684 -0.644 -0.600 -0.550 -0.497 -0.449 -0.424 
-0.441 -0.505 -0.611 -0.744 -0.891 -1.040 -1.184 -1.318 -1.443 -1.557 
-1.663 -1.761 -1.852 -1.936 -2.014 -2.087 -2.155 -2.218 -2.277 -2.332 
-2.371 
-2.418 -2.461 -2.511 -2.557 -2.599 -2.639 -2.675 -2.709 -2.740 -2.768 
-2.794 -2.817 -2.837 -2.856 -2.872 -2.885 -2.897 -2.906 -2.913 -2.918 
-2.920 -2.921 -2.919 -2.915 -2.909 -2.901 -2.891 -2.878 -2.863 -2.846 
-2.827 -2.805 -2.781 -2.754 -2.725 -2.693 -2.658 -2.620 -2.579 -2.535 
-2.488 -2.437 -2.383 -2.325 -2.262 -2.195 -2.123 -2.047 -1.964 -1.876 
-1.781 -1.680 -1.571 -1.454 -1.330 -1.200 -1.065 -0.929 -0.801 -0.693 
-0.626 -0.606 -0.616 -0.632 -0.644 -0.645 -0.634 -0.609 -0.575 -0.540 
-0.515 -0.514 -0.549 -0.629 -0.749 -0.894 -1.047 -1.197 -1.339 -1.471 
-1.592 -1.705 -1.808 -1.904 -1.993 -2.075 -2.152 -2.223 -2.289 -2.351 
-2.399 
-2.416 -2.460 -2.508 -2.553 -2.594 -2.633 -2.669 -2.702 -2.732 -2.760 
-2.785 -2.808 -2.829 -2.847 -2.863 -2.876 -2.887 -2.897 -2.904 -2.908 
-2.911 -2.912 -2.910 -2.906 -2.900 -2.892 -2.882 -2.869 -2.854 -2.837 
-2.818 -2.796 -2.771 -2.744 -2.715 -2.682 -2.647 -2.609 -2.568 -2.523 
-2.475 -2.423 -2.367 -2.308 -2.243 -2.174 -2.099 -2.018 -1.931 -1.837 
-1.734 -1.623 -1.502 -1.369 -1.224 -1.066 -0.896 -0.720 -0.549 -0.413 
-0.345 -0.355 -0.421 -0.506 -0.587 -0.655 -0.708 -0.747 -0.777 -0.799 
-0.819 -0.844 -0.886 -0.950 -1.036 -1.135 -1.241 -1.348 -1.456 -1.560 
-1.661 -1.758 -1.849 -1.935 -2.016 -2.092 -2.164 -2.231 -2.294 -2.353 
-2.399 
-2.441 -2.472 -2.523 -2.571 -2.615 -2.656 -2.693 -2.728 -2.760 -2.789 
-2.815 -2.839 -2.860 -2.879 -2.895 -2.909 -2.920 -2.930 -2.937 -2.941 
-2.944 -2.944 -2.942 -2.938 -2.931 -2.923 -2.912 -2.898 -2.882 -2.864 
-2.843 -2.820 -2.794 -2.766 -2.734 -2.700 -2.662 -2.621 -2.577 -2.529 
-2.478 -2.422 -2.361 -2.296 -2.226 -2.150 -2.068 -1.979 -1.884 -1.780 
-1.669 -1.551 -1.428 -1.302 -1.177 -1.055 -0.941 -0.843 -0.769 -0.722 
-0.713 -0.748 -0.808 -0.869 -0.919 -0.953 -0.972 -0.975 -0.966 -0.951 
-0.946 -0.960 -0.986 -1.018 -1.059 -1.116 -1.192 -1.284 -1.386 -1.494 
-1.602 -1.707 -1.807 -1.902 -1.991 -2.075 -2.153 -2.226 -2.294 -2.358 
-2.419 
-2.581 -2.658 -2.702 -2.743 -2.781 -2.817 -2.849 -2.878 -2.905 -2.929 
-2.950 -2.969 -2.985 -2.999 -3.011 -3.020 -3.027 -3.032 -3.034 -3.034 
-3.032 -3.028 -3.021 -3.012 -3.000 -2.986 -2.970 -2.951 -2.930 -2.906 
-2.879 -2.849 -2.817 -2.781 -2.743 -2.701 -2.655 -2.606 -2.552 -2.495 
-2.433 -2.366 -2.293 -2.215 -2.131 -2.040 -1.942 -1.836 -1.723 -1.603 
-1.478 -1.353 -1.234 -1.131 -1.049 -0.991 -0.953 -0.938 -0.950 -0.983 
-1.020 -1.052 -1.070 -1.072 -1.056 -1.021 -0.967 -0.897 -0.822 -0.766 
-0.761 -0.824 -0.944 -1.087 -1.228 -1.358 -1.480 -1.595 -1.704 -1.807 
-1.905 -1.997 -2.084 -2.165 -2.242 -2.314 -2.381 -2.444 -2.503 -2.558 
-2.570 
-2.443 -2.462 -2.509 -2.554 -2.597 -2.636 -2.673 -2.707 -2.738 -2.767 
-2.794 -2.818 -2.839 -2.858 -2.875 -2.890 -2.902 -2.912 -2.919 -2.925 
-2.928 -2.929 -2.928 -2.924 -2.918 -2.910 -2.900 -2.887 -2.872 -2.854 
-2.834 -2.811 -2.786 -2.758 -2.726 -2.692 -2.655 -2.614 -2.570 -2.521 
-2.469 -2.413 -2.351 -2.285 -2.213 -2.135 -2.050 -1.958 -1.858 -1.749 
-1.631 -1.504 -1.369 -1.228 -1.086 -0.950 -0.840 -0.786 -0.801 -0.871 
-0.964 -1.056 -1.136 -1.200 -1.246 -1.275 -1.286 -1.280 -1.261 -1.240 
-1.242 -1.283 -1.349 -1.416 -1.475 -1.528 -1.580 -1.633 -1.687 -1.744 
-1.803 -1.865 -1.928 -1.993 -2.057 -2.121 -2.183 -2.244 -2.302 -2.358 
-2.422 
-2.561 -2.611 -2.659 -2.703 -2.743 -2.781 -2.816 -2.848 -2.878 -2.904 
-2.928 -2.950 -2.969 -2.986 -3.000 -3.013 -3.022 -3.030 -3.035 -3.038 
-3.039 -3.038 -3.034 -3.028 -3.020 -3.010 -2.997 -2.982 -2.964 -2.944 
-2.922 -2.896 -2.868 -2.838 -2.804 -2.768 -2.728 -2.685 -2.638 -2.588 
-2.534 -2.475 -2.412 -2.345 -2.272 -2.193 -2.109 -2.018 -1.921 -1.818 
-1.709 -1.595 -1.480 -1.367 -1.261 -1.170 -1.099 -1.059 -1.055 -1.076 
-1.107 -1.142 -1.176 -1.205 -1.226 -1.239 -1.242 -1.239 -1.231 -1.223 
-1.221 -1.230 -1.252 -1.288 -1.339 -1.405 -1.483 -1.569 -1.660 -1.753 
-1.845 -1.934 -2.019 -2.101 -2.179 -2.252 -2.322 -2.387 -2.449 -2.507 
-2.544 
-2.637 -2.694 -2.743 -2.789 -2.831 -2.869 -2.905 -2.938 -2.968 -2.996 
-3.020 -3.043 -3.062 -3.080 -3.095 -3.108 -3.118 -3.126 -3.132 -3.136 
-3.137 -3.137 -3.134 -3.129 -3.122 -3.112 -3.100 -3.086 -3.070 -3.051 
-3.030 -3.006 -2.980 -2.951 -2.920 -2.885 -2.848 -2.807 -2.763 -2.716 
-2.665 -2.610 -2.552 -2.488 -2.421 -2.348 -2.269 -2.185 -2.094 -1.997 
-1.892 -1.781 -1.662 -1.537 -1.408 -1.275 -1.140 -1.005 -0.874 -0.778 
-0.763 -0.792 -0.825 -0.854 -0.877 -0.890 -0.894 -0.891 -0.888 -0.891 
-0.912 -0.957 -1.030 -1.123 -1.229 -1.339 -1.448 -1.554 -1.658 -1.761 
-1.863 -1.962 -2.057 -2.148 -2.233 -2.314 -2.389 -2.459 -2.524 -2.585 
-2.622 
-2.572 -2.605 -2.664 -2.720 -2.771 -2.818 -2.863 -2.903 -2.941 -2.975 
-3.006 -3.035 -3.061 -3.084 -3.105 -3.123 -3.139 -3.152 -3.163 -3.171 
-3.178 -3.182 -3.183 -3.183 -3.180 -3.175 -3.167 -3.158 -3.145 -3.131 
-3.114 -3.094 -3.072 -3.047 -3.020 -2.990 -2.956 -2.920 -2.880 -2.837 
-2.791 -2.740 -2.686 -2.626 -2.563 -2.493 -2.418 -2.337 -2.249 -2.152 
-2.047 -1.930 -1.802 -1.660 -1.500 -1.320 -1.117 -0.890 -0.674 -0.548 
-0.579 -0.713 -0.862 -0.982 -1.070 -1.131 -1.171 -1.194 -1.205 -1.210 
-1.217 -1.233 -1.258 -1.290 -1.323 -1.355 -1.389 -1.432 -1.491 -1.566 
-1.654 -1.752 -1.853 -1.954 -2.053 -2.147 -2.237 -2.321 -2.399 -2.473 
-2.545 
-2.708 -2.771 -2.822 -2.871 -2.915 -2.956 -2.994 -3.028 -3.060 -3.089 
-3.115 -3.139 -3.160 -3.178 -3.194 -3.208 -3.219 -3.228 -3.235 -3.239 
-3.241 -3.241 -3.239 -3.234 -3.227 -3.218 -3.207 -3.193 -3.177 -3.158 
-3.137 -3.113 -3.087 -3.058 -3.026 -2.992 -2.954 -2.913 -2.868 -2.820 
-2.769 -2.713 -2.653 -2.588 -2.518 -2.442 -2.361 -2.273 -2.177 -2.074 
-1.961 -1.839 -1.707 -1.565 -1.415 -1.262 -1.117 -0.992 -0.896 -0.844 
-0.878 -0.957 -1.029 -1.083 -1.119 -1.138 -1.142 -1.134 -1.117 -1.097 
-1.084 -1.090 -1.123 -1.185 -1.266 -1.356 -1.447 -1.540 -1.641 -1.750 
-1.863 -1.974 -2.080 -2.180 -2.274 -2.362 -2.443 -2.519 -2.589 -2.654 
-2.692 
-2.728 -2.782 -2.842 -2.897 -2.949 -2.996 -3.039 -3.079 -3.116 -3.150 
-3.180 -3.208 -3.233 -3.255 -3.275 -3.292 -3.307 -3.319 -3.329 -3.336 
-3.342 -3.344 -3.345 -3.343 -3.339 -3.332 -3.323 -3.312 -3.298 -3.282 
-3.264 -3.242 -3.218 -3.192 -3.162 -3.130 -3.094 -3.055 -3.013 -2.967 
-2.917 -2.863 -2.805 -2.741 -2.672 -2.598 -2.517 -2.428 -2.332 -2.226 
-2.109 -1.980 -1.837 -1.679 -1.508 -1.332 -1.174 -1.070 -1.042 -1.076 
-1.146 -1.231 -1.313 -1.382 -1.435 -1.473 -1.494 -1.501 -1.496 -1.482 
-1.462 -1.443 -1.425 -1.407 -1.386 -1.365 -1.360 -1.390 -1.463 -1.571 
-1.699 -1.833 -1.963 -2.085 -2.199 -2.304 -2.401 -2.490 -2.572 -2.647 
-2.705 
-2.722 -2.755 -2.813 -2.867 -2.916 -2.963 -3.006 -3.045 -3.082 -3.116 
-3.146 -3.174 -3.200 -3.222 -3.243 -3.260 -3.275 -3.288 -3.299 -3.307 
-3.313 -3.317 -3.318 -3.317 -3.314 -3.308 -3.300 -3.290 -3.278 -3.262 
-3.245 -3.225 -3.202 -3.177 -3.148 -3.117 -3.083 -3.045 -3.004 -2.960 
-2.911 -2.858 -2.801 -2.739 -2.671 -2.597 -2.516 -2.427 -2.329 -2.223 
-2.107 -1.985 -1.861 -1.743 -1.626 -1.497 -1.353 -1.212 -1.101 -1.037 
-1.037 -1.092 -1.176 -1.264 -1.341 -1.404 -1.450 -1.481 -1.498 -1.500 
-1.490 -1.467 -1.437 -1.417 -1.425 -1.454 -1.495 -1.550 -1.624 -1.716 
-1.817 -1.921 -2.025 -2.126 -2.222 -2.313 -2.400 -2.480 -2.556 -2.627 
-2.697 
-2.969 -3.039 -3.090 -3.137 -3.181 -3.221 -3.257 -3.290 -3.321 -3.348 
-3.372 -3.394 -3.413 -3.430 -3.443 -3.455 -3.464 -3.470 -3.474 -3.476 
-3.475 -3.472 -3.467 -3.459 -3.448 -3.435 -3.420 -3.402 -3.381 -3.358 
-3.331 -3.302 -3.270 -3.234 -3.195 -3.153 -3.106 -3.056 -3.001 -2.941 
-2.876 -2.806 -2.729 -2.645 -2.554 -2.453 -2.344 -2.223 -2.092 -1.951 
-1.805 -1.661 -1.534 -1.431 -1.343 -1.343 -1.437 -1.501 -1.520 -1.523 
-1.545 -1.594 -1.649 -1.693 -1.721 -1.729 -1.719 -1.689 -1.639 -1.567 
-1.475 -1.369 -1.274 -1.229 -1.259 -1.329 -1.359 -1.472 -1.707 -1.908 
-2.070 -2.208 -2.329 -2.438 -2.537 -2.627 -2.711 -2.787 -2.858 -2.923 
-2.954 
-3.103 -3.152 -3.210 -3.264 -3.313 -3.359 -3.400 -3.437 -3.471 -3.502 
-3.530 -3.555 -3.577 -3.596 -3.612 -3.626 -3.637 -3.646 -3.652 -3.656 
-3.657 -3.656 -3.652 -3.646 -3.638 -3.627 -3.613 -3.597 -3.578 -3.556 
-3.531 -3.504 -3.473 -3.439 -3.402 -3.362 -3.317 -3.268 -3.215 -3.158 
-3.095 -3.026 -2.951 -2.869 -2.779 -2.680 -2.570 -2.446 -2.308 -2.150 
-1.969 -1.755 -1.497 -1.201 -0.994 -1.001 -1.184 -1.417 -1.610 -1.755 
-1.863 -1.942 -1.999 -2.038 -2.059 -2.065 -2.055 -2.029 -1.987 -1.926 
-1.845 -1.743 -1.624 -1.495 -1.343 -1.134 -0.962 -1.008 -1.269 -1.587 
-1.857 -2.075 -2.255 -2.408 -2.541 -2.658 -2.762 -2.856 -2.941 -3.018 
-3.079 
-3.134 -3.201 -3.260 -3.314 -3.363 -3.408 -3.450 -3.488 -3.522 -3.553 
-3.581 -3.606 -3.628 -3.647 -3.664 -3.678 -3.689 -3.698 -3.705 -3.708 
-3.710 -3.709 -3.705 -3.699 -3.690 -3.679 -3.666 -3.649 -3.630 -3.608 
-3.584 -3.556 -3.525 -3.491 -3.453 -3.412 -3.367 -3.318 -3.264 -3.205 
-3.141 -3.071 -2.994 -2.910 -2.816 -2.712 -2.596 -2.464 -2.313 -2.136 
-1.923 -1.661 -1.343 -1.054 -0.945 -1.087 -1.346 -1.577 -1.753 -1.885 
-1.986 -2.062 -2.118 -2.156 -2.180 -2.189 -2.184 -2.165 -2.131 -2.082 
-2.014 -1.925 -1.812 -1.672 -1.509 -1.345 -1.229 -1.284 -1.495 -1.733 
-1.955 -2.149 -2.317 -2.464 -2.593 -2.708 -2.812 -2.905 -2.989 -3.066 
-3.115 
-3.042 -3.088 -3.150 -3.208 -3.260 -3.308 -3.352 -3.392 -3.429 -3.462 
-3.492 -3.518 -3.542 -3.563 -3.581 -3.596 -3.609 -3.619 -3.627 -3.632 
-3.634 -3.634 -3.632 -3.627 -3.620 -3.610 -3.597 -3.582 -3.564 -3.543 
-3.519 -3.493 -3.463 -3.430 -3.394 -3.354 -3.310 -3.262 -3.210 -3.153 
-3.090 -3.022 -2.948 -2.866 -2.775 -2.675 -2.564 -2.440 -2.299 -2.138 
-1.954 -1.745 -1.517 -1.300 -1.212 -1.313 -1.474 -1.638 -1.781 -1.898 
-1.991 -2.063 -2.118 -2.158 -2.183 -2.196 -2.195 -2.183 -2.157 -2.117 
-2.062 -1.989 -1.896 -1.779 -1.636 -1.476 -1.336 -1.268 -1.323 -1.499 
-1.723 -1.936 -2.125 -2.288 -2.431 -2.558 -2.670 -2.771 -2.862 -2.944 
-3.016 
-3.066 -3.124 -3.189 -3.248 -3.303 -3.352 -3.398 -3.439 -3.476 -3.510 
-3.541 -3.569 -3.593 -3.614 -3.633 -3.649 -3.662 -3.672 -3.680 -3.686 
-3.688 -3.689 -3.686 -3.681 -3.674 -3.664 -3.651 -3.636 -3.618 -3.597 
-3.573 -3.546 -3.516 -3.483 -3.446 -3.406 -3.362 -3.313 -3.260 -3.202 
-3.139 -3.069 -2.993 -2.910 -2.818 -2.716 -2.603 -2.477 -2.335 -2.177 
-2.004 -1.824 -1.660 -1.542 -1.497 -1.554 -1.691 -1.838 -1.965 -2.069 
-2.152 -2.217 -2.266 -2.302 -2.326 -2.337 -2.337 -2.325 -2.301 -2.264 
-2.213 -2.145 -2.058 -1.948 -1.809 -1.637 -1.441 -1.270 -1.216 -1.363 
-1.617 -1.868 -2.085 -2.269 -2.427 -2.564 -2.684 -2.791 -2.887 -2.974 
-3.041 
-3.152 -3.206 -3.274 -3.335 -3.391 -3.443 -3.490 -3.532 -3.571 -3.607 
-3.638 -3.667 -3.692 -3.715 -3.735 -3.751 -3.765 -3.777 -3.786 -3.792 
-3.795 -3.797 -3.795 -3.791 -3.784 -3.775 -3.763 -3.749 -3.732 -3.712 
-3.689 -3.663 -3.633 -3.601 -3.565 -3.525 -3.482 -3.434 -3.381 -3.324 
-3.260 -3.191 -3.114 -3.030 -2.935 -2.829 -2.708 -2.570 -2.408 -2.222 
-2.035 -1.895 -1.759 -1.581 -1.432 -1.414 -1.540 -1.725 -1.898 -2.038 
-2.148 -2.233 -2.297 -2.345 -2.378 -2.397 -2.403 -2.396 -2.377 -2.344 
-2.296 -2.230 -2.144 -2.031 -1.883 -1.684 -1.432 -1.228 -1.141 -1.268 
-1.550 -1.849 -2.099 -2.303 -2.474 -2.620 -2.748 -2.860 -2.961 -3.051 
-3.124 
-3.241 -3.324 -3.383 -3.438 -3.488 -3.533 -3.574 -3.612 -3.645 -3.676 
-3.703 -3.727 -3.748 -3.766 -3.781 -3.793 -3.803 -3.810 -3.815 -3.817 
-3.816 -3.813 -3.807 -3.798 -3.787 -3.773 -3.756 -3.736 -3.714 -3.688 
-3.659 -3.627 -3.591 -3.551 -3.508 -3.460 -3.407 -3.349 -3.286 -3.216 
-3.139 -3.053 -2.958 -2.851 -2.731 -2.593 -2.433 -2.246 -2.031 -1.805 
-1.634 -1.589 -1.653 -1.728 -1.768 -1.835 -1.974 -2.118 -2.235 -2.326 
-2.396 -2.447 -2.484 -2.507 -2.518 -2.517 -2.503 -2.478 -2.439 -2.386 
-2.315 -2.224 -2.105 -1.949 -1.740 -1.469 -1.228 -1.183 -1.345 -1.620 
-1.919 -2.168 -2.370 -2.539 -2.683 -2.808 -2.919 -3.017 -3.106 -3.186 
-3.224 
-3.061 -3.107 -3.169 -3.225 -3.277 -3.324 -3.367 -3.406 -3.442 -3.474 
-3.502 -3.528 -3.551 -3.571 -3.588 -3.602 -3.614 -3.623 -3.629 -3.633 
-3.634 -3.633 -3.629 -3.623 -3.614 -3.602 -3.588 -3.571 -3.552 -3.529 
-3.504 -3.475 -3.443 -3.408 -3.369 -3.327 -3.280 -3.229 -3.173 -3.112 
-3.045 -2.972 -2.891 -2.802 -2.704 -2.594 -2.471 -2.332 -2.173 -1.994 
-1.813 -1.669 -1.568 -1.520 -1.551 -1.646 -1.766 -1.884 -1.986 -2.072 
-2.141 -2.195 -2.235 -2.263 -2.279 -2.283 -2.276 -2.257 -2.225 -2.180 
-2.120 -2.041 -1.941 -1.815 -1.658 -1.471 -1.286 -1.218 -1.315 -1.503 
-1.734 -1.954 -2.146 -2.311 -2.455 -2.581 -2.693 -2.793 -2.884 -2.965 
-3.036 
-3.002 -3.056 -3.121 -3.181 -3.235 -3.285 -3.331 -3.372 -3.410 -3.444 
-3.475 -3.502 -3.527 -3.549 -3.567 -3.583 -3.597 -3.607 -3.615 -3.621 
-3.624 -3.624 -3.622 -3.617 -3.610 -3.600 -3.588 -3.572 -3.554 -3.534 
-3.510 -3.483 -3.453 -3.420 -3.384 -3.343 -3.299 -3.251 -3.198 -3.140 
-3.077 -3.008 -2.932 -2.849 -2.757 -2.656 -2.544 -2.420 -2.282 -2.131 
-1.970 -1.814 -1.689 -1.627 -1.638 -1.689 -1.736 -1.781 -1.851 -1.941 
-2.029 -2.104 -2.163 -2.206 -2.236 -2.253 -2.257 -2.249 -2.229 -2.197 
-2.151 -2.091 -2.014 -1.918 -1.801 -1.661 -1.505 -1.368 -1.316 -1.393 
-1.579 -1.803 -2.013 -2.197 -2.355 -2.493 -2.614 -2.721 -2.818 -2.905 
-2.975 
-3.005 -3.069 -3.132 -3.190 -3.244 -3.293 -3.339 -3.380 -3.418 -3.453 
-3.485 -3.513 -3.539 -3.562 -3.582 -3.600 -3.615 -3.628 -3.638 -3.645 
-3.651 -3.653 -3.654 -3.652 -3.648 -3.641 -3.632 -3.620 -3.606 -3.589 
-3.570 -3.548 -3.523 -3.495 -3.464 -3.430 -3.393 -3.352 -3.307 -3.259 
-3.206 -3.148 -3.086 -3.017 -2.943 -2.861 -2.771 -2.672 -2.563 -2.441 
-2.308 -2.165 -2.019 -1.879 -1.737 -1.585 -1.449 -1.373 -1.379 -1.453 
-1.561 -1.672 -1.767 -1.843 -1.901 -1.941 -1.965 -1.974 -1.969 -1.950 
-1.918 -1.872 -1.815 -1.749 -1.683 -1.629 -1.598 -1.594 -1.620 -1.713 
-1.862 -2.020 -2.171 -2.310 -2.438 -2.554 -2.660 -2.757 -2.845 -2.926 
-2.984 
-2.956 -3.011 -3.084 -3.151 -3.213 -3.270 -3.323 -3.371 -3.415 -3.456 
-3.494 -3.528 -3.559 -3.587 -3.612 -3.634 -3.654 -3.671 -3.685 -3.697 
-3.706 -3.713 -3.718 -3.720 -3.720 -3.717 -3.712 -3.705 -3.695 -3.682 
-3.667 -3.650 -3.630 -3.607 -3.581 -3.552 -3.520 -3.486 -3.447 -3.405 
-3.360 -3.310 -3.256 -3.197 -3.132 -3.063 -2.986 -2.903 -2.811 -2.711 
-2.599 -2.474 -2.335 -2.178 -2.003 -1.813 -1.625 -1.477 -1.402 -1.413 
-1.501 -1.625 -1.747 -1.852 -1.937 -2.002 -2.049 -2.081 -2.098 -2.101 
-2.090 -2.067 -2.031 -1.983 -1.926 -1.865 -1.808 -1.762 -1.733 -1.732 
-1.777 -1.872 -2.000 -2.142 -2.281 -2.414 -2.536 -2.648 -2.751 -2.845 
-2.926 
-3.016 -3.082 -3.158 -3.228 -3.292 -3.351 -3.404 -3.454 -3.499 -3.540 
-3.578 -3.612 -3.643 -3.671 -3.696 -3.719 -3.738 -3.755 -3.769 -3.780 
-3.789 -3.795 -3.799 -3.801 -3.800 -3.796 -3.790 -3.782 -3.771 -3.757 
-3.741 -3.722 -3.701 -3.676 -3.649 -3.618 -3.584 -3.547 -3.506 -3.461 
-3.412 -3.359 -3.301 -3.238 -3.169 -3.093 -3.010 -2.919 -2.818 -2.706 
-2.580 -2.440 -2.281 -2.104 -1.912 -1.724 -1.580 -1.521 -1.555 -1.654 
-1.784 -1.912 -2.023 -2.112 -2.182 -2.235 -2.272 -2.294 -2.304 -2.300 
-2.283 -2.254 -2.211 -2.154 -2.084 -2.003 -1.920 -1.840 -1.768 -1.721 
-1.729 -1.813 -1.954 -2.119 -2.282 -2.434 -2.571 -2.695 -2.807 -2.907 
-2.986 
-3.138 -3.196 -3.260 -3.319 -3.372 -3.422 -3.467 -3.508 -3.546 -3.581 
-3.612 -3.640 -3.665 -3.688 -3.708 -3.725 -3.739 -3.751 -3.760 -3.767 
-3.772 -3.774 -3.773 -3.771 -3.765 -3.758 -3.747 -3.735 -3.719 -3.701 
-3.681 -3.657 -3.631 -3.602 -3.570 -3.534 -3.495 -3.452 -3.406 -3.355 
-3.300 -3.240 -3.174 -3.103 -3.025 -2.940 -2.846 -2.743 -2.628 -2.501 
-2.358 -2.198 -2.022 -1.840 -1.679 -1.576 -1.544 -1.583 -1.680 -1.797 
-1.906 -1.999 -2.072 -2.129 -2.169 -2.195 -2.208 -2.207 -2.193 -2.166 
-2.125 -2.070 -2.000 -1.917 -1.827 -1.741 -1.684 -1.684 -1.750 -1.853 
-1.973 -2.111 -2.261 -2.408 -2.543 -2.666 -2.777 -2.877 -2.968 -3.051 
-3.115 
-3.259 -3.320 -3.380 -3.435 -3.485 -3.531 -3.574 -3.612 -3.648 -3.680 
-3.708 -3.734 -3.757 -3.777 -3.794 -3.809 -3.821 -3.831 -3.838 -3.843 
-3.845 -3.844 -3.842 -3.836 -3.828 -3.818 -3.805 -3.790 -3.772 -3.751 
-3.727 -3.700 -3.671 -3.638 -3.602 -3.562 -3.518 -3.471 -3.419 -3.362 
-3.301 -3.234 -3.160 -3.080 -2.992 -2.895 -2.788 -2.669 -2.537 -2.390 
-2.226 -2.048 -1.861 -1.690 -1.586 -1.587 -1.674 -1.801 -1.929 -2.043 
-2.136 -2.210 -2.266 -2.306 -2.332 -2.345 -2.344 -2.331 -2.304 -2.263 
-2.207 -2.133 -2.041 -1.930 -1.806 -1.687 -1.610 -1.617 -1.725 -1.898 
-2.088 -2.269 -2.432 -2.577 -2.706 -2.821 -2.925 -3.019 -3.105 -3.183 
-3.238 
-3.264 -3.320 -3.375 -3.426 -3.472 -3.515 -3.554 -3.589 -3.621 -3.649 
-3.675 -3.698 -3.717 -3.734 -3.749 -3.761 -3.770 -3.776 -3.780 -3.782 
-3.781 -3.778 -3.772 -3.764 -3.753 -3.739 -3.723 -3.704 -3.682 -3.658 
-3.630 -3.599 -3.566 -3.528 -3.487 -3.442 -3.394 -3.340 -3.282 -3.219 
-3.150 -3.075 -2.993 -2.904 -2.805 -2.697 -2.579 -2.451 -2.314 -2.175 
-2.046 -1.943 -1.874 -1.839 -1.841 -1.897 -1.991 -2.088 -2.172 -2.241 
-2.296 -2.337 -2.365 -2.382 -2.387 -2.380 -2.362 -2.332 -2.289 -2.232 
-2.159 -2.069 -1.962 -1.844 -1.734 -1.661 -1.655 -1.719 -1.840 -2.000 
-2.176 -2.343 -2.494 -2.629 -2.749 -2.856 -2.953 -3.041 -3.120 -3.193 
-3.244 
-3.190 -3.237 -3.297 -3.353 -3.403 -3.449 -3.491 -3.529 -3.564 -3.594 
-3.622 -3.646 -3.668 -3.686 -3.702 -3.715 -3.725 -3.732 -3.737 -3.739 
-3.739 -3.736 -3.730 -3.722 -3.711 -3.697 -3.681 -3.662 -3.639 -3.614 
-3.585 -3.554 -3.518 -3.479 -3.437 -3.389 -3.338 -3.281 -3.220 -3.152 
-3.078 -2.996 -2.906 -2.808 -2.698 -2.577 -2.444 -2.301 -2.153 -2.017 
-1.914 -1.865 -1.870 -1.921 -2.004 -2.102 -2.198 -2.284 -2.357 -2.417 
-2.466 -2.503 -2.529 -2.546 -2.552 -2.550 -2.537 -2.514 -2.481 -2.435 
-2.377 -2.305 -2.217 -2.113 -1.998 -1.882 -1.781 -1.709 -1.702 -1.787 
-1.943 -2.123 -2.297 -2.454 -2.594 -2.718 -2.828 -2.927 -3.016 -3.097 
-3.164 
-3.219 -3.265 -3.324 -3.378 -3.428 -3.473 -3.515 -3.552 -3.587 -3.618 
-3.645 -3.670 -3.692 -3.711 -3.727 -3.740 -3.751 -3.760 -3.765 -3.768 
-3.769 -3.767 -3.763 -3.756 -3.746 -3.734 -3.719 -3.701 -3.681 -3.657 
-3.631 -3.602 -3.569 -3.533 -3.493 -3.449 -3.402 -3.349 -3.292 -3.230 
-3.162 -3.088 -3.006 -2.916 -2.817 -2.708 -2.587 -2.453 -2.307 -2.154 
-2.003 -1.871 -1.783 -1.760 -1.807 -1.900 -2.008 -2.112 -2.202 -2.278 
-2.339 -2.388 -2.423 -2.448 -2.461 -2.464 -2.456 -2.438 -2.408 -2.367 
-2.312 -2.244 -2.162 -2.069 -1.980 -1.915 -1.876 -1.861 -1.892 -1.984 
-2.118 -2.265 -2.408 -2.542 -2.664 -2.776 -2.877 -2.969 -3.054 -3.130 
-3.196 
-3.342 -3.406 -3.460 -3.509 -3.554 -3.595 -3.633 -3.667 -3.698 -3.726 
-3.750 -3.772 -3.791 -3.808 -3.821 -3.833 -3.841 -3.847 -3.851 -3.852 
-3.850 -3.846 -3.840 -3.831 -3.820 -3.806 -3.789 -3.770 -3.747 -3.722 
-3.694 -3.663 -3.629 -3.591 -3.550 -3.504 -3.455 -3.401 -3.343 -3.279 
-3.210 -3.134 -3.051 -2.960 -2.861 -2.751 -2.631 -2.498 -2.353 -2.199 
-2.044 -1.904 -1.806 -1.775 -1.823 -1.919 -2.024 -2.121 -2.204 -2.271 
-2.324 -2.363 -2.389 -2.403 -2.405 -2.395 -2.372 -2.336 -2.286 -2.220 
-2.136 -2.035 -1.919 -1.805 -1.724 -1.712 -1.772 -1.873 -2.003 -2.161 
-2.325 -2.479 -2.619 -2.745 -2.858 -2.960 -3.053 -3.137 -3.213 -3.283 
-3.325 
-3.236 -3.309 -3.373 -3.432 -3.485 -3.534 -3.579 -3.619 -3.656 -3.689 
-3.719 -3.745 -3.769 -3.789 -3.807 -3.822 -3.834 -3.844 -3.851 -3.855 
-3.857 -3.856 -3.853 -3.847 -3.839 -3.827 -3.814 -3.797 -3.778 -3.756 
-3.731 -3.702 -3.671 -3.636 -3.598 -3.555 -3.509 -3.458 -3.403 -3.342 
-3.276 -3.204 -3.124 -3.037 -2.940 -2.833 -2.713 -2.580 -2.430 -2.262 
-2.078 -1.892 -1.736 -1.663 -1.703 -1.823 -1.967 -2.100 -2.212 -2.303 
-2.375 -2.431 -2.473 -2.501 -2.518 -2.523 -2.516 -2.498 -2.467 -2.422 
-2.363 -2.286 -2.192 -2.083 -1.968 -1.864 -1.776 -1.733 -1.775 -1.897 
-2.048 -2.197 -2.344 -2.491 -2.631 -2.760 -2.876 -2.981 -3.076 -3.161 
-3.216 
-3.027 -3.082 -3.159 -3.229 -3.292 -3.350 -3.403 -3.451 -3.495 -3.534 
-3.570 -3.602 -3.631 -3.657 -3.679 -3.698 -3.715 -3.728 -3.739 -3.747 
-3.752 -3.755 -3.755 -3.752 -3.747 -3.739 -3.728 -3.714 -3.698 -3.678 
-3.656 -3.630 -3.601 -3.569 -3.533 -3.493 -3.449 -3.401 -3.348 -3.289 
-3.225 -3.155 -3.077 -2.992 -2.898 -2.793 -2.677 -2.548 -2.406 -2.255 
-2.103 -1.972 -1.884 -1.861 -1.903 -1.969 -2.041 -2.136 -2.245 -2.345 
-2.430 -2.498 -2.552 -2.594 -2.624 -2.644 -2.654 -2.654 -2.645 -2.626 
-2.598 -2.558 -2.505 -2.439 -2.357 -2.259 -2.151 -2.053 -1.985 -1.931 
-1.891 -1.905 -1.989 -2.121 -2.271 -2.420 -2.559 -2.686 -2.801 -2.904 
-2.994 
-2.996 -3.069 -3.146 -3.218 -3.283 -3.342 -3.397 -3.447 -3.493 -3.535 
-3.573 -3.607 -3.639 -3.667 -3.692 -3.714 -3.734 -3.750 -3.764 -3.776 
-3.785 -3.791 -3.794 -3.795 -3.794 -3.790 -3.784 -3.775 -3.763 -3.748 
-3.731 -3.711 -3.689 -3.663 -3.634 -3.601 -3.566 -3.526 -3.483 -3.435 
-3.383 -3.326 -3.263 -3.194 -3.118 -3.035 -2.942 -2.839 -2.725 -2.599 
-2.463 -2.323 -2.187 -2.051 -1.907 -1.782 -1.729 -1.768 -1.870 -1.991 
-2.104 -2.204 -2.288 -2.357 -2.412 -2.455 -2.486 -2.507 -2.517 -2.517 
-2.507 -2.487 -2.456 -2.412 -2.356 -2.284 -2.195 -2.088 -1.967 -1.850 
-1.775 -1.786 -1.890 -2.050 -2.224 -2.388 -2.535 -2.667 -2.784 -2.888 
-2.965 
-2.963 -3.005 -3.066 -3.123 -3.176 -3.226 -3.273 -3.316 -3.357 -3.394 
-3.429 -3.460 -3.489 -3.515 -3.539 -3.560 -3.578 -3.594 -3.608 -3.619 
-3.628 -3.634 -3.638 -3.640 -3.639 -3.637 -3.631 -3.624 -3.614 -3.601 
-3.586 -3.569 -3.549 -3.526 -3.500 -3.472 -3.440 -3.405 -3.367 -3.326 
-3.280 -3.231 -3.178 -3.119 -3.056 -2.988 -2.913 -2.832 -2.744 -2.648 
-2.542 -2.428 -2.304 -2.172 -2.036 -1.912 -1.831 -1.806 -1.824 -1.869 
-1.933 -2.004 -2.075 -2.140 -2.198 -2.246 -2.286 -2.318 -2.342 -2.358 
-2.367 -2.370 -2.368 -2.359 -2.346 -2.328 -2.305 -2.275 -2.237 -2.192 
-2.161 -2.182 -2.263 -2.367 -2.468 -2.561 -2.646 -2.726 -2.802 -2.873 
-2.931 
