IRGRID 64 91
1e+308

0.025 0.03 0.035 0.04 0.045 0.05 0.055 0.06 0.065 0.07
0.075 0.08 0.085 0.09 0.095 0.1 0.11 0.12 0.13 0.14
0.15 0.16 0.17 0.18 0.19 0.2 0.21 0.22 0.23 0.24
0.25 0.26 0.27 0.28 0.29 0.3 0.31 0.32 0.33 0.34
0.35 0.36 0.37 0.38 0.39 0.4 0.41 0.42 0.43 0.44
0.45 0.46 0.47 0.48 0.49 0.5 0.51 0.52 0.53 0.54
0.55 0.56 0.57 0.58
0 4 8 12 16 20 24 28 32 36
40 44 48 52 56 60 64 68 72 76
80 84 88 92 96 100 104 108 112 116
120 124 128 132 136 140 144 148 152 156
160 164 168 172 176 180 184 188 192 196
200 204 208 212 216 220 224 228 232 236
240 244 248 252 256 260 264 268 272 276
280 284 288 292 296 300 304 308 312 316
320 324 328 332 336 340 344 348 352 356
360
-4.000 -4.000 -4.000 -4.000 -4.000 -4.000 -4.000 -4.000 -4.000 -4.000 
-4.000 -4.000 -4.000 -4.000 -4.000 -4.000 -4.000 -4.000 -4.000 -4.000 
-4.000 -4.000 -4.000 -4.000 -4.000 -4.000 -4.000 -4.000 -4.000 -4.000 
-4.000 -4.000 -4.000 -4.000 -4.000 -4.000 -4.000 -4.000 -4.000 -4.000 
-4.000 -4.000 -4.000 -4.000 -4.000 -4.000 -4.000 -4.000 -4.000 -4.000 
-4.000 -4.000 -4.000 -4.000 -4.000 -4.000 -4.000 -4.000 -4.000 -4.000 
-4.000 -4.000 -4.000 -4.000 -4.000 -4.000 -4.000 -4.000 -4.000 -4.000 
-4.000 -4.000 -4.000 -4.000 -4.000 -4.000 -4.000 -4.000 -4.000 -4.000 
-4.000 -4.000 -4.000 -4.000 -4.000 -4.000 -4.000 -4.000 -4.000 -4.000 
-4.000 
-4.000 -4.000 -4.000 -4.000 -4.000 -4.000 -4.000 -4.000 -4.000 -4.000 
-4.000 -4.000 -4.000 -4.000 -4.000 -4.000 -4.000 -4.000 -4.000 -4.000 
-4.000 -4.000 -4.000 -4.000 -3.994 -3.924 -3.850 -3.781 -3.731 -3.715 
-3.739 -3.797 -3.874 -3.955 -4.000 -4.000 -4.000 -4.000 -4.000 -4.000 
-4.000 -4.000 -4.000 -4.000 -4.000 -4.000 -4.000 -4.000 -4.000 -4.000 
-4.000 -4.000 -4.000 -4.000 -4.000 -4.000 -4.000 -4.000 -4.000 -4.000 
-4.000 -4.000 -4.000 -4.000 -3.948 -3.848 -3.749 -3.664 -3.612 -3.608 
-3.645 -3.699 -3.751 -3.793 -3.829 -3.866 -3.908 -3.955 -4.000 -4.000 
-4.000 -4.000 -4.000 -4.000 -4.000 -4.000 -4.000 -4.000 -4.000 -4.000 
-4.000 
-3.964 -3.982 -3.985 -3.984 -3.980 -3.973 -3.963 -3.949 -3.933 -3.914 
-3.891 -3.866 -3.838 -3.807 -3.774 -3.739 -3.702 -3.664 -3.625 -3.587 
-3.551 -3.518 -3.490 -3.468 -3.453 -3.446 -3.446 -3.454 -3.469 -3.491 
-3.521 -3.557 -3.596 -3.634 -3.670 -3.704 -3.735 -3.763 -3.787 -3.809 
-3.827 -3.841 -3.853 -3.860 -3.864 -3.865 -3.862 -3.856 -3.845 -3.831 
-3.813 -3.791 -3.764 -3.732 -3.696 -3.655 -3.608 -3.555 -3.497 -3.432 
-3.361 -3.285 -3.205 -3.123 -3.042 -2.965 -2.897 -2.845 -2.822 -2.842 
-2.904 -2.994 -3.095 -3.197 -3.292 -3.380 -3.459 -3.531 -3.597 -3.656 
-3.709 -3.756 -3.798 -3.835 -3.867 -3.895 -3.919 -3.939 -3.955 -3.968 
-3.961 
-3.669 -3.653 -3.654 -3.652 -3.647 -3.639 -3.627 -3.613 -3.595 -3.574 
-3.549 -3.522 -3.491 -3.458 -3.421 -3.382 -3.340 -3.297 -3.252 -3.208 
-3.164 -3.124 -3.089 -3.061 -3.041 -3.032 -3.033 -3.044 -3.064 -3.090 
-3.121 -3.155 -3.190 -3.224 -3.257 -3.287 -3.315 -3.340 -3.362 -3.380 
-3.395 -3.407 -3.414 -3.418 -3.419 -3.416 -3.409 -3.399 -3.385 -3.367 
-3.345 -3.319 -3.289 -3.254 -3.215 -3.170 -3.121 -3.066 -3.006 -2.941 
-2.872 -2.801 -2.733 -2.671 -2.623 -2.596 -2.591 -2.608 -2.641 -2.688 
-2.745 -2.810 -2.881 -2.957 -3.033 -3.107 -3.177 -3.242 -3.301 -3.355 
-3.403 -3.447 -3.485 -3.519 -3.549 -3.575 -3.597 -3.615 -3.630 -3.641 
-3.668 
-3.776 -3.794 -3.818 -3.838 -3.856 -3.870 -3.881 -3.889 -3.894 -3.895 
-3.893 -3.887 -3.878 -3.864 -3.847 -3.826 -3.801 -3.771 -3.737 -3.698 
-3.655 -3.605 -3.546 -3.474 -3.376 -3.239 -3.069 -2.974 -3.074 -3.242 
-3.377 -3.471 -3.536 -3.582 -3.614 -3.636 -3.650 -3.658 -3.661 -3.659 
-3.653 -3.645 -3.633 -3.619 -3.602 -3.584 -3.563 -3.541 -3.517 -3.492 
-3.465 -3.435 -3.404 -3.371 -3.335 -3.296 -3.254 -3.209 -3.159 -3.105 
-3.045 -2.980 -2.908 -2.827 -2.728 -2.593 -2.456 -2.493 -2.547 -2.556 
-2.560 -2.581 -2.626 -2.692 -2.773 -2.862 -2.953 -3.042 -3.126 -3.206 
-3.280 -3.349 -3.413 -3.472 -3.526 -3.576 -3.622 -3.663 -3.701 -3.736 
-3.764 
-3.768 -3.848 -3.852 -3.853 -3.850 -3.844 -3.835 -3.822 -3.807 -3.788 
-3.766 -3.741 -3.713 -3.682 -3.648 -3.611 -3.570 -3.525 -3.474 -3.416 
-3.347 -3.262 -3.154 -3.015 -2.835 -2.618 -2.413 -2.322 -2.416 -2.617 
-2.829 -3.006 -3.147 -3.261 -3.352 -3.427 -3.487 -3.537 -3.578 -3.611 
-3.636 -3.656 -3.670 -3.679 -3.683 -3.682 -3.677 -3.668 -3.655 -3.638 
-3.617 -3.591 -3.560 -3.525 -3.484 -3.438 -3.384 -3.323 -3.253 -3.171 
-3.076 -2.963 -2.825 -2.651 -2.424 -2.165 -2.002 -2.088 -2.306 -2.510 
-2.664 -2.789 -2.899 -3.002 -3.098 -3.189 -3.274 -3.351 -3.422 -3.486 
-3.543 -3.594 -3.640 -3.680 -3.716 -3.747 -3.774 -3.796 -3.815 -3.830 
-3.767 
-3.305 -3.287 -3.287 -3.284 -3.278 -3.270 -3.258 -3.244 -3.228 -3.209 
-3.188 -3.165 -3.141 -3.115 -3.090 -3.064 -3.039 -3.015 -2.993 -2.973 
-2.955 -2.938 -2.921 -2.900 -2.869 -2.816 -2.735 -2.677 -2.707 -2.746 
-2.756 -2.754 -2.757 -2.773 -2.804 -2.845 -2.891 -2.937 -2.980 -3.018 
-3.051 -3.078 -3.100 -3.116 -3.127 -3.133 -3.134 -3.131 -3.122 -3.109 
-3.091 -3.067 -3.039 -3.005 -2.965 -2.918 -2.864 -2.803 -2.732 -2.651 
-2.558 -2.450 -2.324 -2.176 -2.000 -1.806 -1.688 -1.767 -1.909 -2.046 
-2.180 -2.311 -2.433 -2.543 -2.642 -2.731 -2.810 -2.880 -2.942 -2.998 
-3.047 -3.090 -3.129 -3.162 -3.191 -3.216 -3.237 -3.254 -3.267 -3.277 
-3.303 
-3.108 -3.142 -3.140 -3.135 -3.126 -3.114 -3.098 -3.079 -3.056 -3.029 
-2.998 -2.964 -2.926 -2.886 -2.842 -2.796 -2.750 -2.704 -2.662 -2.625 
-2.594 -2.569 -2.548 -2.528 -2.503 -2.471 -2.429 -2.377 -2.318 -2.256 
-2.201 -2.159 -2.139 -2.145 -2.173 -2.217 -2.271 -2.328 -2.384 -2.435 
-2.480 -2.519 -2.551 -2.577 -2.596 -2.609 -2.615 -2.614 -2.607 -2.593 
-2.571 -2.541 -2.502 -2.453 -2.392 -2.316 -2.222 -2.104 -1.958 -1.790 
-1.647 -1.616 -1.647 -1.601 -1.447 -1.263 -1.183 -1.300 -1.531 -1.770 
-1.973 -2.141 -2.282 -2.402 -2.506 -2.597 -2.676 -2.746 -2.808 -2.863 
-2.912 -2.954 -2.992 -3.025 -3.053 -3.077 -3.097 -3.114 -3.126 -3.135 
-3.105 
-2.696 -2.697 -2.687 -2.674 -2.658 -2.637 -2.613 -2.585 -2.554 -2.518 
-2.478 -2.435 -2.388 -2.338 -2.285 -2.232 -2.181 -2.133 -2.092 -2.061 
-2.042 -2.038 -2.048 -2.069 -2.098 -2.131 -2.166 -2.197 -2.225 -2.247 
-2.265 -2.279 -2.294 -2.311 -2.331 -2.352 -2.371 -2.387 -2.398 -2.404 
-2.405 -2.402 -2.394 -2.381 -2.364 -2.341 -2.314 -2.281 -2.243 -2.199 
-2.148 -2.088 -2.020 -1.941 -1.848 -1.739 -1.610 -1.456 -1.277 -1.093 
-0.960 -0.933 -0.967 -0.963 -0.982 -1.111 -1.269 -1.455 -1.640 -1.796 
-1.925 -2.035 -2.129 -2.211 -2.283 -2.346 -2.402 -2.453 -2.497 -2.536 
-2.571 -2.601 -2.627 -2.649 -2.667 -2.681 -2.693 -2.700 -2.704 -2.705 
-2.700 
-2.152 -2.222 -2.240 -2.256 -2.270 -2.282 -2.293 -2.301 -2.308 -2.313 
-2.316 -2.316 -2.315 -2.311 -2.304 -2.296 -2.286 -2.274 -2.263 -2.252 
-2.245 -2.240 -2.238 -2.238 -2.239 -2.240 -2.240 -2.237 -2.233 -2.227 
-2.219 -2.210 -2.198 -2.185 -2.170 -2.154 -2.136 -2.117 -2.096 -2.074 
-2.049 -2.023 -1.995 -1.965 -1.932 -1.897 -1.858 -1.817 -1.772 -1.723 
-1.669 -1.611 -1.547 -1.476 -1.397 -1.310 -1.213 -1.104 -0.982 -0.846 
-0.702 -0.561 -0.420 -0.305 -0.289 -0.406 -0.595 -0.784 -0.950 -1.090 
-1.211 -1.316 -1.409 -1.492 -1.567 -1.635 -1.697 -1.754 -1.806 -1.854 
-1.899 -1.940 -1.978 -2.014 -2.048 -2.079 -2.107 -2.134 -2.159 -2.182 
-2.149 
-1.715 -1.702 -1.724 -1.744 -1.763 -1.780 -1.796 -1.811 -1.825 -1.838 
-1.849 -1.859 -1.867 -1.874 -1.879 -1.883 -1.886 -1.887 -1.886 -1.884 
-1.880 -1.875 -1.868 -1.859 -1.849 -1.838 -1.825 -1.812 -1.798 -1.783 
-1.769 -1.754 -1.740 -1.725 -1.711 -1.696 -1.681 -1.664 -1.646 -1.626 
-1.605 -1.580 -1.553 -1.523 -1.490 -1.454 -1.413 -1.369 -1.321 -1.268 
-1.210 -1.147 -1.078 -1.003 -0.920 -0.830 -0.731 -0.624 -0.510 -0.392 
-0.280 -0.187 -0.128 -0.108 -0.122 -0.129 -0.072 -0.188 -0.412 -0.582 
-0.709 -0.814 -0.903 -0.981 -1.051 -1.115 -1.173 -1.226 -1.276 -1.322 
-1.365 -1.405 -1.443 -1.479 -1.512 -1.544 -1.574 -1.603 -1.630 -1.655 
-1.704 
-1.785 -1.824 -1.838 -1.849 -1.859 -1.866 -1.871 -1.874 -1.876 -1.875 
-1.872 -1.867 -1.860 -1.851 -1.840 -1.827 -1.811 -1.794 -1.775 -1.754 
-1.731 -1.706 -1.680 -1.653 -1.626 -1.598 -1.570 -1.544 -1.519 -1.496 
-1.476 -1.459 -1.446 -1.436 -1.430 -1.426 -1.425 -1.426 -1.428 -1.430 
-1.431 -1.432 -1.430 -1.427 -1.420 -1.410 -1.397 -1.379 -1.357 -1.330 
-1.298 -1.260 -1.215 -1.163 -1.102 -1.032 -0.951 -0.857 -0.748 -0.622 
-0.480 -0.332 -0.216 -0.146 -0.023 0.209 0.395 0.314 0.034 -0.272 
-0.512 -0.699 -0.848 -0.973 -1.079 -1.171 -1.252 -1.323 -1.387 -1.445 
-1.496 -1.543 -1.586 -1.625 -1.660 -1.691 -1.720 -1.746 -1.769 -1.790 
-1.781 
-1.636 -1.647 -1.658 -1.667 -1.675 -1.681 -1.687 -1.691 -1.694 -1.696 
-1.697 -1.698 -1.697 -1.696 -1.694 -1.691 -1.687 -1.683 -1.678 -1.673 
-1.668 -1.662 -1.655 -1.649 -1.642 -1.635 -1.627 -1.620 -1.612 -1.605 
-1.597 -1.590 -1.582 -1.575 -1.567 -1.560 -1.551 -1.542 -1.531 -1.518 
-1.504 -1.487 -1.467 -1.445 -1.420 -1.391 -1.358 -1.321 -1.280 -1.233 
-1.181 -1.123 -1.058 -0.984 -0.900 -0.805 -0.696 -0.569 -0.421 -0.250 
-0.061 0.111 0.207 0.192 0.135 0.106 0.074 -0.091 -0.337 -0.532 
-0.683 -0.806 -0.909 -0.998 -1.076 -1.145 -1.206 -1.261 -1.310 -1.354 
-1.395 -1.431 -1.464 -1.494 -1.521 -1.545 -1.567 -1.587 -1.605 -1.621 
-1.631 
-1.527 -1.515 -1.520 -1.523 -1.524 -1.522 -1.519 -1.514 -1.507 -1.498 
-1.488 -1.476 -1.464 -1.450 -1.435 -1.420 -1.406 -1.392 -1.379 -1.368 
-1.359 -1.353 -1.349 -1.347 -1.347 -1.349 -1.352 -1.355 -1.359 -1.364 
-1.369 -1.374 -1.378 -1.382 -1.386 -1.388 -1.389 -1.389 -1.387 -1.383 
-1.378 -1.370 -1.359 -1.346 -1.331 -1.312 -1.289 -1.264 -1.234 -1.200 
-1.161 -1.117 -1.067 -1.010 -0.946 -0.872 -0.788 -0.690 -0.575 -0.439 
-0.275 -0.080 0.157 0.349 0.398 0.447 0.346 0.137 -0.091 -0.290 
-0.456 -0.596 -0.715 -0.819 -0.909 -0.988 -1.058 -1.121 -1.176 -1.226 
-1.271 -1.310 -1.346 -1.377 -1.405 -1.430 -1.451 -1.469 -1.484 -1.497 
-1.523 
-1.717 -1.728 -1.722 -1.713 -1.701 -1.686 -1.668 -1.647 -1.623 -1.596 
-1.567 -1.536 -1.503 -1.469 -1.435 -1.402 -1.371 -1.344 -1.323 -1.308 
-1.301 -1.303 -1.312 -1.328 -1.349 -1.374 -1.401 -1.428 -1.456 -1.482 
-1.507 -1.530 -1.551 -1.569 -1.584 -1.597 -1.607 -1.614 -1.618 -1.619 
-1.617 -1.612 -1.604 -1.592 -1.576 -1.557 -1.533 -1.505 -1.473 -1.435 
-1.392 -1.342 -1.286 -1.221 -1.146 -1.060 -0.959 -0.840 -0.694 -0.512 
-0.269 0.076 0.445 0.644 0.511 0.159 -0.103 -0.349 -0.559 -0.731 
-0.875 -0.995 -1.099 -1.189 -1.267 -1.336 -1.397 -1.451 -1.499 -1.541 
-1.578 -1.610 -1.638 -1.662 -1.682 -1.699 -1.712 -1.722 -1.728 -1.731 
-1.720 
-1.901 -1.912 -1.921 -1.929 -1.934 -1.938 -1.939 -1.938 -1.935 -1.930 
-1.923 -1.913 -1.902 -1.889 -1.875 -1.859 -1.844 -1.830 -1.818 -1.809 
-1.804 -1.803 -1.805 -1.811 -1.818 -1.826 -1.834 -1.841 -1.847 -1.851 
-1.853 -1.853 -1.851 -1.847 -1.842 -1.834 -1.825 -1.813 -1.800 -1.785 
-1.767 -1.747 -1.725 -1.701 -1.673 -1.643 -1.610 -1.572 -1.531 -1.486 
-1.436 -1.380 -1.317 -1.247 -1.168 -1.078 -0.975 -0.854 -0.710 -0.533 
-0.306 0.003 0.420 0.729 0.768 0.410 -0.047 -0.359 -0.584 -0.760 
-0.904 -1.025 -1.130 -1.222 -1.302 -1.375 -1.440 -1.498 -1.551 -1.599 
-1.642 -1.682 -1.717 -1.750 -1.779 -1.806 -1.829 -1.851 -1.869 -1.886 
-1.895 
-2.047 -2.055 -2.066 -2.074 -2.080 -2.084 -2.087 -2.088 -2.087 -2.085 
-2.081 -2.076 -2.069 -2.060 -2.051 -2.040 -2.027 -2.014 -1.999 -1.983 
-1.967 -1.949 -1.931 -1.912 -1.892 -1.873 -1.853 -1.834 -1.816 -1.798 
-1.782 -1.766 -1.752 -1.739 -1.726 -1.713 -1.701 -1.688 -1.675 -1.660 
-1.644 -1.627 -1.608 -1.586 -1.562 -1.535 -1.505 -1.471 -1.433 -1.390 
-1.342 -1.288 -1.226 -1.156 -1.075 -0.981 -0.870 -0.738 -0.575 -0.367 
-0.090 0.253 0.509 0.526 0.394 -0.057 -0.381 -0.617 -0.802 -0.953 
-1.082 -1.193 -1.290 -1.377 -1.454 -1.524 -1.586 -1.644 -1.695 -1.743 
-1.786 -1.825 -1.861 -1.893 -1.922 -1.949 -1.973 -1.994 -2.013 -2.029 
-2.043 
-2.232 -2.254 -2.260 -2.264 -2.266 -2.265 -2.261 -2.255 -2.247 -2.237 
-2.224 -2.209 -2.192 -2.173 -2.151 -2.127 -2.101 -2.073 -2.043 -2.011 
-1.977 -1.942 -1.906 -1.870 -1.834 -1.799 -1.765 -1.734 -1.706 -1.682 
-1.664 -1.650 -1.641 -1.637 -1.636 -1.639 -1.644 -1.649 -1.655 -1.661 
-1.665 -1.667 -1.667 -1.664 -1.658 -1.648 -1.634 -1.617 -1.594 -1.566 
-1.533 -1.493 -1.446 -1.390 -1.325 -1.248 -1.156 -1.046 -0.912 -0.743 
-0.523 -0.222 0.142 0.313 0.285 0.037 -0.363 -0.667 -0.895 -1.075 
-1.223 -1.350 -1.459 -1.555 -1.640 -1.715 -1.783 -1.845 -1.900 -1.950 
-1.995 -2.035 -2.072 -2.105 -2.134 -2.160 -2.183 -2.203 -2.220 -2.234 
-2.229 
-2.242 -2.253 -2.264 -2.273 -2.279 -2.283 -2.285 -2.285 -2.282 -2.277 
-2.270 -2.262 -2.251 -2.238 -2.223 -2.206 -2.188 -2.168 -2.146 -2.123 
-2.099 -2.074 -2.047 -2.020 -1.993 -1.966 -1.940 -1.914 -1.890 -1.868 
-1.848 -1.831 -1.816 -1.803 -1.793 -1.784 -1.777 -1.771 -1.765 -1.759 
-1.753 -1.746 -1.738 -1.729 -1.717 -1.704 -1.688 -1.668 -1.646 -1.619 
-1.588 -1.553 -1.511 -1.463 -1.408 -1.344 -1.269 -1.180 -1.075 -0.948 
-0.790 -0.586 -0.307 0.069 0.316 0.302 0.025 -0.325 -0.615 -0.843 
-1.027 -1.181 -1.311 -1.424 -1.523 -1.611 -1.690 -1.760 -1.824 -1.881 
-1.934 -1.981 -2.024 -2.062 -2.097 -2.129 -2.157 -2.182 -2.204 -2.223 
-2.237 
-2.238 -2.246 -2.263 -2.278 -2.291 -2.301 -2.309 -2.315 -2.319 -2.321 
-2.321 -2.318 -2.314 -2.308 -2.301 -2.291 -2.280 -2.267 -2.252 -2.236 
-2.219 -2.200 -2.180 -2.159 -2.138 -2.116 -2.094 -2.073 -2.051 -2.030 
-2.010 -1.991 -1.972 -1.954 -1.937 -1.920 -1.903 -1.887 -1.870 -1.853 
-1.836 -1.818 -1.800 -1.781 -1.761 -1.739 -1.716 -1.691 -1.664 -1.635 
-1.602 -1.565 -1.525 -1.480 -1.429 -1.371 -1.305 -1.229 -1.142 -1.039 
-0.916 -0.766 -0.577 -0.325 0.027 0.220 0.051 -0.129 -0.377 -0.622 
-0.830 -1.005 -1.153 -1.281 -1.393 -1.492 -1.580 -1.660 -1.732 -1.797 
-1.857 -1.911 -1.961 -2.006 -2.047 -2.085 -2.119 -2.150 -2.178 -2.203 
-2.230 
-2.293 -2.324 -2.333 -2.339 -2.342 -2.343 -2.342 -2.338 -2.332 -2.324 
-2.313 -2.301 -2.286 -2.270 -2.251 -2.231 -2.209 -2.186 -2.161 -2.135 
-2.108 -2.081 -2.053 -2.025 -1.999 -1.973 -1.950 -1.929 -1.911 -1.896 
-1.884 -1.877 -1.872 -1.870 -1.871 -1.873 -1.877 -1.880 -1.884 -1.886 
-1.888 -1.887 -1.885 -1.880 -1.872 -1.862 -1.848 -1.831 -1.811 -1.786 
-1.756 -1.722 -1.681 -1.635 -1.581 -1.518 -1.445 -1.360 -1.259 -1.138 
-0.990 -0.800 -0.543 -0.150 0.282 0.456 0.105 -0.363 -0.683 -0.924 
-1.115 -1.273 -1.406 -1.520 -1.620 -1.708 -1.787 -1.857 -1.920 -1.976 
-2.027 -2.073 -2.114 -2.151 -2.185 -2.214 -2.240 -2.263 -2.282 -2.299 
-2.290 
-2.163 -2.154 -2.160 -2.164 -2.166 -2.165 -2.163 -2.159 -2.153 -2.145 
-2.136 -2.125 -2.112 -2.099 -2.084 -2.069 -2.052 -2.035 -2.018 -2.001 
-1.984 -1.967 -1.951 -1.935 -1.921 -1.908 -1.897 -1.887 -1.880 -1.874 
-1.871 -1.869 -1.869 -1.870 -1.872 -1.874 -1.876 -1.877 -1.877 -1.877 
-1.874 -1.869 -1.863 -1.853 -1.841 -1.826 -1.807 -1.785 -1.759 -1.729 
-1.694 -1.653 -1.607 -1.553 -1.492 -1.422 -1.341 -1.247 -1.137 -1.005 
-0.844 -0.643 -0.386 -0.083 0.182 0.278 -0.064 -0.420 -0.692 -0.903 
-1.073 -1.214 -1.333 -1.437 -1.528 -1.608 -1.679 -1.743 -1.800 -1.851 
-1.897 -1.938 -1.974 -2.007 -2.036 -2.062 -2.084 -2.104 -2.120 -2.134 
-2.160 
-2.236 -2.249 -2.255 -2.258 -2.259 -2.257 -2.252 -2.245 -2.236 -2.224 
-2.210 -2.194 -2.176 -2.155 -2.132 -2.108 -2.082 -2.054 -2.024 -1.994 
-1.963 -1.932 -1.901 -1.872 -1.844 -1.820 -1.798 -1.782 -1.770 -1.763 
-1.760 -1.762 -1.768 -1.777 -1.787 -1.799 -1.811 -1.823 -1.835 -1.845 
-1.853 -1.859 -1.862 -1.863 -1.860 -1.854 -1.845 -1.831 -1.814 -1.791 
-1.765 -1.732 -1.694 -1.650 -1.597 -1.537 -1.466 -1.384 -1.287 -1.171 
-1.030 -0.855 -0.629 -0.323 0.053 0.290 0.145 -0.225 -0.589 -0.853 
-1.056 -1.220 -1.356 -1.472 -1.573 -1.661 -1.739 -1.809 -1.871 -1.926 
-1.975 -2.020 -2.059 -2.095 -2.126 -2.153 -2.177 -2.198 -2.215 -2.229 
-2.233 
-2.299 -2.303 -2.307 -2.309 -2.308 -2.304 -2.297 -2.287 -2.275 -2.260 
-2.242 -2.221 -2.198 -2.172 -2.143 -2.111 -2.078 -2.042 -2.004 -1.965 
-1.924 -1.884 -1.844 -1.806 -1.772 -1.742 -1.719 -1.703 -1.694 -1.693 
-1.699 -1.711 -1.727 -1.747 -1.768 -1.790 -1.812 -1.832 -1.851 -1.868 
-1.883 -1.894 -1.903 -1.909 -1.910 -1.909 -1.903 -1.894 -1.880 -1.862 
-1.839 -1.810 -1.776 -1.735 -1.688 -1.632 -1.568 -1.492 -1.403 -1.298 
-1.172 -1.019 -0.827 -0.580 -0.270 0.025 -0.020 -0.289 -0.602 -0.867 
-1.077 -1.247 -1.389 -1.510 -1.614 -1.705 -1.786 -1.857 -1.921 -1.978 
-2.029 -2.074 -2.114 -2.150 -2.182 -2.209 -2.233 -2.254 -2.271 -2.284 
-2.296 
-2.378 -2.387 -2.394 -2.399 -2.401 -2.400 -2.396 -2.390 -2.381 -2.369 
-2.355 -2.337 -2.317 -2.295 -2.269 -2.240 -2.209 -2.176 -2.141 -2.105 
-2.071 -2.038 -2.010 -1.986 -1.968 -1.953 -1.942 -1.933 -1.926 -1.920 
-1.917 -1.915 -1.914 -1.915 -1.916 -1.919 -1.922 -1.925 -1.928 -1.931 
-1.933 -1.934 -1.933 -1.930 -1.925 -1.917 -1.907 -1.893 -1.876 -1.854 
-1.828 -1.797 -1.761 -1.718 -1.668 -1.611 -1.543 -1.465 -1.373 -1.264 
-1.134 -0.975 -0.778 -0.532 -0.236 -0.162 -0.268 -0.514 -0.775 -0.998 
-1.183 -1.338 -1.470 -1.585 -1.685 -1.773 -1.852 -1.923 -1.986 -2.043 
-2.094 -2.140 -2.181 -2.218 -2.251 -2.280 -2.306 -2.328 -2.348 -2.364 
-2.374 
-2.434 -2.442 -2.438 -2.430 -2.419 -2.404 -2.386 -2.365 -2.339 -2.310 
-2.277 -2.240 -2.199 -2.154 -2.106 -2.054 -1.999 -1.943 -1.887 -1.834 
-1.787 -1.749 -1.725 -1.715 -1.719 -1.737 -1.764 -1.798 -1.835 -1.874 
-1.914 -1.952 -1.988 -2.021 -2.052 -2.079 -2.103 -2.124 -2.142 -2.156 
-2.167 -2.175 -2.179 -2.179 -2.177 -2.170 -2.159 -2.144 -2.124 -2.100 
-2.071 -2.035 -1.994 -1.946 -1.889 -1.824 -1.747 -1.658 -1.552 -1.424 
-1.266 -1.062 -0.778 -0.361 -0.023 -0.069 -0.355 -0.722 -1.012 -1.237 
-1.416 -1.563 -1.687 -1.793 -1.886 -1.967 -2.038 -2.101 -2.156 -2.205 
-2.249 -2.287 -2.321 -2.349 -2.374 -2.395 -2.412 -2.425 -2.434 -2.440 
-2.435 
-2.374 -2.375 -2.376 -2.374 -2.369 -2.361 -2.350 -2.336 -2.318 -2.297 
-2.273 -2.245 -2.214 -2.180 -2.142 -2.101 -2.057 -2.010 -1.961 -1.912 
-1.862 -1.815 -1.772 -1.734 -1.703 -1.681 -1.667 -1.664 -1.670 -1.684 
-1.705 -1.732 -1.761 -1.793 -1.825 -1.857 -1.887 -1.916 -1.942 -1.966 
-1.986 -2.003 -2.016 -2.025 -2.031 -2.032 -2.029 -2.022 -2.010 -1.993 
-1.972 -1.944 -1.911 -1.872 -1.825 -1.770 -1.706 -1.631 -1.542 -1.437 
-1.311 -1.156 -0.957 -0.688 -0.321 -0.166 -0.149 -0.347 -0.660 -0.937 
-1.155 -1.332 -1.477 -1.601 -1.707 -1.799 -1.880 -1.952 -2.015 -2.072 
-2.122 -2.166 -2.205 -2.240 -2.270 -2.296 -2.318 -2.336 -2.351 -2.362 
-2.372 
-2.380 -2.379 -2.387 -2.393 -2.396 -2.395 -2.392 -2.386 -2.378 -2.366 
-2.352 -2.335 -2.315 -2.292 -2.266 -2.238 -2.206 -2.172 -2.135 -2.096 
-2.055 -2.012 -1.968 -1.923 -1.880 -1.839 -1.800 -1.766 -1.736 -1.712 
-1.693 -1.681 -1.676 -1.676 -1.683 -1.696 -1.712 -1.732 -1.754 -1.776 
-1.797 -1.817 -1.835 -1.849 -1.861 -1.869 -1.872 -1.872 -1.867 -1.858 
-1.844 -1.824 -1.799 -1.768 -1.730 -1.684 -1.631 -1.567 -1.492 -1.403 
-1.297 -1.169 -1.011 -0.812 -0.560 -0.272 -0.090 -0.166 -0.427 -0.721 
-0.969 -1.168 -1.332 -1.470 -1.588 -1.691 -1.782 -1.862 -1.933 -1.997 
-2.054 -2.105 -2.151 -2.192 -2.228 -2.260 -2.289 -2.314 -2.335 -2.353 
-2.375 
-2.525 -2.559 -2.570 -2.578 -2.584 -2.586 -2.586 -2.583 -2.578 -2.570 
-2.559 -2.545 -2.529 -2.511 -2.489 -2.465 -2.439 -2.410 -2.378 -2.344 
-2.307 -2.268 -2.227 -2.184 -2.139 -2.092 -2.044 -1.995 -1.946 -1.898 
-1.853 -1.812 -1.777 -1.750 -1.732 -1.725 -1.728 -1.739 -1.758 -1.781 
-1.806 -1.832 -1.856 -1.879 -1.898 -1.913 -1.925 -1.932 -1.934 -1.931 
-1.923 -1.909 -1.890 -1.864 -1.831 -1.791 -1.742 -1.684 -1.614 -1.530 
-1.430 -1.309 -1.160 -0.973 -0.735 -0.458 -0.253 -0.306 -0.566 -0.859 
-1.105 -1.304 -1.470 -1.609 -1.730 -1.835 -1.928 -2.010 -2.084 -2.150 
-2.209 -2.262 -2.310 -2.354 -2.392 -2.427 -2.457 -2.484 -2.508 -2.528 
-2.521 
-2.474 -2.468 -2.476 -2.482 -2.484 -2.484 -2.482 -2.476 -2.469 -2.458 
-2.446 -2.431 -2.415 -2.396 -2.375 -2.352 -2.328 -2.303 -2.277 -2.250 
-2.223 -2.196 -2.170 -2.145 -2.122 -2.101 -2.083 -2.068 -2.055 -2.045 
-2.038 -2.033 -2.031 -2.031 -2.034 -2.041 -2.052 -2.064 -2.079 -2.094 
-2.109 -2.122 -2.133 -2.141 -2.146 -2.148 -2.146 -2.141 -2.131 -2.117 
-2.099 -2.076 -2.049 -2.015 -1.976 -1.930 -1.877 -1.815 -1.744 -1.662 
-1.566 -1.455 -1.323 -1.168 -0.988 -0.791 -0.623 -0.622 -0.747 -0.909 
-1.092 -1.270 -1.428 -1.564 -1.683 -1.786 -1.877 -1.957 -2.029 -2.092 
-2.149 -2.200 -2.245 -2.286 -2.322 -2.353 -2.381 -2.405 -2.426 -2.443 
-2.469 
-2.557 -2.575 -2.583 -2.588 -2.590 -2.589 -2.586 -2.579 -2.569 -2.556 
-2.541 -2.522 -2.501 -2.476 -2.449 -2.419 -2.387 -2.351 -2.314 -2.274 
-2.233 -2.192 -2.151 -2.113 -2.079 -2.052 -2.034 -2.025 -2.024 -2.032 
-2.046 -2.065 -2.088 -2.113 -2.140 -2.167 -2.194 -2.219 -2.243 -2.265 
-2.285 -2.301 -2.315 -2.326 -2.333 -2.337 -2.338 -2.334 -2.327 -2.316 
-2.301 -2.281 -2.257 -2.227 -2.192 -2.151 -2.103 -2.048 -1.984 -1.909 
-1.823 -1.723 -1.605 -1.467 -1.307 -1.138 -0.996 -0.901 -0.849 -0.876 
-1.006 -1.191 -1.378 -1.544 -1.687 -1.809 -1.916 -2.008 -2.090 -2.162 
-2.225 -2.282 -2.332 -2.377 -2.416 -2.451 -2.481 -2.507 -2.529 -2.548 
-2.552 
-2.570 -2.576 -2.577 -2.576 -2.571 -2.563 -2.552 -2.537 -2.520 -2.499 
-2.474 -2.447 -2.415 -2.381 -2.342 -2.299 -2.253 -2.203 -2.149 -2.093 
-2.034 -1.975 -1.919 -1.868 -1.827 -1.800 -1.789 -1.796 -1.818 -1.853 
-1.895 -1.942 -1.989 -2.036 -2.081 -2.122 -2.160 -2.194 -2.224 -2.250 
-2.272 -2.289 -2.303 -2.312 -2.317 -2.318 -2.314 -2.306 -2.294 -2.277 
-2.256 -2.229 -2.196 -2.158 -2.113 -2.060 -2.000 -1.930 -1.849 -1.755 
-1.645 -1.517 -1.367 -1.196 -1.016 -0.874 -0.832 -0.906 -1.032 -1.174 
-1.341 -1.509 -1.658 -1.786 -1.896 -1.991 -2.075 -2.148 -2.213 -2.270 
-2.321 -2.366 -2.406 -2.441 -2.471 -2.497 -2.519 -2.537 -2.552 -2.563 
-2.568 
-2.535 -2.534 -2.538 -2.539 -2.537 -2.534 -2.528 -2.520 -2.510 -2.498 
-2.484 -2.469 -2.451 -2.433 -2.413 -2.391 -2.369 -2.345 -2.320 -2.294 
-2.268 -2.243 -2.218 -2.197 -2.181 -2.172 -2.172 -2.180 -2.197 -2.219 
-2.245 -2.271 -2.296 -2.320 -2.342 -2.360 -2.377 -2.390 -2.400 -2.407 
-2.412 -2.413 -2.412 -2.407 -2.399 -2.387 -2.372 -2.354 -2.331 -2.304 
-2.274 -2.238 -2.197 -2.150 -2.098 -2.038 -1.970 -1.893 -1.806 -1.706 
-1.592 -1.462 -1.317 -1.162 -1.017 -0.911 -0.869 -0.915 -1.079 -1.272 
-1.443 -1.588 -1.713 -1.821 -1.915 -1.999 -2.072 -2.137 -2.195 -2.247 
-2.293 -2.334 -2.371 -2.403 -2.431 -2.455 -2.476 -2.494 -2.508 -2.520 
-2.532 
-2.564 -2.571 -2.573 -2.572 -2.568 -2.561 -2.551 -2.538 -2.523 -2.504 
-2.483 -2.459 -2.432 -2.402 -2.371 -2.337 -2.301 -2.265 -2.228 -2.193 
-2.159 -2.130 -2.106 -2.089 -2.081 -2.081 -2.090 -2.107 -2.129 -2.156 
-2.185 -2.216 -2.247 -2.277 -2.305 -2.332 -2.356 -2.377 -2.396 -2.412 
-2.424 -2.434 -2.440 -2.443 -2.442 -2.438 -2.431 -2.420 -2.404 -2.385 
-2.361 -2.333 -2.300 -2.261 -2.216 -2.165 -2.106 -2.039 -1.962 -1.873 
-1.770 -1.651 -1.510 -1.344 -1.149 -0.927 -0.725 -0.651 -0.782 -1.018 
-1.252 -1.448 -1.610 -1.746 -1.861 -1.961 -2.049 -2.125 -2.193 -2.252 
-2.305 -2.351 -2.392 -2.428 -2.460 -2.487 -2.510 -2.529 -2.544 -2.556 
-2.562 
-2.625 -2.624 -2.632 -2.637 -2.640 -2.640 -2.637 -2.632 -2.624 -2.614 
-2.602 -2.587 -2.571 -2.552 -2.532 -2.510 -2.486 -2.462 -2.437 -2.411 
-2.387 -2.364 -2.343 -2.326 -2.311 -2.301 -2.295 -2.291 -2.291 -2.292 
-2.296 -2.301 -2.306 -2.314 -2.322 -2.332 -2.342 -2.353 -2.365 -2.375 
-2.385 -2.393 -2.400 -2.403 -2.405 -2.403 -2.398 -2.390 -2.379 -2.364 
-2.345 -2.321 -2.294 -2.261 -2.223 -2.180 -2.130 -2.073 -2.008 -1.935 
-1.851 -1.755 -1.646 -1.522 -1.383 -1.229 -1.075 -0.995 -1.065 -1.192 
-1.335 -1.479 -1.615 -1.739 -1.850 -1.949 -2.037 -2.116 -2.186 -2.249 
-2.305 -2.356 -2.401 -2.441 -2.477 -2.509 -2.537 -2.561 -2.581 -2.598 
-2.620 
-2.779 -2.822 -2.834 -2.843 -2.849 -2.853 -2.855 -2.854 -2.850 -2.844 
-2.835 -2.825 -2.812 -2.796 -2.779 -2.759 -2.737 -2.713 -2.688 -2.660 
-2.630 -2.599 -2.566 -2.532 -2.496 -2.459 -2.422 -2.384 -2.347 -2.310 
-2.276 -2.246 -2.220 -2.201 -2.188 -2.182 -2.183 -2.189 -2.200 -2.214 
-2.230 -2.246 -2.261 -2.275 -2.287 -2.296 -2.302 -2.304 -2.302 -2.296 
-2.286 -2.272 -2.252 -2.228 -2.198 -2.161 -2.119 -2.069 -2.012 -1.946 
-1.871 -1.786 -1.691 -1.588 -1.483 -1.387 -1.320 -1.301 -1.342 -1.434 
-1.554 -1.681 -1.804 -1.918 -2.022 -2.117 -2.203 -2.280 -2.351 -2.414 
-2.472 -2.524 -2.571 -2.614 -2.652 -2.687 -2.718 -2.745 -2.769 -2.789 
-2.775 
-2.649 -2.649 -2.662 -2.672 -2.680 -2.686 -2.689 -2.690 -2.688 -2.685 
-2.679 -2.672 -2.662 -2.650 -2.637 -2.621 -2.604 -2.586 -2.566 -2.545 
-2.522 -2.499 -2.475 -2.451 -2.426 -2.401 -2.377 -2.353 -2.331 -2.310 
-2.291 -2.274 -2.259 -2.247 -2.238 -2.232 -2.228 -2.227 -2.227 -2.228 
-2.230 -2.232 -2.232 -2.232 -2.230 -2.227 -2.220 -2.212 -2.200 -2.185 
-2.167 -2.145 -2.118 -2.087 -2.051 -2.009 -1.961 -1.906 -1.844 -1.773 
-1.694 -1.605 -1.508 -1.406 -1.305 -1.221 -1.171 -1.169 -1.214 -1.295 
-1.400 -1.515 -1.632 -1.744 -1.847 -1.941 -2.026 -2.103 -2.173 -2.237 
-2.294 -2.346 -2.393 -2.436 -2.475 -2.510 -2.541 -2.568 -2.593 -2.614 
-2.643 
-2.693 -2.701 -2.718 -2.733 -2.744 -2.753 -2.759 -2.763 -2.764 -2.762 
-2.757 -2.750 -2.740 -2.728 -2.712 -2.694 -2.673 -2.650 -2.623 -2.594 
-2.563 -2.531 -2.500 -2.471 -2.446 -2.425 -2.409 -2.394 -2.381 -2.367 
-2.352 -2.337 -2.322 -2.307 -2.293 -2.281 -2.271 -2.263 -2.257 -2.253 
-2.251 -2.250 -2.250 -2.250 -2.250 -2.249 -2.247 -2.243 -2.237 -2.229 
-2.217 -2.203 -2.184 -2.161 -2.134 -2.101 -2.063 -2.018 -1.966 -1.905 
-1.834 -1.751 -1.654 -1.547 -1.446 -1.372 -1.312 -1.258 -1.222 -1.225 
-1.276 -1.370 -1.488 -1.612 -1.732 -1.844 -1.946 -2.039 -2.123 -2.200 
-2.269 -2.331 -2.388 -2.439 -2.486 -2.528 -2.565 -2.599 -2.630 -2.657 
-2.684 
-2.931 -2.957 -2.959 -2.957 -2.952 -2.944 -2.932 -2.916 -2.896 -2.873 
-2.846 -2.815 -2.780 -2.740 -2.696 -2.648 -2.596 -2.540 -2.480 -2.419 
-2.358 -2.301 -2.250 -2.210 -2.185 -2.177 -2.183 -2.202 -2.230 -2.265 
-2.303 -2.342 -2.381 -2.418 -2.452 -2.483 -2.510 -2.534 -2.554 -2.571 
-2.585 -2.597 -2.605 -2.610 -2.613 -2.612 -2.608 -2.600 -2.588 -2.571 
-2.550 -2.524 -2.491 -2.453 -2.407 -2.353 -2.289 -2.214 -2.125 -2.019 
-1.894 -1.746 -1.578 -1.419 -1.323 -1.335 -1.424 -1.511 -1.568 -1.639 
-1.744 -1.869 -1.997 -2.118 -2.228 -2.327 -2.414 -2.493 -2.562 -2.624 
-2.679 -2.727 -2.770 -2.808 -2.841 -2.869 -2.893 -2.914 -2.930 -2.943 
-2.931 
-2.940 -2.963 -2.969 -2.972 -2.972 -2.968 -2.960 -2.950 -2.936 -2.918 
-2.897 -2.872 -2.843 -2.811 -2.774 -2.733 -2.688 -2.639 -2.585 -2.528 
-2.467 -2.404 -2.340 -2.277 -2.218 -2.165 -2.123 -2.094 -2.083 -2.089 
-2.111 -2.146 -2.191 -2.242 -2.295 -2.348 -2.399 -2.447 -2.491 -2.530 
-2.565 -2.595 -2.621 -2.642 -2.658 -2.670 -2.678 -2.681 -2.679 -2.673 
-2.662 -2.646 -2.625 -2.598 -2.565 -2.525 -2.479 -2.424 -2.359 -2.282 
-2.192 -2.085 -1.959 -1.818 -1.690 -1.597 -1.497 -1.380 -1.304 -1.328 
-1.453 -1.627 -1.802 -1.959 -2.096 -2.215 -2.319 -2.411 -2.491 -2.562 
-2.625 -2.681 -2.731 -2.775 -2.813 -2.847 -2.876 -2.901 -2.922 -2.939 
-2.936 
-2.769 -2.760 -2.767 -2.770 -2.769 -2.765 -2.757 -2.746 -2.731 -2.712 
-2.690 -2.663 -2.633 -2.598 -2.559 -2.516 -2.467 -2.414 -2.356 -2.293 
-2.226 -2.155 -2.082 -2.009 -1.942 -1.884 -1.844 -1.826 -1.834 -1.864 
-1.912 -1.972 -2.037 -2.103 -2.167 -2.228 -2.284 -2.335 -2.381 -2.421 
-2.457 -2.488 -2.514 -2.536 -2.553 -2.565 -2.574 -2.578 -2.578 -2.573 
-2.564 -2.550 -2.532 -2.509 -2.480 -2.446 -2.406 -2.359 -2.305 -2.242 
-2.171 -2.088 -1.992 -1.881 -1.753 -1.604 -1.436 -1.266 -1.135 -1.103 
-1.191 -1.353 -1.532 -1.699 -1.846 -1.974 -2.085 -2.182 -2.267 -2.342 
-2.409 -2.467 -2.519 -2.565 -2.605 -2.640 -2.671 -2.697 -2.719 -2.736 
-2.764 
-2.867 -2.870 -2.875 -2.876 -2.874 -2.868 -2.858 -2.845 -2.828 -2.807 
-2.782 -2.754 -2.721 -2.684 -2.643 -2.597 -2.548 -2.493 -2.435 -2.374 
-2.310 -2.246 -2.183 -2.127 -2.079 -2.047 -2.033 -2.041 -2.070 -2.115 
-2.172 -2.233 -2.296 -2.358 -2.416 -2.470 -2.519 -2.563 -2.603 -2.638 
-2.668 -2.694 -2.716 -2.733 -2.746 -2.755 -2.760 -2.761 -2.758 -2.751 
-2.739 -2.723 -2.702 -2.677 -2.646 -2.610 -2.568 -2.519 -2.463 -2.399 
-2.325 -2.240 -2.142 -2.029 -1.898 -1.745 -1.572 -1.391 -1.243 -1.194 
-1.280 -1.451 -1.641 -1.815 -1.967 -2.097 -2.209 -2.306 -2.392 -2.466 
-2.532 -2.590 -2.641 -2.686 -2.725 -2.759 -2.788 -2.813 -2.833 -2.849 
-2.863 
-3.124 -3.149 -3.150 -3.147 -3.141 -3.131 -3.117 -3.099 -3.077 -3.051 
-3.020 -2.984 -2.943 -2.896 -2.843 -2.784 -2.717 -2.643 -2.564 -2.484 
-2.410 -2.347 -2.293 -2.239 -2.185 -2.141 -2.118 -2.127 -2.167 -2.230 
-2.306 -2.387 -2.466 -2.541 -2.609 -2.671 -2.727 -2.776 -2.820 -2.857 
-2.890 -2.917 -2.939 -2.957 -2.970 -2.979 -2.983 -2.983 -2.978 -2.969 
-2.956 -2.937 -2.914 -2.886 -2.852 -2.812 -2.765 -2.712 -2.650 -2.579 
-2.498 -2.406 -2.300 -2.179 -2.044 -1.901 -1.766 -1.667 -1.625 -1.655 
-1.776 -1.941 -2.104 -2.249 -2.375 -2.485 -2.580 -2.665 -2.739 -2.804 
-2.862 -2.913 -2.958 -2.997 -3.031 -3.061 -3.085 -3.106 -3.123 -3.135 
-3.122 
-3.137 -3.141 -3.130 -3.115 -3.096 -3.072 -3.043 -3.010 -2.971 -2.926 
-2.876 -2.819 -2.755 -2.683 -2.604 -2.517 -2.422 -2.324 -2.227 -2.145 
-2.092 -2.084 -2.120 -2.187 -2.265 -2.339 -2.407 -2.474 -2.545 -2.619 
-2.692 -2.762 -2.825 -2.883 -2.934 -2.978 -3.017 -3.050 -3.078 -3.102 
-3.120 -3.134 -3.144 -3.149 -3.151 -3.148 -3.141 -3.129 -3.113 -3.093 
-3.068 -3.038 -3.002 -2.961 -2.914 -2.859 -2.798 -2.728 -2.649 -2.560 
-2.462 -2.355 -2.245 -2.135 -2.026 -1.916 -1.822 -1.783 -1.828 -1.943 
-2.088 -2.233 -2.365 -2.481 -2.583 -2.672 -2.750 -2.818 -2.877 -2.929 
-2.975 -3.014 -3.047 -3.076 -3.099 -3.118 -3.132 -3.142 -3.148 -3.150 
-3.138 
-3.014 -2.988 -2.972 -2.953 -2.929 -2.901 -2.869 -2.832 -2.791 -2.744 
-2.693 -2.637 -2.575 -2.509 -2.439 -2.367 -2.295 -2.227 -2.170 -2.129 
-2.112 -2.123 -2.161 -2.220 -2.290 -2.363 -2.436 -2.505 -2.570 -2.629 
-2.684 -2.733 -2.776 -2.815 -2.849 -2.878 -2.903 -2.924 -2.941 -2.953 
-2.961 -2.966 -2.966 -2.963 -2.955 -2.944 -2.928 -2.908 -2.883 -2.853 
-2.819 -2.778 -2.732 -2.680 -2.621 -2.554 -2.479 -2.395 -2.301 -2.200 
-2.093 -1.989 -1.900 -1.843 -1.830 -1.855 -1.898 -1.952 -2.029 -2.128 
-2.238 -2.345 -2.443 -2.530 -2.606 -2.673 -2.732 -2.784 -2.829 -2.868 
-2.902 -2.931 -2.955 -2.975 -2.990 -3.001 -3.009 -3.012 -3.012 -3.008 
-3.018 
-3.154 -3.150 -3.140 -3.127 -3.109 -3.087 -3.061 -3.030 -2.994 -2.953 
-2.907 -2.856 -2.800 -2.738 -2.672 -2.602 -2.531 -2.461 -2.399 -2.350 
-2.320 -2.312 -2.326 -2.362 -2.419 -2.492 -2.571 -2.651 -2.727 -2.797 
-2.861 -2.918 -2.971 -3.017 -3.058 -3.095 -3.127 -3.154 -3.177 -3.196 
-3.211 -3.221 -3.229 -3.232 -3.231 -3.227 -3.218 -3.206 -3.189 -3.169 
-3.143 -3.113 -3.078 -3.038 -2.991 -2.938 -2.878 -2.810 -2.733 -2.647 
-2.554 -2.454 -2.356 -2.266 -2.186 -2.107 -2.023 -1.951 -1.927 -1.972 
-2.072 -2.197 -2.324 -2.442 -2.548 -2.642 -2.725 -2.797 -2.860 -2.916 
-2.964 -3.006 -3.042 -3.072 -3.097 -3.118 -3.134 -3.145 -3.153 -3.156 
-3.155 
-3.303 -3.345 -3.339 -3.329 -3.315 -3.297 -3.275 -3.249 -3.218 -3.183 
-3.143 -3.098 -3.048 -2.994 -2.934 -2.869 -2.800 -2.726 -2.649 -2.568 
-2.486 -2.409 -2.348 -2.323 -2.347 -2.415 -2.511 -2.616 -2.719 -2.814 
-2.899 -2.976 -3.043 -3.103 -3.156 -3.203 -3.244 -3.279 -3.309 -3.335 
-3.356 -3.373 -3.386 -3.395 -3.400 -3.401 -3.398 -3.391 -3.381 -3.366 
-3.347 -3.325 -3.297 -3.265 -3.228 -3.186 -3.137 -3.083 -3.021 -2.952 
-2.874 -2.786 -2.687 -2.574 -2.447 -2.308 -2.168 -2.056 -2.016 -2.070 
-2.189 -2.332 -2.471 -2.595 -2.705 -2.801 -2.885 -2.959 -3.024 -3.081 
-3.131 -3.175 -3.213 -3.246 -3.274 -3.297 -3.315 -3.329 -3.339 -3.345 
-3.303 
-3.003 -2.990 -2.981 -2.969 -2.952 -2.932 -2.909 -2.881 -2.850 -2.816 
-2.778 -2.737 -2.693 -2.648 -2.601 -2.556 -2.514 -2.477 -2.448 -2.429 
-2.419 -2.420 -2.429 -2.452 -2.492 -2.546 -2.608 -2.670 -2.729 -2.785 
-2.836 -2.882 -2.925 -2.963 -2.998 -3.028 -3.055 -3.078 -3.098 -3.114 
-3.127 -3.136 -3.143 -3.145 -3.145 -3.141 -3.134 -3.124 -3.110 -3.093 
-3.072 -3.047 -3.019 -2.986 -2.949 -2.908 -2.863 -2.812 -2.757 -2.697 
-2.632 -2.563 -2.491 -2.416 -2.342 -2.271 -2.208 -2.162 -2.148 -2.175 
-2.231 -2.299 -2.372 -2.445 -2.515 -2.580 -2.641 -2.697 -2.747 -2.792 
-2.832 -2.868 -2.898 -2.924 -2.946 -2.964 -2.978 -2.988 -2.994 -2.996 
-3.004 
-2.898 -2.886 -2.879 -2.869 -2.855 -2.837 -2.815 -2.789 -2.760 -2.726 
-2.688 -2.647 -2.603 -2.557 -2.509 -2.461 -2.416 -2.377 -2.346 -2.327 
-2.322 -2.332 -2.354 -2.387 -2.427 -2.471 -2.516 -2.562 -2.607 -2.651 
-2.694 -2.736 -2.776 -2.813 -2.848 -2.880 -2.909 -2.935 -2.958 -2.977 
-2.993 -3.006 -3.015 -3.021 -3.024 -3.023 -3.019 -3.011 -3.000 -2.986 
-2.967 -2.945 -2.919 -2.889 -2.854 -2.815 -2.771 -2.722 -2.668 -2.608 
-2.542 -2.470 -2.393 -2.311 -2.228 -2.147 -2.076 -2.024 -2.000 -2.009 
-2.047 -2.107 -2.179 -2.256 -2.332 -2.405 -2.473 -2.536 -2.592 -2.643 
-2.689 -2.729 -2.765 -2.795 -2.821 -2.842 -2.860 -2.873 -2.882 -2.887 
-2.898 
-3.017 -3.017 -3.021 -3.021 -3.018 -3.012 -3.002 -2.989 -2.972 -2.952 
-2.928 -2.900 -2.869 -2.834 -2.796 -2.755 -2.711 -2.666 -2.619 -2.573 
-2.529 -2.490 -2.465 -2.455 -2.455 -2.459 -2.465 -2.474 -2.488 -2.508 
-2.533 -2.563 -2.597 -2.632 -2.669 -2.705 -2.740 -2.774 -2.804 -2.833 
-2.858 -2.880 -2.899 -2.914 -2.927 -2.935 -2.941 -2.943 -2.942 -2.937 
-2.929 -2.917 -2.902 -2.882 -2.859 -2.832 -2.800 -2.765 -2.725 -2.680 
-2.630 -2.576 -2.518 -2.455 -2.389 -2.322 -2.257 -2.198 -2.154 -2.140 
-2.161 -2.205 -2.261 -2.322 -2.386 -2.451 -2.514 -2.575 -2.632 -2.686 
-2.735 -2.781 -2.822 -2.859 -2.891 -2.920 -2.946 -2.967 -2.985 -2.999 
-3.013 
-3.311 -3.338 -3.336 -3.329 -3.318 -3.304 -3.284 -3.260 -3.231 -3.197 
-3.157 -3.111 -3.059 -2.999 -2.931 -2.855 -2.770 -2.676 -2.576 -2.476 
-2.384 -2.319 -2.297 -2.326 -2.397 -2.489 -2.584 -2.672 -2.751 -2.822 
-2.886 -2.945 -2.999 -3.049 -3.095 -3.138 -3.176 -3.211 -3.242 -3.269 
-3.292 -3.312 -3.327 -3.339 -3.348 -3.352 -3.353 -3.350 -3.343 -3.332 
-3.317 -3.298 -3.274 -3.246 -3.212 -3.173 -3.128 -3.076 -3.016 -2.948 
-2.870 -2.780 -2.680 -2.572 -2.465 -2.371 -2.282 -2.187 -2.105 -2.081 
-2.137 -2.250 -2.383 -2.510 -2.624 -2.725 -2.814 -2.892 -2.962 -3.024 
-3.079 -3.127 -3.170 -3.207 -3.239 -3.266 -3.289 -3.307 -3.321 -3.331 
-3.310 
-3.305 -3.315 -3.304 -3.289 -3.269 -3.246 -3.219 -3.187 -3.150 -3.108 
-3.061 -3.009 -2.950 -2.885 -2.813 -2.735 -2.652 -2.567 -2.487 -2.421 
-2.379 -2.370 -2.397 -2.455 -2.536 -2.625 -2.713 -2.797 -2.873 -2.942 
-3.004 -3.060 -3.109 -3.152 -3.191 -3.224 -3.253 -3.277 -3.298 -3.314 
-3.326 -3.334 -3.339 -3.339 -3.336 -3.329 -3.318 -3.304 -3.285 -3.261 
-3.233 -3.200 -3.162 -3.118 -3.068 -3.011 -2.946 -2.873 -2.789 -2.694 
-2.586 -2.466 -2.339 -2.218 -2.128 -2.098 -2.133 -2.206 -2.285 -2.365 
-2.463 -2.574 -2.680 -2.775 -2.859 -2.932 -2.996 -3.053 -3.102 -3.146 
-3.184 -3.217 -3.245 -3.269 -3.288 -3.304 -3.315 -3.323 -3.326 -3.326 
-3.307 
-3.082 -3.071 -3.068 -3.063 -3.055 -3.044 -3.030 -3.013 -2.994 -2.973 
-2.949 -2.923 -2.896 -2.867 -2.838 -2.807 -2.777 -2.747 -2.720 -2.699 
-2.689 -2.694 -2.713 -2.742 -2.777 -2.813 -2.848 -2.883 -2.916 -2.947 
-2.976 -3.003 -3.028 -3.050 -3.071 -3.089 -3.105 -3.119 -3.131 -3.141 
-3.149 -3.155 -3.158 -3.160 -3.158 -3.155 -3.149 -3.140 -3.128 -3.113 
-3.095 -3.074 -3.050 -3.022 -2.990 -2.955 -2.916 -2.872 -2.824 -2.771 
-2.714 -2.651 -2.583 -2.515 -2.457 -2.426 -2.429 -2.451 -2.479 -2.510 
-2.544 -2.581 -2.621 -2.661 -2.701 -2.741 -2.778 -2.814 -2.848 -2.880 
-2.910 -2.937 -2.963 -2.985 -3.006 -3.024 -3.039 -3.051 -3.060 -3.067 
-3.082 
-3.048 -3.067 -3.084 -3.099 -3.112 -3.123 -3.131 -3.137 -3.140 -3.142 
-3.141 -3.138 -3.133 -3.127 -3.119 -3.110 -3.101 -3.092 -3.082 -3.074 
-3.066 -3.060 -3.053 -3.048 -3.043 -3.038 -3.034 -3.029 -3.025 -3.020 
-3.017 -3.014 -3.011 -3.010 -3.010 -3.010 -3.012 -3.016 -3.020 -3.025 
-3.031 -3.037 -3.043 -3.050 -3.056 -3.061 -3.066 -3.069 -3.072 -3.073 
-3.072 -3.069 -3.065 -3.058 -3.050 -3.038 -3.025 -3.009 -2.990 -2.969 
-2.946 -2.921 -2.894 -2.866 -2.839 -2.812 -2.787 -2.766 -2.747 -2.733 
-2.722 -2.714 -2.710 -2.708 -2.709 -2.714 -2.722 -2.734 -2.750 -2.768 
-2.790 -2.814 -2.840 -2.868 -2.896 -2.923 -2.951 -2.977 -3.002 -3.026 
-3.040 
-3.039 -3.044 -3.057 -3.068 -3.075 -3.081 -3.084 -3.084 -3.082 -3.078 
-3.072 -3.063 -3.052 -3.039 -3.025 -3.010 -2.995 -2.980 -2.967 -2.955 
-2.945 -2.937 -2.930 -2.925 -2.921 -2.918 -2.915 -2.913 -2.912 -2.912 
-2.913 -2.916 -2.920 -2.925 -2.932 -2.939 -2.947 -2.956 -2.965 -2.973 
-2.982 -2.990 -2.997 -3.003 -3.008 -3.011 -3.013 -3.013 -3.011 -3.007 
-3.001 -2.993 -2.982 -2.969 -2.953 -2.935 -2.913 -2.889 -2.862 -2.831 
-2.797 -2.760 -2.719 -2.675 -2.629 -2.582 -2.540 -2.507 -2.488 -2.484 
-2.490 -2.501 -2.517 -2.536 -2.559 -2.586 -2.616 -2.649 -2.683 -2.718 
-2.754 -2.789 -2.823 -2.856 -2.887 -2.916 -2.943 -2.968 -2.991 -3.011 
-3.033 
-3.096 -3.108 -3.104 -3.098 -3.088 -3.075 -3.059 -3.040 -3.018 -2.994 
-2.968 -2.939 -2.909 -2.879 -2.849 -2.820 -2.795 -2.775 -2.762 -2.757 
-2.760 -2.773 -2.793 -2.819 -2.850 -2.883 -2.918 -2.953 -2.986 -3.018 
-3.049 -3.077 -3.103 -3.127 -3.149 -3.168 -3.186 -3.201 -3.214 -3.225 
-3.233 -3.239 -3.242 -3.243 -3.241 -3.236 -3.229 -3.218 -3.205 -3.188 
-3.167 -3.143 -3.115 -3.084 -3.048 -3.007 -2.962 -2.912 -2.856 -2.794 
-2.726 -2.652 -2.572 -2.488 -2.402 -2.322 -2.256 -2.218 -2.215 -2.248 
-2.306 -2.378 -2.455 -2.529 -2.600 -2.665 -2.725 -2.780 -2.830 -2.875 
-2.916 -2.952 -2.985 -3.013 -3.037 -3.058 -3.075 -3.088 -3.098 -3.105 
-3.097 
-3.048 -3.040 -3.036 -3.030 -3.022 -3.013 -3.003 -2.991 -2.979 -2.967 
-2.954 -2.943 -2.932 -2.922 -2.915 -2.910 -2.907 -2.908 -2.912 -2.921 
-2.934 -2.951 -2.971 -2.994 -3.019 -3.045 -3.071 -3.097 -3.123 -3.147 
-3.169 -3.190 -3.209 -3.226 -3.241 -3.254 -3.265 -3.273 -3.279 -3.283 
-3.284 -3.283 -3.279 -3.273 -3.264 -3.252 -3.238 -3.221 -3.202 -3.179 
-3.153 -3.125 -3.093 -3.058 -3.020 -2.978 -2.933 -2.886 -2.835 -2.782 
-2.727 -2.671 -2.615 -2.561 -2.510 -2.465 -2.431 -2.412 -2.413 -2.433 
-2.468 -2.513 -2.562 -2.613 -2.664 -2.712 -2.758 -2.800 -2.839 -2.874 
-2.905 -2.933 -2.958 -2.979 -2.996 -3.011 -3.023 -3.031 -3.037 -3.040 
-3.048 
-3.046 -3.055 -3.055 -3.053 -3.049 -3.043 -3.035 -3.026 -3.015 -3.005 
-2.993 -2.982 -2.971 -2.962 -2.954 -2.948 -2.944 -2.944 -2.946 -2.952 
-2.962 -2.975 -2.991 -3.009 -3.030 -3.052 -3.075 -3.099 -3.123 -3.146 
-3.169 -3.191 -3.211 -3.229 -3.246 -3.261 -3.274 -3.285 -3.294 -3.301 
-3.305 -3.307 -3.306 -3.303 -3.297 -3.289 -3.278 -3.265 -3.248 -3.229 
-3.207 -3.181 -3.153 -3.121 -3.085 -3.046 -3.004 -2.957 -2.907 -2.854 
-2.797 -2.736 -2.674 -2.611 -2.549 -2.491 -2.440 -2.402 -2.380 -2.377 
-2.393 -2.425 -2.468 -2.519 -2.572 -2.626 -2.679 -2.729 -2.775 -2.818 
-2.857 -2.893 -2.924 -2.952 -2.976 -2.996 -3.014 -3.028 -3.039 -3.047 
-3.044 
-2.997 -2.991 -2.991 -2.990 -2.987 -2.982 -2.977 -2.972 -2.967 -2.962 
-2.960 -2.959 -2.962 -2.967 -2.976 -2.987 -3.002 -3.019 -3.037 -3.058 
-3.080 -3.103 -3.127 -3.152 -3.176 -3.201 -3.226 -3.249 -3.272 -3.294 
-3.315 -3.334 -3.351 -3.367 -3.381 -3.393 -3.403 -3.411 -3.417 -3.421 
-3.423 -3.423 -3.421 -3.416 -3.409 -3.400 -3.388 -3.374 -3.358 -3.339 
-3.317 -3.292 -3.265 -3.235 -3.202 -3.166 -3.126 -3.084 -3.038 -2.990 
-2.938 -2.883 -2.826 -2.767 -2.708 -2.651 -2.600 -2.558 -2.529 -2.516 
-2.517 -2.530 -2.552 -2.580 -2.613 -2.649 -2.686 -2.722 -2.758 -2.792 
-2.823 -2.852 -2.879 -2.902 -2.923 -2.941 -2.956 -2.968 -2.977 -2.984 
-2.995 
-3.078 -3.062 -3.047 -3.030 -3.011 -2.989 -2.967 -2.946 -2.926 -2.909 
-2.898 -2.893 -2.896 -2.907 -2.925 -2.950 -2.979 -3.010 -3.041 -3.071 
-3.099 -3.125 -3.149 -3.174 -3.201 -3.232 -3.267 -3.303 -3.341 -3.378 
-3.413 -3.445 -3.475 -3.501 -3.524 -3.544 -3.560 -3.574 -3.584 -3.591 
-3.595 -3.597 -3.595 -3.591 -3.584 -3.573 -3.560 -3.543 -3.524 -3.501 
-3.475 -3.445 -3.412 -3.375 -3.334 -3.288 -3.238 -3.184 -3.124 -3.059 
-2.988 -2.912 -2.831 -2.747 -2.662 -2.581 -2.510 -2.458 -2.430 -2.429 
-2.452 -2.494 -2.550 -2.612 -2.676 -2.737 -2.794 -2.845 -2.892 -2.932 
-2.968 -2.999 -3.024 -3.045 -3.062 -3.074 -3.082 -3.085 -3.085 -3.081 
-3.083 
-3.302 -3.333 -3.330 -3.323 -3.313 -3.300 -3.285 -3.268 -3.249 -3.229 
-3.208 -3.188 -3.168 -3.147 -3.124 -3.100 -3.072 -3.041 -3.006 -2.969 
-2.933 -2.901 -2.877 -2.865 -2.867 -2.885 -2.915 -2.957 -3.005 -3.057 
-3.109 -3.161 -3.209 -3.255 -3.296 -3.334 -3.367 -3.397 -3.423 -3.444 
-3.462 -3.477 -3.487 -3.494 -3.498 -3.498 -3.494 -3.487 -3.476 -3.462 
-3.443 -3.421 -3.395 -3.365 -3.331 -3.293 -3.250 -3.202 -3.150 -3.094 
-3.033 -2.970 -2.904 -2.837 -2.769 -2.702 -2.636 -2.574 -2.520 -2.481 
-2.466 -2.481 -2.526 -2.593 -2.672 -2.754 -2.834 -2.908 -2.975 -3.036 
-3.090 -3.137 -3.179 -3.214 -3.245 -3.271 -3.291 -3.308 -3.320 -3.328 
-3.300 
-3.240 -3.219 -3.215 -3.209 -3.200 -3.190 -3.178 -3.164 -3.149 -3.133 
-3.116 -3.099 -3.083 -3.066 -3.051 -3.038 -3.028 -3.020 -3.016 -3.014 
-3.015 -3.019 -3.026 -3.037 -3.052 -3.072 -3.095 -3.120 -3.147 -3.173 
-3.197 -3.220 -3.241 -3.259 -3.274 -3.288 -3.298 -3.306 -3.311 -3.314 
-3.313 -3.310 -3.305 -3.296 -3.284 -3.270 -3.252 -3.231 -3.207 -3.180 
-3.149 -3.114 -3.075 -3.033 -2.986 -2.936 -2.881 -2.823 -2.762 -2.700 
-2.639 -2.582 -2.533 -2.496 -2.472 -2.465 -2.472 -2.492 -2.520 -2.555 
-2.596 -2.643 -2.697 -2.755 -2.813 -2.869 -2.920 -2.967 -3.010 -3.047 
-3.081 -3.110 -3.135 -3.157 -3.175 -3.190 -3.202 -3.211 -3.217 -3.221 
-3.240 
-3.361 -3.362 -3.347 -3.328 -3.306 -3.281 -3.253 -3.222 -3.188 -3.152 
-3.114 -3.075 -3.037 -3.000 -2.968 -2.941 -2.921 -2.912 -2.913 -2.924 
-2.944 -2.972 -3.007 -3.045 -3.085 -3.126 -3.166 -3.205 -3.241 -3.275 
-3.306 -3.334 -3.360 -3.381 -3.400 -3.416 -3.428 -3.438 -3.444 -3.447 
-3.447 -3.443 -3.436 -3.426 -3.413 -3.396 -3.375 -3.350 -3.321 -3.288 
-3.251 -3.209 -3.163 -3.111 -3.055 -2.993 -2.927 -2.857 -2.785 -2.714 
-2.650 -2.598 -2.565 -2.554 -2.563 -2.587 -2.618 -2.649 -2.679 -2.717 
-2.771 -2.839 -2.911 -2.981 -3.046 -3.104 -3.155 -3.200 -3.239 -3.273 
-3.302 -3.326 -3.346 -3.363 -3.375 -3.384 -3.389 -3.390 -3.388 -3.383 
-3.365 
-3.430 -3.428 -3.421 -3.410 -3.395 -3.377 -3.355 -3.329 -3.299 -3.267 
-3.231 -3.193 -3.154 -3.114 -3.074 -3.037 -3.005 -2.979 -2.962 -2.955 
-2.959 -2.975 -3.001 -3.035 -3.077 -3.122 -3.170 -3.218 -3.265 -3.310 
-3.353 -3.393 -3.430 -3.463 -3.494 -3.521 -3.544 -3.564 -3.581 -3.594 
-3.604 -3.611 -3.614 -3.614 -3.611 -3.604 -3.593 -3.579 -3.561 -3.540 
-3.514 -3.484 -3.449 -3.409 -3.365 -3.315 -3.260 -3.200 -3.135 -3.066 
-2.997 -2.928 -2.862 -2.796 -2.727 -2.647 -2.560 -2.474 -2.410 -2.387 
-2.414 -2.485 -2.582 -2.686 -2.788 -2.883 -2.968 -3.044 -3.110 -3.169 
-3.220 -3.265 -3.303 -3.336 -3.364 -3.386 -3.404 -3.417 -3.426 -3.431 
-3.429 
