IRGRID 64 91
1e+308

0.025 0.03 0.035 0.04 0.045 0.05 0.055 0.06 0.065 0.07
0.075 0.08 0.085 0.09 0.095 0.1 0.11 0.12 0.13 0.14
0.15 0.16 0.17 0.18 0.19 0.2 0.21 0.22 0.23 0.24
0.25 0.26 0.27 0.28 0.29 0.3 0.31 0.32 0.33 0.34
0.35 0.36 0.37 0.38 0.39 0.4 0.41 0.42 0.43 0.44
0.45 0.46 0.47 0.48 0.49 0.5 0.51 0.52 0.53 0.54
0.55 0.56 0.57 0.58
0 4 8 12 16 20 24 28 32 36
40 44 48 52 56 60 64 68 72 76
80 84 88 92 96 100 104 108 112 116
120 124 128 132 136 140 144 148 152 156
160 164 168 172 176 180 184 188 192 196
200 204 208 212 216 220 224 228 232 236
240 244 248 252 256 260 264 268 272 276
280 284 288 292 296 300 304 308 312 316
320 324 328 332 336 340 344 348 352 356
360
-4.000 -4.000 -4.000 -4.000 -4.000 -4.000 -4.000 -4.000 -4.000 -4.000 
-4.000 -4.000 -4.000 -4.000 -4.000 -4.000 -4.000 -4.000 -3.990 -3.968 
-3.945 -3.920 -3.895 -3.870 -3.844 -3.819 -3.795 -3.771 -3.749 -3.728 
-3.709 -3.691 -3.674 -3.657 -3.640 -3.620 -3.597 -3.568 -3.532 -3.489 
-3.442 -3.396 -3.362 -3.348 -3.358 -3.384 -3.418 -3.452 -3.481 -3.504 
-3.519 -3.527 -3.528 -3.522 -3.510 -3.491 -3.467 -3.436 -3.400 -3.357 
-3.309 -3.255 -3.197 -3.135 -3.073 -3.013 -2.961 -2.919 -2.890 -2.876 
-2.881 -2.918 -2.991 -3.087 -3.190 -3.289 -3.381 -3.464 -3.540 -3.610 
-3.672 -3.729 -3.781 -3.828 -3.870 -3.908 -3.943 -3.973 -4.000 -4.000 
-4.000 
-3.895 -3.969 -3.996 -4.000 -4.000 -4.000 -4.000 -4.000 -4.000 -4.000 
-4.000 -4.000 -4.000 -4.000 -4.000 -4.000 -4.000 -4.000 -4.000 -4.000 
-3.979 -3.951 -3.920 -3.886 -3.849 -3.808 -3.763 -3.715 -3.661 -3.603 
-3.540 -3.471 -3.396 -3.316 -3.231 -3.145 -3.063 -2.989 -2.928 -2.880 
-2.840 -2.807 -2.787 -2.786 -2.810 -2.853 -2.909 -2.970 -3.028 -3.081 
-3.127 -3.166 -3.197 -3.220 -3.236 -3.245 -3.246 -3.241 -3.228 -3.207 
-3.179 -3.143 -3.099 -3.046 -2.983 -2.911 -2.831 -2.742 -2.650 -2.567 
-2.509 -2.497 -2.536 -2.616 -2.723 -2.842 -2.963 -3.080 -3.189 -3.289 
-3.380 -3.463 -3.538 -3.607 -3.669 -3.726 -3.778 -3.824 -3.867 -3.905 
-3.888 
-2.996 -3.106 -3.138 -3.166 -3.190 -3.210 -3.225 -3.237 -3.245 -3.249 
-3.250 -3.247 -3.241 -3.231 -3.218 -3.201 -3.181 -3.157 -3.130 -3.100 
-3.068 -3.033 -2.997 -2.959 -2.922 -2.887 -2.854 -2.825 -2.799 -2.774 
-2.747 -2.716 -2.677 -2.629 -2.571 -2.509 -2.451 -2.407 -2.385 -2.391 
-2.422 -2.469 -2.524 -2.583 -2.643 -2.700 -2.754 -2.803 -2.845 -2.882 
-2.912 -2.937 -2.955 -2.968 -2.976 -2.978 -2.975 -2.967 -2.953 -2.934 
-2.909 -2.878 -2.840 -2.796 -2.744 -2.684 -2.616 -2.539 -2.456 -2.371 
-2.291 -2.228 -2.195 -2.197 -2.227 -2.271 -2.311 -2.340 -2.363 -2.392 
-2.438 -2.501 -2.574 -2.651 -2.726 -2.797 -2.863 -2.923 -2.977 -3.025 
-2.992 
-2.461 -2.460 -2.493 -2.521 -2.544 -2.563 -2.577 -2.588 -2.595 -2.598 
-2.597 -2.593 -2.585 -2.574 -2.559 -2.541 -2.519 -2.494 -2.466 -2.436 
-2.403 -2.368 -2.333 -2.298 -2.265 -2.236 -2.213 -2.198 -2.191 -2.193 
-2.202 -2.216 -2.232 -2.246 -2.256 -2.260 -2.256 -2.246 -2.231 -2.213 
-2.194 -2.175 -2.157 -2.146 -2.143 -2.149 -2.165 -2.189 -2.219 -2.252 
-2.286 -2.319 -2.351 -2.381 -2.407 -2.431 -2.451 -2.468 -2.482 -2.492 
-2.498 -2.500 -2.498 -2.492 -2.481 -2.464 -2.441 -2.411 -2.374 -2.329 
-2.277 -2.220 -2.159 -2.097 -2.032 -1.963 -1.893 -1.833 -1.794 -1.783 
-1.805 -1.854 -1.920 -1.995 -2.071 -2.144 -2.212 -2.274 -2.329 -2.379 
-2.442 
-2.495 -2.526 -2.542 -2.556 -2.567 -2.576 -2.583 -2.588 -2.591 -2.591 
-2.590 -2.586 -2.580 -2.572 -2.562 -2.550 -2.535 -2.518 -2.499 -2.478 
-2.454 -2.428 -2.400 -2.371 -2.339 -2.307 -2.273 -2.239 -2.204 -2.167 
-2.128 -2.087 -2.042 -1.993 -1.941 -1.885 -1.826 -1.764 -1.702 -1.641 
-1.583 -1.532 -1.489 -1.458 -1.440 -1.436 -1.444 -1.461 -1.487 -1.516 
-1.548 -1.580 -1.611 -1.640 -1.666 -1.690 -1.709 -1.725 -1.736 -1.742 
-1.742 -1.737 -1.725 -1.707 -1.685 -1.662 -1.647 -1.646 -1.668 -1.712 
-1.771 -1.837 -1.900 -1.957 -2.004 -2.040 -2.066 -2.083 -2.100 -2.122 
-2.154 -2.195 -2.240 -2.285 -2.327 -2.366 -2.402 -2.433 -2.461 -2.485 
-2.491 
-2.380 -2.418 -2.441 -2.462 -2.480 -2.496 -2.510 -2.522 -2.531 -2.539 
-2.544 -2.547 -2.548 -2.547 -2.544 -2.539 -2.531 -2.522 -2.511 -2.497 
-2.482 -2.464 -2.444 -2.422 -2.397 -2.371 -2.342 -2.310 -2.277 -2.241 
-2.202 -2.161 -2.118 -2.072 -2.024 -1.974 -1.922 -1.868 -1.814 -1.759 
-1.706 -1.654 -1.605 -1.561 -1.522 -1.489 -1.460 -1.434 -1.411 -1.390 
-1.367 -1.343 -1.314 -1.280 -1.239 -1.187 -1.123 -1.040 -0.935 -0.797 
-0.619 -0.412 -0.280 -0.374 -0.569 -0.719 -0.811 -0.874 -0.935 -1.009 
-1.097 -1.196 -1.298 -1.400 -1.498 -1.591 -1.678 -1.758 -1.833 -1.902 
-1.966 -2.025 -2.080 -2.131 -2.178 -2.222 -2.262 -2.299 -2.333 -2.364 
-2.372 
-1.997 -2.036 -2.054 -2.069 -2.083 -2.094 -2.103 -2.110 -2.115 -2.118 
-2.119 -2.118 -2.115 -2.111 -2.104 -2.096 -2.086 -2.075 -2.062 -2.047 
-2.032 -2.015 -1.996 -1.977 -1.957 -1.936 -1.915 -1.893 -1.870 -1.847 
-1.823 -1.799 -1.775 -1.749 -1.723 -1.695 -1.666 -1.636 -1.604 -1.570 
-1.534 -1.496 -1.456 -1.414 -1.370 -1.324 -1.276 -1.226 -1.173 -1.117 
-1.056 -0.992 -0.922 -0.845 -0.760 -0.664 -0.554 -0.426 -0.274 -0.091 
0.125 0.338 0.461 0.452 0.377 0.108 -0.171 -0.392 -0.570 -0.720 
-0.852 -0.969 -1.076 -1.172 -1.261 -1.342 -1.416 -1.485 -1.548 -1.606 
-1.661 -1.711 -1.757 -1.800 -1.839 -1.876 -1.909 -1.940 -1.967 -1.993 
-1.990 
-1.569 -1.583 -1.587 -1.589 -1.588 -1.585 -1.579 -1.572 -1.562 -1.550 
-1.536 -1.521 -1.504 -1.486 -1.468 -1.450 -1.432 -1.415 -1.399 -1.385 
-1.372 -1.360 -1.350 -1.340 -1.331 -1.323 -1.314 -1.306 -1.297 -1.289 
-1.281 -1.273 -1.265 -1.258 -1.250 -1.243 -1.236 -1.229 -1.221 -1.212 
-1.202 -1.191 -1.178 -1.162 -1.144 -1.124 -1.100 -1.073 -1.041 -1.005 
-0.964 -0.918 -0.865 -0.804 -0.735 -0.654 -0.561 -0.450 -0.317 -0.153 
0.056 0.335 0.690 0.806 0.816 0.607 0.284 -0.007 -0.234 -0.415 
-0.565 -0.692 -0.802 -0.898 -0.983 -1.059 -1.127 -1.188 -1.243 -1.292 
-1.337 -1.377 -1.412 -1.444 -1.473 -1.498 -1.519 -1.538 -1.553 -1.566 
-1.565 
-1.305 -1.289 -1.281 -1.271 -1.258 -1.243 -1.227 -1.208 -1.187 -1.166 
-1.143 -1.119 -1.095 -1.071 -1.049 -1.028 -1.010 -0.995 -0.985 -0.979 
-0.978 -0.982 -0.990 -1.002 -1.017 -1.034 -1.053 -1.072 -1.091 -1.109 
-1.126 -1.142 -1.156 -1.168 -1.178 -1.186 -1.191 -1.194 -1.194 -1.191 
-1.185 -1.177 -1.165 -1.149 -1.130 -1.107 -1.080 -1.048 -1.011 -0.969 
-0.920 -0.864 -0.800 -0.726 -0.641 -0.541 -0.424 -0.282 -0.106 0.123 
0.444 0.885 1.119 1.027 0.732 0.365 0.069 -0.153 -0.327 -0.469 
-0.588 -0.689 -0.777 -0.853 -0.920 -0.979 -1.031 -1.077 -1.118 -1.153 
-1.184 -1.210 -1.233 -1.252 -1.267 -1.279 -1.288 -1.294 -1.297 -1.297 
-1.308 
-1.336 -1.323 -1.319 -1.315 -1.310 -1.305 -1.299 -1.292 -1.286 -1.280 
-1.274 -1.269 -1.264 -1.260 -1.257 -1.256 -1.256 -1.258 -1.263 -1.270 
-1.279 -1.290 -1.303 -1.318 -1.333 -1.348 -1.363 -1.378 -1.391 -1.403 
-1.413 -1.421 -1.427 -1.431 -1.433 -1.432 -1.428 -1.422 -1.413 -1.401 
-1.386 -1.367 -1.345 -1.320 -1.291 -1.257 -1.219 -1.176 -1.128 -1.073 
-1.012 -0.942 -0.864 -0.774 -0.670 -0.549 -0.404 -0.227 0.001 0.317 
0.775 1.085 1.041 0.726 0.298 0.001 -0.217 -0.386 -0.524 -0.638 
-0.736 -0.820 -0.894 -0.958 -1.014 -1.063 -1.107 -1.145 -1.178 -1.207 
-1.232 -1.254 -1.272 -1.287 -1.299 -1.309 -1.316 -1.321 -1.324 -1.325 
-1.336 
-1.607 -1.633 -1.623 -1.612 -1.598 -1.581 -1.563 -1.543 -1.521 -1.498 
-1.475 -1.452 -1.430 -1.410 -1.393 -1.380 -1.373 -1.371 -1.374 -1.384 
-1.397 -1.414 -1.434 -1.454 -1.474 -1.494 -1.511 -1.526 -1.537 -1.545 
-1.550 -1.550 -1.546 -1.539 -1.527 -1.511 -1.491 -1.468 -1.441 -1.412 
-1.380 -1.347 -1.312 -1.277 -1.241 -1.204 -1.166 -1.127 -1.086 -1.041 
-0.993 -0.938 -0.875 -0.802 -0.716 -0.611 -0.481 -0.311 -0.068 0.337 
0.736 0.872 0.614 0.265 0.025 -0.203 -0.406 -0.579 -0.726 -0.853 
-0.962 -1.057 -1.141 -1.214 -1.280 -1.337 -1.389 -1.434 -1.474 -1.508 
-1.539 -1.565 -1.587 -1.605 -1.619 -1.630 -1.638 -1.643 -1.645 -1.643 
-1.610 
-1.605 -1.620 -1.639 -1.654 -1.666 -1.675 -1.681 -1.685 -1.685 -1.684 
-1.679 -1.673 -1.665 -1.656 -1.646 -1.635 -1.624 -1.614 -1.603 -1.592 
-1.580 -1.567 -1.552 -1.535 -1.515 -1.492 -1.467 -1.438 -1.407 -1.372 
-1.335 -1.296 -1.254 -1.209 -1.163 -1.116 -1.067 -1.017 -0.967 -0.916 
-0.867 -0.819 -0.772 -0.727 -0.684 -0.643 -0.604 -0.565 -0.527 -0.487 
-0.445 -0.399 -0.346 -0.282 -0.203 -0.097 0.055 0.283 0.458 0.426 
0.547 0.652 0.677 0.677 0.558 0.362 0.154 -0.034 -0.195 -0.332 
-0.448 -0.547 -0.633 -0.709 -0.779 -0.847 -0.914 -0.982 -1.049 -1.115 
-1.178 -1.238 -1.295 -1.347 -1.395 -1.438 -1.478 -1.514 -1.546 -1.574 
-1.598 
-1.425 -1.481 -1.519 -1.555 -1.589 -1.621 -1.651 -1.680 -1.706 -1.731 
-1.753 -1.774 -1.792 -1.808 -1.823 -1.835 -1.844 -1.852 -1.857 -1.860 
-1.860 -1.858 -1.854 -1.847 -1.838 -1.826 -1.811 -1.794 -1.774 -1.751 
-1.726 -1.698 -1.667 -1.634 -1.598 -1.560 -1.519 -1.476 -1.432 -1.385 
-1.336 -1.286 -1.235 -1.182 -1.126 -1.068 -1.006 -0.939 -0.865 -0.782 
-0.687 -0.576 -0.444 -0.286 -0.088 0.166 0.495 0.831 1.049 1.036 
0.645 0.417 0.315 0.241 0.118 -0.017 -0.129 -0.211 -0.270 -0.313 
-0.344 -0.368 -0.391 -0.417 -0.450 -0.492 -0.545 -0.608 -0.679 -0.755 
-0.833 -0.910 -0.985 -1.056 -1.124 -1.187 -1.245 -1.299 -1.350 -1.396 
-1.410 
-1.168 -1.162 -1.184 -1.206 -1.230 -1.254 -1.279 -1.304 -1.330 -1.355 
-1.381 -1.405 -1.429 -1.452 -1.474 -1.494 -1.514 -1.531 -1.548 -1.562 
-1.575 -1.586 -1.595 -1.602 -1.607 -1.610 -1.612 -1.611 -1.608 -1.602 
-1.595 -1.585 -1.573 -1.558 -1.540 -1.520 -1.498 -1.472 -1.443 -1.411 
-1.375 -1.336 -1.292 -1.245 -1.192 -1.134 -1.070 -0.999 -0.921 -0.833 
-0.734 -0.622 -0.493 -0.342 -0.161 0.067 0.371 0.818 1.255 1.443 
1.044 0.542 0.230 0.016 -0.144 -0.269 -0.370 -0.452 -0.520 -0.575 
-0.622 -0.661 -0.696 -0.728 -0.759 -0.791 -0.824 -0.858 -0.890 -0.921 
-0.949 -0.975 -0.998 -1.018 -1.037 -1.054 -1.071 -1.088 -1.105 -1.123 
-1.161 
-1.268 -1.294 -1.312 -1.331 -1.352 -1.375 -1.398 -1.423 -1.448 -1.474 
-1.500 -1.526 -1.551 -1.576 -1.600 -1.623 -1.644 -1.664 -1.683 -1.699 
-1.714 -1.728 -1.739 -1.748 -1.756 -1.761 -1.764 -1.765 -1.764 -1.761 
-1.755 -1.747 -1.736 -1.723 -1.707 -1.688 -1.667 -1.643 -1.616 -1.585 
-1.551 -1.513 -1.471 -1.425 -1.374 -1.318 -1.256 -1.188 -1.112 -1.027 
-0.933 -0.826 -0.704 -0.562 -0.394 -0.187 0.079 0.458 1.032 1.385 
1.017 0.515 0.161 -0.071 -0.242 -0.375 -0.482 -0.569 -0.642 -0.703 
-0.755 -0.800 -0.840 -0.877 -0.910 -0.943 -0.975 -1.006 -1.037 -1.066 
-1.094 -1.119 -1.143 -1.164 -1.183 -1.200 -1.216 -1.231 -1.246 -1.261 
-1.265 
-1.392 -1.415 -1.456 -1.495 -1.531 -1.566 -1.598 -1.629 -1.657 -1.684 
-1.709 -1.732 -1.753 -1.771 -1.788 -1.803 -1.815 -1.825 -1.833 -1.839 
-1.842 -1.843 -1.842 -1.838 -1.832 -1.824 -1.813 -1.800 -1.784 -1.766 
-1.745 -1.722 -1.696 -1.667 -1.636 -1.602 -1.565 -1.525 -1.482 -1.437 
-1.388 -1.336 -1.282 -1.224 -1.162 -1.097 -1.027 -0.952 -0.872 -0.784 
-0.687 -0.579 -0.457 -0.316 -0.149 0.055 0.316 0.663 1.040 1.293 
1.069 0.750 0.474 0.265 0.106 -0.017 -0.114 -0.192 -0.255 -0.307 
-0.351 -0.390 -0.426 -0.462 -0.499 -0.539 -0.584 -0.633 -0.686 -0.744 
-0.804 -0.866 -0.929 -0.992 -1.053 -1.113 -1.170 -1.225 -1.276 -1.325 
-1.373 
-1.663 -1.709 -1.734 -1.756 -1.776 -1.793 -1.808 -1.820 -1.830 -1.838 
-1.843 -1.847 -1.848 -1.846 -1.843 -1.838 -1.830 -1.821 -1.809 -1.795 
-1.779 -1.761 -1.741 -1.719 -1.694 -1.668 -1.639 -1.608 -1.575 -1.540 
-1.503 -1.463 -1.421 -1.378 -1.331 -1.283 -1.233 -1.181 -1.127 -1.072 
-1.014 -0.956 -0.895 -0.834 -0.771 -0.708 -0.642 -0.576 -0.507 -0.435 
-0.360 -0.280 -0.192 -0.096 0.014 0.143 0.297 0.488 0.732 0.941 
0.918 0.792 0.582 0.349 0.138 -0.042 -0.196 -0.329 -0.444 -0.545 
-0.633 -0.711 -0.782 -0.847 -0.908 -0.966 -1.022 -1.079 -1.135 -1.191 
-1.246 -1.301 -1.354 -1.404 -1.452 -1.498 -1.541 -1.580 -1.617 -1.650 
-1.657 
-1.796 -1.822 -1.842 -1.860 -1.876 -1.890 -1.902 -1.911 -1.919 -1.924 
-1.928 -1.929 -1.929 -1.926 -1.922 -1.915 -1.907 -1.897 -1.884 -1.870 
-1.853 -1.835 -1.814 -1.792 -1.767 -1.740 -1.711 -1.679 -1.645 -1.609 
-1.571 -1.530 -1.486 -1.440 -1.392 -1.341 -1.287 -1.231 -1.172 -1.110 
-1.046 -0.979 -0.910 -0.839 -0.766 -0.691 -0.614 -0.535 -0.455 -0.374 
-0.291 -0.206 -0.117 -0.023 0.077 0.187 0.309 0.441 0.577 0.691 
0.737 0.683 0.582 0.474 0.306 0.102 -0.090 -0.259 -0.407 -0.539 
-0.658 -0.766 -0.865 -0.955 -1.039 -1.116 -1.189 -1.256 -1.318 -1.376 
-1.430 -1.481 -1.528 -1.572 -1.613 -1.650 -1.685 -1.718 -1.748 -1.775 
-1.789 
-1.783 -1.790 -1.813 -1.833 -1.851 -1.867 -1.881 -1.893 -1.902 -1.910 
-1.915 -1.918 -1.919 -1.918 -1.915 -1.910 -1.903 -1.894 -1.882 -1.869 
-1.853 -1.836 -1.816 -1.793 -1.769 -1.742 -1.713 -1.681 -1.647 -1.610 
-1.570 -1.527 -1.482 -1.433 -1.381 -1.325 -1.266 -1.202 -1.135 -1.062 
-0.984 -0.901 -0.814 -0.724 -0.637 -0.559 -0.497 -0.450 -0.408 -0.366 
-0.319 -0.267 -0.210 -0.147 -0.078 -0.002 0.085 0.185 0.299 0.424 
0.554 0.694 0.832 0.884 0.765 0.538 0.292 0.068 -0.127 -0.296 
-0.445 -0.577 -0.696 -0.804 -0.902 -0.993 -1.076 -1.153 -1.224 -1.289 
-1.351 -1.407 -1.460 -1.509 -1.555 -1.597 -1.636 -1.672 -1.706 -1.736 
-1.773 
-1.928 -1.968 -1.988 -2.006 -2.022 -2.035 -2.046 -2.055 -2.061 -2.065 
-2.066 -2.066 -2.063 -2.057 -2.050 -2.040 -2.028 -2.013 -1.996 -1.976 
-1.954 -1.929 -1.902 -1.872 -1.838 -1.802 -1.762 -1.719 -1.673 -1.623 
-1.568 -1.509 -1.446 -1.377 -1.303 -1.222 -1.135 -1.041 -0.939 -0.829 
-0.711 -0.586 -0.458 -0.333 -0.222 -0.139 -0.093 -0.085 -0.105 -0.138 
-0.173 -0.200 -0.217 -0.221 -0.210 -0.184 -0.140 -0.077 0.011 0.128 
0.285 0.485 0.692 0.789 0.668 0.440 0.268 0.094 -0.145 -0.367 
-0.553 -0.710 -0.846 -0.966 -1.073 -1.170 -1.257 -1.337 -1.411 -1.478 
-1.540 -1.598 -1.650 -1.699 -1.744 -1.785 -1.823 -1.858 -1.890 -1.918 
-1.922 
-1.837 -1.870 -1.896 -1.918 -1.938 -1.956 -1.971 -1.983 -1.993 -2.001 
-2.006 -2.008 -2.009 -2.007 -2.003 -1.996 -1.987 -1.975 -1.961 -1.945 
-1.926 -1.904 -1.880 -1.853 -1.823 -1.790 -1.753 -1.714 -1.671 -1.624 
-1.574 -1.519 -1.460 -1.396 -1.327 -1.252 -1.171 -1.083 -0.989 -0.887 
-0.778 -0.662 -0.542 -0.423 -0.314 -0.225 -0.168 -0.146 -0.153 -0.180 
-0.213 -0.246 -0.275 -0.296 -0.309 -0.312 -0.304 -0.282 -0.245 -0.187 
-0.103 0.016 0.176 0.319 0.378 0.496 0.608 0.558 0.352 0.098 
-0.133 -0.333 -0.505 -0.657 -0.791 -0.911 -1.019 -1.117 -1.206 -1.287 
-1.361 -1.430 -1.492 -1.550 -1.603 -1.652 -1.697 -1.738 -1.776 -1.811 
-1.828 
-1.529 -1.575 -1.605 -1.633 -1.658 -1.682 -1.703 -1.722 -1.739 -1.754 
-1.767 -1.778 -1.787 -1.794 -1.798 -1.801 -1.801 -1.799 -1.795 -1.789 
-1.780 -1.769 -1.755 -1.739 -1.721 -1.699 -1.676 -1.649 -1.619 -1.587 
-1.551 -1.512 -1.469 -1.423 -1.373 -1.318 -1.260 -1.197 -1.129 -1.055 
-0.977 -0.894 -0.805 -0.714 -0.622 -0.534 -0.456 -0.389 -0.334 -0.288 
-0.251 -0.224 -0.207 -0.196 -0.189 -0.183 -0.174 -0.159 -0.135 -0.100 
-0.053 0.005 0.072 0.144 0.222 0.310 0.389 0.384 0.301 0.187 
0.048 -0.101 -0.247 -0.385 -0.511 -0.625 -0.729 -0.823 -0.909 -0.987 
-1.059 -1.126 -1.187 -1.243 -1.296 -1.344 -1.390 -1.432 -1.472 -1.509 
-1.520 
-1.288 -1.282 -1.310 -1.337 -1.363 -1.388 -1.412 -1.435 -1.456 -1.476 
-1.494 -1.511 -1.526 -1.539 -1.551 -1.561 -1.569 -1.575 -1.579 -1.581 
-1.582 -1.580 -1.577 -1.573 -1.566 -1.559 -1.550 -1.541 -1.530 -1.519 
-1.508 -1.495 -1.481 -1.466 -1.450 -1.431 -1.410 -1.386 -1.359 -1.328 
-1.294 -1.255 -1.212 -1.164 -1.112 -1.056 -0.996 -0.935 -0.875 -0.816 
-0.762 -0.711 -0.662 -0.612 -0.558 -0.496 -0.425 -0.342 -0.248 -0.142 
-0.030 0.081 0.176 0.243 0.265 0.228 0.154 0.071 -0.018 -0.118 
-0.222 -0.323 -0.415 -0.498 -0.572 -0.639 -0.699 -0.755 -0.806 -0.854 
-0.898 -0.940 -0.980 -1.019 -1.056 -1.091 -1.125 -1.158 -1.191 -1.222 
-1.275 
-1.542 -1.585 -1.599 -1.610 -1.620 -1.626 -1.631 -1.633 -1.633 -1.630 
-1.625 -1.617 -1.607 -1.595 -1.581 -1.564 -1.545 -1.525 -1.503 -1.479 
-1.454 -1.429 -1.403 -1.377 -1.352 -1.327 -1.304 -1.283 -1.264 -1.248 
-1.234 -1.223 -1.213 -1.206 -1.200 -1.196 -1.193 -1.190 -1.188 -1.186 
-1.184 -1.182 -1.178 -1.172 -1.164 -1.154 -1.140 -1.123 -1.102 -1.076 
-1.045 -1.008 -0.966 -0.916 -0.858 -0.792 -0.716 -0.628 -0.527 -0.411 
-0.276 -0.123 0.045 0.204 0.296 0.260 0.121 -0.054 -0.226 -0.382 
-0.519 -0.640 -0.745 -0.839 -0.922 -0.996 -1.063 -1.123 -1.178 -1.228 
-1.274 -1.316 -1.355 -1.391 -1.424 -1.454 -1.482 -1.507 -1.530 -1.551 
-1.539 
-1.713 -1.723 -1.738 -1.750 -1.759 -1.766 -1.770 -1.772 -1.772 -1.769 
-1.764 -1.756 -1.746 -1.734 -1.720 -1.703 -1.684 -1.663 -1.640 -1.615 
-1.588 -1.558 -1.527 -1.495 -1.460 -1.424 -1.387 -1.349 -1.310 -1.270 
-1.230 -1.190 -1.150 -1.110 -1.072 -1.036 -1.002 -0.971 -0.945 -0.924 
-0.908 -0.899 -0.895 -0.896 -0.900 -0.904 -0.908 -0.911 -0.910 -0.907 
-0.898 -0.886 -0.867 -0.844 -0.813 -0.775 -0.730 -0.675 -0.610 -0.533 
-0.442 -0.335 -0.212 -0.079 0.033 0.077 0.058 -0.012 -0.128 -0.271 
-0.418 -0.557 -0.685 -0.801 -0.905 -0.999 -1.084 -1.162 -1.232 -1.296 
-1.354 -1.407 -1.455 -1.499 -1.539 -1.575 -1.608 -1.637 -1.663 -1.686 
-1.706 
-1.665 -1.717 -1.735 -1.752 -1.766 -1.778 -1.789 -1.797 -1.803 -1.806 
-1.808 -1.807 -1.804 -1.798 -1.790 -1.779 -1.766 -1.750 -1.732 -1.710 
-1.686 -1.659 -1.629 -1.595 -1.559 -1.519 -1.475 -1.429 -1.378 -1.324 
-1.267 -1.207 -1.143 -1.077 -1.009 -0.941 -0.874 -0.812 -0.756 -0.710 
-0.676 -0.656 -0.649 -0.652 -0.663 -0.678 -0.694 -0.708 -0.719 -0.724 
-0.724 -0.717 -0.701 -0.678 -0.646 -0.605 -0.555 -0.498 -0.435 -0.370 
-0.303 -0.233 -0.159 -0.086 -0.032 -0.017 -0.057 -0.150 -0.276 -0.413 
-0.546 -0.668 -0.780 -0.880 -0.970 -1.052 -1.125 -1.192 -1.253 -1.308 
-1.359 -1.406 -1.450 -1.490 -1.526 -1.561 -1.592 -1.622 -1.649 -1.673 
-1.661 
-1.421 -1.411 -1.435 -1.458 -1.480 -1.501 -1.520 -1.539 -1.557 -1.574 
-1.589 -1.603 -1.615 -1.626 -1.635 -1.643 -1.649 -1.653 -1.655 -1.656 
-1.654 -1.650 -1.644 -1.636 -1.625 -1.612 -1.595 -1.577 -1.555 -1.530 
-1.501 -1.470 -1.435 -1.397 -1.355 -1.311 -1.266 -1.220 -1.175 -1.134 
-1.098 -1.067 -1.041 -1.019 -0.997 -0.974 -0.948 -0.918 -0.883 -0.842 
-0.794 -0.739 -0.676 -0.606 -0.529 -0.447 -0.362 -0.280 -0.208 -0.156 
-0.129 -0.130 -0.153 -0.187 -0.229 -0.280 -0.347 -0.426 -0.507 -0.584 
-0.654 -0.718 -0.776 -0.828 -0.877 -0.922 -0.963 -1.002 -1.039 -1.074 
-1.107 -1.139 -1.170 -1.199 -1.228 -1.256 -1.284 -1.310 -1.337 -1.362 
-1.410 
-1.607 -1.647 -1.665 -1.680 -1.694 -1.706 -1.717 -1.725 -1.731 -1.736 
-1.738 -1.739 -1.738 -1.734 -1.729 -1.722 -1.712 -1.701 -1.688 -1.673 
-1.655 -1.636 -1.615 -1.592 -1.567 -1.540 -1.511 -1.481 -1.449 -1.415 
-1.379 -1.342 -1.303 -1.263 -1.222 -1.180 -1.138 -1.096 -1.055 -1.015 
-0.977 -0.941 -0.909 -0.879 -0.853 -0.830 -0.810 -0.792 -0.776 -0.760 
-0.744 -0.726 -0.706 -0.684 -0.658 -0.628 -0.595 -0.560 -0.526 -0.499 
-0.483 -0.481 -0.492 -0.512 -0.539 -0.572 -0.611 -0.655 -0.705 -0.759 
-0.816 -0.874 -0.932 -0.989 -1.045 -1.099 -1.150 -1.199 -1.245 -1.289 
-1.331 -1.370 -1.406 -1.441 -1.474 -1.504 -1.533 -1.559 -1.584 -1.607 
-1.602 
-1.691 -1.696 -1.707 -1.716 -1.722 -1.727 -1.730 -1.730 -1.729 -1.726 
-1.721 -1.714 -1.705 -1.695 -1.684 -1.671 -1.656 -1.641 -1.624 -1.606 
-1.588 -1.569 -1.549 -1.530 -1.510 -1.490 -1.471 -1.451 -1.433 -1.415 
-1.398 -1.382 -1.366 -1.351 -1.337 -1.323 -1.309 -1.295 -1.281 -1.267 
-1.254 -1.240 -1.226 -1.213 -1.199 -1.186 -1.173 -1.160 -1.145 -1.130 
-1.113 -1.095 -1.073 -1.050 -1.023 -0.993 -0.960 -0.923 -0.883 -0.840 
-0.796 -0.752 -0.710 -0.676 -0.655 -0.651 -0.663 -0.690 -0.730 -0.779 
-0.836 -0.898 -0.962 -1.025 -1.088 -1.148 -1.206 -1.260 -1.311 -1.359 
-1.403 -1.444 -1.482 -1.517 -1.549 -1.578 -1.604 -1.627 -1.648 -1.666 
-1.686 
-1.779 -1.788 -1.796 -1.801 -1.805 -1.806 -1.805 -1.802 -1.798 -1.792 
-1.784 -1.775 -1.765 -1.753 -1.741 -1.728 -1.714 -1.700 -1.686 -1.672 
-1.658 -1.645 -1.632 -1.620 -1.609 -1.599 -1.590 -1.582 -1.575 -1.568 
-1.562 -1.557 -1.551 -1.546 -1.540 -1.533 -1.525 -1.516 -1.505 -1.493 
-1.478 -1.461 -1.442 -1.421 -1.398 -1.375 -1.351 -1.326 -1.301 -1.275 
-1.248 -1.220 -1.188 -1.153 -1.112 -1.067 -1.014 -0.956 -0.890 -0.818 
-0.742 -0.667 -0.600 -0.552 -0.533 -0.546 -0.588 -0.649 -0.721 -0.797 
-0.876 -0.956 -1.035 -1.111 -1.184 -1.252 -1.315 -1.374 -1.428 -1.477 
-1.522 -1.562 -1.599 -1.633 -1.663 -1.689 -1.713 -1.733 -1.751 -1.766 
-1.777 
-1.916 -1.939 -1.962 -1.982 -2.000 -2.015 -2.027 -2.037 -2.045 -2.050 
-2.053 -2.054 -2.053 -2.049 -2.044 -2.037 -2.028 -2.017 -2.005 -1.991 
-1.975 -1.958 -1.939 -1.918 -1.896 -1.871 -1.845 -1.815 -1.783 -1.748 
-1.710 -1.669 -1.625 -1.578 -1.531 -1.485 -1.441 -1.401 -1.365 -1.330 
-1.294 -1.257 -1.218 -1.177 -1.138 -1.100 -1.065 -1.036 -1.011 -0.992 
-0.977 -0.965 -0.956 -0.947 -0.937 -0.926 -0.911 -0.892 -0.868 -0.839 
-0.805 -0.766 -0.725 -0.686 -0.653 -0.629 -0.616 -0.613 -0.625 -0.651 
-0.695 -0.753 -0.825 -0.906 -0.992 -1.079 -1.165 -1.247 -1.325 -1.397 
-1.465 -1.528 -1.586 -1.641 -1.690 -1.736 -1.778 -1.817 -1.852 -1.884 
-1.906 
-2.037 -2.062 -2.085 -2.106 -2.123 -2.137 -2.149 -2.157 -2.163 -2.166 
-2.166 -2.163 -2.157 -2.149 -2.138 -2.124 -2.107 -2.086 -2.063 -2.037 
-2.007 -1.974 -1.937 -1.896 -1.852 -1.804 -1.752 -1.695 -1.635 -1.571 
-1.504 -1.435 -1.366 -1.298 -1.237 -1.186 -1.150 -1.132 -1.132 -1.148 
-1.176 -1.209 -1.243 -1.275 -1.303 -1.326 -1.344 -1.358 -1.368 -1.376 
-1.383 -1.387 -1.389 -1.388 -1.385 -1.378 -1.367 -1.351 -1.331 -1.305 
-1.274 -1.237 -1.194 -1.146 -1.093 -1.037 -0.980 -0.925 -0.877 -0.840 
-0.821 -0.826 -0.860 -0.921 -1.003 -1.097 -1.194 -1.289 -1.379 -1.464 
-1.542 -1.614 -1.680 -1.740 -1.796 -1.846 -1.892 -1.933 -1.971 -2.005 
-2.028 
-2.105 -2.128 -2.147 -2.162 -2.174 -2.184 -2.191 -2.195 -2.196 -2.195 
-2.190 -2.184 -2.174 -2.162 -2.147 -2.129 -2.108 -2.085 -2.058 -2.029 
-1.996 -1.961 -1.922 -1.880 -1.836 -1.788 -1.737 -1.684 -1.629 -1.573 
-1.517 -1.462 -1.410 -1.363 -1.323 -1.293 -1.273 -1.265 -1.269 -1.283 
-1.305 -1.332 -1.362 -1.392 -1.422 -1.449 -1.474 -1.495 -1.512 -1.526 
-1.534 -1.539 -1.539 -1.534 -1.524 -1.508 -1.488 -1.462 -1.430 -1.392 
-1.348 -1.297 -1.240 -1.176 -1.108 -1.038 -0.971 -0.916 -0.880 -0.873 
-0.897 -0.948 -1.020 -1.105 -1.198 -1.291 -1.382 -1.467 -1.547 -1.621 
-1.688 -1.750 -1.807 -1.859 -1.906 -1.949 -1.988 -2.023 -2.055 -2.082 
-2.098 
-2.075 -2.093 -2.112 -2.129 -2.143 -2.155 -2.163 -2.170 -2.173 -2.174 
-2.173 -2.169 -2.162 -2.153 -2.141 -2.127 -2.110 -2.090 -2.068 -2.043 
-2.015 -1.985 -1.951 -1.915 -1.876 -1.833 -1.788 -1.741 -1.691 -1.638 
-1.585 -1.530 -1.476 -1.423 -1.373 -1.328 -1.290 -1.260 -1.240 -1.230 
-1.230 -1.239 -1.255 -1.276 -1.300 -1.325 -1.349 -1.371 -1.391 -1.408 
-1.421 -1.431 -1.436 -1.436 -1.433 -1.424 -1.411 -1.394 -1.371 -1.344 
-1.312 -1.275 -1.234 -1.191 -1.145 -1.101 -1.060 -1.028 -1.011 -1.012 
-1.034 -1.075 -1.129 -1.192 -1.260 -1.331 -1.403 -1.472 -1.540 -1.604 
-1.665 -1.722 -1.775 -1.824 -1.869 -1.911 -1.950 -1.984 -2.016 -2.045 
-2.067 
-2.086 -2.096 -2.119 -2.139 -2.156 -2.170 -2.182 -2.191 -2.197 -2.201 
-2.203 -2.201 -2.198 -2.192 -2.183 -2.172 -2.159 -2.143 -2.124 -2.104 
-2.081 -2.055 -2.028 -1.998 -1.966 -1.932 -1.897 -1.860 -1.822 -1.784 
-1.745 -1.707 -1.671 -1.636 -1.604 -1.575 -1.550 -1.531 -1.516 -1.507 
-1.503 -1.504 -1.510 -1.521 -1.535 -1.552 -1.571 -1.589 -1.607 -1.622 
-1.635 -1.644 -1.650 -1.652 -1.651 -1.646 -1.636 -1.623 -1.605 -1.583 
-1.558 -1.528 -1.494 -1.457 -1.417 -1.376 -1.335 -1.296 -1.262 -1.236 
-1.220 -1.216 -1.226 -1.249 -1.285 -1.332 -1.386 -1.446 -1.508 -1.570 
-1.631 -1.690 -1.746 -1.798 -1.847 -1.893 -1.935 -1.974 -2.009 -2.041 
-2.076 
-2.238 -2.284 -2.311 -2.334 -2.355 -2.373 -2.389 -2.402 -2.412 -2.420 
-2.426 -2.429 -2.429 -2.428 -2.423 -2.417 -2.408 -2.396 -2.382 -2.365 
-2.346 -2.325 -2.300 -2.274 -2.244 -2.212 -2.177 -2.140 -2.100 -2.057 
-2.012 -1.965 -1.915 -1.863 -1.808 -1.752 -1.695 -1.636 -1.579 -1.525 
-1.476 -1.437 -1.408 -1.392 -1.388 -1.395 -1.408 -1.426 -1.445 -1.463 
-1.479 -1.493 -1.503 -1.511 -1.516 -1.518 -1.517 -1.514 -1.507 -1.497 
-1.483 -1.466 -1.445 -1.420 -1.393 -1.363 -1.332 -1.303 -1.279 -1.262 
-1.258 -1.269 -1.295 -1.336 -1.389 -1.451 -1.518 -1.587 -1.656 -1.723 
-1.788 -1.850 -1.909 -1.964 -2.016 -2.064 -2.109 -2.150 -2.188 -2.223 
-2.229 
-2.183 -2.199 -2.228 -2.254 -2.278 -2.300 -2.319 -2.337 -2.352 -2.366 
-2.377 -2.386 -2.394 -2.399 -2.402 -2.403 -2.402 -2.399 -2.394 -2.387 
-2.377 -2.366 -2.353 -2.337 -2.319 -2.299 -2.276 -2.252 -2.224 -2.195 
-2.162 -2.127 -2.090 -2.050 -2.007 -1.962 -1.914 -1.864 -1.813 -1.762 
-1.711 -1.661 -1.614 -1.571 -1.529 -1.490 -1.453 -1.417 -1.383 -1.351 
-1.322 -1.297 -1.275 -1.257 -1.244 -1.233 -1.225 -1.219 -1.215 -1.211 
-1.208 -1.205 -1.202 -1.199 -1.197 -1.197 -1.200 -1.206 -1.216 -1.232 
-1.255 -1.285 -1.322 -1.365 -1.413 -1.465 -1.519 -1.573 -1.629 -1.683 
-1.737 -1.790 -1.840 -1.889 -1.936 -1.980 -2.022 -2.062 -2.100 -2.135 
-2.171 
-2.207 -2.227 -2.254 -2.280 -2.303 -2.323 -2.342 -2.358 -2.371 -2.383 
-2.392 -2.400 -2.405 -2.408 -2.409 -2.408 -2.404 -2.399 -2.392 -2.382 
-2.371 -2.357 -2.341 -2.323 -2.303 -2.280 -2.255 -2.228 -2.199 -2.167 
-2.133 -2.097 -2.058 -2.016 -1.973 -1.927 -1.878 -1.828 -1.776 -1.722 
-1.666 -1.610 -1.554 -1.498 -1.443 -1.390 -1.341 -1.296 -1.258 -1.228 
-1.206 -1.192 -1.182 -1.177 -1.173 -1.169 -1.165 -1.161 -1.154 -1.147 
-1.138 -1.128 -1.117 -1.107 -1.099 -1.094 -1.094 -1.101 -1.115 -1.136 
-1.165 -1.200 -1.239 -1.284 -1.335 -1.394 -1.459 -1.528 -1.597 -1.665 
-1.730 -1.791 -1.849 -1.904 -1.955 -2.003 -2.047 -2.089 -2.127 -2.163 
-2.197 
-2.338 -2.387 -2.427 -2.463 -2.497 -2.527 -2.554 -2.578 -2.599 -2.618 
-2.634 -2.648 -2.659 -2.667 -2.673 -2.677 -2.679 -2.678 -2.674 -2.668 
-2.660 -2.650 -2.637 -2.621 -2.603 -2.583 -2.560 -2.534 -2.505 -2.474 
-2.440 -2.402 -2.362 -2.318 -2.271 -2.220 -2.166 -2.108 -2.045 -1.978 
-1.907 -1.832 -1.752 -1.668 -1.582 -1.495 -1.411 -1.337 -1.278 -1.240 
-1.226 -1.232 -1.254 -1.283 -1.315 -1.347 -1.375 -1.398 -1.416 -1.429 
-1.436 -1.437 -1.433 -1.425 -1.411 -1.393 -1.372 -1.346 -1.317 -1.283 
-1.247 -1.211 -1.181 -1.167 -1.177 -1.215 -1.279 -1.363 -1.457 -1.555 
-1.651 -1.744 -1.832 -1.915 -1.991 -2.062 -2.128 -2.188 -2.244 -2.296 
-2.324 
-2.340 -2.373 -2.417 -2.458 -2.495 -2.529 -2.560 -2.589 -2.614 -2.637 
-2.656 -2.674 -2.689 -2.701 -2.711 -2.718 -2.723 -2.726 -2.727 -2.725 
-2.720 -2.713 -2.704 -2.693 -2.679 -2.663 -2.644 -2.622 -2.599 -2.572 
-2.543 -2.511 -2.476 -2.438 -2.398 -2.354 -2.308 -2.258 -2.205 -2.149 
-2.091 -2.029 -1.964 -1.897 -1.827 -1.755 -1.684 -1.615 -1.553 -1.501 
-1.461 -1.433 -1.417 -1.412 -1.415 -1.425 -1.440 -1.456 -1.473 -1.487 
-1.497 -1.504 -1.505 -1.500 -1.490 -1.474 -1.452 -1.425 -1.393 -1.358 
-1.322 -1.288 -1.261 -1.245 -1.247 -1.269 -1.312 -1.374 -1.448 -1.531 
-1.618 -1.706 -1.791 -1.873 -1.951 -2.024 -2.093 -2.158 -2.217 -2.273 
-2.322 
-2.403 -2.427 -2.461 -2.491 -2.519 -2.544 -2.565 -2.585 -2.601 -2.615 
-2.626 -2.635 -2.642 -2.646 -2.647 -2.647 -2.644 -2.638 -2.631 -2.620 
-2.608 -2.593 -2.576 -2.556 -2.534 -2.509 -2.482 -2.452 -2.420 -2.386 
-2.349 -2.310 -2.269 -2.226 -2.181 -2.136 -2.090 -2.044 -1.999 -1.955 
-1.913 -1.874 -1.837 -1.804 -1.775 -1.749 -1.727 -1.709 -1.694 -1.681 
-1.671 -1.663 -1.658 -1.655 -1.654 -1.654 -1.653 -1.650 -1.643 -1.633 
-1.618 -1.598 -1.572 -1.541 -1.506 -1.467 -1.429 -1.394 -1.365 -1.343 
-1.328 -1.324 -1.332 -1.355 -1.393 -1.445 -1.509 -1.581 -1.658 -1.736 
-1.814 -1.889 -1.961 -2.029 -2.093 -2.153 -2.208 -2.259 -2.307 -2.350 
-2.390 
-2.577 -2.617 -2.640 -2.660 -2.677 -2.692 -2.704 -2.713 -2.720 -2.725 
-2.727 -2.726 -2.723 -2.718 -2.710 -2.700 -2.688 -2.673 -2.655 -2.635 
-2.613 -2.588 -2.560 -2.530 -2.497 -2.461 -2.423 -2.383 -2.340 -2.295 
-2.248 -2.199 -2.150 -2.100 -2.050 -2.003 -1.958 -1.917 -1.882 -1.853 
-1.831 -1.815 -1.806 -1.802 -1.802 -1.804 -1.809 -1.814 -1.820 -1.824 
-1.827 -1.828 -1.825 -1.819 -1.809 -1.794 -1.775 -1.749 -1.718 -1.681 
-1.637 -1.587 -1.531 -1.471 -1.409 -1.353 -1.309 -1.286 -1.291 -1.323 
-1.376 -1.442 -1.516 -1.594 -1.675 -1.758 -1.840 -1.920 -1.997 -2.070 
-2.138 -2.202 -2.261 -2.316 -2.366 -2.413 -2.455 -2.494 -2.530 -2.562 
-2.570 
-2.595 -2.607 -2.631 -2.652 -2.670 -2.686 -2.699 -2.709 -2.717 -2.722 
-2.725 -2.726 -2.724 -2.720 -2.714 -2.705 -2.694 -2.680 -2.665 -2.647 
-2.626 -2.604 -2.580 -2.553 -2.525 -2.495 -2.463 -2.430 -2.395 -2.360 
-2.324 -2.289 -2.253 -2.218 -2.183 -2.150 -2.119 -2.090 -2.064 -2.042 
-2.023 -2.009 -1.998 -1.991 -1.987 -1.985 -1.984 -1.984 -1.984 -1.984 
-1.981 -1.977 -1.971 -1.961 -1.948 -1.932 -1.911 -1.885 -1.855 -1.820 
-1.780 -1.736 -1.689 -1.640 -1.592 -1.547 -1.507 -1.474 -1.452 -1.443 
-1.450 -1.474 -1.517 -1.577 -1.648 -1.727 -1.809 -1.890 -1.968 -2.043 
-2.113 -2.179 -2.239 -2.296 -2.348 -2.396 -2.440 -2.480 -2.516 -2.550 
-2.584 
-2.675 -2.695 -2.706 -2.715 -2.722 -2.726 -2.727 -2.727 -2.723 -2.718 
-2.710 -2.700 -2.688 -2.673 -2.656 -2.637 -2.616 -2.593 -2.567 -2.540 
-2.510 -2.480 -2.447 -2.414 -2.379 -2.344 -2.309 -2.275 -2.242 -2.212 
-2.184 -2.159 -2.138 -2.120 -2.107 -2.098 -2.092 -2.088 -2.087 -2.087 
-2.088 -2.090 -2.091 -2.091 -2.091 -2.088 -2.084 -2.078 -2.069 -2.058 
-2.043 -2.024 -2.001 -1.975 -1.943 -1.908 -1.867 -1.823 -1.774 -1.722 
-1.668 -1.616 -1.570 -1.535 -1.517 -1.519 -1.542 -1.581 -1.630 -1.684 
-1.741 -1.801 -1.865 -1.932 -2.002 -2.072 -2.139 -2.203 -2.263 -2.319 
-2.370 -2.417 -2.460 -2.500 -2.535 -2.567 -2.596 -2.622 -2.644 -2.664 
-2.672 
-2.692 -2.704 -2.714 -2.724 -2.731 -2.737 -2.741 -2.743 -2.744 -2.743 
-2.741 -2.737 -2.731 -2.724 -2.716 -2.706 -2.695 -2.682 -2.668 -2.653 
-2.636 -2.618 -2.600 -2.580 -2.559 -2.538 -2.517 -2.495 -2.473 -2.452 
-2.432 -2.412 -2.394 -2.377 -2.362 -2.348 -2.335 -2.323 -2.311 -2.300 
-2.288 -2.275 -2.262 -2.248 -2.233 -2.216 -2.198 -2.178 -2.156 -2.133 
-2.107 -2.079 -2.050 -2.019 -1.986 -1.952 -1.917 -1.881 -1.845 -1.810 
-1.777 -1.747 -1.724 -1.711 -1.710 -1.723 -1.750 -1.790 -1.839 -1.894 
-1.952 -2.011 -2.069 -2.126 -2.180 -2.232 -2.281 -2.327 -2.371 -2.411 
-2.449 -2.484 -2.516 -2.546 -2.573 -2.598 -2.621 -2.641 -2.660 -2.676 
-2.687 
-2.680 -2.681 -2.691 -2.701 -2.709 -2.717 -2.725 -2.731 -2.737 -2.742 
-2.747 -2.750 -2.753 -2.756 -2.757 -2.758 -2.757 -2.756 -2.754 -2.751 
-2.747 -2.742 -2.736 -2.728 -2.720 -2.710 -2.700 -2.688 -2.675 -2.661 
-2.645 -2.629 -2.611 -2.593 -2.573 -2.551 -2.529 -2.506 -2.481 -2.456 
-2.429 -2.402 -2.374 -2.344 -2.315 -2.284 -2.253 -2.222 -2.190 -2.158 
-2.127 -2.096 -2.067 -2.041 -2.018 -1.998 -1.983 -1.973 -1.968 -1.967 
-1.971 -1.978 -1.989 -2.004 -2.022 -2.044 -2.070 -2.099 -2.131 -2.164 
-2.198 -2.232 -2.266 -2.300 -2.333 -2.365 -2.396 -2.425 -2.452 -2.478 
-2.502 -2.525 -2.546 -2.566 -2.585 -2.602 -2.618 -2.632 -2.646 -2.659 
-2.676 
-2.752 -2.782 -2.803 -2.821 -2.838 -2.853 -2.866 -2.877 -2.887 -2.894 
-2.900 -2.905 -2.907 -2.908 -2.907 -2.905 -2.900 -2.894 -2.886 -2.877 
-2.865 -2.852 -2.837 -2.820 -2.801 -2.780 -2.758 -2.734 -2.708 -2.680 
-2.651 -2.620 -2.588 -2.554 -2.520 -2.485 -2.450 -2.416 -2.382 -2.349 
-2.317 -2.288 -2.261 -2.236 -2.214 -2.194 -2.177 -2.161 -2.148 -2.136 
-2.125 -2.115 -2.106 -2.097 -2.089 -2.081 -2.073 -2.066 -2.059 -2.053 
-2.047 -2.041 -2.036 -2.032 -2.028 -2.027 -2.028 -2.031 -2.038 -2.049 
-2.064 -2.082 -2.105 -2.132 -2.163 -2.198 -2.237 -2.279 -2.323 -2.368 
-2.413 -2.457 -2.499 -2.539 -2.577 -2.613 -2.647 -2.679 -2.708 -2.735 
-2.745 
-2.616 -2.659 -2.688 -2.716 -2.742 -2.766 -2.788 -2.808 -2.827 -2.843 
-2.857 -2.868 -2.877 -2.884 -2.888 -2.890 -2.889 -2.886 -2.880 -2.872 
-2.862 -2.849 -2.834 -2.816 -2.796 -2.773 -2.748 -2.721 -2.692 -2.660 
-2.627 -2.592 -2.557 -2.520 -2.483 -2.446 -2.411 -2.377 -2.346 -2.319 
-2.295 -2.276 -2.262 -2.252 -2.246 -2.242 -2.241 -2.241 -2.240 -2.239 
-2.236 -2.230 -2.220 -2.208 -2.193 -2.176 -2.160 -2.146 -2.136 -2.131 
-2.130 -2.129 -2.127 -2.123 -2.116 -2.105 -2.090 -2.073 -2.053 -2.032 
-2.012 -1.995 -1.983 -1.980 -1.986 -2.004 -2.032 -2.069 -2.114 -2.162 
-2.213 -2.264 -2.313 -2.361 -2.406 -2.448 -2.488 -2.526 -2.562 -2.596 
-2.606 
-2.402 -2.400 -2.427 -2.456 -2.487 -2.517 -2.549 -2.580 -2.610 -2.640 
-2.669 -2.696 -2.722 -2.747 -2.769 -2.790 -2.808 -2.825 -2.839 -2.851 
-2.861 -2.869 -2.874 -2.877 -2.878 -2.876 -2.872 -2.865 -2.856 -2.845 
-2.831 -2.815 -2.796 -2.775 -2.752 -2.727 -2.700 -2.672 -2.643 -2.613 
-2.582 -2.551 -2.517 -2.483 -2.445 -2.405 -2.362 -2.314 -2.262 -2.206 
-2.146 -2.084 -2.020 -1.957 -1.898 -1.846 -1.805 -1.778 -1.767 -1.773 
-1.792 -1.822 -1.859 -1.898 -1.937 -1.975 -2.009 -2.039 -2.064 -2.086 
-2.103 -2.117 -2.130 -2.141 -2.152 -2.164 -2.177 -2.190 -2.203 -2.216 
-2.228 -2.239 -2.249 -2.259 -2.270 -2.283 -2.296 -2.312 -2.331 -2.351 
-2.392 
-2.534 -2.572 -2.600 -2.628 -2.656 -2.685 -2.712 -2.740 -2.766 -2.791 
-2.816 -2.838 -2.859 -2.879 -2.897 -2.913 -2.927 -2.940 -2.950 -2.959 
-2.966 -2.970 -2.973 -2.974 -2.972 -2.969 -2.963 -2.955 -2.945 -2.933 
-2.918 -2.901 -2.882 -2.860 -2.835 -2.808 -2.778 -2.745 -2.709 -2.670 
-2.628 -2.583 -2.534 -2.482 -2.426 -2.368 -2.307 -2.244 -2.180 -2.117 
-2.056 -1.999 -1.948 -1.906 -1.873 -1.851 -1.842 -1.845 -1.860 -1.886 
-1.918 -1.956 -1.995 -2.035 -2.073 -2.110 -2.143 -2.173 -2.201 -2.225 
-2.246 -2.265 -2.282 -2.296 -2.308 -2.319 -2.329 -2.338 -2.347 -2.357 
-2.366 -2.377 -2.388 -2.402 -2.417 -2.433 -2.452 -2.473 -2.495 -2.519 
-2.526 
-2.600 -2.614 -2.637 -2.659 -2.681 -2.702 -2.723 -2.743 -2.762 -2.779 
-2.796 -2.811 -2.825 -2.838 -2.849 -2.858 -2.866 -2.872 -2.876 -2.878 
-2.878 -2.877 -2.874 -2.868 -2.861 -2.851 -2.840 -2.826 -2.810 -2.792 
-2.771 -2.748 -2.722 -2.693 -2.662 -2.628 -2.592 -2.552 -2.509 -2.463 
-2.413 -2.361 -2.305 -2.246 -2.185 -2.122 -2.059 -1.996 -1.937 -1.884 
-1.840 -1.809 -1.792 -1.790 -1.801 -1.823 -1.853 -1.889 -1.928 -1.968 
-2.008 -2.047 -2.084 -2.119 -2.151 -2.180 -2.207 -2.230 -2.252 -2.271 
-2.289 -2.305 -2.319 -2.332 -2.344 -2.356 -2.367 -2.378 -2.390 -2.401 
-2.414 -2.427 -2.441 -2.457 -2.473 -2.491 -2.509 -2.529 -2.549 -2.571 
-2.593 
-2.676 -2.698 -2.722 -2.746 -2.769 -2.790 -2.811 -2.830 -2.847 -2.863 
-2.878 -2.891 -2.903 -2.912 -2.921 -2.927 -2.932 -2.935 -2.936 -2.936 
-2.934 -2.929 -2.923 -2.915 -2.905 -2.894 -2.880 -2.864 -2.846 -2.825 
-2.803 -2.778 -2.752 -2.723 -2.691 -2.657 -2.621 -2.582 -2.541 -2.497 
-2.452 -2.404 -2.354 -2.302 -2.249 -2.196 -2.143 -2.092 -2.044 -2.001 
-1.965 -1.938 -1.920 -1.911 -1.912 -1.921 -1.935 -1.954 -1.976 -1.999 
-2.024 -2.048 -2.072 -2.094 -2.116 -2.137 -2.156 -2.174 -2.191 -2.208 
-2.224 -2.240 -2.255 -2.272 -2.288 -2.306 -2.325 -2.344 -2.365 -2.387 
-2.410 -2.434 -2.459 -2.485 -2.512 -2.539 -2.566 -2.593 -2.620 -2.646 
-2.667 
-2.768 -2.783 -2.802 -2.819 -2.836 -2.852 -2.866 -2.879 -2.892 -2.902 
-2.912 -2.920 -2.926 -2.931 -2.935 -2.937 -2.937 -2.935 -2.932 -2.927 
-2.921 -2.912 -2.902 -2.890 -2.877 -2.862 -2.844 -2.826 -2.805 -2.783 
-2.759 -2.734 -2.706 -2.677 -2.646 -2.613 -2.578 -2.542 -2.503 -2.462 
-2.419 -2.373 -2.326 -2.278 -2.229 -2.180 -2.132 -2.087 -2.047 -2.013 
-1.987 -1.970 -1.963 -1.965 -1.974 -1.989 -2.009 -2.031 -2.054 -2.077 
-2.100 -2.122 -2.145 -2.168 -2.191 -2.216 -2.241 -2.267 -2.293 -2.318 
-2.343 -2.367 -2.390 -2.412 -2.434 -2.455 -2.475 -2.496 -2.516 -2.536 
-2.557 -2.578 -2.598 -2.619 -2.640 -2.662 -2.683 -2.703 -2.724 -2.744 
-2.762 
-2.814 -2.843 -2.854 -2.864 -2.873 -2.881 -2.887 -2.892 -2.896 -2.898 
-2.898 -2.898 -2.895 -2.891 -2.886 -2.878 -2.869 -2.859 -2.847 -2.834 
-2.819 -2.802 -2.784 -2.765 -2.745 -2.724 -2.703 -2.680 -2.657 -2.634 
-2.610 -2.587 -2.564 -2.540 -2.518 -2.495 -2.473 -2.451 -2.430 -2.408 
-2.387 -2.365 -2.342 -2.319 -2.295 -2.270 -2.245 -2.220 -2.195 -2.171 
-2.149 -2.129 -2.111 -2.095 -2.081 -2.066 -2.051 -2.036 -2.021 -2.008 
-1.996 -1.989 -1.987 -1.993 -2.007 -2.030 -2.060 -2.097 -2.139 -2.184 
-2.231 -2.278 -2.325 -2.371 -2.415 -2.456 -2.496 -2.533 -2.567 -2.599 
-2.629 -2.657 -2.683 -2.707 -2.729 -2.749 -2.768 -2.785 -2.802 -2.817 
-2.810 
-2.661 -2.658 -2.667 -2.677 -2.688 -2.699 -2.711 -2.723 -2.735 -2.748 
-2.759 -2.771 -2.782 -2.792 -2.801 -2.809 -2.815 -2.821 -2.825 -2.827 
-2.828 -2.827 -2.824 -2.820 -2.814 -2.806 -2.796 -2.785 -2.772 -2.757 
-2.740 -2.722 -2.702 -2.680 -2.657 -2.631 -2.605 -2.576 -2.545 -2.513 
-2.479 -2.443 -2.405 -2.366 -2.326 -2.285 -2.245 -2.207 -2.171 -2.138 
-2.111 -2.091 -2.079 -2.075 -2.079 -2.091 -2.109 -2.130 -2.154 -2.178 
-2.202 -2.225 -2.249 -2.273 -2.298 -2.324 -2.352 -2.380 -2.407 -2.434 
-2.460 -2.483 -2.504 -2.523 -2.540 -2.555 -2.567 -2.578 -2.586 -2.594 
-2.600 -2.605 -2.610 -2.614 -2.618 -2.622 -2.626 -2.631 -2.637 -2.643 
-2.658 
-2.646 -2.651 -2.661 -2.674 -2.687 -2.702 -2.718 -2.735 -2.753 -2.772 
-2.790 -2.808 -2.826 -2.843 -2.860 -2.875 -2.889 -2.902 -2.914 -2.923 
-2.932 -2.938 -2.943 -2.945 -2.946 -2.945 -2.941 -2.935 -2.928 -2.918 
-2.905 -2.890 -2.873 -2.853 -2.830 -2.805 -2.777 -2.746 -2.712 -2.675 
-2.635 -2.592 -2.546 -2.496 -2.444 -2.388 -2.331 -2.272 -2.213 -2.156 
-2.104 -2.058 -2.024 -2.004 -2.000 -2.011 -2.036 -2.071 -2.113 -2.158 
-2.204 -2.249 -2.292 -2.332 -2.369 -2.402 -2.433 -2.460 -2.484 -2.505 
-2.523 -2.538 -2.551 -2.562 -2.570 -2.578 -2.583 -2.588 -2.592 -2.596 
-2.599 -2.602 -2.604 -2.607 -2.610 -2.614 -2.618 -2.622 -2.627 -2.634 
-2.645 
-2.731 -2.755 -2.781 -2.806 -2.830 -2.853 -2.875 -2.896 -2.917 -2.937 
-2.957 -2.976 -2.996 -3.014 -3.032 -3.049 -3.064 -3.079 -3.092 -3.103 
-3.112 -3.120 -3.125 -3.128 -3.130 -3.129 -3.126 -3.120 -3.112 -3.102 
-3.090 -3.075 -3.058 -3.038 -3.015 -2.990 -2.963 -2.933 -2.900 -2.864 
-2.826 -2.785 -2.741 -2.695 -2.647 -2.596 -2.543 -2.490 -2.436 -2.383 
-2.332 -2.284 -2.243 -2.208 -2.179 -2.157 -2.138 -2.120 -2.104 -2.094 
-2.102 -2.129 -2.169 -2.211 -2.250 -2.283 -2.311 -2.334 -2.352 -2.368 
-2.380 -2.390 -2.398 -2.405 -2.412 -2.418 -2.426 -2.434 -2.445 -2.457 
-2.473 -2.491 -2.512 -2.535 -2.560 -2.587 -2.615 -2.644 -2.673 -2.701 
-2.718 
-2.737 -2.745 -2.743 -2.741 -2.739 -2.738 -2.738 -2.740 -2.745 -2.752 
-2.762 -2.775 -2.791 -2.809 -2.829 -2.851 -2.873 -2.896 -2.918 -2.940 
-2.961 -2.981 -2.999 -3.016 -3.031 -3.044 -3.054 -3.063 -3.069 -3.073 
-3.075 -3.074 -3.070 -3.065 -3.056 -3.045 -3.032 -3.015 -2.996 -2.974 
-2.950 -2.922 -2.891 -2.857 -2.820 -2.780 -2.736 -2.688 -2.637 -2.582 
-2.522 -2.458 -2.388 -2.312 -2.228 -2.136 -2.037 -1.937 -1.848 -1.789 
-1.776 -1.813 -1.886 -1.976 -2.069 -2.156 -2.234 -2.302 -2.361 -2.412 
-2.457 -2.494 -2.527 -2.556 -2.580 -2.602 -2.621 -2.637 -2.653 -2.667 
-2.680 -2.692 -2.703 -2.713 -2.722 -2.730 -2.736 -2.741 -2.744 -2.746 
-2.741 
-2.708 -2.707 -2.726 -2.745 -2.763 -2.781 -2.798 -2.815 -2.832 -2.849 
-2.866 -2.882 -2.898 -2.914 -2.929 -2.944 -2.957 -2.970 -2.981 -2.991 
-2.999 -3.006 -3.011 -3.014 -3.016 -3.016 -3.013 -3.009 -3.004 -2.996 
-2.986 -2.974 -2.959 -2.943 -2.925 -2.904 -2.882 -2.857 -2.831 -2.803 
-2.774 -2.745 -2.716 -2.688 -2.660 -2.634 -2.608 -2.581 -2.555 -2.527 
-2.498 -2.468 -2.436 -2.403 -2.367 -2.330 -2.289 -2.246 -2.204 -2.173 
-2.163 -2.177 -2.206 -2.237 -2.266 -2.291 -2.312 -2.330 -2.345 -2.358 
-2.369 -2.378 -2.386 -2.392 -2.397 -2.403 -2.410 -2.421 -2.435 -2.453 
-2.474 -2.496 -2.519 -2.541 -2.563 -2.585 -2.606 -2.627 -2.648 -2.668 
-2.699 
-2.888 -2.945 -2.986 -3.023 -3.057 -3.088 -3.117 -3.143 -3.166 -3.187 
-3.206 -3.222 -3.236 -3.247 -3.256 -3.263 -3.268 -3.270 -3.270 -3.267 
-3.262 -3.255 -3.245 -3.232 -3.217 -3.199 -3.179 -3.155 -3.129 -3.099 
-3.067 -3.032 -2.994 -2.952 -2.909 -2.862 -2.814 -2.764 -2.714 -2.664 
-2.617 -2.574 -2.537 -2.507 -2.487 -2.476 -2.476 -2.483 -2.498 -2.516 
-2.536 -2.556 -2.574 -2.591 -2.605 -2.615 -2.624 -2.630 -2.633 -2.635 
-2.634 -2.631 -2.626 -2.619 -2.609 -2.595 -2.578 -2.558 -2.533 -2.504 
-2.471 -2.435 -2.397 -2.359 -2.323 -2.294 -2.276 -2.271 -2.281 -2.305 
-2.341 -2.386 -2.439 -2.499 -2.562 -2.626 -2.688 -2.747 -2.802 -2.854 
-2.874 
-2.918 -2.962 -3.024 -3.080 -3.132 -3.179 -3.221 -3.260 -3.295 -3.325 
-3.353 -3.376 -3.397 -3.414 -3.429 -3.440 -3.448 -3.453 -3.456 -3.456 
-3.452 -3.446 -3.437 -3.425 -3.410 -3.392 -3.372 -3.348 -3.320 -3.290 
-3.256 -3.219 -3.178 -3.133 -3.085 -3.034 -2.979 -2.920 -2.860 -2.797 
-2.734 -2.672 -2.615 -2.565 -2.526 -2.501 -2.492 -2.499 -2.519 -2.549 
-2.584 -2.623 -2.662 -2.700 -2.736 -2.769 -2.799 -2.825 -2.847 -2.865 
-2.879 -2.888 -2.892 -2.892 -2.887 -2.878 -2.863 -2.844 -2.820 -2.790 
-2.756 -2.716 -2.672 -2.624 -2.572 -2.519 -2.465 -2.413 -2.365 -2.324 
-2.297 -2.291 -2.311 -2.355 -2.420 -2.497 -2.580 -2.664 -2.746 -2.823 
-2.892 
-2.973 -3.031 -3.091 -3.146 -3.197 -3.244 -3.288 -3.328 -3.364 -3.398 
-3.428 -3.455 -3.479 -3.500 -3.519 -3.535 -3.548 -3.559 -3.567 -3.573 
-3.576 -3.577 -3.575 -3.570 -3.564 -3.554 -3.542 -3.527 -3.510 -3.490 
-3.467 -3.441 -3.412 -3.380 -3.345 -3.307 -3.266 -3.221 -3.173 -3.123 
-3.070 -3.016 -2.961 -2.908 -2.858 -2.814 -2.776 -2.744 -2.719 -2.700 
-2.689 -2.684 -2.686 -2.694 -2.709 -2.727 -2.747 -2.769 -2.791 -2.812 
-2.831 -2.848 -2.861 -2.871 -2.877 -2.879 -2.876 -2.870 -2.858 -2.842 
-2.821 -2.795 -2.764 -2.727 -2.685 -2.639 -2.589 -2.538 -2.490 -2.449 
-2.422 -2.414 -2.430 -2.469 -2.527 -2.596 -2.672 -2.750 -2.826 -2.898 
-2.950 
-2.862 -2.907 -2.934 -2.964 -2.994 -3.026 -3.058 -3.090 -3.121 -3.151 
-3.179 -3.205 -3.229 -3.251 -3.271 -3.289 -3.305 -3.318 -3.329 -3.338 
-3.345 -3.349 -3.351 -3.351 -3.348 -3.344 -3.337 -3.327 -3.316 -3.302 
-3.285 -3.266 -3.245 -3.221 -3.195 -3.166 -3.134 -3.100 -3.063 -3.024 
-2.982 -2.938 -2.891 -2.843 -2.793 -2.742 -2.692 -2.642 -2.594 -2.551 
-2.514 -2.485 -2.469 -2.464 -2.472 -2.490 -2.513 -2.541 -2.570 -2.600 
-2.628 -2.656 -2.681 -2.704 -2.724 -2.742 -2.757 -2.769 -2.778 -2.785 
-2.789 -2.790 -2.789 -2.786 -2.779 -2.771 -2.761 -2.750 -2.738 -2.727 
-2.720 -2.719 -2.725 -2.738 -2.755 -2.775 -2.796 -2.817 -2.838 -2.859 
-2.855 
-2.610 -2.591 -2.607 -2.630 -2.660 -2.696 -2.735 -2.777 -2.819 -2.861 
-2.902 -2.942 -2.979 -3.015 -3.047 -3.077 -3.104 -3.129 -3.151 -3.169 
-3.185 -3.199 -3.209 -3.217 -3.222 -3.224 -3.224 -3.221 -3.215 -3.206 
-3.194 -3.179 -3.161 -3.140 -3.116 -3.089 -3.058 -3.024 -2.986 -2.944 
-2.898 -2.848 -2.794 -2.735 -2.672 -2.605 -2.535 -2.462 -2.390 -2.322 
-2.262 -2.218 -2.193 -2.192 -2.212 -2.251 -2.301 -2.358 -2.416 -2.473 
-2.527 -2.577 -2.622 -2.663 -2.699 -2.731 -2.758 -2.781 -2.800 -2.815 
-2.826 -2.833 -2.838 -2.839 -2.836 -2.831 -2.823 -2.811 -2.798 -2.781 
-2.763 -2.742 -2.720 -2.696 -2.672 -2.648 -2.626 -2.607 -2.593 -2.584 
-2.609 
