IRGRID 64 91
1e+308

0.025 0.03 0.035 0.04 0.045 0.05 0.055 0.06 0.065 0.07
0.075 0.08 0.085 0.09 0.095 0.1 0.11 0.12 0.13 0.14
0.15 0.16 0.17 0.18 0.19 0.2 0.21 0.22 0.23 0.24
0.25 0.26 0.27 0.28 0.29 0.3 0.31 0.32 0.33 0.34
0.35 0.36 0.37 0.38 0.39 0.4 0.41 0.42 0.43 0.44
0.45 0.46 0.47 0.48 0.49 0.5 0.51 0.52 0.53 0.54
0.55 0.56 0.57 0.58
0 4 8 12 16 20 24 28 32 36
40 44 48 52 56 60 64 68 72 76
80 84 88 92 96 100 104 108 112 116
120 124 128 132 136 140 144 148 152 156
160 164 168 172 176 180 184 188 192 196
200 204 208 212 216 220 224 228 232 236
240 244 248 252 256 260 264 268 272 276
280 284 288 292 296 300 304 308 312 316
320 324 328 332 336 340 344 348 352 356
360
-3.829 -3.916 -3.937 -3.954 -3.968 -3.980 -3.988 -3.994 -3.997 -3.998 
-3.996 -3.991 -3.984 -3.974 -3.961 -3.945 -3.926 -3.905 -3.880 -3.852 
-3.821 -3.787 -3.749 -3.707 -3.661 -3.611 -3.556 -3.496 -3.431 -3.361 
-3.284 -3.201 -3.112 -3.016 -2.914 -2.809 -2.705 -2.609 -2.530 -2.480 
-2.465 -2.482 -2.525 -2.582 -2.645 -2.707 -2.764 -2.814 -2.856 -2.890 
-2.916 -2.933 -2.943 -2.945 -2.938 -2.922 -2.897 -2.862 -2.815 -2.755 
-2.679 -2.585 -2.465 -2.314 -2.127 -1.926 -1.787 -1.780 -1.845 -1.867 
-1.970 -2.204 -2.443 -2.645 -2.813 -2.956 -3.078 -3.186 -3.281 -3.365 
-3.441 -3.509 -3.571 -3.627 -3.678 -3.724 -3.765 -3.803 -3.836 -3.866 
-3.822 
-3.079 -3.171 -3.193 -3.212 -3.229 -3.244 -3.256 -3.266 -3.274 -3.279 
-3.282 -3.282 -3.280 -3.276 -3.269 -3.260 -3.248 -3.233 -3.216 -3.197 
-3.174 -3.149 -3.120 -3.088 -3.053 -3.015 -2.972 -2.925 -2.874 -2.818 
-2.756 -2.689 -2.616 -2.538 -2.454 -2.367 -2.281 -2.203 -2.141 -2.103 
-2.089 -2.096 -2.113 -2.133 -2.152 -2.169 -2.184 -2.200 -2.216 -2.234 
-2.251 -2.267 -2.283 -2.296 -2.306 -2.312 -2.315 -2.313 -2.305 -2.292 
-2.272 -2.243 -2.202 -2.146 -2.069 -1.962 -1.828 -1.687 -1.523 -1.399 
-1.434 -1.620 -1.848 -2.046 -2.203 -2.329 -2.433 -2.522 -2.600 -2.670 
-2.733 -2.791 -2.844 -2.894 -2.939 -2.981 -3.020 -3.056 -3.089 -3.119 
-3.075 
-2.519 -2.521 -2.543 -2.563 -2.581 -2.596 -2.609 -2.620 -2.629 -2.636 
-2.640 -2.642 -2.642 -2.640 -2.636 -2.629 -2.620 -2.609 -2.596 -2.580 
-2.562 -2.541 -2.518 -2.492 -2.464 -2.432 -2.398 -2.361 -2.320 -2.277 
-2.229 -2.179 -2.124 -2.066 -2.004 -1.940 -1.873 -1.806 -1.742 -1.685 
-1.638 -1.602 -1.577 -1.560 -1.548 -1.542 -1.540 -1.543 -1.551 -1.563 
-1.577 -1.593 -1.609 -1.625 -1.639 -1.650 -1.660 -1.666 -1.670 -1.670 
-1.667 -1.661 -1.651 -1.636 -1.616 -1.588 -1.549 -1.496 -1.426 -1.359 
-1.352 -1.416 -1.514 -1.618 -1.714 -1.798 -1.872 -1.940 -2.001 -2.059 
-2.113 -2.163 -2.211 -2.255 -2.297 -2.337 -2.374 -2.408 -2.440 -2.469 
-2.509 
-2.400 -2.434 -2.462 -2.487 -2.509 -2.527 -2.543 -2.556 -2.566 -2.573 
-2.578 -2.580 -2.579 -2.576 -2.570 -2.561 -2.549 -2.535 -2.518 -2.498 
-2.475 -2.448 -2.419 -2.386 -2.350 -2.310 -2.266 -2.218 -2.165 -2.108 
-2.046 -1.979 -1.907 -1.830 -1.748 -1.662 -1.576 -1.492 -1.416 -1.355 
-1.314 -1.297 -1.301 -1.321 -1.348 -1.376 -1.403 -1.428 -1.454 -1.482 
-1.512 -1.541 -1.568 -1.590 -1.606 -1.617 -1.620 -1.617 -1.606 -1.588 
-1.561 -1.525 -1.479 -1.422 -1.353 -1.269 -1.171 -1.061 -0.950 -0.861 
-0.826 -0.864 -0.958 -1.073 -1.186 -1.293 -1.403 -1.515 -1.625 -1.729 
-1.824 -1.911 -1.989 -2.060 -2.125 -2.183 -2.236 -2.284 -2.327 -2.367 
-2.390 
-2.270 -2.301 -2.337 -2.370 -2.399 -2.424 -2.446 -2.465 -2.480 -2.493 
-2.503 -2.511 -2.515 -2.517 -2.516 -2.513 -2.508 -2.500 -2.489 -2.476 
-2.461 -2.443 -2.423 -2.400 -2.375 -2.347 -2.317 -2.285 -2.249 -2.211 
-2.170 -2.126 -2.079 -2.028 -1.973 -1.915 -1.853 -1.789 -1.723 -1.660 
-1.600 -1.544 -1.489 -1.432 -1.373 -1.314 -1.263 -1.226 -1.208 -1.210 
-1.225 -1.247 -1.268 -1.281 -1.280 -1.262 -1.221 -1.153 -1.054 -0.928 
-0.808 -0.770 -0.857 -0.998 -1.121 -1.199 -1.233 -1.227 -1.191 -1.139 
-1.091 -1.057 -1.027 -0.998 -0.985 -1.009 -1.075 -1.174 -1.291 -1.411 
-1.528 -1.636 -1.735 -1.826 -1.908 -1.982 -2.049 -2.110 -2.166 -2.215 
-2.253 
-1.776 -1.885 -1.923 -1.957 -1.988 -2.014 -2.037 -2.057 -2.073 -2.086 
-2.096 -2.103 -2.107 -2.108 -2.107 -2.103 -2.096 -2.087 -2.076 -2.062 
-2.047 -2.029 -2.010 -1.988 -1.966 -1.941 -1.915 -1.888 -1.860 -1.831 
-1.801 -1.771 -1.741 -1.710 -1.679 -1.648 -1.617 -1.586 -1.554 -1.523 
-1.490 -1.456 -1.421 -1.384 -1.345 -1.304 -1.261 -1.219 -1.176 -1.131 
-1.082 -1.025 -0.957 -0.876 -0.779 -0.661 -0.516 -0.334 -0.092 0.261 
0.626 0.357 0.087 -0.131 -0.328 -0.497 -0.638 -0.754 -0.849 -0.925 
-0.984 -1.029 -1.060 -1.082 -1.102 -1.127 -1.160 -1.199 -1.240 -1.282 
-1.326 -1.372 -1.422 -1.476 -1.531 -1.587 -1.642 -1.697 -1.749 -1.797 
-1.774 
-1.268 -1.282 -1.326 -1.365 -1.397 -1.423 -1.441 -1.452 -1.455 -1.450 
-1.437 -1.416 -1.389 -1.360 -1.331 -1.307 -1.295 -1.296 -1.312 -1.341 
-1.378 -1.419 -1.461 -1.500 -1.536 -1.568 -1.594 -1.615 -1.631 -1.643 
-1.649 -1.652 -1.650 -1.645 -1.635 -1.623 -1.607 -1.587 -1.564 -1.538 
-1.509 -1.475 -1.438 -1.397 -1.351 -1.301 -1.245 -1.183 -1.114 -1.037 
-0.952 -0.855 -0.746 -0.622 -0.477 -0.305 -0.095 0.177 0.553 1.020 
1.368 1.041 0.640 0.322 0.103 -0.057 -0.180 -0.275 -0.350 -0.409 
-0.456 -0.492 -0.520 -0.542 -0.559 -0.574 -0.589 -0.605 -0.625 -0.650 
-0.683 -0.722 -0.769 -0.822 -0.879 -0.940 -1.001 -1.063 -1.122 -1.179 
-1.243 
-1.088 -1.132 -1.134 -1.130 -1.118 -1.098 -1.072 -1.038 -0.997 -0.951 
-0.899 -0.844 -0.788 -0.734 -0.686 -0.650 -0.629 -0.627 -0.643 -0.676 
-0.722 -0.774 -0.831 -0.888 -0.943 -0.995 -1.042 -1.086 -1.125 -1.160 
-1.190 -1.215 -1.237 -1.254 -1.267 -1.275 -1.280 -1.280 -1.277 -1.269 
-1.257 -1.241 -1.220 -1.194 -1.164 -1.128 -1.087 -1.039 -0.984 -0.922 
-0.851 -0.769 -0.674 -0.565 -0.435 -0.278 -0.082 0.181 0.586 1.165 
1.528 1.268 0.957 0.426 0.117 -0.094 -0.252 -0.377 -0.478 -0.560 
-0.628 -0.684 -0.730 -0.769 -0.800 -0.825 -0.847 -0.866 -0.883 -0.899 
-0.916 -0.935 -0.954 -0.975 -0.998 -1.022 -1.046 -1.069 -1.091 -1.109 
-1.093 
-0.856 -0.860 -0.911 -0.961 -1.008 -1.051 -1.090 -1.124 -1.152 -1.173 
-1.186 -1.193 -1.192 -1.186 -1.177 -1.170 -1.168 -1.176 -1.195 -1.222 
-1.255 -1.291 -1.326 -1.359 -1.387 -1.412 -1.432 -1.448 -1.459 -1.466 
-1.468 -1.467 -1.462 -1.452 -1.439 -1.422 -1.401 -1.376 -1.348 -1.314 
-1.277 -1.235 -1.187 -1.135 -1.077 -1.014 -0.944 -0.868 -0.784 -0.694 
-0.597 -0.494 -0.387 -0.276 -0.163 -0.047 0.076 0.221 0.418 0.745 
1.278 1.527 1.523 1.145 0.770 0.578 0.416 0.255 0.106 -0.022 
-0.128 -0.215 -0.284 -0.340 -0.383 -0.417 -0.443 -0.463 -0.478 -0.490 
-0.501 -0.512 -0.526 -0.543 -0.565 -0.592 -0.626 -0.666 -0.710 -0.758 
-0.831 
-1.173 -1.258 -1.299 -1.339 -1.376 -1.410 -1.442 -1.471 -1.497 -1.520 
-1.541 -1.559 -1.574 -1.587 -1.597 -1.604 -1.610 -1.612 -1.613 -1.611 
-1.606 -1.599 -1.590 -1.578 -1.564 -1.548 -1.529 -1.507 -1.483 -1.456 
-1.427 -1.394 -1.359 -1.321 -1.279 -1.235 -1.187 -1.135 -1.080 -1.020 
-0.956 -0.888 -0.815 -0.738 -0.655 -0.566 -0.472 -0.371 -0.265 -0.154 
-0.038 0.081 0.201 0.319 0.433 0.542 0.647 0.748 0.835 0.896 
0.960 1.163 1.192 1.079 1.070 1.023 0.910 0.747 0.565 0.387 
0.222 0.072 -0.064 -0.186 -0.295 -0.394 -0.483 -0.563 -0.635 -0.699 
-0.757 -0.810 -0.858 -0.904 -0.948 -0.992 -1.036 -1.081 -1.126 -1.171 
-1.166 
-1.232 -1.281 -1.323 -1.361 -1.396 -1.428 -1.457 -1.484 -1.508 -1.529 
-1.547 -1.564 -1.578 -1.589 -1.599 -1.606 -1.611 -1.614 -1.614 -1.613 
-1.609 -1.603 -1.595 -1.585 -1.572 -1.557 -1.540 -1.521 -1.499 -1.475 
-1.448 -1.419 -1.387 -1.352 -1.315 -1.274 -1.230 -1.183 -1.132 -1.078 
-1.020 -0.957 -0.890 -0.819 -0.742 -0.659 -0.570 -0.474 -0.371 -0.260 
-0.140 -0.010 0.131 0.285 0.452 0.633 0.821 0.996 1.119 1.169 
1.197 1.102 0.958 0.865 0.791 0.710 0.605 0.486 0.366 0.252 
0.142 0.038 -0.062 -0.156 -0.245 -0.327 -0.403 -0.473 -0.537 -0.597 
-0.656 -0.714 -0.774 -0.836 -0.899 -0.962 -1.023 -1.081 -1.136 -1.188 
-1.220 
-1.066 -1.098 -1.158 -1.213 -1.265 -1.314 -1.359 -1.401 -1.441 -1.479 
-1.514 -1.546 -1.576 -1.604 -1.630 -1.653 -1.674 -1.693 -1.709 -1.723 
-1.735 -1.744 -1.751 -1.755 -1.757 -1.757 -1.754 -1.749 -1.741 -1.731 
-1.718 -1.703 -1.685 -1.664 -1.640 -1.613 -1.584 -1.551 -1.515 -1.475 
-1.431 -1.384 -1.332 -1.276 -1.215 -1.148 -1.075 -0.996 -0.909 -0.814 
-0.710 -0.594 -0.465 -0.321 -0.159 0.024 0.229 0.452 0.702 1.054 
1.344 1.218 0.888 0.571 0.365 0.217 0.101 0.005 -0.075 -0.144 
-0.202 -0.250 -0.287 -0.313 -0.331 -0.342 -0.347 -0.350 -0.355 -0.366 
-0.386 -0.419 -0.466 -0.524 -0.592 -0.666 -0.743 -0.820 -0.895 -0.967 
-1.037 
-1.122 -1.147 -1.166 -1.186 -1.206 -1.228 -1.251 -1.275 -1.301 -1.328 
-1.355 -1.383 -1.410 -1.437 -1.464 -1.489 -1.514 -1.537 -1.558 -1.578 
-1.596 -1.612 -1.626 -1.638 -1.648 -1.655 -1.661 -1.664 -1.665 -1.664 
-1.661 -1.655 -1.646 -1.635 -1.622 -1.606 -1.587 -1.565 -1.541 -1.513 
-1.482 -1.448 -1.410 -1.369 -1.323 -1.272 -1.216 -1.155 -1.088 -1.014 
-0.931 -0.839 -0.734 -0.615 -0.477 -0.313 -0.108 0.164 0.579 1.035 
1.278 1.023 0.771 0.535 0.257 0.036 -0.134 -0.267 -0.375 -0.464 
-0.538 -0.599 -0.650 -0.691 -0.725 -0.752 -0.774 -0.792 -0.808 -0.826 
-0.846 -0.871 -0.901 -0.934 -0.968 -1.002 -1.033 -1.061 -1.085 -1.108 
-1.121 
-1.231 -1.243 -1.274 -1.303 -1.331 -1.358 -1.385 -1.410 -1.434 -1.458 
-1.480 -1.500 -1.520 -1.538 -1.554 -1.569 -1.582 -1.593 -1.602 -1.610 
-1.615 -1.619 -1.621 -1.621 -1.618 -1.614 -1.608 -1.600 -1.589 -1.577 
-1.562 -1.545 -1.525 -1.503 -1.478 -1.451 -1.420 -1.387 -1.350 -1.309 
-1.265 -1.215 -1.161 -1.100 -1.032 -0.955 -0.867 -0.765 -0.647 -0.514 
-0.377 -0.266 -0.212 -0.199 -0.179 -0.124 -0.025 0.121 0.326 0.645 
0.948 1.087 1.234 1.118 0.855 0.595 0.398 0.254 0.146 0.049 
-0.052 -0.156 -0.256 -0.346 -0.427 -0.500 -0.568 -0.631 -0.690 -0.745 
-0.798 -0.849 -0.897 -0.943 -0.987 -1.029 -1.069 -1.107 -1.144 -1.178 
-1.217 
-1.424 -1.517 -1.558 -1.597 -1.633 -1.667 -1.697 -1.725 -1.750 -1.773 
-1.793 -1.811 -1.826 -1.838 -1.849 -1.857 -1.862 -1.865 -1.866 -1.865 
-1.861 -1.854 -1.846 -1.834 -1.820 -1.804 -1.785 -1.763 -1.738 -1.711 
-1.680 -1.646 -1.608 -1.567 -1.521 -1.472 -1.418 -1.359 -1.294 -1.224 
-1.147 -1.062 -0.968 -0.865 -0.750 -0.623 -0.480 -0.321 -0.146 0.035 
0.201 0.314 0.345 0.303 0.230 0.173 0.194 0.491 0.917 0.323 
0.272 0.435 0.606 0.484 0.308 0.232 0.230 0.259 0.276 0.247 
0.158 0.023 -0.129 -0.278 -0.416 -0.537 -0.644 -0.738 -0.819 -0.891 
-0.955 -1.013 -1.067 -1.120 -1.172 -1.224 -1.276 -1.327 -1.377 -1.426 
-1.417 
-1.217 -1.235 -1.293 -1.348 -1.400 -1.450 -1.496 -1.540 -1.580 -1.618 
-1.652 -1.683 -1.712 -1.738 -1.761 -1.781 -1.799 -1.814 -1.826 -1.836 
-1.844 -1.848 -1.851 -1.850 -1.847 -1.842 -1.834 -1.823 -1.810 -1.794 
-1.775 -1.753 -1.728 -1.700 -1.668 -1.633 -1.594 -1.551 -1.504 -1.452 
-1.395 -1.332 -1.262 -1.185 -1.100 -1.004 -0.896 -0.774 -0.637 -0.486 
-0.330 -0.195 -0.097 -0.001 0.149 0.379 0.752 1.249 1.524 1.096 
0.521 0.265 0.114 0.017 -0.046 -0.084 -0.104 -0.114 -0.129 -0.169 
-0.242 -0.332 -0.422 -0.501 -0.565 -0.616 -0.654 -0.682 -0.703 -0.720 
-0.736 -0.755 -0.778 -0.809 -0.846 -0.891 -0.942 -0.998 -1.056 -1.116 
-1.191 
-1.350 -1.401 -1.443 -1.481 -1.517 -1.550 -1.581 -1.608 -1.633 -1.655 
-1.675 -1.692 -1.706 -1.719 -1.729 -1.736 -1.742 -1.745 -1.745 -1.744 
-1.740 -1.734 -1.726 -1.715 -1.702 -1.687 -1.669 -1.649 -1.626 -1.600 
-1.572 -1.541 -1.508 -1.471 -1.431 -1.388 -1.341 -1.290 -1.236 -1.177 
-1.114 -1.046 -0.972 -0.893 -0.807 -0.714 -0.613 -0.503 -0.383 -0.252 
-0.109 0.047 0.218 0.406 0.611 0.816 0.975 1.078 1.196 0.871 
0.724 0.619 0.540 0.480 0.432 0.391 0.351 0.307 0.254 0.188 
0.110 0.020 -0.077 -0.179 -0.281 -0.381 -0.476 -0.565 -0.649 -0.725 
-0.796 -0.862 -0.925 -0.984 -1.042 -1.098 -1.154 -1.207 -1.259 -1.309 
-1.337 
-1.409 -1.452 -1.482 -1.510 -1.535 -1.558 -1.578 -1.596 -1.612 -1.626 
-1.638 -1.648 -1.656 -1.661 -1.665 -1.666 -1.665 -1.663 -1.658 -1.651 
-1.642 -1.631 -1.617 -1.602 -1.584 -1.564 -1.541 -1.516 -1.489 -1.459 
-1.426 -1.390 -1.352 -1.310 -1.265 -1.217 -1.165 -1.109 -1.049 -0.985 
-0.916 -0.841 -0.761 -0.675 -0.583 -0.484 -0.377 -0.262 -0.140 -0.011 
0.121 0.253 0.377 0.485 0.576 0.655 0.719 0.737 0.695 0.628 
0.562 0.506 0.459 0.417 0.372 0.322 0.262 0.192 0.112 0.024 
-0.070 -0.168 -0.267 -0.364 -0.459 -0.549 -0.636 -0.717 -0.794 -0.867 
-0.935 -0.999 -1.059 -1.115 -1.168 -1.217 -1.264 -1.307 -1.347 -1.385 
-1.400 
-1.262 -1.274 -1.301 -1.326 -1.350 -1.371 -1.391 -1.409 -1.425 -1.440 
-1.452 -1.463 -1.471 -1.478 -1.484 -1.487 -1.488 -1.488 -1.486 -1.482 
-1.476 -1.468 -1.458 -1.446 -1.432 -1.417 -1.399 -1.379 -1.356 -1.332 
-1.305 -1.275 -1.243 -1.209 -1.172 -1.131 -1.088 -1.042 -0.992 -0.938 
-0.881 -0.819 -0.753 -0.681 -0.604 -0.521 -0.431 -0.334 -0.229 -0.115 
0.007 0.138 0.274 0.414 0.551 0.679 0.784 0.840 0.825 0.745 
0.634 0.518 0.410 0.313 0.224 0.141 0.062 -0.016 -0.093 -0.169 
-0.243 -0.314 -0.383 -0.449 -0.513 -0.574 -0.633 -0.690 -0.744 -0.797 
-0.847 -0.896 -0.942 -0.987 -1.029 -1.070 -1.109 -1.146 -1.181 -1.213 
-1.251 
-1.298 -1.316 -1.343 -1.368 -1.391 -1.412 -1.430 -1.446 -1.461 -1.473 
-1.484 -1.492 -1.499 -1.503 -1.505 -1.506 -1.504 -1.501 -1.495 -1.488 
-1.478 -1.467 -1.453 -1.437 -1.419 -1.399 -1.376 -1.351 -1.324 -1.294 
-1.261 -1.226 -1.188 -1.147 -1.103 -1.056 -1.005 -0.951 -0.893 -0.830 
-0.764 -0.692 -0.616 -0.534 -0.446 -0.352 -0.251 -0.143 -0.029 0.092 
0.220 0.352 0.486 0.613 0.720 0.791 0.818 0.803 0.751 0.674 
0.588 0.505 0.428 0.355 0.288 0.222 0.156 0.085 0.009 -0.072 
-0.154 -0.236 -0.316 -0.394 -0.470 -0.542 -0.612 -0.678 -0.741 -0.802 
-0.859 -0.914 -0.966 -1.015 -1.061 -1.105 -1.146 -1.185 -1.221 -1.255 
-1.287 
-1.489 -1.524 -1.553 -1.579 -1.603 -1.624 -1.643 -1.660 -1.674 -1.686 
-1.696 -1.704 -1.709 -1.713 -1.714 -1.713 -1.710 -1.704 -1.697 -1.687 
-1.675 -1.661 -1.645 -1.626 -1.605 -1.581 -1.555 -1.526 -1.495 -1.460 
-1.423 -1.383 -1.339 -1.293 -1.242 -1.188 -1.130 -1.068 -1.002 -0.931 
-0.855 -0.773 -0.687 -0.595 -0.497 -0.395 -0.290 -0.182 -0.075 0.030 
0.131 0.231 0.323 0.377 0.385 0.378 0.359 0.329 0.294 0.262 
0.240 0.229 0.228 0.233 0.239 0.236 0.216 0.172 0.103 0.013 
-0.090 -0.198 -0.307 -0.412 -0.513 -0.608 -0.698 -0.783 -0.862 -0.936 
-1.006 -1.071 -1.132 -1.189 -1.243 -1.292 -1.339 -1.382 -1.422 -1.459 
-1.479 
-1.664 -1.684 -1.716 -1.746 -1.772 -1.797 -1.818 -1.838 -1.855 -1.870 
-1.882 -1.892 -1.900 -1.905 -1.909 -1.910 -1.909 -1.906 -1.900 -1.892 
-1.882 -1.870 -1.855 -1.838 -1.818 -1.796 -1.771 -1.743 -1.713 -1.679 
-1.642 -1.602 -1.559 -1.512 -1.460 -1.405 -1.344 -1.279 -1.207 -1.129 
-1.043 -0.949 -0.844 -0.727 -0.597 -0.457 -0.318 -0.199 -0.092 0.035 
0.202 0.390 0.544 0.591 0.519 0.386 0.253 0.143 0.060 0.002 
-0.035 -0.054 -0.062 -0.069 -0.085 -0.113 -0.149 -0.193 -0.246 -0.307 
-0.374 -0.445 -0.520 -0.597 -0.677 -0.757 -0.836 -0.914 -0.990 -1.063 
-1.133 -1.199 -1.263 -1.322 -1.379 -1.432 -1.481 -1.528 -1.572 -1.612 
-1.651 
-1.889 -1.961 -1.985 -2.006 -2.026 -2.042 -2.056 -2.068 -2.078 -2.085 
-2.090 -2.093 -2.093 -2.092 -2.088 -2.081 -2.073 -2.062 -2.049 -2.033 
-2.015 -1.994 -1.971 -1.945 -1.916 -1.884 -1.849 -1.811 -1.770 -1.725 
-1.676 -1.623 -1.566 -1.503 -1.436 -1.362 -1.282 -1.194 -1.097 -0.991 
-0.873 -0.741 -0.595 -0.432 -0.257 -0.084 0.057 0.132 0.133 0.093 
0.062 0.072 0.116 0.128 0.074 0.006 -0.043 -0.068 -0.072 -0.057 
-0.024 0.019 0.057 0.064 0.018 -0.081 -0.212 -0.350 -0.481 -0.600 
-0.709 -0.808 -0.902 -0.991 -1.075 -1.156 -1.233 -1.307 -1.376 -1.442 
-1.504 -1.562 -1.617 -1.667 -1.715 -1.759 -1.800 -1.838 -1.873 -1.905 
-1.884 
-1.697 -1.699 -1.723 -1.744 -1.763 -1.780 -1.795 -1.807 -1.817 -1.825 
-1.831 -1.835 -1.837 -1.837 -1.834 -1.830 -1.823 -1.815 -1.804 -1.791 
-1.775 -1.758 -1.738 -1.716 -1.692 -1.665 -1.635 -1.603 -1.568 -1.531 
-1.490 -1.447 -1.400 -1.349 -1.295 -1.237 -1.175 -1.109 -1.037 -0.961 
-0.878 -0.789 -0.691 -0.585 -0.470 -0.348 -0.228 -0.129 -0.055 0.015 
0.085 0.143 0.176 0.188 0.188 0.180 0.165 0.145 0.122 0.097 
0.071 0.043 0.012 -0.028 -0.085 -0.158 -0.237 -0.315 -0.390 -0.460 
-0.528 -0.596 -0.669 -0.746 -0.826 -0.906 -0.983 -1.057 -1.127 -1.192 
-1.253 -1.310 -1.364 -1.413 -1.459 -1.502 -1.542 -1.579 -1.613 -1.644 
-1.687 
-1.757 -1.784 -1.818 -1.850 -1.878 -1.904 -1.927 -1.947 -1.965 -1.981 
-1.994 -2.004 -2.012 -2.018 -2.021 -2.023 -2.022 -2.018 -2.012 -2.004 
-1.994 -1.981 -1.966 -1.948 -1.928 -1.905 -1.880 -1.851 -1.820 -1.786 
-1.749 -1.708 -1.664 -1.617 -1.565 -1.510 -1.449 -1.384 -1.314 -1.237 
-1.154 -1.063 -0.963 -0.853 -0.731 -0.592 -0.432 -0.243 -0.029 0.118 
0.172 0.203 0.181 0.110 0.023 -0.060 -0.131 -0.190 -0.237 -0.276 
-0.308 -0.333 -0.351 -0.363 -0.367 -0.362 -0.349 -0.329 -0.307 -0.293 
-0.298 -0.328 -0.384 -0.462 -0.556 -0.658 -0.763 -0.867 -0.966 -1.060 
-1.148 -1.230 -1.306 -1.377 -1.443 -1.503 -1.560 -1.612 -1.660 -1.705 
-1.743 
-1.976 -2.024 -2.058 -2.089 -2.117 -2.142 -2.164 -2.183 -2.200 -2.215 
-2.227 -2.237 -2.244 -2.249 -2.251 -2.251 -2.249 -2.244 -2.237 -2.228 
-2.216 -2.201 -2.184 -2.165 -2.142 -2.117 -2.089 -2.058 -2.024 -1.986 
-1.945 -1.901 -1.852 -1.799 -1.741 -1.678 -1.609 -1.534 -1.451 -1.360 
-1.259 -1.146 -1.019 -0.873 -0.702 -0.498 -0.249 0.043 0.301 0.389 
0.270 0.095 -0.052 -0.174 -0.283 -0.376 -0.452 -0.512 -0.556 -0.586 
-0.602 -0.606 -0.596 -0.575 -0.541 -0.496 -0.441 -0.383 -0.333 -0.309 
-0.327 -0.392 -0.495 -0.617 -0.745 -0.871 -0.992 -1.104 -1.209 -1.305 
-1.395 -1.477 -1.553 -1.624 -1.689 -1.749 -1.805 -1.856 -1.903 -1.947 
-1.965 
-2.008 -2.038 -2.067 -2.094 -2.118 -2.140 -2.160 -2.177 -2.192 -2.204 
-2.215 -2.223 -2.229 -2.233 -2.235 -2.234 -2.231 -2.227 -2.220 -2.210 
-2.199 -2.185 -2.169 -2.150 -2.129 -2.106 -2.080 -2.051 -2.019 -1.985 
-1.947 -1.906 -1.862 -1.814 -1.763 -1.707 -1.647 -1.582 -1.512 -1.435 
-1.352 -1.262 -1.163 -1.053 -0.931 -0.792 -0.629 -0.431 -0.206 -0.080 
-0.090 -0.076 -0.058 -0.071 -0.117 -0.183 -0.254 -0.319 -0.376 -0.424 
-0.463 -0.494 -0.519 -0.539 -0.557 -0.572 -0.588 -0.603 -0.622 -0.651 
-0.699 -0.771 -0.858 -0.952 -1.045 -1.135 -1.220 -1.302 -1.378 -1.451 
-1.519 -1.583 -1.644 -1.700 -1.753 -1.803 -1.850 -1.893 -1.934 -1.971 
-1.997 
-1.973 -1.981 -2.006 -2.029 -2.049 -2.067 -2.083 -2.097 -2.109 -2.119 
-2.126 -2.131 -2.134 -2.136 -2.135 -2.131 -2.126 -2.119 -2.109 -2.097 
-2.083 -2.067 -2.048 -2.027 -2.003 -1.977 -1.948 -1.916 -1.882 -1.844 
-1.804 -1.760 -1.712 -1.661 -1.606 -1.546 -1.482 -1.413 -1.339 -1.259 
-1.174 -1.082 -0.986 -0.885 -0.781 -0.677 -0.574 -0.471 -0.369 -0.274 
-0.194 -0.142 -0.123 -0.137 -0.176 -0.226 -0.278 -0.326 -0.368 -0.402 
-0.431 -0.455 -0.479 -0.508 -0.544 -0.590 -0.642 -0.699 -0.759 -0.822 
-0.887 -0.955 -1.024 -1.093 -1.162 -1.229 -1.296 -1.360 -1.421 -1.481 
-1.537 -1.591 -1.642 -1.690 -1.736 -1.779 -1.819 -1.856 -1.891 -1.923 
-1.962 
-2.126 -2.162 -2.181 -2.198 -2.212 -2.224 -2.234 -2.242 -2.247 -2.250 
-2.251 -2.250 -2.246 -2.240 -2.232 -2.222 -2.209 -2.194 -2.177 -2.157 
-2.135 -2.110 -2.082 -2.052 -2.019 -1.983 -1.944 -1.902 -1.857 -1.808 
-1.755 -1.698 -1.637 -1.572 -1.502 -1.427 -1.347 -1.262 -1.171 -1.074 
-0.973 -0.868 -0.763 -0.662 -0.572 -0.499 -0.448 -0.420 -0.407 -0.404 
-0.405 -0.410 -0.420 -0.434 -0.448 -0.458 -0.460 -0.454 -0.439 -0.416 
-0.390 -0.367 -0.356 -0.370 -0.415 -0.490 -0.589 -0.698 -0.811 -0.920 
-1.025 -1.124 -1.216 -1.303 -1.384 -1.460 -1.531 -1.597 -1.660 -1.718 
-1.772 -1.823 -1.871 -1.915 -1.955 -1.993 -2.028 -2.060 -2.090 -2.116 
-2.120 
-2.102 -2.118 -2.131 -2.142 -2.151 -2.158 -2.163 -2.166 -2.166 -2.165 
-2.162 -2.156 -2.149 -2.139 -2.128 -2.114 -2.098 -2.080 -2.060 -2.037 
-2.012 -1.985 -1.955 -1.923 -1.889 -1.852 -1.812 -1.769 -1.724 -1.676 
-1.625 -1.571 -1.513 -1.453 -1.390 -1.324 -1.255 -1.183 -1.110 -1.035 
-0.959 -0.884 -0.810 -0.741 -0.678 -0.625 -0.583 -0.554 -0.534 -0.522 
-0.515 -0.511 -0.508 -0.506 -0.505 -0.505 -0.509 -0.516 -0.528 -0.545 
-0.568 -0.597 -0.633 -0.680 -0.742 -0.818 -0.902 -0.990 -1.076 -1.160 
-1.240 -1.315 -1.386 -1.453 -1.516 -1.575 -1.631 -1.683 -1.732 -1.778 
-1.820 -1.860 -1.897 -1.932 -1.963 -1.993 -2.019 -2.044 -2.066 -2.085 
-2.097 
-2.054 -2.049 -2.063 -2.075 -2.085 -2.093 -2.100 -2.104 -2.106 -2.106 
-2.104 -2.100 -2.094 -2.086 -2.076 -2.064 -2.050 -2.034 -2.016 -1.996 
-1.973 -1.948 -1.921 -1.892 -1.861 -1.827 -1.790 -1.751 -1.710 -1.666 
-1.620 -1.571 -1.519 -1.465 -1.408 -1.350 -1.289 -1.226 -1.162 -1.096 
-1.030 -0.964 -0.899 -0.834 -0.770 -0.712 -0.664 -0.634 -0.621 -0.616 
-0.614 -0.613 -0.612 -0.611 -0.611 -0.612 -0.615 -0.621 -0.630 -0.644 
-0.663 -0.685 -0.709 -0.734 -0.756 -0.780 -0.818 -0.882 -0.966 -1.056 
-1.143 -1.224 -1.298 -1.368 -1.432 -1.492 -1.548 -1.601 -1.651 -1.697 
-1.740 -1.781 -1.819 -1.854 -1.886 -1.917 -1.944 -1.970 -1.993 -2.013 
-2.048 
-2.327 -2.370 -2.391 -2.410 -2.426 -2.440 -2.451 -2.460 -2.467 -2.472 
-2.474 -2.474 -2.471 -2.467 -2.460 -2.451 -2.440 -2.426 -2.410 -2.392 
-2.371 -2.348 -2.322 -2.293 -2.262 -2.228 -2.191 -2.151 -2.108 -2.062 
-2.012 -1.958 -1.900 -1.838 -1.771 -1.699 -1.622 -1.538 -1.447 -1.348 
-1.240 -1.122 -0.993 -0.856 -0.719 -0.599 -0.517 -0.491 -0.517 -0.574 
-0.641 -0.704 -0.757 -0.798 -0.827 -0.845 -0.853 -0.851 -0.840 -0.818 
-0.784 -0.738 -0.678 -0.608 -0.536 -0.484 -0.479 -0.535 -0.647 -0.789 
-0.939 -1.083 -1.216 -1.338 -1.448 -1.548 -1.639 -1.722 -1.798 -1.868 
-1.932 -1.991 -2.045 -2.095 -2.141 -2.184 -2.222 -2.258 -2.290 -2.320 
-2.319 
-2.447 -2.490 -2.516 -2.539 -2.560 -2.578 -2.594 -2.607 -2.618 -2.626 
-2.632 -2.636 -2.637 -2.636 -2.633 -2.627 -2.619 -2.609 -2.596 -2.580 
-2.562 -2.541 -2.518 -2.492 -2.463 -2.431 -2.395 -2.357 -2.315 -2.269 
-2.219 -2.165 -2.106 -2.043 -1.974 -1.899 -1.817 -1.728 -1.630 -1.524 
-1.408 -1.281 -1.144 -1.000 -0.858 -0.732 -0.644 -0.607 -0.616 -0.647 
-0.686 -0.733 -0.791 -0.853 -0.909 -0.952 -0.982 -0.998 -1.001 -0.990 
-0.966 -0.930 -0.883 -0.827 -0.770 -0.725 -0.712 -0.744 -0.819 -0.923 
-1.041 -1.162 -1.280 -1.392 -1.497 -1.594 -1.686 -1.770 -1.850 -1.924 
-1.992 -2.057 -2.116 -2.172 -2.224 -2.272 -2.316 -2.357 -2.395 -2.429 
-2.439 
-2.287 -2.301 -2.332 -2.360 -2.385 -2.408 -2.429 -2.447 -2.463 -2.477 
-2.488 -2.497 -2.504 -2.509 -2.511 -2.511 -2.509 -2.505 -2.498 -2.489 
-2.478 -2.464 -2.448 -2.429 -2.408 -2.384 -2.357 -2.328 -2.295 -2.260 
-2.221 -2.178 -2.132 -2.082 -2.028 -1.969 -1.905 -1.835 -1.759 -1.676 
-1.586 -1.487 -1.378 -1.260 -1.132 -0.999 -0.866 -0.733 -0.599 -0.469 
-0.373 -0.357 -0.417 -0.510 -0.609 -0.701 -0.781 -0.848 -0.901 -0.943 
-0.975 -0.996 -1.010 -1.016 -1.017 -1.018 -1.024 -1.040 -1.070 -1.110 
-1.157 -1.209 -1.265 -1.324 -1.387 -1.453 -1.519 -1.587 -1.653 -1.718 
-1.782 -1.843 -1.902 -1.957 -2.010 -2.061 -2.108 -2.152 -2.193 -2.232 
-2.274 
-2.283 -2.317 -2.351 -2.382 -2.411 -2.437 -2.461 -2.482 -2.500 -2.517 
-2.530 -2.542 -2.551 -2.558 -2.563 -2.565 -2.566 -2.564 -2.559 -2.552 
-2.543 -2.532 -2.518 -2.501 -2.483 -2.461 -2.437 -2.410 -2.380 -2.346 
-2.310 -2.270 -2.227 -2.180 -2.128 -2.072 -2.011 -1.945 -1.872 -1.793 
-1.706 -1.611 -1.505 -1.387 -1.254 -1.104 -0.935 -0.744 -0.539 -0.344 
-0.212 -0.207 -0.321 -0.483 -0.638 -0.770 -0.878 -0.965 -1.036 -1.094 
-1.140 -1.176 -1.205 -1.226 -1.243 -1.255 -1.265 -1.273 -1.282 -1.293 
-1.305 -1.322 -1.343 -1.369 -1.402 -1.444 -1.495 -1.553 -1.617 -1.684 
-1.751 -1.816 -1.880 -1.940 -1.998 -2.053 -2.104 -2.153 -2.198 -2.241 
-2.271 
-2.275 -2.311 -2.352 -2.390 -2.425 -2.456 -2.485 -2.510 -2.533 -2.552 
-2.570 -2.584 -2.596 -2.605 -2.612 -2.616 -2.618 -2.618 -2.614 -2.609 
-2.601 -2.590 -2.576 -2.560 -2.541 -2.520 -2.495 -2.467 -2.437 -2.402 
-2.365 -2.323 -2.278 -2.228 -2.173 -2.114 -2.049 -1.978 -1.900 -1.814 
-1.720 -1.615 -1.499 -1.371 -1.228 -1.072 -0.907 -0.749 -0.626 -0.563 
-0.558 -0.627 -0.762 -0.905 -1.028 -1.130 -1.212 -1.279 -1.332 -1.373 
-1.404 -1.425 -1.438 -1.443 -1.441 -1.432 -1.417 -1.395 -1.368 -1.337 
-1.303 -1.269 -1.239 -1.218 -1.214 -1.231 -1.271 -1.332 -1.407 -1.492 
-1.579 -1.667 -1.751 -1.832 -1.908 -1.979 -2.045 -2.107 -2.164 -2.217 
-2.259 
-2.284 -2.311 -2.348 -2.382 -2.414 -2.442 -2.468 -2.490 -2.510 -2.528 
-2.543 -2.555 -2.565 -2.572 -2.577 -2.579 -2.579 -2.576 -2.571 -2.564 
-2.553 -2.541 -2.525 -2.507 -2.486 -2.463 -2.436 -2.406 -2.373 -2.337 
-2.297 -2.253 -2.205 -2.153 -2.096 -2.034 -1.967 -1.893 -1.813 -1.726 
-1.631 -1.528 -1.417 -1.298 -1.175 -1.052 -0.937 -0.838 -0.773 -0.774 
-0.845 -0.944 -1.043 -1.132 -1.209 -1.274 -1.329 -1.374 -1.409 -1.436 
-1.455 -1.467 -1.472 -1.471 -1.464 -1.452 -1.435 -1.414 -1.390 -1.366 
-1.343 -1.325 -1.314 -1.314 -1.327 -1.357 -1.401 -1.459 -1.525 -1.597 
-1.671 -1.745 -1.817 -1.886 -1.952 -2.014 -2.072 -2.127 -2.178 -2.226 
-2.269 
-2.411 -2.444 -2.481 -2.514 -2.545 -2.572 -2.597 -2.619 -2.639 -2.656 
-2.670 -2.682 -2.691 -2.698 -2.702 -2.704 -2.704 -2.701 -2.695 -2.687 
-2.677 -2.664 -2.648 -2.629 -2.608 -2.584 -2.557 -2.526 -2.492 -2.455 
-2.414 -2.369 -2.320 -2.265 -2.206 -2.141 -2.070 -1.991 -1.903 -1.806 
-1.697 -1.574 -1.434 -1.278 -1.121 -0.985 -0.855 -0.712 -0.602 -0.587 
-0.673 -0.812 -0.955 -1.081 -1.187 -1.273 -1.344 -1.401 -1.445 -1.480 
-1.504 -1.521 -1.529 -1.530 -1.524 -1.512 -1.495 -1.472 -1.446 -1.418 
-1.392 -1.376 -1.376 -1.398 -1.436 -1.487 -1.547 -1.613 -1.683 -1.754 
-1.827 -1.898 -1.967 -2.034 -2.097 -2.157 -2.213 -2.266 -2.316 -2.362 
-2.397 
-2.574 -2.617 -2.650 -2.680 -2.707 -2.731 -2.752 -2.770 -2.785 -2.797 
-2.807 -2.815 -2.819 -2.821 -2.821 -2.817 -2.812 -2.803 -2.792 -2.778 
-2.761 -2.742 -2.719 -2.694 -2.665 -2.633 -2.597 -2.557 -2.514 -2.466 
-2.413 -2.355 -2.292 -2.222 -2.145 -2.061 -1.966 -1.862 -1.744 -1.612 
-1.463 -1.296 -1.114 -0.934 -0.800 -0.760 -0.814 -0.899 -0.961 -1.029 
-1.138 -1.258 -1.362 -1.447 -1.514 -1.566 -1.604 -1.630 -1.645 -1.651 
-1.647 -1.633 -1.610 -1.578 -1.537 -1.487 -1.430 -1.367 -1.304 -1.245 
-1.197 -1.172 -1.183 -1.238 -1.328 -1.439 -1.556 -1.670 -1.778 -1.878 
-1.971 -2.057 -2.136 -2.209 -2.277 -2.338 -2.395 -2.448 -2.496 -2.540 
-2.562 
-2.546 -2.574 -2.600 -2.622 -2.642 -2.659 -2.674 -2.686 -2.696 -2.703 
-2.708 -2.711 -2.711 -2.709 -2.705 -2.698 -2.688 -2.676 -2.662 -2.645 
-2.625 -2.603 -2.578 -2.550 -2.519 -2.484 -2.446 -2.405 -2.359 -2.309 
-2.255 -2.196 -2.131 -2.060 -1.983 -1.897 -1.803 -1.699 -1.585 -1.459 
-1.322 -1.179 -1.040 -0.924 -0.855 -0.854 -0.917 -1.010 -1.104 -1.187 
-1.257 -1.314 -1.361 -1.398 -1.427 -1.449 -1.464 -1.472 -1.473 -1.467 
-1.453 -1.430 -1.399 -1.360 -1.313 -1.262 -1.211 -1.168 -1.143 -1.145 
-1.176 -1.232 -1.310 -1.404 -1.509 -1.616 -1.719 -1.816 -1.905 -1.987 
-2.063 -2.132 -2.195 -2.254 -2.307 -2.356 -2.402 -2.443 -2.481 -2.515 
-2.536 
-2.477 -2.475 -2.493 -2.510 -2.524 -2.537 -2.548 -2.557 -2.564 -2.569 
-2.573 -2.574 -2.574 -2.572 -2.568 -2.562 -2.555 -2.545 -2.533 -2.520 
-2.504 -2.486 -2.466 -2.444 -2.419 -2.392 -2.363 -2.331 -2.296 -2.259 
-2.218 -2.174 -2.127 -2.075 -2.020 -1.960 -1.894 -1.823 -1.747 -1.664 
-1.578 -1.490 -1.407 -1.337 -1.294 -1.279 -1.281 -1.285 -1.285 -1.282 
-1.279 -1.279 -1.283 -1.292 -1.306 -1.323 -1.342 -1.364 -1.387 -1.409 
-1.432 -1.453 -1.472 -1.489 -1.504 -1.515 -1.523 -1.532 -1.547 -1.573 
-1.615 -1.669 -1.730 -1.792 -1.853 -1.910 -1.964 -2.014 -2.061 -2.106 
-2.148 -2.188 -2.226 -2.261 -2.295 -2.326 -2.356 -2.384 -2.409 -2.433 
-2.469 
-2.686 -2.725 -2.743 -2.758 -2.772 -2.784 -2.793 -2.800 -2.805 -2.808 
-2.809 -2.807 -2.803 -2.797 -2.789 -2.779 -2.766 -2.751 -2.733 -2.713 
-2.690 -2.664 -2.636 -2.604 -2.570 -2.532 -2.490 -2.445 -2.396 -2.343 
-2.285 -2.222 -2.153 -2.079 -1.998 -1.911 -1.817 -1.717 -1.612 -1.508 
-1.411 -1.331 -1.277 -1.257 -1.265 -1.294 -1.333 -1.379 -1.426 -1.472 
-1.513 -1.550 -1.582 -1.612 -1.638 -1.662 -1.684 -1.704 -1.721 -1.738 
-1.753 -1.767 -1.781 -1.796 -1.811 -1.829 -1.848 -1.869 -1.893 -1.919 
-1.948 -1.980 -2.015 -2.054 -2.095 -2.140 -2.186 -2.234 -2.281 -2.328 
-2.373 -2.417 -2.458 -2.497 -2.534 -2.568 -2.600 -2.630 -2.657 -2.682 
-2.680 
-2.702 -2.740 -2.771 -2.799 -2.824 -2.846 -2.866 -2.884 -2.898 -2.910 
-2.920 -2.927 -2.932 -2.934 -2.934 -2.932 -2.927 -2.919 -2.909 -2.896 
-2.881 -2.863 -2.842 -2.818 -2.791 -2.761 -2.728 -2.691 -2.650 -2.606 
-2.557 -2.504 -2.446 -2.383 -2.314 -2.239 -2.157 -2.068 -1.973 -1.873 
-1.770 -1.669 -1.573 -1.484 -1.405 -1.338 -1.291 -1.268 -1.269 -1.298 
-1.356 -1.433 -1.514 -1.589 -1.655 -1.710 -1.756 -1.793 -1.823 -1.845 
-1.861 -1.871 -1.876 -1.876 -1.872 -1.865 -1.856 -1.845 -1.834 -1.824 
-1.818 -1.819 -1.828 -1.847 -1.878 -1.919 -1.968 -2.024 -2.085 -2.147 
-2.209 -2.271 -2.331 -2.388 -2.443 -2.494 -2.543 -2.589 -2.631 -2.671 
-2.691 
-2.572 -2.582 -2.614 -2.642 -2.669 -2.693 -2.714 -2.733 -2.750 -2.765 
-2.777 -2.787 -2.795 -2.800 -2.803 -2.804 -2.803 -2.799 -2.793 -2.785 
-2.774 -2.761 -2.745 -2.727 -2.706 -2.683 -2.656 -2.627 -2.594 -2.558 
-2.519 -2.476 -2.430 -2.379 -2.323 -2.263 -2.197 -2.125 -2.047 -1.961 
-1.868 -1.766 -1.654 -1.532 -1.402 -1.265 -1.129 -1.004 -0.913 -0.877 
-0.905 -0.979 -1.076 -1.176 -1.267 -1.348 -1.417 -1.475 -1.523 -1.562 
-1.593 -1.617 -1.635 -1.647 -1.654 -1.657 -1.658 -1.659 -1.660 -1.666 
-1.676 -1.694 -1.719 -1.751 -1.789 -1.832 -1.879 -1.929 -1.982 -2.035 
-2.089 -2.143 -2.195 -2.247 -2.296 -2.344 -2.390 -2.433 -2.474 -2.513 
-2.559 
-2.696 -2.731 -2.763 -2.792 -2.819 -2.842 -2.864 -2.883 -2.899 -2.913 
-2.924 -2.933 -2.940 -2.945 -2.947 -2.947 -2.944 -2.939 -2.932 -2.922 
-2.910 -2.896 -2.878 -2.859 -2.836 -2.811 -2.783 -2.752 -2.717 -2.680 
-2.639 -2.594 -2.545 -2.492 -2.434 -2.371 -2.302 -2.228 -2.146 -2.056 
-1.958 -1.849 -1.730 -1.599 -1.460 -1.320 -1.188 -1.067 -0.968 -0.911 
-0.914 -0.970 -1.056 -1.148 -1.234 -1.309 -1.371 -1.420 -1.458 -1.485 
-1.502 -1.510 -1.510 -1.502 -1.489 -1.472 -1.453 -1.436 -1.426 -1.428 
-1.447 -1.485 -1.540 -1.609 -1.686 -1.769 -1.853 -1.935 -2.016 -2.093 
-2.166 -2.235 -2.301 -2.363 -2.421 -2.475 -2.526 -2.573 -2.617 -2.658 
-2.684 
-2.818 -2.855 -2.886 -2.913 -2.938 -2.961 -2.980 -2.997 -3.011 -3.023 
-3.032 -3.038 -3.042 -3.044 -3.043 -3.040 -3.034 -3.026 -3.015 -3.002 
-2.986 -2.967 -2.946 -2.921 -2.894 -2.864 -2.830 -2.793 -2.752 -2.707 
-2.659 -2.605 -2.547 -2.484 -2.415 -2.339 -2.256 -2.165 -2.065 -1.954 
-1.832 -1.697 -1.550 -1.397 -1.251 -1.138 -1.082 -1.089 -1.134 -1.195 
-1.266 -1.348 -1.430 -1.505 -1.568 -1.619 -1.659 -1.686 -1.704 -1.711 
-1.709 -1.698 -1.678 -1.650 -1.616 -1.576 -1.533 -1.493 -1.463 -1.450 
-1.462 -1.501 -1.564 -1.645 -1.735 -1.830 -1.925 -2.018 -2.107 -2.192 
-2.272 -2.347 -2.417 -2.482 -2.543 -2.599 -2.651 -2.699 -2.743 -2.783 
-2.807 
-2.794 -2.823 -2.855 -2.885 -2.912 -2.935 -2.956 -2.975 -2.990 -3.004 
-3.014 -3.022 -3.027 -3.030 -3.031 -3.029 -3.024 -3.017 -3.007 -2.995 
-2.980 -2.962 -2.942 -2.918 -2.892 -2.862 -2.830 -2.793 -2.754 -2.710 
-2.662 -2.610 -2.553 -2.490 -2.422 -2.347 -2.266 -2.177 -2.079 -1.971 
-1.854 -1.726 -1.592 -1.455 -1.332 -1.242 -1.208 -1.235 -1.306 -1.398 
-1.493 -1.581 -1.659 -1.726 -1.783 -1.829 -1.866 -1.895 -1.915 -1.928 
-1.934 -1.932 -1.924 -1.910 -1.890 -1.865 -1.835 -1.804 -1.774 -1.751 
-1.737 -1.736 -1.749 -1.775 -1.815 -1.868 -1.931 -2.002 -2.077 -2.153 
-2.228 -2.300 -2.370 -2.436 -2.497 -2.555 -2.609 -2.659 -2.705 -2.747 
-2.780 
-2.745 -2.768 -2.794 -2.818 -2.839 -2.857 -2.874 -2.887 -2.899 -2.908 
-2.914 -2.919 -2.921 -2.920 -2.918 -2.912 -2.905 -2.895 -2.883 -2.868 
-2.850 -2.830 -2.807 -2.781 -2.752 -2.720 -2.685 -2.646 -2.603 -2.557 
-2.506 -2.451 -2.391 -2.326 -2.255 -2.177 -2.092 -2.000 -1.898 -1.788 
-1.668 -1.541 -1.410 -1.287 -1.187 -1.131 -1.128 -1.174 -1.252 -1.341 
-1.431 -1.513 -1.586 -1.649 -1.703 -1.749 -1.787 -1.818 -1.843 -1.862 
-1.877 -1.887 -1.894 -1.898 -1.900 -1.901 -1.902 -1.903 -1.906 -1.910 
-1.919 -1.931 -1.948 -1.973 -2.005 -2.044 -2.090 -2.141 -2.194 -2.250 
-2.305 -2.359 -2.412 -2.462 -2.510 -2.555 -2.597 -2.637 -2.674 -2.708 
-2.736 
-2.764 -2.784 -2.817 -2.848 -2.876 -2.901 -2.923 -2.942 -2.959 -2.972 
-2.984 -2.992 -2.998 -3.002 -3.003 -3.001 -2.997 -2.990 -2.980 -2.968 
-2.953 -2.935 -2.915 -2.891 -2.864 -2.833 -2.800 -2.762 -2.721 -2.675 
-2.625 -2.570 -2.509 -2.442 -2.369 -2.288 -2.200 -2.103 -1.999 -1.890 
-1.783 -1.683 -1.587 -1.495 -1.414 -1.362 -1.356 -1.394 -1.463 -1.546 
-1.632 -1.712 -1.784 -1.846 -1.900 -1.944 -1.981 -2.010 -2.032 -2.048 
-2.057 -2.060 -2.058 -2.051 -2.038 -2.021 -2.001 -1.978 -1.955 -1.934 
-1.919 -1.910 -1.910 -1.917 -1.933 -1.958 -1.993 -2.037 -2.090 -2.148 
-2.210 -2.273 -2.336 -2.397 -2.457 -2.513 -2.566 -2.616 -2.663 -2.706 
-2.749 
-2.937 -2.974 -3.000 -3.024 -3.045 -3.062 -3.077 -3.089 -3.099 -3.106 
-3.110 -3.111 -3.110 -3.106 -3.099 -3.089 -3.077 -3.062 -3.044 -3.023 
-2.999 -2.972 -2.941 -2.907 -2.868 -2.826 -2.780 -2.729 -2.673 -2.612 
-2.545 -2.471 -2.390 -2.300 -2.202 -2.095 -1.978 -1.854 -1.727 -1.609 
-1.516 -1.463 -1.455 -1.484 -1.535 -1.595 -1.660 -1.730 -1.802 -1.870 
-1.931 -1.984 -2.026 -2.060 -2.085 -2.101 -2.110 -2.111 -2.105 -2.091 
-2.070 -2.042 -2.008 -1.969 -1.926 -1.881 -1.838 -1.801 -1.774 -1.761 
-1.768 -1.798 -1.848 -1.913 -1.988 -2.066 -2.146 -2.224 -2.301 -2.375 
-2.446 -2.513 -2.576 -2.636 -2.691 -2.743 -2.790 -2.834 -2.874 -2.911 
-2.929 
-3.010 -3.041 -3.064 -3.083 -3.100 -3.114 -3.126 -3.135 -3.142 -3.146 
-3.147 -3.146 -3.143 -3.137 -3.129 -3.118 -3.104 -3.088 -3.069 -3.047 
-3.023 -2.995 -2.964 -2.930 -2.893 -2.851 -2.806 -2.757 -2.703 -2.645 
-2.581 -2.511 -2.435 -2.351 -2.260 -2.160 -2.051 -1.932 -1.805 -1.674 
-1.548 -1.442 -1.373 -1.354 -1.383 -1.448 -1.526 -1.606 -1.678 -1.741 
-1.794 -1.837 -1.870 -1.895 -1.911 -1.920 -1.920 -1.913 -1.898 -1.876 
-1.847 -1.813 -1.774 -1.733 -1.694 -1.662 -1.643 -1.643 -1.663 -1.704 
-1.763 -1.837 -1.922 -2.012 -2.104 -2.194 -2.281 -2.363 -2.440 -2.511 
-2.578 -2.640 -2.697 -2.750 -2.799 -2.843 -2.885 -2.922 -2.957 -2.988 
-3.003 
-2.949 -2.960 -2.987 -3.010 -3.031 -3.049 -3.065 -3.078 -3.088 -3.096 
-3.102 -3.105 -3.106 -3.105 -3.101 -3.095 -3.086 -3.075 -3.062 -3.046 
-3.027 -3.006 -2.983 -2.956 -2.927 -2.895 -2.859 -2.821 -2.779 -2.734 
-2.685 -2.633 -2.576 -2.515 -2.450 -2.380 -2.305 -2.224 -2.139 -2.048 
-1.956 -1.869 -1.798 -1.755 -1.741 -1.746 -1.759 -1.776 -1.795 -1.815 
-1.835 -1.854 -1.870 -1.883 -1.892 -1.895 -1.893 -1.885 -1.870 -1.849 
-1.821 -1.786 -1.744 -1.698 -1.648 -1.598 -1.557 -1.532 -1.531 -1.555 
-1.601 -1.668 -1.750 -1.842 -1.937 -2.032 -2.125 -2.213 -2.296 -2.374 
-2.446 -2.513 -2.576 -2.634 -2.688 -2.737 -2.783 -2.825 -2.864 -2.899 
-2.938 
-3.011 -3.048 -3.073 -3.095 -3.115 -3.132 -3.146 -3.158 -3.167 -3.174 
-3.178 -3.180 -3.180 -3.177 -3.172 -3.164 -3.154 -3.142 -3.126 -3.109 
-3.089 -3.066 -3.040 -3.011 -2.980 -2.945 -2.908 -2.866 -2.822 -2.774 
-2.722 -2.666 -2.605 -2.541 -2.472 -2.398 -2.320 -2.239 -2.154 -2.069 
-1.985 -1.907 -1.839 -1.787 -1.752 -1.736 -1.735 -1.746 -1.765 -1.786 
-1.809 -1.831 -1.850 -1.864 -1.873 -1.876 -1.872 -1.860 -1.840 -1.811 
-1.773 -1.725 -1.667 -1.602 -1.533 -1.469 -1.425 -1.415 -1.449 -1.522 
-1.619 -1.728 -1.839 -1.948 -2.052 -2.150 -2.242 -2.329 -2.409 -2.485 
-2.554 -2.619 -2.680 -2.735 -2.787 -2.835 -2.879 -2.919 -2.956 -2.990 
-3.003 
-2.942 -2.964 -2.992 -3.018 -3.041 -3.061 -3.079 -3.095 -3.108 -3.119 
-3.127 -3.133 -3.137 -3.139 -3.138 -3.135 -3.130 -3.123 -3.113 -3.101 
-3.086 -3.069 -3.050 -3.028 -3.004 -2.977 -2.948 -2.916 -2.881 -2.843 
-2.802 -2.759 -2.712 -2.662 -2.609 -2.552 -2.492 -2.429 -2.362 -2.294 
-2.223 -2.153 -2.084 -2.020 -1.961 -1.910 -1.867 -1.832 -1.808 -1.794 
-1.791 -1.797 -1.808 -1.823 -1.839 -1.853 -1.864 -1.870 -1.872 -1.869 
-1.861 -1.847 -1.828 -1.805 -1.779 -1.753 -1.734 -1.729 -1.743 -1.775 
-1.816 -1.864 -1.918 -1.978 -2.042 -2.110 -2.180 -2.250 -2.320 -2.388 
-2.453 -2.516 -2.575 -2.631 -2.684 -2.733 -2.779 -2.822 -2.862 -2.899 
-2.930 
-2.891 -2.910 -2.932 -2.952 -2.969 -2.984 -2.996 -3.006 -3.014 -3.019 
-3.022 -3.023 -3.022 -3.019 -3.014 -3.006 -2.997 -2.985 -2.971 -2.955 
-2.937 -2.916 -2.893 -2.869 -2.842 -2.813 -2.781 -2.748 -2.712 -2.674 
-2.634 -2.592 -2.549 -2.503 -2.456 -2.408 -2.358 -2.308 -2.256 -2.204 
-2.152 -2.102 -2.054 -2.014 -1.985 -1.966 -1.956 -1.949 -1.944 -1.941 
-1.939 -1.938 -1.936 -1.933 -1.928 -1.920 -1.910 -1.896 -1.881 -1.863 
-1.844 -1.826 -1.810 -1.799 -1.793 -1.796 -1.808 -1.829 -1.860 -1.897 
-1.941 -1.988 -2.037 -2.088 -2.141 -2.195 -2.250 -2.307 -2.365 -2.422 
-2.478 -2.533 -2.584 -2.633 -2.678 -2.720 -2.759 -2.795 -2.828 -2.858 
-2.884 
-2.930 -2.948 -2.981 -3.011 -3.038 -3.062 -3.083 -3.101 -3.117 -3.129 
-3.139 -3.147 -3.151 -3.153 -3.153 -3.150 -3.144 -3.136 -3.125 -3.112 
-3.095 -3.076 -3.055 -3.030 -3.002 -2.972 -2.938 -2.900 -2.860 -2.815 
-2.766 -2.714 -2.657 -2.595 -2.527 -2.455 -2.376 -2.291 -2.201 -2.107 
-2.011 -1.920 -1.842 -1.789 -1.767 -1.779 -1.817 -1.872 -1.932 -1.992 
-2.046 -2.094 -2.135 -2.167 -2.193 -2.212 -2.225 -2.231 -2.232 -2.228 
-2.220 -2.208 -2.194 -2.178 -2.162 -2.146 -2.132 -2.119 -2.109 -2.100 
-2.093 -2.086 -2.080 -2.078 -2.083 -2.099 -2.128 -2.170 -2.223 -2.285 
-2.350 -2.418 -2.485 -2.551 -2.613 -2.672 -2.727 -2.779 -2.826 -2.870 
-2.914 
-3.183 -3.221 -3.249 -3.273 -3.295 -3.313 -3.329 -3.342 -3.353 -3.361 
-3.366 -3.369 -3.369 -3.367 -3.362 -3.354 -3.344 -3.331 -3.316 -3.298 
-3.277 -3.253 -3.226 -3.196 -3.163 -3.126 -3.086 -3.042 -2.993 -2.941 
-2.883 -2.821 -2.753 -2.679 -2.598 -2.511 -2.415 -2.310 -2.197 -2.078 
-1.966 -1.881 -1.835 -1.815 -1.816 -1.838 -1.879 -1.932 -1.988 -2.044 
-2.095 -2.140 -2.178 -2.209 -2.232 -2.247 -2.256 -2.257 -2.251 -2.238 
-2.218 -2.192 -2.159 -2.120 -2.076 -2.027 -1.976 -1.926 -1.893 -1.908 
-1.969 -2.046 -2.123 -2.199 -2.272 -2.343 -2.414 -2.484 -2.555 -2.625 
-2.693 -2.759 -2.822 -2.881 -2.937 -2.988 -3.036 -3.080 -3.121 -3.157 
-3.174 
-3.412 -3.457 -3.480 -3.500 -3.518 -3.532 -3.544 -3.553 -3.560 -3.564 
-3.565 -3.563 -3.559 -3.553 -3.543 -3.531 -3.517 -3.499 -3.478 -3.455 
-3.428 -3.398 -3.365 -3.328 -3.287 -3.242 -3.192 -3.138 -3.078 -3.013 
-2.941 -2.861 -2.774 -2.676 -2.567 -2.445 -2.308 -2.153 -1.984 -1.812 
-1.668 -1.594 -1.611 -1.701 -1.820 -1.936 -2.039 -2.129 -2.205 -2.269 
-2.322 -2.364 -2.397 -2.420 -2.434 -2.439 -2.436 -2.424 -2.402 -2.371 
-2.330 -2.278 -2.212 -2.132 -2.036 -1.921 -1.793 -1.669 -1.593 -1.613 
-1.729 -1.894 -2.066 -2.224 -2.365 -2.491 -2.604 -2.705 -2.797 -2.880 
-2.956 -3.025 -3.089 -3.146 -3.199 -3.248 -3.292 -3.332 -3.368 -3.401 
-3.405 
-3.350 -3.359 -3.383 -3.404 -3.422 -3.437 -3.449 -3.458 -3.465 -3.469 
-3.471 -3.470 -3.466 -3.460 -3.451 -3.439 -3.424 -3.407 -3.387 -3.363 
-3.337 -3.307 -3.274 -3.237 -3.197 -3.152 -3.103 -3.049 -2.990 -2.925 
-2.854 -2.776 -2.689 -2.593 -2.486 -2.366 -2.232 -2.080 -1.912 -1.731 
-1.561 -1.444 -1.418 -1.486 -1.609 -1.746 -1.873 -1.982 -2.073 -2.148 
-2.209 -2.257 -2.294 -2.321 -2.338 -2.347 -2.346 -2.336 -2.318 -2.291 
-2.254 -2.208 -2.152 -2.086 -2.012 -1.931 -1.849 -1.777 -1.733 -1.737 
-1.776 -1.810 -1.882 -2.035 -2.200 -2.345 -2.470 -2.580 -2.678 -2.766 
-2.845 -2.917 -2.982 -3.041 -3.096 -3.145 -3.190 -3.231 -3.269 -3.302 
-3.340 
-3.329 -3.376 -3.404 -3.429 -3.451 -3.469 -3.485 -3.498 -3.508 -3.515 
-3.519 -3.521 -3.520 -3.517 -3.510 -3.501 -3.490 -3.475 -3.458 -3.438 
-3.414 -3.388 -3.358 -3.325 -3.288 -3.247 -3.202 -3.152 -3.098 -3.037 
-2.971 -2.897 -2.815 -2.723 -2.620 -2.504 -2.372 -2.222 -2.059 -1.893 
-1.757 -1.689 -1.712 -1.812 -1.944 -2.073 -2.187 -2.282 -2.361 -2.425 
-2.476 -2.517 -2.548 -2.570 -2.585 -2.591 -2.590 -2.582 -2.567 -2.544 
-2.513 -2.474 -2.426 -2.368 -2.302 -2.225 -2.138 -2.042 -1.931 -1.794 
-1.632 -1.499 -1.492 -1.642 -1.864 -2.079 -2.263 -2.418 -2.549 -2.664 
-2.764 -2.853 -2.932 -3.004 -3.068 -3.126 -3.179 -3.227 -3.270 -3.310 
-3.319 
-3.136 -3.149 -3.174 -3.196 -3.215 -3.232 -3.246 -3.258 -3.268 -3.275 
-3.280 -3.283 -3.283 -3.281 -3.277 -3.271 -3.263 -3.252 -3.239 -3.224 
-3.207 -3.187 -3.165 -3.141 -3.115 -3.086 -3.055 -3.022 -2.987 -2.949 
-2.909 -2.866 -2.821 -2.774 -2.723 -2.669 -2.609 -2.542 -2.465 -2.380 
-2.300 -2.260 -2.274 -2.311 -2.345 -2.369 -2.387 -2.402 -2.414 -2.425 
-2.433 -2.440 -2.444 -2.444 -2.441 -2.435 -2.424 -2.409 -2.390 -2.365 
-2.336 -2.301 -2.261 -2.217 -2.168 -2.117 -2.065 -2.016 -1.973 -1.936 
-1.898 -1.860 -1.883 -1.998 -2.127 -2.241 -2.342 -2.433 -2.515 -2.592 
-2.662 -2.726 -2.786 -2.841 -2.892 -2.939 -2.982 -3.022 -3.058 -3.092 
-3.126 
-3.107 -3.117 -3.138 -3.156 -3.173 -3.187 -3.200 -3.210 -3.219 -3.225 
-3.229 -3.232 -3.232 -3.230 -3.226 -3.220 -3.212 -3.202 -3.189 -3.174 
-3.157 -3.138 -3.117 -3.092 -3.066 -3.037 -3.005 -2.971 -2.934 -2.895 
-2.853 -2.808 -2.760 -2.710 -2.657 -2.602 -2.545 -2.487 -2.428 -2.370 
-2.313 -2.259 -2.210 -2.168 -2.133 -2.110 -2.101 -2.106 -2.123 -2.150 
-2.181 -2.213 -2.244 -2.272 -2.298 -2.321 -2.340 -2.356 -2.368 -2.376 
-2.382 -2.384 -2.383 -2.379 -2.373 -2.366 -2.357 -2.350 -2.347 -2.352 
-2.366 -2.391 -2.426 -2.466 -2.510 -2.555 -2.599 -2.644 -2.687 -2.729 
-2.770 -2.810 -2.848 -2.885 -2.920 -2.954 -2.986 -3.016 -3.044 -3.070 
-3.099 
-3.244 -3.273 -3.295 -3.315 -3.333 -3.348 -3.361 -3.372 -3.381 -3.387 
-3.391 -3.393 -3.393 -3.390 -3.385 -3.378 -3.369 -3.357 -3.342 -3.325 
-3.306 -3.284 -3.259 -3.231 -3.201 -3.167 -3.130 -3.090 -3.047 -3.000 
-2.949 -2.895 -2.837 -2.776 -2.712 -2.646 -2.577 -2.507 -2.435 -2.361 
-2.283 -2.202 -2.118 -2.036 -1.961 -1.904 -1.871 -1.866 -1.887 -1.925 
-1.974 -2.025 -2.074 -2.120 -2.159 -2.192 -2.219 -2.240 -2.255 -2.265 
-2.269 -2.269 -2.265 -2.257 -2.247 -2.236 -2.229 -2.231 -2.248 -2.280 
-2.324 -2.374 -2.428 -2.484 -2.541 -2.598 -2.654 -2.710 -2.765 -2.817 
-2.868 -2.917 -2.963 -3.008 -3.049 -3.089 -3.125 -3.160 -3.192 -3.221 
-3.236 
-3.311 -3.331 -3.350 -3.366 -3.380 -3.390 -3.399 -3.404 -3.407 -3.408 
-3.406 -3.401 -3.394 -3.384 -3.372 -3.357 -3.339 -3.319 -3.295 -3.269 
-3.240 -3.207 -3.172 -3.133 -3.090 -3.045 -2.995 -2.942 -2.885 -2.824 
-2.761 -2.694 -2.626 -2.557 -2.489 -2.425 -2.369 -2.322 -2.287 -2.264 
-2.251 -2.246 -2.242 -2.237 -2.229 -2.222 -2.221 -2.233 -2.256 -2.285 
-2.316 -2.344 -2.367 -2.383 -2.391 -2.392 -2.385 -2.370 -2.347 -2.316 
-2.277 -2.230 -2.175 -2.115 -2.052 -1.993 -1.949 -1.930 -1.946 -1.996 
-2.073 -2.166 -2.266 -2.365 -2.460 -2.550 -2.633 -2.711 -2.783 -2.850 
-2.912 -2.969 -3.021 -3.070 -3.114 -3.155 -3.192 -3.226 -3.257 -3.285 
-3.301 
