IRGRID 64 91
1e+308

0.025 0.03 0.035 0.04 0.045 0.05 0.055 0.06 0.065 0.07
0.075 0.08 0.085 0.09 0.095 0.1 0.11 0.12 0.13 0.14
0.15 0.16 0.17 0.18 0.19 0.2 0.21 0.22 0.23 0.24
0.25 0.26 0.27 0.28 0.29 0.3 0.31 0.32 0.33 0.34
0.35 0.36 0.37 0.38 0.39 0.4 0.41 0.42 0.43 0.44
0.45 0.46 0.47 0.48 0.49 0.5 0.51 0.52 0.53 0.54
0.55 0.56 0.57 0.58
0 4 8 12 16 20 24 28 32 36
40 44 48 52 56 60 64 68 72 76
80 84 88 92 96 100 104 108 112 116
120 124 128 132 136 140 144 148 152 156
160 164 168 172 176 180 184 188 192 196
200 204 208 212 216 220 224 228 232 236
240 244 248 252 256 260 264 268 272 276
280 284 288 292 296 300 304 308 312 316
320 324 328 332 336 340 344 348 352 356
360
-3.189 -3.289 -3.354 -3.414 -3.470 -3.521 -3.569 -3.612 -3.652 -3.689 
-3.722 -3.752 -3.779 -3.803 -3.825 -3.843 -3.859 -3.872 -3.883 -3.891 
-3.897 -3.900 -3.901 -3.899 -3.895 -3.888 -3.879 -3.868 -3.854 -3.838 
-3.819 -3.797 -3.773 -3.746 -3.717 -3.685 -3.650 -3.613 -3.573 -3.531 
-3.486 -3.439 -3.390 -3.340 -3.289 -3.238 -3.188 -3.140 -3.094 -3.051 
-3.013 -2.980 -2.955 -2.936 -2.925 -2.922 -2.926 -2.934 -2.946 -2.961 
-2.975 -2.989 -3.002 -3.011 -3.018 -3.020 -3.019 -3.014 -3.004 -2.990 
-2.971 -2.947 -2.920 -2.888 -2.853 -2.815 -2.776 -2.737 -2.701 -2.670 
-2.646 -2.634 -2.642 -2.676 -2.735 -2.811 -2.896 -2.982 -3.065 -3.145 
-3.166 
-2.682 -2.803 -2.880 -2.954 -3.022 -3.086 -3.145 -3.200 -3.250 -3.296 
-3.338 -3.376 -3.410 -3.441 -3.469 -3.493 -3.514 -3.532 -3.547 -3.560 
-3.569 -3.576 -3.580 -3.581 -3.580 -3.576 -3.569 -3.559 -3.547 -3.532 
-3.515 -3.494 -3.471 -3.445 -3.417 -3.385 -3.351 -3.314 -3.275 -3.234 
-3.190 -3.145 -3.099 -3.052 -3.006 -2.962 -2.920 -2.880 -2.843 -2.807 
-2.771 -2.733 -2.690 -2.639 -2.579 -2.513 -2.448 -2.397 -2.372 -2.381 
-2.416 -2.468 -2.523 -2.576 -2.622 -2.660 -2.689 -2.710 -2.723 -2.728 
-2.725 -2.714 -2.696 -2.670 -2.637 -2.595 -2.546 -2.489 -2.426 -2.359 
-2.296 -2.245 -2.219 -2.224 -2.260 -2.319 -2.391 -2.470 -2.553 -2.638 
-2.665 
-2.235 -2.272 -2.349 -2.423 -2.494 -2.562 -2.625 -2.684 -2.739 -2.789 
-2.836 -2.879 -2.917 -2.953 -2.984 -3.013 -3.038 -3.060 -3.079 -3.094 
-3.107 -3.116 -3.123 -3.126 -3.127 -3.124 -3.118 -3.108 -3.095 -3.078 
-3.058 -3.032 -3.003 -2.968 -2.927 -2.879 -2.825 -2.761 -2.688 -2.604 
-2.510 -2.411 -2.318 -2.251 -2.230 -2.253 -2.295 -2.329 -2.341 -2.328 
-2.291 -2.234 -2.159 -2.070 -1.973 -1.875 -1.786 -1.719 -1.687 -1.693 
-1.731 -1.789 -1.856 -1.924 -1.987 -2.043 -2.090 -2.130 -2.162 -2.186 
-2.202 -2.212 -2.214 -2.210 -2.199 -2.182 -2.158 -2.129 -2.095 -2.057 
-2.017 -1.979 -1.946 -1.925 -1.917 -1.926 -1.952 -1.995 -2.053 -2.121 
-2.204 
-2.144 -2.219 -2.273 -2.322 -2.368 -2.411 -2.449 -2.484 -2.516 -2.544 
-2.569 -2.591 -2.610 -2.626 -2.640 -2.650 -2.659 -2.664 -2.667 -2.667 
-2.665 -2.660 -2.652 -2.642 -2.629 -2.612 -2.593 -2.571 -2.545 -2.515 
-2.482 -2.444 -2.401 -2.353 -2.299 -2.237 -2.169 -2.091 -2.003 -1.906 
-1.800 -1.692 -1.596 -1.532 -1.515 -1.544 -1.600 -1.656 -1.697 -1.715 
-1.711 -1.688 -1.653 -1.610 -1.566 -1.526 -1.496 -1.478 -1.477 -1.491 
-1.518 -1.554 -1.595 -1.637 -1.679 -1.720 -1.760 -1.796 -1.830 -1.861 
-1.890 -1.914 -1.936 -1.953 -1.965 -1.973 -1.975 -1.971 -1.962 -1.947 
-1.930 -1.912 -1.899 -1.894 -1.900 -1.921 -1.954 -1.999 -2.051 -2.107 
-2.128 
-1.808 -1.839 -1.865 -1.890 -1.914 -1.936 -1.957 -1.977 -1.995 -2.012 
-2.027 -2.041 -2.053 -2.064 -2.073 -2.081 -2.087 -2.091 -2.094 -2.095 
-2.094 -2.091 -2.087 -2.081 -2.073 -2.064 -2.052 -2.038 -2.022 -2.005 
-1.985 -1.962 -1.938 -1.911 -1.881 -1.849 -1.814 -1.775 -1.733 -1.687 
-1.636 -1.582 -1.526 -1.470 -1.420 -1.372 -1.322 -1.265 -1.203 -1.136 
-1.065 -0.993 -0.920 -0.850 -0.785 -0.728 -0.682 -0.650 -0.636 -0.642 
-0.668 -0.708 -0.757 -0.809 -0.862 -0.914 -0.964 -1.012 -1.058 -1.102 
-1.144 -1.185 -1.224 -1.263 -1.300 -1.337 -1.372 -1.407 -1.441 -1.474 
-1.506 -1.537 -1.568 -1.598 -1.629 -1.660 -1.691 -1.722 -1.752 -1.782 
-1.799 
-1.601 -1.595 -1.614 -1.634 -1.652 -1.670 -1.686 -1.702 -1.717 -1.731 
-1.743 -1.754 -1.763 -1.770 -1.776 -1.780 -1.783 -1.783 -1.781 -1.778 
-1.773 -1.766 -1.757 -1.747 -1.736 -1.724 -1.712 -1.700 -1.688 -1.677 
-1.665 -1.654 -1.642 -1.629 -1.615 -1.600 -1.583 -1.563 -1.541 -1.515 
-1.487 -1.455 -1.419 -1.379 -1.335 -1.287 -1.234 -1.176 -1.113 -1.044 
-0.970 -0.890 -0.804 -0.713 -0.620 -0.525 -0.436 -0.356 -0.290 -0.223 
-0.100 0.112 -0.031 -0.310 -0.489 -0.614 -0.712 -0.793 -0.864 -0.927 
-0.983 -1.033 -1.079 -1.121 -1.160 -1.196 -1.230 -1.261 -1.291 -1.319 
-1.346 -1.372 -1.396 -1.420 -1.444 -1.467 -1.489 -1.511 -1.533 -1.554 
-1.592 
-1.716 -1.749 -1.756 -1.760 -1.763 -1.763 -1.760 -1.756 -1.749 -1.740 
-1.728 -1.714 -1.698 -1.679 -1.658 -1.635 -1.611 -1.584 -1.555 -1.526 
-1.495 -1.464 -1.433 -1.403 -1.373 -1.345 -1.320 -1.296 -1.276 -1.258 
-1.242 -1.229 -1.217 -1.206 -1.195 -1.184 -1.173 -1.162 -1.150 -1.138 
-1.126 -1.115 -1.103 -1.090 -1.076 -1.060 -1.041 -1.017 -0.989 -0.956 
-0.915 -0.867 -0.809 -0.741 -0.660 -0.565 -0.451 -0.312 -0.131 0.123 
0.457 0.701 0.610 0.382 0.299 0.146 -0.136 -0.383 -0.576 -0.732 
-0.860 -0.969 -1.063 -1.145 -1.218 -1.283 -1.340 -1.392 -1.439 -1.481 
-1.519 -1.554 -1.585 -1.613 -1.639 -1.662 -1.682 -1.700 -1.715 -1.729 
-1.715 
-1.542 -1.562 -1.566 -1.567 -1.565 -1.560 -1.552 -1.542 -1.528 -1.513 
-1.496 -1.478 -1.460 -1.442 -1.426 -1.411 -1.399 -1.390 -1.381 -1.374 
-1.366 -1.356 -1.345 -1.330 -1.312 -1.291 -1.266 -1.238 -1.207 -1.173 
-1.136 -1.097 -1.057 -1.015 -0.973 -0.931 -0.890 -0.852 -0.817 -0.787 
-0.761 -0.740 -0.724 -0.711 -0.701 -0.692 -0.684 -0.675 -0.663 -0.649 
-0.630 -0.605 -0.574 -0.535 -0.486 -0.426 -0.351 -0.256 -0.133 0.034 
0.287 0.731 0.783 0.728 0.847 0.768 0.509 0.212 -0.040 -0.244 
-0.413 -0.556 -0.679 -0.788 -0.883 -0.969 -1.045 -1.114 -1.176 -1.232 
-1.282 -1.328 -1.369 -1.405 -1.437 -1.466 -1.491 -1.512 -1.529 -1.543 
-1.536 
-1.294 -1.264 -1.247 -1.227 -1.204 -1.178 -1.150 -1.120 -1.089 -1.056 
-1.024 -0.992 -0.963 -0.938 -0.917 -0.903 -0.895 -0.895 -0.902 -0.916 
-0.936 -0.961 -0.990 -1.020 -1.051 -1.081 -1.110 -1.136 -1.158 -1.177 
-1.192 -1.203 -1.209 -1.212 -1.210 -1.204 -1.196 -1.184 -1.172 -1.158 
-1.143 -1.128 -1.113 -1.096 -1.079 -1.059 -1.036 -1.009 -0.977 -0.940 
-0.895 -0.843 -0.782 -0.709 -0.622 -0.519 -0.393 -0.235 -0.029 0.268 
0.775 1.208 1.226 1.021 0.582 0.316 0.034 -0.199 -0.381 -0.527 
-0.648 -0.750 -0.838 -0.913 -0.979 -1.036 -1.086 -1.129 -1.167 -1.199 
-1.226 -1.249 -1.267 -1.281 -1.292 -1.298 -1.301 -1.301 -1.297 -1.289 
-1.300 
-1.258 -1.283 -1.277 -1.269 -1.258 -1.244 -1.226 -1.204 -1.179 -1.150 
-1.118 -1.083 -1.047 -1.011 -0.975 -0.943 -0.916 -0.895 -0.883 -0.881 
-0.889 -0.907 -0.933 -0.965 -1.002 -1.041 -1.081 -1.120 -1.157 -1.193 
-1.225 -1.255 -1.281 -1.304 -1.323 -1.339 -1.351 -1.360 -1.365 -1.367 
-1.364 -1.358 -1.348 -1.334 -1.316 -1.294 -1.266 -1.234 -1.196 -1.153 
-1.102 -1.045 -0.978 -0.902 -0.814 -0.710 -0.587 -0.437 -0.246 0.015 
0.423 0.939 1.077 1.286 0.926 0.369 -0.004 -0.248 -0.430 -0.574 
-0.692 -0.791 -0.876 -0.948 -1.010 -1.063 -1.109 -1.148 -1.182 -1.210 
-1.232 -1.251 -1.265 -1.276 -1.284 -1.288 -1.291 -1.292 -1.292 -1.290 
-1.260 
-1.047 -1.040 -1.058 -1.079 -1.102 -1.125 -1.147 -1.167 -1.185 -1.200 
-1.212 -1.223 -1.233 -1.243 -1.253 -1.264 -1.277 -1.290 -1.306 -1.325 
-1.346 -1.371 -1.399 -1.428 -1.458 -1.486 -1.514 -1.539 -1.561 -1.580 
-1.596 -1.609 -1.618 -1.624 -1.627 -1.626 -1.621 -1.614 -1.602 -1.587 
-1.569 -1.547 -1.521 -1.490 -1.456 -1.416 -1.372 -1.323 -1.267 -1.205 
-1.135 -1.057 -0.968 -0.867 -0.750 -0.613 -0.449 -0.244 0.030 0.444 
0.946 1.227 1.105 0.950 0.372 0.013 -0.214 -0.379 -0.506 -0.609 
-0.693 -0.762 -0.820 -0.868 -0.907 -0.939 -0.964 -0.983 -0.998 -1.007 
-1.013 -1.016 -1.015 -1.013 -1.010 -1.007 -1.005 -1.005 -1.008 -1.015 
-1.040 
-1.146 -1.127 -1.110 -1.091 -1.069 -1.045 -1.019 -0.993 -0.967 -0.943 
-0.924 -0.911 -0.907 -0.911 -0.924 -0.946 -0.976 -1.010 -1.049 -1.089 
-1.129 -1.168 -1.205 -1.239 -1.270 -1.297 -1.320 -1.339 -1.355 -1.367 
-1.375 -1.381 -1.384 -1.385 -1.385 -1.383 -1.380 -1.376 -1.371 -1.364 
-1.354 -1.343 -1.328 -1.310 -1.288 -1.263 -1.232 -1.197 -1.156 -1.109 
-1.055 -0.994 -0.923 -0.842 -0.747 -0.637 -0.506 -0.346 -0.143 0.131 
0.547 1.104 1.382 1.219 0.714 0.200 -0.090 -0.294 -0.452 -0.579 
-0.684 -0.773 -0.848 -0.913 -0.968 -1.015 -1.054 -1.088 -1.116 -1.138 
-1.155 -1.168 -1.177 -1.183 -1.184 -1.183 -1.179 -1.173 -1.165 -1.154 
-1.154 
-1.544 -1.600 -1.596 -1.589 -1.579 -1.566 -1.550 -1.532 -1.513 -1.495 
-1.479 -1.465 -1.456 -1.450 -1.449 -1.451 -1.455 -1.458 -1.459 -1.457 
-1.451 -1.441 -1.426 -1.406 -1.383 -1.356 -1.326 -1.295 -1.263 -1.231 
-1.200 -1.170 -1.144 -1.120 -1.100 -1.083 -1.070 -1.059 -1.050 -1.042 
-1.033 -1.024 -1.013 -0.999 -0.982 -0.961 -0.934 -0.902 -0.864 -0.818 
-0.764 -0.701 -0.628 -0.543 -0.443 -0.326 -0.188 -0.022 0.183 0.448 
0.766 0.978 1.029 0.730 0.268 0.002 -0.195 -0.356 -0.493 -0.613 
-0.720 -0.817 -0.905 -0.985 -1.059 -1.127 -1.189 -1.247 -1.299 -1.346 
-1.390 -1.428 -1.463 -1.494 -1.521 -1.543 -1.562 -1.577 -1.589 -1.596 
-1.543 
-1.461 -1.477 -1.503 -1.527 -1.549 -1.568 -1.586 -1.601 -1.615 -1.626 
-1.635 -1.642 -1.648 -1.651 -1.653 -1.652 -1.650 -1.646 -1.639 -1.631 
-1.621 -1.609 -1.595 -1.579 -1.562 -1.542 -1.521 -1.498 -1.474 -1.449 
-1.423 -1.396 -1.369 -1.341 -1.313 -1.284 -1.254 -1.222 -1.189 -1.153 
-1.115 -1.074 -1.029 -0.980 -0.927 -0.869 -0.807 -0.739 -0.665 -0.586 
-0.499 -0.405 -0.302 -0.189 -0.065 0.073 0.226 0.396 0.580 0.766 
0.921 0.989 0.877 0.709 0.537 0.374 0.225 0.089 -0.034 -0.147 
-0.252 -0.351 -0.443 -0.530 -0.611 -0.689 -0.762 -0.832 -0.898 -0.960 
-1.019 -1.075 -1.128 -1.177 -1.224 -1.268 -1.309 -1.348 -1.384 -1.417 
-1.449 
-1.373 -1.378 -1.393 -1.406 -1.417 -1.427 -1.435 -1.442 -1.447 -1.451 
-1.454 -1.455 -1.454 -1.453 -1.450 -1.446 -1.441 -1.435 -1.428 -1.420 
-1.410 -1.400 -1.388 -1.375 -1.362 -1.347 -1.331 -1.314 -1.296 -1.277 
-1.257 -1.236 -1.214 -1.190 -1.165 -1.138 -1.110 -1.080 -1.048 -1.015 
-0.979 -0.941 -0.900 -0.857 -0.810 -0.760 -0.706 -0.648 -0.585 -0.517 
-0.441 -0.358 -0.266 -0.162 -0.044 0.091 0.249 0.435 0.648 0.856 
0.977 0.942 0.771 0.551 0.344 0.164 0.009 -0.126 -0.246 -0.353 
-0.449 -0.537 -0.617 -0.691 -0.759 -0.822 -0.881 -0.935 -0.985 -1.032 
-1.075 -1.115 -1.152 -1.187 -1.219 -1.248 -1.275 -1.300 -1.322 -1.343 
-1.368 
-1.461 -1.483 -1.500 -1.515 -1.528 -1.539 -1.548 -1.556 -1.562 -1.566 
-1.568 -1.569 -1.568 -1.566 -1.561 -1.555 -1.548 -1.539 -1.528 -1.515 
-1.501 -1.486 -1.468 -1.449 -1.429 -1.406 -1.383 -1.357 -1.330 -1.301 
-1.270 -1.238 -1.204 -1.169 -1.132 -1.093 -1.053 -1.011 -0.967 -0.922 
-0.875 -0.826 -0.775 -0.721 -0.665 -0.606 -0.544 -0.478 -0.408 -0.332 
-0.250 -0.160 -0.061 0.051 0.177 0.324 0.495 0.691 0.894 1.039 
1.048 0.905 0.680 0.456 0.258 0.088 -0.061 -0.192 -0.309 -0.415 
-0.511 -0.599 -0.680 -0.755 -0.824 -0.889 -0.949 -1.005 -1.058 -1.107 
-1.152 -1.195 -1.235 -1.272 -1.306 -1.338 -1.368 -1.395 -1.420 -1.443 
-1.454 
-1.499 -1.511 -1.523 -1.533 -1.541 -1.547 -1.551 -1.553 -1.553 -1.551 
-1.548 -1.542 -1.535 -1.525 -1.514 -1.501 -1.487 -1.470 -1.452 -1.431 
-1.409 -1.386 -1.360 -1.333 -1.304 -1.274 -1.242 -1.208 -1.173 -1.137 
-1.100 -1.061 -1.022 -0.982 -0.941 -0.900 -0.858 -0.817 -0.776 -0.735 
-0.693 -0.652 -0.611 -0.570 -0.527 -0.484 -0.438 -0.390 -0.338 -0.281 
-0.218 -0.147 -0.067 0.026 0.134 0.262 0.414 0.593 0.782 0.930 
0.967 0.910 0.713 0.450 0.223 0.035 -0.125 -0.264 -0.386 -0.495 
-0.593 -0.682 -0.763 -0.838 -0.907 -0.970 -1.028 -1.083 -1.133 -1.179 
-1.222 -1.262 -1.298 -1.332 -1.363 -1.391 -1.417 -1.440 -1.461 -1.480 
-1.494 
-1.533 -1.540 -1.554 -1.565 -1.574 -1.581 -1.585 -1.588 -1.589 -1.587 
-1.584 -1.578 -1.571 -1.561 -1.550 -1.536 -1.521 -1.503 -1.484 -1.462 
-1.439 -1.413 -1.386 -1.356 -1.324 -1.291 -1.255 -1.217 -1.177 -1.136 
-1.093 -1.048 -1.001 -0.953 -0.903 -0.852 -0.800 -0.748 -0.694 -0.640 
-0.587 -0.535 -0.485 -0.440 -0.399 -0.364 -0.332 -0.303 -0.272 -0.238 
-0.200 -0.154 -0.100 -0.034 0.045 0.141 0.260 0.409 0.595 0.821 
1.055 1.196 1.091 0.817 0.516 0.264 0.056 -0.118 -0.268 -0.398 
-0.514 -0.618 -0.712 -0.797 -0.874 -0.945 -1.011 -1.071 -1.127 -1.178 
-1.225 -1.269 -1.309 -1.345 -1.379 -1.410 -1.438 -1.464 -1.486 -1.507 
-1.527 
-1.639 -1.660 -1.674 -1.685 -1.694 -1.701 -1.705 -1.708 -1.707 -1.705 
-1.700 -1.694 -1.684 -1.673 -1.659 -1.643 -1.625 -1.604 -1.580 -1.555 
-1.526 -1.496 -1.462 -1.426 -1.388 -1.347 -1.303 -1.256 -1.207 -1.155 
-1.101 -1.044 -0.984 -0.922 -0.856 -0.786 -0.713 -0.636 -0.556 -0.474 
-0.393 -0.315 -0.245 -0.186 -0.143 -0.114 -0.099 -0.094 -0.093 -0.093 
-0.089 -0.079 -0.060 -0.031 0.012 0.071 0.148 0.249 0.381 0.552 
0.767 0.950 0.881 0.702 0.484 0.258 0.049 -0.134 -0.294 -0.435 
-0.560 -0.673 -0.774 -0.866 -0.949 -1.026 -1.096 -1.161 -1.221 -1.275 
-1.326 -1.372 -1.415 -1.454 -1.490 -1.523 -1.552 -1.579 -1.603 -1.625 
-1.633 
-1.620 -1.635 -1.641 -1.645 -1.646 -1.645 -1.642 -1.636 -1.627 -1.617 
-1.604 -1.589 -1.571 -1.551 -1.528 -1.503 -1.476 -1.446 -1.413 -1.378 
-1.341 -1.302 -1.260 -1.216 -1.170 -1.123 -1.075 -1.026 -0.978 -0.931 
-0.886 -0.844 -0.805 -0.772 -0.743 -0.718 -0.697 -0.678 -0.660 -0.641 
-0.620 -0.597 -0.573 -0.550 -0.530 -0.514 -0.501 -0.489 -0.476 -0.458 
-0.434 -0.401 -0.358 -0.303 -0.232 -0.143 -0.030 0.116 0.308 0.570 
0.866 1.032 0.877 0.573 0.275 0.030 -0.172 -0.342 -0.487 -0.614 
-0.726 -0.825 -0.915 -0.995 -1.068 -1.135 -1.195 -1.251 -1.301 -1.347 
-1.389 -1.427 -1.461 -1.492 -1.520 -1.545 -1.567 -1.586 -1.602 -1.616 
-1.617 
-1.446 -1.457 -1.461 -1.463 -1.462 -1.459 -1.454 -1.447 -1.437 -1.425 
-1.410 -1.394 -1.375 -1.353 -1.330 -1.303 -1.275 -1.243 -1.209 -1.173 
-1.134 -1.092 -1.048 -1.002 -0.954 -0.904 -0.853 -0.801 -0.751 -0.703 
-0.659 -0.620 -0.588 -0.564 -0.548 -0.539 -0.537 -0.540 -0.547 -0.555 
-0.564 -0.572 -0.578 -0.581 -0.580 -0.575 -0.565 -0.550 -0.528 -0.500 
-0.465 -0.421 -0.368 -0.304 -0.228 -0.136 -0.026 0.107 0.268 0.456 
0.660 0.800 0.705 0.510 0.290 0.082 -0.099 -0.255 -0.390 -0.509 
-0.614 -0.708 -0.792 -0.868 -0.937 -1.000 -1.056 -1.108 -1.155 -1.198 
-1.237 -1.272 -1.303 -1.332 -1.357 -1.379 -1.399 -1.415 -1.430 -1.441 
-1.444 
-1.311 -1.301 -1.307 -1.310 -1.311 -1.311 -1.309 -1.306 -1.301 -1.294 
-1.286 -1.277 -1.266 -1.254 -1.242 -1.228 -1.213 -1.197 -1.180 -1.163 
-1.145 -1.126 -1.107 -1.087 -1.066 -1.045 -1.023 -1.001 -0.979 -0.957 
-0.935 -0.915 -0.897 -0.881 -0.867 -0.856 -0.846 -0.838 -0.829 -0.819 
-0.808 -0.795 -0.779 -0.760 -0.738 -0.711 -0.681 -0.646 -0.605 -0.559 
-0.506 -0.446 -0.377 -0.298 -0.208 -0.102 0.021 0.165 0.333 0.520 
0.664 0.666 0.579 0.426 0.249 0.079 -0.075 -0.210 -0.330 -0.436 
-0.530 -0.615 -0.691 -0.760 -0.823 -0.880 -0.931 -0.978 -1.021 -1.060 
-1.096 -1.128 -1.157 -1.183 -1.206 -1.226 -1.245 -1.260 -1.274 -1.285 
-1.308 
-1.395 -1.413 -1.416 -1.417 -1.415 -1.412 -1.408 -1.401 -1.393 -1.383 
-1.372 -1.360 -1.347 -1.332 -1.317 -1.301 -1.284 -1.266 -1.249 -1.231 
-1.214 -1.197 -1.180 -1.163 -1.147 -1.132 -1.117 -1.102 -1.088 -1.075 
-1.061 -1.047 -1.033 -1.018 -1.003 -0.987 -0.970 -0.953 -0.935 -0.915 
-0.895 -0.873 -0.849 -0.824 -0.796 -0.766 -0.732 -0.694 -0.651 -0.602 
-0.546 -0.482 -0.407 -0.320 -0.218 -0.094 0.059 0.251 0.496 0.747 
0.873 0.760 0.534 0.305 0.103 -0.073 -0.226 -0.361 -0.479 -0.583 
-0.676 -0.759 -0.834 -0.902 -0.963 -1.019 -1.069 -1.115 -1.157 -1.194 
-1.228 -1.259 -1.286 -1.311 -1.332 -1.351 -1.367 -1.381 -1.393 -1.402 
-1.394 
-1.405 -1.402 -1.413 -1.421 -1.428 -1.432 -1.434 -1.434 -1.432 -1.428 
-1.422 -1.414 -1.404 -1.393 -1.379 -1.364 -1.347 -1.328 -1.308 -1.286 
-1.262 -1.237 -1.211 -1.182 -1.153 -1.122 -1.089 -1.056 -1.021 -0.985 
-0.948 -0.911 -0.873 -0.835 -0.797 -0.759 -0.722 -0.686 -0.651 -0.618 
-0.586 -0.555 -0.525 -0.497 -0.469 -0.442 -0.414 -0.385 -0.353 -0.319 
-0.281 -0.238 -0.187 -0.129 -0.062 0.018 0.112 0.224 0.357 0.514 
0.639 0.643 0.601 0.521 0.405 0.260 0.103 -0.048 -0.187 -0.312 
-0.424 -0.525 -0.616 -0.699 -0.775 -0.844 -0.907 -0.966 -1.019 -1.068 
-1.113 -1.155 -1.192 -1.227 -1.258 -1.287 -1.313 -1.335 -1.356 -1.374 
-1.399 
-1.549 -1.580 -1.600 -1.616 -1.631 -1.642 -1.652 -1.659 -1.664 -1.666 
-1.667 -1.665 -1.661 -1.655 -1.646 -1.636 -1.623 -1.608 -1.591 -1.572 
-1.550 -1.526 -1.500 -1.472 -1.441 -1.409 -1.374 -1.337 -1.297 -1.256 
-1.212 -1.166 -1.119 -1.070 -1.019 -0.967 -0.914 -0.860 -0.806 -0.753 
-0.700 -0.650 -0.601 -0.556 -0.514 -0.474 -0.437 -0.401 -0.366 -0.331 
-0.297 -0.265 -0.236 -0.208 -0.176 -0.136 -0.086 -0.022 0.056 0.151 
0.256 0.361 0.451 0.510 0.507 0.423 0.278 0.113 -0.041 -0.175 
-0.293 -0.400 -0.502 -0.602 -0.699 -0.791 -0.877 -0.957 -1.031 -1.099 
-1.162 -1.219 -1.272 -1.320 -1.364 -1.405 -1.442 -1.476 -1.506 -1.534 
-1.542 
-1.632 -1.648 -1.681 -1.711 -1.738 -1.763 -1.784 -1.803 -1.820 -1.833 
-1.845 -1.854 -1.860 -1.865 -1.867 -1.866 -1.863 -1.858 -1.851 -1.841 
-1.828 -1.814 -1.796 -1.777 -1.754 -1.730 -1.702 -1.672 -1.638 -1.602 
-1.563 -1.521 -1.476 -1.427 -1.375 -1.319 -1.260 -1.197 -1.131 -1.060 
-0.986 -0.908 -0.825 -0.739 -0.650 -0.560 -0.471 -0.384 -0.303 -0.230 
-0.170 -0.129 -0.110 -0.112 -0.128 -0.150 -0.171 -0.184 -0.187 -0.175 
-0.147 -0.099 -0.036 0.027 0.059 0.041 -0.004 -0.046 -0.074 -0.097 
-0.127 -0.175 -0.246 -0.336 -0.438 -0.545 -0.652 -0.755 -0.853 -0.945 
-1.031 -1.111 -1.186 -1.255 -1.318 -1.378 -1.432 -1.483 -1.530 -1.573 
-1.617 
-1.812 -1.866 -1.893 -1.918 -1.940 -1.959 -1.976 -1.990 -2.002 -2.011 
-2.018 -2.023 -2.025 -2.025 -2.023 -2.018 -2.011 -2.001 -1.989 -1.975 
-1.958 -1.938 -1.916 -1.892 -1.864 -1.834 -1.800 -1.764 -1.724 -1.681 
-1.634 -1.583 -1.529 -1.470 -1.406 -1.338 -1.264 -1.185 -1.100 -1.009 
-0.912 -0.810 -0.704 -0.597 -0.494 -0.401 -0.325 -0.271 -0.240 -0.228 
-0.229 -0.237 -0.252 -0.269 -0.285 -0.296 -0.299 -0.292 -0.273 -0.239 
-0.191 -0.127 -0.051 0.029 0.095 0.118 0.081 -0.005 -0.111 -0.218 
-0.323 -0.430 -0.542 -0.656 -0.769 -0.878 -0.982 -1.078 -1.168 -1.251 
-1.328 -1.399 -1.465 -1.526 -1.582 -1.633 -1.681 -1.725 -1.765 -1.802 
-1.805 
-1.773 -1.787 -1.819 -1.848 -1.875 -1.898 -1.919 -1.938 -1.954 -1.968 
-1.979 -1.988 -1.994 -1.998 -2.000 -2.000 -1.997 -1.992 -1.984 -1.975 
-1.963 -1.948 -1.931 -1.912 -1.890 -1.865 -1.838 -1.808 -1.775 -1.739 
-1.700 -1.657 -1.612 -1.562 -1.509 -1.452 -1.390 -1.324 -1.253 -1.178 
-1.097 -1.012 -0.922 -0.829 -0.735 -0.644 -0.559 -0.485 -0.424 -0.378 
-0.348 -0.333 -0.330 -0.336 -0.348 -0.361 -0.371 -0.376 -0.374 -0.363 
-0.342 -0.310 -0.266 -0.213 -0.157 -0.109 -0.076 -0.056 -0.047 -0.062 
-0.112 -0.197 -0.308 -0.432 -0.559 -0.681 -0.797 -0.905 -1.005 -1.098 
-1.183 -1.262 -1.335 -1.403 -1.465 -1.523 -1.576 -1.625 -1.671 -1.713 
-1.758 
-1.846 -1.884 -1.918 -1.950 -1.978 -2.004 -2.027 -2.048 -2.066 -2.082 
-2.095 -2.107 -2.115 -2.122 -2.126 -2.128 -2.128 -2.125 -2.120 -2.113 
-2.104 -2.093 -2.079 -2.063 -2.044 -2.023 -1.999 -1.973 -1.944 -1.913 
-1.879 -1.842 -1.801 -1.758 -1.711 -1.661 -1.607 -1.550 -1.488 -1.423 
-1.353 -1.279 -1.201 -1.119 -1.034 -0.946 -0.858 -0.772 -0.691 -0.619 
-0.561 -0.519 -0.493 -0.481 -0.481 -0.487 -0.497 -0.505 -0.511 -0.511 
-0.505 -0.492 -0.471 -0.442 -0.404 -0.358 -0.307 -0.257 -0.217 -0.201 
-0.220 -0.279 -0.372 -0.486 -0.610 -0.733 -0.852 -0.963 -1.067 -1.163 
-1.252 -1.334 -1.410 -1.480 -1.545 -1.605 -1.661 -1.713 -1.761 -1.805 
-1.833 
-1.912 -1.931 -1.959 -1.986 -2.010 -2.031 -2.051 -2.068 -2.083 -2.095 
-2.106 -2.115 -2.121 -2.125 -2.128 -2.128 -2.126 -2.122 -2.116 -2.108 
-2.098 -2.086 -2.072 -2.055 -2.037 -2.016 -1.993 -1.967 -1.940 -1.909 
-1.877 -1.841 -1.804 -1.763 -1.720 -1.674 -1.625 -1.573 -1.518 -1.460 
-1.399 -1.336 -1.269 -1.201 -1.130 -1.057 -0.985 -0.913 -0.844 -0.779 
-0.722 -0.674 -0.636 -0.609 -0.590 -0.578 -0.571 -0.566 -0.563 -0.560 
-0.557 -0.555 -0.553 -0.551 -0.552 -0.555 -0.562 -0.572 -0.588 -0.613 
-0.654 -0.714 -0.791 -0.877 -0.965 -1.052 -1.135 -1.214 -1.289 -1.359 
-1.426 -1.488 -1.547 -1.602 -1.654 -1.702 -1.747 -1.789 -1.829 -1.865 
-1.901 
-2.048 -2.085 -2.114 -2.141 -2.164 -2.186 -2.205 -2.222 -2.236 -2.249 
-2.259 -2.267 -2.273 -2.277 -2.278 -2.278 -2.275 -2.270 -2.264 -2.255 
-2.243 -2.230 -2.214 -2.196 -2.176 -2.154 -2.128 -2.101 -2.071 -2.038 
-2.003 -1.964 -1.923 -1.879 -1.831 -1.781 -1.726 -1.668 -1.607 -1.541 
-1.471 -1.397 -1.319 -1.236 -1.150 -1.060 -0.968 -0.874 -0.783 -0.698 
-0.624 -0.570 -0.537 -0.522 -0.520 -0.526 -0.535 -0.544 -0.553 -0.559 
-0.563 -0.564 -0.565 -0.566 -0.570 -0.578 -0.594 -0.617 -0.650 -0.696 
-0.756 -0.830 -0.915 -1.006 -1.097 -1.186 -1.272 -1.353 -1.430 -1.503 
-1.571 -1.635 -1.695 -1.752 -1.805 -1.854 -1.900 -1.943 -1.983 -2.020 
-2.038 
-2.083 -2.111 -2.145 -2.176 -2.204 -2.229 -2.252 -2.272 -2.290 -2.305 
-2.318 -2.329 -2.337 -2.343 -2.346 -2.348 -2.347 -2.344 -2.338 -2.330 
-2.320 -2.308 -2.293 -2.276 -2.256 -2.234 -2.209 -2.181 -2.151 -2.118 
-2.081 -2.042 -1.999 -1.953 -1.903 -1.849 -1.791 -1.728 -1.660 -1.587 
-1.509 -1.424 -1.332 -1.233 -1.127 -1.013 -0.892 -0.765 -0.640 -0.523 
-0.429 -0.369 -0.349 -0.364 -0.400 -0.445 -0.489 -0.527 -0.557 -0.576 
-0.586 -0.585 -0.574 -0.555 -0.527 -0.494 -0.460 -0.431 -0.417 -0.428 
-0.470 -0.543 -0.641 -0.755 -0.874 -0.992 -1.106 -1.213 -1.313 -1.405 
-1.492 -1.572 -1.646 -1.715 -1.779 -1.838 -1.893 -1.944 -1.991 -2.034 
-2.070 
-2.061 -2.103 -2.138 -2.170 -2.199 -2.225 -2.249 -2.270 -2.288 -2.304 
-2.318 -2.329 -2.338 -2.345 -2.349 -2.351 -2.351 -2.349 -2.344 -2.337 
-2.328 -2.316 -2.302 -2.286 -2.267 -2.246 -2.222 -2.195 -2.166 -2.133 
-2.098 -2.060 -2.018 -1.973 -1.925 -1.872 -1.816 -1.755 -1.689 -1.618 
-1.542 -1.460 -1.371 -1.276 -1.173 -1.062 -0.945 -0.821 -0.694 -0.571 
-0.460 -0.373 -0.318 -0.300 -0.311 -0.342 -0.380 -0.417 -0.446 -0.466 
-0.474 -0.471 -0.456 -0.431 -0.399 -0.364 -0.334 -0.321 -0.336 -0.383 
-0.460 -0.559 -0.669 -0.782 -0.893 -1.001 -1.106 -1.206 -1.301 -1.392 
-1.476 -1.556 -1.630 -1.700 -1.764 -1.824 -1.880 -1.932 -1.980 -2.024 
-2.050 
-1.976 -1.995 -2.037 -2.075 -2.110 -2.142 -2.171 -2.198 -2.222 -2.243 
-2.262 -2.278 -2.292 -2.304 -2.313 -2.320 -2.324 -2.327 -2.326 -2.324 
-2.319 -2.312 -2.303 -2.291 -2.277 -2.260 -2.241 -2.219 -2.195 -2.168 
-2.138 -2.104 -2.068 -2.029 -1.986 -1.939 -1.889 -1.834 -1.775 -1.711 
-1.642 -1.567 -1.486 -1.398 -1.302 -1.198 -1.086 -0.965 -0.837 -0.703 
-0.570 -0.451 -0.365 -0.328 -0.339 -0.382 -0.442 -0.506 -0.564 -0.614 
-0.653 -0.681 -0.697 -0.703 -0.700 -0.689 -0.675 -0.664 -0.660 -0.666 
-0.680 -0.699 -0.725 -0.761 -0.810 -0.873 -0.948 -1.030 -1.117 -1.205 
-1.292 -1.376 -1.456 -1.533 -1.605 -1.672 -1.736 -1.795 -1.851 -1.903 
-1.958 
-2.123 -2.163 -2.203 -2.240 -2.274 -2.306 -2.335 -2.361 -2.384 -2.405 
-2.424 -2.440 -2.454 -2.465 -2.474 -2.481 -2.485 -2.487 -2.487 -2.484 
-2.479 -2.472 -2.462 -2.450 -2.436 -2.419 -2.399 -2.377 -2.352 -2.324 
-2.293 -2.259 -2.222 -2.182 -2.137 -2.089 -2.036 -1.979 -1.917 -1.850 
-1.776 -1.696 -1.608 -1.511 -1.404 -1.286 -1.156 -1.013 -0.861 -0.709 
-0.566 -0.445 -0.373 -0.372 -0.435 -0.531 -0.634 -0.728 -0.809 -0.876 
-0.931 -0.972 -1.003 -1.024 -1.035 -1.037 -1.030 -1.015 -0.991 -0.961 
-0.929 -0.915 -0.937 -0.991 -1.058 -1.128 -1.201 -1.276 -1.353 -1.430 
-1.506 -1.581 -1.654 -1.724 -1.791 -1.854 -1.914 -1.970 -2.023 -2.073 
-2.108 
-2.310 -2.363 -2.402 -2.438 -2.471 -2.501 -2.528 -2.552 -2.573 -2.592 
-2.608 -2.621 -2.632 -2.641 -2.647 -2.651 -2.652 -2.651 -2.648 -2.642 
-2.634 -2.623 -2.610 -2.594 -2.575 -2.554 -2.530 -2.503 -2.473 -2.440 
-2.404 -2.364 -2.321 -2.273 -2.221 -2.165 -2.104 -2.037 -1.964 -1.884 
-1.796 -1.700 -1.594 -1.477 -1.347 -1.203 -1.048 -0.888 -0.742 -0.636 
-0.589 -0.591 -0.619 -0.665 -0.726 -0.794 -0.865 -0.931 -0.987 -1.030 
-1.059 -1.074 -1.076 -1.063 -1.037 -0.995 -0.937 -0.863 -0.774 -0.677 
-0.594 -0.556 -0.593 -0.700 -0.848 -1.004 -1.155 -1.293 -1.419 -1.534 
-1.638 -1.734 -1.822 -1.903 -1.977 -2.046 -2.110 -2.169 -2.223 -2.274 
-2.298 
-2.285 -2.318 -2.360 -2.399 -2.435 -2.468 -2.498 -2.525 -2.550 -2.572 
-2.591 -2.607 -2.621 -2.633 -2.642 -2.649 -2.654 -2.656 -2.656 -2.654 
-2.649 -2.642 -2.633 -2.621 -2.607 -2.590 -2.570 -2.548 -2.524 -2.496 
-2.466 -2.433 -2.396 -2.356 -2.313 -2.265 -2.214 -2.158 -2.098 -2.032 
-1.961 -1.884 -1.799 -1.707 -1.606 -1.495 -1.374 -1.244 -1.111 -0.989 
-0.889 -0.798 -0.706 -0.622 -0.571 -0.567 -0.605 -0.666 -0.732 -0.792 
-0.840 -0.875 -0.896 -0.904 -0.899 -0.881 -0.850 -0.808 -0.757 -0.701 
-0.651 -0.626 -0.644 -0.710 -0.811 -0.933 -1.064 -1.194 -1.318 -1.435 
-1.544 -1.645 -1.738 -1.824 -1.904 -1.978 -2.046 -2.109 -2.167 -2.221 
-2.268 
-2.251 -2.290 -2.329 -2.365 -2.398 -2.428 -2.455 -2.479 -2.501 -2.520 
-2.537 -2.551 -2.562 -2.572 -2.579 -2.583 -2.585 -2.585 -2.583 -2.578 
-2.571 -2.561 -2.550 -2.535 -2.518 -2.499 -2.477 -2.452 -2.425 -2.394 
-2.361 -2.325 -2.285 -2.242 -2.195 -2.144 -2.089 -2.030 -1.966 -1.898 
-1.824 -1.745 -1.661 -1.572 -1.478 -1.383 -1.287 -1.194 -1.108 -1.031 
-0.966 -0.916 -0.881 -0.862 -0.860 -0.880 -0.918 -0.963 -1.005 -1.041 
-1.067 -1.084 -1.092 -1.091 -1.083 -1.066 -1.044 -1.016 -0.986 -0.957 
-0.935 -0.926 -0.937 -0.974 -1.034 -1.113 -1.205 -1.304 -1.403 -1.500 
-1.593 -1.681 -1.763 -1.840 -1.911 -1.978 -2.040 -2.098 -2.152 -2.201 
-2.237 
-2.211 -2.242 -2.283 -2.322 -2.356 -2.388 -2.416 -2.442 -2.464 -2.484 
-2.501 -2.515 -2.527 -2.536 -2.543 -2.547 -2.548 -2.548 -2.544 -2.538 
-2.530 -2.519 -2.506 -2.489 -2.471 -2.449 -2.424 -2.397 -2.366 -2.333 
-2.296 -2.255 -2.211 -2.163 -2.110 -2.054 -1.992 -1.926 -1.854 -1.777 
-1.694 -1.607 -1.514 -1.420 -1.325 -1.237 -1.160 -1.102 -1.067 -1.053 
-1.057 -1.072 -1.095 -1.122 -1.152 -1.184 -1.217 -1.247 -1.273 -1.293 
-1.307 -1.314 -1.313 -1.304 -1.287 -1.263 -1.231 -1.191 -1.145 -1.093 
-1.040 -0.988 -0.947 -0.925 -0.934 -0.977 -1.051 -1.147 -1.252 -1.360 
-1.466 -1.566 -1.659 -1.746 -1.827 -1.902 -1.970 -2.034 -2.093 -2.146 
-2.194 
-2.283 -2.316 -2.362 -2.405 -2.444 -2.481 -2.514 -2.544 -2.571 -2.595 
-2.616 -2.635 -2.651 -2.665 -2.676 -2.685 -2.692 -2.696 -2.697 -2.696 
-2.693 -2.688 -2.680 -2.669 -2.656 -2.641 -2.622 -2.602 -2.578 -2.552 
-2.522 -2.490 -2.454 -2.415 -2.372 -2.326 -2.275 -2.220 -2.161 -2.096 
-2.027 -1.951 -1.870 -1.784 -1.693 -1.599 -1.502 -1.404 -1.304 -1.208 
-1.137 -1.104 -1.087 -1.071 -1.064 -1.071 -1.090 -1.119 -1.151 -1.182 
-1.210 -1.231 -1.246 -1.252 -1.250 -1.240 -1.222 -1.195 -1.160 -1.119 
-1.073 -1.028 -0.989 -0.966 -0.969 -1.006 -1.075 -1.167 -1.271 -1.380 
-1.487 -1.590 -1.688 -1.780 -1.866 -1.945 -2.019 -2.088 -2.152 -2.211 
-2.263 
-2.433 -2.513 -2.561 -2.605 -2.645 -2.682 -2.716 -2.747 -2.774 -2.799 
-2.821 -2.840 -2.856 -2.870 -2.881 -2.889 -2.895 -2.899 -2.900 -2.899 
-2.895 -2.888 -2.879 -2.868 -2.854 -2.837 -2.818 -2.795 -2.770 -2.741 
-2.710 -2.675 -2.636 -2.594 -2.548 -2.497 -2.441 -2.381 -2.314 -2.241 
-2.161 -2.072 -1.973 -1.863 -1.739 -1.599 -1.440 -1.263 -1.080 -0.925 
-0.846 -0.860 -0.929 -1.016 -1.108 -1.198 -1.278 -1.349 -1.408 -1.456 
-1.494 -1.521 -1.538 -1.545 -1.543 -1.530 -1.507 -1.473 -1.429 -1.374 
-1.308 -1.235 -1.161 -1.101 -1.076 -1.101 -1.176 -1.284 -1.406 -1.528 
-1.645 -1.756 -1.859 -1.955 -2.045 -2.128 -2.205 -2.277 -2.343 -2.404 
-2.421 
-2.291 -2.312 -2.364 -2.412 -2.456 -2.497 -2.534 -2.568 -2.600 -2.628 
-2.653 -2.676 -2.696 -2.713 -2.727 -2.740 -2.749 -2.756 -2.761 -2.763 
-2.763 -2.760 -2.755 -2.747 -2.737 -2.724 -2.708 -2.690 -2.669 -2.645 
-2.619 -2.589 -2.556 -2.519 -2.479 -2.435 -2.386 -2.334 -2.276 -2.213 
-2.145 -2.069 -1.987 -1.895 -1.794 -1.682 -1.557 -1.417 -1.264 -1.107 
-0.970 -0.866 -0.801 -0.793 -0.844 -0.935 -1.038 -1.137 -1.225 -1.300 
-1.361 -1.411 -1.450 -1.478 -1.497 -1.506 -1.508 -1.500 -1.485 -1.462 
-1.432 -1.395 -1.354 -1.315 -1.288 -1.281 -1.297 -1.331 -1.379 -1.440 
-1.511 -1.589 -1.671 -1.755 -1.837 -1.917 -1.993 -2.065 -2.133 -2.197 
-2.267 
-2.419 -2.471 -2.523 -2.570 -2.614 -2.654 -2.690 -2.724 -2.755 -2.782 
-2.807 -2.829 -2.848 -2.865 -2.879 -2.891 -2.900 -2.907 -2.911 -2.913 
-2.913 -2.910 -2.905 -2.897 -2.887 -2.874 -2.859 -2.841 -2.821 -2.797 
-2.771 -2.742 -2.710 -2.675 -2.636 -2.593 -2.547 -2.497 -2.442 -2.383 
-2.318 -2.248 -2.172 -2.089 -1.998 -1.899 -1.790 -1.672 -1.543 -1.406 
-1.265 -1.133 -1.031 -0.982 -0.990 -1.040 -1.114 -1.193 -1.269 -1.335 
-1.391 -1.437 -1.471 -1.496 -1.511 -1.518 -1.516 -1.506 -1.490 -1.467 
-1.440 -1.410 -1.379 -1.351 -1.331 -1.326 -1.342 -1.381 -1.443 -1.523 
-1.614 -1.709 -1.804 -1.897 -1.986 -2.070 -2.150 -2.224 -2.292 -2.357 
-2.400 
-2.593 -2.637 -2.681 -2.721 -2.759 -2.793 -2.825 -2.853 -2.879 -2.902 
-2.922 -2.940 -2.955 -2.968 -2.979 -2.987 -2.993 -2.997 -2.998 -2.997 
-2.994 -2.988 -2.980 -2.970 -2.957 -2.942 -2.924 -2.904 -2.881 -2.856 
-2.827 -2.796 -2.762 -2.724 -2.684 -2.639 -2.591 -2.539 -2.482 -2.420 
-2.354 -2.281 -2.202 -2.115 -2.019 -1.911 -1.790 -1.652 -1.505 -1.389 
-1.328 -1.273 -1.208 -1.155 -1.130 -1.136 -1.164 -1.206 -1.252 -1.297 
-1.336 -1.368 -1.392 -1.407 -1.415 -1.416 -1.411 -1.402 -1.391 -1.380 
-1.374 -1.376 -1.387 -1.407 -1.435 -1.466 -1.504 -1.558 -1.640 -1.740 
-1.844 -1.945 -2.040 -2.128 -2.210 -2.286 -2.356 -2.421 -2.481 -2.537 
-2.578 
-2.720 -2.764 -2.815 -2.861 -2.904 -2.942 -2.977 -3.008 -3.036 -3.060 
-3.082 -3.101 -3.117 -3.130 -3.140 -3.148 -3.153 -3.156 -3.156 -3.154 
-3.148 -3.141 -3.130 -3.117 -3.101 -3.082 -3.061 -3.036 -3.008 -2.977 
-2.942 -2.904 -2.862 -2.816 -2.765 -2.709 -2.647 -2.580 -2.506 -2.423 
-2.332 -2.231 -2.116 -1.987 -1.840 -1.671 -1.481 -1.279 -1.106 -1.026 
-1.077 -1.207 -1.342 -1.447 -1.524 -1.587 -1.644 -1.697 -1.745 -1.785 
-1.816 -1.839 -1.852 -1.856 -1.851 -1.836 -1.812 -1.779 -1.736 -1.687 
-1.635 -1.588 -1.552 -1.519 -1.473 -1.413 -1.364 -1.365 -1.436 -1.561 
-1.710 -1.858 -1.997 -2.121 -2.233 -2.334 -2.424 -2.506 -2.580 -2.647 
-2.699 
-2.823 -2.871 -2.911 -2.948 -2.981 -3.011 -3.037 -3.061 -3.082 -3.100 
-3.115 -3.127 -3.137 -3.144 -3.149 -3.151 -3.150 -3.147 -3.141 -3.133 
-3.123 -3.109 -3.093 -3.074 -3.053 -3.028 -3.000 -2.970 -2.935 -2.898 
-2.856 -2.811 -2.762 -2.708 -2.649 -2.585 -2.514 -2.438 -2.353 -2.261 
-2.160 -2.048 -1.924 -1.789 -1.641 -1.484 -1.329 -1.195 -1.110 -1.100 
-1.173 -1.288 -1.406 -1.509 -1.596 -1.667 -1.723 -1.766 -1.796 -1.815 
-1.823 -1.820 -1.806 -1.782 -1.746 -1.698 -1.638 -1.566 -1.485 -1.399 
-1.324 -1.280 -1.286 -1.343 -1.432 -1.526 -1.611 -1.697 -1.804 -1.928 
-2.052 -2.168 -2.273 -2.368 -2.454 -2.532 -2.602 -2.666 -2.724 -2.778 
-2.810 
-2.791 -2.827 -2.867 -2.904 -2.938 -2.968 -2.995 -3.019 -3.041 -3.059 
-3.075 -3.088 -3.098 -3.106 -3.111 -3.113 -3.113 -3.111 -3.106 -3.098 
-3.087 -3.074 -3.059 -3.040 -3.019 -2.995 -2.967 -2.937 -2.903 -2.865 
-2.824 -2.779 -2.730 -2.676 -2.617 -2.553 -2.483 -2.407 -2.324 -2.233 
-2.136 -2.030 -1.918 -1.803 -1.690 -1.589 -1.508 -1.456 -1.442 -1.470 
-1.529 -1.596 -1.662 -1.721 -1.775 -1.822 -1.863 -1.896 -1.921 -1.939 
-1.949 -1.950 -1.943 -1.929 -1.905 -1.873 -1.832 -1.782 -1.725 -1.661 
-1.597 -1.545 -1.516 -1.515 -1.540 -1.590 -1.664 -1.756 -1.858 -1.963 
-2.066 -2.164 -2.256 -2.341 -2.421 -2.494 -2.561 -2.624 -2.681 -2.734 
-2.775 
-2.725 -2.764 -2.807 -2.847 -2.883 -2.916 -2.946 -2.973 -2.997 -3.019 
-3.037 -3.053 -3.067 -3.078 -3.087 -3.093 -3.096 -3.098 -3.097 -3.093 
-3.087 -3.079 -3.068 -3.055 -3.039 -3.020 -2.999 -2.975 -2.948 -2.918 
-2.885 -2.849 -2.809 -2.766 -2.719 -2.668 -2.613 -2.553 -2.487 -2.417 
-2.340 -2.258 -2.169 -2.076 -1.978 -1.881 -1.788 -1.702 -1.622 -1.554 
-1.508 -1.493 -1.501 -1.524 -1.556 -1.593 -1.631 -1.667 -1.698 -1.724 
-1.742 -1.754 -1.758 -1.754 -1.743 -1.725 -1.700 -1.669 -1.634 -1.597 
-1.563 -1.535 -1.522 -1.527 -1.555 -1.604 -1.670 -1.747 -1.830 -1.916 
-2.005 -2.094 -2.181 -2.265 -2.344 -2.418 -2.487 -2.551 -2.611 -2.666 
-2.709 
-2.716 -2.746 -2.798 -2.846 -2.890 -2.930 -2.967 -3.000 -3.029 -3.056 
-3.079 -3.100 -3.118 -3.133 -3.145 -3.155 -3.162 -3.166 -3.168 -3.167 
-3.164 -3.158 -3.150 -3.139 -3.125 -3.108 -3.089 -3.066 -3.041 -3.012 
-2.981 -2.945 -2.906 -2.864 -2.817 -2.765 -2.709 -2.648 -2.581 -2.507 
-2.427 -2.338 -2.240 -2.132 -2.012 -1.878 -1.733 -1.578 -1.428 -1.310 
-1.259 -1.287 -1.370 -1.473 -1.574 -1.664 -1.741 -1.806 -1.858 -1.899 
-1.930 -1.950 -1.961 -1.961 -1.952 -1.932 -1.900 -1.858 -1.805 -1.747 
-1.699 -1.679 -1.692 -1.717 -1.736 -1.745 -1.749 -1.758 -1.782 -1.826 
-1.890 -1.970 -2.059 -2.151 -2.242 -2.329 -2.412 -2.489 -2.561 -2.628 
-2.692 
-2.905 -2.966 -3.008 -3.046 -3.080 -3.112 -3.140 -3.165 -3.187 -3.207 
-3.224 -3.238 -3.249 -3.259 -3.265 -3.269 -3.271 -3.270 -3.267 -3.261 
-3.253 -3.242 -3.229 -3.213 -3.195 -3.173 -3.149 -3.122 -3.092 -3.059 
-3.023 -2.983 -2.939 -2.891 -2.839 -2.782 -2.720 -2.653 -2.580 -2.499 
-2.411 -2.314 -2.207 -2.088 -1.956 -1.808 -1.644 -1.468 -1.294 -1.155 
-1.092 -1.116 -1.200 -1.303 -1.404 -1.493 -1.568 -1.628 -1.674 -1.706 
-1.725 -1.731 -1.723 -1.702 -1.668 -1.619 -1.555 -1.476 -1.388 -1.304 
-1.249 -1.251 -1.322 -1.443 -1.583 -1.718 -1.838 -1.943 -2.037 -2.127 
-2.216 -2.305 -2.392 -2.475 -2.554 -2.628 -2.696 -2.760 -2.818 -2.872 
-2.894 
-2.957 -2.976 -3.016 -3.053 -3.087 -3.118 -3.146 -3.171 -3.194 -3.215 
-3.232 -3.248 -3.261 -3.271 -3.279 -3.285 -3.289 -3.290 -3.289 -3.285 
-3.279 -3.271 -3.261 -3.247 -3.232 -3.214 -3.193 -3.170 -3.144 -3.115 
-3.082 -3.047 -3.009 -2.967 -2.921 -2.871 -2.817 -2.758 -2.693 -2.624 
-2.547 -2.464 -2.372 -2.270 -2.156 -2.027 -1.878 -1.706 -1.528 -1.426 
-1.389 -1.369 -1.366 -1.382 -1.421 -1.477 -1.541 -1.603 -1.659 -1.707 
-1.744 -1.771 -1.789 -1.797 -1.796 -1.785 -1.766 -1.737 -1.699 -1.658 
-1.625 -1.615 -1.628 -1.634 -1.622 -1.688 -1.834 -1.971 -2.086 -2.188 
-2.281 -2.367 -2.448 -2.524 -2.595 -2.661 -2.723 -2.781 -2.835 -2.886 
-2.939 
-3.130 -3.196 -3.243 -3.286 -3.325 -3.360 -3.391 -3.420 -3.445 -3.468 
-3.487 -3.504 -3.518 -3.529 -3.538 -3.544 -3.547 -3.548 -3.547 -3.543 
-3.536 -3.527 -3.515 -3.500 -3.483 -3.463 -3.440 -3.413 -3.384 -3.351 
-3.315 -3.275 -3.231 -3.183 -3.130 -3.072 -3.008 -2.938 -2.860 -2.775 
-2.679 -2.571 -2.448 -2.307 -2.141 -1.943 -1.704 -1.442 -1.240 -1.206 
-1.330 -1.504 -1.652 -1.765 -1.858 -1.942 -2.016 -2.080 -2.134 -2.176 
-2.207 -2.227 -2.238 -2.238 -2.228 -2.208 -2.177 -2.133 -2.075 -1.998 
-1.897 -1.763 -1.588 -1.388 -1.248 -1.276 -1.441 -1.610 -1.781 -1.989 
-2.184 -2.347 -2.486 -2.605 -2.709 -2.802 -2.885 -2.960 -3.027 -3.089 
-3.116 
-3.132 -3.170 -3.228 -3.281 -3.329 -3.372 -3.412 -3.447 -3.479 -3.507 
-3.532 -3.554 -3.573 -3.589 -3.602 -3.612 -3.620 -3.624 -3.626 -3.626 
-3.623 -3.617 -3.608 -3.596 -3.582 -3.565 -3.544 -3.521 -3.495 -3.465 
-3.431 -3.394 -3.353 -3.308 -3.258 -3.203 -3.143 -3.077 -3.003 -2.922 
-2.832 -2.732 -2.619 -2.490 -2.343 -2.172 -1.974 -1.749 -1.530 -1.409 
-1.407 -1.510 -1.676 -1.849 -1.998 -2.121 -2.221 -2.301 -2.365 -2.414 
-2.452 -2.479 -2.495 -2.501 -2.497 -2.483 -2.459 -2.423 -2.375 -2.311 
-2.230 -2.126 -1.991 -1.823 -1.650 -1.544 -1.437 -1.343 -1.388 -1.576 
-1.818 -2.044 -2.237 -2.401 -2.543 -2.666 -2.775 -2.871 -2.958 -3.036 
-3.106 
-3.226 -3.284 -3.342 -3.395 -3.443 -3.486 -3.525 -3.560 -3.591 -3.619 
-3.643 -3.665 -3.683 -3.698 -3.710 -3.719 -3.725 -3.729 -3.729 -3.727 
-3.722 -3.715 -3.704 -3.690 -3.674 -3.654 -3.631 -3.605 -3.575 -3.542 
-3.504 -3.463 -3.417 -3.365 -3.309 -3.246 -3.177 -3.099 -3.012 -2.915 
-2.805 -2.679 -2.538 -2.386 -2.241 -2.116 -1.989 -1.861 -1.780 -1.766 
-1.820 -1.948 -2.103 -2.245 -2.364 -2.461 -2.541 -2.605 -2.657 -2.697 
-2.727 -2.748 -2.760 -2.763 -2.758 -2.745 -2.723 -2.691 -2.650 -2.597 
-2.532 -2.451 -2.354 -2.235 -2.092 -1.922 -1.741 -1.604 -1.608 -1.749 
-1.950 -2.157 -2.344 -2.508 -2.650 -2.774 -2.884 -2.982 -3.070 -3.148 
-3.204 
-3.268 -3.330 -3.383 -3.431 -3.475 -3.514 -3.548 -3.579 -3.606 -3.630 
-3.650 -3.668 -3.682 -3.693 -3.700 -3.705 -3.708 -3.707 -3.703 -3.696 
-3.686 -3.674 -3.658 -3.639 -3.616 -3.590 -3.561 -3.528 -3.490 -3.448 
-3.402 -3.351 -3.293 -3.230 -3.160 -3.081 -2.994 -2.895 -2.784 -2.658 
-2.514 -2.353 -2.178 -2.015 -1.903 -1.875 -1.910 -1.969 -2.047 -2.156 
-2.283 -2.404 -2.509 -2.598 -2.672 -2.732 -2.782 -2.821 -2.851 -2.873 
-2.887 -2.894 -2.893 -2.884 -2.869 -2.845 -2.813 -2.772 -2.721 -2.660 
-2.585 -2.496 -2.389 -2.263 -2.115 -1.952 -1.801 -1.718 -1.756 -1.906 
-2.104 -2.296 -2.468 -2.617 -2.747 -2.861 -2.963 -3.053 -3.133 -3.206 
-3.250 
-3.146 -3.183 -3.234 -3.281 -3.322 -3.360 -3.394 -3.424 -3.451 -3.475 
-3.495 -3.513 -3.527 -3.539 -3.547 -3.553 -3.556 -3.557 -3.554 -3.549 
-3.541 -3.530 -3.516 -3.500 -3.480 -3.457 -3.431 -3.401 -3.368 -3.331 
-3.290 -3.245 -3.195 -3.139 -3.078 -3.011 -2.937 -2.854 -2.762 -2.659 
-2.543 -2.413 -2.267 -2.109 -1.953 -1.820 -1.727 -1.699 -1.741 -1.821 
-1.915 -2.014 -2.114 -2.207 -2.290 -2.361 -2.420 -2.467 -2.505 -2.532 
-2.551 -2.561 -2.563 -2.557 -2.542 -2.518 -2.485 -2.442 -2.388 -2.322 
-2.243 -2.151 -2.047 -1.938 -1.834 -1.748 -1.694 -1.700 -1.786 -1.933 
-2.097 -2.256 -2.400 -2.529 -2.644 -2.747 -2.839 -2.922 -2.997 -3.066 
-3.125 
-3.125 -3.164 -3.209 -3.251 -3.289 -3.323 -3.354 -3.382 -3.407 -3.428 
-3.447 -3.463 -3.477 -3.487 -3.495 -3.501 -3.504 -3.504 -3.502 -3.497 
-3.489 -3.479 -3.467 -3.451 -3.433 -3.412 -3.389 -3.362 -3.332 -3.298 
-3.261 -3.221 -3.176 -3.127 -3.074 -3.016 -2.952 -2.883 -2.806 -2.723 
-2.631 -2.529 -2.417 -2.294 -2.159 -2.018 -1.882 -1.769 -1.685 -1.635 
-1.629 -1.672 -1.748 -1.837 -1.925 -2.003 -2.069 -2.124 -2.166 -2.197 
-2.218 -2.228 -2.228 -2.219 -2.199 -2.168 -2.126 -2.072 -2.007 -1.931 
-1.846 -1.758 -1.676 -1.612 -1.587 -1.617 -1.698 -1.816 -1.957 -2.105 
-2.247 -2.377 -2.494 -2.600 -2.696 -2.782 -2.861 -2.933 -2.999 -3.059 
-3.107 
-3.172 -3.205 -3.243 -3.279 -3.311 -3.339 -3.365 -3.388 -3.408 -3.425 
-3.439 -3.451 -3.460 -3.467 -3.471 -3.473 -3.473 -3.469 -3.464 -3.455 
-3.445 -3.431 -3.415 -3.397 -3.375 -3.351 -3.323 -3.293 -3.259 -3.222 
-3.182 -3.137 -3.089 -3.036 -2.978 -2.916 -2.847 -2.773 -2.692 -2.604 
-2.507 -2.402 -2.287 -2.164 -2.033 -1.902 -1.781 -1.686 -1.633 -1.628 
-1.663 -1.726 -1.802 -1.877 -1.945 -2.004 -2.051 -2.088 -2.115 -2.131 
-2.138 -2.134 -2.121 -2.097 -2.063 -2.018 -1.962 -1.896 -1.821 -1.744 
-1.676 -1.632 -1.626 -1.661 -1.732 -1.834 -1.959 -2.092 -2.222 -2.344 
-2.456 -2.558 -2.651 -2.736 -2.814 -2.885 -2.950 -3.011 -3.066 -3.116 
-3.157 
-3.237 -3.287 -3.332 -3.373 -3.410 -3.443 -3.473 -3.500 -3.524 -3.545 
-3.563 -3.578 -3.591 -3.601 -3.609 -3.614 -3.616 -3.616 -3.614 -3.609 
-3.601 -3.591 -3.579 -3.564 -3.546 -3.525 -3.502 -3.475 -3.446 -3.413 
-3.378 -3.338 -3.295 -3.249 -3.198 -3.142 -3.082 -3.017 -2.946 -2.869 
-2.785 -2.694 -2.596 -2.489 -2.376 -2.256 -2.136 -2.022 -1.927 -1.878 
-1.893 -1.938 -1.990 -2.046 -2.101 -2.153 -2.199 -2.237 -2.268 -2.290 
-2.303 -2.307 -2.303 -2.289 -2.266 -2.233 -2.190 -2.138 -2.077 -2.010 
-1.944 -1.890 -1.861 -1.867 -1.909 -1.982 -2.071 -2.159 -2.229 -2.285 
-2.362 -2.473 -2.596 -2.711 -2.814 -2.905 -2.986 -3.059 -3.124 -3.184 
-3.223 
-3.220 -3.267 -3.329 -3.386 -3.437 -3.483 -3.524 -3.561 -3.595 -3.625 
-3.651 -3.674 -3.693 -3.710 -3.724 -3.735 -3.743 -3.748 -3.750 -3.750 
-3.747 -3.741 -3.732 -3.721 -3.707 -3.689 -3.669 -3.646 -3.619 -3.589 
-3.556 -3.519 -3.478 -3.432 -3.383 -3.328 -3.268 -3.202 -3.129 -3.049 
-2.961 -2.862 -2.753 -2.630 -2.491 -2.332 -2.152 -1.956 -1.786 -1.712 
-1.775 -1.920 -2.075 -2.209 -2.320 -2.411 -2.486 -2.547 -2.596 -2.634 
-2.662 -2.681 -2.690 -2.691 -2.683 -2.665 -2.639 -2.603 -2.557 -2.502 
-2.438 -2.368 -2.298 -2.238 -2.195 -2.169 -2.140 -2.082 -2.003 -1.951 
-1.976 -2.087 -2.245 -2.413 -2.569 -2.708 -2.831 -2.939 -3.035 -3.121 
-3.192 
-3.276 -3.321 -3.369 -3.412 -3.452 -3.488 -3.520 -3.549 -3.574 -3.597 
-3.616 -3.633 -3.646 -3.657 -3.665 -3.671 -3.674 -3.674 -3.672 -3.667 
-3.659 -3.649 -3.636 -3.620 -3.601 -3.580 -3.555 -3.528 -3.497 -3.462 
-3.425 -3.383 -3.337 -3.287 -3.232 -3.172 -3.107 -3.036 -2.957 -2.872 
-2.778 -2.675 -2.563 -2.440 -2.310 -2.179 -2.063 -1.978 -1.922 -1.910 
-1.965 -2.053 -2.144 -2.227 -2.301 -2.364 -2.417 -2.460 -2.493 -2.518 
-2.533 -2.539 -2.537 -2.526 -2.506 -2.476 -2.436 -2.386 -2.324 -2.249 
-2.163 -2.067 -1.969 -1.885 -1.840 -1.853 -1.923 -2.025 -2.127 -2.214 
-2.312 -2.437 -2.570 -2.695 -2.807 -2.906 -2.994 -3.073 -3.145 -3.209 
-3.259 
-3.351 -3.396 -3.442 -3.483 -3.521 -3.554 -3.585 -3.612 -3.635 -3.656 
-3.674 -3.688 -3.700 -3.710 -3.716 -3.720 -3.721 -3.719 -3.715 -3.708 
-3.698 -3.686 -3.670 -3.652 -3.631 -3.606 -3.579 -3.548 -3.513 -3.475 
-3.432 -3.385 -3.334 -3.278 -3.216 -3.147 -3.072 -2.989 -2.898 -2.796 
-2.682 -2.556 -2.415 -2.261 -2.100 -1.955 -1.860 -1.844 -1.903 -2.003 
-2.115 -2.222 -2.318 -2.402 -2.474 -2.534 -2.583 -2.622 -2.651 -2.672 
-2.684 -2.688 -2.684 -2.671 -2.650 -2.621 -2.581 -2.532 -2.473 -2.401 
-2.318 -2.225 -2.126 -2.032 -1.963 -1.942 -1.980 -2.073 -2.201 -2.340 
-2.477 -2.605 -2.723 -2.829 -2.925 -3.013 -3.093 -3.165 -3.231 -3.291 
-3.335 
-3.289 -3.353 -3.401 -3.446 -3.486 -3.522 -3.555 -3.584 -3.610 -3.632 
-3.652 -3.669 -3.682 -3.693 -3.702 -3.707 -3.710 -3.710 -3.707 -3.702 
-3.694 -3.683 -3.669 -3.653 -3.633 -3.610 -3.585 -3.556 -3.523 -3.487 
-3.447 -3.403 -3.354 -3.301 -3.242 -3.178 -3.108 -3.030 -2.944 -2.850 
-2.746 -2.631 -2.506 -2.372 -2.236 -2.114 -2.034 -2.018 -2.063 -2.144 
-2.237 -2.326 -2.408 -2.480 -2.543 -2.596 -2.640 -2.677 -2.705 -2.725 
-2.738 -2.744 -2.742 -2.733 -2.717 -2.692 -2.659 -2.617 -2.566 -2.504 
-2.430 -2.345 -2.249 -2.146 -2.048 -1.976 -1.955 -2.001 -2.102 -2.234 
-2.374 -2.508 -2.633 -2.747 -2.850 -2.944 -3.029 -3.106 -3.177 -3.241 
-3.273 
-3.093 -3.107 -3.156 -3.201 -3.242 -3.280 -3.314 -3.344 -3.371 -3.395 
-3.417 -3.435 -3.450 -3.463 -3.473 -3.481 -3.486 -3.488 -3.488 -3.485 
-3.480 -3.472 -3.461 -3.448 -3.432 -3.413 -3.391 -3.367 -3.340 -3.309 
-3.275 -3.238 -3.197 -3.153 -3.105 -3.052 -2.996 -2.935 -2.869 -2.798 
-2.722 -2.641 -2.555 -2.466 -2.377 -2.293 -2.225 -2.183 -2.167 -2.171 
-2.189 -2.217 -2.252 -2.291 -2.330 -2.368 -2.402 -2.432 -2.457 -2.476 
-2.489 -2.496 -2.496 -2.491 -2.478 -2.459 -2.432 -2.399 -2.357 -2.308 
-2.251 -2.188 -2.119 -2.049 -1.984 -1.937 -1.921 -1.948 -2.013 -2.103 
-2.207 -2.315 -2.421 -2.522 -2.617 -2.706 -2.787 -2.862 -2.932 -2.995 
-3.061 
