IRGRID 64 91
1e+308

0.025 0.03 0.035 0.04 0.045 0.05 0.055 0.06 0.065 0.07
0.075 0.08 0.085 0.09 0.095 0.1 0.11 0.12 0.13 0.14
0.15 0.16 0.17 0.18 0.19 0.2 0.21 0.22 0.23 0.24
0.25 0.26 0.27 0.28 0.29 0.3 0.31 0.32 0.33 0.34
0.35 0.36 0.37 0.38 0.39 0.4 0.41 0.42 0.43 0.44
0.45 0.46 0.47 0.48 0.49 0.5 0.51 0.52 0.53 0.54
0.55 0.56 0.57 0.58
0 4 8 12 16 20 24 28 32 36
40 44 48 52 56 60 64 68 72 76
80 84 88 92 96 100 104 108 112 116
120 124 128 132 136 140 144 148 152 156
160 164 168 172 176 180 184 188 192 196
200 204 208 212 216 220 224 228 232 236
240 244 248 252 256 260 264 268 272 276
280 284 288 292 296 300 304 308 312 316
320 324 328 332 336 340 344 348 352 356
360
-3.898 -3.908 -3.894 -3.877 -3.856 -3.832 -3.804 -3.772 -3.737 -3.698 
-3.655 -3.609 -3.560 -3.509 -3.456 -3.402 -3.350 -3.301 -3.256 -3.218 
-3.187 -3.163 -3.146 -3.137 -3.141 -3.161 -3.198 -3.246 -3.301 -3.357 
-3.412 -3.464 -3.510 -3.552 -3.589 -3.621 -3.647 -3.669 -3.687 -3.699 
-3.707 -3.711 -3.711 -3.705 -3.695 -3.681 -3.661 -3.637 -3.607 -3.570 
-3.528 -3.478 -3.420 -3.353 -3.275 -3.184 -3.077 -2.950 -2.795 -2.605 
-2.365 -2.081 -1.857 -1.860 -2.068 -2.352 -2.607 -2.811 -2.977 -3.115 
-3.232 -3.333 -3.420 -3.497 -3.564 -3.623 -3.676 -3.722 -3.762 -3.798 
-3.828 -3.854 -3.876 -3.894 -3.908 -3.919 -3.926 -3.929 -3.929 -3.925 
-3.903 
-3.616 -3.644 -3.636 -3.625 -3.610 -3.591 -3.569 -3.544 -3.514 -3.481 
-3.444 -3.403 -3.357 -3.307 -3.252 -3.192 -3.128 -3.060 -2.987 -2.912 
-2.836 -2.762 -2.695 -2.643 -2.611 -2.604 -2.622 -2.661 -2.714 -2.775 
-2.838 -2.899 -2.957 -3.011 -3.060 -3.103 -3.140 -3.173 -3.200 -3.222 
-3.239 -3.251 -3.258 -3.260 -3.257 -3.249 -3.236 -3.218 -3.194 -3.163 
-3.126 -3.082 -3.029 -2.967 -2.895 -2.809 -2.707 -2.584 -2.434 -2.247 
-2.013 -1.758 -1.569 -1.499 -1.562 -1.868 -2.164 -2.396 -2.580 -2.731 
-2.859 -2.967 -3.062 -3.145 -3.218 -3.283 -3.340 -3.391 -3.436 -3.476 
-3.512 -3.542 -3.569 -3.591 -3.610 -3.625 -3.637 -3.645 -3.650 -3.651 
-3.617 
-2.776 -2.831 -2.810 -2.786 -2.757 -2.725 -2.689 -2.651 -2.610 -2.569 
-2.529 -2.493 -2.461 -2.438 -2.423 -2.415 -2.412 -2.409 -2.403 -2.389 
-2.367 -2.337 -2.303 -2.271 -2.247 -2.238 -2.246 -2.271 -2.309 -2.356 
-2.407 -2.459 -2.509 -2.556 -2.598 -2.635 -2.667 -2.695 -2.717 -2.735 
-2.747 -2.755 -2.759 -2.757 -2.751 -2.740 -2.724 -2.703 -2.677 -2.645 
-2.606 -2.561 -2.508 -2.447 -2.376 -2.293 -2.196 -2.082 -1.945 -1.777 
-1.568 -1.301 -0.985 -0.786 -0.855 -1.110 -1.415 -1.670 -1.869 -2.028 
-2.160 -2.271 -2.367 -2.449 -2.520 -2.583 -2.637 -2.685 -2.726 -2.761 
-2.791 -2.816 -2.837 -2.853 -2.864 -2.871 -2.875 -2.874 -2.869 -2.861 
-2.776 
-2.199 -2.162 -2.134 -2.102 -2.067 -2.028 -1.987 -1.943 -1.898 -1.854 
-1.813 -1.778 -1.751 -1.736 -1.734 -1.746 -1.771 -1.806 -1.849 -1.896 
-1.944 -1.992 -2.037 -2.080 -2.119 -2.157 -2.193 -2.229 -2.263 -2.296 
-2.326 -2.353 -2.377 -2.397 -2.414 -2.426 -2.435 -2.441 -2.443 -2.441 
-2.436 -2.427 -2.415 -2.398 -2.378 -2.353 -2.324 -2.291 -2.252 -2.208 
-2.158 -2.101 -2.036 -1.962 -1.878 -1.782 -1.670 -1.538 -1.380 -1.184 
-0.934 -0.603 -0.125 -0.152 -0.452 -0.761 -1.034 -1.247 -1.416 -1.554 
-1.669 -1.767 -1.850 -1.921 -1.983 -2.036 -2.081 -2.121 -2.154 -2.181 
-2.203 -2.221 -2.234 -2.242 -2.247 -2.247 -2.242 -2.234 -2.222 -2.206 
-2.208 
-2.085 -2.074 -2.052 -2.026 -1.998 -1.965 -1.931 -1.894 -1.856 -1.818 
-1.782 -1.750 -1.723 -1.704 -1.695 -1.694 -1.702 -1.715 -1.731 -1.746 
-1.755 -1.756 -1.745 -1.721 -1.686 -1.643 -1.599 -1.566 -1.553 -1.566 
-1.601 -1.651 -1.707 -1.764 -1.817 -1.865 -1.906 -1.941 -1.969 -1.991 
-2.007 -2.017 -2.022 -2.021 -2.014 -2.003 -1.985 -1.962 -1.933 -1.898 
-1.856 -1.806 -1.748 -1.681 -1.602 -1.509 -1.399 -1.267 -1.103 -0.892 
-0.591 -0.067 0.369 0.492 0.084 -0.465 -0.799 -1.035 -1.216 -1.362 
-1.483 -1.586 -1.674 -1.750 -1.816 -1.874 -1.924 -1.967 -2.004 -2.036 
-2.062 -2.084 -2.101 -2.114 -2.123 -2.128 -2.128 -2.125 -2.118 -2.107 
-2.091 
-1.819 -1.855 -1.853 -1.849 -1.842 -1.832 -1.819 -1.804 -1.786 -1.765 
-1.742 -1.717 -1.689 -1.660 -1.629 -1.595 -1.558 -1.516 -1.470 -1.417 
-1.358 -1.293 -1.220 -1.142 -1.062 -0.985 -0.917 -0.869 -0.847 -0.854 
-0.887 -0.937 -0.997 -1.059 -1.118 -1.172 -1.220 -1.261 -1.296 -1.324 
-1.346 -1.362 -1.373 -1.378 -1.378 -1.372 -1.360 -1.343 -1.321 -1.292 
-1.256 -1.213 -1.162 -1.101 -1.030 -0.945 -0.845 -0.723 -0.574 -0.382 
-0.123 0.268 0.934 1.010 0.696 0.218 -0.205 -0.478 -0.680 -0.842 
-0.977 -1.092 -1.191 -1.278 -1.355 -1.423 -1.484 -1.538 -1.587 -1.630 
-1.669 -1.703 -1.734 -1.760 -1.783 -1.803 -1.819 -1.832 -1.842 -1.849 
-1.818 
-1.477 -1.455 -1.457 -1.458 -1.456 -1.452 -1.446 -1.439 -1.429 -1.418 
-1.405 -1.390 -1.373 -1.355 -1.334 -1.312 -1.288 -1.263 -1.236 -1.208 
-1.180 -1.153 -1.129 -1.109 -1.093 -1.079 -1.069 -1.062 -1.063 -1.071 
-1.086 -1.104 -1.122 -1.138 -1.150 -1.159 -1.165 -1.168 -1.167 -1.164 
-1.157 -1.148 -1.135 -1.119 -1.100 -1.076 -1.049 -1.017 -0.981 -0.939 
-0.891 -0.836 -0.774 -0.702 -0.619 -0.522 -0.407 -0.269 -0.097 0.128 
0.453 1.007 1.426 1.332 0.903 0.393 0.074 -0.155 -0.334 -0.481 
-0.604 -0.710 -0.803 -0.884 -0.957 -1.021 -1.079 -1.131 -1.177 -1.219 
-1.257 -1.290 -1.320 -1.346 -1.370 -1.390 -1.407 -1.422 -1.433 -1.443 
-1.474 
-1.572 -1.582 -1.576 -1.567 -1.556 -1.541 -1.523 -1.501 -1.477 -1.449 
-1.418 -1.383 -1.344 -1.302 -1.256 -1.206 -1.153 -1.098 -1.042 -0.988 
-0.938 -0.898 -0.870 -0.859 -0.864 -0.885 -0.918 -0.959 -1.005 -1.051 
-1.097 -1.139 -1.178 -1.214 -1.244 -1.271 -1.293 -1.312 -1.326 -1.336 
-1.342 -1.344 -1.342 -1.336 -1.326 -1.311 -1.292 -1.268 -1.239 -1.205 
-1.164 -1.117 -1.063 -1.000 -0.927 -0.841 -0.741 -0.622 -0.477 -0.294 
-0.051 0.307 0.912 0.984 1.085 0.513 0.073 -0.221 -0.436 -0.606 
-0.744 -0.861 -0.962 -1.049 -1.126 -1.193 -1.253 -1.306 -1.353 -1.394 
-1.431 -1.463 -1.491 -1.515 -1.535 -1.551 -1.564 -1.574 -1.581 -1.584 
-1.573 
-1.689 -1.672 -1.670 -1.665 -1.658 -1.649 -1.638 -1.626 -1.612 -1.596 
-1.580 -1.562 -1.544 -1.525 -1.505 -1.484 -1.463 -1.440 -1.417 -1.394 
-1.373 -1.354 -1.342 -1.337 -1.341 -1.351 -1.366 -1.381 -1.396 -1.408 
-1.420 -1.433 -1.451 -1.473 -1.496 -1.520 -1.541 -1.558 -1.572 -1.581 
-1.586 -1.587 -1.584 -1.577 -1.565 -1.549 -1.529 -1.504 -1.475 -1.440 
-1.400 -1.354 -1.301 -1.240 -1.170 -1.090 -0.998 -0.889 -0.760 -0.604 
-0.405 -0.137 0.279 1.005 1.420 1.075 0.276 -0.158 -0.427 -0.625 
-0.782 -0.911 -1.019 -1.113 -1.193 -1.264 -1.326 -1.381 -1.430 -1.472 
-1.510 -1.542 -1.571 -1.595 -1.616 -1.633 -1.647 -1.657 -1.665 -1.670 
-1.688 
-1.723 -1.834 -1.857 -1.878 -1.898 -1.916 -1.931 -1.943 -1.952 -1.958 
-1.961 -1.960 -1.957 -1.950 -1.940 -1.928 -1.912 -1.892 -1.869 -1.842 
-1.810 -1.773 -1.729 -1.679 -1.623 -1.560 -1.493 -1.423 -1.356 -1.297 
-1.254 -1.232 -1.233 -1.256 -1.295 -1.343 -1.395 -1.445 -1.492 -1.534 
-1.569 -1.598 -1.621 -1.637 -1.647 -1.650 -1.648 -1.639 -1.624 -1.602 
-1.573 -1.537 -1.494 -1.441 -1.379 -1.306 -1.220 -1.118 -0.996 -0.849 
-0.666 -0.434 -0.139 0.238 1.007 1.120 0.669 -0.082 -0.491 -0.730 
-0.903 -1.038 -1.148 -1.239 -1.315 -1.380 -1.435 -1.483 -1.523 -1.558 
-1.589 -1.616 -1.640 -1.662 -1.683 -1.703 -1.724 -1.745 -1.766 -1.789 
-1.722 
-1.305 -1.291 -1.329 -1.369 -1.410 -1.451 -1.492 -1.533 -1.573 -1.611 
-1.648 -1.683 -1.715 -1.745 -1.773 -1.798 -1.821 -1.840 -1.856 -1.869 
-1.878 -1.883 -1.883 -1.879 -1.870 -1.854 -1.833 -1.807 -1.778 -1.748 
-1.723 -1.708 -1.704 -1.709 -1.719 -1.730 -1.738 -1.741 -1.739 -1.730 
-1.716 -1.696 -1.671 -1.642 -1.607 -1.568 -1.523 -1.474 -1.419 -1.358 
-1.291 -1.217 -1.135 -1.043 -0.940 -0.824 -0.691 -0.540 -0.368 -0.187 
-0.017 0.158 0.367 0.504 0.454 0.659 0.106 -0.169 -0.343 -0.476 
-0.583 -0.670 -0.743 -0.804 -0.855 -0.898 -0.935 -0.965 -0.992 -1.014 
-1.034 -1.051 -1.068 -1.084 -1.102 -1.121 -1.142 -1.165 -1.192 -1.222 
-1.288 
-1.603 -1.668 -1.696 -1.723 -1.749 -1.774 -1.798 -1.820 -1.840 -1.859 
-1.875 -1.890 -1.903 -1.913 -1.922 -1.929 -1.934 -1.938 -1.939 -1.939 
-1.937 -1.933 -1.928 -1.920 -1.912 -1.901 -1.889 -1.876 -1.860 -1.843 
-1.825 -1.804 -1.782 -1.758 -1.732 -1.705 -1.675 -1.643 -1.609 -1.573 
-1.534 -1.493 -1.449 -1.402 -1.352 -1.298 -1.240 -1.178 -1.112 -1.039 
-0.960 -0.874 -0.778 -0.672 -0.553 -0.418 -0.265 -0.092 0.089 0.245 
0.322 0.294 0.223 0.183 0.122 0.136 -0.022 -0.288 -0.482 -0.627 
-0.742 -0.840 -0.924 -0.998 -1.065 -1.124 -1.178 -1.227 -1.271 -1.312 
-1.349 -1.383 -1.415 -1.445 -1.474 -1.502 -1.530 -1.557 -1.585 -1.612 
-1.598 
-1.848 -1.860 -1.879 -1.897 -1.912 -1.926 -1.938 -1.949 -1.957 -1.965 
-1.970 -1.975 -1.978 -1.979 -1.979 -1.979 -1.976 -1.973 -1.969 -1.963 
-1.957 -1.949 -1.941 -1.931 -1.921 -1.910 -1.898 -1.885 -1.871 -1.857 
-1.841 -1.825 -1.808 -1.789 -1.770 -1.750 -1.728 -1.705 -1.681 -1.656 
-1.628 -1.599 -1.568 -1.535 -1.499 -1.461 -1.420 -1.375 -1.328 -1.276 
-1.220 -1.158 -1.090 -1.015 -0.931 -0.834 -0.723 -0.594 -0.447 -0.297 
-0.185 -0.122 -0.018 0.196 0.479 0.650 0.534 0.225 -0.098 -0.348 
-0.543 -0.702 -0.836 -0.952 -1.053 -1.143 -1.224 -1.297 -1.363 -1.423 
-1.479 -1.530 -1.576 -1.620 -1.659 -1.696 -1.729 -1.760 -1.789 -1.815 
-1.840 
-1.999 -2.028 -2.053 -2.076 -2.096 -2.114 -2.130 -2.144 -2.156 -2.166 
-2.174 -2.181 -2.185 -2.188 -2.189 -2.188 -2.185 -2.181 -2.175 -2.167 
-2.157 -2.146 -2.133 -2.119 -2.102 -2.084 -2.064 -2.043 -2.019 -1.994 
-1.967 -1.938 -1.908 -1.875 -1.841 -1.804 -1.766 -1.727 -1.685 -1.642 
-1.598 -1.552 -1.506 -1.458 -1.409 -1.359 -1.307 -1.255 -1.201 -1.145 
-1.087 -1.027 -0.964 -0.898 -0.827 -0.750 -0.666 -0.572 -0.465 -0.341 
-0.192 -0.010 0.214 0.459 0.631 0.625 0.407 0.100 -0.164 -0.381 
-0.563 -0.719 -0.855 -0.976 -1.085 -1.183 -1.273 -1.355 -1.431 -1.501 
-1.565 -1.625 -1.680 -1.732 -1.780 -1.824 -1.865 -1.903 -1.938 -1.971 
-1.989 
-2.073 -2.099 -2.116 -2.129 -2.139 -2.147 -2.152 -2.153 -2.152 -2.148 
-2.140 -2.129 -2.115 -2.098 -2.078 -2.054 -2.028 -1.999 -1.969 -1.938 
-1.909 -1.882 -1.859 -1.842 -1.829 -1.821 -1.815 -1.810 -1.803 -1.793 
-1.779 -1.761 -1.738 -1.711 -1.680 -1.646 -1.609 -1.570 -1.530 -1.488 
-1.446 -1.404 -1.364 -1.324 -1.286 -1.250 -1.215 -1.181 -1.147 -1.114 
-1.079 -1.042 -1.002 -0.958 -0.907 -0.850 -0.783 -0.704 -0.609 -0.492 
-0.337 -0.100 0.416 0.256 0.309 0.283 0.107 -0.126 -0.357 -0.560 
-0.736 -0.888 -1.022 -1.140 -1.246 -1.341 -1.427 -1.506 -1.578 -1.644 
-1.704 -1.759 -1.810 -1.856 -1.898 -1.937 -1.972 -2.004 -2.032 -2.058 
-2.066 
-1.976 -1.973 -1.969 -1.961 -1.950 -1.936 -1.919 -1.899 -1.875 -1.848 
-1.817 -1.783 -1.746 -1.706 -1.663 -1.617 -1.570 -1.522 -1.475 -1.430 
-1.390 -1.357 -1.334 -1.321 -1.319 -1.327 -1.345 -1.368 -1.395 -1.424 
-1.452 -1.479 -1.504 -1.525 -1.543 -1.557 -1.567 -1.574 -1.577 -1.576 
-1.571 -1.564 -1.553 -1.539 -1.522 -1.502 -1.480 -1.454 -1.425 -1.392 
-1.354 -1.310 -1.258 -1.199 -1.129 -1.045 -0.945 -0.821 -0.662 -0.448 
-0.120 0.492 0.915 0.649 0.475 0.189 -0.239 -0.522 -0.740 -0.916 
-1.062 -1.186 -1.292 -1.385 -1.467 -1.539 -1.603 -1.660 -1.711 -1.756 
-1.796 -1.831 -1.862 -1.889 -1.912 -1.931 -1.946 -1.958 -1.967 -1.972 
-1.978 
-1.891 -1.904 -1.914 -1.920 -1.925 -1.926 -1.925 -1.922 -1.916 -1.907 
-1.896 -1.882 -1.866 -1.848 -1.827 -1.804 -1.778 -1.751 -1.723 -1.694 
-1.666 -1.639 -1.615 -1.594 -1.577 -1.563 -1.551 -1.540 -1.531 -1.522 
-1.514 -1.506 -1.499 -1.493 -1.488 -1.483 -1.478 -1.474 -1.469 -1.464 
-1.458 -1.450 -1.441 -1.430 -1.416 -1.400 -1.380 -1.357 -1.330 -1.298 
-1.262 -1.221 -1.173 -1.119 -1.057 -0.985 -0.901 -0.802 -0.684 -0.539 
-0.349 -0.067 0.475 0.620 0.947 0.800 0.361 -0.074 -0.358 -0.571 
-0.742 -0.885 -1.008 -1.114 -1.208 -1.292 -1.367 -1.435 -1.496 -1.552 
-1.602 -1.647 -1.689 -1.726 -1.759 -1.789 -1.816 -1.840 -1.860 -1.878 
-1.887 
-1.800 -1.813 -1.834 -1.853 -1.870 -1.885 -1.898 -1.909 -1.919 -1.927 
-1.933 -1.937 -1.940 -1.941 -1.940 -1.938 -1.934 -1.929 -1.923 -1.915 
-1.906 -1.895 -1.883 -1.870 -1.856 -1.841 -1.825 -1.809 -1.792 -1.774 
-1.755 -1.737 -1.717 -1.697 -1.677 -1.656 -1.633 -1.610 -1.585 -1.559 
-1.532 -1.503 -1.472 -1.439 -1.404 -1.368 -1.328 -1.287 -1.242 -1.194 
-1.143 -1.089 -1.029 -0.965 -0.894 -0.815 -0.728 -0.629 -0.517 -0.385 
-0.229 -0.041 0.189 0.462 0.768 0.626 0.345 0.083 -0.149 -0.344 
-0.509 -0.650 -0.774 -0.883 -0.981 -1.069 -1.149 -1.222 -1.290 -1.351 
-1.409 -1.461 -1.510 -1.555 -1.597 -1.636 -1.672 -1.705 -1.736 -1.764 
-1.791 
-1.819 -1.829 -1.845 -1.859 -1.871 -1.881 -1.890 -1.898 -1.904 -1.909 
-1.912 -1.915 -1.916 -1.917 -1.917 -1.915 -1.913 -1.911 -1.907 -1.903 
-1.898 -1.892 -1.886 -1.880 -1.872 -1.864 -1.855 -1.846 -1.836 -1.824 
-1.813 -1.800 -1.786 -1.771 -1.755 -1.738 -1.720 -1.700 -1.680 -1.657 
-1.634 -1.609 -1.582 -1.554 -1.524 -1.491 -1.457 -1.420 -1.380 -1.337 
-1.290 -1.239 -1.183 -1.121 -1.052 -0.974 -0.886 -0.785 -0.666 -0.525 
-0.351 -0.126 0.186 0.578 0.832 0.662 0.313 -0.025 -0.283 -0.487 
-0.653 -0.792 -0.912 -1.016 -1.109 -1.191 -1.265 -1.332 -1.392 -1.448 
-1.498 -1.544 -1.586 -1.624 -1.659 -1.691 -1.720 -1.747 -1.771 -1.792 
-1.813 
-1.959 -1.976 -1.997 -2.015 -2.031 -2.044 -2.056 -2.066 -2.073 -2.079 
-2.083 -2.086 -2.086 -2.085 -2.083 -2.078 -2.072 -2.065 -2.055 -2.045 
-2.032 -2.019 -2.003 -1.986 -1.968 -1.948 -1.926 -1.903 -1.878 -1.852 
-1.825 -1.795 -1.765 -1.733 -1.699 -1.664 -1.628 -1.590 -1.550 -1.510 
-1.468 -1.425 -1.382 -1.340 -1.300 -1.263 -1.231 -1.203 -1.177 -1.152 
-1.125 -1.094 -1.059 -1.019 -0.971 -0.916 -0.852 -0.777 -0.688 -0.581 
-0.450 -0.286 -0.072 0.218 0.530 0.555 0.425 0.200 0.052 -0.178 
-0.447 -0.654 -0.820 -0.957 -1.075 -1.179 -1.271 -1.354 -1.429 -1.497 
-1.559 -1.616 -1.668 -1.716 -1.759 -1.800 -1.836 -1.870 -1.901 -1.928 
-1.950 
-2.108 -2.160 -2.188 -2.212 -2.234 -2.254 -2.270 -2.285 -2.296 -2.306 
-2.313 -2.317 -2.320 -2.320 -2.318 -2.313 -2.307 -2.298 -2.287 -2.273 
-2.257 -2.239 -2.218 -2.195 -2.169 -2.141 -2.110 -2.076 -2.040 -2.000 
-1.958 -1.912 -1.862 -1.809 -1.752 -1.692 -1.627 -1.559 -1.486 -1.411 
-1.334 -1.257 -1.182 -1.114 -1.055 -1.010 -0.981 -0.966 -0.963 -0.968 
-0.977 -0.986 -0.993 -0.995 -0.992 -0.982 -0.963 -0.936 -0.897 -0.845 
-0.777 -0.688 -0.570 -0.410 -0.198 0.001 0.073 0.236 0.383 0.248 
-0.054 -0.352 -0.586 -0.780 -0.946 -1.091 -1.218 -1.331 -1.433 -1.524 
-1.607 -1.682 -1.751 -1.814 -1.872 -1.925 -1.973 -2.018 -2.058 -2.096 
-2.100 
-1.985 -2.000 -2.034 -2.064 -2.092 -2.117 -2.139 -2.159 -2.176 -2.191 
-2.204 -2.214 -2.222 -2.228 -2.231 -2.233 -2.232 -2.229 -2.224 -2.217 
-2.207 -2.196 -2.182 -2.166 -2.148 -2.127 -2.104 -2.078 -2.051 -2.020 
-1.987 -1.952 -1.914 -1.873 -1.829 -1.783 -1.733 -1.681 -1.626 -1.569 
-1.509 -1.449 -1.387 -1.327 -1.270 -1.217 -1.170 -1.128 -1.091 -1.058 
-1.027 -1.000 -0.973 -0.948 -0.923 -0.896 -0.867 -0.834 -0.796 -0.751 
-0.699 -0.637 -0.565 -0.487 -0.406 -0.329 -0.248 -0.130 0.005 -0.050 
-0.149 -0.255 -0.389 -0.538 -0.688 -0.830 -0.960 -1.079 -1.187 -1.286 
-1.376 -1.459 -1.535 -1.605 -1.669 -1.729 -1.784 -1.834 -1.881 -1.924 
-1.971 
-2.009 -2.043 -2.075 -2.104 -2.131 -2.155 -2.177 -2.197 -2.214 -2.229 
-2.242 -2.253 -2.262 -2.269 -2.274 -2.277 -2.277 -2.276 -2.273 -2.268 
-2.261 -2.252 -2.241 -2.228 -2.213 -2.196 -2.177 -2.156 -2.133 -2.107 
-2.080 -2.050 -2.018 -1.984 -1.948 -1.909 -1.868 -1.825 -1.779 -1.731 
-1.680 -1.628 -1.573 -1.515 -1.456 -1.394 -1.331 -1.265 -1.198 -1.129 
-1.058 -0.988 -0.920 -0.856 -0.799 -0.746 -0.693 -0.636 -0.572 -0.500 
-0.418 -0.327 -0.231 -0.140 -0.072 -0.047 -0.077 -0.152 -0.246 -0.337 
-0.427 -0.525 -0.635 -0.753 -0.873 -0.990 -1.101 -1.204 -1.299 -1.386 
-1.467 -1.541 -1.610 -1.674 -1.733 -1.788 -1.839 -1.886 -1.930 -1.970 
-1.999 
-1.995 -2.041 -2.082 -2.120 -2.156 -2.188 -2.217 -2.243 -2.267 -2.289 
-2.307 -2.324 -2.338 -2.349 -2.359 -2.366 -2.371 -2.373 -2.374 -2.372 
-2.368 -2.361 -2.353 -2.342 -2.329 -2.314 -2.296 -2.276 -2.253 -2.228 
-2.200 -2.169 -2.136 -2.100 -2.061 -2.018 -1.972 -1.923 -1.870 -1.813 
-1.752 -1.686 -1.616 -1.540 -1.459 -1.372 -1.279 -1.181 -1.077 -0.970 
-0.863 -0.761 -0.671 -0.602 -0.557 -0.538 -0.540 -0.554 -0.572 -0.586 
-0.589 -0.579 -0.555 -0.520 -0.482 -0.458 -0.454 -0.458 -0.456 -0.442 
-0.428 -0.433 -0.470 -0.543 -0.645 -0.761 -0.881 -0.998 -1.109 -1.214 
-1.312 -1.404 -1.490 -1.570 -1.645 -1.714 -1.779 -1.839 -1.896 -1.948 
-1.981 
-1.933 -1.951 -1.996 -2.039 -2.078 -2.114 -2.148 -2.178 -2.206 -2.231 
-2.254 -2.274 -2.291 -2.306 -2.319 -2.329 -2.337 -2.343 -2.346 -2.347 
-2.346 -2.342 -2.336 -2.328 -2.317 -2.304 -2.288 -2.270 -2.249 -2.226 
-2.200 -2.171 -2.139 -2.104 -2.065 -2.024 -1.979 -1.931 -1.879 -1.824 
-1.764 -1.701 -1.635 -1.564 -1.490 -1.412 -1.331 -1.244 -1.153 -1.056 
-0.953 -0.849 -0.747 -0.656 -0.585 -0.544 -0.536 -0.555 -0.592 -0.637 
-0.680 -0.717 -0.744 -0.759 -0.760 -0.748 -0.725 -0.700 -0.690 -0.700 
-0.719 -0.741 -0.770 -0.809 -0.857 -0.909 -0.965 -1.027 -1.094 -1.165 
-1.239 -1.314 -1.390 -1.464 -1.536 -1.606 -1.672 -1.735 -1.794 -1.849 
-1.912 
-2.112 -2.184 -2.222 -2.257 -2.288 -2.316 -2.341 -2.363 -2.383 -2.399 
-2.413 -2.425 -2.434 -2.440 -2.444 -2.445 -2.444 -2.441 -2.435 -2.426 
-2.415 -2.402 -2.386 -2.368 -2.347 -2.323 -2.297 -2.268 -2.236 -2.201 
-2.164 -2.123 -2.079 -2.032 -1.982 -1.928 -1.872 -1.812 -1.750 -1.685 
-1.618 -1.550 -1.483 -1.417 -1.354 -1.295 -1.243 -1.198 -1.158 -1.124 
-1.091 -1.057 -1.019 -0.976 -0.931 -0.887 -0.845 -0.805 -0.774 -0.763 
-0.764 -0.761 -0.741 -0.698 -0.634 -0.554 -0.472 -0.416 -0.416 -0.482 
-0.596 -0.725 -0.844 -0.945 -1.028 -1.099 -1.167 -1.239 -1.318 -1.401 
-1.487 -1.572 -1.654 -1.732 -1.805 -1.872 -1.935 -1.994 -2.047 -2.097 
-2.104 
-2.015 -2.049 -2.104 -2.155 -2.202 -2.245 -2.285 -2.322 -2.355 -2.386 
-2.413 -2.438 -2.460 -2.480 -2.497 -2.511 -2.523 -2.532 -2.539 -2.544 
-2.546 -2.545 -2.543 -2.538 -2.530 -2.520 -2.507 -2.492 -2.474 -2.453 
-2.430 -2.404 -2.374 -2.342 -2.307 -2.268 -2.226 -2.181 -2.133 -2.081 
-2.026 -1.968 -1.908 -1.845 -1.782 -1.718 -1.653 -1.587 -1.518 -1.445 
-1.364 -1.273 -1.169 -1.050 -0.916 -0.771 -0.623 -0.494 -0.408 -0.382 
-0.411 -0.470 -0.538 -0.599 -0.645 -0.672 -0.681 -0.682 -0.692 -0.719 
-0.749 -0.769 -0.776 -0.776 -0.776 -0.785 -0.813 -0.863 -0.935 -1.025 
-1.125 -1.229 -1.333 -1.434 -1.530 -1.620 -1.705 -1.784 -1.858 -1.926 
-1.990 
-2.041 -2.074 -2.122 -2.167 -2.209 -2.248 -2.284 -2.317 -2.348 -2.376 
-2.401 -2.425 -2.445 -2.464 -2.480 -2.493 -2.505 -2.514 -2.521 -2.526 
-2.529 -2.529 -2.527 -2.523 -2.517 -2.509 -2.498 -2.485 -2.470 -2.452 
-2.431 -2.408 -2.383 -2.354 -2.323 -2.288 -2.250 -2.209 -2.164 -2.115 
-2.062 -2.004 -1.941 -1.873 -1.798 -1.717 -1.630 -1.540 -1.448 -1.359 
-1.278 -1.201 -1.121 -1.028 -0.920 -0.796 -0.664 -0.535 -0.430 -0.366 
-0.349 -0.373 -0.424 -0.484 -0.544 -0.598 -0.642 -0.675 -0.697 -0.707 
-0.705 -0.703 -0.727 -0.786 -0.855 -0.923 -0.991 -1.064 -1.143 -1.226 
-1.312 -1.398 -1.481 -1.562 -1.639 -1.712 -1.782 -1.848 -1.910 -1.968 
-2.023 
-2.243 -2.305 -2.346 -2.383 -2.417 -2.448 -2.477 -2.502 -2.525 -2.546 
-2.563 -2.579 -2.592 -2.602 -2.610 -2.616 -2.620 -2.621 -2.620 -2.616 
-2.611 -2.602 -2.592 -2.579 -2.563 -2.545 -2.524 -2.501 -2.475 -2.446 
-2.414 -2.378 -2.340 -2.297 -2.252 -2.202 -2.147 -2.088 -2.024 -1.955 
-1.880 -1.798 -1.710 -1.614 -1.511 -1.403 -1.290 -1.179 -1.078 -0.997 
-0.947 -0.928 -0.936 -0.956 -0.976 -0.984 -0.974 -0.947 -0.910 -0.877 
-0.863 -0.868 -0.882 -0.893 -0.894 -0.881 -0.851 -0.801 -0.727 -0.631 
-0.529 -0.460 -0.476 -0.586 -0.752 -0.928 -1.090 -1.234 -1.361 -1.476 
-1.579 -1.674 -1.761 -1.841 -1.916 -1.984 -2.048 -2.108 -2.163 -2.214 
-2.231 
-2.207 -2.231 -2.267 -2.300 -2.330 -2.358 -2.384 -2.407 -2.428 -2.447 
-2.464 -2.478 -2.491 -2.501 -2.509 -2.516 -2.520 -2.522 -2.522 -2.520 
-2.516 -2.510 -2.502 -2.492 -2.480 -2.466 -2.450 -2.431 -2.410 -2.387 
-2.362 -2.334 -2.304 -2.271 -2.235 -2.197 -2.156 -2.111 -2.064 -2.013 
-1.959 -1.901 -1.838 -1.772 -1.701 -1.625 -1.545 -1.463 -1.382 -1.306 
-1.240 -1.187 -1.141 -1.099 -1.058 -1.018 -0.979 -0.944 -0.912 -0.884 
-0.859 -0.839 -0.823 -0.811 -0.804 -0.800 -0.801 -0.806 -0.813 -0.818 
-0.819 -0.825 -0.870 -0.965 -1.081 -1.192 -1.295 -1.389 -1.477 -1.559 
-1.636 -1.709 -1.777 -1.841 -1.901 -1.958 -2.011 -2.061 -2.108 -2.152 
-2.194 
-2.217 -2.245 -2.282 -2.316 -2.348 -2.377 -2.403 -2.427 -2.449 -2.468 
-2.485 -2.499 -2.511 -2.522 -2.529 -2.535 -2.539 -2.540 -2.540 -2.537 
-2.532 -2.525 -2.516 -2.504 -2.490 -2.475 -2.456 -2.436 -2.413 -2.388 
-2.360 -2.330 -2.297 -2.262 -2.223 -2.182 -2.138 -2.090 -2.040 -1.986 
-1.929 -1.868 -1.804 -1.736 -1.665 -1.590 -1.513 -1.434 -1.353 -1.273 
-1.196 -1.123 -1.057 -1.002 -0.958 -0.925 -0.902 -0.887 -0.877 -0.869 
-0.862 -0.853 -0.842 -0.828 -0.810 -0.789 -0.767 -0.746 -0.732 -0.732 
-0.757 -0.807 -0.878 -0.962 -1.054 -1.151 -1.247 -1.342 -1.434 -1.522 
-1.605 -1.684 -1.758 -1.828 -1.893 -1.954 -2.011 -2.065 -2.115 -2.161 
-2.202 
-2.292 -2.338 -2.375 -2.410 -2.442 -2.471 -2.497 -2.521 -2.542 -2.561 
-2.577 -2.591 -2.603 -2.613 -2.620 -2.625 -2.628 -2.629 -2.627 -2.624 
-2.618 -2.610 -2.600 -2.588 -2.573 -2.556 -2.537 -2.516 -2.492 -2.466 
-2.437 -2.406 -2.372 -2.335 -2.296 -2.254 -2.209 -2.161 -2.110 -2.057 
-2.000 -1.940 -1.877 -1.811 -1.743 -1.673 -1.601 -1.528 -1.454 -1.381 
-1.310 -1.241 -1.176 -1.117 -1.065 -1.026 -1.003 -0.991 -0.986 -0.980 
-0.969 -0.951 -0.924 -0.887 -0.840 -0.783 -0.718 -0.653 -0.601 -0.580 
-0.607 -0.682 -0.791 -0.917 -1.044 -1.167 -1.283 -1.391 -1.493 -1.588 
-1.677 -1.760 -1.837 -1.910 -1.977 -2.041 -2.100 -2.154 -2.206 -2.253 
-2.279 
-2.265 -2.290 -2.333 -2.373 -2.409 -2.443 -2.475 -2.503 -2.529 -2.553 
-2.574 -2.593 -2.609 -2.623 -2.634 -2.643 -2.650 -2.655 -2.658 -2.658 
-2.656 -2.652 -2.645 -2.637 -2.626 -2.612 -2.596 -2.578 -2.558 -2.534 
-2.508 -2.480 -2.448 -2.414 -2.376 -2.336 -2.292 -2.244 -2.193 -2.138 
-2.079 -2.015 -1.947 -1.874 -1.797 -1.715 -1.630 -1.540 -1.448 -1.353 
-1.254 -1.150 -1.044 -0.943 -0.858 -0.802 -0.782 -0.796 -0.833 -0.880 
-0.928 -0.970 -1.004 -1.027 -1.039 -1.041 -1.032 -1.015 -0.997 -0.990 
-1.004 -1.041 -1.089 -1.141 -1.196 -1.254 -1.318 -1.386 -1.458 -1.533 
-1.608 -1.684 -1.758 -1.830 -1.899 -1.965 -2.027 -2.087 -2.142 -2.195 
-2.247 
-2.386 -2.424 -2.464 -2.500 -2.533 -2.563 -2.591 -2.615 -2.637 -2.657 
-2.673 -2.687 -2.699 -2.708 -2.715 -2.719 -2.721 -2.721 -2.718 -2.712 
-2.705 -2.694 -2.682 -2.666 -2.649 -2.628 -2.606 -2.580 -2.552 -2.521 
-2.487 -2.450 -2.410 -2.367 -2.321 -2.272 -2.220 -2.164 -2.105 -2.042 
-1.976 -1.906 -1.833 -1.756 -1.677 -1.598 -1.522 -1.453 -1.396 -1.354 
-1.328 -1.313 -1.302 -1.290 -1.276 -1.267 -1.271 -1.290 -1.318 -1.344 
-1.364 -1.375 -1.377 -1.372 -1.368 -1.372 -1.386 -1.406 -1.426 -1.442 
-1.452 -1.459 -1.465 -1.475 -1.492 -1.519 -1.556 -1.603 -1.659 -1.721 
-1.788 -1.856 -1.924 -1.991 -2.057 -2.119 -2.178 -2.234 -2.287 -2.336 
-2.372 
-2.473 -2.522 -2.548 -2.572 -2.593 -2.611 -2.627 -2.641 -2.652 -2.661 
-2.667 -2.671 -2.673 -2.673 -2.670 -2.665 -2.657 -2.648 -2.636 -2.622 
-2.605 -2.587 -2.566 -2.542 -2.517 -2.489 -2.458 -2.426 -2.391 -2.354 
-2.315 -2.274 -2.230 -2.186 -2.140 -2.092 -2.044 -1.996 -1.948 -1.901 
-1.855 -1.811 -1.768 -1.727 -1.689 -1.652 -1.617 -1.584 -1.556 -1.531 
-1.512 -1.496 -1.481 -1.466 -1.448 -1.425 -1.397 -1.363 -1.322 -1.274 
-1.220 -1.161 -1.102 -1.052 -1.022 -1.023 -1.060 -1.128 -1.216 -1.313 
-1.409 -1.499 -1.580 -1.653 -1.718 -1.779 -1.838 -1.895 -1.951 -2.007 
-2.061 -2.115 -2.167 -2.216 -2.264 -2.308 -2.351 -2.390 -2.427 -2.462 
-2.467 
-2.348 -2.354 -2.389 -2.422 -2.453 -2.482 -2.509 -2.534 -2.556 -2.576 
-2.594 -2.610 -2.623 -2.635 -2.644 -2.651 -2.655 -2.658 -2.658 -2.656 
-2.651 -2.645 -2.636 -2.624 -2.610 -2.594 -2.575 -2.554 -2.530 -2.504 
-2.474 -2.442 -2.407 -2.369 -2.328 -2.284 -2.236 -2.186 -2.134 -2.079 
-2.023 -1.968 -1.916 -1.869 -1.829 -1.796 -1.766 -1.738 -1.709 -1.679 
-1.649 -1.620 -1.594 -1.571 -1.552 -1.538 -1.528 -1.520 -1.513 -1.505 
-1.495 -1.480 -1.462 -1.443 -1.429 -1.426 -1.434 -1.449 -1.461 -1.468 
-1.475 -1.498 -1.539 -1.590 -1.640 -1.687 -1.729 -1.769 -1.809 -1.848 
-1.889 -1.931 -1.974 -2.018 -2.063 -2.107 -2.151 -2.195 -2.237 -2.277 
-2.332 
-2.542 -2.590 -2.620 -2.648 -2.674 -2.696 -2.716 -2.733 -2.748 -2.759 
-2.769 -2.776 -2.780 -2.782 -2.781 -2.778 -2.772 -2.764 -2.753 -2.740 
-2.723 -2.704 -2.683 -2.658 -2.630 -2.599 -2.565 -2.528 -2.487 -2.442 
-2.393 -2.341 -2.284 -2.223 -2.158 -2.088 -2.014 -1.936 -1.856 -1.776 
-1.697 -1.625 -1.564 -1.519 -1.493 -1.487 -1.497 -1.519 -1.545 -1.573 
-1.599 -1.622 -1.639 -1.652 -1.660 -1.664 -1.663 -1.658 -1.646 -1.629 
-1.605 -1.574 -1.535 -1.491 -1.441 -1.387 -1.331 -1.271 -1.208 -1.152 
-1.122 -1.137 -1.202 -1.304 -1.425 -1.547 -1.662 -1.767 -1.863 -1.950 
-2.029 -2.101 -2.167 -2.229 -2.287 -2.340 -2.390 -2.436 -2.479 -2.519 
-2.533 
-2.630 -2.661 -2.684 -2.705 -2.723 -2.738 -2.752 -2.762 -2.771 -2.777 
-2.780 -2.781 -2.780 -2.777 -2.772 -2.764 -2.753 -2.741 -2.725 -2.708 
-2.688 -2.665 -2.640 -2.612 -2.582 -2.549 -2.512 -2.473 -2.431 -2.386 
-2.337 -2.286 -2.231 -2.173 -2.112 -2.049 -1.984 -1.917 -1.849 -1.783 
-1.719 -1.661 -1.610 -1.569 -1.538 -1.517 -1.504 -1.497 -1.490 -1.481 
-1.468 -1.449 -1.425 -1.397 -1.370 -1.349 -1.334 -1.323 -1.314 -1.301 
-1.281 -1.255 -1.223 -1.189 -1.160 -1.144 -1.149 -1.177 -1.224 -1.280 
-1.344 -1.418 -1.508 -1.608 -1.710 -1.808 -1.899 -1.984 -2.061 -2.133 
-2.199 -2.260 -2.317 -2.369 -2.417 -2.462 -2.503 -2.540 -2.575 -2.607 
-2.623 
-2.489 -2.520 -2.548 -2.573 -2.597 -2.618 -2.638 -2.655 -2.670 -2.684 
-2.695 -2.704 -2.711 -2.717 -2.720 -2.721 -2.720 -2.717 -2.712 -2.705 
-2.696 -2.684 -2.671 -2.655 -2.637 -2.616 -2.593 -2.568 -2.540 -2.509 
-2.476 -2.440 -2.401 -2.359 -2.314 -2.266 -2.215 -2.161 -2.105 -2.046 
-1.985 -1.922 -1.857 -1.791 -1.722 -1.651 -1.575 -1.494 -1.409 -1.321 
-1.231 -1.144 -1.065 -0.997 -0.947 -0.919 -0.912 -0.925 -0.952 -0.988 
-1.027 -1.067 -1.106 -1.142 -1.177 -1.214 -1.255 -1.302 -1.356 -1.416 
-1.478 -1.541 -1.604 -1.667 -1.729 -1.790 -1.850 -1.909 -1.966 -2.021 
-2.074 -2.125 -2.174 -2.221 -2.266 -2.309 -2.349 -2.388 -2.424 -2.458 
-2.479 
-2.357 -2.364 -2.392 -2.418 -2.442 -2.464 -2.485 -2.504 -2.520 -2.535 
-2.548 -2.560 -2.569 -2.576 -2.582 -2.585 -2.587 -2.587 -2.584 -2.580 
-2.574 -2.565 -2.555 -2.542 -2.527 -2.510 -2.491 -2.469 -2.444 -2.418 
-2.388 -2.356 -2.321 -2.282 -2.241 -2.196 -2.147 -2.095 -2.038 -1.977 
-1.910 -1.837 -1.758 -1.671 -1.576 -1.470 -1.358 -1.252 -1.175 -1.129 
-1.091 -1.056 -1.031 -1.022 -1.030 -1.054 -1.090 -1.134 -1.183 -1.232 
-1.281 -1.327 -1.370 -1.411 -1.448 -1.483 -1.515 -1.546 -1.574 -1.601 
-1.627 -1.651 -1.674 -1.698 -1.724 -1.754 -1.787 -1.826 -1.868 -1.911 
-1.955 -1.999 -2.042 -2.084 -2.124 -2.163 -2.201 -2.237 -2.271 -2.304 
-2.346 
-2.477 -2.522 -2.560 -2.595 -2.627 -2.656 -2.683 -2.706 -2.727 -2.746 
-2.762 -2.775 -2.786 -2.795 -2.801 -2.805 -2.806 -2.805 -2.802 -2.796 
-2.788 -2.777 -2.764 -2.748 -2.729 -2.708 -2.684 -2.656 -2.626 -2.592 
-2.555 -2.514 -2.469 -2.420 -2.366 -2.307 -2.242 -2.170 -2.092 -2.004 
-1.908 -1.799 -1.678 -1.541 -1.387 -1.221 -1.057 -0.932 -0.884 -0.922 
-1.012 -1.115 -1.209 -1.291 -1.365 -1.431 -1.491 -1.544 -1.591 -1.630 
-1.662 -1.686 -1.704 -1.714 -1.719 -1.716 -1.708 -1.695 -1.676 -1.654 
-1.630 -1.605 -1.584 -1.571 -1.569 -1.583 -1.614 -1.662 -1.723 -1.793 
-1.867 -1.943 -2.017 -2.088 -2.156 -2.220 -2.280 -2.336 -2.388 -2.436 
-2.463 
-2.515 -2.548 -2.584 -2.617 -2.648 -2.675 -2.700 -2.722 -2.741 -2.758 
-2.773 -2.785 -2.794 -2.802 -2.806 -2.809 -2.809 -2.806 -2.802 -2.794 
-2.785 -2.772 -2.758 -2.740 -2.720 -2.698 -2.672 -2.643 -2.612 -2.577 
-2.538 -2.496 -2.451 -2.401 -2.346 -2.287 -2.223 -2.153 -2.076 -1.993 
-1.901 -1.801 -1.692 -1.572 -1.442 -1.304 -1.166 -1.044 -0.968 -0.951 
-0.986 -1.055 -1.140 -1.226 -1.306 -1.377 -1.437 -1.488 -1.529 -1.562 
-1.586 -1.603 -1.613 -1.618 -1.616 -1.611 -1.601 -1.589 -1.576 -1.565 
-1.556 -1.554 -1.559 -1.574 -1.600 -1.638 -1.686 -1.743 -1.807 -1.875 
-1.944 -2.013 -2.080 -2.145 -2.207 -2.266 -2.321 -2.373 -2.422 -2.467 
-2.502 
-2.516 -2.537 -2.571 -2.602 -2.630 -2.656 -2.679 -2.699 -2.718 -2.733 
-2.746 -2.757 -2.766 -2.772 -2.776 -2.777 -2.776 -2.773 -2.767 -2.759 
-2.749 -2.736 -2.721 -2.703 -2.683 -2.659 -2.634 -2.605 -2.573 -2.538 
-2.500 -2.459 -2.414 -2.365 -2.312 -2.255 -2.193 -2.127 -2.056 -1.980 
-1.899 -1.813 -1.722 -1.627 -1.531 -1.436 -1.346 -1.268 -1.213 -1.189 
-1.198 -1.232 -1.279 -1.331 -1.383 -1.431 -1.473 -1.509 -1.538 -1.561 
-1.578 -1.589 -1.594 -1.594 -1.590 -1.582 -1.572 -1.561 -1.551 -1.544 
-1.543 -1.550 -1.566 -1.591 -1.627 -1.672 -1.724 -1.783 -1.845 -1.909 
-1.974 -2.038 -2.100 -2.160 -2.217 -2.272 -2.324 -2.372 -2.418 -2.460 
-2.502 
-2.606 -2.651 -2.683 -2.711 -2.737 -2.760 -2.781 -2.799 -2.814 -2.827 
-2.838 -2.846 -2.852 -2.855 -2.856 -2.855 -2.852 -2.846 -2.837 -2.826 
-2.813 -2.797 -2.779 -2.758 -2.735 -2.708 -2.679 -2.647 -2.612 -2.573 
-2.532 -2.487 -2.438 -2.386 -2.329 -2.269 -2.205 -2.137 -2.064 -1.989 
-1.910 -1.830 -1.750 -1.673 -1.601 -1.538 -1.487 -1.451 -1.431 -1.430 
-1.446 -1.474 -1.509 -1.545 -1.580 -1.611 -1.636 -1.656 -1.670 -1.677 
-1.679 -1.676 -1.667 -1.654 -1.638 -1.619 -1.601 -1.585 -1.575 -1.573 
-1.582 -1.604 -1.637 -1.682 -1.735 -1.793 -1.856 -1.920 -1.986 -2.051 
-2.115 -2.177 -2.238 -2.295 -2.350 -2.402 -2.451 -2.497 -2.540 -2.580 
-2.597 
-2.504 -2.541 -2.580 -2.617 -2.650 -2.681 -2.709 -2.735 -2.757 -2.778 
-2.795 -2.810 -2.823 -2.833 -2.840 -2.845 -2.848 -2.848 -2.846 -2.841 
-2.834 -2.824 -2.812 -2.797 -2.780 -2.759 -2.736 -2.710 -2.681 -2.649 
-2.613 -2.574 -2.532 -2.485 -2.435 -2.380 -2.320 -2.256 -2.187 -2.113 
-2.033 -1.948 -1.859 -1.766 -1.671 -1.577 -1.491 -1.419 -1.371 -1.354 
-1.367 -1.405 -1.458 -1.517 -1.577 -1.633 -1.683 -1.726 -1.763 -1.793 
-1.816 -1.833 -1.845 -1.851 -1.852 -1.848 -1.842 -1.834 -1.825 -1.817 
-1.812 -1.809 -1.811 -1.816 -1.825 -1.839 -1.858 -1.883 -1.914 -1.951 
-1.993 -2.040 -2.090 -2.143 -2.197 -2.251 -2.305 -2.357 -2.407 -2.454 
-2.490 
-2.429 -2.450 -2.497 -2.541 -2.582 -2.620 -2.655 -2.687 -2.716 -2.743 
-2.766 -2.787 -2.804 -2.820 -2.832 -2.842 -2.850 -2.855 -2.857 -2.857 
-2.854 -2.849 -2.841 -2.830 -2.817 -2.801 -2.782 -2.761 -2.736 -2.708 
-2.677 -2.643 -2.605 -2.564 -2.518 -2.468 -2.414 -2.355 -2.291 -2.221 
-2.146 -2.065 -1.979 -1.888 -1.794 -1.701 -1.614 -1.542 -1.493 -1.474 
-1.483 -1.514 -1.559 -1.608 -1.656 -1.703 -1.746 -1.786 -1.822 -1.855 
-1.884 -1.908 -1.929 -1.945 -1.957 -1.965 -1.970 -1.971 -1.969 -1.964 
-1.956 -1.947 -1.935 -1.922 -1.908 -1.895 -1.884 -1.877 -1.876 -1.884 
-1.901 -1.929 -1.966 -2.011 -2.063 -2.119 -2.176 -2.234 -2.291 -2.347 
-2.408 
-2.696 -2.744 -2.781 -2.816 -2.848 -2.877 -2.904 -2.929 -2.951 -2.970 
-2.987 -3.002 -3.015 -3.025 -3.033 -3.039 -3.043 -3.044 -3.044 -3.041 
-3.035 -3.028 -3.018 -3.006 -2.991 -2.974 -2.955 -2.933 -2.908 -2.880 
-2.850 -2.816 -2.779 -2.738 -2.694 -2.645 -2.592 -2.534 -2.470 -2.399 
-2.321 -2.237 -2.147 -2.059 -1.983 -1.924 -1.877 -1.834 -1.790 -1.748 
-1.707 -1.669 -1.634 -1.604 -1.582 -1.571 -1.570 -1.578 -1.592 -1.610 
-1.630 -1.649 -1.666 -1.681 -1.691 -1.696 -1.692 -1.679 -1.661 -1.660 
-1.701 -1.769 -1.836 -1.895 -1.948 -1.996 -2.042 -2.086 -2.130 -2.174 
-2.218 -2.265 -2.314 -2.365 -2.417 -2.468 -2.519 -2.569 -2.616 -2.661 
-2.685 
-3.049 -3.114 -3.143 -3.169 -3.192 -3.213 -3.231 -3.246 -3.259 -3.270 
-3.278 -3.283 -3.286 -3.287 -3.285 -3.281 -3.274 -3.265 -3.253 -3.239 
-3.222 -3.202 -3.179 -3.153 -3.124 -3.092 -3.057 -3.018 -2.975 -2.928 
-2.876 -2.820 -2.758 -2.691 -2.617 -2.537 -2.449 -2.353 -2.249 -2.136 
-2.015 -1.891 -1.771 -1.670 -1.605 -1.590 -1.619 -1.677 -1.743 -1.805 
-1.855 -1.891 -1.916 -1.932 -1.942 -1.948 -1.953 -1.956 -1.956 -1.951 
-1.938 -1.917 -1.883 -1.836 -1.771 -1.687 -1.583 -1.467 -1.368 -1.332 
-1.391 -1.527 -1.692 -1.851 -1.994 -2.119 -2.230 -2.329 -2.418 -2.500 
-2.575 -2.644 -2.709 -2.769 -2.824 -2.876 -2.924 -2.968 -3.009 -3.047 
-3.041 
-2.933 -2.958 -2.987 -3.013 -3.036 -3.056 -3.074 -3.089 -3.101 -3.111 
-3.119 -3.124 -3.126 -3.126 -3.123 -3.118 -3.111 -3.100 -3.088 -3.072 
-3.054 -3.033 -3.009 -2.982 -2.952 -2.919 -2.883 -2.842 -2.799 -2.751 
-2.699 -2.642 -2.581 -2.514 -2.442 -2.365 -2.281 -2.192 -2.098 -2.000 
-1.901 -1.807 -1.724 -1.660 -1.624 -1.619 -1.640 -1.677 -1.718 -1.758 
-1.797 -1.837 -1.880 -1.922 -1.961 -1.993 -2.019 -2.038 -2.050 -2.055 
-2.053 -2.045 -2.031 -2.011 -1.984 -1.949 -1.905 -1.853 -1.800 -1.778 
-1.814 -1.886 -1.960 -2.027 -2.088 -2.147 -2.206 -2.264 -2.323 -2.383 
-2.443 -2.503 -2.561 -2.617 -2.671 -2.721 -2.768 -2.813 -2.854 -2.892 
-2.923 
-2.826 -2.848 -2.889 -2.926 -2.961 -2.993 -3.021 -3.047 -3.070 -3.090 
-3.108 -3.123 -3.136 -3.146 -3.153 -3.158 -3.161 -3.161 -3.158 -3.153 
-3.146 -3.136 -3.123 -3.108 -3.090 -3.070 -3.046 -3.019 -2.990 -2.957 
-2.920 -2.880 -2.836 -2.788 -2.735 -2.678 -2.616 -2.548 -2.475 -2.398 
-2.316 -2.233 -2.150 -2.072 -1.999 -1.929 -1.857 -1.783 -1.713 -1.656 
-1.623 -1.618 -1.637 -1.671 -1.712 -1.754 -1.793 -1.831 -1.865 -1.896 
-1.924 -1.949 -1.970 -1.988 -2.004 -2.016 -2.025 -2.031 -2.034 -2.035 
-2.034 -2.032 -2.030 -2.029 -2.031 -2.040 -2.057 -2.084 -2.121 -2.167 
-2.222 -2.281 -2.345 -2.409 -2.473 -2.535 -2.595 -2.652 -2.706 -2.756 
-2.808 
-2.878 -2.924 -2.955 -2.984 -3.010 -3.034 -3.055 -3.074 -3.091 -3.105 
-3.118 -3.128 -3.136 -3.142 -3.146 -3.147 -3.147 -3.144 -3.140 -3.133 
-3.124 -3.113 -3.100 -3.084 -3.067 -3.047 -3.025 -3.000 -2.973 -2.944 
-2.912 -2.877 -2.839 -2.799 -2.756 -2.709 -2.659 -2.606 -2.550 -2.489 
-2.425 -2.357 -2.285 -2.208 -2.127 -2.042 -1.954 -1.864 -1.776 -1.693 
-1.621 -1.564 -1.523 -1.496 -1.481 -1.476 -1.479 -1.491 -1.508 -1.531 
-1.557 -1.586 -1.618 -1.652 -1.689 -1.729 -1.771 -1.815 -1.861 -1.908 
-1.956 -2.002 -2.047 -2.090 -2.133 -2.175 -2.219 -2.265 -2.313 -2.364 
-2.418 -2.472 -2.526 -2.579 -2.631 -2.681 -2.728 -2.772 -2.814 -2.854 
-2.870 
-2.796 -2.823 -2.864 -2.902 -2.938 -2.970 -3.000 -3.027 -3.052 -3.074 
-3.093 -3.110 -3.125 -3.137 -3.146 -3.154 -3.159 -3.161 -3.162 -3.160 
-3.155 -3.148 -3.139 -3.127 -3.113 -3.096 -3.077 -3.055 -3.030 -3.003 
-2.972 -2.938 -2.901 -2.861 -2.816 -2.768 -2.716 -2.659 -2.597 -2.529 
-2.455 -2.375 -2.287 -2.192 -2.091 -1.987 -1.887 -1.795 -1.711 -1.631 
-1.564 -1.522 -1.512 -1.532 -1.573 -1.624 -1.677 -1.727 -1.775 -1.817 
-1.856 -1.890 -1.920 -1.947 -1.971 -1.991 -2.008 -2.021 -2.032 -2.040 
-2.045 -2.049 -2.053 -2.059 -2.067 -2.079 -2.097 -2.122 -2.154 -2.192 
-2.237 -2.288 -2.343 -2.400 -2.459 -2.517 -2.574 -2.629 -2.682 -2.732 
-2.779 
-2.823 -2.862 -2.912 -2.959 -3.002 -3.041 -3.077 -3.110 -3.139 -3.166 
-3.189 -3.209 -3.227 -3.241 -3.253 -3.262 -3.269 -3.272 -3.273 -3.272 
-3.267 -3.260 -3.250 -3.237 -3.221 -3.202 -3.180 -3.155 -3.127 -3.094 
-3.058 -3.018 -2.974 -2.925 -2.871 -2.812 -2.746 -2.673 -2.593 -2.504 
-2.406 -2.298 -2.180 -2.054 -1.928 -1.815 -1.735 -1.704 -1.715 -1.743 
-1.768 -1.799 -1.854 -1.929 -2.011 -2.089 -2.161 -2.223 -2.276 -2.321 
-2.357 -2.386 -2.408 -2.423 -2.433 -2.436 -2.433 -2.426 -2.413 -2.396 
-2.375 -2.350 -2.322 -2.292 -2.262 -2.232 -2.207 -2.188 -2.179 -2.184 
-2.205 -2.241 -2.291 -2.351 -2.417 -2.486 -2.555 -2.622 -2.687 -2.749 
-2.802 
-2.978 -3.026 -3.079 -3.127 -3.172 -3.213 -3.250 -3.285 -3.316 -3.343 
-3.368 -3.390 -3.409 -3.426 -3.439 -3.450 -3.458 -3.464 -3.467 -3.467 
-3.465 -3.460 -3.453 -3.442 -3.429 -3.413 -3.395 -3.373 -3.348 -3.320 
-3.288 -3.253 -3.214 -3.171 -3.123 -3.071 -3.014 -2.950 -2.881 -2.804 
-2.719 -2.626 -2.523 -2.410 -2.289 -2.165 -2.046 -1.936 -1.827 -1.717 
-1.627 -1.595 -1.640 -1.740 -1.861 -1.977 -2.080 -2.166 -2.238 -2.297 
-2.345 -2.382 -2.410 -2.429 -2.440 -2.443 -2.440 -2.429 -2.413 -2.391 
-2.365 -2.336 -2.307 -2.280 -2.257 -2.239 -2.228 -2.225 -2.234 -2.258 
-2.296 -2.349 -2.412 -2.483 -2.557 -2.632 -2.706 -2.778 -2.846 -2.910 
-2.959 
-3.069 -3.134 -3.173 -3.209 -3.242 -3.272 -3.300 -3.324 -3.346 -3.366 
-3.383 -3.397 -3.410 -3.419 -3.427 -3.432 -3.435 -3.435 -3.433 -3.429 
-3.423 -3.414 -3.402 -3.389 -3.372 -3.353 -3.332 -3.307 -3.280 -3.250 
-3.216 -3.179 -3.139 -3.095 -3.047 -2.995 -2.937 -2.875 -2.807 -2.733 
-2.652 -2.563 -2.467 -2.361 -2.249 -2.131 -2.014 -1.909 -1.830 -1.784 
-1.772 -1.797 -1.856 -1.934 -2.011 -2.079 -2.136 -2.183 -2.221 -2.251 
-2.273 -2.287 -2.295 -2.296 -2.291 -2.279 -2.261 -2.237 -2.209 -2.177 
-2.146 -2.119 -2.102 -2.100 -2.116 -2.152 -2.203 -2.266 -2.334 -2.406 
-2.479 -2.553 -2.625 -2.696 -2.763 -2.828 -2.888 -2.945 -2.997 -3.047 
-3.058 
-2.862 -2.875 -2.906 -2.935 -2.962 -2.987 -3.011 -3.032 -3.052 -3.069 
-3.085 -3.099 -3.110 -3.120 -3.128 -3.134 -3.138 -3.140 -3.141 -3.139 
-3.135 -3.129 -3.122 -3.112 -3.100 -3.086 -3.070 -3.052 -3.031 -3.009 
-2.984 -2.957 -2.927 -2.895 -2.861 -2.823 -2.784 -2.741 -2.696 -2.648 
-2.597 -2.543 -2.485 -2.424 -2.360 -2.293 -2.224 -2.158 -2.099 -2.055 
-2.026 -2.007 -1.997 -1.998 -2.008 -2.026 -2.048 -2.070 -2.093 -2.114 
-2.134 -2.153 -2.169 -2.184 -2.196 -2.207 -2.216 -2.223 -2.228 -2.232 
-2.235 -2.239 -2.245 -2.256 -2.272 -2.295 -2.322 -2.354 -2.387 -2.423 
-2.459 -2.498 -2.537 -2.577 -2.617 -2.657 -2.697 -2.735 -2.772 -2.808 
-2.851 
-2.902 -2.926 -2.970 -3.011 -3.050 -3.086 -3.119 -3.149 -3.177 -3.202 
-3.224 -3.244 -3.262 -3.277 -3.290 -3.300 -3.308 -3.314 -3.317 -3.318 
-3.317 -3.313 -3.307 -3.298 -3.287 -3.274 -3.258 -3.239 -3.218 -3.195 
-3.168 -3.139 -3.107 -3.071 -3.033 -2.992 -2.947 -2.898 -2.847 -2.791 
-2.732 -2.669 -2.603 -2.532 -2.458 -2.379 -2.297 -2.210 -2.119 -2.029 
-1.943 -1.873 -1.828 -1.816 -1.834 -1.873 -1.924 -1.977 -2.026 -2.069 
-2.105 -2.136 -2.161 -2.184 -2.205 -2.227 -2.249 -2.271 -2.290 -2.306 
-2.318 -2.326 -2.330 -2.332 -2.332 -2.333 -2.335 -2.341 -2.353 -2.372 
-2.399 -2.433 -2.473 -2.519 -2.569 -2.622 -2.675 -2.728 -2.781 -2.831 
-2.883 
-3.205 -3.269 -3.298 -3.324 -3.347 -3.368 -3.386 -3.402 -3.415 -3.426 
-3.434 -3.440 -3.444 -3.446 -3.445 -3.442 -3.437 -3.429 -3.419 -3.407 
-3.393 -3.376 -3.357 -3.336 -3.312 -3.286 -3.257 -3.226 -3.192 -3.156 
-3.117 -3.075 -3.030 -2.983 -2.932 -2.879 -2.824 -2.766 -2.705 -2.643 
-2.580 -2.515 -2.451 -2.389 -2.328 -2.271 -2.218 -2.169 -2.125 -2.084 
-2.048 -2.017 -1.993 -1.980 -1.975 -1.974 -1.974 -1.971 -1.965 -1.957 
-1.948 -1.940 -1.937 -1.942 -1.958 -1.987 -2.030 -2.085 -2.149 -2.218 
-2.289 -2.359 -2.425 -2.487 -2.545 -2.597 -2.645 -2.690 -2.733 -2.775 
-2.818 -2.862 -2.907 -2.952 -2.998 -3.042 -3.086 -3.128 -3.167 -3.204 
-3.199 
-3.256 -3.261 -3.282 -3.301 -3.318 -3.333 -3.347 -3.358 -3.368 -3.375 
-3.381 -3.385 -3.387 -3.388 -3.386 -3.382 -3.377 -3.370 -3.361 -3.350 
-3.337 -3.322 -3.305 -3.287 -3.266 -3.243 -3.218 -3.190 -3.161 -3.129 
-3.096 -3.059 -3.021 -2.980 -2.936 -2.890 -2.842 -2.791 -2.737 -2.682 
-2.625 -2.565 -2.505 -2.445 -2.386 -2.329 -2.276 -2.228 -2.186 -2.151 
-2.120 -2.095 -2.075 -2.059 -2.049 -2.043 -2.041 -2.043 -2.048 -2.057 
-2.068 -2.082 -2.099 -2.120 -2.146 -2.178 -2.215 -2.257 -2.303 -2.351 
-2.401 -2.452 -2.503 -2.555 -2.607 -2.658 -2.709 -2.759 -2.807 -2.854 
-2.899 -2.942 -2.983 -3.022 -3.059 -3.094 -3.127 -3.158 -3.187 -3.213 
-3.247 
-3.368 -3.394 -3.421 -3.445 -3.467 -3.486 -3.503 -3.518 -3.530 -3.540 
-3.548 -3.554 -3.558 -3.559 -3.559 -3.556 -3.551 -3.544 -3.534 -3.522 
-3.508 -3.492 -3.473 -3.451 -3.428 -3.401 -3.372 -3.340 -3.304 -3.266 
-3.225 -3.180 -3.131 -3.078 -3.021 -2.960 -2.893 -2.821 -2.744 -2.660 
-2.571 -2.478 -2.389 -2.314 -2.259 -2.222 -2.196 -2.179 -2.173 -2.178 
-2.192 -2.213 -2.236 -2.260 -2.283 -2.304 -2.324 -2.341 -2.356 -2.369 
-2.379 -2.388 -2.395 -2.400 -2.404 -2.407 -2.411 -2.416 -2.424 -2.436 
-2.453 -2.478 -2.510 -2.549 -2.596 -2.648 -2.704 -2.762 -2.820 -2.877 
-2.934 -2.988 -3.041 -3.091 -3.138 -3.182 -3.224 -3.264 -3.300 -3.334 
-3.358 
-3.518 -3.553 -3.582 -3.608 -3.631 -3.652 -3.669 -3.684 -3.697 -3.707 
-3.714 -3.719 -3.721 -3.720 -3.717 -3.712 -3.704 -3.693 -3.680 -3.663 
-3.644 -3.622 -3.597 -3.569 -3.538 -3.503 -3.465 -3.422 -3.376 -3.324 
-3.269 -3.207 -3.140 -3.067 -2.986 -2.898 -2.801 -2.695 -2.580 -2.457 
-2.330 -2.209 -2.109 -2.050 -2.047 -2.092 -2.165 -2.246 -2.322 -2.392 
-2.455 -2.510 -2.559 -2.601 -2.636 -2.664 -2.686 -2.701 -2.710 -2.712 
-2.709 -2.700 -2.686 -2.666 -2.642 -2.614 -2.583 -2.551 -2.521 -2.497 
-2.482 -2.482 -2.499 -2.534 -2.583 -2.645 -2.714 -2.788 -2.863 -2.936 
-3.008 -3.076 -3.140 -3.201 -3.258 -3.310 -3.360 -3.405 -3.447 -3.485 
-3.508 
-3.514 -3.547 -3.573 -3.595 -3.615 -3.632 -3.647 -3.659 -3.668 -3.675 
-3.679 -3.681 -3.681 -3.678 -3.673 -3.665 -3.654 -3.641 -3.625 -3.607 
-3.585 -3.561 -3.534 -3.503 -3.470 -3.432 -3.391 -3.346 -3.297 -3.244 
-3.185 -3.121 -3.052 -2.977 -2.895 -2.806 -2.712 -2.612 -2.510 -2.411 
-2.321 -2.250 -2.205 -2.190 -2.206 -2.245 -2.294 -2.345 -2.396 -2.447 
-2.496 -2.543 -2.585 -2.622 -2.654 -2.679 -2.698 -2.710 -2.716 -2.716 
-2.709 -2.696 -2.676 -2.650 -2.618 -2.580 -2.539 -2.498 -2.460 -2.432 
-2.419 -2.428 -2.460 -2.512 -2.579 -2.656 -2.737 -2.818 -2.897 -2.972 
-3.043 -3.109 -3.171 -3.228 -3.281 -3.330 -3.375 -3.416 -3.453 -3.488 
-3.504 
-3.297 -3.331 -3.353 -3.373 -3.391 -3.407 -3.422 -3.434 -3.445 -3.453 
-3.460 -3.464 -3.466 -3.467 -3.465 -3.461 -3.455 -3.446 -3.436 -3.423 
-3.408 -3.391 -3.371 -3.349 -3.324 -3.296 -3.265 -3.232 -3.195 -3.155 
-3.112 -3.065 -3.014 -2.960 -2.900 -2.836 -2.768 -2.695 -2.617 -2.537 
-2.456 -2.379 -2.306 -2.240 -2.180 -2.131 -2.094 -2.074 -2.070 -2.078 
-2.093 -2.111 -2.132 -2.161 -2.199 -2.245 -2.295 -2.344 -2.389 -2.430 
-2.467 -2.499 -2.527 -2.551 -2.572 -2.589 -2.604 -2.616 -2.627 -2.638 
-2.653 -2.674 -2.701 -2.734 -2.771 -2.809 -2.848 -2.885 -2.922 -2.959 
-2.994 -3.030 -3.064 -3.098 -3.132 -3.164 -3.195 -3.225 -3.254 -3.281 
-3.292 
-3.088 -3.090 -3.123 -3.154 -3.184 -3.212 -3.238 -3.262 -3.284 -3.304 
-3.322 -3.338 -3.351 -3.363 -3.373 -3.380 -3.385 -3.388 -3.389 -3.388 
-3.385 -3.379 -3.371 -3.360 -3.348 -3.332 -3.315 -3.294 -3.271 -3.245 
-3.217 -3.185 -3.150 -3.111 -3.070 -3.024 -2.974 -2.921 -2.863 -2.801 
-2.734 -2.662 -2.587 -2.509 -2.430 -2.350 -2.271 -2.192 -2.111 -2.029 
-1.949 -1.880 -1.833 -1.818 -1.835 -1.880 -1.941 -2.009 -2.077 -2.142 
-2.201 -2.254 -2.301 -2.342 -2.378 -2.409 -2.436 -2.459 -2.480 -2.498 
-2.514 -2.529 -2.544 -2.558 -2.573 -2.589 -2.607 -2.627 -2.649 -2.674 
-2.702 -2.732 -2.765 -2.799 -2.835 -2.872 -2.909 -2.947 -2.984 -3.020 
-3.067 
