IRGRID 64 91
1e+308

0.025 0.03 0.035 0.04 0.045 0.05 0.055 0.06 0.065 0.07
0.075 0.08 0.085 0.09 0.095 0.1 0.11 0.12 0.13 0.14
0.15 0.16 0.17 0.18 0.19 0.2 0.21 0.22 0.23 0.24
0.25 0.26 0.27 0.28 0.29 0.3 0.31 0.32 0.33 0.34
0.35 0.36 0.37 0.38 0.39 0.4 0.41 0.42 0.43 0.44
0.45 0.46 0.47 0.48 0.49 0.5 0.51 0.52 0.53 0.54
0.55 0.56 0.57 0.58
0 4 8 12 16 20 24 28 32 36
40 44 48 52 56 60 64 68 72 76
80 84 88 92 96 100 104 108 112 116
120 124 128 132 136 140 144 148 152 156
160 164 168 172 176 180 184 188 192 196
200 204 208 212 216 220 224 228 232 236
240 244 248 252 256 260 264 268 272 276
280 284 288 292 296 300 304 308 312 316
320 324 328 332 336 340 344 348 352 356
360
-2.245 -2.284 -2.251 -2.215 -2.176 -2.134 -2.091 -2.049 -2.009 -1.974 
-1.949 -1.935 -1.936 -1.952 -1.980 -2.019 -2.064 -2.112 -2.163 -2.212 
-2.261 -2.307 -2.350 -2.391 -2.429 -2.463 -2.494 -2.522 -2.546 -2.568 
-2.586 -2.601 -2.613 -2.621 -2.627 -2.629 -2.628 -2.623 -2.616 -2.605 
-2.590 -2.572 -2.549 -2.523 -2.492 -2.457 -2.416 -2.370 -2.318 -2.259 
-2.192 -2.115 -2.028 -1.926 -1.808 -1.667 -1.495 -1.275 -0.980 -0.562 
-0.221 -0.277 -0.278 -0.592 -1.039 -1.329 -1.531 -1.686 -1.810 -1.913 
-2.001 -2.075 -2.139 -2.193 -2.241 -2.281 -2.315 -2.343 -2.367 -2.385 
-2.399 -2.408 -2.414 -2.415 -2.412 -2.405 -2.395 -2.380 -2.362 -2.340 
-2.255 
-1.836 -1.841 -1.826 -1.808 -1.789 -1.768 -1.747 -1.726 -1.706 -1.688 
-1.675 -1.666 -1.663 -1.667 -1.676 -1.690 -1.707 -1.728 -1.749 -1.771 
-1.792 -1.811 -1.829 -1.845 -1.857 -1.868 -1.876 -1.881 -1.884 -1.884 
-1.882 -1.879 -1.873 -1.865 -1.855 -1.843 -1.830 -1.814 -1.797 -1.778 
-1.756 -1.732 -1.705 -1.675 -1.642 -1.606 -1.565 -1.520 -1.470 -1.413 
-1.350 -1.278 -1.196 -1.101 -0.989 -0.856 -0.691 -0.476 -0.175 0.181 
0.440 0.664 0.518 0.002 -0.351 -0.602 -0.796 -0.952 -1.082 -1.193 
-1.289 -1.373 -1.446 -1.511 -1.569 -1.620 -1.666 -1.706 -1.740 -1.771 
-1.797 -1.819 -1.837 -1.851 -1.861 -1.868 -1.872 -1.872 -1.869 -1.862 
-1.842 
-0.736 -0.778 -0.723 -0.680 -0.659 -0.668 -0.707 -0.768 -0.840 -0.915 
-0.987 -1.051 -1.108 -1.157 -1.199 -1.234 -1.262 -1.285 -1.303 -1.317 
-1.327 -1.333 -1.336 -1.336 -1.334 -1.329 -1.323 -1.315 -1.305 -1.294 
-1.282 -1.269 -1.254 -1.239 -1.222 -1.205 -1.186 -1.166 -1.144 -1.121 
-1.096 -1.069 -1.040 -1.008 -0.974 -0.936 -0.894 -0.848 -0.796 -0.739 
-0.674 -0.602 -0.518 -0.421 -0.307 -0.169 0.006 0.246 0.639 1.870 
1.202 1.300 1.216 0.832 0.412 0.127 -0.082 -0.247 -0.382 -0.495 
-0.593 -0.677 -0.750 -0.813 -0.868 -0.916 -0.957 -0.991 -1.019 -1.041 
-1.056 -1.066 -1.069 -1.066 -1.055 -1.038 -1.013 -0.980 -0.939 -0.890 
-0.736 
-0.132 -0.047 0.012 0.057 0.078 0.068 0.027 -0.039 -0.120 -0.208 
-0.295 -0.380 -0.458 -0.531 -0.597 -0.657 -0.711 -0.759 -0.803 -0.842 
-0.876 -0.906 -0.932 -0.955 -0.974 -0.990 -1.003 -1.013 -1.019 -1.023 
-1.025 -1.023 -1.019 -1.012 -1.002 -0.989 -0.974 -0.956 -0.935 -0.910 
-0.883 -0.852 -0.817 -0.778 -0.735 -0.687 -0.633 -0.574 -0.508 -0.434 
-0.351 -0.257 -0.149 -0.024 0.125 0.308 0.547 0.906 1.935 2.481 
2.250 1.685 1.111 0.732 0.481 0.298 0.156 0.040 -0.055 -0.136 
-0.203 -0.261 -0.309 -0.350 -0.384 -0.411 -0.433 -0.449 -0.459 -0.464 
-0.463 -0.456 -0.444 -0.426 -0.402 -0.370 -0.332 -0.287 -0.234 -0.175 
-0.164 
-0.271 -0.302 -0.302 -0.302 -0.310 -0.329 -0.361 -0.403 -0.449 -0.493 
-0.535 -0.572 -0.606 -0.636 -0.663 -0.687 -0.708 -0.727 -0.743 -0.758 
-0.770 -0.780 -0.789 -0.795 -0.800 -0.803 -0.804 -0.802 -0.799 -0.794 
-0.787 -0.778 -0.767 -0.753 -0.737 -0.719 -0.698 -0.675 -0.649 -0.620 
-0.589 -0.554 -0.515 -0.473 -0.427 -0.377 -0.322 -0.261 -0.195 -0.121 
-0.040 0.051 0.154 0.271 0.406 0.566 0.762 1.017 1.393 2.269 
2.576 2.367 1.798 1.283 0.994 0.790 0.634 0.509 0.405 0.318 
0.244 0.181 0.127 0.081 0.041 0.007 -0.023 -0.049 -0.071 -0.091 
-0.110 -0.129 -0.149 -0.170 -0.192 -0.215 -0.237 -0.258 -0.276 -0.289 
-0.266 
-0.284 -0.300 -0.359 -0.416 -0.470 -0.522 -0.571 -0.617 -0.660 -0.700 
-0.737 -0.772 -0.804 -0.834 -0.861 -0.886 -0.909 -0.929 -0.947 -0.963 
-0.976 -0.987 -0.997 -1.004 -1.009 -1.011 -1.012 -1.010 -1.006 -1.000 
-0.992 -0.981 -0.968 -0.952 -0.934 -0.914 -0.890 -0.864 -0.835 -0.803 
-0.768 -0.729 -0.687 -0.640 -0.590 -0.534 -0.474 -0.408 -0.336 -0.257 
-0.169 -0.072 0.037 0.161 0.302 0.468 0.667 0.919 1.264 1.833 
2.402 2.283 1.805 1.339 1.074 0.896 0.767 0.673 0.602 0.547 
0.500 0.453 0.404 0.355 0.311 0.276 0.250 0.231 0.218 0.207 
0.194 0.179 0.157 0.129 0.092 0.048 -0.002 -0.058 -0.118 -0.179 
-0.256 
-0.732 -0.851 -0.906 -0.957 -1.006 -1.051 -1.093 -1.133 -1.169 -1.202 
-1.232 -1.259 -1.284 -1.306 -1.325 -1.342 -1.356 -1.368 -1.377 -1.384 
-1.389 -1.391 -1.392 -1.389 -1.385 -1.378 -1.369 -1.358 -1.345 -1.329 
-1.310 -1.290 -1.267 -1.241 -1.213 -1.182 -1.148 -1.112 -1.072 -1.030 
-0.984 -0.934 -0.881 -0.824 -0.763 -0.698 -0.627 -0.551 -0.468 -0.379 
-0.281 -0.173 -0.054 0.079 0.231 0.407 0.618 0.880 1.229 1.694 
2.117 2.133 1.909 1.477 1.226 1.073 0.976 0.915 0.877 0.847 
0.811 0.756 0.675 0.568 0.445 0.318 0.195 0.082 -0.019 -0.106 
-0.182 -0.250 -0.312 -0.372 -0.431 -0.491 -0.551 -0.613 -0.674 -0.735 
-0.724 
-0.905 -0.948 -0.984 -1.017 -1.047 -1.075 -1.100 -1.122 -1.142 -1.159 
-1.174 -1.187 -1.198 -1.207 -1.213 -1.218 -1.221 -1.222 -1.220 -1.217 
-1.212 -1.205 -1.197 -1.186 -1.173 -1.159 -1.142 -1.124 -1.103 -1.081 
-1.057 -1.030 -1.001 -0.970 -0.937 -0.902 -0.865 -0.825 -0.782 -0.737 
-0.690 -0.639 -0.586 -0.530 -0.470 -0.407 -0.341 -0.270 -0.195 -0.115 
-0.029 0.064 0.164 0.276 0.400 0.543 0.713 0.930 1.232 1.500 
1.911 2.243 2.280 1.890 1.405 1.097 0.881 0.721 0.596 0.497 
0.411 0.326 0.236 0.138 0.039 -0.055 -0.140 -0.216 -0.282 -0.341 
-0.396 -0.448 -0.501 -0.555 -0.609 -0.664 -0.718 -0.770 -0.819 -0.865 
-0.895 
-0.754 -0.788 -0.851 -0.909 -0.963 -1.014 -1.061 -1.105 -1.145 -1.182 
-1.215 -1.246 -1.273 -1.298 -1.320 -1.340 -1.356 -1.371 -1.383 -1.392 
-1.399 -1.403 -1.406 -1.406 -1.403 -1.398 -1.391 -1.382 -1.370 -1.356 
-1.340 -1.321 -1.300 -1.276 -1.249 -1.220 -1.188 -1.154 -1.116 -1.075 
-1.031 -0.984 -0.933 -0.878 -0.818 -0.754 -0.685 -0.610 -0.529 -0.440 
-0.341 -0.232 -0.108 0.035 0.204 0.415 0.697 1.097 1.453 1.520 
1.453 1.674 1.653 1.109 0.775 0.555 0.397 0.276 0.181 0.106 
0.046 0.000 -0.036 -0.063 -0.082 -0.093 -0.100 -0.103 -0.106 -0.113 
-0.126 -0.150 -0.186 -0.235 -0.294 -0.361 -0.433 -0.507 -0.581 -0.653 
-0.726 
-0.830 -0.882 -0.927 -0.969 -1.009 -1.046 -1.080 -1.111 -1.140 -1.167 
-1.191 -1.213 -1.233 -1.250 -1.266 -1.279 -1.290 -1.300 -1.307 -1.313 
-1.316 -1.318 -1.317 -1.315 -1.311 -1.304 -1.296 -1.286 -1.274 -1.260 
-1.244 -1.225 -1.205 -1.182 -1.157 -1.129 -1.099 -1.067 -1.032 -0.994 
-0.952 -0.908 -0.860 -0.809 -0.754 -0.694 -0.629 -0.559 -0.483 -0.400 
-0.310 -0.210 -0.099 0.026 0.169 0.335 0.536 0.794 1.149 1.443 
1.739 1.881 1.639 1.286 1.012 0.814 0.663 0.543 0.444 0.361 
0.288 0.222 0.161 0.104 0.049 -0.005 -0.059 -0.111 -0.163 -0.215 
-0.268 -0.321 -0.377 -0.435 -0.495 -0.555 -0.615 -0.673 -0.729 -0.783 
-0.815 
-0.842 -0.856 -0.881 -0.904 -0.925 -0.945 -0.963 -0.979 -0.994 -1.007 
-1.019 -1.030 -1.038 -1.046 -1.052 -1.056 -1.059 -1.061 -1.061 -1.059 
-1.057 -1.052 -1.046 -1.039 -1.030 -1.020 -1.008 -0.994 -0.979 -0.962 
-0.944 -0.923 -0.901 -0.877 -0.852 -0.824 -0.794 -0.762 -0.727 -0.691 
-0.652 -0.610 -0.565 -0.518 -0.467 -0.413 -0.355 -0.293 -0.226 -0.154 
-0.076 0.008 0.101 0.203 0.317 0.447 0.598 0.779 1.007 1.303 
1.645 1.835 1.667 1.367 1.085 0.867 0.692 0.544 0.418 0.307 
0.208 0.119 0.038 -0.036 -0.106 -0.171 -0.232 -0.291 -0.347 -0.400 
-0.450 -0.498 -0.544 -0.587 -0.628 -0.667 -0.704 -0.738 -0.770 -0.801 
-0.833 
-0.952 -0.976 -1.002 -1.026 -1.048 -1.068 -1.086 -1.102 -1.116 -1.128 
-1.138 -1.147 -1.154 -1.158 -1.162 -1.163 -1.162 -1.160 -1.156 -1.150 
-1.142 -1.133 -1.122 -1.108 -1.093 -1.076 -1.057 -1.036 -1.014 -0.989 
-0.962 -0.933 -0.902 -0.868 -0.833 -0.795 -0.755 -0.713 -0.668 -0.621 
-0.571 -0.519 -0.464 -0.407 -0.347 -0.284 -0.218 -0.149 -0.077 -0.002 
0.077 0.160 0.247 0.340 0.438 0.544 0.659 0.787 0.935 1.123 
1.396 1.620 1.391 1.199 1.058 0.922 0.783 0.646 0.515 0.392 
0.277 0.170 0.070 -0.023 -0.110 -0.191 -0.267 -0.338 -0.405 -0.468 
-0.527 -0.582 -0.634 -0.683 -0.729 -0.772 -0.812 -0.850 -0.885 -0.918 
-0.942 
-1.089 -1.120 -1.143 -1.163 -1.182 -1.198 -1.212 -1.223 -1.233 -1.241 
-1.247 -1.250 -1.252 -1.252 -1.250 -1.246 -1.240 -1.232 -1.222 -1.211 
-1.197 -1.182 -1.164 -1.145 -1.123 -1.100 -1.075 -1.048 -1.018 -0.987 
-0.954 -0.919 -0.881 -0.842 -0.801 -0.758 -0.713 -0.665 -0.616 -0.565 
-0.513 -0.458 -0.402 -0.343 -0.283 -0.220 -0.155 -0.087 -0.015 0.061 
0.144 0.236 0.338 0.452 0.571 0.681 0.786 0.926 1.137 1.464 
1.836 2.010 1.723 1.299 0.977 0.744 0.558 0.401 0.264 0.145 
0.038 -0.059 -0.148 -0.230 -0.307 -0.380 -0.449 -0.515 -0.578 -0.638 
-0.695 -0.748 -0.798 -0.846 -0.890 -0.931 -0.969 -1.004 -1.037 -1.067 
-1.082 
-1.145 -1.165 -1.201 -1.235 -1.267 -1.295 -1.321 -1.345 -1.366 -1.385 
-1.401 -1.415 -1.427 -1.437 -1.444 -1.449 -1.452 -1.453 -1.452 -1.448 
-1.443 -1.435 -1.425 -1.412 -1.398 -1.381 -1.362 -1.340 -1.317 -1.290 
-1.262 -1.230 -1.197 -1.160 -1.121 -1.079 -1.033 -0.985 -0.933 -0.878 
-0.819 -0.756 -0.688 -0.616 -0.537 -0.452 -0.358 -0.256 -0.142 -0.014 
0.129 0.291 0.468 0.648 0.799 0.881 0.884 0.840 0.801 0.856 
1.122 1.360 0.943 0.617 0.433 0.328 0.271 0.252 0.275 0.359 
0.522 0.626 0.412 0.157 -0.019 -0.143 -0.242 -0.330 -0.410 -0.487 
-0.560 -0.631 -0.698 -0.763 -0.824 -0.882 -0.937 -0.988 -1.037 -1.082 
-1.129 
-1.296 -1.359 -1.400 -1.438 -1.473 -1.504 -1.533 -1.559 -1.583 -1.603 
-1.622 -1.638 -1.651 -1.662 -1.670 -1.677 -1.681 -1.682 -1.682 -1.679 
-1.674 -1.666 -1.656 -1.644 -1.630 -1.613 -1.593 -1.571 -1.546 -1.519 
-1.489 -1.456 -1.420 -1.381 -1.339 -1.293 -1.244 -1.191 -1.135 -1.075 
-1.010 -0.942 -0.869 -0.792 -0.711 -0.627 -0.538 -0.445 -0.346 -0.240 
-0.123 0.011 0.165 0.341 0.528 0.698 0.818 0.855 0.804 0.708 
0.616 0.550 0.518 0.520 0.557 0.624 0.695 0.741 0.809 0.970 
1.178 1.264 1.075 0.744 0.424 0.167 -0.039 -0.211 -0.358 -0.487 
-0.600 -0.703 -0.796 -0.881 -0.958 -1.030 -1.096 -1.157 -1.214 -1.266 
-1.283 
-1.202 -1.220 -1.250 -1.277 -1.301 -1.323 -1.342 -1.359 -1.373 -1.385 
-1.395 -1.402 -1.407 -1.410 -1.411 -1.409 -1.405 -1.399 -1.391 -1.381 
-1.368 -1.353 -1.336 -1.316 -1.294 -1.270 -1.243 -1.213 -1.181 -1.146 
-1.108 -1.067 -1.023 -0.976 -0.926 -0.872 -0.815 -0.755 -0.691 -0.623 
-0.552 -0.478 -0.401 -0.321 -0.240 -0.158 -0.076 0.004 0.084 0.163 
0.243 0.329 0.418 0.499 0.554 0.584 0.607 0.614 0.599 0.588 
0.600 0.639 0.704 0.797 0.913 1.030 1.097 1.061 0.934 0.794 
0.741 0.734 0.507 0.243 0.038 -0.123 -0.258 -0.374 -0.476 -0.568 
-0.651 -0.727 -0.796 -0.860 -0.919 -0.973 -1.023 -1.070 -1.112 -1.151 
-1.190 
-1.181 -1.208 -1.239 -1.267 -1.292 -1.315 -1.336 -1.354 -1.370 -1.383 
-1.394 -1.403 -1.410 -1.414 -1.417 -1.417 -1.415 -1.411 -1.404 -1.396 
-1.385 -1.372 -1.356 -1.339 -1.318 -1.296 -1.271 -1.243 -1.212 -1.179 
-1.143 -1.104 -1.062 -1.016 -0.967 -0.914 -0.857 -0.796 -0.731 -0.660 
-0.585 -0.503 -0.416 -0.322 -0.220 -0.109 0.012 0.143 0.287 0.444 
0.609 0.770 0.907 1.004 1.045 1.031 0.979 0.916 0.858 0.813 
0.782 0.766 0.762 0.767 0.780 0.796 0.796 0.743 0.635 0.507 
0.376 0.246 0.120 0.000 -0.113 -0.219 -0.319 -0.411 -0.498 -0.579 
-0.654 -0.724 -0.790 -0.851 -0.908 -0.961 -1.010 -1.056 -1.099 -1.138 
-1.169 
-1.210 -1.237 -1.269 -1.298 -1.324 -1.348 -1.369 -1.388 -1.405 -1.419 
-1.430 -1.439 -1.446 -1.451 -1.454 -1.454 -1.452 -1.447 -1.441 -1.432 
-1.421 -1.407 -1.391 -1.373 -1.352 -1.328 -1.302 -1.273 -1.241 -1.206 
-1.169 -1.127 -1.082 -1.034 -0.982 -0.925 -0.863 -0.797 -0.725 -0.647 
-0.562 -0.469 -0.367 -0.255 -0.131 0.007 0.162 0.331 0.503 0.657 
0.786 0.888 0.938 0.930 0.881 0.810 0.735 0.669 0.616 0.580 
0.559 0.553 0.558 0.573 0.593 0.612 0.620 0.608 0.569 0.502 
0.411 0.302 0.183 0.061 -0.060 -0.176 -0.285 -0.387 -0.481 -0.569 
-0.650 -0.726 -0.796 -0.861 -0.921 -0.977 -1.030 -1.078 -1.122 -1.164 
-1.198 
-1.268 -1.301 -1.335 -1.366 -1.394 -1.419 -1.441 -1.461 -1.478 -1.493 
-1.505 -1.514 -1.521 -1.526 -1.529 -1.529 -1.526 -1.522 -1.514 -1.505 
-1.493 -1.478 -1.461 -1.441 -1.419 -1.394 -1.366 -1.334 -1.300 -1.262 
-1.221 -1.176 -1.127 -1.074 -1.016 -0.954 -0.885 -0.810 -0.729 -0.639 
-0.540 -0.431 -0.309 -0.173 -0.019 0.155 0.347 0.542 0.696 0.761 
0.730 0.657 0.574 0.483 0.389 0.304 0.234 0.181 0.143 0.120 
0.110 0.113 0.128 0.153 0.189 0.230 0.275 0.317 0.349 0.365 
0.355 0.310 0.228 0.120 -0.003 -0.128 -0.250 -0.364 -0.471 -0.570 
-0.661 -0.745 -0.823 -0.895 -0.961 -1.022 -1.078 -1.130 -1.178 -1.223 
-1.255 
-1.304 -1.335 -1.367 -1.396 -1.422 -1.445 -1.466 -1.484 -1.500 -1.513 
-1.524 -1.532 -1.538 -1.542 -1.543 -1.543 -1.539 -1.534 -1.525 -1.515 
-1.502 -1.487 -1.469 -1.449 -1.426 -1.400 -1.371 -1.340 -1.305 -1.267 
-1.226 -1.182 -1.133 -1.081 -1.024 -0.962 -0.896 -0.824 -0.746 -0.661 
-0.569 -0.470 -0.361 -0.244 -0.117 0.019 0.160 0.300 0.420 0.483 
0.479 0.435 0.374 0.307 0.242 0.184 0.136 0.097 0.067 0.047 
0.036 0.033 0.037 0.050 0.069 0.096 0.128 0.161 0.188 0.199 
0.185 0.139 0.063 -0.034 -0.142 -0.253 -0.361 -0.464 -0.561 -0.651 
-0.735 -0.813 -0.886 -0.953 -1.015 -1.072 -1.125 -1.174 -1.220 -1.261 
-1.292 
-1.302 -1.324 -1.347 -1.367 -1.385 -1.401 -1.414 -1.425 -1.434 -1.441 
-1.445 -1.448 -1.448 -1.446 -1.442 -1.436 -1.427 -1.416 -1.403 -1.388 
-1.371 -1.351 -1.328 -1.303 -1.276 -1.246 -1.213 -1.177 -1.138 -1.096 
-1.051 -1.002 -0.950 -0.893 -0.833 -0.768 -0.699 -0.624 -0.545 -0.460 
-0.369 -0.272 -0.169 -0.061 0.053 0.172 0.293 0.412 0.520 0.605 
0.653 0.662 0.637 0.591 0.538 0.486 0.438 0.395 0.358 0.324 
0.292 0.260 0.226 0.189 0.148 0.103 0.056 0.007 -0.044 -0.099 
-0.159 -0.228 -0.305 -0.386 -0.468 -0.548 -0.625 -0.697 -0.765 -0.829 
-0.889 -0.945 -0.997 -1.045 -1.091 -1.132 -1.171 -1.207 -1.240 -1.271 
-1.293 
-1.294 -1.305 -1.321 -1.334 -1.346 -1.355 -1.363 -1.368 -1.371 -1.372 
-1.370 -1.367 -1.362 -1.354 -1.344 -1.333 -1.319 -1.302 -1.284 -1.263 
-1.240 -1.214 -1.186 -1.155 -1.121 -1.085 -1.046 -1.004 -0.959 -0.910 
-0.859 -0.803 -0.744 -0.682 -0.615 -0.544 -0.469 -0.390 -0.307 -0.220 
-0.130 -0.039 0.052 0.141 0.224 0.299 0.362 0.413 0.451 0.477 
0.489 0.486 0.471 0.451 0.430 0.409 0.390 0.370 0.348 0.322 
0.291 0.251 0.204 0.149 0.086 0.017 -0.056 -0.132 -0.209 -0.286 
-0.363 -0.437 -0.509 -0.578 -0.643 -0.706 -0.765 -0.821 -0.874 -0.924 
-0.971 -1.014 -1.055 -1.093 -1.128 -1.161 -1.191 -1.218 -1.244 -1.266 
-1.288 
-1.354 -1.370 -1.387 -1.402 -1.414 -1.424 -1.432 -1.438 -1.441 -1.442 
-1.441 -1.438 -1.433 -1.426 -1.416 -1.404 -1.390 -1.374 -1.355 -1.334 
-1.311 -1.285 -1.256 -1.225 -1.190 -1.154 -1.114 -1.071 -1.025 -0.975 
-0.922 -0.865 -0.805 -0.740 -0.671 -0.598 -0.521 -0.440 -0.355 -0.266 
-0.177 -0.089 -0.006 0.067 0.126 0.171 0.202 0.220 0.227 0.224 
0.216 0.204 0.192 0.181 0.172 0.166 0.161 0.158 0.153 0.146 
0.135 0.116 0.089 0.053 0.008 -0.045 -0.104 -0.166 -0.231 -0.297 
-0.366 -0.438 -0.511 -0.583 -0.654 -0.723 -0.788 -0.850 -0.907 -0.962 
-1.012 -1.060 -1.104 -1.144 -1.182 -1.217 -1.249 -1.278 -1.305 -1.329 
-1.348 
-1.386 -1.422 -1.445 -1.466 -1.483 -1.499 -1.512 -1.522 -1.530 -1.536 
-1.539 -1.540 -1.539 -1.535 -1.529 -1.520 -1.509 -1.495 -1.479 -1.461 
-1.439 -1.415 -1.389 -1.359 -1.326 -1.290 -1.251 -1.208 -1.161 -1.110 
-1.055 -0.996 -0.931 -0.861 -0.786 -0.704 -0.615 -0.520 -0.418 -0.312 
-0.206 -0.108 -0.028 0.023 0.040 0.026 -0.008 -0.050 -0.094 -0.136 
-0.174 -0.206 -0.234 -0.256 -0.272 -0.283 -0.290 -0.291 -0.289 -0.284 
-0.276 -0.267 -0.256 -0.244 -0.231 -0.217 -0.203 -0.193 -0.194 -0.209 
-0.243 -0.294 -0.360 -0.436 -0.517 -0.599 -0.679 -0.756 -0.829 -0.897 
-0.962 -1.022 -1.078 -1.129 -1.178 -1.222 -1.263 -1.301 -1.336 -1.367 
-1.378 
-1.254 -1.267 -1.288 -1.307 -1.324 -1.339 -1.352 -1.362 -1.370 -1.377 
-1.381 -1.383 -1.383 -1.381 -1.376 -1.370 -1.362 -1.351 -1.339 -1.324 
-1.307 -1.288 -1.266 -1.242 -1.216 -1.188 -1.157 -1.124 -1.088 -1.050 
-1.010 -0.966 -0.921 -0.872 -0.821 -0.767 -0.711 -0.652 -0.590 -0.526 
-0.461 -0.397 -0.340 -0.296 -0.268 -0.253 -0.247 -0.246 -0.248 -0.251 
-0.256 -0.263 -0.269 -0.276 -0.282 -0.286 -0.289 -0.289 -0.288 -0.285 
-0.281 -0.276 -0.271 -0.266 -0.264 -0.265 -0.270 -0.280 -0.297 -0.323 
-0.357 -0.400 -0.448 -0.501 -0.556 -0.612 -0.668 -0.723 -0.776 -0.828 
-0.877 -0.925 -0.970 -1.012 -1.053 -1.090 -1.126 -1.159 -1.189 -1.218 
-1.246 
-1.239 -1.247 -1.265 -1.280 -1.294 -1.305 -1.314 -1.321 -1.326 -1.329 
-1.330 -1.329 -1.326 -1.320 -1.313 -1.304 -1.293 -1.279 -1.264 -1.247 
-1.228 -1.206 -1.183 -1.158 -1.131 -1.101 -1.070 -1.038 -1.003 -0.967 
-0.929 -0.891 -0.851 -0.810 -0.769 -0.727 -0.686 -0.646 -0.607 -0.570 
-0.535 -0.503 -0.473 -0.447 -0.424 -0.404 -0.387 -0.374 -0.362 -0.352 
-0.344 -0.335 -0.326 -0.316 -0.304 -0.291 -0.276 -0.259 -0.241 -0.222 
-0.204 -0.187 -0.172 -0.163 -0.161 -0.167 -0.183 -0.209 -0.244 -0.288 
-0.338 -0.393 -0.451 -0.510 -0.569 -0.628 -0.685 -0.740 -0.793 -0.843 
-0.891 -0.936 -0.979 -1.019 -1.056 -1.091 -1.123 -1.152 -1.180 -1.204 
-1.232 
-1.342 -1.380 -1.401 -1.420 -1.436 -1.449 -1.461 -1.470 -1.477 -1.482 
-1.484 -1.484 -1.483 -1.479 -1.473 -1.464 -1.454 -1.441 -1.427 -1.410 
-1.391 -1.370 -1.346 -1.321 -1.293 -1.263 -1.231 -1.196 -1.159 -1.121 
-1.079 -1.036 -0.991 -0.944 -0.896 -0.846 -0.796 -0.744 -0.692 -0.641 
-0.590 -0.540 -0.492 -0.446 -0.405 -0.370 -0.346 -0.334 -0.332 -0.334 
-0.339 -0.342 -0.344 -0.344 -0.341 -0.335 -0.328 -0.318 -0.307 -0.296 
-0.285 -0.277 -0.272 -0.272 -0.280 -0.295 -0.319 -0.351 -0.390 -0.435 
-0.483 -0.532 -0.581 -0.630 -0.678 -0.725 -0.773 -0.822 -0.871 -0.922 
-0.972 -1.022 -1.069 -1.115 -1.158 -1.198 -1.235 -1.270 -1.301 -1.330 
-1.336 
-1.311 -1.323 -1.360 -1.394 -1.424 -1.452 -1.476 -1.498 -1.517 -1.533 
-1.547 -1.558 -1.566 -1.572 -1.575 -1.576 -1.574 -1.570 -1.563 -1.553 
-1.541 -1.526 -1.509 -1.489 -1.466 -1.440 -1.411 -1.379 -1.344 -1.305 
-1.263 -1.217 -1.167 -1.113 -1.055 -0.992 -0.924 -0.851 -0.773 -0.688 
-0.599 -0.505 -0.409 -0.317 -0.237 -0.177 -0.147 -0.150 -0.180 -0.230 
-0.288 -0.348 -0.403 -0.453 -0.496 -0.532 -0.561 -0.584 -0.600 -0.612 
-0.619 -0.622 -0.623 -0.622 -0.619 -0.615 -0.610 -0.602 -0.591 -0.578 
-0.562 -0.545 -0.529 -0.518 -0.514 -0.520 -0.539 -0.570 -0.613 -0.665 
-0.723 -0.785 -0.848 -0.911 -0.973 -1.033 -1.089 -1.143 -1.193 -1.240 
-1.294 
-1.517 -1.569 -1.608 -1.643 -1.675 -1.704 -1.730 -1.753 -1.772 -1.789 
-1.804 -1.815 -1.824 -1.830 -1.834 -1.835 -1.833 -1.828 -1.821 -1.812 
-1.799 -1.784 -1.766 -1.745 -1.721 -1.694 -1.663 -1.629 -1.591 -1.550 
-1.504 -1.455 -1.400 -1.341 -1.276 -1.205 -1.128 -1.045 -0.955 -0.858 
-0.757 -0.653 -0.551 -0.460 -0.388 -0.345 -0.335 -0.359 -0.409 -0.476 
-0.549 -0.619 -0.683 -0.741 -0.790 -0.832 -0.866 -0.893 -0.913 -0.927 
-0.934 -0.935 -0.929 -0.918 -0.901 -0.877 -0.848 -0.813 -0.774 -0.730 
-0.684 -0.637 -0.595 -0.561 -0.545 -0.553 -0.589 -0.648 -0.721 -0.801 
-0.883 -0.964 -1.043 -1.118 -1.189 -1.256 -1.319 -1.377 -1.431 -1.481 
-1.505 
-1.673 -1.711 -1.754 -1.792 -1.827 -1.859 -1.887 -1.912 -1.934 -1.953 
-1.969 -1.982 -1.992 -2.000 -2.005 -2.007 -2.006 -2.003 -1.997 -1.989 
-1.977 -1.963 -1.946 -1.926 -1.903 -1.877 -1.847 -1.814 -1.778 -1.737 
-1.692 -1.643 -1.589 -1.530 -1.465 -1.393 -1.314 -1.228 -1.132 -1.026 
-0.910 -0.783 -0.651 -0.527 -0.430 -0.367 -0.332 -0.333 -0.376 -0.449 
-0.537 -0.624 -0.706 -0.777 -0.839 -0.890 -0.932 -0.964 -0.989 -1.005 
-1.013 -1.014 -1.007 -0.992 -0.970 -0.939 -0.900 -0.852 -0.795 -0.728 
-0.653 -0.571 -0.489 -0.417 -0.373 -0.372 -0.422 -0.513 -0.628 -0.750 
-0.870 -0.984 -1.089 -1.185 -1.273 -1.354 -1.427 -1.495 -1.556 -1.613 
-1.656 
-1.744 -1.784 -1.822 -1.856 -1.887 -1.915 -1.939 -1.960 -1.978 -1.993 
-2.005 -2.014 -2.021 -2.025 -2.026 -2.025 -2.020 -2.014 -2.004 -1.991 
-1.976 -1.957 -1.936 -1.911 -1.884 -1.852 -1.818 -1.779 -1.736 -1.689 
-1.637 -1.580 -1.517 -1.448 -1.372 -1.288 -1.194 -1.089 -0.972 -0.841 
-0.694 -0.537 -0.385 -0.271 -0.230 -0.268 -0.353 -0.453 -0.553 -0.649 
-0.737 -0.814 -0.879 -0.935 -0.980 -1.017 -1.045 -1.065 -1.078 -1.083 
-1.082 -1.074 -1.059 -1.037 -1.009 -0.973 -0.931 -0.882 -0.825 -0.762 
-0.693 -0.621 -0.554 -0.502 -0.483 -0.507 -0.575 -0.674 -0.788 -0.905 
-1.017 -1.122 -1.218 -1.307 -1.387 -1.461 -1.528 -1.589 -1.645 -1.696 
-1.730 
-1.721 -1.750 -1.780 -1.807 -1.831 -1.852 -1.871 -1.887 -1.901 -1.912 
-1.920 -1.927 -1.930 -1.932 -1.931 -1.927 -1.921 -1.913 -1.902 -1.889 
-1.873 -1.855 -1.833 -1.809 -1.783 -1.753 -1.720 -1.685 -1.646 -1.603 
-1.557 -1.507 -1.454 -1.396 -1.334 -1.267 -1.196 -1.121 -1.040 -0.955 
-0.866 -0.773 -0.679 -0.599 -0.556 -0.555 -0.575 -0.602 -0.634 -0.668 
-0.705 -0.741 -0.775 -0.806 -0.832 -0.854 -0.870 -0.881 -0.887 -0.887 
-0.882 -0.872 -0.858 -0.839 -0.818 -0.793 -0.769 -0.745 -0.725 -0.711 
-0.705 -0.707 -0.719 -0.740 -0.775 -0.827 -0.894 -0.971 -1.049 -1.126 
-1.200 -1.269 -1.334 -1.396 -1.452 -1.506 -1.555 -1.601 -1.643 -1.682 
-1.710 
-1.644 -1.678 -1.712 -1.744 -1.773 -1.799 -1.822 -1.843 -1.860 -1.876 
-1.888 -1.899 -1.907 -1.912 -1.915 -1.915 -1.913 -1.909 -1.902 -1.893 
-1.881 -1.867 -1.850 -1.830 -1.808 -1.783 -1.755 -1.723 -1.689 -1.652 
-1.611 -1.566 -1.518 -1.466 -1.409 -1.349 -1.284 -1.214 -1.141 -1.063 
-0.982 -0.898 -0.814 -0.733 -0.656 -0.588 -0.526 -0.473 -0.443 -0.468 
-0.534 -0.606 -0.671 -0.727 -0.777 -0.819 -0.855 -0.884 -0.908 -0.925 
-0.938 -0.945 -0.948 -0.947 -0.942 -0.934 -0.925 -0.914 -0.905 -0.897 
-0.894 -0.897 -0.905 -0.920 -0.939 -0.964 -0.992 -1.022 -1.054 -1.090 
-1.131 -1.178 -1.231 -1.287 -1.344 -1.401 -1.455 -1.506 -1.554 -1.598 
-1.632 
-1.583 -1.621 -1.674 -1.723 -1.768 -1.809 -1.846 -1.880 -1.909 -1.936 
-1.959 -1.979 -1.996 -2.011 -2.022 -2.030 -2.036 -2.039 -2.039 -2.036 
-2.031 -2.022 -2.011 -1.997 -1.980 -1.960 -1.937 -1.910 -1.880 -1.846 
-1.809 -1.768 -1.722 -1.672 -1.617 -1.557 -1.491 -1.419 -1.340 -1.255 
-1.164 -1.065 -0.960 -0.846 -0.721 -0.577 -0.416 -0.260 -0.169 -0.193 
-0.313 -0.468 -0.614 -0.739 -0.843 -0.928 -0.999 -1.057 -1.105 -1.143 
-1.173 -1.196 -1.212 -1.221 -1.225 -1.224 -1.218 -1.207 -1.191 -1.172 
-1.148 -1.122 -1.092 -1.060 -1.025 -0.989 -0.953 -0.921 -0.898 -0.889 
-0.899 -0.931 -0.982 -1.049 -1.124 -1.204 -1.283 -1.359 -1.431 -1.499 
-1.559 
-1.640 -1.678 -1.719 -1.756 -1.791 -1.822 -1.850 -1.875 -1.897 -1.916 
-1.932 -1.945 -1.956 -1.964 -1.970 -1.972 -1.972 -1.970 -1.964 -1.956 
-1.946 -1.932 -1.915 -1.896 -1.873 -1.847 -1.818 -1.786 -1.750 -1.710 
-1.666 -1.617 -1.565 -1.507 -1.444 -1.376 -1.303 -1.224 -1.141 -1.054 
-0.965 -0.880 -0.804 -0.743 -0.700 -0.673 -0.650 -0.618 -0.597 -0.636 
-0.725 -0.817 -0.896 -0.963 -1.020 -1.069 -1.110 -1.144 -1.172 -1.193 
-1.209 -1.220 -1.225 -1.225 -1.220 -1.211 -1.197 -1.180 -1.159 -1.134 
-1.108 -1.081 -1.054 -1.030 -1.010 -0.996 -0.991 -0.995 -1.010 -1.036 
-1.072 -1.119 -1.174 -1.234 -1.297 -1.359 -1.420 -1.479 -1.534 -1.585 
-1.626 
-1.744 -1.775 -1.812 -1.846 -1.878 -1.908 -1.934 -1.959 -1.980 -1.999 
-2.016 -2.030 -2.042 -2.051 -2.058 -2.063 -2.065 -2.065 -2.062 -2.057 
-2.050 -2.040 -2.027 -2.012 -1.994 -1.974 -1.950 -1.924 -1.894 -1.862 
-1.825 -1.786 -1.742 -1.694 -1.642 -1.585 -1.523 -1.455 -1.382 -1.302 
-1.218 -1.129 -1.040 -0.957 -0.892 -0.850 -0.824 -0.803 -0.784 -0.772 
-0.771 -0.784 -0.809 -0.843 -0.882 -0.923 -0.963 -0.999 -1.032 -1.061 
-1.085 -1.104 -1.118 -1.128 -1.133 -1.135 -1.133 -1.127 -1.119 -1.109 
-1.096 -1.083 -1.070 -1.058 -1.049 -1.046 -1.054 -1.076 -1.112 -1.160 
-1.213 -1.270 -1.328 -1.385 -1.441 -1.496 -1.548 -1.599 -1.647 -1.692 
-1.730 
-1.896 -1.941 -1.986 -2.027 -2.064 -2.097 -2.127 -2.154 -2.177 -2.198 
-2.215 -2.230 -2.241 -2.250 -2.256 -2.260 -2.260 -2.258 -2.253 -2.245 
-2.235 -2.221 -2.205 -2.185 -2.162 -2.136 -2.107 -2.073 -2.036 -1.995 
-1.949 -1.898 -1.842 -1.781 -1.712 -1.636 -1.553 -1.459 -1.356 -1.241 
-1.116 -0.983 -0.852 -0.741 -0.671 -0.653 -0.679 -0.742 -0.832 -0.923 
-1.004 -1.075 -1.137 -1.193 -1.244 -1.289 -1.328 -1.361 -1.387 -1.408 
-1.422 -1.430 -1.432 -1.428 -1.418 -1.401 -1.378 -1.348 -1.312 -1.268 
-1.217 -1.158 -1.094 -1.028 -0.965 -0.916 -0.894 -0.906 -0.952 -1.024 
-1.113 -1.209 -1.306 -1.399 -1.487 -1.570 -1.645 -1.715 -1.779 -1.838 
-1.879 
-2.023 -2.068 -2.119 -2.166 -2.208 -2.246 -2.280 -2.311 -2.338 -2.361 
-2.382 -2.399 -2.413 -2.424 -2.432 -2.438 -2.440 -2.440 -2.437 -2.431 
-2.422 -2.410 -2.395 -2.377 -2.357 -2.332 -2.305 -2.274 -2.239 -2.201 
-2.158 -2.111 -2.060 -2.003 -1.941 -1.872 -1.797 -1.714 -1.623 -1.521 
-1.409 -1.284 -1.147 -1.003 -0.856 -0.721 -0.629 -0.627 -0.720 -0.861 
-1.006 -1.133 -1.239 -1.327 -1.400 -1.460 -1.509 -1.548 -1.579 -1.602 
-1.618 -1.628 -1.632 -1.630 -1.623 -1.611 -1.594 -1.573 -1.547 -1.517 
-1.481 -1.440 -1.393 -1.340 -1.283 -1.229 -1.184 -1.157 -1.153 -1.173 
-1.218 -1.286 -1.370 -1.461 -1.554 -1.644 -1.729 -1.809 -1.882 -1.950 
-2.002 
-2.157 -2.188 -2.219 -2.247 -2.271 -2.293 -2.312 -2.328 -2.341 -2.352 
-2.361 -2.367 -2.370 -2.371 -2.370 -2.366 -2.359 -2.351 -2.339 -2.326 
-2.309 -2.290 -2.269 -2.244 -2.217 -2.187 -2.154 -2.118 -2.079 -2.036 
-1.990 -1.941 -1.887 -1.830 -1.769 -1.704 -1.635 -1.563 -1.487 -1.409 
-1.330 -1.254 -1.184 -1.125 -1.076 -1.030 -0.994 -1.000 -1.055 -1.122 
-1.182 -1.231 -1.272 -1.306 -1.334 -1.356 -1.373 -1.385 -1.392 -1.395 
-1.392 -1.386 -1.376 -1.363 -1.347 -1.328 -1.309 -1.289 -1.270 -1.255 
-1.248 -1.255 -1.279 -1.317 -1.362 -1.407 -1.449 -1.487 -1.525 -1.568 
-1.618 -1.678 -1.741 -1.806 -1.868 -1.926 -1.980 -2.030 -2.075 -2.117 
-2.147 
-2.303 -2.330 -2.358 -2.383 -2.406 -2.425 -2.442 -2.456 -2.467 -2.476 
-2.482 -2.486 -2.487 -2.486 -2.482 -2.475 -2.466 -2.454 -2.440 -2.423 
-2.403 -2.381 -2.355 -2.327 -2.295 -2.260 -2.222 -2.179 -2.133 -2.083 
-2.029 -1.970 -1.905 -1.835 -1.759 -1.677 -1.587 -1.491 -1.387 -1.279 
-1.171 -1.071 -0.993 -0.949 -0.947 -0.980 -1.036 -1.101 -1.166 -1.226 
-1.280 -1.325 -1.363 -1.393 -1.415 -1.431 -1.439 -1.439 -1.433 -1.419 
-1.398 -1.370 -1.335 -1.293 -1.246 -1.195 -1.143 -1.092 -1.043 -1.000 
-0.974 -0.977 -1.014 -1.085 -1.179 -1.283 -1.389 -1.491 -1.588 -1.678 
-1.761 -1.837 -1.907 -1.972 -2.032 -2.086 -2.137 -2.183 -2.225 -2.263 
-2.291 
-2.372 -2.418 -2.443 -2.465 -2.484 -2.500 -2.514 -2.526 -2.536 -2.542 
-2.547 -2.549 -2.549 -2.546 -2.542 -2.534 -2.525 -2.513 -2.498 -2.482 
-2.462 -2.441 -2.416 -2.389 -2.360 -2.328 -2.293 -2.256 -2.215 -2.172 
-2.126 -2.078 -2.027 -1.973 -1.917 -1.858 -1.797 -1.733 -1.668 -1.601 
-1.533 -1.468 -1.412 -1.374 -1.357 -1.357 -1.366 -1.376 -1.387 -1.399 
-1.411 -1.423 -1.432 -1.438 -1.440 -1.435 -1.423 -1.405 -1.379 -1.346 
-1.306 -1.259 -1.207 -1.153 -1.102 -1.062 -1.042 -1.047 -1.077 -1.125 
-1.184 -1.252 -1.329 -1.415 -1.505 -1.594 -1.679 -1.758 -1.830 -1.898 
-1.960 -2.018 -2.073 -2.123 -2.171 -2.215 -2.256 -2.294 -2.329 -2.362 
-2.366 
-2.211 -2.225 -2.257 -2.287 -2.314 -2.339 -2.362 -2.383 -2.401 -2.417 
-2.431 -2.442 -2.452 -2.459 -2.463 -2.466 -2.466 -2.463 -2.459 -2.452 
-2.442 -2.431 -2.416 -2.399 -2.380 -2.358 -2.333 -2.306 -2.275 -2.242 
-2.205 -2.166 -2.123 -2.077 -2.027 -1.973 -1.916 -1.856 -1.791 -1.722 
-1.649 -1.571 -1.489 -1.405 -1.324 -1.253 -1.202 -1.176 -1.169 -1.178 
-1.200 -1.231 -1.269 -1.310 -1.352 -1.390 -1.424 -1.454 -1.477 -1.494 
-1.504 -1.507 -1.504 -1.495 -1.482 -1.471 -1.466 -1.471 -1.488 -1.512 
-1.536 -1.557 -1.575 -1.590 -1.604 -1.620 -1.639 -1.664 -1.694 -1.730 
-1.770 -1.813 -1.857 -1.902 -1.947 -1.991 -2.035 -2.076 -2.116 -2.155 
-2.199 
-2.270 -2.297 -2.336 -2.371 -2.403 -2.432 -2.458 -2.481 -2.501 -2.519 
-2.534 -2.545 -2.555 -2.561 -2.565 -2.567 -2.566 -2.562 -2.556 -2.547 
-2.535 -2.521 -2.504 -2.484 -2.461 -2.435 -2.406 -2.374 -2.338 -2.299 
-2.256 -2.209 -2.157 -2.101 -2.040 -1.974 -1.902 -1.823 -1.737 -1.644 
-1.542 -1.432 -1.315 -1.198 -1.091 -1.013 -0.982 -1.002 -1.059 -1.135 
-1.214 -1.289 -1.359 -1.422 -1.478 -1.527 -1.570 -1.608 -1.639 -1.666 
-1.687 -1.703 -1.714 -1.720 -1.721 -1.717 -1.708 -1.694 -1.674 -1.651 
-1.623 -1.593 -1.563 -1.535 -1.512 -1.500 -1.502 -1.520 -1.554 -1.602 
-1.660 -1.724 -1.791 -1.859 -1.925 -1.989 -2.049 -2.106 -2.159 -2.209 
-2.253 
-2.471 -2.517 -2.535 -2.550 -2.562 -2.572 -2.580 -2.586 -2.589 -2.591 
-2.590 -2.587 -2.582 -2.575 -2.565 -2.554 -2.540 -2.525 -2.507 -2.486 
-2.464 -2.439 -2.412 -2.382 -2.350 -2.315 -2.277 -2.237 -2.194 -2.148 
-2.099 -2.047 -1.992 -1.934 -1.872 -1.808 -1.742 -1.673 -1.602 -1.531 
-1.461 -1.392 -1.326 -1.266 -1.213 -1.174 -1.156 -1.162 -1.184 -1.214 
-1.249 -1.286 -1.324 -1.361 -1.398 -1.435 -1.470 -1.505 -1.539 -1.573 
-1.607 -1.640 -1.673 -1.706 -1.738 -1.769 -1.799 -1.828 -1.854 -1.878 
-1.899 -1.917 -1.932 -1.944 -1.956 -1.970 -1.990 -2.016 -2.051 -2.092 
-2.137 -2.184 -2.230 -2.274 -2.316 -2.354 -2.389 -2.420 -2.449 -2.475 
-2.468 
-2.416 -2.413 -2.427 -2.439 -2.450 -2.458 -2.464 -2.468 -2.471 -2.471 
-2.470 -2.466 -2.461 -2.453 -2.443 -2.431 -2.418 -2.401 -2.383 -2.362 
-2.339 -2.314 -2.286 -2.256 -2.223 -2.187 -2.148 -2.107 -2.063 -2.015 
-1.965 -1.911 -1.854 -1.795 -1.732 -1.667 -1.601 -1.534 -1.468 -1.404 
-1.345 -1.293 -1.252 -1.224 -1.211 -1.213 -1.228 -1.252 -1.282 -1.315 
-1.350 -1.384 -1.417 -1.449 -1.479 -1.507 -1.533 -1.557 -1.580 -1.601 
-1.621 -1.640 -1.659 -1.677 -1.695 -1.714 -1.733 -1.753 -1.773 -1.795 
-1.818 -1.843 -1.870 -1.899 -1.931 -1.964 -1.999 -2.034 -2.069 -2.104 
-2.139 -2.172 -2.204 -2.234 -2.263 -2.290 -2.315 -2.339 -2.360 -2.380 
-2.410 
-2.544 -2.564 -2.589 -2.612 -2.632 -2.650 -2.665 -2.677 -2.687 -2.695 
-2.700 -2.703 -2.704 -2.702 -2.698 -2.691 -2.682 -2.670 -2.656 -2.639 
-2.620 -2.598 -2.573 -2.545 -2.514 -2.480 -2.443 -2.403 -2.358 -2.310 
-2.258 -2.202 -2.141 -2.075 -2.004 -1.928 -1.846 -1.759 -1.666 -1.569 
-1.469 -1.369 -1.272 -1.188 -1.144 -1.171 -1.236 -1.309 -1.382 -1.451 
-1.514 -1.570 -1.620 -1.663 -1.699 -1.730 -1.754 -1.773 -1.787 -1.796 
-1.800 -1.800 -1.795 -1.785 -1.770 -1.750 -1.724 -1.693 -1.657 -1.623 
-1.610 -1.629 -1.673 -1.725 -1.777 -1.830 -1.883 -1.938 -1.994 -2.050 
-2.106 -2.160 -2.212 -2.262 -2.310 -2.355 -2.397 -2.436 -2.472 -2.505 
-2.533 
-2.845 -2.901 -2.931 -2.958 -2.981 -3.002 -3.020 -3.035 -3.048 -3.058 
-3.065 -3.070 -3.072 -3.071 -3.068 -3.062 -3.054 -3.043 -3.029 -3.012 
-2.993 -2.971 -2.945 -2.917 -2.885 -2.849 -2.810 -2.767 -2.719 -2.667 
-2.610 -2.548 -2.479 -2.403 -2.320 -2.228 -2.125 -2.010 -1.880 -1.732 
-1.563 -1.371 -1.166 -0.994 -0.922 -0.985 -1.133 -1.298 -1.442 -1.562 
-1.660 -1.740 -1.804 -1.856 -1.895 -1.924 -1.944 -1.954 -1.955 -1.947 
-1.929 -1.902 -1.865 -1.816 -1.754 -1.679 -1.590 -1.489 -1.386 -1.303 
-1.269 -1.304 -1.395 -1.514 -1.644 -1.774 -1.899 -2.016 -2.122 -2.219 
-2.307 -2.387 -2.461 -2.528 -2.590 -2.647 -2.699 -2.747 -2.791 -2.831 
-2.836 
-2.848 -2.884 -2.915 -2.943 -2.967 -2.988 -3.007 -3.022 -3.034 -3.044 
-3.051 -3.056 -3.057 -3.056 -3.053 -3.046 -3.037 -3.026 -3.011 -2.994 
-2.974 -2.951 -2.925 -2.895 -2.863 -2.826 -2.786 -2.743 -2.694 -2.642 
-2.584 -2.521 -2.452 -2.377 -2.293 -2.201 -2.098 -1.983 -1.852 -1.702 
-1.532 -1.350 -1.188 -1.094 -1.106 -1.218 -1.370 -1.513 -1.633 -1.731 
-1.811 -1.876 -1.928 -1.970 -2.003 -2.027 -2.044 -2.054 -2.057 -2.053 
-2.044 -2.027 -2.005 -1.975 -1.938 -1.891 -1.833 -1.764 -1.684 -1.601 
-1.531 -1.484 -1.462 -1.473 -1.531 -1.630 -1.752 -1.880 -2.004 -2.118 
-2.222 -2.317 -2.402 -2.478 -2.548 -2.611 -2.669 -2.721 -2.768 -2.810 
-2.835 
-2.704 -2.713 -2.733 -2.751 -2.766 -2.779 -2.789 -2.798 -2.804 -2.807 
-2.808 -2.808 -2.804 -2.799 -2.791 -2.781 -2.768 -2.753 -2.736 -2.716 
-2.694 -2.669 -2.641 -2.610 -2.577 -2.541 -2.501 -2.459 -2.413 -2.364 
-2.311 -2.255 -2.195 -2.132 -2.065 -1.995 -1.922 -1.847 -1.770 -1.692 
-1.612 -1.531 -1.455 -1.407 -1.409 -1.437 -1.471 -1.506 -1.541 -1.575 
-1.608 -1.637 -1.662 -1.684 -1.701 -1.713 -1.722 -1.727 -1.728 -1.727 
-1.723 -1.717 -1.711 -1.705 -1.700 -1.698 -1.699 -1.704 -1.713 -1.727 
-1.742 -1.759 -1.780 -1.814 -1.870 -1.943 -2.021 -2.098 -2.170 -2.236 
-2.296 -2.352 -2.403 -2.450 -2.494 -2.534 -2.571 -2.605 -2.636 -2.664 
-2.697 
-2.744 -2.763 -2.787 -2.809 -2.827 -2.843 -2.857 -2.868 -2.877 -2.883 
-2.887 -2.888 -2.887 -2.884 -2.878 -2.870 -2.859 -2.846 -2.830 -2.812 
-2.791 -2.767 -2.741 -2.712 -2.679 -2.644 -2.605 -2.562 -2.517 -2.467 
-2.413 -2.355 -2.293 -2.226 -2.155 -2.079 -1.999 -1.916 -1.830 -1.744 
-1.659 -1.579 -1.507 -1.448 -1.408 -1.390 -1.395 -1.419 -1.456 -1.499 
-1.542 -1.583 -1.619 -1.649 -1.673 -1.691 -1.702 -1.707 -1.705 -1.698 
-1.686 -1.669 -1.649 -1.625 -1.601 -1.579 -1.560 -1.550 -1.551 -1.567 
-1.599 -1.648 -1.709 -1.780 -1.856 -1.934 -2.011 -2.087 -2.159 -2.228 
-2.292 -2.353 -2.410 -2.463 -2.512 -2.558 -2.600 -2.639 -2.674 -2.707 
-2.734 
-2.902 -2.916 -2.934 -2.950 -2.963 -2.974 -2.982 -2.988 -2.992 -2.993 
-2.991 -2.987 -2.981 -2.972 -2.961 -2.947 -2.930 -2.911 -2.889 -2.864 
-2.836 -2.806 -2.772 -2.734 -2.694 -2.649 -2.601 -2.548 -2.491 -2.429 
-2.362 -2.290 -2.211 -2.127 -2.036 -1.941 -1.846 -1.760 -1.692 -1.640 
-1.600 -1.573 -1.560 -1.562 -1.576 -1.600 -1.632 -1.669 -1.708 -1.745 
-1.778 -1.806 -1.827 -1.843 -1.852 -1.855 -1.852 -1.844 -1.830 -1.812 
-1.791 -1.767 -1.743 -1.721 -1.704 -1.695 -1.697 -1.711 -1.740 -1.782 
-1.837 -1.901 -1.972 -2.046 -2.121 -2.195 -2.267 -2.335 -2.399 -2.460 
-2.517 -2.570 -2.619 -2.665 -2.707 -2.746 -2.782 -2.814 -2.844 -2.871 
-2.895 
-3.084 -3.153 -3.175 -3.194 -3.210 -3.223 -3.233 -3.240 -3.244 -3.246 
-3.244 -3.240 -3.233 -3.223 -3.211 -3.195 -3.176 -3.154 -3.129 -3.100 
-3.067 -3.031 -2.991 -2.946 -2.897 -2.843 -2.783 -2.716 -2.643 -2.561 
-2.471 -2.370 -2.258 -2.134 -2.000 -1.863 -1.740 -1.659 -1.635 -1.661 
-1.708 -1.759 -1.814 -1.880 -1.952 -2.022 -2.087 -2.145 -2.194 -2.235 
-2.268 -2.293 -2.312 -2.323 -2.328 -2.325 -2.317 -2.302 -2.281 -2.254 
-2.221 -2.183 -2.142 -2.098 -2.055 -2.017 -1.989 -1.979 -1.992 -2.028 
-2.084 -2.152 -2.225 -2.295 -2.360 -2.420 -2.476 -2.529 -2.583 -2.638 
-2.693 -2.748 -2.802 -2.854 -2.904 -2.950 -2.992 -3.031 -3.067 -3.099 
-3.080 
-2.862 -2.869 -2.903 -2.933 -2.960 -2.983 -3.004 -3.021 -3.035 -3.046 
-3.054 -3.059 -3.061 -3.060 -3.056 -3.049 -3.039 -3.026 -3.010 -2.991 
-2.968 -2.942 -2.912 -2.879 -2.841 -2.799 -2.753 -2.702 -2.646 -2.585 
-2.518 -2.445 -2.364 -2.277 -2.181 -2.079 -1.973 -1.873 -1.785 -1.705 
-1.632 -1.586 -1.587 -1.637 -1.722 -1.820 -1.916 -2.004 -2.081 -2.146 
-2.202 -2.247 -2.283 -2.311 -2.331 -2.343 -2.348 -2.345 -2.335 -2.319 
-2.295 -2.267 -2.234 -2.201 -2.171 -2.149 -2.138 -2.139 -2.148 -2.163 
-2.175 -2.183 -2.183 -2.178 -2.171 -2.168 -2.172 -2.187 -2.214 -2.253 
-2.301 -2.356 -2.415 -2.475 -2.534 -2.592 -2.647 -2.698 -2.747 -2.791 
-2.845 
-2.919 -2.937 -2.953 -2.967 -2.978 -2.986 -2.992 -2.995 -2.995 -2.992 
-2.987 -2.979 -2.969 -2.956 -2.940 -2.921 -2.900 -2.875 -2.848 -2.818 
-2.784 -2.747 -2.707 -2.664 -2.617 -2.567 -2.512 -2.455 -2.393 -2.329 
-2.262 -2.193 -2.123 -2.054 -1.988 -1.928 -1.877 -1.837 -1.808 -1.788 
-1.777 -1.777 -1.795 -1.830 -1.874 -1.916 -1.954 -1.986 -2.010 -2.028 
-2.039 -2.044 -2.042 -2.034 -2.020 -2.000 -1.973 -1.941 -1.903 -1.861 
-1.816 -1.771 -1.728 -1.692 -1.669 -1.664 -1.681 -1.721 -1.781 -1.854 
-1.934 -2.014 -2.090 -2.161 -2.226 -2.285 -2.340 -2.392 -2.443 -2.494 
-2.545 -2.595 -2.643 -2.689 -2.731 -2.770 -2.806 -2.839 -2.868 -2.894 
-2.913 
-3.070 -3.087 -3.098 -3.106 -3.111 -3.114 -3.115 -3.113 -3.109 -3.102 
-3.093 -3.081 -3.067 -3.050 -3.030 -3.008 -2.983 -2.955 -2.924 -2.890 
-2.852 -2.811 -2.767 -2.719 -2.667 -2.611 -2.551 -2.487 -2.418 -2.344 
-2.267 -2.186 -2.103 -2.019 -1.937 -1.862 -1.798 -1.748 -1.716 -1.702 
-1.705 -1.726 -1.760 -1.801 -1.843 -1.882 -1.916 -1.944 -1.966 -1.981 
-1.989 -1.990 -1.986 -1.974 -1.957 -1.934 -1.906 -1.874 -1.839 -1.805 
-1.774 -1.752 -1.742 -1.747 -1.769 -1.807 -1.859 -1.922 -1.995 -2.072 
-2.151 -2.230 -2.307 -2.381 -2.451 -2.517 -2.579 -2.637 -2.691 -2.741 
-2.788 -2.831 -2.870 -2.906 -2.939 -2.968 -2.995 -3.019 -3.040 -3.058 
-3.066 
-3.161 -3.178 -3.195 -3.209 -3.221 -3.230 -3.236 -3.241 -3.242 -3.241 
-3.238 -3.232 -3.223 -3.212 -3.198 -3.182 -3.163 -3.141 -3.116 -3.088 
-3.056 -3.022 -2.984 -2.942 -2.896 -2.847 -2.792 -2.734 -2.670 -2.601 
-2.526 -2.446 -2.359 -2.267 -2.169 -2.068 -1.964 -1.862 -1.767 -1.690 
-1.644 -1.637 -1.666 -1.722 -1.791 -1.862 -1.929 -1.988 -2.039 -2.082 
-2.116 -2.143 -2.161 -2.173 -2.177 -2.175 -2.167 -2.153 -2.134 -2.111 
-2.087 -2.062 -2.040 -2.022 -2.008 -2.000 -1.999 -2.011 -2.038 -2.081 
-2.137 -2.202 -2.272 -2.345 -2.417 -2.488 -2.557 -2.622 -2.684 -2.742 
-2.797 -2.848 -2.895 -2.939 -2.980 -3.017 -3.051 -3.082 -3.111 -3.136 
-3.153 
-3.142 -3.171 -3.183 -3.193 -3.200 -3.205 -3.207 -3.207 -3.205 -3.200 
-3.194 -3.186 -3.176 -3.165 -3.152 -3.138 -3.122 -3.105 -3.087 -3.067 
-3.046 -3.022 -2.996 -2.967 -2.934 -2.899 -2.858 -2.814 -2.764 -2.708 
-2.646 -2.578 -2.503 -2.421 -2.332 -2.237 -2.137 -2.038 -1.945 -1.868 
-1.818 -1.802 -1.818 -1.857 -1.909 -1.965 -2.018 -2.065 -2.103 -2.130 
-2.146 -2.151 -2.143 -2.123 -2.094 -2.062 -2.039 -2.033 -2.040 -2.048 
-2.046 -2.030 -1.999 -1.957 -1.910 -1.865 -1.832 -1.823 -1.845 -1.899 
-1.977 -2.070 -2.169 -2.268 -2.363 -2.452 -2.535 -2.611 -2.682 -2.746 
-2.805 -2.859 -2.908 -2.952 -2.992 -3.029 -3.061 -3.089 -3.115 -3.136 
-3.135 
-2.957 -2.945 -2.940 -2.933 -2.924 -2.914 -2.902 -2.890 -2.876 -2.862 
-2.848 -2.833 -2.818 -2.804 -2.791 -2.778 -2.766 -2.755 -2.746 -2.738 
-2.731 -2.725 -2.720 -2.715 -2.711 -2.707 -2.702 -2.695 -2.688 -2.678 
-2.666 -2.651 -2.632 -2.608 -2.579 -2.544 -2.504 -2.458 -2.410 -2.365 
-2.327 -2.301 -2.285 -2.274 -2.261 -2.242 -2.214 -2.177 -2.132 -2.077 
-2.014 -1.943 -1.864 -1.781 -1.701 -1.637 -1.605 -1.615 -1.667 -1.747 
-1.838 -1.928 -2.009 -2.077 -2.131 -2.172 -2.206 -2.240 -2.284 -2.339 
-2.403 -2.469 -2.533 -2.592 -2.646 -2.693 -2.735 -2.772 -2.804 -2.833 
-2.858 -2.879 -2.897 -2.912 -2.925 -2.935 -2.942 -2.947 -2.950 -2.950 
-2.959 
-2.953 -2.951 -2.958 -2.963 -2.967 -2.969 -2.970 -2.970 -2.967 -2.964 
-2.959 -2.953 -2.946 -2.937 -2.927 -2.916 -2.905 -2.892 -2.878 -2.863 
-2.847 -2.830 -2.813 -2.794 -2.774 -2.754 -2.733 -2.712 -2.690 -2.669 
-2.646 -2.624 -2.600 -2.576 -2.551 -2.524 -2.495 -2.465 -2.432 -2.397 
-2.359 -2.320 -2.278 -2.235 -2.190 -2.144 -2.097 -2.051 -2.006 -1.964 
-1.924 -1.888 -1.857 -1.831 -1.811 -1.798 -1.799 -1.817 -1.854 -1.901 
-1.955 -2.010 -2.065 -2.119 -2.172 -2.223 -2.272 -2.319 -2.364 -2.408 
-2.449 -2.489 -2.527 -2.564 -2.599 -2.632 -2.663 -2.693 -2.721 -2.748 
-2.773 -2.797 -2.819 -2.840 -2.859 -2.877 -2.893 -2.908 -2.921 -2.932 
-2.948 
-3.136 -3.140 -3.140 -3.137 -3.132 -3.124 -3.115 -3.104 -3.090 -3.074 
-3.056 -3.036 -3.014 -2.989 -2.962 -2.934 -2.903 -2.871 -2.836 -2.801 
-2.764 -2.726 -2.688 -2.650 -2.613 -2.577 -2.542 -2.510 -2.481 -2.454 
-2.429 -2.406 -2.385 -2.363 -2.340 -2.316 -2.293 -2.271 -2.255 -2.246 
-2.243 -2.243 -2.243 -2.240 -2.233 -2.222 -2.206 -2.185 -2.160 -2.132 
-2.102 -2.071 -2.039 -2.008 -1.980 -1.958 -1.943 -1.940 -1.949 -1.973 
-2.012 -2.063 -2.123 -2.188 -2.257 -2.325 -2.392 -2.456 -2.518 -2.576 
-2.630 -2.681 -2.729 -2.774 -2.815 -2.854 -2.890 -2.923 -2.954 -2.982 
-3.007 -3.030 -3.051 -3.070 -3.086 -3.100 -3.112 -3.122 -3.130 -3.135 
-3.136 
-3.343 -3.377 -3.381 -3.383 -3.383 -3.380 -3.375 -3.367 -3.358 -3.345 
-3.331 -3.314 -3.295 -3.273 -3.248 -3.222 -3.192 -3.160 -3.126 -3.089 
-3.049 -3.007 -2.962 -2.915 -2.865 -2.812 -2.757 -2.698 -2.635 -2.569 
-2.498 -2.423 -2.343 -2.259 -2.175 -2.094 -2.021 -1.963 -1.926 -1.912 
-1.918 -1.939 -1.969 -2.001 -2.033 -2.060 -2.082 -2.097 -2.106 -2.108 
-2.104 -2.093 -2.076 -2.054 -2.029 -2.002 -1.977 -1.958 -1.949 -1.956 
-1.979 -2.021 -2.078 -2.147 -2.222 -2.299 -2.377 -2.453 -2.527 -2.599 
-2.667 -2.732 -2.794 -2.852 -2.907 -2.958 -3.006 -3.051 -3.093 -3.131 
-3.167 -3.199 -3.229 -3.256 -3.280 -3.301 -3.320 -3.336 -3.350 -3.361 
-3.341 
-3.208 -3.210 -3.220 -3.228 -3.234 -3.237 -3.238 -3.237 -3.233 -3.228 
-3.220 -3.209 -3.197 -3.182 -3.164 -3.145 -3.122 -3.097 -3.070 -3.040 
-3.007 -2.971 -2.932 -2.891 -2.847 -2.799 -2.749 -2.696 -2.640 -2.581 
-2.521 -2.459 -2.396 -2.334 -2.273 -2.217 -2.168 -2.128 -2.101 -2.087 
-2.086 -2.095 -2.110 -2.129 -2.149 -2.169 -2.188 -2.205 -2.218 -2.227 
-2.233 -2.235 -2.233 -2.227 -2.218 -2.205 -2.191 -2.177 -2.164 -2.155 
-2.152 -2.154 -2.162 -2.176 -2.197 -2.223 -2.256 -2.295 -2.340 -2.389 
-2.442 -2.496 -2.551 -2.606 -2.659 -2.711 -2.761 -2.809 -2.855 -2.897 
-2.938 -2.975 -3.010 -3.042 -3.072 -3.099 -3.123 -3.145 -3.165 -3.182 
-3.203 
-3.191 -3.189 -3.200 -3.209 -3.215 -3.220 -3.222 -3.221 -3.219 -3.214 
-3.207 -3.198 -3.186 -3.172 -3.156 -3.137 -3.116 -3.093 -3.067 -3.038 
-3.007 -2.974 -2.938 -2.899 -2.858 -2.814 -2.768 -2.720 -2.669 -2.617 
-2.564 -2.511 -2.458 -2.406 -2.357 -2.311 -2.271 -2.237 -2.210 -2.192 
-2.183 -2.183 -2.191 -2.204 -2.220 -2.236 -2.252 -2.267 -2.278 -2.287 
-2.293 -2.295 -2.294 -2.289 -2.281 -2.269 -2.255 -2.239 -2.222 -2.205 
-2.189 -2.176 -2.167 -2.166 -2.173 -2.189 -2.215 -2.249 -2.291 -2.339 
-2.392 -2.447 -2.503 -2.560 -2.615 -2.669 -2.721 -2.771 -2.818 -2.862 
-2.904 -2.943 -2.979 -3.013 -3.043 -3.072 -3.097 -3.121 -3.141 -3.159 
-3.185 
-3.375 -3.422 -3.434 -3.443 -3.450 -3.455 -3.457 -3.457 -3.455 -3.451 
-3.444 -3.435 -3.423 -3.409 -3.393 -3.374 -3.352 -3.328 -3.302 -3.272 
-3.240 -3.205 -3.167 -3.125 -3.081 -3.033 -2.981 -2.927 -2.868 -2.806 
-2.740 -2.670 -2.598 -2.522 -2.443 -2.365 -2.287 -2.215 -2.153 -2.106 
-2.077 -2.068 -2.077 -2.099 -2.130 -2.163 -2.197 -2.227 -2.254 -2.276 
-2.292 -2.303 -2.308 -2.309 -2.304 -2.294 -2.281 -2.265 -2.247 -2.229 
-2.213 -2.202 -2.199 -2.207 -2.227 -2.259 -2.303 -2.356 -2.417 -2.482 
-2.549 -2.617 -2.684 -2.749 -2.811 -2.871 -2.928 -2.982 -3.032 -3.080 
-3.124 -3.165 -3.203 -3.238 -3.270 -3.300 -3.326 -3.351 -3.372 -3.391 
-3.369 
