IRGRID 64 91
1e+308

0.025 0.03 0.035 0.04 0.045 0.05 0.055 0.06 0.065 0.07
0.075 0.08 0.085 0.09 0.095 0.1 0.11 0.12 0.13 0.14
0.15 0.16 0.17 0.18 0.19 0.2 0.21 0.22 0.23 0.24
0.25 0.26 0.27 0.28 0.29 0.3 0.31 0.32 0.33 0.34
0.35 0.36 0.37 0.38 0.39 0.4 0.41 0.42 0.43 0.44
0.45 0.46 0.47 0.48 0.49 0.5 0.51 0.52 0.53 0.54
0.55 0.56 0.57 0.58
0 4 8 12 16 20 24 28 32 36
40 44 48 52 56 60 64 68 72 76
80 84 88 92 96 100 104 108 112 116
120 124 128 132 136 140 144 148 152 156
160 164 168 172 176 180 184 188 192 196
200 204 208 212 216 220 224 228 232 236
240 244 248 252 256 260 264 268 272 276
280 284 288 292 296 300 304 308 312 316
320 324 328 332 336 340 344 348 352 356
360
-4.000 -4.000 -4.000 -4.000 -4.000 -4.000 -4.000 -4.000 -4.000 -4.000 
-4.000 -4.000 -4.000 -4.000 -4.000 -4.000 -4.000 -4.000 -4.000 -4.000 
-4.000 -4.000 -4.000 -4.000 -4.000 -4.000 -4.000 -4.000 -4.000 -4.000 
-4.000 -4.000 -4.000 -4.000 -4.000 -4.000 -4.000 -3.927 -3.799 -3.648 
-3.461 -3.221 -2.907 -2.592 -2.436 -2.445 -2.448 -2.803 -3.127 -3.359 
-3.534 -3.671 -3.782 -3.873 -3.950 -4.000 -4.000 -4.000 -4.000 -4.000 
-4.000 -4.000 -4.000 -4.000 -4.000 -4.000 -4.000 -4.000 -4.000 -4.000 
-4.000 -4.000 -3.970 -3.899 -3.814 -3.714 -3.592 -3.444 -3.260 -3.026 
-2.744 -2.512 -2.535 -2.757 -3.041 -3.297 -3.505 -3.675 -3.817 -3.939 
-3.988 
-3.453 -3.546 -3.579 -3.605 -3.625 -3.640 -3.651 -3.658 -3.662 -3.663 
-3.661 -3.657 -3.650 -3.641 -3.629 -3.615 -3.599 -3.581 -3.561 -3.540 
-3.516 -3.490 -3.463 -3.434 -3.404 -3.372 -3.339 -3.305 -3.270 -3.234 
-3.199 -3.163 -3.128 -3.094 -3.060 -3.028 -2.997 -2.966 -2.934 -2.900 
-2.858 -2.802 -2.714 -2.560 -2.328 -2.078 -1.959 -2.173 -2.458 -2.645 
-2.751 -2.817 -2.862 -2.895 -2.920 -2.942 -2.961 -2.979 -2.996 -3.014 
-3.032 -3.050 -3.070 -3.090 -3.110 -3.131 -3.152 -3.171 -3.190 -3.206 
-3.219 -3.227 -3.228 -3.220 -3.200 -3.163 -3.102 -3.005 -2.860 -2.648 
-2.394 -2.223 -2.297 -2.551 -2.821 -3.030 -3.183 -3.297 -3.384 -3.451 
-3.437 
-2.787 -2.812 -2.819 -2.824 -2.828 -2.830 -2.830 -2.829 -2.826 -2.821 
-2.815 -2.806 -2.796 -2.785 -2.771 -2.756 -2.739 -2.720 -2.699 -2.677 
-2.653 -2.627 -2.599 -2.570 -2.539 -2.507 -2.473 -2.438 -2.401 -2.364 
-2.327 -2.288 -2.250 -2.211 -2.172 -2.134 -2.096 -2.058 -2.022 -1.986 
-1.953 -1.924 -1.900 -1.884 -1.872 -1.854 -1.842 -1.896 -1.934 -1.964 
-1.990 -2.014 -2.037 -2.058 -2.077 -2.096 -2.114 -2.133 -2.151 -2.169 
-2.189 -2.209 -2.229 -2.251 -2.274 -2.297 -2.322 -2.346 -2.371 -2.397 
-2.422 -2.447 -2.472 -2.496 -2.519 -2.541 -2.562 -2.579 -2.590 -2.588 
-2.558 -2.506 -2.557 -2.642 -2.692 -2.724 -2.747 -2.765 -2.780 -2.792 
-2.785 
-2.479 -2.467 -2.480 -2.491 -2.501 -2.509 -2.516 -2.521 -2.524 -2.526 
-2.526 -2.524 -2.521 -2.515 -2.508 -2.499 -2.488 -2.475 -2.460 -2.443 
-2.423 -2.402 -2.378 -2.352 -2.323 -2.292 -2.258 -2.221 -2.182 -2.140 
-2.095 -2.046 -1.995 -1.940 -1.882 -1.821 -1.757 -1.691 -1.625 -1.558 
-1.492 -1.428 -1.357 -1.248 -1.048 -1.130 -1.305 -1.399 -1.467 -1.526 
-1.580 -1.632 -1.681 -1.726 -1.768 -1.807 -1.843 -1.875 -1.906 -1.933 
-1.959 -1.982 -2.003 -2.023 -2.041 -2.057 -2.072 -2.086 -2.097 -2.107 
-2.115 -2.119 -2.118 -2.111 -2.095 -2.067 -2.029 -1.993 -1.986 -2.027 
-2.096 -2.165 -2.224 -2.272 -2.311 -2.344 -2.371 -2.395 -2.416 -2.435 
-2.474 
-2.454 -2.543 -2.588 -2.628 -2.664 -2.697 -2.725 -2.750 -2.772 -2.791 
-2.806 -2.819 -2.829 -2.836 -2.841 -2.842 -2.842 -2.838 -2.832 -2.823 
-2.812 -2.798 -2.781 -2.761 -2.738 -2.712 -2.683 -2.650 -2.614 -2.574 
-2.530 -2.482 -2.429 -2.370 -2.306 -2.235 -2.156 -2.068 -1.968 -1.850 
-1.706 -1.516 -1.245 -0.868 -0.583 -0.671 -0.993 -1.308 -1.513 -1.651 
-1.750 -1.824 -1.883 -1.931 -1.971 -2.006 -2.036 -2.061 -2.082 -2.099 
-2.111 -2.119 -2.122 -2.120 -2.114 -2.101 -2.083 -2.059 -2.028 -1.990 
-1.943 -1.888 -1.824 -1.750 -1.665 -1.574 -1.484 -1.419 -1.405 -1.460 
-1.565 -1.693 -1.821 -1.940 -2.047 -2.143 -2.229 -2.306 -2.375 -2.437 
-2.442 
-2.023 -2.073 -2.117 -2.157 -2.195 -2.230 -2.262 -2.291 -2.318 -2.343 
-2.365 -2.384 -2.402 -2.417 -2.430 -2.441 -2.449 -2.455 -2.460 -2.462 
-2.461 -2.459 -2.454 -2.448 -2.439 -2.427 -2.414 -2.398 -2.379 -2.358 
-2.335 -2.309 -2.280 -2.248 -2.213 -2.175 -2.134 -2.088 -2.037 -1.980 
-1.913 -1.828 -1.707 -1.498 -1.182 -1.273 -1.485 -1.552 -1.559 -1.547 
-1.530 -1.515 -1.503 -1.495 -1.491 -1.491 -1.494 -1.499 -1.505 -1.513 
-1.520 -1.526 -1.531 -1.532 -1.531 -1.526 -1.517 -1.503 -1.484 -1.460 
-1.430 -1.396 -1.359 -1.320 -1.282 -1.250 -1.229 -1.224 -1.243 -1.288 
-1.353 -1.428 -1.506 -1.584 -1.660 -1.732 -1.799 -1.862 -1.921 -1.975 
-2.006 
-1.772 -1.770 -1.799 -1.827 -1.853 -1.878 -1.902 -1.924 -1.945 -1.965 
-1.982 -1.999 -2.013 -2.026 -2.037 -2.046 -2.053 -2.059 -2.062 -2.064 
-2.063 -2.061 -2.057 -2.050 -2.041 -2.031 -2.018 -2.002 -1.984 -1.964 
-1.941 -1.916 -1.887 -1.856 -1.822 -1.784 -1.743 -1.699 -1.651 -1.600 
-1.546 -1.489 -1.431 -1.374 -1.319 -1.269 -1.225 -1.188 -1.157 -1.131 
-1.108 -1.087 -1.068 -1.051 -1.036 -1.025 -1.017 -1.013 -1.011 -1.012 
-1.014 -1.018 -1.023 -1.030 -1.040 -1.055 -1.075 -1.101 -1.131 -1.162 
-1.191 -1.219 -1.242 -1.263 -1.281 -1.297 -1.315 -1.334 -1.358 -1.386 
-1.417 -1.450 -1.484 -1.517 -1.550 -1.583 -1.616 -1.648 -1.680 -1.711 
-1.760 
-1.819 -1.887 -1.909 -1.930 -1.948 -1.965 -1.979 -1.991 -2.001 -2.009 
-2.015 -2.019 -2.021 -2.021 -2.018 -2.014 -2.007 -1.998 -1.987 -1.974 
-1.958 -1.940 -1.920 -1.897 -1.872 -1.845 -1.815 -1.782 -1.746 -1.707 
-1.666 -1.621 -1.573 -1.522 -1.467 -1.409 -1.347 -1.282 -1.214 -1.142 
-1.069 -0.995 -0.922 -0.853 -0.790 -0.736 -0.694 -0.664 -0.643 -0.630 
-0.621 -0.612 -0.601 -0.584 -0.561 -0.528 -0.485 -0.428 -0.356 -0.264 
-0.153 -0.034 0.050 0.037 -0.073 -0.215 -0.348 -0.465 -0.573 -0.674 
-0.771 -0.864 -0.953 -1.037 -1.116 -1.190 -1.259 -1.324 -1.384 -1.440 
-1.492 -1.541 -1.586 -1.629 -1.669 -1.707 -1.743 -1.776 -1.807 -1.835 
-1.814 
-1.566 -1.559 -1.579 -1.597 -1.613 -1.626 -1.638 -1.647 -1.654 -1.660 
-1.663 -1.664 -1.664 -1.661 -1.657 -1.650 -1.642 -1.631 -1.619 -1.604 
-1.588 -1.569 -1.549 -1.526 -1.502 -1.475 -1.446 -1.415 -1.382 -1.347 
-1.310 -1.271 -1.229 -1.186 -1.141 -1.094 -1.046 -0.997 -0.947 -0.896 
-0.845 -0.795 -0.744 -0.695 -0.645 -0.597 -0.550 -0.503 -0.456 -0.408 
-0.358 -0.305 -0.247 -0.184 -0.114 -0.034 0.057 0.163 0.288 0.436 
0.616 0.832 0.909 0.785 0.632 0.444 0.251 0.073 -0.086 -0.229 
-0.356 -0.471 -0.576 -0.672 -0.760 -0.841 -0.915 -0.985 -1.049 -1.108 
-1.164 -1.215 -1.263 -1.308 -1.349 -1.387 -1.422 -1.455 -1.485 -1.512 
-1.556 
-1.572 -1.619 -1.638 -1.656 -1.670 -1.682 -1.692 -1.699 -1.704 -1.707 
-1.707 -1.705 -1.700 -1.693 -1.684 -1.672 -1.659 -1.642 -1.624 -1.603 
-1.579 -1.553 -1.525 -1.494 -1.460 -1.424 -1.386 -1.345 -1.301 -1.255 
-1.207 -1.156 -1.104 -1.050 -0.996 -0.941 -0.887 -0.834 -0.783 -0.735 
-0.691 -0.651 -0.615 -0.583 -0.554 -0.527 -0.501 -0.474 -0.445 -0.413 
-0.376 -0.333 -0.281 -0.220 -0.147 -0.059 0.049 0.183 0.355 0.585 
0.900 1.194 1.254 1.010 0.681 0.409 0.191 0.010 -0.144 -0.279 
-0.400 -0.509 -0.609 -0.702 -0.788 -0.869 -0.945 -1.016 -1.083 -1.145 
-1.204 -1.259 -1.309 -1.357 -1.400 -1.441 -1.478 -1.512 -1.543 -1.571 
-1.568 
-1.360 -1.385 -1.417 -1.446 -1.472 -1.496 -1.517 -1.535 -1.551 -1.565 
-1.576 -1.586 -1.593 -1.598 -1.601 -1.602 -1.602 -1.600 -1.596 -1.591 
-1.585 -1.578 -1.569 -1.558 -1.547 -1.534 -1.520 -1.504 -1.486 -1.466 
-1.445 -1.421 -1.395 -1.367 -1.336 -1.303 -1.269 -1.232 -1.195 -1.157 
-1.119 -1.081 -1.042 -1.004 -0.964 -0.921 -0.876 -0.827 -0.772 -0.712 
-0.644 -0.567 -0.482 -0.385 -0.277 -0.153 -0.013 0.150 0.340 0.566 
0.831 1.110 1.256 1.225 1.148 0.851 0.615 0.433 0.283 0.152 
0.036 -0.071 -0.171 -0.266 -0.357 -0.444 -0.528 -0.608 -0.685 -0.759 
-0.829 -0.896 -0.960 -1.020 -1.077 -1.130 -1.181 -1.228 -1.272 -1.312 
-1.345 
-1.217 -1.221 -1.232 -1.242 -1.249 -1.254 -1.258 -1.259 -1.260 -1.258 
-1.255 -1.251 -1.246 -1.240 -1.233 -1.226 -1.218 -1.209 -1.201 -1.192 
-1.184 -1.175 -1.167 -1.160 -1.153 -1.146 -1.140 -1.135 -1.129 -1.124 
-1.119 -1.114 -1.109 -1.103 -1.097 -1.089 -1.081 -1.071 -1.059 -1.045 
-1.030 -1.012 -0.992 -0.968 -0.942 -0.911 -0.878 -0.839 -0.796 -0.748 
-0.694 -0.632 -0.563 -0.484 -0.394 -0.290 -0.168 -0.022 0.159 0.391 
0.674 0.861 1.015 1.275 1.401 1.099 0.681 0.377 0.160 -0.009 
-0.148 -0.267 -0.371 -0.464 -0.547 -0.623 -0.692 -0.756 -0.814 -0.867 
-0.915 -0.960 -1.000 -1.037 -1.070 -1.100 -1.127 -1.151 -1.172 -1.191 
-1.213 
-1.224 -1.239 -1.254 -1.267 -1.279 -1.289 -1.297 -1.303 -1.308 -1.311 
-1.312 -1.312 -1.312 -1.310 -1.307 -1.305 -1.302 -1.299 -1.297 -1.295 
-1.293 -1.291 -1.290 -1.289 -1.287 -1.285 -1.282 -1.278 -1.272 -1.266 
-1.258 -1.248 -1.237 -1.224 -1.209 -1.192 -1.172 -1.151 -1.126 -1.100 
-1.070 -1.038 -1.002 -0.963 -0.920 -0.874 -0.823 -0.768 -0.707 -0.640 
-0.567 -0.485 -0.394 -0.291 -0.173 -0.036 0.127 0.326 0.578 0.890 
1.172 1.333 1.247 0.909 0.883 0.507 0.230 0.039 -0.109 -0.230 
-0.334 -0.425 -0.505 -0.578 -0.643 -0.704 -0.759 -0.810 -0.857 -0.901 
-0.942 -0.980 -1.015 -1.048 -1.079 -1.108 -1.135 -1.159 -1.182 -1.203 
-1.216 
-1.270 -1.259 -1.255 -1.248 -1.239 -1.227 -1.214 -1.199 -1.183 -1.165 
-1.147 -1.129 -1.111 -1.094 -1.078 -1.065 -1.054 -1.047 -1.042 -1.042 
-1.044 -1.050 -1.058 -1.068 -1.080 -1.093 -1.105 -1.118 -1.129 -1.139 
-1.148 -1.154 -1.158 -1.160 -1.159 -1.156 -1.149 -1.141 -1.129 -1.114 
-1.097 -1.077 -1.054 -1.028 -0.998 -0.965 -0.928 -0.887 -0.840 -0.788 
-0.730 -0.663 -0.588 -0.502 -0.402 -0.285 -0.144 0.028 0.249 0.553 
1.068 1.518 1.582 1.111 0.511 0.199 -0.023 -0.196 -0.338 -0.458 
-0.562 -0.651 -0.731 -0.801 -0.864 -0.920 -0.970 -1.015 -1.056 -1.092 
-1.124 -1.152 -1.176 -1.198 -1.216 -1.230 -1.242 -1.251 -1.257 -1.261 
-1.273 
-1.500 -1.523 -1.529 -1.533 -1.535 -1.534 -1.531 -1.526 -1.519 -1.509 
-1.498 -1.486 -1.472 -1.457 -1.441 -1.425 -1.408 -1.391 -1.374 -1.356 
-1.338 -1.320 -1.302 -1.283 -1.265 -1.247 -1.230 -1.215 -1.200 -1.186 
-1.172 -1.157 -1.140 -1.122 -1.102 -1.080 -1.056 -1.031 -1.005 -0.977 
-0.949 -0.920 -0.891 -0.860 -0.828 -0.795 -0.760 -0.723 -0.683 -0.639 
-0.590 -0.536 -0.476 -0.406 -0.326 -0.233 -0.122 0.012 0.179 0.394 
0.676 1.096 1.256 1.272 0.644 0.318 0.069 -0.130 -0.295 -0.436 
-0.558 -0.666 -0.762 -0.847 -0.925 -0.995 -1.059 -1.117 -1.170 -1.218 
-1.262 -1.302 -1.339 -1.371 -1.401 -1.427 -1.450 -1.470 -1.487 -1.502 
-1.495 
-1.589 -1.607 -1.611 -1.612 -1.610 -1.605 -1.598 -1.587 -1.574 -1.557 
-1.538 -1.516 -1.490 -1.462 -1.431 -1.397 -1.360 -1.320 -1.279 -1.236 
-1.193 -1.150 -1.108 -1.070 -1.036 -1.010 -0.990 -0.979 -0.977 -0.981 
-0.991 -1.006 -1.023 -1.040 -1.056 -1.070 -1.082 -1.090 -1.094 -1.095 
-1.091 -1.084 -1.072 -1.056 -1.036 -1.012 -0.983 -0.950 -0.912 -0.869 
-0.820 -0.764 -0.700 -0.627 -0.544 -0.448 -0.334 -0.199 -0.033 0.177 
0.455 0.850 1.374 1.702 1.197 0.384 0.046 -0.186 -0.367 -0.517 
-0.645 -0.756 -0.854 -0.942 -1.021 -1.092 -1.157 -1.215 -1.268 -1.317 
-1.360 -1.400 -1.436 -1.468 -1.496 -1.521 -1.543 -1.562 -1.578 -1.590 
-1.589 
-1.443 -1.464 -1.483 -1.499 -1.514 -1.526 -1.535 -1.543 -1.549 -1.552 
-1.554 -1.553 -1.550 -1.545 -1.537 -1.527 -1.515 -1.501 -1.485 -1.467 
-1.447 -1.425 -1.402 -1.380 -1.357 -1.336 -1.317 -1.300 -1.285 -1.272 
-1.259 -1.245 -1.230 -1.214 -1.195 -1.173 -1.149 -1.122 -1.093 -1.060 
-1.025 -0.987 -0.946 -0.902 -0.856 -0.806 -0.753 -0.696 -0.636 -0.571 
-0.501 -0.426 -0.343 -0.253 -0.152 -0.038 0.094 0.249 0.439 0.679 
0.983 1.285 1.381 1.382 0.829 0.516 0.278 0.085 -0.076 -0.215 
-0.337 -0.446 -0.545 -0.634 -0.716 -0.792 -0.861 -0.926 -0.986 -1.042 
-1.094 -1.142 -1.187 -1.229 -1.267 -1.303 -1.336 -1.367 -1.395 -1.420 
-1.435 
-1.306 -1.304 -1.317 -1.328 -1.337 -1.344 -1.349 -1.352 -1.354 -1.354 
-1.353 -1.350 -1.345 -1.339 -1.332 -1.323 -1.313 -1.301 -1.289 -1.275 
-1.260 -1.244 -1.227 -1.209 -1.190 -1.170 -1.149 -1.128 -1.106 -1.082 
-1.058 -1.034 -1.008 -0.981 -0.953 -0.924 -0.893 -0.861 -0.828 -0.792 
-0.756 -0.717 -0.677 -0.636 -0.595 -0.552 -0.509 -0.466 -0.420 -0.373 
-0.321 -0.265 -0.201 -0.128 -0.044 0.056 0.175 0.322 0.509 0.758 
1.089 1.387 1.432 1.173 0.817 0.521 0.288 0.099 -0.059 -0.194 
-0.312 -0.416 -0.509 -0.593 -0.669 -0.738 -0.802 -0.860 -0.913 -0.962 
-1.007 -1.048 -1.086 -1.121 -1.152 -1.181 -1.208 -1.232 -1.253 -1.272 
-1.301 
-1.379 -1.407 -1.425 -1.440 -1.453 -1.465 -1.473 -1.480 -1.485 -1.488 
-1.488 -1.487 -1.483 -1.478 -1.470 -1.461 -1.449 -1.436 -1.420 -1.403 
-1.383 -1.362 -1.338 -1.312 -1.284 -1.254 -1.221 -1.186 -1.149 -1.109 
-1.067 -1.022 -0.974 -0.923 -0.870 -0.814 -0.755 -0.694 -0.630 -0.565 
-0.499 -0.432 -0.366 -0.301 -0.237 -0.175 -0.115 -0.057 0.000 0.055 
0.106 0.152 0.195 0.235 0.278 0.329 0.394 0.479 0.590 0.740 
0.945 1.201 1.339 1.270 1.046 0.768 0.516 0.302 0.119 -0.041 
-0.181 -0.306 -0.418 -0.520 -0.612 -0.696 -0.773 -0.844 -0.910 -0.970 
-1.026 -1.077 -1.124 -1.168 -1.208 -1.245 -1.279 -1.310 -1.338 -1.363 
-1.373 
-1.380 -1.398 -1.422 -1.444 -1.463 -1.480 -1.495 -1.507 -1.517 -1.525 
-1.531 -1.534 -1.536 -1.535 -1.532 -1.527 -1.519 -1.510 -1.498 -1.484 
-1.467 -1.449 -1.428 -1.404 -1.379 -1.350 -1.319 -1.285 -1.249 -1.209 
-1.167 -1.121 -1.072 -1.020 -0.964 -0.904 -0.841 -0.773 -0.701 -0.625 
-0.545 -0.459 -0.369 -0.274 -0.174 -0.070 0.037 0.146 0.251 0.349 
0.435 0.503 0.554 0.589 0.612 0.630 0.650 0.676 0.714 0.768 
0.840 0.932 1.025 1.025 0.922 0.783 0.622 0.452 0.287 0.133 
-0.009 -0.139 -0.258 -0.368 -0.469 -0.562 -0.649 -0.729 -0.803 -0.872 
-0.936 -0.996 -1.051 -1.103 -1.151 -1.195 -1.237 -1.275 -1.310 -1.342 
-1.370 
-1.411 -1.432 -1.459 -1.483 -1.505 -1.524 -1.541 -1.556 -1.569 -1.580 
-1.588 -1.594 -1.598 -1.600 -1.600 -1.598 -1.593 -1.587 -1.578 -1.567 
-1.554 -1.539 -1.522 -1.502 -1.480 -1.455 -1.428 -1.398 -1.366 -1.330 
-1.292 -1.251 -1.207 -1.160 -1.109 -1.054 -0.996 -0.933 -0.866 -0.795 
-0.718 -0.637 -0.550 -0.457 -0.360 -0.256 -0.148 -0.037 0.076 0.187 
0.292 0.387 0.467 0.526 0.564 0.582 0.585 0.580 0.573 0.569 
0.570 0.574 0.575 0.560 0.513 0.433 0.334 0.226 0.116 0.006 
-0.102 -0.207 -0.309 -0.405 -0.497 -0.584 -0.667 -0.744 -0.817 -0.886 
-0.950 -1.011 -1.067 -1.120 -1.170 -1.216 -1.259 -1.300 -1.337 -1.371 
-1.401 
-1.525 -1.544 -1.568 -1.591 -1.610 -1.628 -1.643 -1.656 -1.667 -1.675 
-1.681 -1.685 -1.687 -1.687 -1.685 -1.680 -1.674 -1.665 -1.654 -1.641 
-1.625 -1.607 -1.587 -1.564 -1.539 -1.512 -1.482 -1.449 -1.413 -1.375 
-1.333 -1.288 -1.240 -1.189 -1.133 -1.074 -1.011 -0.944 -0.872 -0.796 
-0.714 -0.628 -0.536 -0.440 -0.339 -0.235 -0.129 -0.024 0.077 0.167 
0.240 0.293 0.328 0.350 0.362 0.369 0.373 0.379 0.388 0.403 
0.420 0.436 0.445 0.441 0.415 0.365 0.285 0.176 0.052 -0.075 
-0.198 -0.315 -0.425 -0.528 -0.624 -0.714 -0.798 -0.876 -0.949 -1.017 
-1.081 -1.140 -1.195 -1.247 -1.295 -1.339 -1.381 -1.419 -1.454 -1.487 
-1.516 
-1.724 -1.767 -1.795 -1.819 -1.841 -1.860 -1.877 -1.892 -1.904 -1.914 
-1.921 -1.926 -1.930 -1.930 -1.929 -1.925 -1.919 -1.911 -1.901 -1.888 
-1.873 -1.855 -1.836 -1.813 -1.788 -1.761 -1.730 -1.697 -1.661 -1.621 
-1.579 -1.533 -1.483 -1.430 -1.372 -1.310 -1.243 -1.172 -1.094 -1.011 
-0.920 -0.823 -0.717 -0.603 -0.479 -0.346 -0.204 -0.058 0.084 0.204 
0.283 0.311 0.295 0.255 0.210 0.171 0.143 0.130 0.131 0.147 
0.177 0.221 0.277 0.340 0.397 0.424 0.396 0.305 0.169 0.010 
-0.154 -0.311 -0.456 -0.589 -0.711 -0.822 -0.923 -1.016 -1.101 -1.180 
-1.253 -1.320 -1.382 -1.440 -1.493 -1.542 -1.588 -1.630 -1.669 -1.705 
-1.715 
-1.762 -1.777 -1.807 -1.835 -1.859 -1.882 -1.901 -1.918 -1.933 -1.945 
-1.955 -1.963 -1.968 -1.971 -1.971 -1.970 -1.966 -1.960 -1.951 -1.940 
-1.927 -1.912 -1.894 -1.873 -1.850 -1.824 -1.795 -1.764 -1.729 -1.692 
-1.651 -1.607 -1.559 -1.507 -1.451 -1.391 -1.325 -1.255 -1.178 -1.096 
-1.006 -0.909 -0.803 -0.687 -0.561 -0.425 -0.278 -0.126 0.023 0.150 
0.235 0.263 0.240 0.188 0.126 0.069 0.024 -0.008 -0.025 -0.026 
-0.010 0.021 0.068 0.129 0.198 0.261 0.296 0.290 0.234 0.129 
-0.011 -0.166 -0.321 -0.467 -0.602 -0.726 -0.840 -0.944 -1.039 -1.127 
-1.207 -1.282 -1.351 -1.414 -1.473 -1.528 -1.578 -1.625 -1.668 -1.707 
-1.749 
-1.896 -1.935 -1.964 -1.990 -2.014 -2.035 -2.054 -2.070 -2.084 -2.096 
-2.105 -2.112 -2.116 -2.119 -2.119 -2.117 -2.112 -2.106 -2.097 -2.086 
-2.072 -2.056 -2.038 -2.017 -1.994 -1.968 -1.940 -1.908 -1.874 -1.837 
-1.796 -1.752 -1.705 -1.654 -1.599 -1.539 -1.475 -1.406 -1.332 -1.252 
-1.166 -1.073 -0.972 -0.863 -0.746 -0.620 -0.487 -0.349 -0.213 -0.091 
0.000 0.048 0.055 0.035 0.003 -0.032 -0.060 -0.079 -0.085 -0.076 
-0.052 -0.013 0.040 0.102 0.163 0.204 0.203 0.149 0.045 -0.094 
-0.250 -0.407 -0.555 -0.694 -0.820 -0.936 -1.043 -1.141 -1.231 -1.314 
-1.390 -1.461 -1.527 -1.587 -1.644 -1.696 -1.744 -1.789 -1.830 -1.868 
-1.886 
-1.884 -1.921 -1.950 -1.976 -2.000 -2.021 -2.039 -2.055 -2.069 -2.080 
-2.089 -2.095 -2.100 -2.102 -2.101 -2.099 -2.094 -2.087 -2.078 -2.066 
-2.052 -2.035 -2.017 -1.995 -1.971 -1.944 -1.915 -1.883 -1.847 -1.809 
-1.767 -1.722 -1.673 -1.620 -1.563 -1.502 -1.436 -1.364 -1.287 -1.204 
-1.113 -1.015 -0.909 -0.794 -0.669 -0.534 -0.391 -0.243 -0.101 0.023 
0.114 0.165 0.177 0.154 0.105 0.052 0.010 -0.017 -0.026 -0.017 
0.010 0.054 0.111 0.173 0.223 0.234 0.190 0.089 -0.046 -0.190 
-0.330 -0.462 -0.587 -0.708 -0.822 -0.931 -1.033 -1.129 -1.218 -1.300 
-1.376 -1.447 -1.513 -1.574 -1.630 -1.682 -1.731 -1.775 -1.817 -1.855 
-1.875 
-1.740 -1.766 -1.803 -1.837 -1.868 -1.896 -1.921 -1.944 -1.964 -1.982 
-1.997 -2.010 -2.021 -2.029 -2.035 -2.038 -2.039 -2.038 -2.035 -2.029 
-2.021 -2.011 -1.998 -1.983 -1.965 -1.945 -1.922 -1.897 -1.868 -1.837 
-1.803 -1.765 -1.724 -1.680 -1.632 -1.579 -1.523 -1.461 -1.395 -1.323 
-1.245 -1.159 -1.067 -0.965 -0.853 -0.731 -0.596 -0.449 -0.290 -0.123 
0.044 0.194 0.299 0.338 0.319 0.248 0.142 0.040 -0.041 -0.099 
-0.135 -0.153 -0.153 -0.139 -0.119 -0.107 -0.112 -0.128 -0.146 -0.167 
-0.199 -0.250 -0.320 -0.408 -0.507 -0.612 -0.718 -0.822 -0.921 -1.016 
-1.105 -1.189 -1.267 -1.340 -1.408 -1.471 -1.530 -1.584 -1.635 -1.682 
-1.725 
-1.738 -1.765 -1.806 -1.844 -1.879 -1.911 -1.940 -1.966 -1.990 -2.012 
-2.030 -2.047 -2.061 -2.072 -2.082 -2.089 -2.093 -2.096 -2.096 -2.094 
-2.089 -2.082 -2.073 -2.062 -2.048 -2.032 -2.013 -1.992 -1.968 -1.941 
-1.912 -1.879 -1.844 -1.805 -1.763 -1.717 -1.667 -1.613 -1.555 -1.492 
-1.423 -1.348 -1.267 -1.178 -1.081 -0.974 -0.856 -0.724 -0.578 -0.413 
-0.231 -0.035 0.160 0.334 0.448 0.449 0.344 0.199 0.063 -0.047 
-0.131 -0.193 -0.237 -0.264 -0.279 -0.283 -0.279 -0.272 -0.265 -0.265 
-0.277 -0.303 -0.347 -0.407 -0.484 -0.572 -0.667 -0.766 -0.865 -0.961 
-1.053 -1.140 -1.223 -1.301 -1.374 -1.442 -1.506 -1.565 -1.621 -1.672 
-1.721 
-1.859 -1.915 -1.950 -1.983 -2.013 -2.040 -2.064 -2.086 -2.106 -2.122 
-2.137 -2.149 -2.159 -2.167 -2.172 -2.175 -2.176 -2.174 -2.170 -2.164 
-2.156 -2.145 -2.132 -2.117 -2.099 -2.079 -2.056 -2.031 -2.002 -1.971 
-1.937 -1.900 -1.860 -1.816 -1.769 -1.718 -1.663 -1.603 -1.539 -1.469 
-1.394 -1.312 -1.224 -1.128 -1.024 -0.910 -0.787 -0.652 -0.506 -0.350 
-0.190 -0.038 0.084 0.161 0.186 0.144 0.050 -0.049 -0.130 -0.191 
-0.234 -0.261 -0.273 -0.275 -0.267 -0.255 -0.244 -0.240 -0.251 -0.283 
-0.338 -0.413 -0.502 -0.600 -0.703 -0.807 -0.910 -1.010 -1.105 -1.196 
-1.281 -1.361 -1.436 -1.505 -1.571 -1.631 -1.688 -1.740 -1.789 -1.834 
-1.848 
-1.787 -1.799 -1.831 -1.861 -1.888 -1.913 -1.935 -1.955 -1.972 -1.986 
-1.999 -2.008 -2.016 -2.022 -2.025 -2.026 -2.024 -2.021 -2.015 -2.007 
-1.996 -1.984 -1.969 -1.951 -1.931 -1.909 -1.884 -1.856 -1.825 -1.792 
-1.755 -1.715 -1.672 -1.626 -1.576 -1.521 -1.463 -1.400 -1.332 -1.259 
-1.180 -1.094 -1.002 -0.902 -0.793 -0.674 -0.542 -0.395 -0.231 -0.098 
-0.060 -0.043 -0.024 -0.025 -0.053 -0.097 -0.143 -0.185 -0.218 -0.242 
-0.257 -0.263 -0.261 -0.253 -0.241 -0.229 -0.222 -0.224 -0.240 -0.275 
-0.325 -0.388 -0.459 -0.540 -0.632 -0.733 -0.837 -0.937 -1.032 -1.120 
-1.202 -1.279 -1.350 -1.416 -1.477 -1.534 -1.587 -1.636 -1.682 -1.724 
-1.773 
-1.864 -1.918 -1.957 -1.992 -2.024 -2.053 -2.079 -2.102 -2.122 -2.140 
-2.155 -2.167 -2.177 -2.185 -2.190 -2.192 -2.192 -2.190 -2.185 -2.178 
-2.168 -2.156 -2.141 -2.124 -2.103 -2.081 -2.055 -2.026 -1.994 -1.959 
-1.921 -1.879 -1.833 -1.783 -1.728 -1.669 -1.604 -1.533 -1.456 -1.372 
-1.278 -1.175 -1.060 -0.930 -0.781 -0.609 -0.403 -0.161 0.078 0.208 
0.144 -0.027 -0.196 -0.326 -0.426 -0.506 -0.569 -0.620 -0.658 -0.685 
-0.701 -0.708 -0.705 -0.694 -0.675 -0.650 -0.620 -0.586 -0.548 -0.506 
-0.460 -0.418 -0.394 -0.407 -0.468 -0.570 -0.695 -0.826 -0.953 -1.071 
-1.180 -1.280 -1.371 -1.455 -1.531 -1.602 -1.666 -1.725 -1.780 -1.830 
-1.851 
-1.812 -1.826 -1.862 -1.894 -1.924 -1.950 -1.974 -1.995 -2.014 -2.030 
-2.043 -2.054 -2.062 -2.068 -2.071 -2.072 -2.071 -2.067 -2.061 -2.053 
-2.041 -2.028 -2.012 -1.993 -1.971 -1.947 -1.920 -1.890 -1.857 -1.820 
-1.781 -1.737 -1.690 -1.639 -1.583 -1.522 -1.457 -1.386 -1.309 -1.226 
-1.135 -1.037 -0.931 -0.817 -0.696 -0.571 -0.445 -0.320 -0.199 -0.120 
-0.160 -0.247 -0.330 -0.405 -0.471 -0.527 -0.574 -0.610 -0.635 -0.651 
-0.657 -0.654 -0.642 -0.621 -0.593 -0.560 -0.526 -0.495 -0.471 -0.453 
-0.443 -0.444 -0.463 -0.507 -0.578 -0.670 -0.771 -0.875 -0.976 -1.073 
-1.164 -1.250 -1.329 -1.403 -1.471 -1.535 -1.593 -1.648 -1.698 -1.744 
-1.796 
-1.989 -2.025 -2.056 -2.085 -2.111 -2.134 -2.154 -2.172 -2.187 -2.200 
-2.211 -2.219 -2.225 -2.228 -2.229 -2.228 -2.224 -2.218 -2.210 -2.200 
-2.187 -2.171 -2.153 -2.133 -2.109 -2.084 -2.055 -2.023 -1.989 -1.951 
-1.910 -1.865 -1.817 -1.764 -1.708 -1.647 -1.581 -1.510 -1.433 -1.349 
-1.259 -1.161 -1.056 -0.941 -0.818 -0.687 -0.547 -0.396 -0.247 -0.205 
-0.225 -0.249 -0.288 -0.336 -0.386 -0.430 -0.467 -0.493 -0.508 -0.511 
-0.504 -0.485 -0.457 -0.421 -0.381 -0.344 -0.319 -0.317 -0.346 -0.402 
-0.474 -0.543 -0.585 -0.600 -0.689 -0.852 -1.002 -1.129 -1.238 -1.336 
-1.424 -1.504 -1.577 -1.645 -1.707 -1.764 -1.817 -1.866 -1.911 -1.952 
-1.979 
-2.153 -2.226 -2.268 -2.305 -2.340 -2.371 -2.399 -2.424 -2.446 -2.465 
-2.481 -2.495 -2.506 -2.514 -2.520 -2.524 -2.525 -2.523 -2.519 -2.512 
-2.503 -2.491 -2.476 -2.459 -2.439 -2.416 -2.390 -2.361 -2.329 -2.293 
-2.254 -2.211 -2.164 -2.113 -2.057 -1.996 -1.929 -1.855 -1.775 -1.686 
-1.587 -1.476 -1.351 -1.208 -1.039 -0.833 -0.573 -0.272 -0.049 -0.065 
-0.250 -0.443 -0.592 -0.711 -0.808 -0.886 -0.947 -0.993 -1.025 -1.043 
-1.049 -1.044 -1.027 -1.000 -0.965 -0.926 -0.888 -0.857 -0.830 -0.789 
-0.707 -0.565 -0.382 -0.255 -0.305 -0.513 -0.767 -0.989 -1.168 -1.316 
-1.440 -1.549 -1.646 -1.734 -1.814 -1.888 -1.957 -2.020 -2.078 -2.132 
-2.141 
-1.990 -2.002 -2.048 -2.091 -2.130 -2.166 -2.200 -2.230 -2.257 -2.282 
-2.303 -2.322 -2.338 -2.352 -2.363 -2.371 -2.377 -2.380 -2.380 -2.378 
-2.374 -2.367 -2.357 -2.344 -2.329 -2.310 -2.289 -2.264 -2.237 -2.206 
-2.171 -2.132 -2.089 -2.042 -1.990 -1.932 -1.869 -1.799 -1.722 -1.637 
-1.546 -1.450 -1.350 -1.251 -1.147 -1.028 -0.877 -0.680 -0.464 -0.403 
-0.419 -0.456 -0.543 -0.660 -0.781 -0.892 -0.988 -1.068 -1.135 -1.188 
-1.231 -1.263 -1.285 -1.298 -1.302 -1.297 -1.282 -1.257 -1.220 -1.168 
-1.099 -1.008 -0.891 -0.786 -0.826 -0.965 -1.075 -1.151 -1.211 -1.267 
-1.326 -1.388 -1.453 -1.521 -1.589 -1.655 -1.721 -1.783 -1.843 -1.899 
-1.969 
-2.141 -2.212 -2.254 -2.291 -2.325 -2.355 -2.381 -2.405 -2.425 -2.442 
-2.457 -2.468 -2.476 -2.482 -2.485 -2.485 -2.482 -2.477 -2.468 -2.457 
-2.443 -2.426 -2.405 -2.382 -2.355 -2.325 -2.291 -2.254 -2.212 -2.166 
-2.115 -2.059 -1.998 -1.931 -1.857 -1.777 -1.689 -1.593 -1.489 -1.379 
-1.267 -1.158 -1.065 -0.996 -0.958 -0.945 -0.957 -0.988 -1.012 -1.011 
-1.006 -1.038 -1.112 -1.201 -1.283 -1.350 -1.403 -1.442 -1.469 -1.485 
-1.491 -1.487 -1.473 -1.450 -1.416 -1.372 -1.317 -1.250 -1.172 -1.084 
-0.995 -0.918 -0.874 -0.881 -0.938 -1.026 -1.120 -1.201 -1.268 -1.335 
-1.416 -1.509 -1.605 -1.697 -1.783 -1.863 -1.935 -2.001 -2.061 -2.116 
-2.131 
-2.089 -2.122 -2.177 -2.227 -2.272 -2.312 -2.349 -2.381 -2.409 -2.434 
-2.456 -2.474 -2.489 -2.501 -2.510 -2.516 -2.519 -2.519 -2.516 -2.510 
-2.502 -2.490 -2.475 -2.458 -2.436 -2.412 -2.384 -2.353 -2.317 -2.278 
-2.234 -2.185 -2.131 -2.072 -2.007 -1.934 -1.855 -1.766 -1.669 -1.561 
-1.443 -1.314 -1.177 -1.034 -0.895 -0.786 -0.740 -0.778 -0.877 -1.001 
-1.124 -1.235 -1.330 -1.412 -1.480 -1.537 -1.584 -1.621 -1.649 -1.669 
-1.681 -1.685 -1.682 -1.671 -1.653 -1.626 -1.589 -1.544 -1.489 -1.424 
-1.351 -1.278 -1.214 -1.169 -1.140 -1.112 -1.076 -1.032 -1.002 -1.009 
-1.066 -1.165 -1.286 -1.411 -1.532 -1.643 -1.745 -1.836 -1.919 -1.994 
-2.063 
-2.163 -2.201 -2.245 -2.285 -2.320 -2.353 -2.381 -2.407 -2.429 -2.448 
-2.464 -2.478 -2.488 -2.496 -2.501 -2.503 -2.503 -2.500 -2.494 -2.486 
-2.474 -2.460 -2.443 -2.424 -2.401 -2.375 -2.345 -2.312 -2.276 -2.236 
-2.191 -2.142 -2.089 -2.030 -1.966 -1.896 -1.818 -1.734 -1.641 -1.539 
-1.428 -1.306 -1.176 -1.039 -0.905 -0.790 -0.722 -0.719 -0.775 -0.866 
-0.968 -1.066 -1.155 -1.231 -1.295 -1.348 -1.390 -1.423 -1.446 -1.461 
-1.468 -1.466 -1.456 -1.437 -1.409 -1.372 -1.325 -1.267 -1.198 -1.120 
-1.040 -0.971 -0.926 -0.904 -0.905 -0.935 -0.992 -1.068 -1.149 -1.236 
-1.334 -1.440 -1.547 -1.649 -1.743 -1.828 -1.906 -1.977 -2.041 -2.100 
-2.146 
-2.296 -2.349 -2.384 -2.416 -2.444 -2.470 -2.492 -2.511 -2.528 -2.542 
-2.553 -2.561 -2.567 -2.570 -2.570 -2.568 -2.564 -2.556 -2.546 -2.534 
-2.518 -2.500 -2.479 -2.455 -2.428 -2.398 -2.364 -2.327 -2.286 -2.241 
-2.192 -2.138 -2.080 -2.016 -1.947 -1.872 -1.791 -1.703 -1.609 -1.509 
-1.406 -1.303 -1.206 -1.123 -1.061 -1.021 -1.008 -1.025 -1.065 -1.118 
-1.172 -1.223 -1.270 -1.313 -1.351 -1.382 -1.405 -1.421 -1.429 -1.428 
-1.419 -1.401 -1.374 -1.336 -1.288 -1.227 -1.153 -1.066 -0.966 -0.862 
-0.772 -0.727 -0.747 -0.827 -0.940 -1.064 -1.190 -1.314 -1.434 -1.545 
-1.649 -1.744 -1.831 -1.911 -1.984 -2.051 -2.112 -2.169 -2.220 -2.267 
-2.285 
-2.212 -2.237 -2.276 -2.312 -2.344 -2.374 -2.400 -2.424 -2.445 -2.463 
-2.478 -2.491 -2.502 -2.510 -2.515 -2.518 -2.519 -2.517 -2.513 -2.506 
-2.497 -2.485 -2.470 -2.453 -2.434 -2.411 -2.386 -2.358 -2.326 -2.292 
-2.254 -2.212 -2.167 -2.117 -2.064 -2.005 -1.942 -1.874 -1.800 -1.721 
-1.637 -1.548 -1.458 -1.370 -1.286 -1.209 -1.142 -1.084 -1.041 -1.015 
-1.006 -1.015 -1.038 -1.070 -1.106 -1.143 -1.176 -1.204 -1.227 -1.242 
-1.250 -1.251 -1.244 -1.229 -1.207 -1.176 -1.138 -1.092 -1.040 -0.986 
-0.935 -0.904 -0.904 -0.938 -0.994 -1.066 -1.150 -1.241 -1.336 -1.432 
-1.525 -1.615 -1.699 -1.778 -1.852 -1.920 -1.984 -2.043 -2.097 -2.148 
-2.196 
-2.193 -2.238 -2.282 -2.321 -2.357 -2.390 -2.419 -2.445 -2.469 -2.489 
-2.507 -2.521 -2.534 -2.543 -2.550 -2.554 -2.556 -2.555 -2.551 -2.545 
-2.537 -2.525 -2.511 -2.495 -2.475 -2.452 -2.427 -2.398 -2.366 -2.331 
-2.292 -2.250 -2.203 -2.152 -2.097 -2.036 -1.970 -1.899 -1.821 -1.737 
-1.647 -1.550 -1.447 -1.341 -1.237 -1.144 -1.072 -1.032 -1.026 -1.050 
-1.095 -1.149 -1.207 -1.264 -1.317 -1.365 -1.405 -1.439 -1.466 -1.485 
-1.498 -1.503 -1.501 -1.493 -1.477 -1.455 -1.425 -1.390 -1.348 -1.302 
-1.253 -1.205 -1.162 -1.129 -1.113 -1.118 -1.149 -1.204 -1.278 -1.365 
-1.458 -1.551 -1.642 -1.729 -1.811 -1.887 -1.957 -2.023 -2.084 -2.140 
-2.177 
-2.153 -2.181 -2.224 -2.263 -2.299 -2.331 -2.360 -2.385 -2.408 -2.428 
-2.445 -2.459 -2.470 -2.479 -2.486 -2.489 -2.490 -2.489 -2.485 -2.478 
-2.469 -2.457 -2.442 -2.425 -2.404 -2.381 -2.355 -2.326 -2.294 -2.258 
-2.218 -2.175 -2.128 -2.077 -2.021 -1.961 -1.896 -1.825 -1.750 -1.668 
-1.582 -1.491 -1.398 -1.306 -1.220 -1.145 -1.091 -1.061 -1.059 -1.081 
-1.119 -1.167 -1.219 -1.269 -1.316 -1.357 -1.392 -1.421 -1.442 -1.457 
-1.465 -1.466 -1.461 -1.448 -1.428 -1.401 -1.367 -1.325 -1.276 -1.220 
-1.160 -1.098 -1.040 -0.996 -0.974 -0.983 -1.025 -1.095 -1.184 -1.284 
-1.386 -1.486 -1.581 -1.670 -1.753 -1.830 -1.902 -1.967 -2.028 -2.083 
-2.135 
-2.267 -2.298 -2.337 -2.373 -2.405 -2.433 -2.459 -2.481 -2.501 -2.518 
-2.531 -2.543 -2.551 -2.557 -2.560 -2.560 -2.558 -2.553 -2.546 -2.536 
-2.523 -2.507 -2.489 -2.468 -2.443 -2.416 -2.385 -2.351 -2.313 -2.271 
-2.226 -2.176 -2.121 -2.061 -1.996 -1.925 -1.847 -1.761 -1.668 -1.565 
-1.451 -1.330 -1.215 -1.141 -1.111 -1.098 -1.100 -1.120 -1.157 -1.207 
-1.262 -1.318 -1.371 -1.419 -1.461 -1.497 -1.525 -1.547 -1.561 -1.569 
-1.569 -1.563 -1.550 -1.529 -1.501 -1.466 -1.422 -1.371 -1.313 -1.248 
-1.179 -1.110 -1.047 -1.002 -0.997 -1.047 -1.131 -1.231 -1.337 -1.444 
-1.548 -1.646 -1.738 -1.823 -1.901 -1.973 -2.040 -2.101 -2.157 -2.208 
-2.251 
-2.506 -2.567 -2.607 -2.644 -2.676 -2.705 -2.730 -2.752 -2.770 -2.786 
-2.798 -2.808 -2.815 -2.819 -2.820 -2.818 -2.813 -2.805 -2.795 -2.782 
-2.765 -2.746 -2.723 -2.697 -2.667 -2.634 -2.596 -2.555 -2.509 -2.458 
-2.401 -2.339 -2.269 -2.192 -2.107 -2.010 -1.901 -1.778 -1.636 -1.472 
-1.289 -1.103 -0.960 -0.918 -0.982 -1.099 -1.224 -1.341 -1.447 -1.541 
-1.623 -1.694 -1.754 -1.805 -1.846 -1.879 -1.904 -1.921 -1.931 -1.933 
-1.927 -1.915 -1.894 -1.865 -1.828 -1.780 -1.722 -1.652 -1.568 -1.467 
-1.348 -1.210 -1.065 -0.951 -0.923 -1.003 -1.142 -1.279 -1.397 -1.527 
-1.669 -1.805 -1.927 -2.035 -2.129 -2.214 -2.289 -2.357 -2.417 -2.473 
-2.494 
-2.573 -2.601 -2.654 -2.702 -2.745 -2.783 -2.818 -2.848 -2.874 -2.897 
-2.917 -2.934 -2.947 -2.957 -2.964 -2.968 -2.969 -2.968 -2.963 -2.955 
-2.944 -2.930 -2.913 -2.893 -2.869 -2.842 -2.811 -2.777 -2.738 -2.694 
-2.646 -2.592 -2.533 -2.467 -2.394 -2.312 -2.221 -2.118 -2.001 -1.868 
-1.717 -1.551 -1.393 -1.289 -1.240 -1.226 -1.258 -1.341 -1.454 -1.574 
-1.685 -1.783 -1.867 -1.938 -1.997 -2.046 -2.085 -2.116 -2.138 -2.153 
-2.160 -2.159 -2.150 -2.134 -2.109 -2.075 -2.030 -1.974 -1.903 -1.817 
-1.710 -1.585 -1.454 -1.353 -1.311 -1.297 -1.249 -1.181 -1.161 -1.235 
-1.382 -1.557 -1.725 -1.877 -2.010 -2.127 -2.230 -2.322 -2.403 -2.476 
-2.548 
-2.825 -2.892 -2.936 -2.974 -3.009 -3.041 -3.068 -3.093 -3.114 -3.132 
-3.147 -3.159 -3.169 -3.176 -3.179 -3.181 -3.179 -3.175 -3.168 -3.158 
-3.146 -3.130 -3.112 -3.091 -3.066 -3.039 -3.008 -2.973 -2.935 -2.893 
-2.846 -2.795 -2.739 -2.677 -2.610 -2.535 -2.454 -2.363 -2.263 -2.152 
-2.029 -1.892 -1.742 -1.584 -1.432 -1.313 -1.258 -1.279 -1.364 -1.478 
-1.595 -1.701 -1.792 -1.869 -1.931 -1.981 -2.020 -2.049 -2.067 -2.077 
-2.076 -2.067 -2.048 -2.018 -1.978 -1.925 -1.859 -1.776 -1.674 -1.552 
-1.410 -1.262 -1.148 -1.126 -1.215 -1.365 -1.502 -1.589 -1.658 -1.769 
-1.916 -2.066 -2.200 -2.319 -2.422 -2.514 -2.595 -2.667 -2.733 -2.791 
-2.813 
-2.867 -2.916 -2.956 -2.992 -3.024 -3.053 -3.079 -3.102 -3.122 -3.138 
-3.152 -3.163 -3.172 -3.177 -3.180 -3.180 -3.178 -3.173 -3.165 -3.154 
-3.141 -3.125 -3.106 -3.084 -3.058 -3.030 -2.998 -2.963 -2.923 -2.880 
-2.832 -2.780 -2.723 -2.660 -2.591 -2.515 -2.432 -2.340 -2.238 -2.126 
-2.002 -1.867 -1.723 -1.579 -1.454 -1.370 -1.341 -1.367 -1.431 -1.521 
-1.623 -1.722 -1.809 -1.883 -1.944 -1.993 -2.031 -2.058 -2.076 -2.084 
-2.083 -2.073 -2.054 -2.024 -1.984 -1.932 -1.867 -1.786 -1.689 -1.574 
-1.443 -1.313 -1.216 -1.202 -1.290 -1.439 -1.601 -1.754 -1.890 -2.014 
-2.128 -2.233 -2.331 -2.421 -2.504 -2.579 -2.649 -2.712 -2.770 -2.823 
-2.854 
-2.671 -2.713 -2.762 -2.806 -2.846 -2.883 -2.916 -2.946 -2.973 -2.997 
-3.018 -3.036 -3.051 -3.063 -3.073 -3.080 -3.084 -3.086 -3.085 -3.082 
-3.075 -3.066 -3.055 -3.040 -3.023 -3.003 -2.979 -2.953 -2.923 -2.889 
-2.852 -2.811 -2.766 -2.716 -2.661 -2.601 -2.534 -2.461 -2.379 -2.289 
-2.189 -2.078 -1.956 -1.823 -1.684 -1.549 -1.427 -1.332 -1.291 -1.320 
-1.402 -1.507 -1.610 -1.701 -1.780 -1.846 -1.902 -1.948 -1.986 -2.015 
-2.037 -2.051 -2.057 -2.056 -2.047 -2.030 -2.005 -1.970 -1.925 -1.869 
-1.802 -1.726 -1.657 -1.621 -1.624 -1.641 -1.661 -1.691 -1.739 -1.805 
-1.885 -1.974 -2.065 -2.156 -2.243 -2.326 -2.403 -2.475 -2.542 -2.604 
-2.652 
-2.585 -2.609 -2.656 -2.700 -2.740 -2.777 -2.811 -2.841 -2.869 -2.893 
-2.915 -2.934 -2.951 -2.964 -2.976 -2.984 -2.991 -2.994 -2.996 -2.995 
-2.991 -2.985 -2.976 -2.965 -2.951 -2.935 -2.916 -2.894 -2.869 -2.841 
-2.810 -2.775 -2.738 -2.696 -2.651 -2.601 -2.547 -2.488 -2.425 -2.356 
-2.282 -2.204 -2.124 -2.043 -1.963 -1.883 -1.801 -1.724 -1.672 -1.655 
-1.658 -1.667 -1.678 -1.693 -1.713 -1.736 -1.762 -1.788 -1.811 -1.832 
-1.848 -1.860 -1.866 -1.866 -1.860 -1.848 -1.830 -1.805 -1.774 -1.737 
-1.694 -1.647 -1.600 -1.557 -1.528 -1.524 -1.546 -1.590 -1.652 -1.727 
-1.811 -1.899 -1.987 -2.073 -2.156 -2.235 -2.308 -2.377 -2.442 -2.502 
-2.564 
-2.768 -2.824 -2.866 -2.904 -2.939 -2.970 -2.997 -3.022 -3.043 -3.061 
-3.077 -3.089 -3.099 -3.106 -3.110 -3.112 -3.111 -3.107 -3.101 -3.091 
-3.079 -3.064 -3.046 -3.025 -3.001 -2.974 -2.943 -2.909 -2.871 -2.829 
-2.783 -2.733 -2.678 -2.617 -2.551 -2.480 -2.402 -2.317 -2.227 -2.131 
-2.031 -1.932 -1.839 -1.760 -1.706 -1.686 -1.702 -1.744 -1.798 -1.852 
-1.900 -1.943 -1.980 -2.014 -2.044 -2.072 -2.096 -2.115 -2.130 -2.138 
-2.140 -2.136 -2.124 -2.105 -2.079 -2.043 -1.999 -1.944 -1.879 -1.803 
-1.715 -1.619 -1.525 -1.449 -1.416 -1.440 -1.519 -1.632 -1.757 -1.883 
-2.002 -2.112 -2.214 -2.308 -2.394 -2.473 -2.545 -2.611 -2.672 -2.727 
-2.755 
-2.852 -2.885 -2.923 -2.958 -2.989 -3.016 -3.040 -3.062 -3.080 -3.095 
-3.107 -3.117 -3.124 -3.128 -3.129 -3.128 -3.124 -3.118 -3.108 -3.096 
-3.081 -3.063 -3.043 -3.019 -2.992 -2.961 -2.927 -2.890 -2.849 -2.803 
-2.753 -2.699 -2.639 -2.573 -2.502 -2.424 -2.339 -2.246 -2.145 -2.037 
-1.921 -1.800 -1.679 -1.569 -1.484 -1.444 -1.458 -1.517 -1.601 -1.692 
-1.778 -1.856 -1.922 -1.979 -2.025 -2.062 -2.090 -2.110 -2.121 -2.124 
-2.120 -2.108 -2.087 -2.058 -2.020 -1.973 -1.915 -1.847 -1.768 -1.681 
-1.587 -1.497 -1.422 -1.382 -1.396 -1.468 -1.583 -1.718 -1.856 -1.987 
-2.107 -2.216 -2.315 -2.405 -2.486 -2.561 -2.628 -2.689 -2.745 -2.797 
-2.837 
-2.867 -2.897 -2.928 -2.955 -2.980 -3.001 -3.019 -3.035 -3.047 -3.057 
-3.064 -3.068 -3.069 -3.068 -3.064 -3.057 -3.048 -3.036 -3.021 -3.003 
-2.982 -2.958 -2.931 -2.900 -2.867 -2.829 -2.788 -2.744 -2.695 -2.642 
-2.586 -2.525 -2.461 -2.392 -2.321 -2.246 -2.169 -2.087 -2.003 -1.916 
-1.829 -1.749 -1.684 -1.640 -1.622 -1.633 -1.671 -1.729 -1.795 -1.860 
-1.919 -1.970 -2.013 -2.048 -2.074 -2.093 -2.105 -2.109 -2.105 -2.094 
-2.075 -2.048 -2.013 -1.969 -1.915 -1.851 -1.777 -1.692 -1.601 -1.510 
-1.438 -1.411 -1.431 -1.489 -1.576 -1.687 -1.809 -1.931 -2.047 -2.154 
-2.252 -2.342 -2.423 -2.498 -2.565 -2.627 -2.683 -2.735 -2.781 -2.824 
-2.855 
-2.871 -2.893 -2.919 -2.942 -2.961 -2.977 -2.990 -3.000 -3.007 -3.012 
-3.013 -3.012 -3.007 -3.000 -2.990 -2.977 -2.961 -2.942 -2.920 -2.895 
-2.867 -2.836 -2.801 -2.762 -2.720 -2.675 -2.625 -2.573 -2.517 -2.457 
-2.396 -2.333 -2.270 -2.210 -2.154 -2.105 -2.066 -2.037 -2.018 -2.006 
-1.997 -1.987 -1.976 -1.965 -1.954 -1.947 -1.950 -1.973 -2.016 -2.067 
-2.116 -2.158 -2.191 -2.215 -2.229 -2.236 -2.234 -2.225 -2.208 -2.183 
-2.149 -2.106 -2.053 -1.989 -1.912 -1.821 -1.715 -1.592 -1.459 -1.335 
-1.256 -1.260 -1.345 -1.477 -1.621 -1.758 -1.886 -2.005 -2.115 -2.215 
-2.307 -2.391 -2.466 -2.535 -2.597 -2.654 -2.705 -2.751 -2.793 -2.830 
-2.861 
-2.880 -2.920 -2.958 -2.992 -3.022 -3.049 -3.073 -3.093 -3.111 -3.125 
-3.137 -3.146 -3.152 -3.155 -3.156 -3.153 -3.148 -3.140 -3.130 -3.116 
-3.099 -3.080 -3.057 -3.031 -3.002 -2.969 -2.933 -2.893 -2.850 -2.802 
-2.752 -2.698 -2.641 -2.582 -2.523 -2.462 -2.402 -2.341 -2.277 -2.208 
-2.130 -2.041 -1.941 -1.832 -1.723 -1.632 -1.580 -1.579 -1.626 -1.701 
-1.787 -1.870 -1.946 -2.011 -2.065 -2.109 -2.143 -2.169 -2.185 -2.193 
-2.193 -2.185 -2.168 -2.142 -2.107 -2.061 -2.003 -1.933 -1.850 -1.760 
-1.686 -1.653 -1.657 -1.673 -1.698 -1.743 -1.809 -1.895 -1.991 -2.092 
-2.191 -2.285 -2.374 -2.457 -2.534 -2.604 -2.669 -2.729 -2.784 -2.833 
-2.866 
-2.835 -2.858 -2.894 -2.926 -2.955 -2.981 -3.003 -3.023 -3.040 -3.053 
-3.064 -3.073 -3.079 -3.082 -3.083 -3.081 -3.076 -3.070 -3.060 -3.048 
-3.034 -3.016 -2.997 -2.974 -2.949 -2.921 -2.890 -2.856 -2.819 -2.778 
-2.735 -2.688 -2.638 -2.585 -2.529 -2.470 -2.409 -2.348 -2.287 -2.229 
-2.175 -2.127 -2.085 -2.048 -2.014 -1.987 -1.976 -1.990 -2.026 -2.074 
-2.122 -2.164 -2.198 -2.225 -2.244 -2.256 -2.262 -2.262 -2.257 -2.247 
-2.233 -2.217 -2.199 -2.181 -2.161 -2.140 -2.116 -2.088 -2.053 -2.012 
-1.963 -1.912 -1.862 -1.822 -1.802 -1.808 -1.843 -1.903 -1.980 -2.068 
-2.158 -2.246 -2.331 -2.410 -2.484 -2.553 -2.616 -2.673 -2.726 -2.774 
-2.819 
-2.842 -2.880 -2.904 -2.925 -2.944 -2.961 -2.975 -2.988 -2.998 -3.006 
-3.013 -3.017 -3.019 -3.019 -3.018 -3.014 -3.009 -3.002 -2.993 -2.983 
-2.971 -2.957 -2.941 -2.924 -2.905 -2.885 -2.863 -2.839 -2.814 -2.788 
-2.760 -2.730 -2.700 -2.667 -2.634 -2.599 -2.563 -2.526 -2.489 -2.452 
-2.416 -2.382 -2.350 -2.321 -2.293 -2.266 -2.238 -2.208 -2.177 -2.145 
-2.113 -2.085 -2.061 -2.041 -2.025 -2.008 -1.990 -1.969 -1.946 -1.922 
-1.898 -1.878 -1.863 -1.855 -1.857 -1.869 -1.892 -1.923 -1.959 -1.999 
-2.038 -2.073 -2.105 -2.133 -2.161 -2.194 -2.236 -2.285 -2.340 -2.396 
-2.451 -2.503 -2.553 -2.600 -2.644 -2.686 -2.725 -2.761 -2.794 -2.825 
-2.836 
-2.764 -2.775 -2.811 -2.846 -2.878 -2.908 -2.935 -2.961 -2.984 -3.005 
-3.024 -3.040 -3.055 -3.067 -3.076 -3.084 -3.089 -3.092 -3.093 -3.092 
-3.088 -3.083 -3.075 -3.065 -3.052 -3.038 -3.021 -3.001 -2.980 -2.956 
-2.929 -2.900 -2.868 -2.833 -2.795 -2.754 -2.710 -2.661 -2.608 -2.551 
-2.488 -2.420 -2.345 -2.263 -2.178 -2.094 -2.020 -1.960 -1.912 -1.869 
-1.831 -1.805 -1.794 -1.800 -1.821 -1.852 -1.889 -1.926 -1.962 -1.993 
-2.020 -2.042 -2.061 -2.078 -2.093 -2.108 -2.123 -2.137 -2.149 -2.159 
-2.164 -2.164 -2.160 -2.154 -2.148 -2.150 -2.165 -2.193 -2.229 -2.269 
-2.311 -2.353 -2.396 -2.439 -2.482 -2.526 -2.570 -2.613 -2.656 -2.697 
-2.748 
-2.935 -2.993 -3.037 -3.077 -3.114 -3.148 -3.178 -3.205 -3.230 -3.251 
-3.270 -3.286 -3.299 -3.309 -3.317 -3.323 -3.325 -3.325 -3.323 -3.317 
-3.309 -3.299 -3.285 -3.269 -3.249 -3.227 -3.201 -3.172 -3.140 -3.104 
-3.063 -3.019 -2.970 -2.916 -2.857 -2.791 -2.719 -2.639 -2.551 -2.453 
-2.345 -2.225 -2.096 -1.965 -1.848 -1.765 -1.725 -1.728 -1.770 -1.834 
-1.905 -1.972 -2.032 -2.087 -2.140 -2.188 -2.233 -2.272 -2.306 -2.332 
-2.352 -2.365 -2.371 -2.369 -2.361 -2.344 -2.320 -2.288 -2.247 -2.198 
-2.140 -2.075 -2.007 -1.941 -1.888 -1.859 -1.864 -1.903 -1.974 -2.068 
-2.173 -2.278 -2.379 -2.472 -2.558 -2.637 -2.709 -2.775 -2.837 -2.893 
-2.921 
-3.017 -3.055 -3.104 -3.148 -3.187 -3.223 -3.255 -3.283 -3.308 -3.329 
-3.347 -3.362 -3.374 -3.383 -3.389 -3.392 -3.392 -3.389 -3.383 -3.375 
-3.363 -3.348 -3.331 -3.310 -3.285 -3.257 -3.226 -3.191 -3.151 -3.107 
-3.059 -3.005 -2.945 -2.880 -2.807 -2.727 -2.637 -2.538 -2.428 -2.305 
-2.170 -2.026 -1.880 -1.752 -1.673 -1.666 -1.727 -1.827 -1.940 -2.052 
-2.155 -2.247 -2.326 -2.393 -2.450 -2.498 -2.536 -2.567 -2.590 -2.606 
-2.615 -2.617 -2.613 -2.603 -2.586 -2.562 -2.532 -2.494 -2.449 -2.397 
-2.337 -2.269 -2.194 -2.113 -2.030 -1.953 -1.892 -1.864 -1.886 -1.958 
-2.065 -2.188 -2.312 -2.429 -2.536 -2.634 -2.723 -2.803 -2.875 -2.941 
-2.996 
-3.091 -3.126 -3.161 -3.193 -3.222 -3.247 -3.269 -3.289 -3.305 -3.318 
-3.329 -3.336 -3.341 -3.343 -3.343 -3.340 -3.334 -3.325 -3.313 -3.299 
-3.281 -3.261 -3.237 -3.210 -3.180 -3.146 -3.108 -3.066 -3.021 -2.970 
-2.915 -2.854 -2.787 -2.714 -2.634 -2.547 -2.452 -2.348 -2.237 -2.121 
-2.004 -1.895 -1.809 -1.759 -1.754 -1.798 -1.878 -1.973 -2.067 -2.153 
-2.228 -2.293 -2.349 -2.395 -2.433 -2.464 -2.487 -2.503 -2.513 -2.516 
-2.513 -2.504 -2.489 -2.469 -2.442 -2.410 -2.374 -2.334 -2.293 -2.253 
-2.220 -2.196 -2.182 -2.178 -2.181 -2.188 -2.202 -2.226 -2.272 -2.343 
-2.429 -2.518 -2.604 -2.684 -2.758 -2.825 -2.887 -2.944 -2.996 -3.044 
-3.078 
-3.163 -3.188 -3.217 -3.242 -3.265 -3.285 -3.301 -3.315 -3.327 -3.335 
-3.341 -3.344 -3.345 -3.343 -3.338 -3.331 -3.320 -3.308 -3.292 -3.273 
-3.252 -3.228 -3.200 -3.169 -3.135 -3.097 -3.056 -3.010 -2.960 -2.906 
-2.847 -2.782 -2.712 -2.637 -2.555 -2.467 -2.374 -2.276 -2.176 -2.077 
-1.986 -1.911 -1.865 -1.856 -1.884 -1.937 -2.003 -2.071 -2.135 -2.194 
-2.246 -2.290 -2.327 -2.356 -2.379 -2.394 -2.402 -2.404 -2.399 -2.388 
-2.369 -2.344 -2.312 -2.273 -2.228 -2.177 -2.121 -2.064 -2.009 -1.963 
-1.931 -1.918 -1.931 -1.976 -2.053 -2.148 -2.248 -2.346 -2.440 -2.528 
-2.610 -2.687 -2.757 -2.823 -2.884 -2.939 -2.991 -3.038 -3.081 -3.120 
-3.152 
-3.225 -3.267 -3.302 -3.333 -3.361 -3.385 -3.406 -3.424 -3.439 -3.451 
-3.460 -3.466 -3.470 -3.470 -3.468 -3.463 -3.455 -3.445 -3.431 -3.415 
-3.395 -3.372 -3.346 -3.317 -3.284 -3.248 -3.207 -3.162 -3.113 -3.059 
-3.000 -2.934 -2.863 -2.784 -2.698 -2.603 -2.499 -2.385 -2.262 -2.133 
-2.006 -1.897 -1.826 -1.809 -1.838 -1.896 -1.974 -2.065 -2.158 -2.243 
-2.317 -2.379 -2.431 -2.472 -2.505 -2.529 -2.545 -2.553 -2.554 -2.547 
-2.533 -2.511 -2.481 -2.442 -2.395 -2.338 -2.270 -2.192 -2.104 -2.007 
-1.906 -1.817 -1.762 -1.768 -1.834 -1.935 -2.043 -2.152 -2.268 -2.391 
-2.510 -2.619 -2.718 -2.807 -2.887 -2.959 -3.025 -3.083 -3.136 -3.184 
-3.213 
-3.219 -3.246 -3.294 -3.337 -3.376 -3.410 -3.441 -3.469 -3.492 -3.513 
-3.530 -3.545 -3.556 -3.564 -3.570 -3.572 -3.572 -3.568 -3.562 -3.553 
-3.541 -3.526 -3.508 -3.487 -3.462 -3.434 -3.402 -3.367 -3.327 -3.283 
-3.234 -3.180 -3.121 -3.055 -2.982 -2.901 -2.812 -2.713 -2.603 -2.483 
-2.353 -2.220 -2.093 -1.979 -1.887 -1.834 -1.843 -1.914 -2.022 -2.139 
-2.249 -2.346 -2.429 -2.499 -2.558 -2.606 -2.644 -2.674 -2.695 -2.708 
-2.713 -2.711 -2.702 -2.684 -2.658 -2.623 -2.579 -2.523 -2.456 -2.376 
-2.284 -2.183 -2.082 -1.986 -1.888 -1.821 -1.830 -1.880 -1.970 -2.095 
-2.238 -2.379 -2.510 -2.630 -2.738 -2.834 -2.922 -3.000 -3.071 -3.136 
-3.197 
-3.355 -3.421 -3.466 -3.506 -3.543 -3.575 -3.604 -3.629 -3.651 -3.670 
-3.685 -3.698 -3.707 -3.714 -3.718 -3.719 -3.717 -3.712 -3.704 -3.694 
-3.680 -3.664 -3.644 -3.621 -3.595 -3.565 -3.532 -3.494 -3.453 -3.407 
-3.357 -3.301 -3.240 -3.172 -3.098 -3.016 -2.925 -2.826 -2.716 -2.596 
-2.468 -2.338 -2.215 -2.117 -2.059 -2.050 -2.094 -2.180 -2.285 -2.389 
-2.483 -2.565 -2.636 -2.695 -2.744 -2.784 -2.815 -2.838 -2.853 -2.860 
-2.860 -2.853 -2.838 -2.815 -2.783 -2.742 -2.690 -2.626 -2.548 -2.452 
-2.335 -2.189 -2.009 -1.800 -1.619 -1.558 -1.661 -1.859 -2.070 -2.262 
-2.433 -2.584 -2.716 -2.833 -2.937 -3.030 -3.113 -3.188 -3.255 -3.316 
-3.334 
