IRGRID 64 91
1e+308

0.025 0.03 0.035 0.04 0.045 0.05 0.055 0.06 0.065 0.07
0.075 0.08 0.085 0.09 0.095 0.1 0.11 0.12 0.13 0.14
0.15 0.16 0.17 0.18 0.19 0.2 0.21 0.22 0.23 0.24
0.25 0.26 0.27 0.28 0.29 0.3 0.31 0.32 0.33 0.34
0.35 0.36 0.37 0.38 0.39 0.4 0.41 0.42 0.43 0.44
0.45 0.46 0.47 0.48 0.49 0.5 0.51 0.52 0.53 0.54
0.55 0.56 0.57 0.58
0 4 8 12 16 20 24 28 32 36
40 44 48 52 56 60 64 68 72 76
80 84 88 92 96 100 104 108 112 116
120 124 128 132 136 140 144 148 152 156
160 164 168 172 176 180 184 188 192 196
200 204 208 212 216 220 224 228 232 236
240 244 248 252 256 260 264 268 272 276
280 284 288 292 296 300 304 308 312 316
320 324 328 332 336 340 344 348 352 356
360
-2.973 -3.017 -2.968 -2.920 -2.876 -2.839 -2.813 -2.800 -2.803 -2.822 
-2.855 -2.898 -2.950 -3.005 -3.062 -3.118 -3.173 -3.224 -3.273 -3.317 
-3.358 -3.395 -3.428 -3.457 -3.483 -3.505 -3.524 -3.539 -3.550 -3.558 
-3.563 -3.564 -3.562 -3.557 -3.548 -3.535 -3.518 -3.498 -3.474 -3.445 
-3.411 -3.373 -3.329 -3.279 -3.223 -3.160 -3.088 -3.006 -2.912 -2.805 
-2.680 -2.533 -2.359 -2.148 -1.891 -1.634 -1.516 -1.657 -1.937 -2.203 
-2.408 -2.570 -2.702 -2.813 -2.907 -2.988 -3.058 -3.118 -3.170 -3.215 
-3.254 -3.286 -3.313 -3.336 -3.353 -3.366 -3.374 -3.378 -3.378 -3.374 
-3.366 -3.354 -3.337 -3.317 -3.293 -3.264 -3.232 -3.196 -3.156 -3.112 
-2.985 
-2.299 -2.357 -2.358 -2.357 -2.354 -2.352 -2.353 -2.363 -2.383 -2.414 
-2.454 -2.500 -2.551 -2.604 -2.656 -2.708 -2.756 -2.802 -2.845 -2.883 
-2.919 -2.950 -2.978 -3.003 -3.024 -3.041 -3.055 -3.066 -3.074 -3.078 
-3.079 -3.077 -3.071 -3.062 -3.049 -3.033 -3.013 -2.989 -2.962 -2.930 
-2.893 -2.851 -2.804 -2.752 -2.692 -2.626 -2.551 -2.466 -2.370 -2.261 
-2.135 -1.991 -1.824 -1.638 -1.449 -1.294 -1.240 -1.354 -1.542 -1.727 
-1.889 -2.027 -2.143 -2.242 -2.326 -2.398 -2.460 -2.512 -2.557 -2.594 
-2.624 -2.649 -2.667 -2.680 -2.687 -2.689 -2.686 -2.678 -2.664 -2.646 
-2.622 -2.594 -2.561 -2.525 -2.487 -2.449 -2.414 -2.385 -2.366 -2.356 
-2.308 
-1.861 -1.866 -1.920 -1.978 -2.037 -2.093 -2.145 -2.192 -2.235 -2.274 
-2.310 -2.342 -2.370 -2.395 -2.417 -2.437 -2.455 -2.472 -2.487 -2.500 
-2.513 -2.525 -2.536 -2.546 -2.555 -2.562 -2.568 -2.572 -2.574 -2.574 
-2.572 -2.568 -2.561 -2.551 -2.539 -2.523 -2.504 -2.482 -2.456 -2.427 
-2.393 -2.355 -2.311 -2.263 -2.208 -2.147 -2.078 -2.000 -1.912 -1.811 
-1.696 -1.563 -1.407 -1.227 -1.028 -0.852 -0.771 -0.824 -0.965 -1.131 
-1.289 -1.429 -1.550 -1.654 -1.743 -1.820 -1.885 -1.941 -1.987 -2.026 
-2.057 -2.082 -2.100 -2.112 -2.118 -2.118 -2.112 -2.100 -2.083 -2.060 
-2.031 -1.998 -1.960 -1.920 -1.878 -1.839 -1.806 -1.785 -1.779 -1.791 
-1.842 
-1.897 -1.923 -1.911 -1.896 -1.879 -1.862 -1.848 -1.839 -1.837 -1.842 
-1.852 -1.864 -1.877 -1.888 -1.898 -1.907 -1.915 -1.923 -1.931 -1.940 
-1.948 -1.957 -1.967 -1.976 -1.984 -1.993 -2.000 -2.007 -2.012 -2.016 
-2.018 -2.018 -2.016 -2.012 -2.005 -1.996 -1.984 -1.969 -1.950 -1.929 
-1.903 -1.874 -1.840 -1.801 -1.758 -1.709 -1.653 -1.590 -1.520 -1.440 
-1.350 -1.248 -1.134 -1.006 -0.868 -0.731 -0.618 -0.514 -0.305 -0.475 
-0.768 -0.962 -1.114 -1.242 -1.352 -1.448 -1.533 -1.607 -1.673 -1.732 
-1.783 -1.829 -1.869 -1.904 -1.935 -1.960 -1.981 -1.998 -2.011 -2.020 
-2.025 -2.026 -2.022 -2.015 -2.005 -1.992 -1.978 -1.964 -1.952 -1.942 
-1.899 
-1.572 -1.547 -1.497 -1.448 -1.401 -1.361 -1.331 -1.316 -1.318 -1.336 
-1.369 -1.413 -1.463 -1.518 -1.574 -1.629 -1.683 -1.733 -1.780 -1.824 
-1.864 -1.901 -1.934 -1.964 -1.990 -2.014 -2.034 -2.051 -2.066 -2.077 
-2.085 -2.090 -2.092 -2.091 -2.087 -2.080 -2.069 -2.055 -2.038 -2.016 
-1.991 -1.962 -1.928 -1.890 -1.846 -1.796 -1.741 -1.677 -1.606 -1.525 
-1.433 -1.327 -1.205 -1.060 -0.886 -0.669 -0.378 0.018 0.307 0.157 
-0.214 -0.564 -0.809 -0.992 -1.138 -1.258 -1.359 -1.444 -1.518 -1.580 
-1.635 -1.681 -1.721 -1.754 -1.782 -1.804 -1.821 -1.834 -1.842 -1.845 
-1.844 -1.839 -1.829 -1.815 -1.797 -1.774 -1.747 -1.715 -1.679 -1.638 
-1.587 
-1.028 -1.078 -1.077 -1.071 -1.060 -1.045 -1.030 -1.019 -1.015 -1.020 
-1.036 -1.062 -1.097 -1.139 -1.186 -1.235 -1.284 -1.333 -1.380 -1.425 
-1.466 -1.505 -1.540 -1.572 -1.601 -1.626 -1.648 -1.666 -1.682 -1.694 
-1.702 -1.708 -1.710 -1.710 -1.705 -1.698 -1.687 -1.673 -1.655 -1.633 
-1.607 -1.578 -1.543 -1.504 -1.460 -1.410 -1.354 -1.290 -1.219 -1.138 
-1.045 -0.938 -0.814 -0.666 -0.487 -0.263 0.021 0.319 0.512 0.533 
1.060 0.294 -0.132 -0.384 -0.564 -0.703 -0.815 -0.907 -0.984 -1.048 
-1.102 -1.147 -1.184 -1.213 -1.236 -1.252 -1.263 -1.267 -1.266 -1.259 
-1.247 -1.230 -1.209 -1.184 -1.156 -1.129 -1.105 -1.086 -1.076 -1.073 
-1.036 
-0.603 -0.628 -0.691 -0.757 -0.823 -0.887 -0.946 -1.001 -1.053 -1.101 
-1.147 -1.192 -1.236 -1.279 -1.320 -1.358 -1.395 -1.429 -1.459 -1.487 
-1.512 -1.535 -1.554 -1.570 -1.584 -1.595 -1.603 -1.609 -1.612 -1.612 
-1.610 -1.605 -1.598 -1.587 -1.574 -1.559 -1.540 -1.518 -1.494 -1.466 
-1.435 -1.400 -1.361 -1.319 -1.272 -1.220 -1.164 -1.101 -1.032 -0.955 
-0.870 -0.775 -0.668 -0.545 -0.402 -0.231 -0.019 0.255 0.626 1.263 
1.702 1.460 0.871 0.470 0.208 0.020 -0.124 -0.238 -0.329 -0.404 
-0.465 -0.515 -0.554 -0.586 -0.610 -0.626 -0.637 -0.642 -0.641 -0.634 
-0.623 -0.607 -0.587 -0.564 -0.540 -0.518 -0.502 -0.497 -0.506 -0.532 
-0.583 
-0.629 -0.649 -0.692 -0.734 -0.776 -0.817 -0.856 -0.892 -0.926 -0.957 
-0.985 -1.009 -1.031 -1.048 -1.062 -1.071 -1.076 -1.078 -1.077 -1.073 
-1.069 -1.065 -1.065 -1.067 -1.073 -1.083 -1.094 -1.107 -1.118 -1.128 
-1.135 -1.139 -1.140 -1.138 -1.132 -1.123 -1.110 -1.094 -1.074 -1.050 
-1.023 -0.992 -0.957 -0.918 -0.875 -0.827 -0.773 -0.715 -0.650 -0.578 
-0.499 -0.411 -0.312 -0.200 -0.072 0.076 0.254 0.473 0.761 1.175 
1.680 1.868 1.511 1.073 0.755 0.534 0.369 0.239 0.135 0.049 
-0.023 -0.084 -0.135 -0.178 -0.215 -0.247 -0.275 -0.299 -0.321 -0.342 
-0.361 -0.379 -0.398 -0.417 -0.436 -0.457 -0.480 -0.506 -0.536 -0.570 
-0.615 
-1.010 -1.077 -1.087 -1.094 -1.098 -1.097 -1.093 -1.085 -1.073 -1.057 
-1.036 -1.011 -0.981 -0.948 -0.911 -0.871 -0.829 -0.787 -0.745 -0.707 
-0.674 -0.649 -0.633 -0.628 -0.634 -0.648 -0.670 -0.697 -0.727 -0.757 
-0.787 -0.815 -0.839 -0.861 -0.879 -0.893 -0.903 -0.909 -0.911 -0.909 
-0.903 -0.893 -0.878 -0.859 -0.836 -0.808 -0.774 -0.735 -0.690 -0.639 
-0.580 -0.513 -0.435 -0.346 -0.242 -0.119 0.028 0.211 0.450 0.801 
1.451 1.880 1.478 0.879 0.509 0.263 0.076 -0.074 -0.199 -0.303 
-0.393 -0.471 -0.538 -0.597 -0.649 -0.695 -0.735 -0.771 -0.804 -0.833 
-0.860 -0.885 -0.908 -0.931 -0.953 -0.974 -0.994 -1.014 -1.032 -1.049 
-1.011 
-0.956 -0.973 -0.988 -1.001 -1.013 -1.023 -1.032 -1.038 -1.043 -1.045 
-1.046 -1.044 -1.041 -1.035 -1.027 -1.017 -1.005 -0.991 -0.977 -0.962 
-0.947 -0.934 -0.924 -0.917 -0.912 -0.910 -0.909 -0.909 -0.908 -0.906 
-0.902 -0.896 -0.889 -0.879 -0.868 -0.855 -0.839 -0.822 -0.803 -0.782 
-0.758 -0.732 -0.704 -0.672 -0.638 -0.601 -0.560 -0.515 -0.465 -0.411 
-0.350 -0.282 -0.207 -0.122 -0.025 0.087 0.217 0.370 0.555 0.776 
1.033 1.445 1.264 1.170 0.832 0.574 0.372 0.208 0.071 -0.047 
-0.149 -0.238 -0.318 -0.389 -0.452 -0.509 -0.561 -0.607 -0.649 -0.688 
-0.723 -0.755 -0.784 -0.811 -0.836 -0.859 -0.881 -0.902 -0.921 -0.940 
-0.951 
-0.799 -0.810 -0.844 -0.879 -0.914 -0.950 -0.985 -1.019 -1.053 -1.085 
-1.116 -1.145 -1.172 -1.198 -1.221 -1.243 -1.262 -1.280 -1.295 -1.309 
-1.320 -1.330 -1.337 -1.343 -1.347 -1.349 -1.350 -1.348 -1.345 -1.340 
-1.333 -1.325 -1.315 -1.303 -1.289 -1.273 -1.255 -1.235 -1.213 -1.188 
-1.161 -1.132 -1.099 -1.064 -1.025 -0.983 -0.937 -0.886 -0.831 -0.770 
-0.703 -0.629 -0.546 -0.454 -0.350 -0.231 -0.092 0.073 0.280 0.556 
0.919 1.139 1.429 1.507 1.175 0.756 0.475 0.276 0.124 0.004 
-0.095 -0.177 -0.246 -0.304 -0.354 -0.396 -0.433 -0.464 -0.492 -0.516 
-0.538 -0.559 -0.579 -0.599 -0.619 -0.641 -0.664 -0.690 -0.717 -0.746 
-0.787 
-0.885 -0.937 -0.984 -1.032 -1.078 -1.124 -1.169 -1.212 -1.253 -1.292 
-1.330 -1.365 -1.399 -1.430 -1.459 -1.485 -1.510 -1.532 -1.552 -1.570 
-1.586 -1.600 -1.611 -1.620 -1.627 -1.632 -1.634 -1.634 -1.632 -1.628 
-1.622 -1.613 -1.601 -1.588 -1.571 -1.552 -1.531 -1.507 -1.479 -1.449 
-1.416 -1.379 -1.338 -1.294 -1.245 -1.192 -1.134 -1.070 -1.000 -0.923 
-0.837 -0.742 -0.635 -0.513 -0.373 -0.207 -0.005 0.256 0.621 1.087 
1.287 1.173 1.006 0.943 0.518 0.240 0.054 -0.081 -0.186 -0.270 
-0.337 -0.391 -0.436 -0.471 -0.500 -0.523 -0.541 -0.555 -0.567 -0.577 
-0.587 -0.599 -0.613 -0.631 -0.655 -0.684 -0.718 -0.756 -0.798 -0.843 
-0.871 
-0.951 -0.986 -1.052 -1.114 -1.173 -1.228 -1.280 -1.328 -1.372 -1.412 
-1.449 -1.483 -1.513 -1.541 -1.565 -1.587 -1.606 -1.623 -1.638 -1.650 
-1.661 -1.669 -1.676 -1.681 -1.684 -1.686 -1.686 -1.684 -1.680 -1.675 
-1.667 -1.658 -1.646 -1.632 -1.616 -1.598 -1.577 -1.553 -1.527 -1.497 
-1.464 -1.427 -1.386 -1.341 -1.292 -1.238 -1.177 -1.111 -1.037 -0.955 
-0.864 -0.760 -0.642 -0.505 -0.344 -0.146 0.109 0.468 0.944 1.266 
1.166 1.094 0.683 0.287 0.053 -0.110 -0.232 -0.328 -0.402 -0.461 
-0.507 -0.541 -0.566 -0.582 -0.590 -0.592 -0.588 -0.579 -0.568 -0.555 
-0.544 -0.538 -0.539 -0.551 -0.575 -0.613 -0.662 -0.719 -0.784 -0.851 
-0.922 
-1.252 -1.311 -1.336 -1.357 -1.374 -1.389 -1.400 -1.409 -1.415 -1.420 
-1.423 -1.424 -1.425 -1.424 -1.422 -1.420 -1.418 -1.415 -1.411 -1.408 
-1.405 -1.401 -1.398 -1.394 -1.390 -1.386 -1.382 -1.378 -1.373 -1.367 
-1.361 -1.353 -1.345 -1.335 -1.324 -1.311 -1.297 -1.280 -1.261 -1.240 
-1.216 -1.190 -1.160 -1.127 -1.090 -1.049 -1.004 -0.953 -0.897 -0.834 
-0.763 -0.684 -0.593 -0.490 -0.370 -0.228 -0.054 0.168 0.479 0.884 
1.154 1.488 1.241 0.743 0.320 0.057 -0.134 -0.285 -0.409 -0.513 
-0.601 -0.678 -0.744 -0.800 -0.849 -0.889 -0.923 -0.951 -0.973 -0.991 
-1.005 -1.019 -1.034 -1.054 -1.078 -1.108 -1.142 -1.179 -1.215 -1.250 
-1.251 
-1.429 -1.442 -1.465 -1.486 -1.506 -1.523 -1.539 -1.554 -1.566 -1.577 
-1.587 -1.594 -1.601 -1.606 -1.610 -1.612 -1.613 -1.613 -1.611 -1.609 
-1.605 -1.600 -1.594 -1.586 -1.577 -1.567 -1.555 -1.542 -1.528 -1.511 
-1.493 -1.473 -1.452 -1.428 -1.402 -1.373 -1.343 -1.310 -1.274 -1.235 
-1.193 -1.148 -1.100 -1.048 -0.992 -0.931 -0.865 -0.794 -0.717 -0.631 
-0.538 -0.434 -0.317 -0.184 -0.032 0.143 0.339 0.540 0.728 0.888 
0.969 1.107 0.810 0.505 0.313 0.177 0.080 0.013 -0.038 -0.094 
-0.175 -0.280 -0.396 -0.508 -0.610 -0.702 -0.783 -0.856 -0.921 -0.981 
-1.037 -1.088 -1.135 -1.179 -1.220 -1.259 -1.295 -1.329 -1.360 -1.389 
-1.419 
-1.585 -1.629 -1.666 -1.700 -1.731 -1.760 -1.786 -1.810 -1.832 -1.851 
-1.868 -1.883 -1.895 -1.906 -1.914 -1.920 -1.925 -1.927 -1.927 -1.925 
-1.922 -1.916 -1.908 -1.898 -1.886 -1.871 -1.855 -1.836 -1.815 -1.792 
-1.766 -1.738 -1.707 -1.674 -1.638 -1.599 -1.556 -1.511 -1.462 -1.409 
-1.352 -1.292 -1.226 -1.156 -1.080 -0.998 -0.909 -0.813 -0.708 -0.593 
-0.466 -0.326 -0.168 0.010 0.209 0.427 0.635 0.782 0.832 0.815 
0.761 0.665 0.567 0.495 0.449 0.430 0.431 0.444 0.449 0.425 
0.352 0.233 0.083 -0.078 -0.237 -0.386 -0.522 -0.647 -0.761 -0.866 
-0.961 -1.048 -1.129 -1.203 -1.271 -1.335 -1.393 -1.448 -1.498 -1.545 
-1.570 
-1.608 -1.644 -1.675 -1.703 -1.729 -1.753 -1.774 -1.793 -1.810 -1.824 
-1.836 -1.846 -1.854 -1.860 -1.864 -1.865 -1.865 -1.862 -1.858 -1.851 
-1.842 -1.831 -1.818 -1.803 -1.786 -1.766 -1.744 -1.720 -1.693 -1.663 
-1.631 -1.597 -1.560 -1.519 -1.476 -1.430 -1.380 -1.327 -1.270 -1.210 
-1.145 -1.077 -1.004 -0.926 -0.844 -0.758 -0.668 -0.574 -0.478 -0.380 
-0.280 -0.177 -0.068 0.048 0.173 0.308 0.447 0.567 0.641 0.674 
0.678 0.655 0.603 0.530 0.448 0.370 0.310 0.270 0.229 0.155 
0.039 -0.100 -0.245 -0.384 -0.513 -0.631 -0.739 -0.837 -0.927 -1.010 
-1.087 -1.158 -1.224 -1.285 -1.342 -1.395 -1.445 -1.491 -1.533 -1.573 
-1.598 
-1.498 -1.526 -1.559 -1.589 -1.616 -1.640 -1.662 -1.681 -1.698 -1.712 
-1.724 -1.734 -1.741 -1.746 -1.749 -1.750 -1.748 -1.744 -1.738 -1.730 
-1.719 -1.706 -1.691 -1.673 -1.653 -1.631 -1.605 -1.578 -1.547 -1.514 
-1.478 -1.438 -1.396 -1.350 -1.301 -1.248 -1.191 -1.130 -1.065 -0.996 
-0.922 -0.843 -0.760 -0.672 -0.581 -0.487 -0.392 -0.298 -0.210 -0.131 
-0.063 -0.007 0.038 0.072 0.098 0.120 0.141 0.166 0.195 0.222 
0.243 0.255 0.265 0.284 0.323 0.387 0.468 0.539 0.559 0.499 
0.369 0.203 0.033 -0.128 -0.275 -0.409 -0.531 -0.642 -0.744 -0.837 
-0.922 -1.001 -1.074 -1.142 -1.204 -1.261 -1.315 -1.364 -1.410 -1.452 
-1.485 
-1.457 -1.472 -1.508 -1.541 -1.571 -1.599 -1.623 -1.645 -1.665 -1.682 
-1.697 -1.710 -1.720 -1.727 -1.733 -1.736 -1.737 -1.736 -1.733 -1.727 
-1.719 -1.709 -1.696 -1.681 -1.664 -1.644 -1.622 -1.597 -1.569 -1.539 
-1.505 -1.469 -1.429 -1.386 -1.340 -1.290 -1.236 -1.177 -1.114 -1.046 
-0.973 -0.894 -0.808 -0.716 -0.616 -0.510 -0.397 -0.280 -0.167 -0.064 
0.028 0.111 0.187 0.247 0.283 0.292 0.280 0.256 0.229 0.207 
0.193 0.190 0.200 0.224 0.264 0.319 0.377 0.406 0.388 0.332 
0.248 0.148 0.035 -0.083 -0.204 -0.323 -0.436 -0.544 -0.645 -0.740 
-0.828 -0.910 -0.987 -1.058 -1.124 -1.185 -1.243 -1.296 -1.345 -1.391 
-1.441 
-1.597 -1.657 -1.687 -1.714 -1.738 -1.760 -1.779 -1.795 -1.809 -1.821 
-1.830 -1.837 -1.842 -1.844 -1.844 -1.842 -1.837 -1.830 -1.821 -1.809 
-1.795 -1.779 -1.760 -1.738 -1.714 -1.687 -1.657 -1.625 -1.589 -1.550 
-1.508 -1.462 -1.413 -1.360 -1.302 -1.240 -1.173 -1.100 -1.022 -0.937 
-0.846 -0.747 -0.640 -0.524 -0.401 -0.270 -0.136 -0.009 0.095 0.161 
0.182 0.170 0.142 0.111 0.084 0.058 0.036 0.020 0.014 0.021 
0.044 0.085 0.146 0.231 0.340 0.460 0.550 0.549 0.437 0.262 
0.078 -0.090 -0.242 -0.381 -0.510 -0.628 -0.738 -0.838 -0.931 -1.017 
-1.096 -1.170 -1.238 -1.300 -1.358 -1.412 -1.462 -1.508 -1.550 -1.589 
-1.589 
-1.397 -1.423 -1.448 -1.470 -1.490 -1.508 -1.523 -1.536 -1.547 -1.555 
-1.562 -1.566 -1.568 -1.568 -1.566 -1.562 -1.556 -1.548 -1.537 -1.525 
-1.510 -1.493 -1.474 -1.452 -1.428 -1.402 -1.373 -1.341 -1.307 -1.270 
-1.231 -1.188 -1.142 -1.093 -1.040 -0.984 -0.924 -0.860 -0.792 -0.720 
-0.644 -0.564 -0.481 -0.396 -0.310 -0.225 -0.146 -0.074 -0.015 0.025 
0.044 0.046 0.040 0.034 0.031 0.034 0.044 0.061 0.082 0.103 
0.122 0.135 0.145 0.156 0.173 0.199 0.221 0.201 0.121 0.015 
-0.091 -0.195 -0.297 -0.396 -0.490 -0.580 -0.664 -0.744 -0.818 -0.888 
-0.953 -1.013 -1.070 -1.122 -1.171 -1.216 -1.258 -1.297 -1.332 -1.365 
-1.387 
-1.251 -1.247 -1.266 -1.283 -1.298 -1.312 -1.323 -1.333 -1.340 -1.346 
-1.350 -1.352 -1.352 -1.351 -1.347 -1.342 -1.335 -1.327 -1.316 -1.304 
-1.289 -1.273 -1.255 -1.235 -1.214 -1.190 -1.164 -1.136 -1.106 -1.073 
-1.038 -1.001 -0.961 -0.918 -0.872 -0.823 -0.771 -0.714 -0.655 -0.592 
-0.528 -0.465 -0.406 -0.354 -0.310 -0.270 -0.231 -0.192 -0.151 -0.108 
-0.063 -0.015 0.037 0.093 0.154 0.217 0.282 0.345 0.401 0.442 
0.462 0.458 0.430 0.386 0.331 0.263 0.181 0.087 -0.010 -0.106 
-0.198 -0.286 -0.370 -0.449 -0.523 -0.593 -0.658 -0.719 -0.776 -0.830 
-0.880 -0.927 -0.970 -1.011 -1.049 -1.085 -1.117 -1.148 -1.176 -1.202 
-1.242 
-1.432 -1.472 -1.489 -1.504 -1.516 -1.526 -1.534 -1.539 -1.542 -1.543 
-1.542 -1.538 -1.532 -1.524 -1.513 -1.500 -1.485 -1.467 -1.447 -1.425 
-1.399 -1.371 -1.341 -1.307 -1.271 -1.231 -1.188 -1.142 -1.092 -1.039 
-0.982 -0.921 -0.856 -0.786 -0.712 -0.634 -0.552 -0.465 -0.376 -0.287 
-0.201 -0.125 -0.066 -0.028 -0.014 -0.019 -0.037 -0.060 -0.082 -0.099 
-0.107 -0.107 -0.097 -0.077 -0.047 -0.009 0.037 0.086 0.135 0.180 
0.220 0.258 0.302 0.348 0.380 0.368 0.298 0.179 0.036 -0.109 
-0.246 -0.372 -0.486 -0.589 -0.682 -0.767 -0.845 -0.916 -0.982 -1.042 
-1.097 -1.148 -1.195 -1.239 -1.278 -1.315 -1.348 -1.379 -1.406 -1.431 
-1.426 
-1.443 -1.445 -1.456 -1.464 -1.470 -1.474 -1.475 -1.474 -1.471 -1.465 
-1.458 -1.448 -1.435 -1.421 -1.404 -1.385 -1.363 -1.339 -1.313 -1.284 
-1.252 -1.218 -1.182 -1.143 -1.101 -1.057 -1.010 -0.960 -0.908 -0.854 
-0.797 -0.739 -0.680 -0.619 -0.559 -0.499 -0.441 -0.384 -0.330 -0.280 
-0.233 -0.189 -0.151 -0.117 -0.086 -0.056 -0.023 0.009 0.032 0.042 
0.046 0.053 0.071 0.099 0.138 0.185 0.234 0.280 0.311 0.318 
0.295 0.245 0.181 0.117 0.058 -0.008 -0.095 -0.199 -0.306 -0.408 
-0.502 -0.590 -0.672 -0.748 -0.819 -0.886 -0.948 -1.005 -1.058 -1.108 
-1.153 -1.195 -1.233 -1.268 -1.300 -1.329 -1.355 -1.378 -1.399 -1.417 
-1.439 
-1.432 -1.469 -1.492 -1.513 -1.532 -1.548 -1.562 -1.573 -1.582 -1.588 
-1.592 -1.594 -1.593 -1.590 -1.585 -1.577 -1.567 -1.554 -1.539 -1.522 
-1.502 -1.479 -1.453 -1.425 -1.394 -1.360 -1.324 -1.284 -1.241 -1.195 
-1.146 -1.094 -1.039 -0.980 -0.919 -0.855 -0.788 -0.717 -0.642 -0.563 
-0.477 -0.383 -0.281 -0.169 -0.049 0.072 0.184 0.268 0.309 0.300 
0.253 0.188 0.121 0.063 0.018 -0.014 -0.032 -0.041 -0.047 -0.057 
-0.076 -0.104 -0.135 -0.163 -0.187 -0.209 -0.232 -0.259 -0.293 -0.335 
-0.385 -0.442 -0.505 -0.572 -0.640 -0.708 -0.776 -0.842 -0.905 -0.966 
-1.025 -1.080 -1.132 -1.181 -1.228 -1.271 -1.311 -1.348 -1.382 -1.414 
-1.423 
-1.322 -1.326 -1.353 -1.378 -1.400 -1.419 -1.437 -1.452 -1.465 -1.475 
-1.483 -1.489 -1.493 -1.494 -1.494 -1.490 -1.485 -1.477 -1.467 -1.455 
-1.439 -1.422 -1.402 -1.379 -1.353 -1.325 -1.293 -1.259 -1.221 -1.179 
-1.134 -1.085 -1.032 -0.974 -0.911 -0.843 -0.768 -0.688 -0.601 -0.506 
-0.403 -0.292 -0.173 -0.048 0.075 0.176 0.230 0.240 0.221 0.175 
0.110 0.038 -0.033 -0.099 -0.158 -0.208 -0.251 -0.287 -0.316 -0.338 
-0.356 -0.368 -0.377 -0.383 -0.386 -0.390 -0.394 -0.400 -0.409 -0.422 
-0.440 -0.462 -0.489 -0.523 -0.562 -0.607 -0.656 -0.708 -0.762 -0.816 
-0.870 -0.922 -0.973 -1.022 -1.068 -1.113 -1.154 -1.194 -1.231 -1.265 
-1.310 
-1.490 -1.528 -1.561 -1.591 -1.619 -1.643 -1.664 -1.683 -1.700 -1.713 
-1.724 -1.733 -1.739 -1.742 -1.743 -1.742 -1.738 -1.731 -1.722 -1.710 
-1.695 -1.678 -1.658 -1.635 -1.609 -1.580 -1.548 -1.512 -1.472 -1.428 
-1.381 -1.328 -1.270 -1.207 -1.138 -1.061 -0.977 -0.883 -0.778 -0.660 
-0.527 -0.374 -0.202 -0.013 0.164 0.275 0.278 0.200 0.108 0.013 
-0.109 -0.230 -0.333 -0.418 -0.488 -0.545 -0.591 -0.627 -0.655 -0.675 
-0.687 -0.694 -0.694 -0.688 -0.677 -0.661 -0.640 -0.617 -0.591 -0.565 
-0.542 -0.525 -0.519 -0.527 -0.552 -0.593 -0.648 -0.713 -0.785 -0.858 
-0.932 -1.004 -1.073 -1.138 -1.200 -1.258 -1.312 -1.362 -1.409 -1.452 
-1.478 
-1.692 -1.737 -1.774 -1.809 -1.840 -1.868 -1.893 -1.916 -1.936 -1.953 
-1.968 -1.979 -1.989 -1.996 -2.000 -2.002 -2.002 -1.998 -1.993 -1.985 
-1.974 -1.960 -1.944 -1.925 -1.903 -1.879 -1.851 -1.819 -1.785 -1.747 
-1.704 -1.658 -1.607 -1.551 -1.490 -1.422 -1.348 -1.266 -1.174 -1.072 
-0.957 -0.826 -0.677 -0.508 -0.327 -0.167 -0.047 0.075 0.187 0.203 
0.096 -0.071 -0.236 -0.375 -0.488 -0.579 -0.652 -0.711 -0.756 -0.790 
-0.815 -0.830 -0.838 -0.838 -0.831 -0.818 -0.800 -0.777 -0.752 -0.726 
-0.703 -0.685 -0.678 -0.685 -0.708 -0.747 -0.801 -0.866 -0.938 -1.014 
-1.091 -1.166 -1.239 -1.310 -1.376 -1.439 -1.498 -1.553 -1.604 -1.652 
-1.679 
-1.744 -1.769 -1.804 -1.837 -1.867 -1.894 -1.918 -1.939 -1.958 -1.974 
-1.987 -1.998 -2.006 -2.012 -2.015 -2.015 -2.014 -2.009 -2.002 -1.993 
-1.980 -1.966 -1.948 -1.927 -1.904 -1.877 -1.848 -1.815 -1.778 -1.738 
-1.694 -1.645 -1.592 -1.533 -1.469 -1.399 -1.323 -1.238 -1.145 -1.042 
-0.927 -0.801 -0.662 -0.514 -0.366 -0.240 -0.155 -0.116 -0.109 -0.157 
-0.272 -0.403 -0.519 -0.616 -0.696 -0.761 -0.814 -0.856 -0.888 -0.912 
-0.928 -0.937 -0.939 -0.935 -0.926 -0.913 -0.897 -0.880 -0.862 -0.846 
-0.833 -0.824 -0.823 -0.830 -0.848 -0.878 -0.920 -0.972 -1.032 -1.096 
-1.164 -1.231 -1.298 -1.363 -1.425 -1.485 -1.540 -1.593 -1.642 -1.687 
-1.729 
-1.821 -1.858 -1.885 -1.910 -1.932 -1.952 -1.969 -1.983 -1.994 -2.004 
-2.010 -2.014 -2.016 -2.016 -2.012 -2.007 -1.998 -1.988 -1.974 -1.958 
-1.940 -1.918 -1.894 -1.866 -1.836 -1.802 -1.765 -1.723 -1.679 -1.629 
-1.576 -1.517 -1.453 -1.383 -1.307 -1.224 -1.133 -1.034 -0.927 -0.811 
-0.687 -0.556 -0.417 -0.276 -0.147 -0.063 -0.049 -0.103 -0.198 -0.307 
-0.410 -0.502 -0.579 -0.644 -0.695 -0.736 -0.767 -0.789 -0.803 -0.809 
-0.808 -0.801 -0.790 -0.774 -0.756 -0.737 -0.721 -0.710 -0.708 -0.717 
-0.739 -0.774 -0.820 -0.875 -0.936 -1.002 -1.070 -1.140 -1.209 -1.277 
-1.343 -1.406 -1.467 -1.524 -1.577 -1.627 -1.674 -1.717 -1.757 -1.793 
-1.812 
-1.834 -1.841 -1.867 -1.889 -1.909 -1.926 -1.940 -1.951 -1.960 -1.966 
-1.970 -1.971 -1.970 -1.966 -1.959 -1.950 -1.938 -1.924 -1.907 -1.886 
-1.863 -1.837 -1.808 -1.775 -1.739 -1.699 -1.655 -1.607 -1.554 -1.497 
-1.434 -1.366 -1.292 -1.212 -1.125 -1.031 -0.931 -0.826 -0.722 -0.622 
-0.537 -0.473 -0.435 -0.420 -0.417 -0.428 -0.467 -0.537 -0.619 -0.697 
-0.765 -0.822 -0.869 -0.906 -0.935 -0.955 -0.968 -0.974 -0.974 -0.967 
-0.954 -0.935 -0.911 -0.883 -0.850 -0.816 -0.782 -0.752 -0.728 -0.717 
-0.721 -0.743 -0.783 -0.837 -0.903 -0.975 -1.051 -1.127 -1.201 -1.273 
-1.341 -1.405 -1.466 -1.522 -1.574 -1.623 -1.668 -1.709 -1.747 -1.782 
-1.823 
-2.058 -2.099 -2.122 -2.142 -2.159 -2.174 -2.185 -2.194 -2.201 -2.204 
-2.206 -2.204 -2.200 -2.193 -2.184 -2.171 -2.156 -2.139 -2.118 -2.094 
-2.067 -2.037 -2.003 -1.966 -1.925 -1.880 -1.831 -1.777 -1.718 -1.653 
-1.583 -1.507 -1.423 -1.333 -1.236 -1.133 -1.026 -0.922 -0.829 -0.758 
-0.717 -0.708 -0.728 -0.769 -0.823 -0.883 -0.944 -1.002 -1.055 -1.102 
-1.142 -1.175 -1.202 -1.222 -1.235 -1.242 -1.244 -1.239 -1.228 -1.213 
-1.192 -1.166 -1.136 -1.101 -1.063 -1.022 -0.980 -0.940 -0.909 -0.893 
-0.898 -0.928 -0.982 -1.052 -1.133 -1.219 -1.305 -1.388 -1.467 -1.542 
-1.612 -1.677 -1.738 -1.793 -1.845 -1.892 -1.935 -1.975 -2.011 -2.043 
-2.050 
-2.151 -2.176 -2.194 -2.210 -2.223 -2.234 -2.243 -2.249 -2.253 -2.254 
-2.253 -2.250 -2.245 -2.237 -2.227 -2.214 -2.199 -2.182 -2.161 -2.139 
-2.113 -2.085 -2.053 -2.019 -1.982 -1.941 -1.896 -1.848 -1.796 -1.740 
-1.680 -1.614 -1.544 -1.469 -1.388 -1.303 -1.213 -1.122 -1.031 -0.947 
-0.873 -0.812 -0.763 -0.729 -0.712 -0.716 -0.738 -0.774 -0.816 -0.857 
-0.896 -0.929 -0.957 -0.979 -0.995 -1.006 -1.011 -1.012 -1.009 -1.004 
-0.998 -0.992 -0.988 -0.989 -0.995 -1.008 -1.028 -1.054 -1.086 -1.124 
-1.170 -1.225 -1.288 -1.355 -1.424 -1.493 -1.560 -1.624 -1.684 -1.741 
-1.795 -1.845 -1.892 -1.935 -1.975 -2.012 -2.046 -2.078 -2.106 -2.132 
-2.145 
-2.100 -2.107 -2.129 -2.149 -2.166 -2.181 -2.193 -2.203 -2.211 -2.216 
-2.219 -2.220 -2.218 -2.214 -2.208 -2.199 -2.188 -2.174 -2.158 -2.139 
-2.118 -2.093 -2.066 -2.036 -2.003 -1.967 -1.928 -1.884 -1.837 -1.786 
-1.731 -1.671 -1.606 -1.535 -1.459 -1.376 -1.285 -1.187 -1.081 -0.965 
-0.838 -0.700 -0.560 -0.478 -0.469 -0.483 -0.516 -0.570 -0.636 -0.706 
-0.772 -0.832 -0.885 -0.929 -0.966 -0.996 -1.019 -1.036 -1.049 -1.056 
-1.061 -1.063 -1.064 -1.065 -1.068 -1.073 -1.082 -1.096 -1.113 -1.133 
-1.156 -1.179 -1.206 -1.239 -1.285 -1.345 -1.412 -1.482 -1.549 -1.613 
-1.673 -1.729 -1.782 -1.830 -1.875 -1.917 -1.956 -1.992 -2.025 -2.055 
-2.090 
-2.209 -2.246 -2.278 -2.306 -2.331 -2.352 -2.371 -2.387 -2.400 -2.410 
-2.418 -2.423 -2.425 -2.424 -2.421 -2.415 -2.406 -2.394 -2.380 -2.363 
-2.343 -2.319 -2.293 -2.263 -2.229 -2.192 -2.151 -2.105 -2.055 -2.000 
-1.939 -1.871 -1.797 -1.714 -1.622 -1.518 -1.401 -1.266 -1.109 -0.923 
-0.704 -0.467 -0.281 -0.243 -0.368 -0.553 -0.722 -0.860 -0.976 -1.074 
-1.157 -1.227 -1.285 -1.333 -1.372 -1.403 -1.425 -1.441 -1.449 -1.451 
-1.447 -1.437 -1.421 -1.400 -1.372 -1.338 -1.299 -1.253 -1.202 -1.146 
-1.089 -1.037 -0.999 -0.990 -1.018 -1.084 -1.177 -1.283 -1.391 -1.495 
-1.593 -1.683 -1.765 -1.841 -1.909 -1.972 -2.029 -2.081 -2.129 -2.172 
-2.197 
-2.270 -2.293 -2.318 -2.340 -2.360 -2.376 -2.389 -2.400 -2.407 -2.412 
-2.415 -2.414 -2.411 -2.406 -2.397 -2.386 -2.372 -2.355 -2.335 -2.313 
-2.287 -2.258 -2.225 -2.189 -2.149 -2.106 -2.058 -2.005 -1.948 -1.886 
-1.818 -1.744 -1.664 -1.576 -1.479 -1.373 -1.254 -1.120 -0.963 -0.781 
-0.580 -0.399 -0.302 -0.342 -0.497 -0.678 -0.836 -0.966 -1.071 -1.156 
-1.224 -1.280 -1.324 -1.358 -1.384 -1.402 -1.414 -1.420 -1.420 -1.414 
-1.404 -1.388 -1.366 -1.339 -1.306 -1.267 -1.225 -1.181 -1.141 -1.110 
-1.095 -1.098 -1.123 -1.167 -1.232 -1.313 -1.404 -1.497 -1.588 -1.673 
-1.753 -1.827 -1.895 -1.957 -2.014 -2.066 -2.114 -2.157 -2.197 -2.232 
-2.259 
-2.271 -2.285 -2.293 -2.298 -2.300 -2.300 -2.298 -2.294 -2.287 -2.279 
-2.268 -2.254 -2.239 -2.221 -2.201 -2.179 -2.155 -2.128 -2.099 -2.068 
-2.035 -1.999 -1.961 -1.920 -1.877 -1.831 -1.782 -1.729 -1.674 -1.615 
-1.552 -1.486 -1.417 -1.346 -1.274 -1.203 -1.135 -1.073 -1.016 -0.961 
-0.899 -0.831 -0.797 -0.844 -0.926 -0.998 -1.052 -1.094 -1.125 -1.149 
-1.166 -1.180 -1.190 -1.199 -1.208 -1.217 -1.227 -1.239 -1.251 -1.265 
-1.282 -1.301 -1.322 -1.346 -1.371 -1.397 -1.422 -1.446 -1.469 -1.492 
-1.521 -1.557 -1.603 -1.658 -1.716 -1.776 -1.833 -1.888 -1.939 -1.985 
-2.028 -2.067 -2.103 -2.135 -2.163 -2.189 -2.212 -2.232 -2.249 -2.264 
-2.268 
-2.225 -2.212 -2.207 -2.200 -2.191 -2.181 -2.169 -2.155 -2.139 -2.122 
-2.103 -2.082 -2.060 -2.037 -2.012 -1.987 -1.960 -1.932 -1.903 -1.874 
-1.845 -1.815 -1.785 -1.755 -1.726 -1.697 -1.668 -1.640 -1.612 -1.585 
-1.557 -1.529 -1.500 -1.470 -1.439 -1.407 -1.375 -1.344 -1.316 -1.290 
-1.267 -1.247 -1.227 -1.206 -1.183 -1.158 -1.131 -1.104 -1.078 -1.056 
-1.040 -1.031 -1.031 -1.040 -1.058 -1.085 -1.121 -1.164 -1.213 -1.265 
-1.320 -1.375 -1.431 -1.486 -1.539 -1.592 -1.644 -1.694 -1.741 -1.787 
-1.831 -1.873 -1.911 -1.948 -1.982 -2.014 -2.043 -2.069 -2.094 -2.116 
-2.135 -2.153 -2.168 -2.181 -2.192 -2.201 -2.207 -2.212 -2.215 -2.216 
-2.227 
-2.339 -2.346 -2.343 -2.340 -2.334 -2.327 -2.318 -2.308 -2.296 -2.282 
-2.266 -2.249 -2.231 -2.210 -2.188 -2.165 -2.140 -2.114 -2.086 -2.057 
-2.027 -1.995 -1.963 -1.929 -1.894 -1.858 -1.821 -1.783 -1.744 -1.704 
-1.663 -1.621 -1.578 -1.534 -1.489 -1.442 -1.395 -1.346 -1.297 -1.247 
-1.197 -1.146 -1.095 -1.045 -0.995 -0.948 -0.904 -0.866 -0.838 -0.823 
-0.824 -0.843 -0.877 -0.926 -0.985 -1.052 -1.122 -1.194 -1.267 -1.338 
-1.408 -1.476 -1.541 -1.603 -1.662 -1.718 -1.772 -1.822 -1.870 -1.915 
-1.957 -1.997 -2.034 -2.069 -2.102 -2.132 -2.160 -2.186 -2.210 -2.231 
-2.251 -2.269 -2.285 -2.299 -2.311 -2.321 -2.330 -2.336 -2.341 -2.344 
-2.338 
-2.414 -2.416 -2.415 -2.413 -2.410 -2.404 -2.397 -2.388 -2.377 -2.364 
-2.350 -2.333 -2.315 -2.295 -2.273 -2.249 -2.224 -2.196 -2.166 -2.134 
-2.100 -2.064 -2.026 -1.986 -1.944 -1.899 -1.852 -1.803 -1.751 -1.698 
-1.643 -1.586 -1.528 -1.470 -1.412 -1.357 -1.304 -1.255 -1.210 -1.169 
-1.133 -1.100 -1.072 -1.050 -1.032 -1.021 -1.015 -1.016 -1.023 -1.037 
-1.059 -1.089 -1.127 -1.171 -1.219 -1.269 -1.321 -1.373 -1.425 -1.477 
-1.528 -1.579 -1.630 -1.680 -1.729 -1.778 -1.825 -1.871 -1.916 -1.959 
-1.999 -2.039 -2.076 -2.111 -2.144 -2.175 -2.204 -2.231 -2.257 -2.280 
-2.301 -2.321 -2.338 -2.354 -2.368 -2.380 -2.390 -2.399 -2.406 -2.411 
-2.413 
-2.428 -2.441 -2.446 -2.448 -2.449 -2.447 -2.443 -2.437 -2.428 -2.418 
-2.405 -2.389 -2.372 -2.351 -2.329 -2.304 -2.276 -2.245 -2.212 -2.176 
-2.137 -2.094 -2.049 -2.000 -1.948 -1.892 -1.833 -1.770 -1.704 -1.636 
-1.564 -1.492 -1.419 -1.349 -1.285 -1.228 -1.181 -1.146 -1.121 -1.103 
-1.089 -1.077 -1.072 -1.083 -1.111 -1.147 -1.183 -1.216 -1.244 -1.269 
-1.290 -1.309 -1.326 -1.340 -1.354 -1.367 -1.381 -1.397 -1.416 -1.439 
-1.466 -1.497 -1.532 -1.572 -1.614 -1.659 -1.704 -1.750 -1.796 -1.841 
-1.884 -1.927 -1.968 -2.008 -2.046 -2.083 -2.119 -2.154 -2.187 -2.218 
-2.247 -2.275 -2.301 -2.325 -2.347 -2.367 -2.384 -2.400 -2.413 -2.425 
-2.426 
-2.406 -2.405 -2.422 -2.437 -2.450 -2.461 -2.469 -2.475 -2.479 -2.481 
-2.480 -2.477 -2.472 -2.464 -2.453 -2.440 -2.424 -2.406 -2.384 -2.360 
-2.333 -2.302 -2.268 -2.231 -2.190 -2.145 -2.096 -2.042 -1.984 -1.922 
-1.854 -1.782 -1.704 -1.622 -1.535 -1.444 -1.351 -1.256 -1.162 -1.068 
-0.975 -0.892 -0.840 -0.838 -0.885 -0.965 -1.059 -1.152 -1.236 -1.311 
-1.375 -1.429 -1.475 -1.513 -1.545 -1.571 -1.593 -1.611 -1.626 -1.639 
-1.651 -1.661 -1.671 -1.681 -1.692 -1.705 -1.720 -1.737 -1.755 -1.776 
-1.797 -1.820 -1.845 -1.871 -1.899 -1.929 -1.960 -1.993 -2.027 -2.061 
-2.096 -2.130 -2.164 -2.197 -2.229 -2.259 -2.288 -2.315 -2.341 -2.364 
-2.398 
-2.619 -2.651 -2.664 -2.675 -2.683 -2.688 -2.692 -2.692 -2.691 -2.687 
-2.680 -2.671 -2.659 -2.645 -2.627 -2.608 -2.585 -2.559 -2.530 -2.498 
-2.462 -2.423 -2.380 -2.333 -2.282 -2.226 -2.165 -2.098 -2.026 -1.947 
-1.861 -1.767 -1.666 -1.557 -1.442 -1.326 -1.216 -1.126 -1.070 -1.051 
-1.062 -1.088 -1.122 -1.168 -1.230 -1.300 -1.368 -1.427 -1.478 -1.519 
-1.552 -1.576 -1.595 -1.607 -1.615 -1.619 -1.619 -1.618 -1.613 -1.608 
-1.601 -1.594 -1.588 -1.587 -1.593 -1.608 -1.634 -1.671 -1.716 -1.769 
-1.825 -1.884 -1.943 -2.001 -2.057 -2.111 -2.163 -2.213 -2.260 -2.305 
-2.347 -2.387 -2.425 -2.460 -2.493 -2.523 -2.550 -2.575 -2.598 -2.618 
-2.615 
-2.665 -2.683 -2.688 -2.691 -2.692 -2.690 -2.687 -2.682 -2.674 -2.664 
-2.652 -2.637 -2.621 -2.601 -2.579 -2.555 -2.528 -2.498 -2.465 -2.429 
-2.390 -2.348 -2.302 -2.252 -2.199 -2.141 -2.079 -2.012 -1.940 -1.863 
-1.781 -1.694 -1.602 -1.506 -1.409 -1.314 -1.225 -1.151 -1.099 -1.072 
-1.069 -1.082 -1.105 -1.132 -1.160 -1.190 -1.219 -1.249 -1.275 -1.299 
-1.319 -1.335 -1.349 -1.361 -1.373 -1.388 -1.406 -1.429 -1.458 -1.494 
-1.534 -1.579 -1.627 -1.676 -1.727 -1.780 -1.834 -1.889 -1.945 -2.002 
-2.057 -2.112 -2.164 -2.214 -2.261 -2.305 -2.347 -2.386 -2.422 -2.456 
-2.487 -2.516 -2.542 -2.566 -2.588 -2.608 -2.626 -2.641 -2.655 -2.666 
-2.663 
-2.548 -2.541 -2.550 -2.558 -2.564 -2.569 -2.572 -2.573 -2.573 -2.571 
-2.568 -2.562 -2.555 -2.546 -2.535 -2.521 -2.506 -2.488 -2.469 -2.446 
-2.422 -2.395 -2.365 -2.332 -2.296 -2.257 -2.215 -2.169 -2.119 -2.065 
-2.007 -1.944 -1.877 -1.806 -1.730 -1.653 -1.575 -1.500 -1.429 -1.365 
-1.307 -1.254 -1.208 -1.173 -1.153 -1.153 -1.173 -1.210 -1.258 -1.312 
-1.367 -1.420 -1.470 -1.517 -1.560 -1.600 -1.639 -1.676 -1.713 -1.750 
-1.786 -1.823 -1.859 -1.894 -1.928 -1.961 -1.992 -2.022 -2.051 -2.079 
-2.107 -2.134 -2.160 -2.186 -2.211 -2.237 -2.262 -2.286 -2.310 -2.333 
-2.356 -2.378 -2.399 -2.419 -2.438 -2.457 -2.474 -2.490 -2.504 -2.518 
-2.543 
-2.638 -2.660 -2.672 -2.682 -2.690 -2.696 -2.700 -2.703 -2.703 -2.701 
-2.698 -2.692 -2.684 -2.673 -2.661 -2.646 -2.629 -2.610 -2.588 -2.563 
-2.535 -2.505 -2.472 -2.436 -2.396 -2.353 -2.307 -2.256 -2.202 -2.144 
-2.081 -2.014 -1.943 -1.869 -1.792 -1.714 -1.638 -1.567 -1.506 -1.460 
-1.431 -1.420 -1.424 -1.440 -1.464 -1.498 -1.539 -1.586 -1.635 -1.685 
-1.732 -1.777 -1.817 -1.853 -1.885 -1.914 -1.939 -1.961 -1.981 -1.998 
-2.013 -2.027 -2.040 -2.053 -2.065 -2.078 -2.092 -2.107 -2.123 -2.141 
-2.160 -2.182 -2.205 -2.230 -2.256 -2.283 -2.311 -2.340 -2.368 -2.397 
-2.425 -2.453 -2.480 -2.505 -2.530 -2.553 -2.575 -2.595 -2.614 -2.631 
-2.634 
-2.677 -2.677 -2.685 -2.691 -2.695 -2.697 -2.697 -2.695 -2.690 -2.684 
-2.675 -2.664 -2.651 -2.636 -2.618 -2.597 -2.574 -2.549 -2.521 -2.490 
-2.455 -2.418 -2.378 -2.334 -2.286 -2.235 -2.180 -2.121 -2.057 -1.990 
-1.918 -1.844 -1.767 -1.689 -1.613 -1.541 -1.474 -1.415 -1.369 -1.339 
-1.328 -1.336 -1.361 -1.399 -1.443 -1.490 -1.538 -1.583 -1.624 -1.662 
-1.696 -1.726 -1.752 -1.775 -1.795 -1.813 -1.829 -1.844 -1.860 -1.876 
-1.893 -1.912 -1.932 -1.954 -1.978 -2.004 -2.030 -2.059 -2.088 -2.119 
-2.150 -2.183 -2.215 -2.248 -2.282 -2.315 -2.347 -2.379 -2.410 -2.440 
-2.468 -2.496 -2.522 -2.546 -2.569 -2.590 -2.609 -2.626 -2.642 -2.656 
-2.673 
-2.779 -2.791 -2.794 -2.794 -2.792 -2.787 -2.781 -2.772 -2.760 -2.747 
-2.731 -2.712 -2.691 -2.667 -2.641 -2.612 -2.580 -2.544 -2.506 -2.465 
-2.420 -2.371 -2.319 -2.263 -2.203 -2.139 -2.071 -1.998 -1.923 -1.844 
-1.764 -1.684 -1.609 -1.542 -1.487 -1.448 -1.427 -1.423 -1.431 -1.450 
-1.475 -1.506 -1.539 -1.572 -1.604 -1.633 -1.658 -1.679 -1.694 -1.706 
-1.713 -1.717 -1.718 -1.717 -1.716 -1.714 -1.715 -1.719 -1.728 -1.743 
-1.766 -1.795 -1.830 -1.872 -1.918 -1.967 -2.019 -2.071 -2.123 -2.175 
-2.225 -2.274 -2.321 -2.366 -2.409 -2.450 -2.488 -2.524 -2.558 -2.590 
-2.619 -2.646 -2.671 -2.693 -2.713 -2.731 -2.746 -2.760 -2.771 -2.780 
-2.777 
-2.754 -2.765 -2.766 -2.764 -2.760 -2.754 -2.747 -2.737 -2.726 -2.712 
-2.697 -2.679 -2.660 -2.638 -2.614 -2.587 -2.559 -2.528 -2.494 -2.458 
-2.419 -2.377 -2.333 -2.286 -2.237 -2.185 -2.130 -2.074 -2.016 -1.958 
-1.900 -1.843 -1.791 -1.743 -1.704 -1.674 -1.655 -1.645 -1.643 -1.645 
-1.650 -1.655 -1.660 -1.664 -1.668 -1.672 -1.676 -1.682 -1.687 -1.693 
-1.697 -1.699 -1.699 -1.698 -1.697 -1.696 -1.699 -1.705 -1.718 -1.737 
-1.764 -1.798 -1.839 -1.886 -1.937 -1.990 -2.045 -2.100 -2.154 -2.207 
-2.258 -2.306 -2.353 -2.396 -2.437 -2.476 -2.512 -2.545 -2.576 -2.604 
-2.629 -2.653 -2.673 -2.692 -2.709 -2.723 -2.735 -2.745 -2.753 -2.759 
-2.753 
-2.666 -2.640 -2.637 -2.632 -2.627 -2.621 -2.613 -2.605 -2.596 -2.585 
-2.574 -2.562 -2.548 -2.533 -2.517 -2.500 -2.482 -2.462 -2.441 -2.418 
-2.393 -2.367 -2.339 -2.308 -2.276 -2.240 -2.203 -2.162 -2.119 -2.073 
-2.024 -1.973 -1.921 -1.869 -1.820 -1.776 -1.739 -1.706 -1.677 -1.647 
-1.617 -1.586 -1.556 -1.530 -1.511 -1.500 -1.501 -1.514 -1.538 -1.570 
-1.609 -1.651 -1.696 -1.740 -1.783 -1.826 -1.867 -1.908 -1.948 -1.989 
-2.030 -2.071 -2.113 -2.155 -2.196 -2.236 -2.274 -2.311 -2.345 -2.378 
-2.408 -2.436 -2.461 -2.485 -2.507 -2.527 -2.545 -2.561 -2.576 -2.589 
-2.600 -2.610 -2.619 -2.626 -2.632 -2.636 -2.640 -2.642 -2.643 -2.643 
-2.667 
-3.003 -3.031 -3.027 -3.022 -3.014 -3.005 -2.995 -2.982 -2.967 -2.951 
-2.933 -2.912 -2.889 -2.864 -2.837 -2.807 -2.774 -2.738 -2.699 -2.657 
-2.611 -2.561 -2.507 -2.448 -2.384 -2.314 -2.239 -2.157 -2.068 -1.974 
-1.874 -1.773 -1.679 -1.602 -1.550 -1.519 -1.508 -1.515 -1.535 -1.563 
-1.594 -1.623 -1.649 -1.672 -1.690 -1.707 -1.723 -1.740 -1.757 -1.775 
-1.794 -1.814 -1.835 -1.857 -1.880 -1.907 -1.937 -1.971 -2.011 -2.059 
-2.113 -2.173 -2.235 -2.297 -2.358 -2.416 -2.472 -2.525 -2.575 -2.621 
-2.665 -2.706 -2.744 -2.779 -2.811 -2.841 -2.869 -2.894 -2.916 -2.937 
-2.955 -2.972 -2.986 -2.998 -3.009 -3.017 -3.024 -3.029 -3.032 -3.033 
-3.003 
-3.310 -3.328 -3.324 -3.318 -3.310 -3.299 -3.286 -3.270 -3.251 -3.230 
-3.206 -3.179 -3.149 -3.115 -3.079 -3.039 -2.995 -2.948 -2.896 -2.840 
-2.778 -2.712 -2.639 -2.560 -2.473 -2.379 -2.276 -2.162 -2.039 -1.907 
-1.770 -1.640 -1.538 -1.485 -1.491 -1.539 -1.609 -1.682 -1.752 -1.816 
-1.872 -1.920 -1.959 -1.991 -2.014 -2.029 -2.037 -2.038 -2.033 -2.022 
-2.005 -1.985 -1.962 -1.938 -1.915 -1.894 -1.879 -1.876 -1.889 -1.923 
-1.980 -2.054 -2.140 -2.230 -2.322 -2.410 -2.495 -2.574 -2.648 -2.717 
-2.782 -2.841 -2.896 -2.947 -2.994 -3.037 -3.077 -3.113 -3.146 -3.176 
-3.203 -3.227 -3.249 -3.268 -3.284 -3.298 -3.309 -3.317 -3.324 -3.327 
-3.309 
-3.263 -3.250 -3.245 -3.237 -3.227 -3.214 -3.199 -3.182 -3.161 -3.138 
-3.113 -3.084 -3.052 -3.017 -2.979 -2.938 -2.893 -2.844 -2.791 -2.734 
-2.672 -2.605 -2.532 -2.454 -2.370 -2.280 -2.183 -2.080 -1.972 -1.862 
-1.754 -1.656 -1.578 -1.532 -1.520 -1.534 -1.563 -1.597 -1.634 -1.674 
-1.715 -1.753 -1.784 -1.808 -1.824 -1.832 -1.831 -1.824 -1.811 -1.794 
-1.774 -1.756 -1.741 -1.735 -1.739 -1.757 -1.785 -1.824 -1.872 -1.929 
-1.996 -2.074 -2.158 -2.245 -2.331 -2.415 -2.494 -2.568 -2.637 -2.701 
-2.761 -2.816 -2.867 -2.914 -2.958 -2.997 -3.034 -3.067 -3.098 -3.125 
-3.149 -3.171 -3.190 -3.207 -3.221 -3.232 -3.241 -3.248 -3.252 -3.254 
-3.265 
-3.320 -3.326 -3.328 -3.328 -3.325 -3.319 -3.312 -3.301 -3.289 -3.273 
-3.255 -3.235 -3.211 -3.185 -3.156 -3.124 -3.088 -3.049 -3.007 -2.961 
-2.911 -2.856 -2.797 -2.734 -2.665 -2.590 -2.510 -2.424 -2.333 -2.236 
-2.137 -2.038 -1.943 -1.853 -1.768 -1.688 -1.617 -1.566 -1.544 -1.556 
-1.594 -1.646 -1.701 -1.751 -1.794 -1.828 -1.853 -1.868 -1.873 -1.871 
-1.861 -1.845 -1.824 -1.800 -1.775 -1.751 -1.730 -1.715 -1.711 -1.725 
-1.762 -1.822 -1.902 -1.995 -2.094 -2.194 -2.291 -2.384 -2.471 -2.553 
-2.629 -2.700 -2.766 -2.826 -2.882 -2.934 -2.982 -3.026 -3.067 -3.104 
-3.138 -3.169 -3.197 -3.221 -3.244 -3.263 -3.280 -3.294 -3.306 -3.315 
-3.318 
-3.340 -3.350 -3.347 -3.342 -3.335 -3.325 -3.312 -3.298 -3.281 -3.261 
-3.239 -3.214 -3.186 -3.156 -3.123 -3.086 -3.047 -3.004 -2.958 -2.908 
-2.854 -2.796 -2.735 -2.668 -2.598 -2.523 -2.444 -2.360 -2.274 -2.186 
-2.098 -2.013 -1.936 -1.871 -1.821 -1.786 -1.767 -1.761 -1.770 -1.792 
-1.823 -1.856 -1.886 -1.910 -1.928 -1.939 -1.942 -1.938 -1.928 -1.912 
-1.891 -1.867 -1.843 -1.823 -1.812 -1.813 -1.830 -1.863 -1.910 -1.969 
-2.039 -2.118 -2.204 -2.292 -2.380 -2.465 -2.545 -2.621 -2.692 -2.758 
-2.819 -2.876 -2.929 -2.978 -3.023 -3.065 -3.103 -3.138 -3.170 -3.199 
-3.226 -3.250 -3.271 -3.289 -3.305 -3.319 -3.330 -3.339 -3.345 -3.349 
-3.340 
-3.242 -3.229 -3.224 -3.216 -3.207 -3.195 -3.181 -3.164 -3.145 -3.124 
-3.100 -3.073 -3.044 -3.012 -2.977 -2.939 -2.898 -2.853 -2.805 -2.753 
-2.698 -2.638 -2.574 -2.506 -2.433 -2.355 -2.273 -2.187 -2.097 -2.006 
-1.915 -1.830 -1.755 -1.696 -1.657 -1.641 -1.645 -1.666 -1.696 -1.731 
-1.766 -1.800 -1.829 -1.854 -1.874 -1.888 -1.898 -1.903 -1.904 -1.902 
-1.898 -1.894 -1.891 -1.894 -1.906 -1.930 -1.967 -2.016 -2.074 -2.138 
-2.206 -2.274 -2.342 -2.408 -2.473 -2.535 -2.595 -2.652 -2.706 -2.757 
-2.805 -2.851 -2.893 -2.933 -2.970 -3.004 -3.036 -3.065 -3.092 -3.116 
-3.138 -3.158 -3.175 -3.190 -3.202 -3.213 -3.221 -3.227 -3.230 -3.232 
-3.243 
-3.325 -3.318 -3.313 -3.306 -3.297 -3.285 -3.271 -3.255 -3.236 -3.215 
-3.191 -3.164 -3.135 -3.103 -3.068 -3.030 -2.989 -2.944 -2.896 -2.845 
-2.789 -2.730 -2.667 -2.599 -2.527 -2.450 -2.369 -2.285 -2.197 -2.109 
-2.023 -1.944 -1.878 -1.827 -1.794 -1.777 -1.774 -1.783 -1.799 -1.818 
-1.838 -1.855 -1.869 -1.877 -1.879 -1.875 -1.865 -1.848 -1.825 -1.797 
-1.766 -1.735 -1.709 -1.692 -1.691 -1.705 -1.733 -1.768 -1.822 -1.914 
-2.028 -2.143 -2.249 -2.347 -2.436 -2.519 -2.595 -2.665 -2.730 -2.791 
-2.847 -2.899 -2.948 -2.992 -3.034 -3.072 -3.106 -3.138 -3.167 -3.194 
-3.217 -3.239 -3.257 -3.273 -3.287 -3.298 -3.307 -3.314 -3.318 -3.320 
-3.326 
-3.573 -3.590 -3.586 -3.580 -3.571 -3.560 -3.546 -3.529 -3.510 -3.488 
-3.463 -3.435 -3.404 -3.369 -3.332 -3.291 -3.246 -3.197 -3.143 -3.086 
-3.023 -2.954 -2.880 -2.800 -2.712 -2.618 -2.516 -2.408 -2.295 -2.183 
-2.081 -2.002 -1.954 -1.941 -1.955 -1.989 -2.033 -2.082 -2.130 -2.174 
-2.212 -2.242 -2.265 -2.280 -2.287 -2.286 -2.276 -2.257 -2.230 -2.194 
-2.150 -2.097 -2.035 -1.964 -1.881 -1.784 -1.680 -1.595 -1.578 -1.658 
-1.811 -1.989 -2.161 -2.315 -2.451 -2.572 -2.680 -2.776 -2.864 -2.943 
-3.015 -3.080 -3.140 -3.195 -3.245 -3.291 -3.333 -3.371 -3.405 -3.436 
-3.464 -3.489 -3.511 -3.531 -3.547 -3.561 -3.572 -3.581 -3.587 -3.590 
-3.573 
-3.617 -3.629 -3.627 -3.622 -3.615 -3.606 -3.594 -3.580 -3.563 -3.543 
-3.521 -3.496 -3.468 -3.437 -3.403 -3.365 -3.324 -3.280 -3.231 -3.179 
-3.121 -3.059 -2.992 -2.919 -2.840 -2.754 -2.661 -2.561 -2.453 -2.341 
-2.225 -2.113 -2.012 -1.927 -1.866 -1.835 -1.837 -1.867 -1.917 -1.976 
-2.034 -2.086 -2.130 -2.165 -2.189 -2.205 -2.210 -2.206 -2.191 -2.167 
-2.133 -2.088 -2.032 -1.967 -1.896 -1.828 -1.775 -1.754 -1.785 -1.877 
-2.009 -2.150 -2.287 -2.413 -2.529 -2.635 -2.731 -2.820 -2.901 -2.975 
-3.044 -3.107 -3.165 -3.219 -3.268 -3.313 -3.355 -3.393 -3.428 -3.460 
-3.489 -3.514 -3.537 -3.558 -3.575 -3.590 -3.603 -3.613 -3.620 -3.626 
-3.616 
-3.481 -3.468 -3.464 -3.459 -3.451 -3.441 -3.428 -3.413 -3.395 -3.375 
-3.352 -3.326 -3.298 -3.267 -3.233 -3.195 -3.155 -3.111 -3.064 -3.012 
-2.957 -2.898 -2.835 -2.767 -2.695 -2.618 -2.536 -2.450 -2.358 -2.260 
-2.156 -2.046 -1.931 -1.818 -1.716 -1.638 -1.595 -1.593 -1.625 -1.677 
-1.736 -1.793 -1.843 -1.884 -1.915 -1.938 -1.954 -1.967 -1.978 -1.989 
-2.000 -2.009 -2.017 -2.022 -2.026 -2.033 -2.047 -2.076 -2.127 -2.194 
-2.272 -2.352 -2.432 -2.510 -2.586 -2.659 -2.728 -2.794 -2.857 -2.916 
-2.971 -3.023 -3.071 -3.117 -3.159 -3.198 -3.234 -3.268 -3.298 -3.326 
-3.351 -3.374 -3.394 -3.411 -3.427 -3.439 -3.450 -3.458 -3.464 -3.468 
-3.481 
-3.515 -3.509 -3.495 -3.480 -3.461 -3.441 -3.418 -3.392 -3.364 -3.333 
-3.299 -3.262 -3.222 -3.180 -3.134 -3.084 -3.032 -2.975 -2.916 -2.852 
-2.785 -2.714 -2.639 -2.562 -2.481 -2.398 -2.315 -2.235 -2.162 -2.104 
-2.063 -2.034 -2.012 -1.989 -1.964 -1.940 -1.924 -1.922 -1.929 -1.938 
-1.942 -1.940 -1.929 -1.911 -1.888 -1.865 -1.846 -1.836 -1.842 -1.866 
-1.906 -1.958 -2.020 -2.092 -2.173 -2.258 -2.343 -2.426 -2.507 -2.585 
-2.661 -2.734 -2.804 -2.871 -2.934 -2.994 -3.051 -3.103 -3.152 -3.198 
-3.240 -3.280 -3.316 -3.349 -3.379 -3.406 -3.431 -3.453 -3.472 -3.489 
-3.504 -3.516 -3.525 -3.533 -3.538 -3.540 -3.541 -3.539 -3.535 -3.529 
-3.519 
-3.581 -3.569 -3.555 -3.539 -3.520 -3.499 -3.475 -3.448 -3.418 -3.384 
-3.348 -3.308 -3.265 -3.218 -3.166 -3.111 -3.050 -2.985 -2.914 -2.838 
-2.755 -2.665 -2.567 -2.462 -2.349 -2.231 -2.112 -1.999 -1.905 -1.842 
-1.815 -1.818 -1.847 -1.899 -1.963 -2.026 -2.079 -2.121 -2.153 -2.173 
-2.184 -2.185 -2.176 -2.159 -2.134 -2.101 -2.063 -2.021 -1.976 -1.932 
-1.893 -1.867 -1.865 -1.895 -1.953 -2.025 -2.096 -2.166 -2.249 -2.354 
-2.470 -2.584 -2.691 -2.787 -2.875 -2.954 -3.026 -3.091 -3.151 -3.205 
-3.255 -3.300 -3.342 -3.380 -3.414 -3.445 -3.472 -3.497 -3.519 -3.538 
-3.555 -3.568 -3.580 -3.588 -3.594 -3.598 -3.599 -3.598 -3.595 -3.589 
-3.584 
-3.651 -3.657 -3.649 -3.639 -3.626 -3.611 -3.593 -3.572 -3.548 -3.521 
-3.491 -3.458 -3.421 -3.380 -3.336 -3.288 -3.235 -3.178 -3.116 -3.048 
-2.975 -2.895 -2.809 -2.715 -2.613 -2.503 -2.385 -2.261 -2.133 -2.005 
-1.885 -1.790 -1.750 -1.778 -1.859 -1.961 -2.060 -2.147 -2.220 -2.277 
-2.321 -2.352 -2.371 -2.380 -2.377 -2.364 -2.340 -2.305 -2.259 -2.204 
-2.142 -2.079 -2.023 -1.980 -1.943 -1.899 -1.854 -1.834 -1.867 -1.959 
-2.090 -2.236 -2.378 -2.511 -2.632 -2.742 -2.840 -2.930 -3.011 -3.085 
-3.152 -3.213 -3.269 -3.320 -3.366 -3.409 -3.447 -3.482 -3.513 -3.541 
-3.566 -3.588 -3.607 -3.623 -3.637 -3.647 -3.655 -3.661 -3.664 -3.664 
-3.651 
-3.603 -3.587 -3.575 -3.560 -3.543 -3.523 -3.501 -3.476 -3.447 -3.416 
-3.382 -3.345 -3.305 -3.261 -3.214 -3.163 -3.109 -3.050 -2.988 -2.922 
-2.853 -2.779 -2.704 -2.626 -2.548 -2.471 -2.398 -2.330 -2.268 -2.210 
-2.154 -2.106 -2.086 -2.109 -2.159 -2.213 -2.260 -2.297 -2.324 -2.341 
-2.348 -2.347 -2.336 -2.317 -2.287 -2.247 -2.196 -2.134 -2.061 -1.978 
-1.892 -1.813 -1.761 -1.754 -1.797 -1.873 -1.959 -2.044 -2.139 -2.255 
-2.381 -2.505 -2.621 -2.726 -2.820 -2.906 -2.984 -3.055 -3.119 -3.178 
-3.231 -3.280 -3.325 -3.365 -3.402 -3.435 -3.466 -3.493 -3.516 -3.537 
-3.556 -3.571 -3.584 -3.594 -3.602 -3.607 -3.610 -3.610 -3.608 -3.604 
-3.608 
