IRGRID 64 91
1e+308

0.025 0.03 0.035 0.04 0.045 0.05 0.055 0.06 0.065 0.07
0.075 0.08 0.085 0.09 0.095 0.1 0.11 0.12 0.13 0.14
0.15 0.16 0.17 0.18 0.19 0.2 0.21 0.22 0.23 0.24
0.25 0.26 0.27 0.28 0.29 0.3 0.31 0.32 0.33 0.34
0.35 0.36 0.37 0.38 0.39 0.4 0.41 0.42 0.43 0.44
0.45 0.46 0.47 0.48 0.49 0.5 0.51 0.52 0.53 0.54
0.55 0.56 0.57 0.58
0 4 8 12 16 20 24 28 32 36
40 44 48 52 56 60 64 68 72 76
80 84 88 92 96 100 104 108 112 116
120 124 128 132 136 140 144 148 152 156
160 164 168 172 176 180 184 188 192 196
200 204 208 212 216 220 224 228 232 236
240 244 248 252 256 260 264 268 272 276
280 284 288 292 296 300 304 308 312 316
320 324 328 332 336 340 344 348 352 356
360
-4.000 -4.000 -4.000 -4.000 -4.000 -4.000 -4.000 -4.000 -4.000 -4.000 
-4.000 -4.000 -4.000 -4.000 -4.000 -4.000 -4.000 -4.000 -4.000 -4.000 
-4.000 -4.000 -4.000 -4.000 -4.000 -4.000 -4.000 -4.000 -4.000 -4.000 
-4.000 -4.000 -4.000 -4.000 -4.000 -4.000 -4.000 -4.000 -4.000 -4.000 
-4.000 -4.000 -4.000 -4.000 -4.000 -4.000 -4.000 -4.000 -4.000 -4.000 
-4.000 -4.000 -4.000 -4.000 -4.000 -4.000 -4.000 -4.000 -4.000 -4.000 
-4.000 -4.000 -4.000 -4.000 -4.000 -4.000 -4.000 -4.000 -4.000 -4.000 
-4.000 -4.000 -4.000 -4.000 -4.000 -4.000 -4.000 -4.000 -4.000 -4.000 
-4.000 -4.000 -4.000 -4.000 -4.000 -4.000 -4.000 -4.000 -4.000 -4.000 
-4.000 
-4.000 -4.000 -4.000 -4.000 -4.000 -4.000 -4.000 -4.000 -4.000 -4.000 
-3.972 -3.942 -3.918 -3.903 -3.894 -3.892 -3.896 -3.904 -3.917 -3.937 
-3.963 -3.996 -4.000 -4.000 -4.000 -4.000 -4.000 -4.000 -4.000 -4.000 
-4.000 -4.000 -4.000 -4.000 -4.000 -4.000 -4.000 -4.000 -4.000 -4.000 
-4.000 -4.000 -4.000 -4.000 -4.000 -4.000 -4.000 -4.000 -4.000 -4.000 
-4.000 -4.000 -4.000 -4.000 -4.000 -3.989 -3.928 -3.867 -3.808 -3.755 
-3.713 -3.686 -3.679 -3.691 -3.721 -3.765 -3.817 -3.874 -3.933 -3.990 
-4.000 -4.000 -4.000 -4.000 -4.000 -4.000 -4.000 -4.000 -4.000 -4.000 
-4.000 -4.000 -4.000 -4.000 -4.000 -4.000 -4.000 -4.000 -4.000 -4.000 
-4.000 
-3.919 -3.896 -3.877 -3.854 -3.828 -3.799 -3.766 -3.730 -3.691 -3.649 
-3.605 -3.559 -3.513 -3.466 -3.421 -3.380 -3.345 -3.318 -3.302 -3.298 
-3.306 -3.326 -3.356 -3.394 -3.437 -3.482 -3.527 -3.572 -3.615 -3.656 
-3.693 -3.727 -3.758 -3.785 -3.809 -3.829 -3.845 -3.858 -3.868 -3.874 
-3.877 -3.877 -3.872 -3.865 -3.854 -3.839 -3.821 -3.799 -3.774 -3.745 
-3.712 -3.675 -3.635 -3.591 -3.544 -3.495 -3.444 -3.393 -3.345 -3.301 
-3.265 -3.239 -3.226 -3.225 -3.238 -3.263 -3.299 -3.345 -3.396 -3.451 
-3.507 -3.561 -3.612 -3.660 -3.704 -3.744 -3.781 -3.813 -3.842 -3.867 
-3.888 -3.905 -3.919 -3.930 -3.937 -3.941 -3.942 -3.939 -3.934 -3.924 
-3.925 
-3.816 -3.804 -3.789 -3.770 -3.748 -3.722 -3.692 -3.658 -3.621 -3.579 
-3.534 -3.485 -3.434 -3.380 -3.325 -3.271 -3.222 -3.182 -3.154 -3.141 
-3.143 -3.161 -3.191 -3.229 -3.274 -3.323 -3.373 -3.423 -3.471 -3.516 
-3.558 -3.597 -3.633 -3.664 -3.692 -3.716 -3.736 -3.752 -3.765 -3.774 
-3.779 -3.780 -3.778 -3.771 -3.761 -3.746 -3.727 -3.702 -3.673 -3.638 
-3.596 -3.546 -3.487 -3.416 -3.329 -3.221 -3.083 -2.911 -2.739 -2.693 
-2.803 -2.919 -2.981 -3.004 -3.012 -3.022 -3.044 -3.081 -3.131 -3.190 
-3.253 -3.318 -3.381 -3.440 -3.496 -3.547 -3.594 -3.636 -3.673 -3.706 
-3.735 -3.760 -3.781 -3.798 -3.811 -3.820 -3.826 -3.829 -3.828 -3.823 
-3.818 
-3.659 -3.673 -3.655 -3.633 -3.607 -3.577 -3.542 -3.503 -3.458 -3.409 
-3.355 -3.295 -3.232 -3.164 -3.096 -3.030 -2.971 -2.926 -2.900 -2.897 
-2.916 -2.951 -2.996 -3.046 -3.097 -3.146 -3.192 -3.235 -3.274 -3.311 
-3.344 -3.373 -3.400 -3.424 -3.445 -3.462 -3.476 -3.487 -3.494 -3.497 
-3.496 -3.491 -3.481 -3.467 -3.448 -3.424 -3.394 -3.357 -3.313 -3.261 
-3.199 -3.125 -3.037 -2.932 -2.804 -2.646 -2.456 -2.244 -2.075 -2.044 
-2.175 -2.379 -2.571 -2.720 -2.829 -2.912 -2.978 -3.037 -3.094 -3.151 
-3.208 -3.264 -3.319 -3.371 -3.420 -3.465 -3.506 -3.543 -3.577 -3.606 
-3.632 -3.654 -3.672 -3.686 -3.697 -3.704 -3.708 -3.708 -3.705 -3.698 
-3.664 
-3.342 -3.339 -3.341 -3.340 -3.336 -3.330 -3.320 -3.307 -3.292 -3.274 
-3.253 -3.229 -3.202 -3.172 -3.141 -3.108 -3.075 -3.044 -3.017 -2.996 
-2.980 -2.968 -2.959 -2.951 -2.946 -2.944 -2.944 -2.948 -2.955 -2.964 
-2.977 -2.991 -3.008 -3.025 -3.043 -3.061 -3.078 -3.095 -3.110 -3.123 
-3.134 -3.143 -3.149 -3.153 -3.153 -3.151 -3.145 -3.136 -3.123 -3.107 
-3.085 -3.059 -3.027 -2.988 -2.939 -2.877 -2.794 -2.685 -2.563 -2.520 
-2.576 -2.622 -2.631 -2.620 -2.602 -2.587 -2.577 -2.576 -2.583 -2.598 
-2.621 -2.653 -2.694 -2.744 -2.799 -2.856 -2.913 -2.967 -3.018 -3.065 
-3.108 -3.147 -3.182 -3.213 -3.240 -3.264 -3.285 -3.302 -3.316 -3.327 
-3.341 
-3.140 -3.181 -3.204 -3.223 -3.238 -3.249 -3.257 -3.262 -3.264 -3.262 
-3.258 -3.251 -3.241 -3.228 -3.213 -3.196 -3.176 -3.155 -3.132 -3.107 
-3.082 -3.056 -3.029 -3.004 -2.979 -2.956 -2.935 -2.916 -2.901 -2.889 
-2.881 -2.876 -2.874 -2.874 -2.874 -2.872 -2.867 -2.855 -2.834 -2.798 
-2.743 -2.664 -2.563 -2.450 -2.359 -2.340 -2.401 -2.501 -2.602 -2.687 
-2.753 -2.802 -2.836 -2.858 -2.869 -2.871 -2.865 -2.852 -2.832 -2.806 
-2.773 -2.736 -2.693 -2.646 -2.595 -2.541 -2.485 -2.430 -2.378 -2.334 
-2.304 -2.290 -2.293 -2.305 -2.316 -2.312 -2.289 -2.261 -2.271 -2.343 
-2.455 -2.574 -2.683 -2.778 -2.859 -2.928 -2.987 -3.038 -3.083 -3.120 
-3.134 
-2.865 -2.903 -2.946 -2.984 -3.017 -3.045 -3.070 -3.090 -3.106 -3.119 
-3.129 -3.134 -3.137 -3.136 -3.133 -3.125 -3.115 -3.102 -3.086 -3.066 
-3.043 -3.018 -2.989 -2.957 -2.922 -2.884 -2.844 -2.800 -2.754 -2.705 
-2.655 -2.603 -2.550 -2.498 -2.446 -2.396 -2.346 -2.295 -2.238 -2.169 
-2.084 -1.977 -1.852 -1.727 -1.638 -1.619 -1.678 -1.784 -1.901 -2.010 
-2.102 -2.176 -2.234 -2.279 -2.310 -2.331 -2.340 -2.340 -2.330 -2.312 
-2.285 -2.250 -2.209 -2.166 -2.124 -2.090 -2.071 -2.069 -2.080 -2.096 
-2.105 -2.100 -2.075 -2.026 -1.950 -1.852 -1.748 -1.670 -1.656 -1.720 
-1.844 -1.991 -2.137 -2.270 -2.388 -2.492 -2.584 -2.664 -2.735 -2.798 
-2.844 
-2.695 -2.706 -2.724 -2.739 -2.751 -2.761 -2.767 -2.771 -2.772 -2.770 
-2.766 -2.759 -2.749 -2.736 -2.721 -2.703 -2.682 -2.659 -2.632 -2.603 
-2.571 -2.535 -2.497 -2.455 -2.410 -2.362 -2.312 -2.258 -2.203 -2.145 
-2.087 -2.030 -1.974 -1.922 -1.877 -1.839 -1.811 -1.791 -1.780 -1.775 
-1.772 -1.766 -1.754 -1.733 -1.708 -1.694 -1.697 -1.707 -1.720 -1.734 
-1.750 -1.764 -1.774 -1.778 -1.776 -1.767 -1.750 -1.725 -1.692 -1.651 
-1.603 -1.547 -1.486 -1.420 -1.354 -1.287 -1.218 -1.149 -1.119 -1.193 
-1.341 -1.496 -1.631 -1.744 -1.836 -1.904 -1.949 -1.978 -2.017 -2.087 
-2.175 -2.262 -2.340 -2.406 -2.464 -2.514 -2.558 -2.596 -2.629 -2.658 
-2.689 
-2.621 -2.663 -2.690 -2.714 -2.735 -2.754 -2.770 -2.784 -2.794 -2.803 
-2.809 -2.812 -2.813 -2.811 -2.807 -2.801 -2.792 -2.780 -2.766 -2.749 
-2.730 -2.707 -2.682 -2.655 -2.624 -2.590 -2.553 -2.513 -2.470 -2.424 
-2.375 -2.324 -2.271 -2.216 -2.161 -2.105 -2.048 -1.989 -1.927 -1.860 
-1.787 -1.707 -1.622 -1.533 -1.444 -1.358 -1.281 -1.215 -1.157 -1.107 
-1.064 -1.036 -1.029 -1.043 -1.068 -1.094 -1.114 -1.124 -1.121 -1.106 
-1.076 -1.031 -0.971 -0.896 -0.809 -0.715 -0.619 -0.536 -0.506 -0.584 
-0.756 -0.964 -1.162 -1.337 -1.491 -1.626 -1.746 -1.854 -1.951 -2.039 
-2.120 -2.193 -2.260 -2.322 -2.379 -2.431 -2.479 -2.523 -2.563 -2.599 
-2.611 
-2.283 -2.332 -2.360 -2.385 -2.407 -2.427 -2.444 -2.459 -2.472 -2.483 
-2.491 -2.497 -2.501 -2.503 -2.503 -2.500 -2.496 -2.489 -2.480 -2.469 
-2.456 -2.440 -2.422 -2.402 -2.379 -2.354 -2.327 -2.296 -2.263 -2.228 
-2.189 -2.148 -2.103 -2.055 -2.003 -1.947 -1.888 -1.824 -1.756 -1.682 
-1.604 -1.519 -1.429 -1.332 -1.228 -1.118 -1.001 -0.879 -0.755 -0.637 
-0.537 -0.466 -0.430 -0.425 -0.438 -0.455 -0.466 -0.468 -0.459 -0.439 
-0.411 -0.377 -0.341 -0.305 -0.273 -0.258 -0.275 -0.336 -0.436 -0.573 
-0.733 -0.890 -1.036 -1.168 -1.287 -1.397 -1.496 -1.587 -1.671 -1.749 
-1.821 -1.887 -1.949 -2.006 -2.058 -2.108 -2.153 -2.195 -2.234 -2.270 
-2.275 
-1.972 -1.972 -1.997 -2.019 -2.039 -2.056 -2.071 -2.084 -2.095 -2.104 
-2.111 -2.115 -2.118 -2.119 -2.117 -2.114 -2.108 -2.100 -2.091 -2.079 
-2.065 -2.049 -2.031 -2.011 -1.988 -1.963 -1.936 -1.906 -1.874 -1.840 
-1.802 -1.763 -1.720 -1.675 -1.627 -1.575 -1.522 -1.465 -1.406 -1.345 
-1.282 -1.218 -1.154 -1.089 -1.023 -0.957 -0.889 -0.818 -0.745 -0.671 
-0.599 -0.533 -0.475 -0.424 -0.375 -0.327 -0.277 -0.226 -0.175 -0.128 
-0.088 -0.063 -0.057 -0.075 -0.115 -0.169 -0.226 -0.259 -0.246 -0.296 
-0.480 -0.665 -0.815 -0.941 -1.049 -1.145 -1.233 -1.312 -1.386 -1.454 
-1.517 -1.575 -1.630 -1.680 -1.727 -1.771 -1.812 -1.849 -1.884 -1.916 
-1.961 
-1.969 -2.008 -2.030 -2.049 -2.065 -2.079 -2.090 -2.098 -2.104 -2.108 
-2.109 -2.108 -2.105 -2.100 -2.092 -2.083 -2.072 -2.059 -2.044 -2.028 
-2.010 -1.990 -1.969 -1.947 -1.922 -1.896 -1.868 -1.838 -1.805 -1.770 
-1.731 -1.689 -1.643 -1.594 -1.540 -1.483 -1.423 -1.360 -1.296 -1.232 
-1.170 -1.113 -1.064 -1.024 -0.996 -0.977 -0.966 -0.960 -0.956 -0.951 
-0.942 -0.930 -0.911 -0.888 -0.859 -0.826 -0.787 -0.743 -0.694 -0.641 
-0.583 -0.518 -0.435 -0.295 0.035 0.451 0.031 0.063 0.199 0.198 
0.005 -0.264 -0.513 -0.718 -0.888 -1.031 -1.154 -1.262 -1.357 -1.443 
-1.519 -1.589 -1.651 -1.708 -1.760 -1.807 -1.850 -1.888 -1.923 -1.955 
-1.960 
-1.835 -1.836 -1.847 -1.855 -1.861 -1.864 -1.865 -1.863 -1.860 -1.855 
-1.847 -1.839 -1.828 -1.816 -1.803 -1.789 -1.774 -1.759 -1.743 -1.727 
-1.712 -1.696 -1.682 -1.669 -1.657 -1.646 -1.636 -1.628 -1.620 -1.614 
-1.607 -1.601 -1.595 -1.587 -1.578 -1.567 -1.553 -1.537 -1.517 -1.495 
-1.470 -1.444 -1.417 -1.393 -1.370 -1.350 -1.330 -1.310 -1.287 -1.260 
-1.229 -1.191 -1.147 -1.097 -1.039 -0.974 -0.900 -0.816 -0.719 -0.605 
-0.467 -0.294 -0.059 0.308 0.793 1.074 0.734 0.254 0.001 -0.165 
-0.386 -0.595 -0.767 -0.909 -1.030 -1.134 -1.225 -1.306 -1.377 -1.442 
-1.499 -1.551 -1.598 -1.639 -1.676 -1.710 -1.739 -1.765 -1.787 -1.807 
-1.832 
-1.818 -1.846 -1.872 -1.895 -1.916 -1.934 -1.950 -1.963 -1.974 -1.982 
-1.989 -1.993 -1.996 -1.996 -1.995 -1.991 -1.987 -1.980 -1.973 -1.964 
-1.954 -1.943 -1.931 -1.918 -1.905 -1.891 -1.877 -1.862 -1.846 -1.830 
-1.812 -1.794 -1.774 -1.752 -1.729 -1.703 -1.676 -1.646 -1.613 -1.578 
-1.539 -1.498 -1.453 -1.406 -1.355 -1.301 -1.244 -1.184 -1.122 -1.056 
-0.989 -0.918 -0.846 -0.771 -0.694 -0.613 -0.529 -0.439 -0.341 -0.233 
-0.109 0.036 0.213 0.432 0.701 0.953 0.899 0.623 0.316 0.049 
-0.174 -0.362 -0.524 -0.666 -0.793 -0.906 -1.009 -1.102 -1.188 -1.267 
-1.339 -1.406 -1.468 -1.525 -1.578 -1.627 -1.671 -1.713 -1.751 -1.786 
-1.807 
-1.786 -1.797 -1.815 -1.831 -1.844 -1.855 -1.864 -1.871 -1.876 -1.879 
-1.880 -1.880 -1.877 -1.874 -1.868 -1.862 -1.854 -1.845 -1.835 -1.823 
-1.811 -1.799 -1.785 -1.772 -1.758 -1.744 -1.729 -1.715 -1.701 -1.687 
-1.673 -1.660 -1.646 -1.633 -1.620 -1.606 -1.592 -1.578 -1.562 -1.546 
-1.528 -1.509 -1.488 -1.465 -1.439 -1.411 -1.379 -1.345 -1.307 -1.266 
-1.221 -1.172 -1.119 -1.062 -1.000 -0.932 -0.859 -0.777 -0.686 -0.583 
-0.463 -0.320 -0.144 0.084 0.400 0.791 1.026 0.778 0.346 -0.005 
-0.261 -0.462 -0.628 -0.768 -0.890 -0.997 -1.092 -1.178 -1.254 -1.324 
-1.387 -1.445 -1.497 -1.545 -1.588 -1.628 -1.664 -1.697 -1.726 -1.752 
-1.780 
-1.893 -1.911 -1.941 -1.967 -1.991 -2.013 -2.032 -2.049 -2.064 -2.077 
-2.088 -2.097 -2.104 -2.109 -2.112 -2.113 -2.112 -2.110 -2.106 -2.101 
-2.094 -2.085 -2.075 -2.064 -2.051 -2.037 -2.022 -2.005 -1.987 -1.968 
-1.947 -1.925 -1.902 -1.877 -1.851 -1.822 -1.792 -1.760 -1.726 -1.690 
-1.651 -1.610 -1.568 -1.523 -1.477 -1.430 -1.382 -1.333 -1.285 -1.236 
-1.186 -1.135 -1.082 -1.025 -0.966 -0.901 -0.832 -0.755 -0.670 -0.574 
-0.465 -0.336 -0.180 0.014 0.266 0.593 0.897 0.827 0.532 0.193 
-0.092 -0.319 -0.506 -0.664 -0.802 -0.924 -1.032 -1.131 -1.220 -1.302 
-1.377 -1.446 -1.510 -1.570 -1.625 -1.676 -1.723 -1.767 -1.808 -1.845 
-1.880 
-2.129 -2.195 -2.223 -2.249 -2.272 -2.293 -2.312 -2.328 -2.342 -2.354 
-2.363 -2.371 -2.376 -2.379 -2.381 -2.380 -2.377 -2.372 -2.365 -2.355 
-2.344 -2.331 -2.315 -2.297 -2.277 -2.255 -2.231 -2.204 -2.174 -2.142 
-2.108 -2.071 -2.031 -1.988 -1.943 -1.895 -1.843 -1.789 -1.733 -1.674 
-1.613 -1.550 -1.487 -1.423 -1.362 -1.303 -1.249 -1.200 -1.157 -1.119 
-1.087 -1.059 -1.032 -1.005 -0.976 -0.942 -0.902 -0.854 -0.796 -0.725 
-0.637 -0.528 -0.391 -0.211 0.035 0.385 0.708 0.710 0.359 -0.050 
-0.355 -0.590 -0.781 -0.943 -1.083 -1.207 -1.317 -1.416 -1.507 -1.589 
-1.664 -1.734 -1.798 -1.857 -1.912 -1.963 -2.009 -2.053 -2.093 -2.130 
-2.122 
-2.002 -2.015 -2.044 -2.071 -2.095 -2.117 -2.136 -2.154 -2.169 -2.183 
-2.194 -2.204 -2.211 -2.217 -2.221 -2.223 -2.224 -2.222 -2.219 -2.215 
-2.208 -2.200 -2.190 -2.179 -2.165 -2.151 -2.134 -2.116 -2.096 -2.075 
-2.051 -2.027 -2.000 -1.972 -1.942 -1.911 -1.878 -1.843 -1.806 -1.768 
-1.728 -1.687 -1.644 -1.600 -1.556 -1.511 -1.466 -1.421 -1.378 -1.334 
-1.291 -1.246 -1.200 -1.152 -1.099 -1.043 -0.980 -0.912 -0.835 -0.748 
-0.649 -0.533 -0.396 -0.229 -0.022 0.225 0.473 0.502 0.280 0.012 
-0.238 -0.450 -0.630 -0.786 -0.921 -1.041 -1.149 -1.246 -1.334 -1.415 
-1.489 -1.557 -1.621 -1.679 -1.733 -1.783 -1.830 -1.873 -1.913 -1.950 
-1.990 
-1.989 -2.017 -2.052 -2.086 -2.116 -2.144 -2.170 -2.194 -2.215 -2.234 
-2.251 -2.265 -2.278 -2.289 -2.297 -2.304 -2.309 -2.312 -2.313 -2.312 
-2.309 -2.304 -2.298 -2.289 -2.279 -2.266 -2.252 -2.236 -2.218 -2.198 
-2.176 -2.153 -2.127 -2.099 -2.069 -2.037 -2.003 -1.966 -1.928 -1.887 
-1.843 -1.798 -1.750 -1.699 -1.646 -1.591 -1.532 -1.471 -1.408 -1.341 
-1.273 -1.202 -1.129 -1.055 -0.979 -0.903 -0.827 -0.749 -0.669 -0.585 
-0.494 -0.395 -0.284 -0.159 -0.017 0.136 0.274 0.325 0.248 0.097 
-0.088 -0.277 -0.454 -0.615 -0.760 -0.891 -1.010 -1.118 -1.218 -1.309 
-1.394 -1.473 -1.546 -1.614 -1.678 -1.737 -1.792 -1.843 -1.891 -1.936 
-1.975 
-2.074 -2.112 -2.150 -2.185 -2.216 -2.246 -2.272 -2.297 -2.318 -2.338 
-2.355 -2.370 -2.382 -2.393 -2.401 -2.408 -2.412 -2.414 -2.414 -2.412 
-2.408 -2.402 -2.393 -2.383 -2.371 -2.356 -2.339 -2.320 -2.299 -2.276 
-2.250 -2.222 -2.191 -2.158 -2.122 -2.084 -2.042 -1.998 -1.952 -1.902 
-1.848 -1.792 -1.732 -1.669 -1.603 -1.533 -1.459 -1.382 -1.302 -1.220 
-1.135 -1.050 -0.965 -0.881 -0.801 -0.726 -0.657 -0.593 -0.534 -0.476 
-0.418 -0.354 -0.283 -0.199 -0.102 0.007 0.113 0.181 0.176 0.090 
-0.060 -0.241 -0.426 -0.600 -0.759 -0.903 -1.033 -1.152 -1.260 -1.360 
-1.452 -1.536 -1.615 -1.687 -1.755 -1.818 -1.876 -1.931 -1.981 -2.028 
-2.060 
-2.074 -2.113 -2.148 -2.179 -2.209 -2.235 -2.260 -2.282 -2.301 -2.319 
-2.334 -2.347 -2.358 -2.367 -2.374 -2.379 -2.382 -2.382 -2.381 -2.378 
-2.373 -2.366 -2.357 -2.346 -2.333 -2.318 -2.301 -2.282 -2.261 -2.238 
-2.212 -2.185 -2.155 -2.123 -2.089 -2.052 -2.013 -1.972 -1.928 -1.882 
-1.834 -1.783 -1.730 -1.674 -1.616 -1.555 -1.492 -1.428 -1.361 -1.293 
-1.224 -1.154 -1.084 -1.014 -0.945 -0.876 -0.809 -0.742 -0.674 -0.604 
-0.528 -0.444 -0.349 -0.240 -0.118 0.010 0.117 0.166 0.124 -0.004 
-0.183 -0.373 -0.553 -0.716 -0.863 -0.995 -1.115 -1.225 -1.324 -1.416 
-1.501 -1.579 -1.652 -1.719 -1.782 -1.840 -1.894 -1.945 -1.992 -2.035 
-2.062 
-1.956 -1.985 -2.019 -2.050 -2.079 -2.106 -2.130 -2.152 -2.171 -2.189 
-2.204 -2.218 -2.229 -2.239 -2.246 -2.252 -2.255 -2.257 -2.257 -2.255 
-2.251 -2.246 -2.238 -2.229 -2.218 -2.205 -2.191 -2.174 -2.156 -2.136 
-2.114 -2.090 -2.065 -2.037 -2.008 -1.978 -1.945 -1.911 -1.875 -1.837 
-1.798 -1.757 -1.715 -1.671 -1.626 -1.580 -1.533 -1.484 -1.435 -1.384 
-1.333 -1.280 -1.227 -1.172 -1.116 -1.058 -0.997 -0.934 -0.866 -0.793 
-0.712 -0.623 -0.523 -0.409 -0.280 -0.138 0.003 0.109 0.135 0.059 
-0.093 -0.274 -0.451 -0.614 -0.760 -0.891 -1.009 -1.116 -1.214 -1.304 
-1.387 -1.463 -1.534 -1.599 -1.661 -1.717 -1.770 -1.820 -1.866 -1.908 
-1.944 
-1.925 -1.942 -1.981 -2.016 -2.050 -2.081 -2.110 -2.136 -2.161 -2.183 
-2.203 -2.221 -2.237 -2.251 -2.264 -2.274 -2.282 -2.289 -2.294 -2.297 
-2.298 -2.297 -2.294 -2.290 -2.283 -2.275 -2.265 -2.253 -2.239 -2.223 
-2.205 -2.186 -2.164 -2.140 -2.114 -2.086 -2.056 -2.024 -1.989 -1.952 
-1.913 -1.872 -1.828 -1.782 -1.735 -1.685 -1.635 -1.583 -1.531 -1.479 
-1.428 -1.376 -1.325 -1.272 -1.217 -1.159 -1.097 -1.031 -0.959 -0.882 
-0.797 -0.705 -0.605 -0.497 -0.380 -0.261 -0.147 -0.057 -0.020 -0.056 
-0.155 -0.288 -0.432 -0.572 -0.704 -0.825 -0.938 -1.041 -1.137 -1.227 
-1.310 -1.387 -1.460 -1.528 -1.592 -1.652 -1.708 -1.761 -1.811 -1.857 
-1.908 
-2.141 -2.195 -2.231 -2.264 -2.294 -2.321 -2.346 -2.368 -2.388 -2.405 
-2.421 -2.434 -2.444 -2.453 -2.459 -2.463 -2.465 -2.465 -2.462 -2.458 
-2.451 -2.442 -2.431 -2.418 -2.402 -2.384 -2.364 -2.341 -2.316 -2.288 
-2.258 -2.225 -2.190 -2.151 -2.110 -2.066 -2.019 -1.969 -1.916 -1.860 
-1.801 -1.740 -1.677 -1.612 -1.546 -1.480 -1.415 -1.353 -1.295 -1.243 
-1.197 -1.157 -1.123 -1.095 -1.069 -1.045 -1.021 -0.993 -0.962 -0.924 
-0.879 -0.825 -0.760 -0.683 -0.593 -0.490 -0.378 -0.267 -0.181 -0.156 
-0.218 -0.354 -0.526 -0.700 -0.862 -1.009 -1.140 -1.259 -1.367 -1.465 
-1.556 -1.639 -1.715 -1.786 -1.851 -1.912 -1.969 -2.021 -2.070 -2.115 
-2.130 
-2.246 -2.265 -2.301 -2.333 -2.363 -2.390 -2.415 -2.437 -2.457 -2.474 
-2.490 -2.502 -2.513 -2.522 -2.528 -2.532 -2.534 -2.534 -2.532 -2.528 
-2.521 -2.513 -2.502 -2.490 -2.475 -2.458 -2.439 -2.417 -2.393 -2.367 
-2.339 -2.308 -2.275 -2.239 -2.200 -2.160 -2.116 -2.070 -2.021 -1.969 
-1.915 -1.858 -1.799 -1.738 -1.676 -1.612 -1.548 -1.484 -1.422 -1.361 
-1.303 -1.249 -1.197 -1.149 -1.103 -1.060 -1.017 -0.975 -0.932 -0.886 
-0.836 -0.779 -0.715 -0.639 -0.551 -0.447 -0.329 -0.223 -0.206 -0.257 
-0.353 -0.490 -0.647 -0.804 -0.953 -1.091 -1.217 -1.333 -1.439 -1.536 
-1.626 -1.709 -1.785 -1.856 -1.921 -1.982 -2.039 -2.091 -2.140 -2.185 
-2.231 
-2.429 -2.479 -2.512 -2.541 -2.568 -2.593 -2.614 -2.633 -2.650 -2.664 
-2.676 -2.686 -2.694 -2.699 -2.702 -2.703 -2.701 -2.698 -2.692 -2.685 
-2.675 -2.662 -2.648 -2.631 -2.612 -2.591 -2.567 -2.541 -2.513 -2.482 
-2.448 -2.412 -2.373 -2.332 -2.287 -2.240 -2.190 -2.138 -2.082 -2.024 
-1.963 -1.900 -1.835 -1.769 -1.702 -1.636 -1.571 -1.509 -1.450 -1.396 
-1.347 -1.303 -1.264 -1.229 -1.197 -1.166 -1.134 -1.099 -1.059 -1.011 
-0.954 -0.883 -0.794 -0.681 -0.535 -0.349 -0.144 -0.011 -0.061 -0.250 
-0.456 -0.646 -0.838 -1.022 -1.188 -1.335 -1.466 -1.583 -1.689 -1.785 
-1.873 -1.953 -2.026 -2.094 -2.157 -2.215 -2.268 -2.318 -2.363 -2.405 
-2.420 
-2.422 -2.458 -2.496 -2.531 -2.563 -2.592 -2.619 -2.643 -2.664 -2.683 
-2.699 -2.713 -2.725 -2.735 -2.742 -2.747 -2.750 -2.750 -2.749 -2.745 
-2.739 -2.731 -2.720 -2.707 -2.692 -2.675 -2.656 -2.633 -2.609 -2.582 
-2.553 -2.520 -2.486 -2.448 -2.408 -2.364 -2.318 -2.269 -2.217 -2.162 
-2.104 -2.043 -1.979 -1.913 -1.845 -1.776 -1.706 -1.637 -1.571 -1.508 
-1.450 -1.398 -1.353 -1.314 -1.282 -1.254 -1.228 -1.203 -1.176 -1.145 
-1.109 -1.065 -1.011 -0.943 -0.856 -0.742 -0.594 -0.448 -0.401 -0.378 
-0.359 -0.422 -0.576 -0.772 -0.966 -1.141 -1.296 -1.432 -1.555 -1.665 
-1.765 -1.856 -1.940 -2.017 -2.088 -2.154 -2.215 -2.271 -2.323 -2.372 
-2.408 
-2.301 -2.344 -2.387 -2.427 -2.465 -2.499 -2.531 -2.561 -2.588 -2.613 
-2.636 -2.656 -2.674 -2.690 -2.703 -2.715 -2.724 -2.732 -2.737 -2.740 
-2.742 -2.741 -2.738 -2.733 -2.726 -2.717 -2.706 -2.693 -2.678 -2.660 
-2.640 -2.618 -2.594 -2.567 -2.538 -2.506 -2.472 -2.435 -2.395 -2.353 
-2.307 -2.259 -2.208 -2.153 -2.096 -2.036 -1.973 -1.907 -1.840 -1.771 
-1.701 -1.631 -1.562 -1.494 -1.428 -1.366 -1.308 -1.253 -1.202 -1.154 
-1.108 -1.066 -1.028 -0.993 -0.962 -0.934 -0.908 -0.881 -0.849 -0.813 
-0.796 -0.841 -0.933 -1.032 -1.123 -1.210 -1.297 -1.385 -1.473 -1.561 
-1.646 -1.728 -1.807 -1.881 -1.952 -2.019 -2.082 -2.141 -2.197 -2.249 
-2.286 
-2.176 -2.211 -2.261 -2.308 -2.351 -2.391 -2.428 -2.462 -2.493 -2.521 
-2.547 -2.570 -2.591 -2.609 -2.625 -2.639 -2.650 -2.660 -2.666 -2.671 
-2.674 -2.674 -2.672 -2.668 -2.662 -2.653 -2.642 -2.629 -2.614 -2.596 
-2.576 -2.553 -2.528 -2.501 -2.470 -2.437 -2.401 -2.362 -2.320 -2.275 
-2.227 -2.175 -2.119 -2.060 -1.996 -1.929 -1.857 -1.782 -1.703 -1.621 
-1.536 -1.451 -1.367 -1.287 -1.215 -1.154 -1.105 -1.071 -1.048 -1.035 
-1.029 -1.027 -1.028 -1.029 -1.029 -1.027 -1.022 -1.014 -1.002 -0.989 
-0.974 -0.960 -0.951 -0.951 -0.967 -1.002 -1.056 -1.127 -1.210 -1.300 
-1.394 -1.487 -1.578 -1.666 -1.749 -1.828 -1.903 -1.973 -2.039 -2.100 
-2.156 
-2.199 -2.240 -2.295 -2.346 -2.394 -2.438 -2.480 -2.518 -2.553 -2.586 
-2.616 -2.643 -2.668 -2.690 -2.710 -2.727 -2.742 -2.755 -2.765 -2.773 
-2.779 -2.783 -2.785 -2.784 -2.781 -2.776 -2.769 -2.759 -2.748 -2.734 
-2.717 -2.699 -2.678 -2.654 -2.628 -2.599 -2.568 -2.534 -2.498 -2.458 
-2.415 -2.370 -2.321 -2.269 -2.213 -2.154 -2.092 -2.026 -1.956 -1.883 
-1.806 -1.727 -1.645 -1.562 -1.479 -1.398 -1.320 -1.247 -1.181 -1.126 
-1.084 -1.058 -1.045 -1.044 -1.047 -1.051 -1.050 -1.040 -1.018 -0.981 
-0.936 -0.908 -0.926 -0.981 -1.040 -1.093 -1.146 -1.204 -1.269 -1.341 
-1.419 -1.501 -1.585 -1.669 -1.752 -1.832 -1.910 -1.983 -2.053 -2.119 
-2.177 
-2.232 -2.298 -2.337 -2.374 -2.408 -2.440 -2.469 -2.497 -2.523 -2.547 
-2.570 -2.590 -2.609 -2.626 -2.642 -2.655 -2.667 -2.676 -2.684 -2.690 
-2.694 -2.696 -2.695 -2.693 -2.689 -2.682 -2.673 -2.662 -2.649 -2.634 
-2.616 -2.596 -2.573 -2.548 -2.521 -2.491 -2.459 -2.424 -2.387 -2.348 
-2.306 -2.261 -2.214 -2.166 -2.115 -2.062 -2.008 -1.953 -1.897 -1.841 
-1.785 -1.730 -1.676 -1.622 -1.570 -1.519 -1.468 -1.417 -1.367 -1.317 
-1.268 -1.219 -1.167 -1.111 -1.047 -0.977 -0.902 -0.823 -0.731 -0.627 
-0.531 -0.485 -0.529 -0.654 -0.820 -0.988 -1.141 -1.276 -1.395 -1.503 
-1.601 -1.692 -1.776 -1.854 -1.925 -1.992 -2.053 -2.110 -2.163 -2.211 
-2.220 
-2.002 -2.006 -2.030 -2.054 -2.078 -2.103 -2.127 -2.152 -2.177 -2.202 
-2.227 -2.251 -2.275 -2.298 -2.321 -2.343 -2.364 -2.384 -2.403 -2.421 
-2.437 -2.452 -2.466 -2.478 -2.488 -2.497 -2.504 -2.510 -2.514 -2.516 
-2.516 -2.514 -2.510 -2.504 -2.496 -2.486 -2.474 -2.460 -2.443 -2.424 
-2.402 -2.378 -2.351 -2.322 -2.290 -2.255 -2.218 -2.178 -2.135 -2.090 
-2.042 -1.992 -1.939 -1.884 -1.825 -1.763 -1.696 -1.623 -1.544 -1.458 
-1.363 -1.259 -1.148 -1.034 -0.927 -0.840 -0.790 -0.782 -0.809 -0.847 
-0.878 -0.911 -0.984 -1.097 -1.216 -1.324 -1.416 -1.494 -1.561 -1.619 
-1.669 -1.714 -1.754 -1.790 -1.822 -1.852 -1.881 -1.907 -1.933 -1.958 
-1.993 
-1.990 -2.016 -2.042 -2.069 -2.097 -2.127 -2.158 -2.190 -2.222 -2.254 
-2.287 -2.319 -2.350 -2.381 -2.411 -2.440 -2.467 -2.494 -2.519 -2.542 
-2.563 -2.583 -2.602 -2.618 -2.633 -2.646 -2.657 -2.666 -2.673 -2.678 
-2.681 -2.683 -2.682 -2.679 -2.675 -2.668 -2.658 -2.647 -2.634 -2.618 
-2.599 -2.578 -2.555 -2.529 -2.500 -2.468 -2.433 -2.395 -2.353 -2.308 
-2.258 -2.205 -2.147 -2.083 -2.015 -1.940 -1.859 -1.770 -1.674 -1.570 
-1.459 -1.343 -1.227 -1.119 -1.034 -0.986 -0.981 -1.018 -1.085 -1.168 
-1.254 -1.337 -1.412 -1.480 -1.540 -1.593 -1.639 -1.680 -1.716 -1.747 
-1.775 -1.800 -1.823 -1.845 -1.865 -1.885 -1.905 -1.925 -1.946 -1.968 
-1.983 
-2.014 -2.038 -2.083 -2.128 -2.174 -2.219 -2.264 -2.307 -2.350 -2.390 
-2.430 -2.467 -2.503 -2.537 -2.569 -2.599 -2.627 -2.653 -2.676 -2.698 
-2.718 -2.736 -2.751 -2.765 -2.776 -2.786 -2.793 -2.798 -2.802 -2.803 
-2.802 -2.799 -2.794 -2.787 -2.778 -2.767 -2.753 -2.737 -2.719 -2.699 
-2.676 -2.651 -2.623 -2.593 -2.560 -2.524 -2.485 -2.443 -2.398 -2.349 
-2.297 -2.241 -2.181 -2.116 -2.046 -1.972 -1.892 -1.807 -1.715 -1.618 
-1.517 -1.413 -1.312 -1.219 -1.146 -1.101 -1.090 -1.108 -1.148 -1.199 
-1.256 -1.314 -1.370 -1.422 -1.469 -1.512 -1.550 -1.585 -1.616 -1.644 
-1.671 -1.696 -1.721 -1.748 -1.775 -1.805 -1.838 -1.873 -1.911 -1.952 
-1.997 
-2.172 -2.228 -2.271 -2.312 -2.351 -2.389 -2.425 -2.459 -2.490 -2.520 
-2.548 -2.574 -2.599 -2.621 -2.641 -2.659 -2.676 -2.691 -2.704 -2.715 
-2.724 -2.731 -2.737 -2.741 -2.743 -2.744 -2.743 -2.740 -2.735 -2.728 
-2.720 -2.710 -2.698 -2.684 -2.669 -2.651 -2.632 -2.611 -2.588 -2.563 
-2.536 -2.506 -2.475 -2.441 -2.406 -2.368 -2.327 -2.285 -2.239 -2.192 
-2.141 -2.088 -2.033 -1.974 -1.913 -1.849 -1.782 -1.712 -1.640 -1.566 
-1.491 -1.415 -1.340 -1.271 -1.210 -1.163 -1.133 -1.122 -1.129 -1.153 
-1.190 -1.236 -1.288 -1.343 -1.399 -1.454 -1.508 -1.560 -1.610 -1.659 
-1.708 -1.756 -1.804 -1.853 -1.902 -1.950 -1.998 -2.046 -2.093 -2.139 
-2.161 
-2.162 -2.201 -2.249 -2.294 -2.336 -2.376 -2.413 -2.449 -2.483 -2.515 
-2.545 -2.575 -2.603 -2.630 -2.655 -2.679 -2.702 -2.723 -2.742 -2.760 
-2.776 -2.790 -2.802 -2.812 -2.820 -2.826 -2.830 -2.832 -2.832 -2.830 
-2.826 -2.820 -2.811 -2.801 -2.788 -2.773 -2.756 -2.736 -2.715 -2.691 
-2.665 -2.636 -2.605 -2.572 -2.536 -2.498 -2.457 -2.414 -2.369 -2.321 
-2.271 -2.219 -2.165 -2.110 -2.053 -1.996 -1.939 -1.882 -1.827 -1.774 
-1.724 -1.677 -1.633 -1.594 -1.559 -1.529 -1.506 -1.491 -1.484 -1.484 
-1.490 -1.498 -1.507 -1.517 -1.526 -1.535 -1.545 -1.557 -1.574 -1.597 
-1.626 -1.663 -1.707 -1.756 -1.811 -1.868 -1.926 -1.985 -2.042 -2.097 
-2.141 
-2.143 -2.143 -2.158 -2.172 -2.187 -2.202 -2.218 -2.235 -2.254 -2.274 
-2.295 -2.318 -2.343 -2.369 -2.395 -2.422 -2.449 -2.477 -2.503 -2.529 
-2.555 -2.579 -2.602 -2.623 -2.643 -2.661 -2.677 -2.692 -2.704 -2.715 
-2.723 -2.730 -2.734 -2.737 -2.737 -2.735 -2.732 -2.726 -2.718 -2.708 
-2.696 -2.682 -2.667 -2.649 -2.629 -2.607 -2.583 -2.556 -2.528 -2.497 
-2.464 -2.429 -2.392 -2.352 -2.310 -2.266 -2.220 -2.172 -2.123 -2.073 
-2.022 -1.969 -1.917 -1.865 -1.813 -1.763 -1.716 -1.675 -1.642 -1.618 
-1.606 -1.606 -1.617 -1.637 -1.664 -1.694 -1.727 -1.760 -1.794 -1.827 
-1.860 -1.893 -1.926 -1.958 -1.989 -2.018 -2.044 -2.068 -2.090 -2.109 
-2.140 
-2.320 -2.375 -2.401 -2.426 -2.450 -2.474 -2.497 -2.520 -2.542 -2.564 
-2.585 -2.605 -2.624 -2.643 -2.660 -2.676 -2.691 -2.704 -2.715 -2.725 
-2.733 -2.739 -2.744 -2.746 -2.747 -2.746 -2.743 -2.738 -2.732 -2.724 
-2.714 -2.703 -2.690 -2.676 -2.661 -2.644 -2.626 -2.607 -2.587 -2.566 
-2.544 -2.521 -2.497 -2.473 -2.448 -2.422 -2.395 -2.367 -2.339 -2.309 
-2.278 -2.246 -2.212 -2.176 -2.137 -2.096 -2.052 -2.004 -1.952 -1.899 
-1.845 -1.795 -1.751 -1.715 -1.683 -1.653 -1.621 -1.588 -1.556 -1.529 
-1.512 -1.508 -1.520 -1.547 -1.589 -1.641 -1.701 -1.763 -1.827 -1.888 
-1.947 -2.003 -2.055 -2.102 -2.146 -2.187 -2.224 -2.258 -2.290 -2.320 
-2.311 
-2.188 -2.203 -2.233 -2.265 -2.298 -2.333 -2.369 -2.405 -2.441 -2.478 
-2.513 -2.548 -2.581 -2.613 -2.643 -2.671 -2.698 -2.722 -2.744 -2.765 
-2.783 -2.799 -2.813 -2.824 -2.834 -2.842 -2.847 -2.850 -2.852 -2.851 
-2.848 -2.843 -2.836 -2.826 -2.815 -2.802 -2.786 -2.769 -2.749 -2.727 
-2.703 -2.677 -2.648 -2.617 -2.583 -2.546 -2.506 -2.464 -2.418 -2.368 
-2.314 -2.256 -2.193 -2.125 -2.052 -1.974 -1.890 -1.803 -1.714 -1.627 
-1.549 -1.488 -1.451 -1.440 -1.453 -1.481 -1.517 -1.553 -1.586 -1.616 
-1.642 -1.668 -1.694 -1.722 -1.751 -1.781 -1.811 -1.841 -1.871 -1.901 
-1.929 -1.957 -1.984 -2.009 -2.034 -2.057 -2.080 -2.103 -2.126 -2.150 
-2.181 
-2.177 -2.208 -2.258 -2.308 -2.355 -2.400 -2.443 -2.485 -2.524 -2.562 
-2.597 -2.630 -2.661 -2.689 -2.716 -2.740 -2.762 -2.782 -2.800 -2.816 
-2.829 -2.841 -2.850 -2.857 -2.862 -2.866 -2.867 -2.866 -2.862 -2.857 
-2.850 -2.841 -2.829 -2.815 -2.800 -2.782 -2.761 -2.739 -2.714 -2.688 
-2.659 -2.627 -2.594 -2.558 -2.520 -2.480 -2.437 -2.393 -2.346 -2.298 
-2.247 -2.194 -2.139 -2.082 -2.022 -1.959 -1.895 -1.828 -1.760 -1.692 
-1.626 -1.566 -1.515 -1.473 -1.440 -1.416 -1.397 -1.384 -1.375 -1.369 
-1.366 -1.364 -1.365 -1.368 -1.378 -1.394 -1.419 -1.452 -1.490 -1.534 
-1.582 -1.634 -1.690 -1.747 -1.807 -1.867 -1.927 -1.986 -2.044 -2.100 
-2.155 
-2.349 -2.408 -2.455 -2.500 -2.541 -2.580 -2.616 -2.649 -2.679 -2.706 
-2.732 -2.754 -2.775 -2.793 -2.809 -2.822 -2.833 -2.843 -2.850 -2.855 
-2.858 -2.859 -2.857 -2.854 -2.849 -2.842 -2.833 -2.821 -2.808 -2.793 
-2.775 -2.756 -2.735 -2.711 -2.686 -2.659 -2.629 -2.598 -2.565 -2.530 
-2.494 -2.456 -2.416 -2.376 -2.335 -2.292 -2.250 -2.208 -2.166 -2.125 
-2.086 -2.047 -2.011 -1.975 -1.942 -1.909 -1.878 -1.846 -1.815 -1.783 
-1.750 -1.716 -1.682 -1.646 -1.611 -1.575 -1.538 -1.501 -1.462 -1.422 
-1.382 -1.344 -1.310 -1.288 -1.284 -1.303 -1.346 -1.408 -1.485 -1.569 
-1.655 -1.740 -1.822 -1.902 -1.978 -2.050 -2.119 -2.184 -2.245 -2.303 
-2.334 
-2.399 -2.428 -2.465 -2.500 -2.533 -2.565 -2.594 -2.622 -2.648 -2.673 
-2.696 -2.717 -2.737 -2.755 -2.771 -2.786 -2.799 -2.810 -2.820 -2.827 
-2.833 -2.838 -2.840 -2.841 -2.840 -2.837 -2.832 -2.826 -2.818 -2.808 
-2.796 -2.782 -2.767 -2.750 -2.731 -2.710 -2.687 -2.663 -2.637 -2.609 
-2.579 -2.547 -2.514 -2.480 -2.443 -2.406 -2.367 -2.326 -2.285 -2.243 
-2.200 -2.156 -2.112 -2.067 -2.022 -1.976 -1.929 -1.882 -1.834 -1.785 
-1.736 -1.687 -1.639 -1.593 -1.551 -1.517 -1.489 -1.468 -1.453 -1.443 
-1.439 -1.442 -1.452 -1.470 -1.499 -1.539 -1.590 -1.649 -1.715 -1.782 
-1.849 -1.915 -1.979 -2.040 -2.098 -2.154 -2.206 -2.256 -2.303 -2.347 
-2.385 
-2.465 -2.473 -2.494 -2.514 -2.535 -2.556 -2.578 -2.601 -2.624 -2.647 
-2.671 -2.694 -2.718 -2.741 -2.763 -2.785 -2.806 -2.826 -2.845 -2.862 
-2.878 -2.892 -2.905 -2.916 -2.925 -2.932 -2.938 -2.942 -2.943 -2.943 
-2.941 -2.937 -2.931 -2.923 -2.913 -2.901 -2.888 -2.872 -2.854 -2.835 
-2.814 -2.790 -2.765 -2.738 -2.709 -2.678 -2.645 -2.610 -2.572 -2.532 
-2.489 -2.443 -2.394 -2.341 -2.285 -2.224 -2.158 -2.088 -2.012 -1.932 
-1.848 -1.764 -1.683 -1.615 -1.565 -1.542 -1.545 -1.567 -1.599 -1.634 
-1.669 -1.705 -1.747 -1.797 -1.853 -1.912 -1.970 -2.026 -2.078 -2.126 
-2.171 -2.211 -2.248 -2.281 -2.312 -2.340 -2.365 -2.389 -2.411 -2.433 
-2.459 
-2.715 -2.763 -2.793 -2.822 -2.848 -2.873 -2.897 -2.919 -2.939 -2.958 
-2.975 -2.991 -3.006 -3.019 -3.030 -3.039 -3.046 -3.052 -3.056 -3.058 
-3.058 -3.056 -3.052 -3.046 -3.038 -3.029 -3.017 -3.004 -2.990 -2.973 
-2.955 -2.936 -2.915 -2.892 -2.869 -2.844 -2.819 -2.792 -2.765 -2.737 
-2.709 -2.681 -2.652 -2.623 -2.595 -2.566 -2.538 -2.511 -2.484 -2.457 
-2.431 -2.406 -2.380 -2.354 -2.327 -2.297 -2.266 -2.231 -2.191 -2.147 
-2.098 -2.044 -1.986 -1.927 -1.871 -1.819 -1.770 -1.720 -1.667 -1.614 
-1.570 -1.547 -1.554 -1.591 -1.653 -1.731 -1.819 -1.911 -2.003 -2.094 
-2.179 -2.259 -2.332 -2.399 -2.460 -2.516 -2.566 -2.613 -2.655 -2.694 
-2.704 
-2.839 -2.871 -2.916 -2.957 -2.995 -3.030 -3.062 -3.090 -3.116 -3.139 
-3.160 -3.178 -3.193 -3.206 -3.217 -3.225 -3.231 -3.235 -3.237 -3.236 
-3.233 -3.228 -3.221 -3.212 -3.201 -3.188 -3.172 -3.154 -3.135 -3.113 
-3.089 -3.062 -3.034 -3.004 -2.971 -2.936 -2.899 -2.860 -2.820 -2.777 
-2.733 -2.687 -2.641 -2.594 -2.547 -2.500 -2.455 -2.413 -2.373 -2.338 
-2.308 -2.283 -2.263 -2.247 -2.235 -2.226 -2.218 -2.211 -2.203 -2.193 
-2.181 -2.165 -2.145 -2.119 -2.088 -2.052 -2.008 -1.959 -1.903 -1.844 
-1.785 -1.731 -1.686 -1.656 -1.645 -1.659 -1.701 -1.769 -1.857 -1.955 
-2.057 -2.157 -2.253 -2.344 -2.429 -2.508 -2.581 -2.648 -2.711 -2.768 
-2.820 
-2.926 -2.984 -3.025 -3.062 -3.096 -3.127 -3.154 -3.179 -3.201 -3.221 
-3.238 -3.253 -3.265 -3.275 -3.283 -3.289 -3.293 -3.295 -3.295 -3.294 
-3.290 -3.285 -3.278 -3.269 -3.258 -3.246 -3.232 -3.216 -3.199 -3.179 
-3.158 -3.134 -3.109 -3.081 -3.051 -3.018 -2.984 -2.946 -2.906 -2.864 
-2.819 -2.771 -2.722 -2.672 -2.621 -2.570 -2.520 -2.473 -2.429 -2.390 
-2.357 -2.330 -2.309 -2.294 -2.284 -2.277 -2.272 -2.267 -2.262 -2.254 
-2.244 -2.229 -2.210 -2.186 -2.156 -2.121 -2.079 -2.032 -1.979 -1.921 
-1.860 -1.801 -1.749 -1.715 -1.710 -1.741 -1.806 -1.896 -2.000 -2.107 
-2.213 -2.314 -2.408 -2.495 -2.576 -2.650 -2.718 -2.781 -2.838 -2.891 
-2.912 
-2.767 -2.790 -2.817 -2.841 -2.864 -2.884 -2.901 -2.917 -2.931 -2.943 
-2.953 -2.961 -2.968 -2.973 -2.976 -2.979 -2.980 -2.980 -2.978 -2.976 
-2.973 -2.969 -2.964 -2.958 -2.952 -2.945 -2.938 -2.931 -2.923 -2.915 
-2.906 -2.898 -2.889 -2.879 -2.870 -2.859 -2.848 -2.837 -2.824 -2.811 
-2.797 -2.781 -2.764 -2.745 -2.725 -2.703 -2.680 -2.656 -2.631 -2.606 
-2.581 -2.557 -2.532 -2.508 -2.483 -2.458 -2.432 -2.404 -2.374 -2.341 
-2.307 -2.270 -2.231 -2.189 -2.146 -2.102 -2.059 -2.017 -1.980 -1.949 
-1.928 -1.916 -1.915 -1.927 -1.953 -1.995 -2.050 -2.113 -2.178 -2.243 
-2.305 -2.365 -2.421 -2.474 -2.524 -2.571 -2.615 -2.656 -2.693 -2.728 
-2.759 
-2.704 -2.720 -2.758 -2.795 -2.829 -2.861 -2.891 -2.919 -2.944 -2.968 
-2.989 -3.008 -3.025 -3.040 -3.053 -3.065 -3.074 -3.082 -3.088 -3.092 
-3.095 -3.096 -3.095 -3.092 -3.088 -3.083 -3.076 -3.068 -3.058 -3.046 
-3.033 -3.019 -3.003 -2.985 -2.966 -2.946 -2.924 -2.901 -2.876 -2.850 
-2.822 -2.794 -2.764 -2.734 -2.703 -2.672 -2.640 -2.607 -2.574 -2.541 
-2.508 -2.474 -2.440 -2.405 -2.371 -2.337 -2.304 -2.271 -2.238 -2.207 
-2.176 -2.146 -2.116 -2.088 -2.060 -2.033 -2.006 -1.981 -1.957 -1.937 
-1.920 -1.909 -1.905 -1.910 -1.926 -1.951 -1.986 -2.026 -2.072 -2.121 
-2.173 -2.226 -2.280 -2.334 -2.388 -2.441 -2.492 -2.542 -2.589 -2.635 
-2.687 
-2.885 -2.945 -2.983 -3.018 -3.049 -3.078 -3.104 -3.128 -3.149 -3.167 
-3.183 -3.197 -3.208 -3.217 -3.223 -3.228 -3.230 -3.230 -3.228 -3.224 
-3.218 -3.210 -3.200 -3.187 -3.173 -3.157 -3.139 -3.119 -3.097 -3.074 
-3.048 -3.022 -2.993 -2.964 -2.933 -2.901 -2.868 -2.834 -2.800 -2.766 
-2.732 -2.700 -2.668 -2.639 -2.612 -2.587 -2.565 -2.546 -2.530 -2.516 
-2.503 -2.492 -2.481 -2.470 -2.459 -2.446 -2.432 -2.415 -2.397 -2.376 
-2.352 -2.325 -2.295 -2.260 -2.222 -2.179 -2.132 -2.079 -2.022 -1.962 
-1.902 -1.846 -1.804 -1.787 -1.804 -1.855 -1.930 -2.017 -2.108 -2.198 
-2.284 -2.366 -2.444 -2.516 -2.584 -2.647 -2.706 -2.761 -2.813 -2.860 
-2.874 
-2.891 -2.903 -2.938 -2.969 -2.997 -3.022 -3.043 -3.062 -3.079 -3.092 
-3.104 -3.113 -3.119 -3.124 -3.126 -3.126 -3.124 -3.120 -3.114 -3.107 
-3.097 -3.086 -3.074 -3.060 -3.044 -3.027 -3.010 -2.991 -2.971 -2.951 
-2.930 -2.909 -2.887 -2.866 -2.846 -2.825 -2.806 -2.787 -2.770 -2.754 
-2.739 -2.725 -2.713 -2.702 -2.693 -2.685 -2.678 -2.672 -2.667 -2.661 
-2.655 -2.648 -2.640 -2.631 -2.619 -2.605 -2.588 -2.568 -2.544 -2.516 
-2.484 -2.447 -2.404 -2.355 -2.299 -2.236 -2.164 -2.084 -1.994 -1.895 
-1.790 -1.686 -1.595 -1.537 -1.529 -1.588 -1.699 -1.829 -1.959 -2.080 
-2.191 -2.291 -2.382 -2.465 -2.540 -2.608 -2.669 -2.726 -2.777 -2.823 
-2.875 
-3.062 -3.113 -3.151 -3.186 -3.216 -3.244 -3.268 -3.289 -3.307 -3.322 
-3.334 -3.344 -3.352 -3.357 -3.359 -3.359 -3.357 -3.352 -3.345 -3.336 
-3.325 -3.311 -3.296 -3.278 -3.258 -3.236 -3.212 -3.186 -3.158 -3.128 
-3.097 -3.065 -3.031 -2.996 -2.961 -2.926 -2.891 -2.857 -2.825 -2.796 
-2.770 -2.748 -2.730 -2.717 -2.709 -2.704 -2.704 -2.706 -2.709 -2.714 
-2.719 -2.723 -2.726 -2.727 -2.726 -2.721 -2.713 -2.702 -2.686 -2.665 
-2.640 -2.609 -2.572 -2.528 -2.477 -2.416 -2.347 -2.266 -2.172 -2.064 
-1.941 -1.804 -1.661 -1.532 -1.464 -1.501 -1.636 -1.815 -1.993 -2.153 
-2.294 -2.417 -2.525 -2.621 -2.707 -2.784 -2.854 -2.916 -2.973 -3.025 
-3.049 
-3.066 -3.112 -3.146 -3.177 -3.205 -3.229 -3.251 -3.270 -3.286 -3.300 
-3.311 -3.320 -3.326 -3.330 -3.332 -3.332 -3.329 -3.324 -3.317 -3.308 
-3.297 -3.284 -3.268 -3.251 -3.232 -3.210 -3.186 -3.161 -3.133 -3.104 
-3.073 -3.041 -3.007 -2.971 -2.936 -2.900 -2.864 -2.830 -2.797 -2.767 
-2.740 -2.718 -2.699 -2.685 -2.676 -2.670 -2.668 -2.668 -2.670 -2.673 
-2.676 -2.678 -2.678 -2.677 -2.673 -2.666 -2.655 -2.641 -2.622 -2.598 
-2.570 -2.536 -2.496 -2.449 -2.395 -2.332 -2.261 -2.180 -2.089 -1.989 
-1.884 -1.785 -1.707 -1.669 -1.683 -1.762 -1.894 -2.038 -2.174 -2.298 
-2.409 -2.509 -2.599 -2.680 -2.753 -2.820 -2.881 -2.936 -2.987 -3.033 
-3.054 
-2.891 -2.903 -2.932 -2.957 -2.981 -3.003 -3.023 -3.041 -3.058 -3.072 
-3.085 -3.097 -3.107 -3.115 -3.121 -3.126 -3.130 -3.132 -3.132 -3.132 
-3.130 -3.126 -3.122 -3.116 -3.109 -3.102 -3.093 -3.084 -3.074 -3.064 
-3.052 -3.041 -3.028 -3.016 -3.003 -2.990 -2.976 -2.963 -2.949 -2.936 
-2.923 -2.911 -2.900 -2.889 -2.878 -2.868 -2.858 -2.847 -2.835 -2.822 
-2.808 -2.791 -2.772 -2.749 -2.723 -2.693 -2.659 -2.619 -2.573 -2.520 
-2.460 -2.396 -2.332 -2.278 -2.240 -2.211 -2.182 -2.145 -2.098 -2.044 
-1.989 -1.941 -1.909 -1.905 -1.935 -1.990 -2.061 -2.138 -2.217 -2.295 
-2.369 -2.439 -2.504 -2.565 -2.621 -2.672 -2.720 -2.763 -2.803 -2.839 
-2.879 
-2.877 -2.897 -2.914 -2.931 -2.949 -2.967 -2.987 -3.007 -3.028 -3.049 
-3.071 -3.093 -3.115 -3.136 -3.158 -3.178 -3.198 -3.217 -3.235 -3.252 
-3.268 -3.282 -3.295 -3.306 -3.316 -3.324 -3.331 -3.336 -3.340 -3.342 
-3.343 -3.342 -3.340 -3.337 -3.331 -3.325 -3.317 -3.307 -3.295 -3.282 
-3.267 -3.250 -3.231 -3.210 -3.186 -3.159 -3.130 -3.097 -3.060 -3.020 
-2.975 -2.926 -2.871 -2.810 -2.743 -2.669 -2.586 -2.495 -2.396 -2.289 
-2.177 -2.070 -1.979 -1.921 -1.906 -1.930 -1.976 -2.027 -2.071 -2.110 
-2.151 -2.196 -2.243 -2.292 -2.343 -2.396 -2.451 -2.504 -2.554 -2.600 
-2.642 -2.680 -2.713 -2.742 -2.768 -2.791 -2.812 -2.831 -2.848 -2.865 
-2.873 
-2.821 -2.836 -2.854 -2.872 -2.889 -2.907 -2.924 -2.941 -2.959 -2.976 
-2.994 -3.013 -3.032 -3.051 -3.070 -3.090 -3.110 -3.129 -3.149 -3.168 
-3.187 -3.206 -3.223 -3.240 -3.256 -3.272 -3.285 -3.298 -3.309 -3.319 
-3.328 -3.335 -3.340 -3.344 -3.346 -3.346 -3.344 -3.340 -3.335 -3.327 
-3.317 -3.305 -3.291 -3.274 -3.255 -3.233 -3.209 -3.181 -3.151 -3.117 
-3.080 -3.039 -2.995 -2.946 -2.892 -2.833 -2.769 -2.698 -2.621 -2.536 
-2.445 -2.350 -2.256 -2.168 -2.090 -2.018 -1.950 -1.889 -1.845 -1.832 
-1.854 -1.908 -1.983 -2.066 -2.149 -2.228 -2.301 -2.367 -2.426 -2.480 
-2.528 -2.570 -2.609 -2.644 -2.675 -2.704 -2.730 -2.754 -2.776 -2.797 
-2.815 
-2.788 -2.810 -2.843 -2.876 -2.910 -2.943 -2.976 -3.008 -3.040 -3.071 
-3.101 -3.130 -3.159 -3.186 -3.211 -3.236 -3.259 -3.281 -3.302 -3.321 
-3.339 -3.356 -3.371 -3.384 -3.396 -3.406 -3.414 -3.421 -3.426 -3.430 
-3.431 -3.432 -3.430 -3.426 -3.421 -3.414 -3.405 -3.395 -3.382 -3.368 
-3.351 -3.333 -3.313 -3.290 -3.265 -3.238 -3.208 -3.176 -3.140 -3.102 
-3.061 -3.017 -2.968 -2.916 -2.860 -2.799 -2.733 -2.661 -2.584 -2.501 
-2.413 -2.319 -2.222 -2.125 -2.034 -1.957 -1.902 -1.874 -1.872 -1.894 
-1.934 -1.984 -2.038 -2.093 -2.146 -2.197 -2.248 -2.298 -2.345 -2.391 
-2.433 -2.473 -2.511 -2.547 -2.581 -2.615 -2.647 -2.679 -2.712 -2.744 
-2.776 
-2.832 -2.867 -2.906 -2.942 -2.977 -3.009 -3.040 -3.069 -3.095 -3.120 
-3.144 -3.165 -3.185 -3.202 -3.219 -3.233 -3.246 -3.257 -3.267 -3.275 
-3.282 -3.287 -3.291 -3.293 -3.294 -3.294 -3.292 -3.289 -3.285 -3.279 
-3.273 -3.265 -3.256 -3.246 -3.234 -3.222 -3.208 -3.193 -3.177 -3.160 
-3.142 -3.122 -3.102 -3.081 -3.058 -3.035 -3.011 -2.986 -2.960 -2.933 
-2.905 -2.877 -2.847 -2.817 -2.785 -2.752 -2.716 -2.679 -2.638 -2.594 
-2.546 -2.495 -2.439 -2.380 -2.319 -2.260 -2.207 -2.162 -2.125 -2.091 
-2.060 -2.032 -2.011 -2.002 -2.006 -2.025 -2.059 -2.103 -2.156 -2.215 
-2.277 -2.341 -2.405 -2.467 -2.526 -2.583 -2.637 -2.688 -2.737 -2.783 
-2.818 
-2.881 -2.929 -2.980 -3.028 -3.072 -3.113 -3.151 -3.186 -3.218 -3.247 
-3.274 -3.297 -3.319 -3.338 -3.355 -3.370 -3.382 -3.392 -3.401 -3.407 
-3.411 -3.413 -3.413 -3.412 -3.408 -3.403 -3.395 -3.386 -3.375 -3.362 
-3.347 -3.330 -3.312 -3.291 -3.269 -3.245 -3.219 -3.192 -3.163 -3.132 
-3.100 -3.066 -3.032 -2.996 -2.960 -2.924 -2.887 -2.852 -2.817 -2.784 
-2.753 -2.724 -2.699 -2.676 -2.657 -2.641 -2.626 -2.613 -2.600 -2.587 
-2.573 -2.558 -2.541 -2.521 -2.498 -2.473 -2.443 -2.411 -2.375 -2.337 
-2.297 -2.257 -2.218 -2.183 -2.154 -2.132 -2.120 -2.120 -2.132 -2.157 
-2.195 -2.246 -2.308 -2.380 -2.456 -2.533 -2.609 -2.681 -2.749 -2.813 
-2.862 
-2.889 -2.946 -3.011 -3.070 -3.125 -3.176 -3.223 -3.266 -3.305 -3.341 
-3.374 -3.404 -3.432 -3.456 -3.478 -3.498 -3.515 -3.530 -3.542 -3.553 
-3.560 -3.566 -3.569 -3.570 -3.569 -3.566 -3.560 -3.552 -3.542 -3.529 
-3.514 -3.497 -3.477 -3.454 -3.429 -3.402 -3.372 -3.339 -3.304 -3.266 
-3.225 -3.182 -3.136 -3.088 -3.039 -2.988 -2.936 -2.885 -2.836 -2.790 
-2.748 -2.713 -2.685 -2.665 -2.653 -2.648 -2.648 -2.652 -2.657 -2.662 
-2.666 -2.667 -2.664 -2.656 -2.642 -2.621 -2.594 -2.559 -2.516 -2.467 
-2.415 -2.364 -2.321 -2.291 -2.270 -2.253 -2.233 -2.207 -2.178 -2.152 
-2.139 -2.150 -2.190 -2.257 -2.343 -2.438 -2.534 -2.628 -2.717 -2.799 
-2.862 
-2.903 -2.933 -2.977 -3.019 -3.059 -3.096 -3.131 -3.165 -3.196 -3.226 
-3.255 -3.282 -3.307 -3.331 -3.353 -3.373 -3.393 -3.410 -3.426 -3.441 
-3.454 -3.465 -3.475 -3.483 -3.490 -3.495 -3.498 -3.499 -3.499 -3.497 
-3.493 -3.487 -3.480 -3.470 -3.459 -3.446 -3.431 -3.414 -3.395 -3.374 
-3.352 -3.328 -3.302 -3.275 -3.246 -3.216 -3.185 -3.154 -3.122 -3.090 
-3.058 -3.028 -2.999 -2.971 -2.944 -2.918 -2.890 -2.859 -2.826 -2.787 
-2.744 -2.695 -2.640 -2.579 -2.511 -2.436 -2.355 -2.268 -2.177 -2.086 
-2.000 -1.930 -1.883 -1.868 -1.884 -1.925 -1.985 -2.053 -2.125 -2.193 
-2.257 -2.321 -2.387 -2.456 -2.527 -2.596 -2.662 -2.724 -2.782 -2.835 
-2.887 
-2.979 -3.050 -3.098 -3.142 -3.182 -3.219 -3.253 -3.284 -3.313 -3.338 
-3.362 -3.382 -3.401 -3.417 -3.430 -3.442 -3.451 -3.458 -3.463 -3.466 
-3.467 -3.466 -3.462 -3.457 -3.450 -3.440 -3.429 -3.415 -3.400 -3.383 
-3.364 -3.343 -3.321 -3.297 -3.271 -3.244 -3.216 -3.187 -3.158 -3.128 
-3.098 -3.068 -3.039 -3.011 -2.985 -2.960 -2.936 -2.915 -2.896 -2.879 
-2.864 -2.850 -2.837 -2.825 -2.812 -2.800 -2.786 -2.771 -2.754 -2.734 
-2.711 -2.685 -2.654 -2.618 -2.577 -2.531 -2.478 -2.419 -2.353 -2.282 
-2.207 -2.133 -2.064 -2.008 -1.969 -1.955 -1.969 -2.009 -2.069 -2.140 
-2.221 -2.309 -2.401 -2.493 -2.582 -2.666 -2.743 -2.815 -2.881 -2.942 
-2.966 
-2.838 -2.868 -2.926 -2.979 -3.028 -3.073 -3.114 -3.152 -3.186 -3.217 
-3.245 -3.270 -3.292 -3.312 -3.329 -3.344 -3.356 -3.366 -3.374 -3.379 
-3.382 -3.384 -3.383 -3.380 -3.375 -3.368 -3.359 -3.348 -3.336 -3.321 
-3.305 -3.287 -3.268 -3.247 -3.224 -3.200 -3.175 -3.150 -3.123 -3.096 
-3.068 -3.041 -3.014 -2.987 -2.962 -2.938 -2.915 -2.895 -2.876 -2.859 
-2.844 -2.830 -2.818 -2.807 -2.797 -2.787 -2.777 -2.766 -2.754 -2.740 
-2.725 -2.707 -2.687 -2.664 -2.637 -2.606 -2.572 -2.533 -2.489 -2.440 
-2.386 -2.328 -2.266 -2.201 -2.137 -2.077 -2.024 -1.980 -1.951 -1.945 
-1.970 -2.027 -2.108 -2.202 -2.302 -2.399 -2.493 -2.580 -2.661 -2.736 
-2.811 
-2.903 -2.963 -3.012 -3.057 -3.100 -3.139 -3.176 -3.209 -3.241 -3.269 
-3.296 -3.320 -3.342 -3.362 -3.380 -3.395 -3.409 -3.421 -3.431 -3.440 
-3.446 -3.451 -3.454 -3.455 -3.455 -3.453 -3.449 -3.444 -3.437 -3.429 
-3.419 -3.408 -3.395 -3.381 -3.366 -3.349 -3.331 -3.312 -3.292 -3.270 
-3.248 -3.225 -3.202 -3.178 -3.153 -3.129 -3.104 -3.079 -3.055 -3.030 
-3.005 -2.980 -2.955 -2.929 -2.903 -2.877 -2.849 -2.820 -2.790 -2.759 
-2.726 -2.692 -2.655 -2.616 -2.575 -2.532 -2.487 -2.439 -2.390 -2.339 
-2.289 -2.240 -2.195 -2.157 -2.129 -2.111 -2.106 -2.112 -2.131 -2.162 
-2.211 -2.275 -2.350 -2.430 -2.510 -2.587 -2.660 -2.729 -2.794 -2.854 
-2.881 
