IRGRID 64 91
1e+308

0.025 0.03 0.035 0.04 0.045 0.05 0.055 0.06 0.065 0.07
0.075 0.08 0.085 0.09 0.095 0.1 0.11 0.12 0.13 0.14
0.15 0.16 0.17 0.18 0.19 0.2 0.21 0.22 0.23 0.24
0.25 0.26 0.27 0.28 0.29 0.3 0.31 0.32 0.33 0.34
0.35 0.36 0.37 0.38 0.39 0.4 0.41 0.42 0.43 0.44
0.45 0.46 0.47 0.48 0.49 0.5 0.51 0.52 0.53 0.54
0.55 0.56 0.57 0.58
0 4 8 12 16 20 24 28 32 36
40 44 48 52 56 60 64 68 72 76
80 84 88 92 96 100 104 108 112 116
120 124 128 132 136 140 144 148 152 156
160 164 168 172 176 180 184 188 192 196
200 204 208 212 216 220 224 228 232 236
240 244 248 252 256 260 264 268 272 276
280 284 288 292 296 300 304 308 312 316
320 324 328 332 336 340 344 348 352 356
360
-3.423 -3.483 -3.494 -3.503 -3.511 -3.518 -3.523 -3.527 -3.530 -3.532 
-3.533 -3.533 -3.533 -3.531 -3.529 -3.526 -3.523 -3.518 -3.513 -3.508 
-3.501 -3.494 -3.487 -3.478 -3.469 -3.460 -3.450 -3.440 -3.429 -3.418 
-3.407 -3.397 -3.386 -3.376 -3.366 -3.356 -3.346 -3.336 -3.326 -3.316 
-3.304 -3.292 -3.279 -3.264 -3.247 -3.228 -3.206 -3.181 -3.153 -3.122 
-3.087 -3.047 -3.001 -2.951 -2.893 -2.828 -2.755 -2.671 -2.576 -2.468 
-2.347 -2.217 -2.091 -1.996 -1.961 -1.991 -2.067 -2.165 -2.272 -2.382 
-2.490 -2.593 -2.689 -2.777 -2.857 -2.929 -2.996 -3.056 -3.110 -3.160 
-3.204 -3.245 -3.282 -3.315 -3.345 -3.372 -3.397 -3.418 -3.438 -3.455 
-3.419 
-2.773 -2.859 -2.880 -2.901 -2.922 -2.941 -2.959 -2.975 -2.989 -3.002 
-3.013 -3.022 -3.029 -3.033 -3.036 -3.037 -3.035 -3.032 -3.026 -3.019 
-3.010 -3.000 -2.988 -2.975 -2.960 -2.945 -2.929 -2.913 -2.897 -2.880 
-2.863 -2.847 -2.831 -2.815 -2.800 -2.784 -2.769 -2.754 -2.737 -2.721 
-2.703 -2.683 -2.661 -2.637 -2.611 -2.582 -2.549 -2.514 -2.476 -2.436 
-2.395 -2.355 -2.316 -2.282 -2.251 -2.225 -2.201 -2.178 -2.152 -2.119 
-2.076 -2.023 -1.961 -1.897 -1.844 -1.814 -1.811 -1.839 -1.895 -1.972 
-2.058 -2.144 -2.226 -2.300 -2.366 -2.424 -2.475 -2.518 -2.557 -2.590 
-2.619 -2.645 -2.668 -2.690 -2.711 -2.732 -2.752 -2.773 -2.794 -2.815 
-2.770 
-2.277 -2.262 -2.283 -2.304 -2.324 -2.342 -2.358 -2.370 -2.377 -2.379 
-2.373 -2.361 -2.341 -2.315 -2.288 -2.268 -2.262 -2.276 -2.308 -2.350 
-2.395 -2.438 -2.475 -2.506 -2.531 -2.549 -2.562 -2.571 -2.574 -2.574 
-2.570 -2.563 -2.552 -2.538 -2.521 -2.501 -2.479 -2.453 -2.424 -2.392 
-2.357 -2.318 -2.277 -2.232 -2.184 -2.133 -2.080 -2.024 -1.968 -1.912 
-1.857 -1.807 -1.763 -1.727 -1.701 -1.685 -1.678 -1.675 -1.670 -1.649 
-1.587 -1.427 -1.104 -1.038 -1.393 -1.617 -1.741 -1.820 -1.880 -1.929 
-1.970 -2.003 -2.030 -2.051 -2.068 -2.081 -2.091 -2.099 -2.105 -2.111 
-2.116 -2.122 -2.128 -2.136 -2.145 -2.156 -2.169 -2.184 -2.202 -2.220 
-2.266 
-2.276 -2.305 -2.293 -2.278 -2.258 -2.233 -2.202 -2.165 -2.121 -2.069 
-2.010 -1.945 -1.876 -1.808 -1.748 -1.705 -1.689 -1.703 -1.745 -1.808 
-1.882 -1.959 -2.035 -2.106 -2.171 -2.230 -2.282 -2.328 -2.368 -2.402 
-2.431 -2.455 -2.474 -2.489 -2.499 -2.505 -2.507 -2.504 -2.498 -2.487 
-2.472 -2.453 -2.430 -2.403 -2.371 -2.335 -2.294 -2.248 -2.198 -2.142 
-2.082 -2.016 -1.945 -1.865 -1.775 -1.668 -1.540 -1.385 -1.208 -1.043 
-0.913 -0.691 -0.414 -0.374 -0.670 -1.041 -1.310 -1.503 -1.650 -1.767 
-1.863 -1.942 -2.009 -2.065 -2.112 -2.153 -2.187 -2.215 -2.239 -2.259 
-2.276 -2.289 -2.300 -2.309 -2.315 -2.320 -2.322 -2.323 -2.322 -2.319 
-2.281 
-1.821 -1.868 -1.878 -1.888 -1.899 -1.910 -1.921 -1.932 -1.943 -1.952 
-1.960 -1.965 -1.966 -1.965 -1.963 -1.963 -1.969 -1.985 -2.009 -2.039 
-2.069 -2.096 -2.121 -2.141 -2.158 -2.171 -2.182 -2.189 -2.193 -2.195 
-2.194 -2.191 -2.185 -2.176 -2.165 -2.152 -2.135 -2.116 -2.094 -2.069 
-2.041 -2.009 -1.974 -1.935 -1.892 -1.845 -1.792 -1.735 -1.671 -1.601 
-1.522 -1.435 -1.337 -1.226 -1.099 -0.953 -0.784 -0.593 -0.392 -0.218 
-0.124 -0.174 -0.308 -0.459 -0.684 -0.858 -0.995 -1.108 -1.204 -1.287 
-1.358 -1.421 -1.475 -1.524 -1.566 -1.604 -1.637 -1.667 -1.693 -1.716 
-1.736 -1.754 -1.770 -1.784 -1.797 -1.809 -1.820 -1.830 -1.840 -1.849 
-1.820 
-1.439 -1.424 -1.441 -1.458 -1.475 -1.492 -1.509 -1.525 -1.541 -1.556 
-1.570 -1.584 -1.596 -1.607 -1.617 -1.625 -1.631 -1.636 -1.638 -1.638 
-1.636 -1.632 -1.625 -1.617 -1.605 -1.592 -1.578 -1.562 -1.545 -1.529 
-1.512 -1.496 -1.482 -1.468 -1.456 -1.444 -1.432 -1.420 -1.406 -1.391 
-1.373 -1.353 -1.329 -1.301 -1.269 -1.233 -1.191 -1.143 -1.089 -1.029 
-0.960 -0.883 -0.794 -0.694 -0.579 -0.445 -0.288 -0.103 0.108 0.320 
0.472 0.557 0.812 0.413 0.053 -0.172 -0.340 -0.475 -0.586 -0.681 
-0.762 -0.833 -0.896 -0.951 -1.001 -1.045 -1.084 -1.120 -1.152 -1.182 
-1.208 -1.233 -1.256 -1.278 -1.298 -1.318 -1.336 -1.355 -1.372 -1.390 
-1.432 
-0.802 -0.845 -0.781 -0.718 -0.667 -0.641 -0.647 -0.688 -0.754 -0.832 
-0.913 -0.988 -1.054 -1.111 -1.157 -1.192 -1.218 -1.235 -1.244 -1.245 
-1.240 -1.229 -1.213 -1.193 -1.169 -1.144 -1.116 -1.089 -1.061 -1.036 
-1.013 -0.992 -0.976 -0.963 -0.954 -0.948 -0.945 -0.943 -0.942 -0.942 
-0.940 -0.937 -0.931 -0.923 -0.911 -0.895 -0.874 -0.848 -0.816 -0.777 
-0.731 -0.676 -0.611 -0.534 -0.442 -0.331 -0.195 -0.024 0.205 0.549 
1.336 1.348 1.374 1.079 0.585 0.199 -0.055 -0.244 -0.394 -0.518 
-0.622 -0.710 -0.787 -0.852 -0.909 -0.957 -0.999 -1.034 -1.062 -1.084 
-1.101 -1.111 -1.116 -1.114 -1.107 -1.092 -1.071 -1.041 -1.004 -0.959 
-0.801 
-0.235 -0.133 -0.059 0.010 0.064 0.091 0.084 0.041 -0.030 -0.119 
-0.215 -0.311 -0.403 -0.489 -0.569 -0.641 -0.706 -0.765 -0.818 -0.865 
-0.907 -0.943 -0.974 -1.001 -1.023 -1.041 -1.055 -1.065 -1.072 -1.076 
-1.078 -1.077 -1.074 -1.070 -1.063 -1.055 -1.045 -1.033 -1.018 -1.001 
-0.980 -0.955 -0.927 -0.894 -0.857 -0.815 -0.767 -0.713 -0.653 -0.585 
-0.509 -0.423 -0.324 -0.211 -0.078 0.080 0.275 0.528 0.893 1.573 
1.998 1.864 1.415 0.851 0.515 0.294 0.130 0.000 -0.107 -0.196 
-0.270 -0.334 -0.388 -0.433 -0.471 -0.502 -0.527 -0.545 -0.558 -0.564 
-0.564 -0.559 -0.547 -0.529 -0.504 -0.473 -0.434 -0.388 -0.335 -0.274 
-0.271 
-0.647 -0.684 -0.646 -0.606 -0.573 -0.557 -0.568 -0.608 -0.669 -0.740 
-0.812 -0.881 -0.943 -0.998 -1.046 -1.088 -1.124 -1.154 -1.180 -1.202 
-1.219 -1.233 -1.244 -1.251 -1.256 -1.257 -1.256 -1.252 -1.246 -1.236 
-1.225 -1.211 -1.194 -1.174 -1.152 -1.128 -1.100 -1.070 -1.037 -1.000 
-0.961 -0.918 -0.871 -0.821 -0.766 -0.707 -0.642 -0.572 -0.495 -0.411 
-0.318 -0.214 -0.098 0.035 0.189 0.374 0.605 0.917 1.375 1.778 
1.984 1.618 1.072 0.754 0.531 0.360 0.221 0.104 0.004 -0.083 
-0.161 -0.231 -0.295 -0.353 -0.407 -0.457 -0.502 -0.545 -0.584 -0.619 
-0.652 -0.680 -0.705 -0.726 -0.742 -0.754 -0.760 -0.760 -0.753 -0.738 
-0.643 
-0.772 -0.769 -0.782 -0.799 -0.819 -0.842 -0.868 -0.897 -0.928 -0.961 
-0.994 -1.027 -1.061 -1.093 -1.124 -1.154 -1.183 -1.209 -1.234 -1.257 
-1.277 -1.295 -1.311 -1.325 -1.336 -1.346 -1.352 -1.357 -1.359 -1.358 
-1.355 -1.350 -1.342 -1.331 -1.318 -1.302 -1.284 -1.262 -1.237 -1.210 
-1.179 -1.144 -1.106 -1.064 -1.017 -0.966 -0.910 -0.848 -0.780 -0.704 
-0.620 -0.526 -0.420 -0.299 -0.158 0.009 0.215 0.482 0.870 1.568 
1.965 1.662 1.025 0.602 0.342 0.153 0.006 -0.114 -0.213 -0.297 
-0.369 -0.431 -0.484 -0.530 -0.570 -0.604 -0.633 -0.657 -0.677 -0.694 
-0.707 -0.717 -0.725 -0.731 -0.735 -0.738 -0.741 -0.744 -0.747 -0.752 
-0.770 
-0.760 -0.780 -0.807 -0.836 -0.867 -0.900 -0.935 -0.970 -1.005 -1.041 
-1.076 -1.111 -1.145 -1.177 -1.208 -1.237 -1.264 -1.289 -1.313 -1.334 
-1.353 -1.371 -1.386 -1.398 -1.409 -1.417 -1.424 -1.428 -1.429 -1.429 
-1.426 -1.421 -1.413 -1.403 -1.390 -1.375 -1.358 -1.337 -1.314 -1.287 
-1.258 -1.225 -1.188 -1.148 -1.104 -1.056 -1.002 -0.943 -0.879 -0.807 
-0.728 -0.640 -0.542 -0.430 -0.301 -0.150 0.031 0.259 0.568 1.054 
1.677 1.706 1.341 0.956 0.558 0.302 0.121 -0.017 -0.127 -0.217 
-0.292 -0.354 -0.406 -0.450 -0.487 -0.518 -0.544 -0.566 -0.584 -0.599 
-0.612 -0.624 -0.635 -0.645 -0.656 -0.668 -0.681 -0.696 -0.714 -0.733 
-0.750 
-0.804 -0.807 -0.820 -0.837 -0.857 -0.881 -0.908 -0.937 -0.969 -1.002 
-1.035 -1.069 -1.103 -1.136 -1.168 -1.199 -1.229 -1.257 -1.284 -1.309 
-1.332 -1.353 -1.372 -1.390 -1.405 -1.419 -1.430 -1.440 -1.447 -1.452 
-1.455 -1.456 -1.454 -1.450 -1.443 -1.435 -1.423 -1.409 -1.392 -1.373 
-1.350 -1.324 -1.295 -1.263 -1.227 -1.186 -1.142 -1.093 -1.038 -0.978 
-0.911 -0.837 -0.754 -0.660 -0.554 -0.431 -0.287 -0.113 0.107 0.411 
0.906 1.404 1.369 1.289 0.933 0.509 0.229 0.032 -0.118 -0.238 
-0.335 -0.416 -0.484 -0.541 -0.589 -0.629 -0.663 -0.691 -0.713 -0.731 
-0.745 -0.756 -0.764 -0.770 -0.774 -0.777 -0.780 -0.782 -0.786 -0.790 
-0.802 
-0.924 -0.945 -0.953 -0.961 -0.969 -0.977 -0.986 -0.995 -1.005 -1.015 
-1.026 -1.038 -1.050 -1.062 -1.075 -1.089 -1.102 -1.116 -1.130 -1.144 
-1.157 -1.170 -1.182 -1.194 -1.204 -1.213 -1.220 -1.227 -1.231 -1.234 
-1.235 -1.234 -1.231 -1.225 -1.218 -1.208 -1.195 -1.180 -1.162 -1.141 
-1.117 -1.090 -1.059 -1.024 -0.986 -0.942 -0.894 -0.840 -0.779 -0.712 
-0.636 -0.551 -0.453 -0.340 -0.207 -0.046 0.156 0.424 0.790 1.074 
1.299 1.693 1.621 1.213 0.680 0.376 0.168 0.012 -0.111 -0.212 
-0.297 -0.369 -0.432 -0.488 -0.537 -0.582 -0.623 -0.662 -0.697 -0.730 
-0.761 -0.789 -0.815 -0.838 -0.858 -0.876 -0.892 -0.906 -0.917 -0.927 
-0.923 
-0.927 -0.948 -0.984 -1.017 -1.049 -1.078 -1.106 -1.131 -1.155 -1.177 
-1.198 -1.217 -1.235 -1.252 -1.267 -1.281 -1.293 -1.304 -1.314 -1.322 
-1.328 -1.333 -1.337 -1.338 -1.338 -1.336 -1.331 -1.325 -1.317 -1.306 
-1.293 -1.278 -1.260 -1.240 -1.218 -1.192 -1.164 -1.133 -1.098 -1.061 
-1.020 -0.975 -0.926 -0.873 -0.815 -0.752 -0.683 -0.608 -0.525 -0.433 
-0.332 -0.218 -0.088 0.061 0.236 0.449 0.720 1.078 1.444 1.617 
1.442 1.362 1.150 0.753 0.543 0.394 0.279 0.186 0.109 0.044 
-0.013 -0.063 -0.109 -0.152 -0.194 -0.235 -0.277 -0.319 -0.363 -0.408 
-0.455 -0.502 -0.551 -0.599 -0.647 -0.694 -0.741 -0.786 -0.829 -0.871 
-0.910 
-1.008 -1.030 -1.060 -1.088 -1.116 -1.142 -1.167 -1.191 -1.213 -1.235 
-1.255 -1.274 -1.291 -1.307 -1.321 -1.335 -1.346 -1.356 -1.365 -1.372 
-1.377 -1.381 -1.383 -1.384 -1.383 -1.380 -1.375 -1.368 -1.360 -1.350 
-1.337 -1.323 -1.306 -1.288 -1.267 -1.244 -1.218 -1.190 -1.159 -1.125 
-1.089 -1.049 -1.006 -0.959 -0.908 -0.852 -0.792 -0.727 -0.655 -0.576 
-0.490 -0.394 -0.286 -0.165 -0.026 0.137 0.334 0.583 0.909 1.164 
1.159 1.155 1.023 0.808 0.597 0.425 0.286 0.173 0.077 -0.006 
-0.080 -0.148 -0.211 -0.271 -0.328 -0.383 -0.435 -0.486 -0.534 -0.581 
-0.626 -0.669 -0.711 -0.752 -0.791 -0.829 -0.865 -0.901 -0.935 -0.968 
-0.999 
-1.232 -1.272 -1.310 -1.347 -1.380 -1.412 -1.441 -1.468 -1.493 -1.516 
-1.537 -1.556 -1.573 -1.589 -1.602 -1.613 -1.622 -1.630 -1.635 -1.639 
-1.640 -1.640 -1.637 -1.633 -1.627 -1.618 -1.608 -1.595 -1.580 -1.563 
-1.544 -1.522 -1.498 -1.472 -1.442 -1.411 -1.376 -1.339 -1.298 -1.255 
-1.208 -1.157 -1.103 -1.044 -0.982 -0.914 -0.841 -0.763 -0.679 -0.587 
-0.487 -0.379 -0.259 -0.127 0.021 0.186 0.373 0.578 0.788 0.962 
1.056 1.047 0.934 0.787 0.650 0.531 0.431 0.345 0.269 0.199 
0.130 0.061 -0.012 -0.087 -0.166 -0.248 -0.331 -0.413 -0.495 -0.574 
-0.651 -0.724 -0.794 -0.860 -0.923 -0.982 -1.038 -1.091 -1.140 -1.187 
-1.217 
-1.439 -1.484 -1.515 -1.544 -1.571 -1.595 -1.617 -1.637 -1.655 -1.671 
-1.685 -1.696 -1.706 -1.713 -1.719 -1.722 -1.724 -1.724 -1.722 -1.717 
-1.711 -1.703 -1.693 -1.681 -1.667 -1.651 -1.633 -1.612 -1.590 -1.565 
-1.539 -1.510 -1.478 -1.444 -1.408 -1.369 -1.328 -1.284 -1.237 -1.187 
-1.134 -1.078 -1.019 -0.956 -0.890 -0.820 -0.746 -0.668 -0.585 -0.497 
-0.404 -0.305 -0.199 -0.085 0.038 0.173 0.322 0.488 0.671 0.859 
0.993 1.004 0.935 0.817 0.668 0.511 0.360 0.223 0.098 -0.016 
-0.121 -0.219 -0.313 -0.403 -0.490 -0.574 -0.656 -0.734 -0.809 -0.881 
-0.950 -1.014 -1.075 -1.133 -1.188 -1.239 -1.287 -1.332 -1.374 -1.413 
-1.430 
-1.466 -1.481 -1.512 -1.540 -1.567 -1.591 -1.613 -1.633 -1.651 -1.667 
-1.680 -1.692 -1.702 -1.711 -1.717 -1.721 -1.723 -1.724 -1.722 -1.719 
-1.714 -1.707 -1.697 -1.686 -1.673 -1.658 -1.641 -1.622 -1.601 -1.577 
-1.552 -1.524 -1.494 -1.461 -1.426 -1.388 -1.348 -1.304 -1.258 -1.209 
-1.157 -1.101 -1.041 -0.978 -0.911 -0.839 -0.762 -0.680 -0.592 -0.497 
-0.394 -0.283 -0.161 -0.026 0.123 0.288 0.469 0.670 0.896 1.121 
1.251 1.196 1.013 0.798 0.603 0.435 0.289 0.161 0.046 -0.062 
-0.163 -0.261 -0.356 -0.446 -0.534 -0.617 -0.696 -0.771 -0.842 -0.910 
-0.974 -1.035 -1.092 -1.146 -1.198 -1.246 -1.292 -1.335 -1.375 -1.413 
-1.454 
-1.583 -1.631 -1.668 -1.702 -1.734 -1.763 -1.790 -1.814 -1.836 -1.855 
-1.873 -1.888 -1.901 -1.912 -1.921 -1.927 -1.932 -1.934 -1.935 -1.933 
-1.929 -1.924 -1.916 -1.906 -1.893 -1.879 -1.862 -1.843 -1.822 -1.799 
-1.773 -1.744 -1.713 -1.679 -1.642 -1.602 -1.559 -1.513 -1.464 -1.410 
-1.353 -1.292 -1.226 -1.155 -1.078 -0.995 -0.906 -0.809 -0.704 -0.589 
-0.462 -0.323 -0.170 -0.002 0.176 0.355 0.513 0.630 0.709 0.768 
0.794 0.701 0.546 0.416 0.319 0.245 0.184 0.127 0.067 -0.001 
-0.079 -0.167 -0.262 -0.362 -0.462 -0.562 -0.659 -0.753 -0.842 -0.927 
-1.007 -1.083 -1.155 -1.222 -1.285 -1.345 -1.401 -1.453 -1.502 -1.548 
-1.570 
-1.544 -1.576 -1.612 -1.645 -1.675 -1.703 -1.728 -1.751 -1.772 -1.791 
-1.807 -1.821 -1.833 -1.843 -1.851 -1.857 -1.861 -1.863 -1.863 -1.862 
-1.858 -1.853 -1.845 -1.836 -1.825 -1.812 -1.797 -1.780 -1.762 -1.741 
-1.718 -1.693 -1.666 -1.637 -1.605 -1.571 -1.534 -1.494 -1.452 -1.407 
-1.358 -1.305 -1.249 -1.188 -1.123 -1.052 -0.975 -0.891 -0.800 -0.700 
-0.589 -0.466 -0.329 -0.175 -0.002 0.191 0.400 0.608 0.773 0.840 
0.795 0.674 0.519 0.375 0.255 0.158 0.075 0.002 -0.067 -0.136 
-0.206 -0.280 -0.357 -0.436 -0.516 -0.597 -0.678 -0.758 -0.836 -0.912 
-0.985 -1.054 -1.121 -1.185 -1.245 -1.302 -1.355 -1.405 -1.453 -1.497 
-1.529 
-1.471 -1.479 -1.498 -1.515 -1.530 -1.544 -1.555 -1.565 -1.574 -1.580 
-1.585 -1.589 -1.591 -1.592 -1.591 -1.588 -1.584 -1.579 -1.573 -1.565 
-1.555 -1.545 -1.533 -1.519 -1.505 -1.489 -1.471 -1.453 -1.432 -1.411 
-1.388 -1.364 -1.338 -1.311 -1.283 -1.252 -1.220 -1.187 -1.151 -1.114 
-1.074 -1.033 -0.989 -0.942 -0.892 -0.839 -0.782 -0.721 -0.656 -0.585 
-0.508 -0.423 -0.330 -0.226 -0.108 0.027 0.184 0.365 0.559 0.724 
0.816 0.785 0.636 0.438 0.249 0.086 -0.054 -0.176 -0.283 -0.380 
-0.469 -0.551 -0.629 -0.702 -0.772 -0.838 -0.901 -0.961 -1.017 -1.070 
-1.119 -1.166 -1.209 -1.249 -1.286 -1.321 -1.353 -1.383 -1.410 -1.435 
-1.465 
-1.564 -1.584 -1.607 -1.628 -1.647 -1.665 -1.680 -1.693 -1.704 -1.714 
-1.722 -1.728 -1.732 -1.734 -1.735 -1.734 -1.731 -1.727 -1.721 -1.713 
-1.703 -1.692 -1.678 -1.663 -1.647 -1.628 -1.608 -1.585 -1.561 -1.535 
-1.507 -1.477 -1.444 -1.410 -1.374 -1.335 -1.294 -1.250 -1.204 -1.155 
-1.104 -1.050 -0.992 -0.932 -0.868 -0.801 -0.731 -0.656 -0.577 -0.494 
-0.407 -0.315 -0.219 -0.121 -0.024 0.067 0.153 0.235 0.317 0.397 
0.456 0.438 0.347 0.237 0.124 0.013 -0.096 -0.200 -0.301 -0.396 
-0.487 -0.574 -0.656 -0.734 -0.808 -0.878 -0.944 -1.007 -1.067 -1.123 
-1.176 -1.227 -1.274 -1.318 -1.360 -1.399 -1.436 -1.470 -1.502 -1.531 
-1.555 
-1.737 -1.768 -1.797 -1.823 -1.848 -1.870 -1.890 -1.908 -1.923 -1.937 
-1.949 -1.958 -1.966 -1.971 -1.974 -1.976 -1.975 -1.973 -1.968 -1.962 
-1.953 -1.943 -1.930 -1.915 -1.898 -1.879 -1.858 -1.834 -1.808 -1.780 
-1.749 -1.716 -1.679 -1.641 -1.599 -1.554 -1.506 -1.455 -1.400 -1.341 
-1.278 -1.210 -1.138 -1.061 -0.978 -0.889 -0.793 -0.689 -0.577 -0.456 
-0.326 -0.189 -0.051 0.073 0.161 0.205 0.214 0.198 0.165 0.124 
0.079 0.027 -0.031 -0.095 -0.162 -0.229 -0.297 -0.364 -0.432 -0.502 
-0.573 -0.645 -0.719 -0.794 -0.869 -0.942 -1.014 -1.084 -1.152 -1.216 
-1.278 -1.337 -1.392 -1.445 -1.495 -1.542 -1.586 -1.628 -1.666 -1.703 
-1.727 
-1.848 -1.895 -1.931 -1.965 -1.996 -2.024 -2.050 -2.073 -2.094 -2.112 
-2.128 -2.142 -2.153 -2.162 -2.169 -2.174 -2.177 -2.177 -2.175 -2.171 
-2.164 -2.156 -2.145 -2.132 -2.116 -2.098 -2.078 -2.055 -2.030 -2.002 
-1.971 -1.937 -1.900 -1.861 -1.817 -1.770 -1.720 -1.665 -1.606 -1.542 
-1.474 -1.399 -1.318 -1.230 -1.134 -1.029 -0.914 -0.786 -0.644 -0.485 
-0.309 -0.119 0.067 0.221 0.306 0.274 0.161 0.043 -0.061 -0.149 
-0.222 -0.281 -0.330 -0.368 -0.400 -0.426 -0.450 -0.473 -0.500 -0.532 
-0.571 -0.617 -0.671 -0.732 -0.798 -0.869 -0.945 -1.025 -1.106 -1.186 
-1.265 -1.341 -1.414 -1.482 -1.547 -1.607 -1.664 -1.717 -1.766 -1.812 
-1.836 
-1.786 -1.817 -1.864 -1.907 -1.947 -1.984 -2.018 -2.049 -2.077 -2.103 
-2.125 -2.145 -2.163 -2.178 -2.191 -2.201 -2.209 -2.214 -2.218 -2.218 
-2.217 -2.213 -2.207 -2.199 -2.188 -2.174 -2.158 -2.140 -2.119 -2.095 
-2.068 -2.039 -2.006 -1.970 -1.931 -1.889 -1.842 -1.792 -1.737 -1.677 
-1.612 -1.541 -1.464 -1.379 -1.286 -1.183 -1.069 -0.941 -0.796 -0.629 
-0.436 -0.210 0.045 0.289 0.445 0.424 0.250 0.040 -0.137 -0.273 
-0.378 -0.457 -0.517 -0.562 -0.593 -0.613 -0.623 -0.627 -0.625 -0.619 
-0.611 -0.604 -0.600 -0.605 -0.622 -0.657 -0.709 -0.776 -0.856 -0.943 
-1.033 -1.124 -1.212 -1.296 -1.377 -1.453 -1.524 -1.591 -1.654 -1.712 
-1.767 
-1.808 -1.855 -1.901 -1.943 -1.982 -2.018 -2.052 -2.082 -2.110 -2.136 
-2.158 -2.178 -2.196 -2.211 -2.224 -2.235 -2.243 -2.249 -2.252 -2.253 
-2.252 -2.249 -2.243 -2.235 -2.224 -2.211 -2.195 -2.177 -2.156 -2.132 
-2.106 -2.076 -2.044 -2.008 -1.968 -1.925 -1.878 -1.827 -1.771 -1.709 
-1.643 -1.570 -1.490 -1.401 -1.304 -1.195 -1.072 -0.933 -0.773 -0.586 
-0.368 -0.126 0.093 0.216 0.229 0.171 0.049 -0.150 -0.332 -0.471 
-0.576 -0.656 -0.717 -0.762 -0.794 -0.815 -0.826 -0.828 -0.824 -0.814 
-0.800 -0.786 -0.775 -0.772 -0.781 -0.805 -0.846 -0.902 -0.969 -1.045 
-1.125 -1.206 -1.286 -1.364 -1.438 -1.509 -1.576 -1.639 -1.699 -1.754 
-1.792 
-1.824 -1.841 -1.879 -1.915 -1.950 -1.983 -2.013 -2.042 -2.068 -2.092 
-2.114 -2.134 -2.152 -2.167 -2.181 -2.192 -2.202 -2.209 -2.213 -2.216 
-2.217 -2.215 -2.211 -2.205 -2.196 -2.185 -2.171 -2.155 -2.137 -2.115 
-2.091 -2.064 -2.034 -2.000 -1.963 -1.922 -1.877 -1.828 -1.773 -1.713 
-1.646 -1.572 -1.489 -1.396 -1.291 -1.173 -1.043 -0.909 -0.788 -0.693 
-0.599 -0.463 -0.278 -0.088 0.111 0.311 0.355 0.185 -0.061 -0.277 
-0.443 -0.570 -0.667 -0.740 -0.794 -0.831 -0.853 -0.864 -0.872 -0.886 
-0.913 -0.953 -0.997 -1.039 -1.079 -1.118 -1.158 -1.201 -1.246 -1.292 
-1.340 -1.388 -1.436 -1.484 -1.531 -1.579 -1.625 -1.671 -1.715 -1.759 
-1.808 
-2.057 -2.112 -2.146 -2.177 -2.206 -2.232 -2.255 -2.276 -2.295 -2.311 
-2.324 -2.336 -2.344 -2.351 -2.355 -2.357 -2.356 -2.353 -2.347 -2.339 
-2.329 -2.316 -2.300 -2.282 -2.261 -2.237 -2.210 -2.180 -2.147 -2.110 
-2.070 -2.026 -1.978 -1.926 -1.869 -1.807 -1.739 -1.665 -1.583 -1.494 
-1.396 -1.287 -1.167 -1.034 -0.886 -0.726 -0.561 -0.411 -0.306 -0.271 
-0.304 -0.374 -0.443 -0.475 -0.428 -0.289 -0.253 -0.422 -0.581 -0.679 
-0.734 -0.758 -0.759 -0.742 -0.709 -0.664 -0.612 -0.562 -0.527 -0.522 
-0.559 -0.634 -0.737 -0.852 -0.969 -1.082 -1.188 -1.287 -1.377 -1.461 
-1.538 -1.609 -1.675 -1.737 -1.795 -1.850 -1.901 -1.949 -1.994 -2.036 
-2.047 
-2.102 -2.137 -2.173 -2.206 -2.236 -2.263 -2.288 -2.310 -2.329 -2.346 
-2.360 -2.372 -2.381 -2.388 -2.392 -2.395 -2.394 -2.392 -2.387 -2.379 
-2.370 -2.357 -2.343 -2.325 -2.305 -2.283 -2.257 -2.229 -2.197 -2.162 
-2.124 -2.083 -2.038 -1.988 -1.935 -1.876 -1.813 -1.744 -1.669 -1.587 
-1.497 -1.399 -1.291 -1.172 -1.041 -0.899 -0.749 -0.601 -0.475 -0.397 
-0.377 -0.405 -0.464 -0.536 -0.613 -0.687 -0.754 -0.809 -0.852 -0.884 
-0.905 -0.914 -0.914 -0.904 -0.885 -0.858 -0.825 -0.790 -0.761 -0.745 
-0.751 -0.780 -0.829 -0.895 -0.974 -1.061 -1.152 -1.244 -1.333 -1.420 
-1.502 -1.581 -1.655 -1.724 -1.789 -1.850 -1.907 -1.960 -2.010 -2.056 
-2.089 
-2.071 -2.088 -2.127 -2.163 -2.196 -2.226 -2.254 -2.280 -2.302 -2.323 
-2.341 -2.356 -2.369 -2.380 -2.388 -2.394 -2.398 -2.399 -2.399 -2.395 
-2.390 -2.382 -2.371 -2.359 -2.343 -2.325 -2.305 -2.281 -2.255 -2.226 
-2.194 -2.158 -2.119 -2.077 -2.030 -1.979 -1.924 -1.864 -1.798 -1.726 
-1.647 -1.561 -1.466 -1.361 -1.247 -1.124 -0.998 -0.876 -0.768 -0.674 
-0.595 -0.533 -0.496 -0.496 -0.535 -0.600 -0.676 -0.751 -0.818 -0.875 
-0.921 -0.956 -0.980 -0.995 -1.001 -0.999 -0.991 -0.981 -0.974 -0.975 
-0.988 -1.012 -1.044 -1.082 -1.127 -1.176 -1.230 -1.289 -1.350 -1.414 
-1.479 -1.545 -1.610 -1.673 -1.734 -1.793 -1.850 -1.903 -1.954 -2.001 
-2.054 
-2.234 -2.296 -2.329 -2.360 -2.388 -2.413 -2.435 -2.455 -2.472 -2.487 
-2.499 -2.509 -2.516 -2.521 -2.523 -2.523 -2.521 -2.516 -2.509 -2.499 
-2.487 -2.472 -2.455 -2.435 -2.412 -2.387 -2.358 -2.326 -2.291 -2.253 
-2.210 -2.164 -2.114 -2.059 -2.000 -1.935 -1.864 -1.787 -1.702 -1.610 
-1.508 -1.396 -1.274 -1.140 -0.999 -0.856 -0.727 -0.632 -0.587 -0.585 
-0.604 -0.628 -0.661 -0.710 -0.772 -0.836 -0.894 -0.941 -0.976 -0.997 
-1.006 -1.002 -0.986 -0.959 -0.923 -0.880 -0.836 -0.800 -0.785 -0.801 
-0.850 -0.927 -1.020 -1.119 -1.215 -1.308 -1.396 -1.480 -1.560 -1.637 
-1.711 -1.781 -1.848 -1.912 -1.972 -2.028 -2.081 -2.131 -2.177 -2.220 
-2.225 
-2.133 -2.155 -2.192 -2.225 -2.257 -2.285 -2.311 -2.334 -2.356 -2.374 
-2.390 -2.404 -2.416 -2.425 -2.433 -2.437 -2.440 -2.440 -2.438 -2.434 
-2.427 -2.418 -2.407 -2.393 -2.376 -2.357 -2.336 -2.311 -2.284 -2.254 
-2.221 -2.184 -2.144 -2.100 -2.052 -2.000 -1.943 -1.882 -1.814 -1.740 
-1.660 -1.571 -1.474 -1.367 -1.250 -1.124 -0.992 -0.863 -0.741 -0.624 
-0.518 -0.445 -0.426 -0.464 -0.543 -0.639 -0.734 -0.818 -0.890 -0.948 
-0.994 -1.029 -1.054 -1.069 -1.076 -1.074 -1.068 -1.060 -1.057 -1.064 
-1.083 -1.111 -1.145 -1.184 -1.227 -1.275 -1.329 -1.387 -1.449 -1.512 
-1.577 -1.641 -1.703 -1.764 -1.823 -1.879 -1.932 -1.982 -2.030 -2.074 
-2.118 
-2.138 -2.152 -2.184 -2.213 -2.240 -2.266 -2.289 -2.311 -2.330 -2.348 
-2.364 -2.377 -2.389 -2.398 -2.405 -2.411 -2.414 -2.415 -2.415 -2.412 
-2.407 -2.399 -2.390 -2.378 -2.364 -2.348 -2.329 -2.307 -2.284 -2.257 
-2.227 -2.195 -2.160 -2.121 -2.079 -2.033 -1.983 -1.929 -1.870 -1.806 
-1.737 -1.662 -1.580 -1.490 -1.392 -1.285 -1.168 -1.040 -0.902 -0.758 
-0.616 -0.494 -0.415 -0.399 -0.447 -0.537 -0.642 -0.745 -0.837 -0.916 
-0.983 -1.040 -1.089 -1.130 -1.167 -1.199 -1.230 -1.260 -1.289 -1.318 
-1.346 -1.375 -1.405 -1.436 -1.470 -1.505 -1.544 -1.584 -1.626 -1.669 
-1.713 -1.757 -1.801 -1.845 -1.888 -1.930 -1.970 -2.010 -2.048 -2.084 
-2.125 
-2.351 -2.405 -2.434 -2.460 -2.484 -2.506 -2.526 -2.543 -2.559 -2.572 
-2.583 -2.592 -2.599 -2.604 -2.606 -2.607 -2.605 -2.601 -2.595 -2.587 
-2.576 -2.563 -2.548 -2.530 -2.510 -2.488 -2.463 -2.435 -2.405 -2.371 
-2.335 -2.295 -2.253 -2.206 -2.156 -2.102 -2.044 -1.981 -1.913 -1.840 
-1.762 -1.677 -1.586 -1.488 -1.383 -1.271 -1.154 -1.034 -0.916 -0.808 
-0.718 -0.652 -0.616 -0.615 -0.648 -0.700 -0.757 -0.809 -0.855 -0.893 
-0.925 -0.951 -0.973 -0.995 -1.018 -1.047 -1.082 -1.126 -1.178 -1.238 
-1.302 -1.371 -1.440 -1.510 -1.578 -1.645 -1.709 -1.771 -1.831 -1.888 
-1.943 -1.996 -2.047 -2.096 -2.142 -2.187 -2.229 -2.269 -2.306 -2.341 
-2.343 
-2.294 -2.318 -2.349 -2.378 -2.404 -2.429 -2.451 -2.471 -2.489 -2.505 
-2.519 -2.531 -2.540 -2.548 -2.553 -2.557 -2.558 -2.558 -2.555 -2.550 
-2.543 -2.533 -2.522 -2.508 -2.492 -2.474 -2.453 -2.430 -2.404 -2.376 
-2.345 -2.311 -2.274 -2.234 -2.191 -2.145 -2.095 -2.041 -1.984 -1.922 
-1.856 -1.785 -1.709 -1.628 -1.542 -1.451 -1.354 -1.254 -1.150 -1.048 
-0.952 -0.869 -0.806 -0.769 -0.764 -0.787 -0.831 -0.886 -0.942 -0.996 
-1.044 -1.088 -1.126 -1.160 -1.192 -1.222 -1.253 -1.286 -1.320 -1.356 
-1.393 -1.433 -1.474 -1.517 -1.561 -1.607 -1.654 -1.703 -1.752 -1.802 
-1.852 -1.901 -1.950 -1.998 -2.044 -2.089 -2.132 -2.174 -2.213 -2.250 
-2.282 
-2.235 -2.251 -2.278 -2.304 -2.327 -2.347 -2.366 -2.382 -2.397 -2.409 
-2.419 -2.427 -2.433 -2.437 -2.438 -2.438 -2.436 -2.431 -2.425 -2.416 
-2.405 -2.392 -2.377 -2.360 -2.340 -2.318 -2.293 -2.267 -2.237 -2.206 
-2.171 -2.134 -2.094 -2.051 -2.005 -1.956 -1.904 -1.848 -1.790 -1.728 
-1.663 -1.595 -1.524 -1.451 -1.375 -1.298 -1.220 -1.143 -1.070 -1.014 
-0.984 -0.971 -0.965 -0.965 -0.975 -0.994 -1.020 -1.047 -1.075 -1.101 
-1.124 -1.146 -1.166 -1.185 -1.205 -1.225 -1.247 -1.272 -1.300 -1.331 
-1.365 -1.403 -1.443 -1.485 -1.530 -1.576 -1.622 -1.669 -1.717 -1.765 
-1.813 -1.860 -1.907 -1.953 -1.997 -2.039 -2.080 -2.119 -2.155 -2.189 
-2.225 
-2.327 -2.364 -2.401 -2.436 -2.469 -2.498 -2.525 -2.550 -2.572 -2.591 
-2.608 -2.623 -2.635 -2.645 -2.653 -2.658 -2.661 -2.661 -2.659 -2.655 
-2.648 -2.639 -2.628 -2.614 -2.598 -2.579 -2.557 -2.533 -2.505 -2.475 
-2.442 -2.405 -2.365 -2.322 -2.275 -2.223 -2.167 -2.106 -2.040 -1.968 
-1.890 -1.804 -1.709 -1.604 -1.488 -1.359 -1.219 -1.076 -0.954 -0.885 
-0.889 -0.953 -1.041 -1.130 -1.209 -1.279 -1.339 -1.392 -1.438 -1.478 
-1.512 -1.542 -1.567 -1.588 -1.607 -1.623 -1.637 -1.649 -1.661 -1.671 
-1.680 -1.689 -1.697 -1.705 -1.714 -1.725 -1.739 -1.758 -1.783 -1.814 
-1.851 -1.893 -1.940 -1.989 -2.039 -2.090 -2.140 -2.189 -2.236 -2.281 
-2.312 
-2.380 -2.413 -2.444 -2.474 -2.501 -2.526 -2.549 -2.570 -2.589 -2.606 
-2.620 -2.633 -2.643 -2.651 -2.658 -2.662 -2.664 -2.664 -2.662 -2.658 
-2.652 -2.643 -2.633 -2.620 -2.605 -2.587 -2.568 -2.545 -2.521 -2.493 
-2.463 -2.430 -2.394 -2.355 -2.313 -2.267 -2.218 -2.164 -2.107 -2.045 
-1.978 -1.906 -1.829 -1.745 -1.654 -1.556 -1.451 -1.341 -1.234 -1.146 
-1.088 -1.049 -1.021 -1.011 -1.028 -1.070 -1.125 -1.184 -1.242 -1.295 
-1.344 -1.387 -1.426 -1.460 -1.491 -1.518 -1.543 -1.567 -1.589 -1.610 
-1.632 -1.655 -1.679 -1.704 -1.733 -1.763 -1.797 -1.833 -1.872 -1.913 
-1.956 -2.001 -2.046 -2.092 -2.137 -2.181 -2.224 -2.266 -2.306 -2.343 
-2.370 
-2.392 -2.414 -2.452 -2.486 -2.519 -2.549 -2.576 -2.601 -2.624 -2.644 
-2.662 -2.678 -2.692 -2.703 -2.712 -2.719 -2.724 -2.727 -2.727 -2.725 
-2.721 -2.715 -2.706 -2.695 -2.682 -2.666 -2.648 -2.627 -2.604 -2.578 
-2.549 -2.517 -2.482 -2.444 -2.402 -2.357 -2.308 -2.255 -2.197 -2.134 
-2.066 -1.992 -1.911 -1.822 -1.725 -1.619 -1.504 -1.382 -1.259 -1.142 
-1.030 -0.922 -0.828 -0.774 -0.775 -0.826 -0.907 -0.996 -1.082 -1.158 
-1.224 -1.280 -1.326 -1.363 -1.394 -1.417 -1.436 -1.449 -1.459 -1.466 
-1.473 -1.480 -1.492 -1.511 -1.539 -1.578 -1.625 -1.677 -1.733 -1.791 
-1.851 -1.910 -1.969 -2.026 -2.083 -2.137 -2.189 -2.239 -2.287 -2.332 
-2.377 
-2.551 -2.593 -2.633 -2.669 -2.703 -2.733 -2.761 -2.786 -2.808 -2.827 
-2.844 -2.858 -2.870 -2.879 -2.886 -2.890 -2.892 -2.892 -2.889 -2.883 
-2.876 -2.865 -2.852 -2.837 -2.819 -2.798 -2.774 -2.748 -2.718 -2.685 
-2.649 -2.609 -2.566 -2.519 -2.467 -2.411 -2.350 -2.283 -2.210 -2.131 
-2.045 -1.950 -1.846 -1.732 -1.608 -1.474 -1.334 -1.200 -1.092 -1.032 
-1.027 -1.058 -1.098 -1.140 -1.193 -1.261 -1.335 -1.403 -1.462 -1.508 
-1.543 -1.566 -1.580 -1.583 -1.578 -1.563 -1.540 -1.509 -1.471 -1.430 
-1.388 -1.353 -1.334 -1.339 -1.372 -1.431 -1.511 -1.602 -1.697 -1.793 
-1.886 -1.974 -2.057 -2.135 -2.207 -2.275 -2.339 -2.397 -2.452 -2.503 
-2.536 
-2.684 -2.732 -2.770 -2.805 -2.836 -2.864 -2.890 -2.913 -2.932 -2.949 
-2.964 -2.976 -2.985 -2.992 -2.996 -2.998 -2.998 -2.995 -2.989 -2.981 
-2.971 -2.958 -2.942 -2.924 -2.903 -2.880 -2.853 -2.824 -2.792 -2.756 
-2.718 -2.675 -2.630 -2.580 -2.527 -2.470 -2.408 -2.343 -2.272 -2.198 
-2.119 -2.036 -1.950 -1.863 -1.774 -1.688 -1.606 -1.534 -1.482 -1.462 
-1.481 -1.529 -1.587 -1.643 -1.693 -1.735 -1.769 -1.794 -1.812 -1.822 
-1.824 -1.818 -1.805 -1.783 -1.754 -1.716 -1.670 -1.617 -1.557 -1.494 
-1.435 -1.389 -1.367 -1.381 -1.431 -1.510 -1.608 -1.713 -1.820 -1.923 
-2.021 -2.113 -2.199 -2.278 -2.352 -2.420 -2.483 -2.542 -2.595 -2.645 
-2.671 
-2.652 -2.676 -2.714 -2.750 -2.782 -2.811 -2.837 -2.860 -2.880 -2.898 
-2.913 -2.926 -2.936 -2.944 -2.949 -2.951 -2.951 -2.949 -2.944 -2.937 
-2.927 -2.915 -2.900 -2.882 -2.862 -2.838 -2.812 -2.783 -2.751 -2.715 
-2.676 -2.633 -2.586 -2.535 -2.480 -2.419 -2.354 -2.283 -2.207 -2.123 
-2.034 -1.937 -1.834 -1.727 -1.617 -1.513 -1.422 -1.354 -1.313 -1.300 
-1.312 -1.356 -1.423 -1.499 -1.570 -1.632 -1.684 -1.727 -1.760 -1.785 
-1.801 -1.810 -1.811 -1.805 -1.793 -1.774 -1.749 -1.720 -1.686 -1.650 
-1.615 -1.587 -1.571 -1.575 -1.600 -1.644 -1.702 -1.772 -1.848 -1.928 
-2.008 -2.087 -2.164 -2.236 -2.305 -2.370 -2.431 -2.488 -2.540 -2.589 
-2.636 
-2.704 -2.743 -2.782 -2.817 -2.849 -2.878 -2.905 -2.928 -2.950 -2.968 
-2.985 -2.998 -3.009 -3.018 -3.025 -3.029 -3.030 -3.030 -3.026 -3.021 
-3.013 -3.002 -2.989 -2.974 -2.956 -2.935 -2.911 -2.885 -2.855 -2.823 
-2.787 -2.747 -2.704 -2.657 -2.606 -2.550 -2.490 -2.424 -2.352 -2.274 
-2.188 -2.095 -1.993 -1.882 -1.761 -1.631 -1.495 -1.355 -1.220 -1.108 
-1.047 -1.053 -1.118 -1.215 -1.316 -1.410 -1.491 -1.559 -1.615 -1.658 
-1.692 -1.716 -1.731 -1.739 -1.740 -1.735 -1.724 -1.710 -1.694 -1.679 
-1.667 -1.661 -1.666 -1.684 -1.716 -1.762 -1.819 -1.885 -1.957 -2.031 
-2.105 -2.179 -2.250 -2.319 -2.384 -2.446 -2.504 -2.559 -2.610 -2.658 
-2.690 
-2.772 -2.790 -2.828 -2.863 -2.895 -2.925 -2.951 -2.976 -2.998 -3.017 
-3.034 -3.048 -3.060 -3.070 -3.077 -3.082 -3.085 -3.085 -3.083 -3.078 
-3.071 -3.062 -3.050 -3.035 -3.018 -2.998 -2.976 -2.950 -2.921 -2.890 
-2.855 -2.816 -2.774 -2.728 -2.678 -2.623 -2.563 -2.498 -2.427 -2.349 
-2.264 -2.171 -2.068 -1.955 -1.832 -1.697 -1.556 -1.425 -1.331 -1.281 
-1.271 -1.308 -1.382 -1.472 -1.562 -1.645 -1.718 -1.781 -1.833 -1.876 
-1.911 -1.938 -1.957 -1.970 -1.977 -1.978 -1.974 -1.965 -1.954 -1.941 
-1.927 -1.917 -1.914 -1.922 -1.942 -1.974 -2.014 -2.061 -2.112 -2.166 
-2.222 -2.280 -2.339 -2.396 -2.453 -2.509 -2.562 -2.613 -2.661 -2.707 
-2.756 
-2.957 -3.045 -3.086 -3.124 -3.159 -3.191 -3.219 -3.245 -3.268 -3.288 
-3.306 -3.320 -3.333 -3.342 -3.349 -3.354 -3.356 -3.355 -3.352 -3.347 
-3.338 -3.328 -3.314 -3.298 -3.279 -3.257 -3.232 -3.204 -3.172 -3.138 
-3.099 -3.057 -3.010 -2.959 -2.903 -2.841 -2.773 -2.699 -2.616 -2.525 
-2.423 -2.309 -2.179 -2.030 -1.861 -1.672 -1.484 -1.344 -1.304 -1.358 
-1.453 -1.555 -1.659 -1.761 -1.856 -1.938 -2.007 -2.064 -2.109 -2.144 
-2.168 -2.183 -2.189 -2.186 -2.174 -2.154 -2.125 -2.089 -2.044 -1.995 
-1.946 -1.904 -1.879 -1.881 -1.913 -1.971 -2.044 -2.124 -2.205 -2.284 
-2.362 -2.439 -2.513 -2.585 -2.655 -2.722 -2.785 -2.844 -2.900 -2.952 
-2.948 
-2.743 -2.766 -2.814 -2.859 -2.900 -2.938 -2.972 -3.004 -3.033 -3.058 
-3.081 -3.102 -3.119 -3.134 -3.146 -3.156 -3.163 -3.168 -3.170 -3.169 
-3.167 -3.161 -3.153 -3.142 -3.129 -3.113 -3.094 -3.073 -3.048 -3.020 
-2.989 -2.955 -2.917 -2.875 -2.829 -2.778 -2.723 -2.663 -2.597 -2.524 
-2.444 -2.356 -2.259 -2.150 -2.028 -1.892 -1.744 -1.602 -1.494 -1.420 
-1.373 -1.371 -1.422 -1.508 -1.606 -1.702 -1.788 -1.863 -1.927 -1.980 
-2.022 -2.056 -2.081 -2.099 -2.109 -2.112 -2.109 -2.099 -2.084 -2.063 
-2.040 -2.015 -1.992 -1.976 -1.968 -1.968 -1.974 -1.988 -2.011 -2.045 
-2.091 -2.145 -2.207 -2.273 -2.341 -2.409 -2.476 -2.540 -2.602 -2.660 
-2.721 
-2.709 -2.750 -2.791 -2.829 -2.864 -2.896 -2.926 -2.952 -2.976 -2.998 
-3.017 -3.033 -3.047 -3.058 -3.067 -3.074 -3.078 -3.080 -3.079 -3.076 
-3.071 -3.063 -3.052 -3.040 -3.024 -3.006 -2.985 -2.962 -2.936 -2.906 
-2.874 -2.838 -2.799 -2.756 -2.710 -2.659 -2.604 -2.545 -2.480 -2.411 
-2.335 -2.254 -2.167 -2.074 -1.975 -1.873 -1.771 -1.673 -1.586 -1.518 
-1.478 -1.472 -1.498 -1.546 -1.607 -1.671 -1.732 -1.788 -1.836 -1.877 
-1.911 -1.938 -1.958 -1.972 -1.980 -1.983 -1.982 -1.977 -1.969 -1.960 
-1.949 -1.941 -1.935 -1.933 -1.939 -1.952 -1.973 -2.003 -2.042 -2.088 
-2.141 -2.199 -2.259 -2.321 -2.382 -2.442 -2.501 -2.556 -2.609 -2.659 
-2.696 
-2.727 -2.754 -2.799 -2.840 -2.879 -2.915 -2.948 -2.978 -3.005 -3.030 
-3.052 -3.071 -3.088 -3.102 -3.114 -3.124 -3.130 -3.135 -3.137 -3.137 
-3.134 -3.129 -3.122 -3.112 -3.099 -3.084 -3.066 -3.045 -3.022 -2.996 
-2.967 -2.934 -2.899 -2.859 -2.816 -2.770 -2.719 -2.663 -2.603 -2.537 
-2.466 -2.389 -2.306 -2.215 -2.119 -2.017 -1.910 -1.804 -1.703 -1.612 
-1.536 -1.482 -1.459 -1.470 -1.512 -1.574 -1.643 -1.711 -1.774 -1.829 
-1.875 -1.914 -1.945 -1.969 -1.986 -1.997 -2.003 -2.004 -2.002 -1.996 
-1.989 -1.980 -1.973 -1.967 -1.965 -1.969 -1.981 -2.001 -2.032 -2.071 
-2.120 -2.175 -2.234 -2.296 -2.360 -2.423 -2.484 -2.544 -2.601 -2.655 
-2.708 
-2.878 -2.929 -2.963 -2.995 -3.023 -3.050 -3.073 -3.094 -3.113 -3.129 
-3.143 -3.154 -3.163 -3.170 -3.174 -3.176 -3.176 -3.173 -3.168 -3.161 
-3.151 -3.139 -3.125 -3.108 -3.088 -3.066 -3.041 -3.013 -2.982 -2.948 
-2.911 -2.871 -2.827 -2.779 -2.727 -2.670 -2.609 -2.543 -2.472 -2.395 
-2.311 -2.222 -2.125 -2.023 -1.915 -1.806 -1.700 -1.607 -1.536 -1.495 
-1.486 -1.503 -1.539 -1.588 -1.645 -1.704 -1.759 -1.809 -1.851 -1.887 
-1.916 -1.938 -1.955 -1.967 -1.976 -1.981 -1.985 -1.988 -1.993 -2.000 
-2.011 -2.026 -2.047 -2.074 -2.106 -2.144 -2.186 -2.231 -2.281 -2.334 
-2.389 -2.445 -2.502 -2.558 -2.613 -2.666 -2.717 -2.765 -2.810 -2.853 
-2.869 
-2.858 -2.880 -2.912 -2.941 -2.967 -2.991 -3.013 -3.032 -3.049 -3.064 
-3.076 -3.086 -3.094 -3.099 -3.103 -3.104 -3.102 -3.099 -3.093 -3.085 
-3.075 -3.062 -3.047 -3.029 -3.009 -2.987 -2.961 -2.933 -2.902 -2.868 
-2.831 -2.790 -2.746 -2.699 -2.648 -2.592 -2.532 -2.468 -2.398 -2.324 
-2.244 -2.158 -2.067 -1.972 -1.872 -1.772 -1.676 -1.590 -1.523 -1.482 
-1.472 -1.487 -1.522 -1.568 -1.619 -1.668 -1.714 -1.755 -1.790 -1.819 
-1.842 -1.860 -1.873 -1.883 -1.889 -1.893 -1.896 -1.899 -1.904 -1.913 
-1.926 -1.946 -1.972 -2.005 -2.045 -2.090 -2.141 -2.195 -2.251 -2.309 
-2.367 -2.424 -2.480 -2.534 -2.586 -2.636 -2.683 -2.728 -2.770 -2.809 
-2.846 
-2.859 -2.887 -2.921 -2.953 -2.982 -3.008 -3.032 -3.053 -3.072 -3.088 
-3.103 -3.114 -3.124 -3.131 -3.136 -3.138 -3.138 -3.136 -3.132 -3.125 
-3.116 -3.104 -3.091 -3.074 -3.055 -3.034 -3.010 -2.983 -2.953 -2.920 
-2.885 -2.846 -2.804 -2.758 -2.709 -2.656 -2.599 -2.539 -2.474 -2.405 
-2.332 -2.256 -2.176 -2.095 -2.013 -1.934 -1.862 -1.800 -1.755 -1.730 
-1.726 -1.741 -1.769 -1.806 -1.846 -1.885 -1.921 -1.953 -1.980 -2.003 
-2.020 -2.033 -2.041 -2.044 -2.044 -2.042 -2.037 -2.031 -2.026 -2.022 
-2.022 -2.026 -2.036 -2.053 -2.078 -2.109 -2.148 -2.192 -2.242 -2.295 
-2.351 -2.407 -2.464 -2.520 -2.574 -2.626 -2.676 -2.724 -2.768 -2.811 
-2.845 
-2.900 -2.928 -2.957 -2.984 -3.009 -3.031 -3.050 -3.068 -3.082 -3.095 
-3.105 -3.113 -3.119 -3.122 -3.124 -3.123 -3.119 -3.114 -3.106 -3.096 
-3.084 -3.070 -3.053 -3.034 -3.012 -2.988 -2.962 -2.932 -2.901 -2.866 
-2.829 -2.789 -2.746 -2.700 -2.651 -2.599 -2.545 -2.487 -2.427 -2.366 
-2.302 -2.238 -2.175 -2.113 -2.056 -2.005 -1.962 -1.929 -1.908 -1.897 
-1.896 -1.904 -1.916 -1.931 -1.946 -1.960 -1.971 -1.980 -1.984 -1.986 
-1.984 -1.978 -1.970 -1.960 -1.949 -1.938 -1.928 -1.922 -1.920 -1.925 
-1.937 -1.958 -1.988 -2.027 -2.073 -2.125 -2.181 -2.240 -2.301 -2.362 
-2.422 -2.481 -2.537 -2.592 -2.644 -2.693 -2.739 -2.782 -2.823 -2.860 
-2.889 
-2.962 -2.979 -3.005 -3.029 -3.050 -3.069 -3.086 -3.100 -3.112 -3.122 
-3.130 -3.136 -3.140 -3.142 -3.142 -3.140 -3.135 -3.129 -3.121 -3.110 
-3.098 -3.084 -3.067 -3.048 -3.028 -3.005 -2.980 -2.953 -2.923 -2.892 
-2.858 -2.822 -2.784 -2.744 -2.702 -2.657 -2.611 -2.562 -2.512 -2.461 
-2.408 -2.354 -2.299 -2.244 -2.189 -2.135 -2.085 -2.040 -2.006 -1.984 
-1.974 -1.971 -1.971 -1.970 -1.968 -1.963 -1.956 -1.947 -1.936 -1.922 
-1.908 -1.892 -1.876 -1.862 -1.851 -1.844 -1.843 -1.851 -1.866 -1.891 
-1.924 -1.966 -2.016 -2.073 -2.134 -2.198 -2.264 -2.330 -2.394 -2.456 
-2.515 -2.572 -2.626 -2.677 -2.724 -2.769 -2.811 -2.850 -2.886 -2.920 
-2.953 
-3.103 -3.149 -3.182 -3.212 -3.240 -3.264 -3.286 -3.306 -3.322 -3.337 
-3.349 -3.358 -3.366 -3.371 -3.373 -3.374 -3.372 -3.367 -3.361 -3.352 
-3.340 -3.327 -3.311 -3.292 -3.271 -3.247 -3.221 -3.192 -3.160 -3.125 
-3.087 -3.046 -3.001 -2.953 -2.900 -2.844 -2.783 -2.717 -2.646 -2.570 
-2.486 -2.397 -2.300 -2.197 -2.089 -1.980 -1.877 -1.792 -1.738 -1.721 
-1.741 -1.784 -1.838 -1.894 -1.946 -1.990 -2.027 -2.055 -2.075 -2.088 
-2.093 -2.093 -2.087 -2.076 -2.062 -2.045 -2.027 -2.010 -1.995 -1.986 
-1.986 -1.998 -2.026 -2.069 -2.125 -2.191 -2.264 -2.339 -2.416 -2.492 
-2.565 -2.636 -2.704 -2.768 -2.828 -2.884 -2.937 -2.986 -3.032 -3.074 
-3.092 
-3.079 -3.104 -3.142 -3.177 -3.209 -3.239 -3.265 -3.289 -3.310 -3.328 
-3.344 -3.357 -3.368 -3.376 -3.382 -3.385 -3.386 -3.384 -3.380 -3.374 
-3.365 -3.353 -3.339 -3.322 -3.302 -3.279 -3.253 -3.225 -3.193 -3.158 
-3.119 -3.076 -3.029 -2.978 -2.922 -2.860 -2.793 -2.720 -2.639 -2.550 
-2.452 -2.343 -2.223 -2.091 -1.952 -1.823 -1.728 -1.667 -1.636 -1.642 
-1.687 -1.759 -1.843 -1.926 -2.002 -2.070 -2.128 -2.176 -2.216 -2.247 
-2.270 -2.286 -2.295 -2.297 -2.294 -2.286 -2.273 -2.256 -2.238 -2.219 
-2.203 -2.192 -2.188 -2.193 -2.208 -2.233 -2.269 -2.315 -2.368 -2.428 
-2.492 -2.557 -2.622 -2.687 -2.749 -2.809 -2.866 -2.920 -2.971 -3.019 
-3.063 
-3.129 -3.158 -3.195 -3.228 -3.258 -3.285 -3.310 -3.331 -3.350 -3.365 
-3.378 -3.389 -3.397 -3.402 -3.405 -3.405 -3.402 -3.397 -3.389 -3.378 
-3.365 -3.349 -3.330 -3.308 -3.283 -3.255 -3.223 -3.188 -3.149 -3.106 
-3.059 -3.007 -2.950 -2.888 -2.820 -2.745 -2.663 -2.573 -2.473 -2.364 
-2.243 -2.109 -1.961 -1.803 -1.651 -1.542 -1.514 -1.569 -1.670 -1.781 
-1.890 -1.990 -2.080 -2.159 -2.225 -2.281 -2.326 -2.362 -2.391 -2.411 
-2.425 -2.433 -2.435 -2.432 -2.424 -2.413 -2.397 -2.378 -2.357 -2.334 
-2.310 -2.288 -2.270 -2.260 -2.261 -2.276 -2.305 -2.349 -2.403 -2.466 
-2.533 -2.603 -2.672 -2.739 -2.803 -2.865 -2.923 -2.977 -3.028 -3.075 
-3.115 
-3.212 -3.260 -3.286 -3.310 -3.331 -3.349 -3.365 -3.378 -3.389 -3.397 
-3.403 -3.406 -3.406 -3.405 -3.400 -3.394 -3.384 -3.373 -3.358 -3.341 
-3.322 -3.299 -3.274 -3.246 -3.214 -3.180 -3.142 -3.100 -3.055 -3.006 
-2.953 -2.895 -2.832 -2.765 -2.692 -2.615 -2.531 -2.443 -2.351 -2.257 
-2.163 -2.074 -1.994 -1.925 -1.867 -1.829 -1.830 -1.874 -1.937 -2.003 
-2.066 -2.123 -2.174 -2.217 -2.254 -2.284 -2.307 -2.325 -2.337 -2.345 
-2.348 -2.349 -2.347 -2.344 -2.341 -2.339 -2.340 -2.344 -2.352 -2.364 
-2.379 -2.398 -2.420 -2.445 -2.475 -2.510 -2.552 -2.601 -2.654 -2.711 
-2.769 -2.827 -2.883 -2.937 -2.988 -3.036 -3.082 -3.123 -3.162 -3.198 
-3.206 
-3.047 -3.076 -3.112 -3.145 -3.175 -3.203 -3.228 -3.250 -3.269 -3.286 
-3.301 -3.313 -3.323 -3.330 -3.335 -3.337 -3.337 -3.335 -3.330 -3.323 
-3.313 -3.300 -3.285 -3.268 -3.247 -3.224 -3.198 -3.168 -3.136 -3.100 
-3.060 -3.017 -2.969 -2.918 -2.861 -2.800 -2.734 -2.662 -2.585 -2.503 
-2.417 -2.328 -2.240 -2.154 -2.073 -2.002 -1.946 -1.912 -1.906 -1.927 
-1.967 -2.018 -2.072 -2.124 -2.170 -2.211 -2.245 -2.272 -2.294 -2.311 
-2.322 -2.329 -2.332 -2.331 -2.327 -2.320 -2.310 -2.299 -2.287 -2.274 
-2.262 -2.252 -2.246 -2.246 -2.254 -2.272 -2.300 -2.339 -2.386 -2.441 
-2.499 -2.560 -2.621 -2.682 -2.741 -2.797 -2.851 -2.902 -2.950 -2.995 
-3.033 
-2.983 -2.993 -3.026 -3.056 -3.084 -3.111 -3.135 -3.156 -3.176 -3.194 
-3.209 -3.223 -3.235 -3.244 -3.251 -3.257 -3.260 -3.262 -3.261 -3.259 
-3.254 -3.247 -3.238 -3.227 -3.214 -3.199 -3.182 -3.162 -3.140 -3.115 
-3.088 -3.058 -3.025 -2.990 -2.952 -2.910 -2.866 -2.819 -2.770 -2.718 
-2.665 -2.612 -2.559 -2.506 -2.454 -2.404 -2.359 -2.324 -2.302 -2.292 
-2.288 -2.285 -2.282 -2.278 -2.272 -2.266 -2.260 -2.254 -2.248 -2.242 
-2.237 -2.231 -2.225 -2.219 -2.212 -2.205 -2.197 -2.189 -2.182 -2.177 
-2.176 -2.180 -2.193 -2.215 -2.244 -2.279 -2.318 -2.362 -2.408 -2.457 
-2.507 -2.557 -2.608 -2.657 -2.705 -2.752 -2.797 -2.841 -2.882 -2.921 
-2.970 
-3.244 -3.296 -3.327 -3.354 -3.379 -3.401 -3.421 -3.437 -3.452 -3.463 
-3.472 -3.479 -3.483 -3.485 -3.484 -3.481 -3.475 -3.467 -3.456 -3.442 
-3.426 -3.407 -3.385 -3.360 -3.332 -3.300 -3.266 -3.228 -3.186 -3.140 
-3.090 -3.036 -2.977 -2.914 -2.845 -2.772 -2.694 -2.613 -2.531 -2.453 
-2.390 -2.350 -2.337 -2.341 -2.357 -2.381 -2.408 -2.437 -2.466 -2.492 
-2.515 -2.534 -2.548 -2.558 -2.564 -2.567 -2.566 -2.561 -2.553 -2.541 
-2.525 -2.505 -2.479 -2.449 -2.413 -2.372 -2.326 -2.276 -2.226 -2.181 
-2.149 -2.135 -2.147 -2.185 -2.246 -2.322 -2.407 -2.493 -2.578 -2.659 
-2.735 -2.807 -2.873 -2.936 -2.994 -3.047 -3.097 -3.144 -3.187 -3.226 
-3.235 
-3.329 -3.376 -3.409 -3.439 -3.465 -3.488 -3.509 -3.526 -3.540 -3.551 
-3.560 -3.565 -3.568 -3.568 -3.566 -3.560 -3.552 -3.540 -3.526 -3.508 
-3.488 -3.464 -3.437 -3.406 -3.372 -3.333 -3.290 -3.243 -3.191 -3.133 
-3.069 -2.999 -2.921 -2.836 -2.741 -2.638 -2.525 -2.406 -2.287 -2.182 
-2.108 -2.081 -2.103 -2.154 -2.213 -2.259 -2.286 -2.302 -2.324 -2.367 
-2.426 -2.490 -2.550 -2.603 -2.645 -2.679 -2.704 -2.720 -2.729 -2.730 
-2.724 -2.711 -2.691 -2.663 -2.628 -2.586 -2.537 -2.481 -2.421 -2.359 
-2.301 -2.253 -2.226 -2.225 -2.255 -2.312 -2.388 -2.475 -2.565 -2.653 
-2.739 -2.820 -2.896 -2.968 -3.034 -3.096 -3.153 -3.206 -3.254 -3.299 
-3.318 
-3.194 -3.209 -3.248 -3.284 -3.316 -3.346 -3.373 -3.397 -3.419 -3.437 
-3.453 -3.467 -3.477 -3.486 -3.491 -3.494 -3.495 -3.493 -3.488 -3.481 
-3.471 -3.458 -3.443 -3.424 -3.403 -3.378 -3.350 -3.319 -3.284 -3.245 
-3.202 -3.154 -3.101 -3.042 -2.977 -2.905 -2.825 -2.737 -2.643 -2.548 
-2.459 -2.383 -2.312 -2.232 -2.135 -2.028 -1.926 -1.849 -1.816 -1.832 
-1.889 -1.969 -2.055 -2.138 -2.214 -2.281 -2.338 -2.385 -2.425 -2.456 
-2.480 -2.496 -2.507 -2.511 -2.509 -2.502 -2.490 -2.474 -2.453 -2.430 
-2.405 -2.382 -2.364 -2.355 -2.358 -2.375 -2.402 -2.440 -2.486 -2.539 
-2.598 -2.660 -2.723 -2.786 -2.849 -2.909 -2.967 -3.021 -3.073 -3.122 
-3.176 
-3.309 -3.350 -3.384 -3.416 -3.446 -3.472 -3.496 -3.517 -3.536 -3.552 
-3.566 -3.577 -3.586 -3.593 -3.597 -3.599 -3.598 -3.595 -3.590 -3.582 
-3.571 -3.559 -3.543 -3.525 -3.504 -3.481 -3.454 -3.425 -3.392 -3.356 
-3.317 -3.273 -3.226 -3.174 -3.118 -3.057 -2.990 -2.917 -2.837 -2.749 
-2.653 -2.548 -2.436 -2.320 -2.209 -2.107 -2.013 -1.931 -1.878 -1.864 
-1.890 -1.945 -2.016 -2.091 -2.162 -2.227 -2.284 -2.332 -2.372 -2.405 
-2.431 -2.450 -2.463 -2.472 -2.476 -2.477 -2.475 -2.471 -2.468 -2.466 
-2.466 -2.471 -2.480 -2.494 -2.515 -2.542 -2.576 -2.618 -2.667 -2.722 
-2.781 -2.842 -2.904 -2.964 -3.022 -3.078 -3.131 -3.181 -3.227 -3.271 
-3.298 
-3.396 -3.434 -3.475 -3.513 -3.547 -3.578 -3.606 -3.630 -3.652 -3.670 
-3.686 -3.698 -3.709 -3.716 -3.720 -3.722 -3.722 -3.718 -3.712 -3.703 
-3.691 -3.676 -3.659 -3.638 -3.614 -3.587 -3.556 -3.522 -3.484 -3.442 
-3.395 -3.343 -3.286 -3.224 -3.155 -3.078 -2.993 -2.899 -2.795 -2.679 
-2.553 -2.417 -2.283 -2.167 -2.095 -2.080 -2.111 -2.162 -2.213 -2.265 
-2.325 -2.394 -2.467 -2.537 -2.601 -2.657 -2.704 -2.743 -2.775 -2.799 
-2.817 -2.828 -2.833 -2.833 -2.828 -2.817 -2.803 -2.784 -2.761 -2.735 
-2.707 -2.676 -2.644 -2.614 -2.587 -2.570 -2.566 -2.581 -2.615 -2.666 
-2.731 -2.803 -2.879 -2.955 -3.029 -3.100 -3.166 -3.228 -3.286 -3.340 
-3.372 
