IRGRID 64 91
1e+308

0.025 0.03 0.035 0.04 0.045 0.05 0.055 0.06 0.065 0.07
0.075 0.08 0.085 0.09 0.095 0.1 0.11 0.12 0.13 0.14
0.15 0.16 0.17 0.18 0.19 0.2 0.21 0.22 0.23 0.24
0.25 0.26 0.27 0.28 0.29 0.3 0.31 0.32 0.33 0.34
0.35 0.36 0.37 0.38 0.39 0.4 0.41 0.42 0.43 0.44
0.45 0.46 0.47 0.48 0.49 0.5 0.51 0.52 0.53 0.54
0.55 0.56 0.57 0.58
0 4 8 12 16 20 24 28 32 36
40 44 48 52 56 60 64 68 72 76
80 84 88 92 96 100 104 108 112 116
120 124 128 132 136 140 144 148 152 156
160 164 168 172 176 180 184 188 192 196
200 204 208 212 216 220 224 228 232 236
240 244 248 252 256 260 264 268 272 276
280 284 288 292 296 300 304 308 312 316
320 324 328 332 336 340 344 348 352 356
360
-4.000 -4.000 -4.000 -4.000 -4.000 -4.000 -3.992 -3.957 -3.930 -3.916 
-3.914 -3.927 -3.952 -3.987 -4.000 -4.000 -4.000 -4.000 -4.000 -4.000 
-4.000 -4.000 -4.000 -4.000 -4.000 -4.000 -4.000 -4.000 -4.000 -4.000 
-4.000 -4.000 -4.000 -4.000 -4.000 -4.000 -4.000 -4.000 -4.000 -4.000 
-4.000 -4.000 -4.000 -4.000 -4.000 -4.000 -4.000 -4.000 -4.000 -3.993 
-3.928 -3.865 -3.808 -3.761 -3.730 -3.718 -3.727 -3.756 -3.800 -3.855 
-3.917 -3.981 -4.000 -4.000 -4.000 -4.000 -4.000 -4.000 -4.000 -4.000 
-4.000 -4.000 -4.000 -4.000 -4.000 -4.000 -4.000 -4.000 -4.000 -4.000 
-4.000 -4.000 -4.000 -4.000 -4.000 -4.000 -4.000 -4.000 -4.000 -4.000 
-4.000 
-3.844 -3.798 -3.745 -3.686 -3.622 -3.550 -3.473 -3.401 -3.360 -3.374 
-3.429 -3.495 -3.558 -3.616 -3.670 -3.723 -3.772 -3.820 -3.865 -3.907 
-3.946 -3.981 -4.000 -4.000 -4.000 -4.000 -4.000 -4.000 -4.000 -4.000 
-4.000 -4.000 -4.000 -4.000 -4.000 -4.000 -4.000 -4.000 -4.000 -4.000 
-4.000 -3.983 -3.944 -3.901 -3.853 -3.800 -3.742 -3.680 -3.613 -3.542 
-3.469 -3.393 -3.311 -3.213 -3.059 -2.774 -2.629 -2.960 -3.207 -3.363 
-3.476 -3.568 -3.647 -3.717 -3.779 -3.834 -3.884 -3.928 -3.967 -4.000 
-4.000 -4.000 -4.000 -4.000 -4.000 -4.000 -4.000 -4.000 -4.000 -4.000 
-4.000 -4.000 -4.000 -4.000 -4.000 -4.000 -3.999 -3.967 -3.931 -3.891 
-3.857 
-3.266 -3.252 -3.156 -3.054 -2.952 -2.857 -2.779 -2.727 -2.717 -2.768 
-2.871 -3.000 -3.130 -3.249 -3.355 -3.449 -3.532 -3.606 -3.671 -3.729 
-3.781 -3.826 -3.867 -3.902 -3.933 -3.959 -3.982 -4.000 -4.000 -4.000 
-4.000 -4.000 -4.000 -4.000 -4.000 -4.000 -3.998 -3.980 -3.957 -3.930 
-3.899 -3.863 -3.821 -3.775 -3.722 -3.663 -3.596 -3.520 -3.434 -3.337 
-3.224 -3.090 -2.925 -2.709 -2.401 -2.081 -1.969 -2.214 -2.539 -2.778 
-2.952 -3.092 -3.209 -3.309 -3.395 -3.469 -3.534 -3.590 -3.639 -3.681 
-3.716 -3.746 -3.771 -3.790 -3.804 -3.814 -3.819 -3.819 -3.815 -3.806 
-3.793 -3.774 -3.751 -3.722 -3.688 -3.648 -3.601 -3.548 -3.486 -3.417 
-3.277 
-2.741 -2.648 -2.558 -2.468 -2.387 -2.330 -2.311 -2.334 -2.393 -2.477 
-2.571 -2.662 -2.745 -2.818 -2.881 -2.936 -2.985 -3.030 -3.071 -3.109 
-3.145 -3.180 -3.212 -3.243 -3.271 -3.297 -3.320 -3.341 -3.359 -3.374 
-3.387 -3.396 -3.403 -3.406 -3.406 -3.403 -3.397 -3.387 -3.374 -3.356 
-3.335 -3.309 -3.279 -3.244 -3.203 -3.157 -3.104 -3.044 -2.975 -2.898 
-2.810 -2.713 -2.605 -2.490 -2.369 -2.231 -2.152 -2.241 -2.326 -2.418 
-2.517 -2.612 -2.700 -2.779 -2.847 -2.907 -2.959 -3.003 -3.042 -3.075 
-3.103 -3.127 -3.147 -3.162 -3.174 -3.182 -3.186 -3.186 -3.182 -3.174 
-3.162 -3.145 -3.124 -3.098 -3.066 -3.029 -2.984 -2.933 -2.874 -2.807 
-2.777 
-2.625 -2.641 -2.614 -2.586 -2.559 -2.536 -2.525 -2.526 -2.535 -2.546 
-2.554 -2.559 -2.563 -2.566 -2.571 -2.579 -2.590 -2.605 -2.624 -2.645 
-2.669 -2.695 -2.723 -2.750 -2.778 -2.805 -2.831 -2.855 -2.878 -2.900 
-2.919 -2.936 -2.951 -2.964 -2.974 -2.983 -2.988 -2.992 -2.993 -2.992 
-2.989 -2.983 -2.974 -2.964 -2.950 -2.935 -2.916 -2.896 -2.872 -2.845 
-2.815 -2.782 -2.745 -2.704 -2.661 -2.622 -2.597 -2.591 -2.603 -2.622 
-2.643 -2.661 -2.677 -2.692 -2.706 -2.719 -2.732 -2.745 -2.757 -2.769 
-2.781 -2.792 -2.801 -2.810 -2.817 -2.823 -2.827 -2.829 -2.829 -2.827 
-2.823 -2.817 -2.808 -2.797 -2.784 -2.769 -2.752 -2.733 -2.712 -2.690 
-2.629 
-2.278 -2.264 -2.265 -2.272 -2.285 -2.303 -2.326 -2.353 -2.382 -2.414 
-2.446 -2.478 -2.509 -2.540 -2.569 -2.597 -2.624 -2.649 -2.674 -2.697 
-2.719 -2.739 -2.757 -2.774 -2.788 -2.800 -2.810 -2.817 -2.822 -2.824 
-2.824 -2.822 -2.817 -2.809 -2.799 -2.786 -2.770 -2.751 -2.730 -2.706 
-2.679 -2.648 -2.615 -2.578 -2.538 -2.495 -2.448 -2.397 -2.342 -2.283 
-2.221 -2.157 -2.092 -2.028 -1.971 -1.927 -1.900 -1.895 -1.909 -1.938 
-1.974 -2.015 -2.056 -2.096 -2.133 -2.168 -2.201 -2.230 -2.257 -2.281 
-2.302 -2.321 -2.336 -2.349 -2.360 -2.368 -2.373 -2.376 -2.377 -2.376 
-2.372 -2.366 -2.358 -2.349 -2.337 -2.325 -2.312 -2.299 -2.286 -2.276 
-2.282 
-2.045 -2.068 -2.068 -2.078 -2.098 -2.131 -2.170 -2.214 -2.257 -2.299 
-2.338 -2.373 -2.406 -2.435 -2.461 -2.484 -2.504 -2.522 -2.538 -2.551 
-2.561 -2.570 -2.576 -2.580 -2.582 -2.581 -2.579 -2.574 -2.567 -2.557 
-2.545 -2.531 -2.514 -2.495 -2.473 -2.449 -2.422 -2.391 -2.358 -2.322 
-2.282 -2.239 -2.192 -2.141 -2.086 -2.027 -1.963 -1.894 -1.820 -1.742 
-1.659 -1.574 -1.489 -1.407 -1.333 -1.272 -1.223 -1.172 -1.061 -0.836 
-0.967 -1.221 -1.373 -1.477 -1.557 -1.623 -1.681 -1.731 -1.775 -1.814 
-1.848 -1.879 -1.906 -1.930 -1.952 -1.971 -1.988 -2.003 -2.017 -2.029 
-2.040 -2.050 -2.060 -2.068 -2.074 -2.080 -2.083 -2.084 -2.082 -2.079 
-2.040 
-1.753 -1.694 -1.667 -1.661 -1.680 -1.721 -1.781 -1.852 -1.926 -2.000 
-2.070 -2.134 -2.191 -2.242 -2.285 -2.322 -2.353 -2.377 -2.395 -2.407 
-2.414 -2.416 -2.413 -2.405 -2.393 -2.377 -2.358 -2.335 -2.311 -2.284 
-2.257 -2.230 -2.203 -2.178 -2.155 -2.134 -2.116 -2.101 -2.087 -2.075 
-2.064 -2.053 -2.040 -2.024 -2.006 -1.983 -1.956 -1.922 -1.882 -1.834 
-1.777 -1.711 -1.635 -1.545 -1.440 -1.310 -1.137 -0.884 -0.531 -0.264 
-0.349 -0.592 -0.673 -0.478 -0.250 -0.491 -0.852 -1.125 -1.325 -1.478 
-1.599 -1.695 -1.774 -1.839 -1.891 -1.934 -1.968 -1.994 -2.012 -2.024 
-2.029 -2.028 -2.020 -2.005 -1.984 -1.956 -1.920 -1.879 -1.832 -1.783 
-1.776 
-1.857 -1.899 -1.897 -1.899 -1.908 -1.921 -1.936 -1.950 -1.961 -1.968 
-1.970 -1.969 -1.964 -1.956 -1.945 -1.931 -1.916 -1.898 -1.878 -1.857 
-1.834 -1.809 -1.783 -1.756 -1.727 -1.697 -1.667 -1.635 -1.603 -1.571 
-1.540 -1.509 -1.481 -1.455 -1.432 -1.413 -1.398 -1.386 -1.377 -1.371 
-1.367 -1.364 -1.361 -1.358 -1.353 -1.346 -1.337 -1.324 -1.308 -1.286 
-1.260 -1.227 -1.188 -1.141 -1.084 -1.016 -0.932 -0.826 -0.679 -0.476 
-0.388 -0.235 0.029 0.336 0.510 0.348 0.021 -0.294 -0.538 -0.733 
-0.894 -1.029 -1.146 -1.248 -1.339 -1.419 -1.490 -1.554 -1.611 -1.662 
-1.708 -1.748 -1.784 -1.815 -1.841 -1.863 -1.880 -1.892 -1.899 -1.902 
-1.854 
-1.624 -1.611 -1.616 -1.618 -1.619 -1.617 -1.614 -1.608 -1.601 -1.592 
-1.582 -1.570 -1.556 -1.542 -1.526 -1.510 -1.493 -1.475 -1.457 -1.439 
-1.421 -1.404 -1.389 -1.374 -1.362 -1.352 -1.344 -1.338 -1.334 -1.333 
-1.332 -1.332 -1.333 -1.334 -1.335 -1.335 -1.335 -1.334 -1.332 -1.329 
-1.325 -1.319 -1.310 -1.299 -1.286 -1.269 -1.249 -1.226 -1.198 -1.165 
-1.128 -1.085 -1.035 -0.979 -0.914 -0.839 -0.753 -0.652 -0.533 -0.389 
-0.212 0.014 0.329 0.948 0.670 0.454 0.190 -0.070 -0.287 -0.465 
-0.614 -0.740 -0.850 -0.945 -1.029 -1.104 -1.170 -1.230 -1.283 -1.331 
-1.374 -1.412 -1.447 -1.477 -1.505 -1.528 -1.549 -1.567 -1.582 -1.594 
-1.620 
-1.666 -1.663 -1.663 -1.660 -1.655 -1.647 -1.637 -1.624 -1.608 -1.590 
-1.569 -1.547 -1.521 -1.494 -1.464 -1.432 -1.399 -1.365 -1.330 -1.295 
-1.261 -1.228 -1.198 -1.172 -1.150 -1.134 -1.123 -1.118 -1.118 -1.122 
-1.129 -1.137 -1.144 -1.151 -1.154 -1.155 -1.152 -1.146 -1.139 -1.133 
-1.129 -1.128 -1.129 -1.131 -1.131 -1.129 -1.124 -1.113 -1.097 -1.075 
-1.047 -1.011 -0.967 -0.915 -0.851 -0.776 -0.686 -0.577 -0.444 -0.274 
-0.046 0.300 0.998 1.464 1.349 0.575 0.110 -0.185 -0.404 -0.579 
-0.723 -0.846 -0.951 -1.044 -1.125 -1.197 -1.262 -1.319 -1.371 -1.417 
-1.458 -1.494 -1.527 -1.555 -1.580 -1.601 -1.619 -1.634 -1.645 -1.654 
-1.665 
-1.775 -1.828 -1.839 -1.848 -1.855 -1.860 -1.862 -1.862 -1.860 -1.856 
-1.849 -1.840 -1.828 -1.814 -1.798 -1.779 -1.758 -1.735 -1.709 -1.681 
-1.652 -1.621 -1.590 -1.558 -1.525 -1.492 -1.458 -1.423 -1.385 -1.344 
-1.298 -1.249 -1.194 -1.135 -1.073 -1.010 -0.949 -0.893 -0.846 -0.810 
-0.788 -0.780 -0.782 -0.792 -0.807 -0.823 -0.838 -0.849 -0.856 -0.856 
-0.850 -0.837 -0.814 -0.783 -0.741 -0.686 -0.618 -0.532 -0.424 -0.287 
-0.105 0.151 0.575 1.353 1.655 1.170 0.362 -0.034 -0.301 -0.505 
-0.671 -0.811 -0.931 -1.036 -1.129 -1.212 -1.286 -1.353 -1.414 -1.468 
-1.518 -1.563 -1.604 -1.642 -1.675 -1.706 -1.733 -1.757 -1.779 -1.797 
-1.771 
-1.534 -1.526 -1.542 -1.556 -1.569 -1.580 -1.591 -1.601 -1.609 -1.617 
-1.624 -1.629 -1.634 -1.638 -1.641 -1.643 -1.643 -1.643 -1.641 -1.638 
-1.634 -1.629 -1.622 -1.614 -1.604 -1.593 -1.581 -1.567 -1.552 -1.535 
-1.516 -1.495 -1.471 -1.445 -1.417 -1.387 -1.355 -1.323 -1.295 -1.270 
-1.251 -1.238 -1.229 -1.222 -1.215 -1.206 -1.193 -1.175 -1.152 -1.123 
-1.088 -1.047 -0.998 -0.941 -0.876 -0.800 -0.712 -0.610 -0.489 -0.344 
-0.166 0.063 0.374 0.787 1.280 0.899 0.527 0.178 -0.081 -0.280 
-0.440 -0.574 -0.687 -0.785 -0.871 -0.947 -1.015 -1.076 -1.131 -1.181 
-1.226 -1.267 -1.305 -1.339 -1.370 -1.399 -1.425 -1.449 -1.471 -1.491 
-1.527 
-1.584 -1.598 -1.606 -1.611 -1.615 -1.616 -1.615 -1.612 -1.608 -1.601 
-1.594 -1.584 -1.573 -1.562 -1.549 -1.535 -1.520 -1.504 -1.488 -1.471 
-1.453 -1.434 -1.415 -1.395 -1.375 -1.356 -1.337 -1.320 -1.303 -1.289 
-1.276 -1.265 -1.256 -1.249 -1.244 -1.240 -1.238 -1.235 -1.233 -1.231 
-1.228 -1.223 -1.217 -1.209 -1.199 -1.186 -1.169 -1.149 -1.126 -1.098 
-1.065 -1.026 -0.982 -0.930 -0.870 -0.801 -0.721 -0.626 -0.513 -0.375 
-0.200 0.043 0.502 0.754 0.887 0.868 0.562 0.196 -0.091 -0.309 
-0.483 -0.627 -0.749 -0.855 -0.947 -1.029 -1.101 -1.166 -1.225 -1.277 
-1.324 -1.367 -1.405 -1.439 -1.469 -1.497 -1.521 -1.541 -1.559 -1.575 
-1.580 
-1.637 -1.641 -1.638 -1.633 -1.626 -1.617 -1.606 -1.595 -1.582 -1.569 
-1.555 -1.543 -1.531 -1.521 -1.513 -1.507 -1.504 -1.504 -1.506 -1.510 
-1.517 -1.524 -1.532 -1.541 -1.549 -1.557 -1.564 -1.570 -1.575 -1.579 
-1.582 -1.584 -1.585 -1.585 -1.584 -1.582 -1.578 -1.573 -1.565 -1.556 
-1.544 -1.529 -1.512 -1.491 -1.467 -1.439 -1.407 -1.371 -1.330 -1.284 
-1.232 -1.174 -1.109 -1.035 -0.952 -0.856 -0.746 -0.617 -0.460 -0.263 
0.009 0.512 0.984 1.061 0.696 0.356 0.002 -0.274 -0.480 -0.643 
-0.778 -0.892 -0.991 -1.078 -1.155 -1.223 -1.284 -1.338 -1.387 -1.430 
-1.468 -1.502 -1.532 -1.557 -1.579 -1.598 -1.613 -1.624 -1.633 -1.638 
-1.638 
-1.647 -1.658 -1.678 -1.696 -1.712 -1.726 -1.737 -1.747 -1.755 -1.761 
-1.765 -1.768 -1.770 -1.772 -1.772 -1.772 -1.772 -1.772 -1.771 -1.770 
-1.768 -1.766 -1.762 -1.757 -1.751 -1.743 -1.733 -1.722 -1.708 -1.693 
-1.676 -1.656 -1.635 -1.612 -1.587 -1.561 -1.532 -1.502 -1.470 -1.435 
-1.399 -1.361 -1.321 -1.279 -1.235 -1.187 -1.137 -1.084 -1.028 -0.968 
-0.903 -0.834 -0.758 -0.676 -0.586 -0.486 -0.374 -0.246 -0.099 0.072 
0.272 0.497 0.784 0.936 0.701 0.407 0.166 -0.036 -0.207 -0.354 
-0.482 -0.596 -0.698 -0.791 -0.876 -0.954 -1.026 -1.093 -1.155 -1.212 
-1.266 -1.317 -1.363 -1.407 -1.448 -1.486 -1.521 -1.553 -1.583 -1.611 
-1.637 
-1.745 -1.764 -1.783 -1.799 -1.812 -1.824 -1.834 -1.842 -1.848 -1.851 
-1.853 -1.854 -1.852 -1.848 -1.843 -1.836 -1.827 -1.817 -1.805 -1.791 
-1.775 -1.758 -1.740 -1.719 -1.698 -1.675 -1.650 -1.625 -1.598 -1.571 
-1.542 -1.513 -1.483 -1.453 -1.423 -1.393 -1.363 -1.333 -1.303 -1.273 
-1.243 -1.212 -1.181 -1.150 -1.117 -1.083 -1.048 -1.010 -0.970 -0.927 
-0.880 -0.828 -0.770 -0.706 -0.634 -0.552 -0.456 -0.345 -0.212 -0.048 
0.161 0.444 0.838 1.149 1.093 0.680 0.269 -0.019 -0.238 -0.414 
-0.563 -0.691 -0.804 -0.904 -0.994 -1.076 -1.151 -1.219 -1.282 -1.340 
-1.393 -1.443 -1.488 -1.531 -1.569 -1.605 -1.638 -1.669 -1.696 -1.721 
-1.739 
-1.862 -1.878 -1.891 -1.902 -1.911 -1.917 -1.921 -1.923 -1.923 -1.920 
-1.916 -1.909 -1.901 -1.890 -1.877 -1.863 -1.846 -1.827 -1.807 -1.784 
-1.760 -1.734 -1.706 -1.677 -1.646 -1.615 -1.582 -1.548 -1.513 -1.479 
-1.445 -1.411 -1.378 -1.347 -1.317 -1.290 -1.264 -1.241 -1.220 -1.202 
-1.184 -1.169 -1.154 -1.139 -1.123 -1.107 -1.089 -1.069 -1.045 -1.019 
-0.987 -0.951 -0.909 -0.860 -0.802 -0.734 -0.654 -0.558 -0.441 -0.297 
-0.112 0.139 0.510 0.961 1.107 0.758 0.279 -0.073 -0.326 -0.524 
-0.686 -0.824 -0.944 -1.049 -1.143 -1.227 -1.303 -1.372 -1.434 -1.491 
-1.543 -1.591 -1.634 -1.674 -1.710 -1.743 -1.772 -1.799 -1.823 -1.844 
-1.857 
-1.937 -1.954 -1.968 -1.978 -1.987 -1.993 -1.996 -1.998 -1.997 -1.994 
-1.989 -1.982 -1.973 -1.962 -1.948 -1.933 -1.915 -1.895 -1.873 -1.850 
-1.824 -1.796 -1.767 -1.736 -1.703 -1.668 -1.632 -1.595 -1.557 -1.518 
-1.479 -1.440 -1.402 -1.364 -1.328 -1.294 -1.263 -1.235 -1.211 -1.190 
-1.173 -1.158 -1.146 -1.135 -1.124 -1.113 -1.101 -1.086 -1.068 -1.047 
-1.021 -0.990 -0.953 -0.909 -0.856 -0.793 -0.718 -0.628 -0.518 -0.383 
-0.211 0.013 0.312 0.649 0.832 0.522 0.153 -0.160 -0.403 -0.597 
-0.759 -0.897 -1.017 -1.123 -1.217 -1.302 -1.378 -1.447 -1.510 -1.567 
-1.620 -1.668 -1.711 -1.751 -1.787 -1.820 -1.850 -1.876 -1.900 -1.921 
-1.932 
-1.931 -1.945 -1.959 -1.970 -1.979 -1.985 -1.988 -1.990 -1.989 -1.986 
-1.980 -1.972 -1.962 -1.949 -1.934 -1.917 -1.897 -1.875 -1.850 -1.823 
-1.794 -1.762 -1.727 -1.690 -1.651 -1.609 -1.564 -1.518 -1.469 -1.418 
-1.366 -1.313 -1.260 -1.208 -1.158 -1.111 -1.069 -1.033 -1.003 -0.980 
-0.965 -0.955 -0.950 -0.949 -0.949 -0.949 -0.949 -0.946 -0.939 -0.929 
-0.913 -0.892 -0.863 -0.827 -0.781 -0.725 -0.656 -0.571 -0.465 -0.333 
-0.163 0.060 0.344 0.600 0.654 0.416 0.140 -0.037 -0.242 -0.466 
-0.658 -0.817 -0.951 -1.068 -1.170 -1.260 -1.342 -1.415 -1.481 -1.542 
-1.597 -1.647 -1.692 -1.734 -1.771 -1.806 -1.836 -1.864 -1.889 -1.910 
-1.925 
-1.911 -1.922 -1.940 -1.955 -1.968 -1.979 -1.987 -1.993 -1.996 -1.997 
-1.996 -1.993 -1.987 -1.980 -1.970 -1.958 -1.943 -1.927 -1.909 -1.888 
-1.866 -1.841 -1.814 -1.786 -1.755 -1.723 -1.689 -1.653 -1.615 -1.577 
-1.537 -1.496 -1.455 -1.414 -1.373 -1.332 -1.293 -1.256 -1.221 -1.190 
-1.163 -1.140 -1.123 -1.111 -1.104 -1.100 -1.098 -1.095 -1.092 -1.085 
-1.075 -1.060 -1.040 -1.013 -0.980 -0.939 -0.888 -0.827 -0.752 -0.659 
-0.543 -0.394 -0.195 0.048 0.162 0.176 0.270 0.316 0.184 -0.061 
-0.313 -0.528 -0.706 -0.856 -0.985 -1.098 -1.197 -1.286 -1.366 -1.438 
-1.503 -1.562 -1.616 -1.665 -1.710 -1.750 -1.787 -1.820 -1.850 -1.877 
-1.903 
-1.951 -1.979 -1.999 -2.015 -2.029 -2.041 -2.050 -2.057 -2.061 -2.063 
-2.063 -2.060 -2.055 -2.048 -2.038 -2.026 -2.012 -1.995 -1.976 -1.954 
-1.930 -1.903 -1.873 -1.841 -1.806 -1.768 -1.727 -1.683 -1.636 -1.586 
-1.533 -1.476 -1.416 -1.353 -1.287 -1.219 -1.149 -1.079 -1.011 -0.947 
-0.890 -0.843 -0.806 -0.782 -0.768 -0.763 -0.764 -0.768 -0.773 -0.777 
-0.778 -0.775 -0.768 -0.754 -0.733 -0.704 -0.666 -0.616 -0.553 -0.474 
-0.376 -0.254 -0.107 0.058 0.201 0.259 0.209 0.097 -0.094 -0.312 
-0.506 -0.675 -0.821 -0.951 -1.065 -1.168 -1.261 -1.345 -1.421 -1.491 
-1.555 -1.613 -1.667 -1.716 -1.761 -1.802 -1.839 -1.873 -1.904 -1.932 
-1.945 
-1.940 -1.946 -1.971 -1.993 -2.013 -2.030 -2.045 -2.057 -2.067 -2.075 
-2.080 -2.083 -2.084 -2.082 -2.078 -2.072 -2.064 -2.054 -2.041 -2.026 
-2.008 -1.988 -1.966 -1.941 -1.914 -1.883 -1.851 -1.815 -1.777 -1.735 
-1.691 -1.644 -1.593 -1.539 -1.483 -1.423 -1.361 -1.296 -1.230 -1.163 
-1.096 -1.031 -0.968 -0.910 -0.857 -0.813 -0.780 -0.756 -0.738 -0.725 
-0.714 -0.703 -0.691 -0.678 -0.662 -0.641 -0.613 -0.579 -0.536 -0.482 
-0.416 -0.336 -0.240 -0.129 -0.015 0.065 0.082 0.060 0.006 -0.129 
-0.314 -0.489 -0.646 -0.785 -0.911 -1.023 -1.125 -1.218 -1.303 -1.381 
-1.452 -1.518 -1.579 -1.635 -1.686 -1.733 -1.777 -1.817 -1.854 -1.888 
-1.928 
-2.129 -2.172 -2.199 -2.223 -2.244 -2.263 -2.279 -2.292 -2.303 -2.311 
-2.318 -2.321 -2.323 -2.322 -2.318 -2.313 -2.304 -2.294 -2.281 -2.266 
-2.248 -2.227 -2.204 -2.178 -2.150 -2.118 -2.084 -2.046 -2.005 -1.960 
-1.912 -1.860 -1.803 -1.742 -1.676 -1.605 -1.529 -1.447 -1.358 -1.264 
-1.164 -1.061 -0.958 -0.861 -0.781 -0.725 -0.699 -0.700 -0.721 -0.750 
-0.781 -0.809 -0.831 -0.847 -0.856 -0.857 -0.849 -0.833 -0.807 -0.771 
-0.723 -0.662 -0.586 -0.495 -0.385 -0.254 -0.097 0.070 0.165 0.072 
-0.163 -0.426 -0.654 -0.844 -1.004 -1.143 -1.264 -1.372 -1.469 -1.557 
-1.636 -1.709 -1.775 -1.836 -1.892 -1.943 -1.991 -2.034 -2.073 -2.109 
-2.120 
-2.101 -2.147 -2.174 -2.198 -2.220 -2.239 -2.256 -2.271 -2.284 -2.295 
-2.304 -2.310 -2.314 -2.316 -2.317 -2.315 -2.310 -2.304 -2.296 -2.285 
-2.272 -2.257 -2.239 -2.219 -2.197 -2.172 -2.145 -2.115 -2.082 -2.047 
-2.008 -1.967 -1.922 -1.873 -1.822 -1.766 -1.706 -1.643 -1.575 -1.502 
-1.426 -1.346 -1.264 -1.183 -1.106 -1.040 -0.986 -0.943 -0.907 -0.877 
-0.849 -0.825 -0.802 -0.779 -0.755 -0.728 -0.696 -0.660 -0.619 -0.577 
-0.535 -0.496 -0.459 -0.426 -0.399 -0.381 -0.369 -0.343 -0.320 -0.431 
-0.623 -0.795 -0.940 -1.065 -1.175 -1.275 -1.366 -1.450 -1.527 -1.598 
-1.664 -1.725 -1.783 -1.836 -1.886 -1.932 -1.975 -2.015 -2.052 -2.086 
-2.093 
-1.866 -1.874 -1.901 -1.927 -1.951 -1.973 -1.993 -2.012 -2.028 -2.043 
-2.056 -2.068 -2.077 -2.085 -2.091 -2.095 -2.098 -2.099 -2.098 -2.095 
-2.091 -2.084 -2.076 -2.066 -2.055 -2.041 -2.025 -2.008 -1.989 -1.967 
-1.943 -1.918 -1.890 -1.860 -1.827 -1.792 -1.755 -1.715 -1.673 -1.627 
-1.579 -1.529 -1.475 -1.419 -1.360 -1.299 -1.237 -1.172 -1.106 -1.039 
-0.970 -0.900 -0.826 -0.750 -0.671 -0.591 -0.511 -0.435 -0.367 -0.312 
-0.277 -0.265 -0.276 -0.307 -0.354 -0.412 -0.478 -0.552 -0.631 -0.712 
-0.792 -0.870 -0.944 -1.016 -1.084 -1.150 -1.212 -1.272 -1.329 -1.384 
-1.437 -1.487 -1.535 -1.581 -1.625 -1.667 -1.706 -1.744 -1.779 -1.813 
-1.854 
-1.868 -1.898 -1.924 -1.948 -1.970 -1.991 -2.010 -2.027 -2.043 -2.057 
-2.069 -2.079 -2.088 -2.095 -2.100 -2.104 -2.106 -2.106 -2.105 -2.102 
-2.097 -2.090 -2.081 -2.071 -2.059 -2.045 -2.029 -2.011 -1.992 -1.970 
-1.947 -1.921 -1.893 -1.863 -1.831 -1.797 -1.760 -1.721 -1.679 -1.635 
-1.588 -1.539 -1.486 -1.431 -1.373 -1.311 -1.246 -1.179 -1.108 -1.034 
-0.958 -0.879 -0.799 -0.719 -0.641 -0.568 -0.502 -0.448 -0.408 -0.386 
-0.383 -0.400 -0.434 -0.482 -0.540 -0.604 -0.670 -0.738 -0.805 -0.871 
-0.936 -1.000 -1.062 -1.122 -1.181 -1.238 -1.293 -1.346 -1.397 -1.446 
-1.494 -1.540 -1.584 -1.626 -1.666 -1.705 -1.741 -1.776 -1.809 -1.841 
-1.860 
-1.905 -1.911 -1.937 -1.963 -1.986 -2.009 -2.030 -2.049 -2.068 -2.084 
-2.099 -2.113 -2.125 -2.136 -2.145 -2.152 -2.158 -2.163 -2.165 -2.167 
-2.166 -2.164 -2.160 -2.155 -2.147 -2.138 -2.128 -2.115 -2.100 -2.084 
-2.065 -2.045 -2.022 -1.997 -1.970 -1.940 -1.908 -1.873 -1.835 -1.795 
-1.751 -1.703 -1.651 -1.595 -1.533 -1.465 -1.389 -1.303 -1.207 -1.103 
-1.001 -0.925 -0.881 -0.846 -0.800 -0.741 -0.675 -0.609 -0.552 -0.513 
-0.497 -0.507 -0.540 -0.589 -0.646 -0.706 -0.761 -0.807 -0.837 -0.848 
-0.846 -0.868 -0.944 -1.049 -1.149 -1.234 -1.305 -1.367 -1.423 -1.474 
-1.521 -1.565 -1.607 -1.647 -1.685 -1.722 -1.757 -1.791 -1.823 -1.853 
-1.894 
-2.230 -2.294 -2.328 -2.359 -2.388 -2.414 -2.438 -2.460 -2.480 -2.497 
-2.512 -2.526 -2.537 -2.546 -2.552 -2.557 -2.560 -2.561 -2.559 -2.555 
-2.550 -2.542 -2.531 -2.519 -2.504 -2.486 -2.466 -2.444 -2.418 -2.390 
-2.359 -2.324 -2.287 -2.245 -2.200 -2.150 -2.096 -2.037 -1.973 -1.902 
-1.825 -1.740 -1.647 -1.545 -1.431 -1.306 -1.169 -1.019 -0.860 -0.706 
-0.583 -0.522 -0.535 -0.600 -0.683 -0.757 -0.812 -0.846 -0.863 -0.869 
-0.871 -0.872 -0.871 -0.862 -0.838 -0.793 -0.725 -0.635 -0.534 -0.446 
-0.390 -0.396 -0.492 -0.657 -0.846 -1.026 -1.188 -1.329 -1.453 -1.563 
-1.660 -1.747 -1.826 -1.897 -1.962 -2.022 -2.077 -2.127 -2.174 -2.217 
-2.220 
-2.378 -2.411 -2.442 -2.471 -2.497 -2.520 -2.541 -2.559 -2.574 -2.587 
-2.598 -2.606 -2.611 -2.615 -2.616 -2.614 -2.611 -2.605 -2.596 -2.586 
-2.573 -2.557 -2.539 -2.519 -2.496 -2.470 -2.442 -2.411 -2.377 -2.340 
-2.300 -2.256 -2.210 -2.159 -2.105 -2.047 -1.985 -1.919 -1.848 -1.772 
-1.691 -1.604 -1.512 -1.413 -1.309 -1.201 -1.090 -0.981 -0.882 -0.799 
-0.741 -0.719 -0.737 -0.778 -0.825 -0.867 -0.898 -0.918 -0.926 -0.921 
-0.902 -0.870 -0.825 -0.765 -0.691 -0.603 -0.502 -0.400 -0.329 -0.330 
-0.412 -0.547 -0.717 -0.899 -1.073 -1.229 -1.368 -1.493 -1.604 -1.704 
-1.795 -1.878 -1.954 -2.024 -2.087 -2.146 -2.200 -2.250 -2.295 -2.337 
-2.366 
-2.325 -2.348 -2.373 -2.397 -2.417 -2.435 -2.451 -2.464 -2.475 -2.483 
-2.490 -2.494 -2.495 -2.495 -2.492 -2.487 -2.480 -2.470 -2.459 -2.445 
-2.429 -2.410 -2.389 -2.366 -2.340 -2.312 -2.281 -2.248 -2.212 -2.174 
-2.132 -2.089 -2.042 -1.993 -1.941 -1.886 -1.829 -1.770 -1.709 -1.646 
-1.583 -1.520 -1.457 -1.395 -1.335 -1.278 -1.222 -1.170 -1.123 -1.082 
-1.051 -1.029 -1.013 -1.000 -0.990 -0.979 -0.965 -0.948 -0.924 -0.892 
-0.852 -0.804 -0.752 -0.700 -0.656 -0.630 -0.627 -0.642 -0.673 -0.738 
-0.851 -0.985 -1.116 -1.236 -1.345 -1.446 -1.538 -1.625 -1.705 -1.780 
-1.849 -1.914 -1.974 -2.030 -2.082 -2.130 -2.174 -2.215 -2.253 -2.287 
-2.316 
-2.281 -2.310 -2.344 -2.375 -2.403 -2.429 -2.452 -2.472 -2.491 -2.507 
-2.521 -2.532 -2.542 -2.549 -2.554 -2.557 -2.557 -2.556 -2.552 -2.547 
-2.539 -2.529 -2.517 -2.502 -2.486 -2.467 -2.445 -2.422 -2.395 -2.367 
-2.335 -2.302 -2.265 -2.226 -2.183 -2.138 -2.090 -2.039 -1.985 -1.929 
-1.869 -1.807 -1.742 -1.674 -1.604 -1.531 -1.456 -1.377 -1.296 -1.213 
-1.130 -1.052 -0.983 -0.929 -0.893 -0.876 -0.875 -0.884 -0.899 -0.915 
-0.929 -0.940 -0.946 -0.947 -0.947 -0.950 -0.962 -0.984 -1.014 -1.047 
-1.084 -1.125 -1.174 -1.230 -1.293 -1.362 -1.436 -1.511 -1.586 -1.661 
-1.733 -1.802 -1.868 -1.931 -1.990 -2.046 -2.098 -2.146 -2.192 -2.234 
-2.267 
-2.264 -2.277 -2.299 -2.320 -2.338 -2.355 -2.370 -2.383 -2.395 -2.404 
-2.412 -2.418 -2.423 -2.426 -2.427 -2.426 -2.424 -2.419 -2.414 -2.406 
-2.397 -2.386 -2.373 -2.358 -2.342 -2.324 -2.304 -2.282 -2.258 -2.232 
-2.204 -2.174 -2.142 -2.108 -2.072 -2.033 -1.993 -1.950 -1.905 -1.857 
-1.807 -1.755 -1.700 -1.643 -1.584 -1.523 -1.459 -1.394 -1.327 -1.260 
-1.192 -1.126 -1.064 -1.008 -0.960 -0.922 -0.896 -0.882 -0.880 -0.890 
-0.912 -0.943 -0.981 -1.025 -1.072 -1.121 -1.170 -1.218 -1.267 -1.315 
-1.363 -1.412 -1.464 -1.517 -1.572 -1.628 -1.684 -1.739 -1.792 -1.843 
-1.892 -1.939 -1.983 -2.024 -2.064 -2.101 -2.135 -2.168 -2.198 -2.226 
-2.256 
-2.270 -2.317 -2.340 -2.361 -2.380 -2.396 -2.411 -2.423 -2.434 -2.442 
-2.449 -2.454 -2.457 -2.457 -2.456 -2.454 -2.449 -2.442 -2.433 -2.423 
-2.410 -2.396 -2.379 -2.361 -2.340 -2.318 -2.293 -2.267 -2.238 -2.207 
-2.173 -2.138 -2.100 -2.060 -2.018 -1.974 -1.927 -1.878 -1.828 -1.775 
-1.720 -1.664 -1.607 -1.549 -1.490 -1.432 -1.375 -1.319 -1.266 -1.217 
-1.171 -1.129 -1.093 -1.062 -1.036 -1.015 -1.001 -0.993 -0.992 -0.998 
-1.011 -1.030 -1.055 -1.086 -1.122 -1.161 -1.203 -1.248 -1.294 -1.342 
-1.391 -1.441 -1.492 -1.545 -1.599 -1.653 -1.708 -1.762 -1.815 -1.866 
-1.916 -1.964 -2.010 -2.054 -2.095 -2.134 -2.170 -2.204 -2.236 -2.265 
-2.264 
-2.073 -2.083 -2.115 -2.144 -2.171 -2.196 -2.219 -2.239 -2.258 -2.274 
-2.288 -2.299 -2.309 -2.317 -2.323 -2.326 -2.328 -2.327 -2.325 -2.320 
-2.314 -2.305 -2.295 -2.282 -2.267 -2.250 -2.231 -2.209 -2.186 -2.160 
-2.131 -2.101 -2.068 -2.032 -1.994 -1.954 -1.911 -1.865 -1.817 -1.766 
-1.713 -1.658 -1.601 -1.542 -1.482 -1.421 -1.361 -1.301 -1.244 -1.190 
-1.140 -1.096 -1.058 -1.026 -1.000 -0.980 -0.967 -0.958 -0.955 -0.957 
-0.961 -0.968 -0.977 -0.986 -0.995 -1.005 -1.016 -1.028 -1.042 -1.060 
-1.083 -1.111 -1.146 -1.187 -1.234 -1.285 -1.340 -1.397 -1.455 -1.514 
-1.573 -1.630 -1.686 -1.739 -1.791 -1.840 -1.887 -1.931 -1.972 -2.012 
-2.059 
-2.133 -2.159 -2.189 -2.216 -2.242 -2.266 -2.288 -2.308 -2.326 -2.342 
-2.356 -2.368 -2.378 -2.386 -2.393 -2.397 -2.400 -2.400 -2.399 -2.396 
-2.391 -2.384 -2.375 -2.364 -2.351 -2.336 -2.319 -2.299 -2.278 -2.254 
-2.228 -2.200 -2.170 -2.137 -2.101 -2.063 -2.023 -1.979 -1.933 -1.885 
-1.833 -1.779 -1.723 -1.664 -1.603 -1.540 -1.475 -1.410 -1.343 -1.277 
-1.210 -1.144 -1.080 -1.019 -0.963 -0.914 -0.875 -0.848 -0.835 -0.834 
-0.843 -0.862 -0.887 -0.916 -0.948 -0.982 -1.018 -1.056 -1.095 -1.136 
-1.180 -1.226 -1.274 -1.325 -1.377 -1.430 -1.484 -1.538 -1.592 -1.645 
-1.698 -1.749 -1.798 -1.846 -1.892 -1.936 -1.978 -2.018 -2.057 -2.093 
-2.123 
-2.281 -2.321 -2.348 -2.373 -2.396 -2.416 -2.435 -2.451 -2.465 -2.476 
-2.486 -2.494 -2.499 -2.502 -2.504 -2.503 -2.500 -2.495 -2.488 -2.479 
-2.468 -2.455 -2.439 -2.422 -2.402 -2.379 -2.355 -2.328 -2.299 -2.267 
-2.233 -2.196 -2.157 -2.115 -2.070 -2.023 -1.972 -1.920 -1.864 -1.807 
-1.747 -1.685 -1.622 -1.559 -1.496 -1.434 -1.375 -1.320 -1.270 -1.226 
-1.189 -1.159 -1.134 -1.113 -1.096 -1.081 -1.069 -1.060 -1.054 -1.051 
-1.050 -1.051 -1.055 -1.060 -1.069 -1.081 -1.099 -1.122 -1.151 -1.186 
-1.226 -1.272 -1.325 -1.383 -1.447 -1.514 -1.582 -1.650 -1.716 -1.780 
-1.842 -1.900 -1.955 -2.007 -2.056 -2.102 -2.145 -2.186 -2.223 -2.258 
-2.273 
-2.299 -2.315 -2.349 -2.381 -2.409 -2.435 -2.458 -2.479 -2.497 -2.512 
-2.526 -2.537 -2.545 -2.552 -2.556 -2.558 -2.557 -2.555 -2.550 -2.543 
-2.534 -2.522 -2.508 -2.492 -2.474 -2.453 -2.430 -2.404 -2.376 -2.345 
-2.312 -2.276 -2.237 -2.195 -2.150 -2.102 -2.051 -1.996 -1.939 -1.878 
-1.814 -1.746 -1.677 -1.605 -1.532 -1.459 -1.388 -1.323 -1.265 -1.218 
-1.183 -1.161 -1.150 -1.148 -1.152 -1.158 -1.163 -1.166 -1.162 -1.153 
-1.135 -1.110 -1.080 -1.050 -1.031 -1.030 -1.041 -1.053 -1.059 -1.063 
-1.069 -1.084 -1.113 -1.158 -1.218 -1.291 -1.371 -1.455 -1.539 -1.622 
-1.702 -1.778 -1.850 -1.917 -1.981 -2.040 -2.094 -2.146 -2.193 -2.237 
-2.283 
-2.416 -2.462 -2.488 -2.512 -2.534 -2.554 -2.571 -2.586 -2.599 -2.610 
-2.619 -2.626 -2.631 -2.634 -2.635 -2.634 -2.632 -2.627 -2.620 -2.612 
-2.601 -2.589 -2.575 -2.559 -2.541 -2.521 -2.499 -2.475 -2.449 -2.422 
-2.392 -2.361 -2.327 -2.292 -2.255 -2.216 -2.175 -2.132 -2.088 -2.042 
-1.994 -1.944 -1.893 -1.841 -1.787 -1.732 -1.677 -1.623 -1.570 -1.519 
-1.471 -1.426 -1.380 -1.334 -1.284 -1.230 -1.171 -1.108 -1.043 -0.976 
-0.906 -0.833 -0.763 -0.710 -0.693 -0.725 -0.801 -0.905 -1.017 -1.124 
-1.221 -1.309 -1.391 -1.470 -1.549 -1.628 -1.705 -1.780 -1.852 -1.920 
-1.984 -2.045 -2.101 -2.154 -2.203 -2.249 -2.291 -2.331 -2.368 -2.402 
-2.409 
-2.377 -2.386 -2.415 -2.442 -2.467 -2.490 -2.512 -2.532 -2.550 -2.566 
-2.580 -2.593 -2.603 -2.612 -2.619 -2.625 -2.628 -2.630 -2.629 -2.627 
-2.623 -2.617 -2.609 -2.600 -2.588 -2.574 -2.558 -2.540 -2.520 -2.497 
-2.473 -2.446 -2.416 -2.384 -2.349 -2.312 -2.272 -2.229 -2.183 -2.134 
-2.083 -2.029 -1.974 -1.917 -1.861 -1.806 -1.753 -1.699 -1.645 -1.587 
-1.524 -1.455 -1.380 -1.299 -1.214 -1.128 -1.047 -0.977 -0.925 -0.895 
-0.888 -0.898 -0.919 -0.945 -0.982 -1.034 -1.102 -1.176 -1.248 -1.315 
-1.377 -1.437 -1.496 -1.556 -1.616 -1.676 -1.734 -1.790 -1.845 -1.898 
-1.949 -1.998 -2.045 -2.090 -2.133 -2.175 -2.214 -2.252 -2.288 -2.323 
-2.365 
-2.507 -2.545 -2.574 -2.601 -2.625 -2.647 -2.666 -2.683 -2.698 -2.710 
-2.720 -2.728 -2.734 -2.737 -2.738 -2.737 -2.734 -2.729 -2.721 -2.711 
-2.699 -2.684 -2.667 -2.647 -2.625 -2.601 -2.574 -2.544 -2.511 -2.475 
-2.436 -2.395 -2.349 -2.301 -2.249 -2.193 -2.134 -2.071 -2.005 -1.937 
-1.866 -1.795 -1.727 -1.663 -1.607 -1.562 -1.530 -1.511 -1.504 -1.506 
-1.511 -1.516 -1.518 -1.513 -1.500 -1.479 -1.452 -1.422 -1.397 -1.380 
-1.374 -1.377 -1.384 -1.390 -1.393 -1.392 -1.385 -1.376 -1.367 -1.363 
-1.369 -1.390 -1.429 -1.485 -1.553 -1.629 -1.709 -1.789 -1.867 -1.942 
-2.013 -2.080 -2.143 -2.201 -2.256 -2.307 -2.355 -2.399 -2.440 -2.477 
-2.497 
-2.580 -2.601 -2.622 -2.642 -2.659 -2.674 -2.687 -2.697 -2.706 -2.713 
-2.718 -2.721 -2.722 -2.721 -2.718 -2.713 -2.707 -2.698 -2.688 -2.676 
-2.662 -2.646 -2.628 -2.609 -2.588 -2.564 -2.539 -2.513 -2.484 -2.454 
-2.421 -2.387 -2.352 -2.314 -2.275 -2.235 -2.193 -2.149 -2.105 -2.059 
-2.013 -1.967 -1.922 -1.879 -1.838 -1.802 -1.771 -1.746 -1.724 -1.705 
-1.688 -1.670 -1.651 -1.630 -1.608 -1.583 -1.556 -1.528 -1.499 -1.471 
-1.444 -1.421 -1.404 -1.395 -1.395 -1.405 -1.424 -1.452 -1.487 -1.527 
-1.573 -1.624 -1.682 -1.745 -1.812 -1.880 -1.947 -2.012 -2.075 -2.134 
-2.190 -2.242 -2.291 -2.337 -2.380 -2.420 -2.456 -2.490 -2.522 -2.551 
-2.572 
-2.603 -2.622 -2.647 -2.668 -2.687 -2.704 -2.719 -2.731 -2.741 -2.749 
-2.755 -2.758 -2.760 -2.759 -2.756 -2.751 -2.744 -2.735 -2.724 -2.711 
-2.695 -2.677 -2.658 -2.636 -2.611 -2.585 -2.556 -2.525 -2.492 -2.456 
-2.418 -2.378 -2.336 -2.292 -2.246 -2.199 -2.150 -2.101 -2.052 -2.003 
-1.955 -1.909 -1.866 -1.827 -1.793 -1.763 -1.739 -1.720 -1.706 -1.696 
-1.689 -1.685 -1.681 -1.677 -1.673 -1.666 -1.657 -1.646 -1.632 -1.615 
-1.597 -1.578 -1.559 -1.542 -1.527 -1.517 -1.512 -1.515 -1.526 -1.547 
-1.579 -1.621 -1.672 -1.731 -1.794 -1.860 -1.926 -1.992 -2.055 -2.117 
-2.176 -2.231 -2.284 -2.333 -2.380 -2.423 -2.463 -2.500 -2.535 -2.567 
-2.593 
-2.617 -2.656 -2.689 -2.719 -2.746 -2.770 -2.792 -2.811 -2.828 -2.842 
-2.854 -2.863 -2.870 -2.874 -2.877 -2.877 -2.874 -2.869 -2.862 -2.853 
-2.841 -2.827 -2.811 -2.792 -2.771 -2.747 -2.721 -2.692 -2.660 -2.626 
-2.589 -2.549 -2.507 -2.461 -2.413 -2.362 -2.308 -2.251 -2.192 -2.131 
-2.069 -2.006 -1.943 -1.881 -1.821 -1.767 -1.718 -1.678 -1.645 -1.622 
-1.608 -1.601 -1.601 -1.607 -1.616 -1.627 -1.637 -1.644 -1.647 -1.646 
-1.641 -1.630 -1.616 -1.597 -1.576 -1.554 -1.532 -1.515 -1.505 -1.505 
-1.520 -1.549 -1.592 -1.647 -1.711 -1.778 -1.847 -1.916 -1.982 -2.047 
-2.110 -2.171 -2.230 -2.288 -2.343 -2.397 -2.447 -2.495 -2.540 -2.582 
-2.606 
-2.543 -2.570 -2.614 -2.654 -2.691 -2.724 -2.755 -2.783 -2.808 -2.831 
-2.850 -2.867 -2.881 -2.893 -2.903 -2.910 -2.914 -2.917 -2.916 -2.914 
-2.910 -2.903 -2.894 -2.882 -2.869 -2.853 -2.834 -2.814 -2.791 -2.766 
-2.738 -2.707 -2.674 -2.639 -2.600 -2.559 -2.515 -2.467 -2.417 -2.363 
-2.306 -2.246 -2.183 -2.117 -2.049 -1.979 -1.908 -1.838 -1.769 -1.704 
-1.648 -1.604 -1.576 -1.566 -1.572 -1.591 -1.618 -1.651 -1.685 -1.721 
-1.754 -1.785 -1.812 -1.834 -1.851 -1.862 -1.870 -1.873 -1.876 -1.878 
-1.883 -1.890 -1.900 -1.909 -1.919 -1.927 -1.936 -1.948 -1.963 -1.986 
-2.016 -2.053 -2.098 -2.148 -2.202 -2.257 -2.314 -2.369 -2.423 -2.475 
-2.524 
-2.592 -2.607 -2.626 -2.643 -2.658 -2.671 -2.681 -2.690 -2.697 -2.702 
-2.705 -2.707 -2.706 -2.704 -2.701 -2.696 -2.689 -2.680 -2.670 -2.659 
-2.645 -2.630 -2.614 -2.596 -2.576 -2.555 -2.531 -2.507 -2.480 -2.452 
-2.422 -2.390 -2.356 -2.320 -2.282 -2.242 -2.200 -2.155 -2.108 -2.058 
-2.005 -1.950 -1.893 -1.836 -1.780 -1.729 -1.682 -1.637 -1.592 -1.546 
-1.502 -1.459 -1.423 -1.394 -1.376 -1.368 -1.372 -1.388 -1.415 -1.450 
-1.493 -1.541 -1.591 -1.642 -1.693 -1.741 -1.786 -1.827 -1.862 -1.891 
-1.913 -1.929 -1.942 -1.959 -1.984 -2.021 -2.065 -2.112 -2.158 -2.202 
-2.245 -2.287 -2.328 -2.367 -2.405 -2.441 -2.475 -2.507 -2.536 -2.562 
-2.587 
-2.748 -2.790 -2.823 -2.852 -2.878 -2.901 -2.921 -2.938 -2.953 -2.966 
-2.975 -2.983 -2.988 -2.990 -2.991 -2.989 -2.985 -2.978 -2.969 -2.958 
-2.945 -2.929 -2.911 -2.891 -2.868 -2.842 -2.814 -2.782 -2.748 -2.710 
-2.670 -2.625 -2.577 -2.524 -2.467 -2.405 -2.338 -2.265 -2.186 -2.102 
-2.014 -1.923 -1.836 -1.757 -1.696 -1.660 -1.650 -1.661 -1.684 -1.711 
-1.736 -1.756 -1.772 -1.785 -1.796 -1.807 -1.820 -1.836 -1.854 -1.872 
-1.889 -1.902 -1.911 -1.913 -1.907 -1.893 -1.869 -1.837 -1.796 -1.749 
-1.699 -1.652 -1.617 -1.605 -1.623 -1.674 -1.751 -1.843 -1.943 -2.041 
-2.136 -2.224 -2.306 -2.381 -2.450 -2.513 -2.571 -2.623 -2.671 -2.715 
-2.736 
-2.780 -2.804 -2.841 -2.875 -2.905 -2.933 -2.958 -2.981 -3.001 -3.018 
-3.033 -3.045 -3.055 -3.062 -3.068 -3.070 -3.071 -3.069 -3.065 -3.058 
-3.049 -3.038 -3.024 -3.008 -2.989 -2.968 -2.944 -2.917 -2.887 -2.855 
-2.819 -2.780 -2.738 -2.692 -2.643 -2.589 -2.532 -2.470 -2.403 -2.332 
-2.257 -2.177 -2.096 -2.015 -1.937 -1.867 -1.806 -1.758 -1.726 -1.710 
-1.708 -1.715 -1.727 -1.743 -1.762 -1.780 -1.797 -1.812 -1.824 -1.831 
-1.833 -1.830 -1.822 -1.809 -1.790 -1.767 -1.740 -1.711 -1.682 -1.655 
-1.634 -1.623 -1.627 -1.648 -1.689 -1.749 -1.822 -1.904 -1.989 -2.074 
-2.156 -2.236 -2.311 -2.382 -2.449 -2.511 -2.569 -2.624 -2.674 -2.721 
-2.765 
-2.788 -2.841 -2.875 -2.906 -2.934 -2.959 -2.982 -3.003 -3.021 -3.037 
-3.050 -3.062 -3.071 -3.078 -3.083 -3.085 -3.086 -3.084 -3.080 -3.074 
-3.065 -3.054 -3.041 -3.025 -3.007 -2.986 -2.963 -2.937 -2.908 -2.875 
-2.840 -2.801 -2.759 -2.712 -2.661 -2.606 -2.546 -2.481 -2.409 -2.331 
-2.246 -2.153 -2.053 -1.946 -1.834 -1.723 -1.623 -1.549 -1.511 -1.512 
-1.543 -1.590 -1.639 -1.683 -1.720 -1.750 -1.775 -1.796 -1.816 -1.835 
-1.851 -1.865 -1.876 -1.881 -1.882 -1.877 -1.867 -1.853 -1.836 -1.819 
-1.805 -1.799 -1.804 -1.824 -1.859 -1.909 -1.970 -2.039 -2.111 -2.185 
-2.258 -2.329 -2.396 -2.460 -2.520 -2.576 -2.629 -2.678 -2.724 -2.766 
-2.777 
-2.601 -2.609 -2.634 -2.657 -2.679 -2.699 -2.718 -2.735 -2.750 -2.764 
-2.777 -2.788 -2.797 -2.805 -2.811 -2.815 -2.818 -2.819 -2.819 -2.817 
-2.813 -2.807 -2.800 -2.790 -2.779 -2.766 -2.752 -2.735 -2.716 -2.695 
-2.672 -2.647 -2.620 -2.590 -2.557 -2.522 -2.484 -2.444 -2.400 -2.352 
-2.301 -2.245 -2.185 -2.120 -2.050 -1.977 -1.904 -1.836 -1.779 -1.734 
-1.693 -1.653 -1.610 -1.568 -1.530 -1.499 -1.480 -1.472 -1.476 -1.492 
-1.516 -1.548 -1.583 -1.621 -1.659 -1.698 -1.735 -1.771 -1.806 -1.839 
-1.870 -1.902 -1.934 -1.967 -2.004 -2.043 -2.083 -2.125 -2.167 -2.208 
-2.249 -2.288 -2.326 -2.363 -2.398 -2.432 -2.465 -2.497 -2.527 -2.556 
-2.592 
-2.590 -2.620 -2.651 -2.680 -2.708 -2.734 -2.757 -2.779 -2.800 -2.818 
-2.835 -2.850 -2.863 -2.874 -2.883 -2.891 -2.897 -2.901 -2.903 -2.903 
-2.902 -2.899 -2.894 -2.887 -2.878 -2.867 -2.854 -2.839 -2.822 -2.803 
-2.782 -2.759 -2.734 -2.706 -2.676 -2.643 -2.608 -2.571 -2.530 -2.487 
-2.441 -2.392 -2.340 -2.284 -2.225 -2.163 -2.098 -2.030 -1.960 -1.889 
-1.820 -1.756 -1.701 -1.656 -1.621 -1.595 -1.579 -1.573 -1.576 -1.588 
-1.608 -1.632 -1.661 -1.691 -1.723 -1.754 -1.785 -1.816 -1.845 -1.873 
-1.900 -1.926 -1.951 -1.975 -1.999 -2.022 -2.046 -2.072 -2.102 -2.136 
-2.174 -2.216 -2.261 -2.305 -2.350 -2.394 -2.436 -2.476 -2.515 -2.552 
-2.579 
-2.617 -2.655 -2.705 -2.752 -2.795 -2.835 -2.872 -2.906 -2.936 -2.964 
-2.989 -3.012 -3.031 -3.049 -3.063 -3.076 -3.086 -3.093 -3.098 -3.101 
-3.102 -3.100 -3.096 -3.089 -3.080 -3.069 -3.055 -3.038 -3.019 -2.997 
-2.973 -2.946 -2.915 -2.882 -2.845 -2.805 -2.761 -2.714 -2.662 -2.606 
-2.545 -2.479 -2.407 -2.329 -2.245 -2.155 -2.058 -1.957 -1.853 -1.752 
-1.663 -1.597 -1.564 -1.566 -1.594 -1.638 -1.688 -1.738 -1.786 -1.829 
-1.868 -1.903 -1.933 -1.957 -1.977 -1.992 -2.001 -2.004 -2.003 -1.996 
-1.983 -1.966 -1.946 -1.922 -1.899 -1.878 -1.863 -1.859 -1.870 -1.896 
-1.938 -1.993 -2.058 -2.129 -2.202 -2.276 -2.347 -2.416 -2.482 -2.543 
-2.596 
-2.731 -2.775 -2.828 -2.877 -2.923 -2.965 -3.003 -3.038 -3.071 -3.100 
-3.126 -3.149 -3.170 -3.188 -3.203 -3.216 -3.226 -3.233 -3.238 -3.241 
-3.241 -3.238 -3.233 -3.226 -3.215 -3.203 -3.187 -3.169 -3.148 -3.124 
-3.097 -3.067 -3.033 -2.996 -2.956 -2.911 -2.862 -2.809 -2.751 -2.687 
-2.618 -2.542 -2.459 -2.369 -2.269 -2.160 -2.042 -1.916 -1.787 -1.665 
-1.567 -1.510 -1.501 -1.537 -1.604 -1.686 -1.769 -1.847 -1.916 -1.975 
-2.025 -2.066 -2.098 -2.122 -2.139 -2.148 -2.150 -2.146 -2.135 -2.118 
-2.097 -2.070 -2.041 -2.011 -1.983 -1.959 -1.944 -1.942 -1.955 -1.984 
-2.028 -2.086 -2.153 -2.226 -2.302 -2.379 -2.453 -2.525 -2.593 -2.658 
-2.711 
-2.952 -3.004 -3.051 -3.095 -3.135 -3.172 -3.205 -3.236 -3.263 -3.288 
-3.309 -3.328 -3.344 -3.358 -3.369 -3.377 -3.383 -3.386 -3.387 -3.385 
-3.381 -3.374 -3.364 -3.352 -3.337 -3.320 -3.300 -3.276 -3.250 -3.221 
-3.188 -3.152 -3.112 -3.068 -3.020 -2.968 -2.910 -2.848 -2.779 -2.704 
-2.622 -2.531 -2.432 -2.323 -2.204 -2.076 -1.942 -1.807 -1.683 -1.586 
-1.537 -1.545 -1.602 -1.687 -1.782 -1.873 -1.956 -2.027 -2.086 -2.134 
-2.173 -2.202 -2.222 -2.233 -2.237 -2.234 -2.223 -2.206 -2.182 -2.153 
-2.121 -2.086 -2.052 -2.024 -2.005 -2.002 -2.017 -2.050 -2.101 -2.165 
-2.239 -2.318 -2.399 -2.480 -2.559 -2.635 -2.707 -2.775 -2.838 -2.898 
-2.936 
-3.111 -3.158 -3.199 -3.236 -3.271 -3.301 -3.329 -3.354 -3.376 -3.396 
-3.412 -3.426 -3.437 -3.446 -3.452 -3.456 -3.457 -3.456 -3.452 -3.445 
-3.436 -3.425 -3.410 -3.393 -3.373 -3.351 -3.325 -3.296 -3.264 -3.228 
-3.189 -3.146 -3.099 -3.047 -2.991 -2.930 -2.863 -2.790 -2.710 -2.622 
-2.527 -2.423 -2.310 -2.189 -2.064 -1.941 -1.833 -1.755 -1.720 -1.725 
-1.763 -1.828 -1.910 -1.994 -2.072 -2.140 -2.197 -2.245 -2.282 -2.310 
-2.330 -2.342 -2.347 -2.344 -2.334 -2.317 -2.294 -2.265 -2.232 -2.195 
-2.158 -2.123 -2.096 -2.083 -2.087 -2.111 -2.155 -2.215 -2.287 -2.366 
-2.448 -2.531 -2.612 -2.689 -2.763 -2.832 -2.897 -2.957 -3.014 -3.066 
-3.097 
-3.113 -3.140 -3.179 -3.215 -3.247 -3.276 -3.302 -3.326 -3.346 -3.364 
-3.379 -3.391 -3.401 -3.408 -3.413 -3.415 -3.415 -3.412 -3.407 -3.399 
-3.389 -3.376 -3.360 -3.342 -3.320 -3.296 -3.269 -3.239 -3.205 -3.168 
-3.127 -3.083 -3.034 -2.981 -2.923 -2.859 -2.790 -2.715 -2.633 -2.543 
-2.446 -2.339 -2.224 -2.100 -1.973 -1.848 -1.739 -1.662 -1.628 -1.645 
-1.705 -1.787 -1.874 -1.955 -2.027 -2.088 -2.138 -2.179 -2.209 -2.231 
-2.245 -2.250 -2.248 -2.238 -2.221 -2.196 -2.165 -2.127 -2.085 -2.039 
-1.996 -1.958 -1.935 -1.932 -1.955 -2.004 -2.073 -2.157 -2.248 -2.341 
-2.433 -2.521 -2.604 -2.683 -2.756 -2.825 -2.888 -2.947 -3.001 -3.051 
-3.097 
-3.141 -3.188 -3.226 -3.262 -3.294 -3.323 -3.349 -3.373 -3.393 -3.411 
-3.427 -3.439 -3.450 -3.457 -3.463 -3.465 -3.466 -3.464 -3.459 -3.452 
-3.442 -3.430 -3.415 -3.398 -3.377 -3.354 -3.328 -3.299 -3.267 -3.231 
-3.192 -3.149 -3.102 -3.051 -2.995 -2.934 -2.868 -2.795 -2.716 -2.629 
-2.534 -2.430 -2.316 -2.191 -2.056 -1.913 -1.768 -1.638 -1.546 -1.518 
-1.559 -1.648 -1.753 -1.855 -1.946 -2.024 -2.088 -2.140 -2.181 -2.212 
-2.233 -2.247 -2.252 -2.249 -2.240 -2.224 -2.202 -2.176 -2.146 -2.115 
-2.085 -2.061 -2.048 -2.049 -2.070 -2.112 -2.173 -2.248 -2.331 -2.417 
-2.503 -2.587 -2.666 -2.742 -2.812 -2.879 -2.940 -2.998 -3.051 -3.100 
-3.128 
-3.062 -3.092 -3.133 -3.170 -3.205 -3.235 -3.263 -3.288 -3.310 -3.329 
-3.345 -3.359 -3.370 -3.378 -3.384 -3.387 -3.388 -3.386 -3.382 -3.375 
-3.365 -3.353 -3.338 -3.321 -3.300 -3.277 -3.251 -3.221 -3.189 -3.153 
-3.113 -3.070 -3.022 -2.971 -2.914 -2.853 -2.786 -2.714 -2.635 -2.549 
-2.456 -2.357 -2.250 -2.138 -2.024 -1.915 -1.819 -1.747 -1.709 -1.716 
-1.764 -1.837 -1.916 -1.991 -2.058 -2.116 -2.164 -2.204 -2.234 -2.256 
-2.271 -2.278 -2.277 -2.269 -2.254 -2.232 -2.204 -2.169 -2.129 -2.084 
-2.036 -1.990 -1.948 -1.920 -1.912 -1.932 -1.981 -2.054 -2.142 -2.238 
-2.335 -2.430 -2.520 -2.604 -2.683 -2.756 -2.824 -2.887 -2.945 -2.998 
-3.045 
-3.038 -3.077 -3.115 -3.150 -3.181 -3.210 -3.236 -3.259 -3.280 -3.297 
-3.312 -3.325 -3.335 -3.343 -3.348 -3.350 -3.351 -3.348 -3.344 -3.336 
-3.327 -3.314 -3.299 -3.282 -3.262 -3.238 -3.212 -3.183 -3.151 -3.115 
-3.076 -3.033 -2.986 -2.935 -2.879 -2.819 -2.753 -2.681 -2.602 -2.517 
-2.424 -2.323 -2.214 -2.097 -1.976 -1.856 -1.748 -1.666 -1.626 -1.630 
-1.670 -1.730 -1.794 -1.854 -1.908 -1.957 -2.001 -2.040 -2.073 -2.100 
-2.120 -2.133 -2.139 -2.138 -2.131 -2.118 -2.101 -2.081 -2.058 -2.036 
-2.016 -2.003 -1.998 -2.006 -2.027 -2.065 -2.117 -2.183 -2.257 -2.335 
-2.414 -2.492 -2.568 -2.640 -2.709 -2.773 -2.833 -2.889 -2.942 -2.990 
-3.025 
-3.033 -3.061 -3.109 -3.154 -3.195 -3.232 -3.267 -3.298 -3.327 -3.352 
-3.375 -3.395 -3.413 -3.428 -3.440 -3.451 -3.458 -3.463 -3.466 -3.466 
-3.464 -3.460 -3.452 -3.443 -3.431 -3.416 -3.399 -3.378 -3.355 -3.329 
-3.300 -3.268 -3.232 -3.193 -3.149 -3.101 -3.049 -2.991 -2.927 -2.856 
-2.778 -2.690 -2.590 -2.474 -2.339 -2.185 -2.050 -2.009 -2.018 -2.017 
-2.002 -1.975 -1.942 -1.912 -1.896 -1.898 -1.916 -1.947 -1.984 -2.022 
-2.057 -2.088 -2.112 -2.130 -2.141 -2.145 -2.143 -2.135 -2.121 -2.104 
-2.085 -2.065 -2.047 -2.033 -2.027 -2.030 -2.044 -2.070 -2.115 -2.182 
-2.265 -2.353 -2.442 -2.528 -2.611 -2.688 -2.762 -2.830 -2.894 -2.954 
-3.012 
-3.197 -3.262 -3.317 -3.367 -3.412 -3.454 -3.491 -3.525 -3.555 -3.581 
-3.605 -3.625 -3.643 -3.657 -3.669 -3.678 -3.684 -3.687 -3.687 -3.685 
-3.680 -3.672 -3.661 -3.647 -3.630 -3.610 -3.587 -3.561 -3.531 -3.497 
-3.459 -3.416 -3.369 -3.317 -3.259 -3.194 -3.122 -3.042 -2.951 -2.848 
-2.730 -2.593 -2.432 -2.240 -2.017 -1.792 -1.648 -1.665 -1.809 -1.982 
-2.128 -2.236 -2.310 -2.359 -2.395 -2.430 -2.468 -2.507 -2.546 -2.582 
-2.613 -2.637 -2.655 -2.666 -2.669 -2.665 -2.653 -2.634 -2.607 -2.573 
-2.530 -2.479 -2.419 -2.350 -2.272 -2.187 -2.105 -2.046 -2.036 -2.087 
-2.188 -2.315 -2.447 -2.574 -2.691 -2.798 -2.895 -2.983 -3.063 -3.135 
-3.178 
-3.219 -3.275 -3.331 -3.382 -3.429 -3.471 -3.509 -3.543 -3.573 -3.600 
-3.624 -3.645 -3.663 -3.677 -3.689 -3.698 -3.704 -3.708 -3.709 -3.707 
-3.702 -3.695 -3.685 -3.672 -3.656 -3.637 -3.615 -3.590 -3.562 -3.531 
-3.495 -3.456 -3.413 -3.366 -3.314 -3.257 -3.194 -3.124 -3.048 -2.964 
-2.870 -2.765 -2.647 -2.512 -2.356 -2.183 -2.033 -1.978 -1.984 -2.017 
-2.080 -2.163 -2.252 -2.337 -2.412 -2.479 -2.536 -2.583 -2.621 -2.652 
-2.674 -2.688 -2.694 -2.694 -2.686 -2.671 -2.650 -2.622 -2.589 -2.552 
-2.512 -2.473 -2.436 -2.399 -2.358 -2.310 -2.255 -2.203 -2.177 -2.193 
-2.253 -2.347 -2.459 -2.577 -2.691 -2.799 -2.898 -2.988 -3.070 -3.145 
-3.197 
-3.141 -3.168 -3.209 -3.246 -3.279 -3.310 -3.337 -3.362 -3.384 -3.403 
-3.419 -3.433 -3.444 -3.452 -3.458 -3.462 -3.463 -3.462 -3.458 -3.452 
-3.444 -3.433 -3.419 -3.403 -3.384 -3.362 -3.338 -3.311 -3.280 -3.247 
-3.210 -3.170 -3.127 -3.080 -3.029 -2.973 -2.914 -2.850 -2.781 -2.707 
-2.629 -2.547 -2.461 -2.373 -2.283 -2.195 -2.111 -2.037 -1.980 -1.949 
-1.944 -1.959 -1.988 -2.025 -2.065 -2.104 -2.140 -2.171 -2.195 -2.212 
-2.223 -2.226 -2.223 -2.212 -2.194 -2.170 -2.140 -2.105 -2.066 -2.027 
-1.991 -1.964 -1.952 -1.958 -1.988 -2.039 -2.107 -2.181 -2.257 -2.336 
-2.420 -2.508 -2.596 -2.681 -2.761 -2.835 -2.902 -2.965 -3.022 -3.075 
-3.125 
-3.175 -3.215 -3.255 -3.290 -3.323 -3.352 -3.378 -3.401 -3.421 -3.438 
-3.452 -3.464 -3.473 -3.479 -3.483 -3.484 -3.483 -3.479 -3.472 -3.463 
-3.451 -3.437 -3.420 -3.400 -3.377 -3.351 -3.322 -3.290 -3.255 -3.216 
-3.174 -3.128 -3.078 -3.024 -2.966 -2.903 -2.836 -2.765 -2.690 -2.612 
-2.532 -2.452 -2.377 -2.309 -2.253 -2.212 -2.187 -2.177 -2.178 -2.190 
-2.211 -2.240 -2.274 -2.309 -2.344 -2.375 -2.401 -2.422 -2.436 -2.444 
-2.445 -2.439 -2.426 -2.406 -2.378 -2.343 -2.300 -2.250 -2.192 -2.128 
-2.061 -1.995 -1.939 -1.906 -1.906 -1.947 -2.024 -2.124 -2.234 -2.346 
-2.454 -2.555 -2.649 -2.735 -2.815 -2.888 -2.955 -3.016 -3.073 -3.125 
-3.154 
