IRGRID 64 91
1e+308

0.025 0.03 0.035 0.04 0.045 0.05 0.055 0.06 0.065 0.07
0.075 0.08 0.085 0.09 0.095 0.1 0.11 0.12 0.13 0.14
0.15 0.16 0.17 0.18 0.19 0.2 0.21 0.22 0.23 0.24
0.25 0.26 0.27 0.28 0.29 0.3 0.31 0.32 0.33 0.34
0.35 0.36 0.37 0.38 0.39 0.4 0.41 0.42 0.43 0.44
0.45 0.46 0.47 0.48 0.49 0.5 0.51 0.52 0.53 0.54
0.55 0.56 0.57 0.58
0 4 8 12 16 20 24 28 32 36
40 44 48 52 56 60 64 68 72 76
80 84 88 92 96 100 104 108 112 116
120 124 128 132 136 140 144 148 152 156
160 164 168 172 176 180 184 188 192 196
200 204 208 212 216 220 224 228 232 236
240 244 248 252 256 260 264 268 272 276
280 284 288 292 296 300 304 308 312 316
320 324 328 332 336 340 344 348 352 356
360
-4.000 -4.000 -4.000 -4.000 -4.000 -4.000 -4.000 -4.000 -4.000 -4.000 
-4.000 -4.000 -4.000 -4.000 -4.000 -4.000 -4.000 -4.000 -4.000 -4.000 
-4.000 -4.000 -4.000 -4.000 -4.000 -4.000 -4.000 -4.000 -4.000 -4.000 
-4.000 -4.000 -4.000 -4.000 -4.000 -4.000 -4.000 -4.000 -4.000 -4.000 
-4.000 -4.000 -4.000 -4.000 -4.000 -4.000 -4.000 -4.000 -4.000 -3.958 
-3.883 -3.804 -3.724 -3.649 -3.584 -3.536 -3.508 -3.501 -3.511 -3.539 
-3.585 -3.646 -3.717 -3.793 -3.868 -3.940 -4.000 -4.000 -4.000 -4.000 
-4.000 -4.000 -4.000 -4.000 -4.000 -4.000 -4.000 -4.000 -4.000 -4.000 
-4.000 -4.000 -4.000 -4.000 -4.000 -4.000 -4.000 -4.000 -4.000 -4.000 
-4.000 
-3.890 -3.952 -3.957 -3.962 -3.965 -3.968 -3.969 -3.970 -3.970 -3.969 
-3.967 -3.964 -3.962 -3.960 -3.957 -3.955 -3.954 -3.954 -3.954 -3.956 
-3.957 -3.960 -3.963 -3.966 -3.969 -3.971 -3.972 -3.973 -3.972 -3.969 
-3.965 -3.958 -3.949 -3.937 -3.923 -3.905 -3.884 -3.859 -3.831 -3.799 
-3.762 -3.720 -3.674 -3.622 -3.566 -3.504 -3.437 -3.367 -3.296 -3.226 
-3.164 -3.114 -3.080 -3.062 -3.052 -3.046 -3.038 -3.029 -3.025 -3.035 
-3.064 -3.112 -3.174 -3.243 -3.313 -3.381 -3.444 -3.502 -3.554 -3.600 
-3.642 -3.679 -3.711 -3.739 -3.764 -3.786 -3.806 -3.822 -3.837 -3.851 
-3.862 -3.873 -3.883 -3.892 -3.901 -3.909 -3.917 -3.925 -3.933 -3.940 
-3.892 
-3.306 -3.323 -3.338 -3.354 -3.372 -3.390 -3.408 -3.426 -3.445 -3.462 
-3.479 -3.495 -3.510 -3.524 -3.536 -3.547 -3.557 -3.564 -3.571 -3.575 
-3.578 -3.579 -3.578 -3.575 -3.570 -3.564 -3.554 -3.543 -3.529 -3.513 
-3.495 -3.474 -3.450 -3.423 -3.393 -3.361 -3.325 -3.286 -3.243 -3.197 
-3.148 -3.094 -3.037 -2.976 -2.911 -2.842 -2.770 -2.696 -2.623 -2.556 
-2.499 -2.461 -2.445 -2.454 -2.484 -2.529 -2.584 -2.641 -2.698 -2.754 
-2.808 -2.859 -2.908 -2.953 -2.994 -3.030 -3.063 -3.092 -3.117 -3.139 
-3.158 -3.174 -3.187 -3.199 -3.208 -3.216 -3.222 -3.228 -3.232 -3.236 
-3.239 -3.243 -3.247 -3.251 -3.255 -3.261 -3.268 -3.276 -3.285 -3.296 
-3.300 
-2.920 -2.934 -2.933 -2.934 -2.936 -2.939 -2.943 -2.947 -2.952 -2.958 
-2.964 -2.972 -2.982 -2.994 -3.007 -3.021 -3.036 -3.052 -3.068 -3.083 
-3.098 -3.111 -3.123 -3.132 -3.140 -3.145 -3.148 -3.148 -3.146 -3.141 
-3.133 -3.122 -3.109 -3.093 -3.074 -3.052 -3.028 -3.001 -2.972 -2.940 
-2.907 -2.872 -2.837 -2.800 -2.764 -2.728 -2.692 -2.656 -2.619 -2.583 
-2.545 -2.507 -2.469 -2.432 -2.399 -2.376 -2.372 -2.393 -2.437 -2.498 
-2.565 -2.633 -2.697 -2.755 -2.807 -2.853 -2.893 -2.927 -2.956 -2.981 
-3.001 -3.017 -3.030 -3.039 -3.045 -3.048 -3.048 -3.045 -3.041 -3.034 
-3.026 -3.017 -3.006 -2.995 -2.984 -2.973 -2.963 -2.954 -2.946 -2.940 
-2.920 
-2.647 -2.617 -2.601 -2.583 -2.565 -2.547 -2.529 -2.512 -2.498 -2.486 
-2.478 -2.473 -2.473 -2.477 -2.486 -2.497 -2.512 -2.530 -2.549 -2.569 
-2.589 -2.609 -2.628 -2.646 -2.663 -2.678 -2.690 -2.701 -2.709 -2.715 
-2.719 -2.721 -2.720 -2.716 -2.710 -2.702 -2.691 -2.676 -2.659 -2.638 
-2.614 -2.587 -2.555 -2.519 -2.479 -2.434 -2.384 -2.328 -2.266 -2.199 
-2.125 -2.046 -1.964 -1.885 -1.815 -1.764 -1.743 -1.755 -1.799 -1.865 
-1.943 -2.026 -2.108 -2.184 -2.254 -2.318 -2.374 -2.424 -2.466 -2.502 
-2.532 -2.556 -2.575 -2.589 -2.600 -2.608 -2.614 -2.621 -2.628 -2.636 
-2.645 -2.654 -2.661 -2.667 -2.670 -2.671 -2.668 -2.663 -2.655 -2.645 
-2.655 
-2.673 -2.700 -2.713 -2.722 -2.728 -2.731 -2.731 -2.729 -2.725 -2.719 
-2.713 -2.706 -2.700 -2.694 -2.688 -2.684 -2.681 -2.680 -2.681 -2.684 
-2.689 -2.695 -2.702 -2.710 -2.717 -2.724 -2.731 -2.736 -2.740 -2.744 
-2.747 -2.750 -2.753 -2.755 -2.757 -2.760 -2.762 -2.765 -2.766 -2.768 
-2.768 -2.767 -2.764 -2.758 -2.750 -2.739 -2.723 -2.703 -2.677 -2.646 
-2.607 -2.563 -2.512 -2.458 -2.407 -2.366 -2.345 -2.347 -2.370 -2.402 
-2.436 -2.466 -2.489 -2.504 -2.514 -2.517 -2.516 -2.510 -2.500 -2.486 
-2.468 -2.446 -2.422 -2.398 -2.375 -2.356 -2.343 -2.338 -2.342 -2.355 
-2.377 -2.405 -2.438 -2.474 -2.510 -2.545 -2.579 -2.610 -2.638 -2.662 
-2.663 
-2.574 -2.562 -2.552 -2.539 -2.524 -2.506 -2.485 -2.463 -2.438 -2.412 
-2.384 -2.356 -2.328 -2.301 -2.275 -2.251 -2.231 -2.215 -2.203 -2.197 
-2.195 -2.200 -2.210 -2.225 -2.245 -2.270 -2.298 -2.328 -2.358 -2.388 
-2.417 -2.444 -2.469 -2.492 -2.512 -2.530 -2.546 -2.559 -2.569 -2.577 
-2.582 -2.585 -2.585 -2.583 -2.577 -2.569 -2.558 -2.544 -2.527 -2.507 
-2.484 -2.458 -2.428 -2.395 -2.358 -2.317 -2.271 -2.218 -2.157 -2.083 
-1.991 -1.872 -1.724 -1.579 -1.542 -1.654 -1.810 -1.943 -2.044 -2.121 
-2.182 -2.232 -2.274 -2.309 -2.340 -2.367 -2.392 -2.414 -2.436 -2.457 
-2.478 -2.498 -2.516 -2.532 -2.546 -2.557 -2.566 -2.571 -2.573 -2.572 
-2.578 
-2.365 -2.404 -2.398 -2.392 -2.383 -2.373 -2.362 -2.349 -2.333 -2.316 
-2.295 -2.272 -2.246 -2.218 -2.186 -2.152 -2.117 -2.081 -2.046 -2.013 
-1.986 -1.966 -1.955 -1.954 -1.964 -1.983 -2.009 -2.041 -2.076 -2.112 
-2.148 -2.182 -2.214 -2.243 -2.268 -2.290 -2.307 -2.321 -2.332 -2.338 
-2.340 -2.337 -2.331 -2.320 -2.305 -2.284 -2.259 -2.228 -2.191 -2.147 
-2.096 -2.036 -1.966 -1.882 -1.783 -1.663 -1.514 -1.327 -1.100 -0.898 
-0.882 -0.957 -0.929 -0.845 -0.834 -0.949 -1.135 -1.327 -1.494 -1.634 
-1.751 -1.851 -1.937 -2.010 -2.074 -2.130 -2.179 -2.221 -2.258 -2.290 
-2.317 -2.340 -2.359 -2.375 -2.387 -2.397 -2.404 -2.408 -2.410 -2.410 
-2.366 
-1.882 -1.900 -1.910 -1.920 -1.930 -1.942 -1.954 -1.967 -1.981 -1.996 
-2.012 -2.028 -2.044 -2.060 -2.075 -2.090 -2.102 -2.114 -2.123 -2.131 
-2.138 -2.145 -2.153 -2.162 -2.173 -2.184 -2.196 -2.208 -2.219 -2.227 
-2.234 -2.237 -2.238 -2.236 -2.230 -2.222 -2.210 -2.195 -2.177 -2.155 
-2.130 -2.100 -2.067 -2.030 -1.988 -1.941 -1.889 -1.831 -1.767 -1.694 
-1.613 -1.522 -1.418 -1.299 -1.160 -0.997 -0.802 -0.569 -0.319 -0.130 
-0.114 -0.281 -0.503 -0.688 -0.835 -0.978 -1.112 -1.225 -1.319 -1.399 
-1.466 -1.523 -1.572 -1.614 -1.651 -1.682 -1.708 -1.731 -1.751 -1.768 
-1.783 -1.796 -1.808 -1.820 -1.830 -1.841 -1.851 -1.861 -1.871 -1.881 
-1.883 
-1.631 -1.639 -1.671 -1.701 -1.731 -1.760 -1.788 -1.814 -1.839 -1.863 
-1.886 -1.907 -1.927 -1.947 -1.966 -1.984 -2.002 -2.019 -2.035 -2.050 
-2.064 -2.078 -2.089 -2.100 -2.109 -2.116 -2.121 -2.124 -2.126 -2.125 
-2.122 -2.116 -2.109 -2.098 -2.086 -2.070 -2.052 -2.031 -2.007 -1.979 
-1.949 -1.915 -1.877 -1.835 -1.789 -1.738 -1.682 -1.620 -1.552 -1.477 
-1.393 -1.300 -1.195 -1.075 -0.939 -0.780 -0.593 -0.371 -0.119 0.116 
0.293 0.336 -0.022 -0.286 -0.484 -0.640 -0.765 -0.868 -0.953 -1.025 
-1.085 -1.137 -1.180 -1.217 -1.248 -1.275 -1.298 -1.319 -1.337 -1.354 
-1.370 -1.387 -1.404 -1.423 -1.444 -1.467 -1.492 -1.519 -1.547 -1.577 
-1.616 
-1.656 -1.660 -1.660 -1.658 -1.656 -1.652 -1.649 -1.645 -1.642 -1.639 
-1.637 -1.637 -1.639 -1.642 -1.648 -1.655 -1.664 -1.675 -1.687 -1.700 
-1.714 -1.728 -1.743 -1.757 -1.770 -1.783 -1.795 -1.805 -1.814 -1.821 
-1.826 -1.830 -1.831 -1.830 -1.826 -1.820 -1.812 -1.800 -1.786 -1.769 
-1.749 -1.725 -1.697 -1.666 -1.630 -1.590 -1.544 -1.493 -1.436 -1.371 
-1.298 -1.215 -1.119 -1.008 -0.877 -0.717 -0.515 -0.249 0.049 0.284 
0.620 0.751 0.407 -0.052 -0.362 -0.580 -0.747 -0.881 -0.992 -1.085 
-1.165 -1.234 -1.294 -1.346 -1.392 -1.431 -1.465 -1.495 -1.521 -1.544 
-1.564 -1.581 -1.596 -1.609 -1.621 -1.631 -1.639 -1.647 -1.652 -1.656 
-1.658 
-1.692 -1.699 -1.697 -1.696 -1.695 -1.695 -1.696 -1.699 -1.703 -1.708 
-1.714 -1.721 -1.729 -1.738 -1.749 -1.760 -1.771 -1.783 -1.796 -1.808 
-1.820 -1.832 -1.843 -1.853 -1.863 -1.871 -1.877 -1.882 -1.886 -1.887 
-1.887 -1.884 -1.880 -1.873 -1.864 -1.852 -1.837 -1.820 -1.799 -1.776 
-1.748 -1.718 -1.683 -1.644 -1.600 -1.551 -1.496 -1.434 -1.364 -1.285 
-1.196 -1.092 -0.972 -0.829 -0.654 -0.433 -0.142 0.194 0.414 0.335 
0.253 0.273 -0.171 -0.481 -0.695 -0.856 -0.985 -1.092 -1.183 -1.261 
-1.328 -1.387 -1.439 -1.484 -1.523 -1.558 -1.588 -1.613 -1.635 -1.654 
-1.669 -1.681 -1.691 -1.698 -1.703 -1.706 -1.707 -1.707 -1.706 -1.704 
-1.693 
-1.650 -1.631 -1.631 -1.635 -1.642 -1.654 -1.669 -1.688 -1.711 -1.736 
-1.763 -1.791 -1.821 -1.852 -1.882 -1.912 -1.942 -1.970 -1.997 -2.023 
-2.046 -2.068 -2.089 -2.107 -2.123 -2.136 -2.148 -2.158 -2.165 -2.170 
-2.172 -2.172 -2.169 -2.164 -2.157 -2.146 -2.133 -2.117 -2.098 -2.076 
-2.050 -2.021 -1.988 -1.951 -1.910 -1.864 -1.813 -1.755 -1.692 -1.620 
-1.539 -1.448 -1.343 -1.221 -1.076 -0.899 -0.673 -0.374 -0.050 0.130 
0.226 0.244 -0.021 -0.363 -0.629 -0.827 -0.980 -1.103 -1.205 -1.290 
-1.363 -1.424 -1.476 -1.520 -1.558 -1.589 -1.615 -1.636 -1.652 -1.664 
-1.672 -1.677 -1.678 -1.677 -1.674 -1.668 -1.662 -1.654 -1.647 -1.640 
-1.651 
-1.875 -1.867 -1.852 -1.838 -1.826 -1.816 -1.808 -1.804 -1.804 -1.809 
-1.819 -1.833 -1.852 -1.875 -1.901 -1.929 -1.959 -1.989 -2.019 -2.048 
-2.076 -2.103 -2.127 -2.149 -2.169 -2.186 -2.201 -2.213 -2.223 -2.230 
-2.234 -2.236 -2.235 -2.232 -2.226 -2.217 -2.206 -2.192 -2.175 -2.155 
-2.133 -2.106 -2.077 -2.043 -2.005 -1.962 -1.914 -1.860 -1.800 -1.731 
-1.653 -1.564 -1.461 -1.339 -1.194 -1.013 -0.777 -0.444 -0.010 0.278 
0.130 -0.116 -0.431 -0.642 -0.848 -1.041 -1.200 -1.330 -1.437 -1.527 
-1.603 -1.669 -1.724 -1.772 -1.813 -1.848 -1.876 -1.900 -1.919 -1.934 
-1.944 -1.951 -1.954 -1.953 -1.950 -1.944 -1.935 -1.924 -1.911 -1.897 
-1.881 
-2.347 -2.387 -2.385 -2.382 -2.378 -2.373 -2.369 -2.365 -2.363 -2.363 
-2.364 -2.368 -2.374 -2.380 -2.387 -2.393 -2.399 -2.403 -2.406 -2.406 
-2.405 -2.401 -2.395 -2.387 -2.377 -2.365 -2.352 -2.337 -2.322 -2.305 
-2.287 -2.269 -2.250 -2.231 -2.211 -2.190 -2.169 -2.148 -2.126 -2.103 
-2.079 -2.054 -2.028 -1.999 -1.969 -1.936 -1.900 -1.860 -1.816 -1.768 
-1.713 -1.651 -1.581 -1.500 -1.405 -1.290 -1.145 -0.950 -0.652 -0.279 
-0.387 -0.374 -0.321 -0.339 -0.495 -0.724 -0.947 -1.139 -1.300 -1.438 
-1.556 -1.660 -1.751 -1.833 -1.905 -1.971 -2.029 -2.082 -2.130 -2.172 
-2.210 -2.244 -2.274 -2.300 -2.322 -2.341 -2.356 -2.368 -2.377 -2.383 
-2.343 
-2.374 -2.429 -2.449 -2.467 -2.483 -2.498 -2.511 -2.523 -2.533 -2.542 
-2.549 -2.554 -2.558 -2.560 -2.561 -2.560 -2.557 -2.553 -2.548 -2.541 
-2.532 -2.522 -2.511 -2.498 -2.484 -2.468 -2.451 -2.433 -2.413 -2.392 
-2.370 -2.346 -2.322 -2.295 -2.268 -2.239 -2.208 -2.176 -2.141 -2.105 
-2.067 -2.027 -1.983 -1.937 -1.887 -1.833 -1.773 -1.708 -1.636 -1.555 
-1.461 -1.351 -1.217 -1.046 -0.812 -0.474 -0.141 -0.315 -0.455 -0.364 
-0.207 -0.154 -0.267 -0.460 -0.686 -0.896 -1.073 -1.221 -1.347 -1.455 
-1.550 -1.634 -1.709 -1.776 -1.838 -1.894 -1.945 -1.993 -2.037 -2.079 
-2.118 -2.155 -2.189 -2.222 -2.253 -2.283 -2.311 -2.337 -2.363 -2.386 
-2.370 
-1.923 -1.956 -1.983 -2.010 -2.036 -2.060 -2.083 -2.105 -2.126 -2.145 
-2.163 -2.179 -2.193 -2.206 -2.218 -2.227 -2.235 -2.241 -2.246 -2.249 
-2.249 -2.249 -2.246 -2.241 -2.234 -2.226 -2.215 -2.203 -2.188 -2.171 
-2.152 -2.130 -2.106 -2.080 -2.051 -2.019 -1.984 -1.946 -1.904 -1.860 
-1.811 -1.758 -1.700 -1.636 -1.567 -1.491 -1.407 -1.314 -1.209 -1.090 
-0.953 -0.792 -0.596 -0.350 -0.024 0.363 0.628 0.458 0.112 -0.178 
-0.344 -0.453 -0.609 -0.766 -0.892 -0.994 -1.078 -1.149 -1.210 -1.263 
-1.310 -1.352 -1.390 -1.426 -1.458 -1.489 -1.519 -1.547 -1.576 -1.604 
-1.632 -1.661 -1.690 -1.719 -1.749 -1.779 -1.809 -1.839 -1.869 -1.898 
-1.915 
-1.661 -1.673 -1.704 -1.735 -1.764 -1.791 -1.817 -1.841 -1.863 -1.883 
-1.902 -1.918 -1.932 -1.945 -1.955 -1.963 -1.970 -1.974 -1.975 -1.975 
-1.973 -1.968 -1.961 -1.952 -1.941 -1.927 -1.911 -1.892 -1.871 -1.847 
-1.820 -1.791 -1.758 -1.723 -1.684 -1.642 -1.597 -1.547 -1.494 -1.436 
-1.374 -1.306 -1.233 -1.153 -1.066 -0.970 -0.864 -0.747 -0.616 -0.467 
-0.300 -0.115 0.071 0.224 0.365 0.605 0.810 0.665 0.348 0.054 
-0.162 -0.326 -0.457 -0.565 -0.657 -0.735 -0.804 -0.863 -0.916 -0.962 
-1.004 -1.041 -1.076 -1.107 -1.137 -1.165 -1.192 -1.220 -1.248 -1.276 
-1.305 -1.336 -1.367 -1.400 -1.433 -1.468 -1.502 -1.537 -1.572 -1.606 
-1.647 
-1.570 -1.608 -1.624 -1.639 -1.652 -1.664 -1.673 -1.681 -1.687 -1.692 
-1.695 -1.696 -1.695 -1.692 -1.688 -1.681 -1.673 -1.663 -1.651 -1.638 
-1.622 -1.604 -1.584 -1.562 -1.538 -1.512 -1.483 -1.452 -1.419 -1.383 
-1.344 -1.303 -1.259 -1.212 -1.162 -1.108 -1.050 -0.989 -0.923 -0.853 
-0.777 -0.696 -0.608 -0.512 -0.407 -0.290 -0.160 -0.011 0.162 0.360 
0.556 0.676 0.756 0.803 0.762 0.659 0.583 0.403 0.200 0.040 
-0.093 -0.210 -0.313 -0.407 -0.494 -0.573 -0.647 -0.717 -0.781 -0.842 
-0.899 -0.953 -1.004 -1.052 -1.097 -1.140 -1.181 -1.220 -1.257 -1.292 
-1.326 -1.359 -1.390 -1.420 -1.448 -1.475 -1.501 -1.525 -1.548 -1.570 
-1.565 
-1.404 -1.387 -1.400 -1.412 -1.423 -1.432 -1.440 -1.447 -1.452 -1.456 
-1.458 -1.459 -1.458 -1.456 -1.452 -1.446 -1.439 -1.429 -1.418 -1.405 
-1.390 -1.373 -1.353 -1.331 -1.307 -1.281 -1.252 -1.220 -1.185 -1.147 
-1.106 -1.062 -1.014 -0.962 -0.907 -0.847 -0.784 -0.717 -0.646 -0.572 
-0.495 -0.413 -0.327 -0.234 -0.128 -0.006 0.140 0.318 0.534 0.767 
0.936 0.943 0.808 0.641 0.479 0.315 0.162 0.027 -0.090 -0.194 
-0.285 -0.368 -0.442 -0.510 -0.572 -0.628 -0.681 -0.730 -0.775 -0.818 
-0.858 -0.896 -0.932 -0.967 -0.999 -1.031 -1.061 -1.089 -1.117 -1.144 
-1.170 -1.194 -1.218 -1.241 -1.263 -1.284 -1.304 -1.323 -1.340 -1.357 
-1.397 
-1.651 -1.690 -1.696 -1.700 -1.703 -1.703 -1.701 -1.698 -1.692 -1.684 
-1.675 -1.663 -1.649 -1.632 -1.614 -1.593 -1.570 -1.544 -1.515 -1.484 
-1.450 -1.414 -1.374 -1.331 -1.286 -1.236 -1.184 -1.128 -1.068 -1.004 
-0.937 -0.866 -0.792 -0.714 -0.634 -0.552 -0.470 -0.389 -0.311 -0.238 
-0.172 -0.114 -0.064 -0.022 0.015 0.050 0.086 0.131 0.197 0.298 
0.409 0.403 0.288 0.178 0.091 0.013 -0.065 -0.146 -0.231 -0.319 
-0.407 -0.495 -0.581 -0.663 -0.741 -0.815 -0.885 -0.950 -1.011 -1.069 
-1.123 -1.173 -1.220 -1.265 -1.306 -1.345 -1.382 -1.416 -1.448 -1.478 
-1.506 -1.532 -1.556 -1.578 -1.598 -1.617 -1.633 -1.648 -1.662 -1.673 
-1.650 
-1.708 -1.711 -1.715 -1.718 -1.718 -1.716 -1.712 -1.706 -1.697 -1.686 
-1.673 -1.658 -1.640 -1.620 -1.597 -1.572 -1.545 -1.515 -1.482 -1.446 
-1.407 -1.366 -1.321 -1.273 -1.221 -1.166 -1.107 -1.045 -0.979 -0.908 
-0.834 -0.756 -0.675 -0.592 -0.506 -0.421 -0.339 -0.262 -0.192 -0.133 
-0.085 -0.047 -0.018 0.003 0.018 0.025 0.026 0.022 0.019 0.018 
0.020 0.025 0.030 0.033 0.031 0.019 -0.004 -0.043 -0.095 -0.159 
-0.231 -0.309 -0.389 -0.471 -0.554 -0.636 -0.717 -0.797 -0.873 -0.946 
-1.015 -1.081 -1.142 -1.200 -1.254 -1.304 -1.350 -1.394 -1.434 -1.471 
-1.505 -1.537 -1.565 -1.591 -1.614 -1.635 -1.654 -1.670 -1.683 -1.695 
-1.706 
-1.722 -1.723 -1.735 -1.746 -1.754 -1.760 -1.763 -1.764 -1.763 -1.760 
-1.754 -1.746 -1.736 -1.724 -1.709 -1.692 -1.672 -1.649 -1.624 -1.597 
-1.566 -1.533 -1.497 -1.457 -1.415 -1.369 -1.319 -1.266 -1.209 -1.148 
-1.083 -1.013 -0.940 -0.862 -0.781 -0.696 -0.609 -0.518 -0.425 -0.331 
-0.234 -0.137 -0.044 0.037 0.095 0.124 0.124 0.101 0.067 0.029 
-0.005 -0.034 -0.054 -0.068 -0.074 -0.076 -0.072 -0.063 -0.049 -0.036 
-0.045 -0.091 -0.157 -0.227 -0.302 -0.381 -0.464 -0.548 -0.634 -0.718 
-0.800 -0.878 -0.953 -1.025 -1.092 -1.155 -1.215 -1.270 -1.322 -1.371 
-1.416 -1.458 -1.497 -1.533 -1.566 -1.596 -1.623 -1.648 -1.671 -1.690 
-1.715 
-1.936 -1.957 -1.966 -1.973 -1.977 -1.979 -1.979 -1.976 -1.971 -1.964 
-1.954 -1.942 -1.927 -1.910 -1.891 -1.869 -1.845 -1.818 -1.788 -1.755 
-1.720 -1.681 -1.640 -1.596 -1.548 -1.497 -1.443 -1.386 -1.326 -1.263 
-1.198 -1.130 -1.062 -0.993 -0.926 -0.861 -0.799 -0.741 -0.686 -0.633 
-0.580 -0.527 -0.475 -0.428 -0.394 -0.379 -0.382 -0.396 -0.413 -0.425 
-0.429 -0.422 -0.402 -0.367 -0.316 -0.245 -0.155 -0.045 0.072 0.163 
0.183 0.115 -0.008 -0.155 -0.311 -0.464 -0.606 -0.734 -0.851 -0.956 
-1.053 -1.141 -1.223 -1.298 -1.367 -1.431 -1.491 -1.545 -1.596 -1.642 
-1.685 -1.725 -1.761 -1.794 -1.824 -1.851 -1.875 -1.897 -1.915 -1.932 
-1.933 
-2.100 -2.125 -2.139 -2.151 -2.160 -2.167 -2.172 -2.174 -2.174 -2.171 
-2.166 -2.159 -2.149 -2.137 -2.122 -2.105 -2.085 -2.063 -2.038 -2.010 
-1.979 -1.946 -1.909 -1.869 -1.826 -1.779 -1.729 -1.675 -1.617 -1.556 
-1.490 -1.420 -1.346 -1.267 -1.185 -1.098 -1.007 -0.911 -0.812 -0.710 
-0.610 -0.519 -0.446 -0.402 -0.388 -0.399 -0.427 -0.462 -0.496 -0.525 
-0.545 -0.554 -0.552 -0.537 -0.508 -0.463 -0.401 -0.321 -0.224 -0.122 
-0.038 0.016 0.032 -0.013 -0.122 -0.262 -0.398 -0.525 -0.657 -0.795 
-0.930 -1.055 -1.169 -1.272 -1.364 -1.449 -1.525 -1.595 -1.660 -1.718 
-1.772 -1.822 -1.867 -1.908 -1.946 -1.981 -2.012 -2.040 -2.065 -2.088 
-2.095 
-2.075 -2.094 -2.115 -2.134 -2.150 -2.163 -2.174 -2.182 -2.187 -2.191 
-2.191 -2.189 -2.185 -2.178 -2.168 -2.156 -2.142 -2.125 -2.105 -2.082 
-2.056 -2.028 -1.996 -1.961 -1.922 -1.880 -1.834 -1.784 -1.730 -1.671 
-1.607 -1.538 -1.462 -1.380 -1.291 -1.195 -1.091 -0.979 -0.860 -0.739 
-0.621 -0.519 -0.445 -0.410 -0.416 -0.454 -0.511 -0.574 -0.635 -0.689 
-0.733 -0.768 -0.792 -0.806 -0.808 -0.800 -0.780 -0.746 -0.699 -0.637 
-0.561 -0.478 -0.407 -0.362 -0.325 -0.278 -0.237 -0.240 -0.300 -0.408 
-0.543 -0.690 -0.834 -0.969 -1.093 -1.206 -1.307 -1.400 -1.483 -1.560 
-1.630 -1.694 -1.752 -1.806 -1.855 -1.900 -1.941 -1.978 -2.012 -2.042 
-2.066 
-2.048 -2.066 -2.092 -2.114 -2.134 -2.151 -2.165 -2.176 -2.185 -2.191 
-2.195 -2.196 -2.195 -2.191 -2.184 -2.176 -2.164 -2.150 -2.133 -2.114 
-2.092 -2.067 -2.039 -2.008 -1.973 -1.936 -1.894 -1.850 -1.801 -1.748 
-1.690 -1.628 -1.560 -1.487 -1.408 -1.323 -1.230 -1.130 -1.023 -0.910 
-0.795 -0.686 -0.593 -0.531 -0.508 -0.524 -0.569 -0.631 -0.697 -0.759 
-0.815 -0.861 -0.898 -0.926 -0.944 -0.953 -0.952 -0.942 -0.923 -0.892 
-0.851 -0.798 -0.731 -0.651 -0.557 -0.454 -0.357 -0.290 -0.273 -0.304 
-0.384 -0.504 -0.645 -0.790 -0.928 -1.055 -1.171 -1.276 -1.372 -1.459 
-1.538 -1.611 -1.677 -1.738 -1.793 -1.844 -1.890 -1.933 -1.971 -2.006 
-2.037 
-2.096 -2.114 -2.135 -2.153 -2.168 -2.181 -2.191 -2.199 -2.204 -2.207 
-2.207 -2.205 -2.201 -2.194 -2.185 -2.173 -2.159 -2.143 -2.124 -2.102 
-2.078 -2.052 -2.023 -1.991 -1.956 -1.919 -1.879 -1.836 -1.790 -1.742 
-1.691 -1.637 -1.581 -1.524 -1.465 -1.405 -1.344 -1.285 -1.226 -1.169 
-1.113 -1.060 -1.012 -0.976 -0.959 -0.962 -0.980 -1.003 -1.025 -1.043 
-1.055 -1.061 -1.059 -1.050 -1.032 -1.004 -0.966 -0.916 -0.850 -0.767 
-0.664 -0.550 -0.461 -0.423 -0.385 -0.307 -0.223 -0.190 -0.243 -0.365 
-0.520 -0.683 -0.839 -0.982 -1.110 -1.226 -1.330 -1.424 -1.508 -1.585 
-1.655 -1.719 -1.777 -1.831 -1.879 -1.923 -1.964 -2.000 -2.034 -2.063 
-2.088 
-2.221 -2.233 -2.248 -2.260 -2.270 -2.278 -2.283 -2.286 -2.287 -2.285 
-2.282 -2.276 -2.267 -2.257 -2.244 -2.228 -2.211 -2.191 -2.169 -2.144 
-2.117 -2.087 -2.055 -2.020 -1.983 -1.943 -1.901 -1.856 -1.808 -1.759 
-1.706 -1.652 -1.597 -1.540 -1.482 -1.424 -1.367 -1.312 -1.260 -1.211 
-1.167 -1.128 -1.097 -1.072 -1.055 -1.044 -1.036 -1.029 -1.021 -1.009 
-0.992 -0.969 -0.939 -0.901 -0.852 -0.791 -0.716 -0.623 -0.510 -0.375 
-0.224 -0.086 -0.019 -0.068 -0.206 -0.359 -0.469 -0.545 -0.645 -0.787 
-0.943 -1.090 -1.221 -1.337 -1.439 -1.531 -1.613 -1.687 -1.754 -1.815 
-1.871 -1.922 -1.969 -2.011 -2.050 -2.085 -2.117 -2.146 -2.172 -2.195 
-2.216 
-2.401 -2.446 -2.468 -2.486 -2.503 -2.516 -2.527 -2.535 -2.541 -2.545 
-2.546 -2.544 -2.540 -2.534 -2.525 -2.514 -2.500 -2.484 -2.465 -2.444 
-2.420 -2.393 -2.363 -2.331 -2.295 -2.257 -2.215 -2.170 -2.121 -2.069 
-2.012 -1.952 -1.888 -1.820 -1.747 -1.670 -1.588 -1.503 -1.413 -1.322 
-1.231 -1.146 -1.072 -1.015 -0.981 -0.972 -0.988 -1.022 -1.063 -1.103 
-1.138 -1.164 -1.180 -1.186 -1.181 -1.163 -1.131 -1.083 -1.017 -0.928 
-0.817 -0.696 -0.616 -0.626 -0.665 -0.655 -0.595 -0.536 -0.543 -0.641 
-0.800 -0.976 -1.142 -1.292 -1.424 -1.542 -1.648 -1.743 -1.829 -1.907 
-1.978 -2.042 -2.101 -2.156 -2.205 -2.250 -2.292 -2.329 -2.363 -2.394 
-2.393 
-2.308 -2.321 -2.344 -2.364 -2.381 -2.396 -2.409 -2.418 -2.426 -2.431 
-2.433 -2.433 -2.431 -2.426 -2.419 -2.409 -2.397 -2.382 -2.365 -2.345 
-2.322 -2.297 -2.268 -2.237 -2.202 -2.165 -2.123 -2.079 -2.030 -1.977 
-1.921 -1.859 -1.793 -1.722 -1.646 -1.564 -1.477 -1.385 -1.287 -1.184 
-1.077 -0.968 -0.860 -0.764 -0.692 -0.656 -0.659 -0.695 -0.749 -0.809 
-0.868 -0.919 -0.961 -0.993 -1.015 -1.026 -1.028 -1.020 -1.001 -0.973 
-0.933 -0.883 -0.822 -0.754 -0.688 -0.640 -0.623 -0.636 -0.684 -0.774 
-0.889 -1.010 -1.130 -1.244 -1.351 -1.452 -1.545 -1.631 -1.710 -1.784 
-1.852 -1.915 -1.972 -2.026 -2.075 -2.121 -2.162 -2.200 -2.235 -2.267 
-2.298 
-2.277 -2.293 -2.311 -2.327 -2.340 -2.350 -2.358 -2.364 -2.367 -2.368 
-2.366 -2.362 -2.356 -2.347 -2.335 -2.321 -2.305 -2.286 -2.264 -2.240 
-2.213 -2.182 -2.149 -2.113 -2.074 -2.031 -1.985 -1.936 -1.883 -1.826 
-1.765 -1.700 -1.632 -1.560 -1.486 -1.410 -1.333 -1.259 -1.188 -1.125 
-1.070 -1.024 -0.987 -0.957 -0.937 -0.929 -0.938 -0.959 -0.984 -1.010 
-1.032 -1.048 -1.057 -1.058 -1.051 -1.035 -1.010 -0.974 -0.927 -0.867 
-0.794 -0.706 -0.607 -0.504 -0.419 -0.385 -0.425 -0.530 -0.669 -0.816 
-0.958 -1.090 -1.213 -1.324 -1.427 -1.520 -1.606 -1.684 -1.757 -1.823 
-1.884 -1.940 -1.992 -2.039 -2.082 -2.122 -2.158 -2.191 -2.221 -2.248 
-2.270 
-2.310 -2.328 -2.348 -2.366 -2.381 -2.394 -2.404 -2.412 -2.418 -2.421 
-2.422 -2.421 -2.417 -2.412 -2.404 -2.393 -2.380 -2.365 -2.348 -2.328 
-2.305 -2.280 -2.252 -2.222 -2.189 -2.152 -2.113 -2.070 -2.025 -1.976 
-1.923 -1.867 -1.808 -1.745 -1.678 -1.609 -1.537 -1.464 -1.390 -1.317 
-1.247 -1.181 -1.120 -1.065 -1.018 -0.980 -0.954 -0.939 -0.935 -0.937 
-0.945 -0.954 -0.961 -0.966 -0.967 -0.961 -0.950 -0.933 -0.909 -0.879 
-0.844 -0.806 -0.766 -0.729 -0.701 -0.700 -0.741 -0.818 -0.914 -1.015 
-1.118 -1.218 -1.315 -1.408 -1.496 -1.578 -1.656 -1.728 -1.795 -1.858 
-1.917 -1.971 -2.021 -2.068 -2.111 -2.151 -2.188 -2.222 -2.253 -2.281 
-2.302 
-2.329 -2.350 -2.366 -2.381 -2.392 -2.402 -2.409 -2.414 -2.417 -2.417 
-2.415 -2.411 -2.405 -2.396 -2.386 -2.372 -2.357 -2.339 -2.319 -2.296 
-2.271 -2.243 -2.213 -2.180 -2.144 -2.105 -2.063 -2.019 -1.971 -1.920 
-1.866 -1.810 -1.750 -1.687 -1.622 -1.555 -1.487 -1.418 -1.351 -1.286 
-1.227 -1.174 -1.129 -1.093 -1.066 -1.049 -1.039 -1.035 -1.035 -1.038 
-1.040 -1.041 -1.038 -1.031 -1.019 -1.001 -0.978 -0.950 -0.918 -0.884 
-0.851 -0.824 -0.809 -0.811 -0.833 -0.876 -0.937 -1.012 -1.095 -1.184 
-1.273 -1.362 -1.448 -1.531 -1.609 -1.683 -1.752 -1.817 -1.877 -1.934 
-1.986 -2.035 -2.080 -2.122 -2.160 -2.196 -2.228 -2.258 -2.285 -2.309 
-2.323 
-2.320 -2.327 -2.345 -2.362 -2.375 -2.387 -2.396 -2.402 -2.407 -2.409 
-2.409 -2.406 -2.401 -2.394 -2.385 -2.373 -2.359 -2.343 -2.324 -2.303 
-2.279 -2.253 -2.224 -2.192 -2.158 -2.120 -2.080 -2.037 -1.991 -1.941 
-1.889 -1.833 -1.775 -1.713 -1.649 -1.583 -1.516 -1.449 -1.384 -1.322 
-1.267 -1.221 -1.186 -1.162 -1.150 -1.146 -1.150 -1.157 -1.168 -1.178 
-1.188 -1.195 -1.199 -1.198 -1.194 -1.184 -1.170 -1.151 -1.127 -1.100 
-1.071 -1.042 -1.017 -0.998 -0.990 -0.995 -1.014 -1.050 -1.100 -1.163 
-1.234 -1.311 -1.390 -1.469 -1.546 -1.620 -1.691 -1.758 -1.821 -1.880 
-1.935 -1.987 -2.035 -2.080 -2.121 -2.159 -2.194 -2.226 -2.255 -2.282 
-2.312 
-2.482 -2.500 -2.519 -2.535 -2.548 -2.559 -2.567 -2.573 -2.577 -2.578 
-2.576 -2.573 -2.567 -2.558 -2.547 -2.534 -2.518 -2.499 -2.478 -2.454 
-2.427 -2.397 -2.365 -2.329 -2.290 -2.247 -2.201 -2.151 -2.098 -2.040 
-1.977 -1.911 -1.839 -1.763 -1.683 -1.599 -1.513 -1.426 -1.343 -1.269 
-1.208 -1.166 -1.144 -1.142 -1.157 -1.182 -1.213 -1.246 -1.277 -1.305 
-1.328 -1.345 -1.356 -1.360 -1.358 -1.348 -1.330 -1.305 -1.271 -1.228 
-1.177 -1.119 -1.062 -1.023 -1.013 -1.022 -1.046 -1.086 -1.146 -1.221 
-1.309 -1.401 -1.495 -1.587 -1.674 -1.757 -1.835 -1.908 -1.976 -2.039 
-2.098 -2.152 -2.202 -2.248 -2.291 -2.330 -2.366 -2.399 -2.428 -2.455 
-2.474 
-2.700 -2.742 -2.757 -2.770 -2.780 -2.787 -2.792 -2.795 -2.795 -2.792 
-2.787 -2.780 -2.771 -2.758 -2.744 -2.726 -2.706 -2.684 -2.658 -2.630 
-2.599 -2.565 -2.527 -2.486 -2.442 -2.394 -2.342 -2.285 -2.225 -2.159 
-2.089 -2.013 -1.932 -1.846 -1.755 -1.660 -1.564 -1.470 -1.385 -1.316 
-1.268 -1.246 -1.248 -1.268 -1.300 -1.336 -1.372 -1.405 -1.432 -1.452 
-1.464 -1.468 -1.464 -1.449 -1.425 -1.390 -1.343 -1.283 -1.208 -1.117 
-1.013 -0.906 -0.819 -0.785 -0.820 -0.908 -1.025 -1.158 -1.295 -1.428 
-1.554 -1.670 -1.778 -1.878 -1.969 -2.053 -2.130 -2.200 -2.265 -2.325 
-2.380 -2.431 -2.477 -2.520 -2.559 -2.594 -2.626 -2.655 -2.681 -2.704 
-2.696 
-2.613 -2.621 -2.639 -2.655 -2.668 -2.678 -2.686 -2.692 -2.695 -2.696 
-2.695 -2.691 -2.685 -2.676 -2.665 -2.652 -2.636 -2.618 -2.597 -2.574 
-2.549 -2.520 -2.490 -2.456 -2.420 -2.381 -2.339 -2.294 -2.247 -2.196 
-2.143 -2.087 -2.029 -1.968 -1.905 -1.841 -1.777 -1.714 -1.655 -1.603 
-1.562 -1.534 -1.518 -1.514 -1.517 -1.525 -1.535 -1.546 -1.554 -1.559 
-1.560 -1.555 -1.545 -1.529 -1.506 -1.475 -1.435 -1.385 -1.324 -1.250 
-1.164 -1.067 -0.966 -0.876 -0.812 -0.789 -0.820 -0.906 -1.026 -1.155 
-1.281 -1.403 -1.520 -1.631 -1.736 -1.832 -1.921 -2.003 -2.077 -2.145 
-2.208 -2.265 -2.318 -2.366 -2.410 -2.450 -2.486 -2.519 -2.549 -2.576 
-2.605 
-2.528 -2.567 -2.591 -2.612 -2.631 -2.647 -2.661 -2.672 -2.680 -2.686 
-2.690 -2.691 -2.690 -2.686 -2.680 -2.671 -2.661 -2.647 -2.631 -2.613 
-2.592 -2.568 -2.542 -2.513 -2.481 -2.446 -2.408 -2.367 -2.323 -2.275 
-2.224 -2.169 -2.110 -2.048 -1.983 -1.914 -1.842 -1.769 -1.696 -1.626 
-1.562 -1.510 -1.473 -1.453 -1.450 -1.462 -1.483 -1.509 -1.536 -1.562 
-1.583 -1.601 -1.612 -1.619 -1.619 -1.612 -1.600 -1.580 -1.553 -1.518 
-1.474 -1.422 -1.360 -1.291 -1.223 -1.168 -1.139 -1.129 -1.128 -1.139 
-1.173 -1.235 -1.322 -1.423 -1.529 -1.633 -1.733 -1.826 -1.912 -1.992 
-2.066 -2.133 -2.196 -2.253 -2.305 -2.354 -2.398 -2.439 -2.475 -2.509 
-2.519 
-2.361 -2.366 -2.389 -2.409 -2.427 -2.442 -2.455 -2.466 -2.475 -2.482 
-2.486 -2.488 -2.488 -2.486 -2.482 -2.476 -2.468 -2.458 -2.446 -2.431 
-2.415 -2.396 -2.375 -2.353 -2.328 -2.301 -2.272 -2.240 -2.207 -2.172 
-2.135 -2.096 -2.055 -2.012 -1.968 -1.922 -1.876 -1.829 -1.783 -1.737 
-1.694 -1.654 -1.621 -1.594 -1.573 -1.558 -1.546 -1.537 -1.529 -1.521 
-1.512 -1.503 -1.492 -1.479 -1.464 -1.447 -1.426 -1.402 -1.375 -1.345 
-1.312 -1.277 -1.240 -1.205 -1.173 -1.147 -1.131 -1.128 -1.140 -1.168 
-1.214 -1.275 -1.348 -1.426 -1.505 -1.584 -1.660 -1.732 -1.801 -1.865 
-1.926 -1.982 -2.035 -2.085 -2.131 -2.173 -2.213 -2.249 -2.282 -2.313 
-2.351 
-2.445 -2.462 -2.484 -2.503 -2.520 -2.534 -2.546 -2.556 -2.563 -2.569 
-2.571 -2.572 -2.571 -2.567 -2.561 -2.553 -2.543 -2.531 -2.516 -2.500 
-2.481 -2.460 -2.436 -2.411 -2.383 -2.353 -2.320 -2.286 -2.249 -2.210 
-2.170 -2.127 -2.083 -2.037 -1.991 -1.944 -1.897 -1.851 -1.807 -1.765 
-1.727 -1.693 -1.663 -1.639 -1.620 -1.605 -1.595 -1.587 -1.581 -1.577 
-1.572 -1.567 -1.560 -1.550 -1.538 -1.522 -1.503 -1.480 -1.453 -1.424 
-1.393 -1.362 -1.333 -1.308 -1.289 -1.275 -1.270 -1.274 -1.292 -1.324 
-1.369 -1.426 -1.491 -1.562 -1.634 -1.707 -1.779 -1.847 -1.913 -1.976 
-2.034 -2.090 -2.141 -2.189 -2.234 -2.276 -2.314 -2.349 -2.382 -2.411 
-2.436 
-2.584 -2.635 -2.655 -2.674 -2.690 -2.703 -2.714 -2.723 -2.729 -2.733 
-2.735 -2.735 -2.732 -2.727 -2.720 -2.711 -2.700 -2.686 -2.671 -2.653 
-2.633 -2.611 -2.587 -2.561 -2.532 -2.502 -2.470 -2.435 -2.399 -2.362 
-2.322 -2.281 -2.239 -2.196 -2.153 -2.109 -2.066 -2.023 -1.982 -1.942 
-1.904 -1.868 -1.835 -1.804 -1.774 -1.745 -1.717 -1.688 -1.657 -1.624 
-1.589 -1.555 -1.522 -1.493 -1.467 -1.442 -1.414 -1.382 -1.347 -1.311 
-1.278 -1.254 -1.246 -1.258 -1.290 -1.339 -1.400 -1.466 -1.534 -1.603 
-1.672 -1.740 -1.806 -1.869 -1.930 -1.988 -2.043 -2.095 -2.146 -2.196 
-2.243 -2.289 -2.334 -2.377 -2.417 -2.456 -2.492 -2.526 -2.557 -2.585 
-2.580 
-2.470 -2.476 -2.512 -2.547 -2.579 -2.608 -2.635 -2.660 -2.682 -2.702 
-2.719 -2.734 -2.746 -2.756 -2.764 -2.770 -2.773 -2.773 -2.772 -2.768 
-2.761 -2.752 -2.741 -2.728 -2.711 -2.693 -2.672 -2.648 -2.622 -2.593 
-2.562 -2.528 -2.491 -2.452 -2.410 -2.366 -2.319 -2.270 -2.218 -2.163 
-2.107 -2.048 -1.987 -1.925 -1.861 -1.794 -1.724 -1.652 -1.576 -1.501 
-1.429 -1.368 -1.324 -1.302 -1.303 -1.321 -1.350 -1.383 -1.414 -1.440 
-1.461 -1.478 -1.493 -1.510 -1.528 -1.547 -1.565 -1.584 -1.606 -1.631 
-1.659 -1.689 -1.717 -1.744 -1.770 -1.797 -1.826 -1.857 -1.892 -1.931 
-1.973 -2.018 -2.065 -2.113 -2.162 -2.211 -2.259 -2.306 -2.352 -2.395 
-2.452 
-2.623 -2.680 -2.711 -2.739 -2.764 -2.786 -2.806 -2.823 -2.837 -2.850 
-2.859 -2.866 -2.871 -2.873 -2.873 -2.871 -2.866 -2.859 -2.849 -2.837 
-2.822 -2.805 -2.785 -2.762 -2.737 -2.709 -2.679 -2.645 -2.608 -2.569 
-2.526 -2.480 -2.430 -2.378 -2.322 -2.263 -2.201 -2.136 -2.070 -2.002 
-1.934 -1.868 -1.805 -1.747 -1.697 -1.655 -1.623 -1.600 -1.585 -1.575 
-1.568 -1.564 -1.562 -1.565 -1.572 -1.582 -1.592 -1.598 -1.597 -1.590 
-1.575 -1.552 -1.523 -1.487 -1.449 -1.411 -1.381 -1.364 -1.367 -1.391 
-1.434 -1.488 -1.548 -1.613 -1.683 -1.758 -1.837 -1.916 -1.993 -2.067 
-2.137 -2.204 -2.266 -2.325 -2.381 -2.433 -2.482 -2.528 -2.571 -2.610 
-2.615 
-2.580 -2.599 -2.635 -2.667 -2.696 -2.722 -2.745 -2.765 -2.783 -2.797 
-2.810 -2.820 -2.827 -2.832 -2.834 -2.834 -2.832 -2.827 -2.820 -2.810 
-2.798 -2.783 -2.766 -2.747 -2.725 -2.700 -2.672 -2.642 -2.609 -2.573 
-2.533 -2.491 -2.445 -2.396 -2.344 -2.288 -2.228 -2.164 -2.097 -2.027 
-1.954 -1.879 -1.803 -1.729 -1.660 -1.601 -1.554 -1.523 -1.511 -1.515 
-1.531 -1.555 -1.583 -1.611 -1.636 -1.657 -1.673 -1.683 -1.687 -1.686 
-1.678 -1.665 -1.646 -1.622 -1.594 -1.563 -1.529 -1.496 -1.464 -1.433 
-1.403 -1.378 -1.365 -1.373 -1.407 -1.466 -1.546 -1.638 -1.735 -1.832 
-1.924 -2.012 -2.094 -2.170 -2.240 -2.305 -2.365 -2.420 -2.471 -2.518 
-2.564 
-2.622 -2.643 -2.667 -2.689 -2.709 -2.726 -2.740 -2.753 -2.763 -2.771 
-2.777 -2.781 -2.782 -2.782 -2.779 -2.775 -2.768 -2.759 -2.748 -2.736 
-2.721 -2.704 -2.685 -2.664 -2.640 -2.615 -2.588 -2.558 -2.527 -2.493 
-2.457 -2.419 -2.380 -2.338 -2.295 -2.251 -2.205 -2.158 -2.110 -2.062 
-2.014 -1.967 -1.921 -1.877 -1.836 -1.799 -1.768 -1.743 -1.725 -1.713 
-1.705 -1.700 -1.694 -1.688 -1.680 -1.669 -1.657 -1.641 -1.624 -1.604 
-1.582 -1.560 -1.538 -1.517 -1.500 -1.489 -1.486 -1.493 -1.511 -1.539 
-1.572 -1.610 -1.650 -1.697 -1.752 -1.817 -1.889 -1.962 -2.035 -2.105 
-2.171 -2.233 -2.290 -2.343 -2.392 -2.438 -2.480 -2.518 -2.554 -2.586 
-2.614 
-2.756 -2.780 -2.803 -2.824 -2.842 -2.857 -2.870 -2.881 -2.889 -2.895 
-2.899 -2.901 -2.900 -2.898 -2.893 -2.885 -2.876 -2.864 -2.851 -2.834 
-2.816 -2.795 -2.772 -2.746 -2.718 -2.688 -2.655 -2.619 -2.581 -2.540 
-2.497 -2.451 -2.403 -2.353 -2.300 -2.246 -2.190 -2.133 -2.077 -2.021 
-1.968 -1.918 -1.872 -1.832 -1.797 -1.770 -1.751 -1.738 -1.731 -1.729 
-1.729 -1.731 -1.731 -1.729 -1.725 -1.716 -1.703 -1.686 -1.663 -1.635 
-1.603 -1.566 -1.526 -1.484 -1.445 -1.412 -1.393 -1.394 -1.419 -1.468 
-1.536 -1.617 -1.705 -1.795 -1.883 -1.969 -2.050 -2.127 -2.199 -2.267 
-2.330 -2.388 -2.443 -2.494 -2.541 -2.584 -2.625 -2.662 -2.696 -2.727 
-2.748 
-2.880 -2.905 -2.930 -2.952 -2.971 -2.988 -3.002 -3.014 -3.024 -3.032 
-3.037 -3.040 -3.040 -3.039 -3.035 -3.029 -3.020 -3.010 -2.996 -2.981 
-2.963 -2.943 -2.920 -2.895 -2.867 -2.836 -2.802 -2.766 -2.727 -2.684 
-2.639 -2.590 -2.538 -2.482 -2.424 -2.361 -2.296 -2.227 -2.156 -2.083 
-2.008 -1.934 -1.862 -1.795 -1.736 -1.686 -1.650 -1.628 -1.619 -1.622 
-1.634 -1.651 -1.669 -1.686 -1.701 -1.712 -1.718 -1.719 -1.715 -1.706 
-1.691 -1.673 -1.652 -1.629 -1.608 -1.591 -1.584 -1.590 -1.613 -1.654 
-1.710 -1.777 -1.852 -1.931 -2.011 -2.090 -2.167 -2.241 -2.311 -2.378 
-2.441 -2.500 -2.555 -2.607 -2.655 -2.700 -2.742 -2.780 -2.816 -2.848 
-2.871 
-2.901 -2.939 -2.963 -2.984 -3.003 -3.019 -3.033 -3.045 -3.054 -3.061 
-3.066 -3.069 -3.069 -3.067 -3.063 -3.056 -3.047 -3.036 -3.022 -3.006 
-2.988 -2.967 -2.943 -2.917 -2.888 -2.856 -2.821 -2.784 -2.743 -2.699 
-2.652 -2.602 -2.548 -2.491 -2.430 -2.366 -2.300 -2.231 -2.161 -2.091 
-2.023 -1.959 -1.901 -1.852 -1.814 -1.787 -1.773 -1.769 -1.774 -1.786 
-1.803 -1.821 -1.839 -1.855 -1.867 -1.876 -1.879 -1.877 -1.870 -1.857 
-1.840 -1.817 -1.791 -1.763 -1.735 -1.711 -1.696 -1.694 -1.708 -1.741 
-1.790 -1.854 -1.926 -2.003 -2.080 -2.157 -2.232 -2.303 -2.370 -2.434 
-2.493 -2.550 -2.603 -2.652 -2.698 -2.741 -2.781 -2.818 -2.852 -2.884 
-2.893 
-2.801 -2.797 -2.821 -2.843 -2.863 -2.881 -2.897 -2.911 -2.923 -2.932 
-2.940 -2.946 -2.949 -2.950 -2.950 -2.947 -2.942 -2.935 -2.925 -2.914 
-2.900 -2.884 -2.866 -2.845 -2.821 -2.795 -2.767 -2.736 -2.702 -2.665 
-2.625 -2.582 -2.536 -2.487 -2.434 -2.378 -2.319 -2.257 -2.191 -2.123 
-2.054 -1.983 -1.915 -1.853 -1.805 -1.773 -1.756 -1.751 -1.755 -1.766 
-1.784 -1.807 -1.833 -1.859 -1.886 -1.910 -1.932 -1.952 -1.968 -1.980 
-1.989 -1.995 -1.997 -1.996 -1.993 -1.988 -1.983 -1.980 -1.978 -1.973 
-1.960 -1.929 -1.885 -1.885 -1.966 -2.072 -2.163 -2.236 -2.297 -2.351 
-2.401 -2.447 -2.491 -2.533 -2.573 -2.610 -2.646 -2.681 -2.713 -2.743 
-2.790 
-3.051 -3.115 -3.146 -3.173 -3.198 -3.219 -3.238 -3.255 -3.268 -3.280 
-3.288 -3.295 -3.299 -3.300 -3.300 -3.296 -3.291 -3.283 -3.272 -3.259 
-3.244 -3.226 -3.205 -3.182 -3.156 -3.127 -3.094 -3.059 -3.020 -2.978 
-2.931 -2.881 -2.826 -2.766 -2.701 -2.630 -2.552 -2.466 -2.372 -2.269 
-2.157 -2.041 -1.929 -1.838 -1.787 -1.784 -1.821 -1.878 -1.939 -1.995 
-2.043 -2.082 -2.115 -2.140 -2.159 -2.171 -2.176 -2.175 -2.168 -2.154 
-2.135 -2.111 -2.086 -2.061 -2.040 -2.021 -2.001 -1.972 -1.921 -1.837 
-1.716 -1.569 -1.446 -1.420 -1.527 -1.713 -1.911 -2.088 -2.239 -2.366 
-2.476 -2.571 -2.654 -2.728 -2.795 -2.855 -2.909 -2.959 -3.004 -3.044 
-3.041 
-3.023 -3.042 -3.063 -3.081 -3.097 -3.110 -3.121 -3.130 -3.137 -3.142 
-3.144 -3.145 -3.144 -3.140 -3.135 -3.128 -3.118 -3.107 -3.094 -3.080 
-3.063 -3.044 -3.024 -3.001 -2.977 -2.951 -2.923 -2.893 -2.861 -2.827 
-2.791 -2.753 -2.712 -2.669 -2.624 -2.576 -2.526 -2.473 -2.417 -2.358 
-2.296 -2.230 -2.164 -2.102 -2.054 -2.024 -2.006 -1.992 -1.975 -1.957 
-1.936 -1.914 -1.890 -1.863 -1.833 -1.799 -1.761 -1.718 -1.670 -1.622 
-1.576 -1.540 -1.518 -1.512 -1.520 -1.546 -1.589 -1.648 -1.717 -1.786 
-1.842 -1.870 -1.870 -1.897 -2.005 -2.143 -2.267 -2.372 -2.461 -2.538 
-2.606 -2.667 -2.722 -2.773 -2.818 -2.860 -2.898 -2.933 -2.965 -2.993 
-3.015 
-2.926 -2.928 -2.941 -2.952 -2.961 -2.968 -2.973 -2.976 -2.977 -2.976 
-2.974 -2.970 -2.964 -2.957 -2.948 -2.938 -2.927 -2.914 -2.900 -2.885 
-2.869 -2.852 -2.834 -2.815 -2.795 -2.775 -2.754 -2.733 -2.711 -2.688 
-2.666 -2.642 -2.619 -2.595 -2.570 -2.545 -2.519 -2.492 -2.464 -2.436 
-2.405 -2.374 -2.340 -2.305 -2.268 -2.229 -2.188 -2.143 -2.094 -2.042 
-1.986 -1.927 -1.868 -1.812 -1.757 -1.700 -1.638 -1.569 -1.496 -1.427 
-1.375 -1.354 -1.371 -1.424 -1.500 -1.588 -1.678 -1.768 -1.854 -1.934 
-2.008 -2.077 -2.142 -2.204 -2.264 -2.325 -2.384 -2.443 -2.499 -2.552 
-2.601 -2.647 -2.690 -2.729 -2.764 -2.796 -2.825 -2.851 -2.874 -2.894 
-2.921 
-2.981 -3.026 -3.063 -3.096 -3.127 -3.154 -3.179 -3.200 -3.219 -3.235 
-3.249 -3.260 -3.268 -3.275 -3.279 -3.281 -3.281 -3.278 -3.274 -3.268 
-3.260 -3.250 -3.238 -3.224 -3.209 -3.192 -3.173 -3.153 -3.131 -3.107 
-3.082 -3.054 -3.025 -2.994 -2.960 -2.924 -2.884 -2.842 -2.797 -2.747 
-2.693 -2.634 -2.570 -2.500 -2.423 -2.339 -2.249 -2.152 -2.050 -1.945 
-1.844 -1.754 -1.684 -1.641 -1.626 -1.636 -1.659 -1.684 -1.705 -1.717 
-1.725 -1.738 -1.762 -1.796 -1.833 -1.865 -1.888 -1.902 -1.910 -1.914 
-1.917 -1.924 -1.938 -1.961 -1.995 -2.039 -2.093 -2.154 -2.222 -2.295 
-2.370 -2.446 -2.521 -2.593 -2.661 -2.725 -2.785 -2.841 -2.893 -2.941 
-2.967 
-2.947 -2.979 -3.027 -3.071 -3.112 -3.150 -3.184 -3.215 -3.243 -3.268 
-3.290 -3.310 -3.327 -3.341 -3.353 -3.362 -3.369 -3.374 -3.376 -3.376 
-3.373 -3.368 -3.360 -3.350 -3.337 -3.322 -3.304 -3.284 -3.261 -3.235 
-3.206 -3.175 -3.140 -3.102 -3.060 -3.015 -2.966 -2.914 -2.857 -2.795 
-2.730 -2.659 -2.583 -2.503 -2.417 -2.326 -2.232 -2.134 -2.037 -1.946 
-1.866 -1.808 -1.777 -1.774 -1.797 -1.837 -1.886 -1.936 -1.983 -2.025 
-2.061 -2.089 -2.110 -2.125 -2.134 -2.136 -2.133 -2.126 -2.114 -2.099 
-2.082 -2.063 -2.044 -2.027 -2.013 -2.007 -2.013 -2.035 -2.075 -2.131 
-2.201 -2.279 -2.361 -2.444 -2.525 -2.603 -2.677 -2.746 -2.811 -2.871 
-2.926 
-3.006 -3.040 -3.073 -3.104 -3.132 -3.157 -3.180 -3.200 -3.218 -3.234 
-3.247 -3.258 -3.267 -3.273 -3.277 -3.279 -3.279 -3.276 -3.272 -3.265 
-3.255 -3.244 -3.230 -3.214 -3.195 -3.174 -3.151 -3.125 -3.096 -3.065 
-3.031 -2.994 -2.954 -2.910 -2.864 -2.814 -2.761 -2.705 -2.645 -2.581 
-2.514 -2.443 -2.370 -2.295 -2.219 -2.143 -2.071 -2.005 -1.949 -1.904 
-1.874 -1.858 -1.857 -1.868 -1.888 -1.912 -1.937 -1.961 -1.982 -2.000 
-2.014 -2.025 -2.033 -2.037 -2.040 -2.042 -2.043 -2.046 -2.051 -2.060 
-2.073 -2.092 -2.115 -2.143 -2.175 -2.212 -2.253 -2.299 -2.352 -2.410 
-2.473 -2.536 -2.599 -2.661 -2.719 -2.775 -2.827 -2.876 -2.922 -2.964 
-2.995 
-3.090 -3.114 -3.148 -3.179 -3.207 -3.233 -3.256 -3.277 -3.295 -3.310 
-3.323 -3.334 -3.343 -3.349 -3.353 -3.354 -3.353 -3.350 -3.345 -3.337 
-3.327 -3.314 -3.299 -3.282 -3.262 -3.239 -3.214 -3.186 -3.154 -3.120 
-3.083 -3.042 -2.998 -2.950 -2.898 -2.842 -2.781 -2.716 -2.645 -2.569 
-2.487 -2.398 -2.304 -2.204 -2.102 -2.007 -1.932 -1.879 -1.847 -1.832 
-1.835 -1.853 -1.884 -1.922 -1.962 -2.001 -2.036 -2.067 -2.093 -2.114 
-2.129 -2.139 -2.144 -2.144 -2.140 -2.133 -2.124 -2.113 -2.102 -2.092 
-2.083 -2.076 -2.072 -2.075 -2.099 -2.150 -2.222 -2.302 -2.382 -2.459 
-2.533 -2.603 -2.670 -2.733 -2.792 -2.848 -2.900 -2.950 -2.995 -3.038 
-3.076 
-3.203 -3.258 -3.299 -3.337 -3.371 -3.401 -3.428 -3.452 -3.473 -3.492 
-3.507 -3.520 -3.530 -3.537 -3.542 -3.544 -3.544 -3.541 -3.535 -3.527 
-3.516 -3.503 -3.486 -3.467 -3.445 -3.419 -3.391 -3.359 -3.324 -3.285 
-3.242 -3.195 -3.143 -3.086 -3.024 -2.956 -2.881 -2.798 -2.707 -2.606 
-2.493 -2.370 -2.235 -2.093 -1.958 -1.853 -1.802 -1.812 -1.864 -1.931 
-1.997 -2.062 -2.124 -2.185 -2.241 -2.291 -2.333 -2.368 -2.395 -2.413 
-2.424 -2.427 -2.422 -2.409 -2.388 -2.358 -2.319 -2.271 -2.211 -2.140 
-2.058 -1.967 -1.879 -1.813 -1.796 -1.840 -1.936 -2.060 -2.193 -2.323 
-2.446 -2.558 -2.660 -2.753 -2.838 -2.916 -2.986 -3.051 -3.110 -3.164 
-3.189 
-3.113 -3.150 -3.197 -3.241 -3.280 -3.316 -3.349 -3.378 -3.405 -3.428 
-3.448 -3.466 -3.481 -3.493 -3.503 -3.510 -3.514 -3.516 -3.516 -3.513 
-3.507 -3.499 -3.488 -3.475 -3.458 -3.440 -3.418 -3.393 -3.365 -3.335 
-3.300 -3.263 -3.222 -3.176 -3.127 -3.073 -3.014 -2.950 -2.880 -2.804 
-2.720 -2.629 -2.529 -2.422 -2.311 -2.207 -2.124 -2.064 -2.017 -1.978 
-1.957 -1.961 -1.988 -2.034 -2.088 -2.143 -2.195 -2.240 -2.278 -2.308 
-2.330 -2.344 -2.350 -2.348 -2.337 -2.318 -2.291 -2.254 -2.208 -2.153 
-2.088 -2.016 -1.941 -1.874 -1.830 -1.823 -1.859 -1.932 -2.032 -2.146 
-2.263 -2.378 -2.485 -2.586 -2.679 -2.764 -2.843 -2.915 -2.981 -3.042 
-3.094 
-3.054 -3.089 -3.131 -3.169 -3.205 -3.237 -3.266 -3.292 -3.315 -3.335 
-3.353 -3.368 -3.381 -3.391 -3.398 -3.404 -3.406 -3.407 -3.404 -3.400 
-3.393 -3.384 -3.372 -3.357 -3.340 -3.321 -3.298 -3.273 -3.246 -3.215 
-3.181 -3.145 -3.105 -3.062 -3.015 -2.965 -2.912 -2.855 -2.795 -2.731 
-2.665 -2.597 -2.527 -2.458 -2.391 -2.330 -2.275 -2.230 -2.196 -2.176 
-2.170 -2.179 -2.200 -2.229 -2.260 -2.291 -2.318 -2.342 -2.361 -2.375 
-2.384 -2.387 -2.386 -2.379 -2.367 -2.350 -2.328 -2.301 -2.271 -2.237 
-2.201 -2.164 -2.130 -2.100 -2.082 -2.082 -2.105 -2.152 -2.217 -2.293 
-2.374 -2.456 -2.536 -2.614 -2.688 -2.758 -2.823 -2.885 -2.942 -2.995 
-3.038 
-3.056 -3.083 -3.120 -3.153 -3.184 -3.212 -3.237 -3.260 -3.280 -3.298 
-3.313 -3.326 -3.336 -3.345 -3.351 -3.354 -3.356 -3.355 -3.352 -3.347 
-3.340 -3.330 -3.318 -3.304 -3.287 -3.268 -3.247 -3.223 -3.197 -3.168 
-3.136 -3.102 -3.065 -3.025 -2.982 -2.937 -2.888 -2.837 -2.782 -2.725 
-2.665 -2.604 -2.541 -2.478 -2.418 -2.364 -2.318 -2.283 -2.259 -2.244 
-2.235 -2.232 -2.233 -2.236 -2.242 -2.248 -2.254 -2.260 -2.263 -2.264 
-2.263 -2.258 -2.251 -2.240 -2.226 -2.209 -2.191 -2.171 -2.152 -2.134 
-2.119 -2.109 -2.104 -2.107 -2.119 -2.146 -2.189 -2.247 -2.316 -2.389 
-2.463 -2.536 -2.607 -2.674 -2.737 -2.797 -2.853 -2.906 -2.955 -3.001 
-3.043 
-3.176 -3.211 -3.254 -3.292 -3.327 -3.359 -3.388 -3.413 -3.436 -3.455 
-3.472 -3.486 -3.497 -3.506 -3.512 -3.515 -3.516 -3.515 -3.510 -3.504 
-3.494 -3.482 -3.468 -3.450 -3.430 -3.407 -3.381 -3.352 -3.320 -3.284 
-3.245 -3.203 -3.156 -3.105 -3.049 -2.989 -2.924 -2.854 -2.778 -2.696 
-2.609 -2.518 -2.423 -2.328 -2.238 -2.162 -2.113 -2.105 -2.130 -2.174 
-2.224 -2.275 -2.324 -2.368 -2.407 -2.440 -2.467 -2.488 -2.504 -2.513 
-2.517 -2.515 -2.508 -2.494 -2.474 -2.448 -2.415 -2.376 -2.329 -2.276 
-2.215 -2.148 -2.077 -2.008 -1.952 -1.926 -1.957 -2.042 -2.152 -2.270 
-2.386 -2.496 -2.598 -2.692 -2.779 -2.858 -2.930 -2.997 -3.057 -3.113 
-3.159 
-3.370 -3.434 -3.480 -3.521 -3.559 -3.593 -3.623 -3.649 -3.673 -3.694 
-3.711 -3.726 -3.737 -3.746 -3.752 -3.756 -3.757 -3.755 -3.750 -3.743 
-3.733 -3.720 -3.704 -3.685 -3.664 -3.639 -3.611 -3.579 -3.544 -3.506 
-3.463 -3.416 -3.365 -3.308 -3.246 -3.179 -3.104 -3.023 -2.933 -2.835 
-2.726 -2.606 -2.473 -2.331 -2.186 -2.060 -1.986 -1.990 -2.060 -2.164 
-2.273 -2.373 -2.460 -2.535 -2.597 -2.649 -2.691 -2.724 -2.749 -2.765 
-2.773 -2.774 -2.767 -2.752 -2.728 -2.697 -2.656 -2.604 -2.542 -2.467 
-2.378 -2.273 -2.152 -2.017 -1.889 -1.812 -1.837 -1.963 -2.137 -2.314 
-2.475 -2.618 -2.744 -2.856 -2.956 -3.046 -3.127 -3.201 -3.268 -3.329 
-3.356 
-3.343 -3.364 -3.407 -3.445 -3.480 -3.511 -3.540 -3.565 -3.586 -3.605 
-3.621 -3.635 -3.645 -3.653 -3.658 -3.661 -3.660 -3.658 -3.652 -3.644 
-3.634 -3.620 -3.604 -3.585 -3.563 -3.538 -3.510 -3.479 -3.444 -3.406 
-3.364 -3.318 -3.268 -3.213 -3.154 -3.090 -3.020 -2.946 -2.865 -2.779 
-2.687 -2.592 -2.493 -2.396 -2.303 -2.224 -2.176 -2.176 -2.215 -2.273 
-2.337 -2.399 -2.457 -2.510 -2.556 -2.595 -2.627 -2.651 -2.669 -2.680 
-2.684 -2.681 -2.671 -2.654 -2.630 -2.598 -2.558 -2.510 -2.453 -2.388 
-2.316 -2.240 -2.163 -2.093 -2.037 -2.014 -2.056 -2.160 -2.286 -2.413 
-2.533 -2.645 -2.749 -2.844 -2.931 -3.010 -3.083 -3.150 -3.211 -3.266 
-3.317 
