IRGRID 64 91
1e+308

0.025 0.03 0.035 0.04 0.045 0.05 0.055 0.06 0.065 0.07
0.075 0.08 0.085 0.09 0.095 0.1 0.11 0.12 0.13 0.14
0.15 0.16 0.17 0.18 0.19 0.2 0.21 0.22 0.23 0.24
0.25 0.26 0.27 0.28 0.29 0.3 0.31 0.32 0.33 0.34
0.35 0.36 0.37 0.38 0.39 0.4 0.41 0.42 0.43 0.44
0.45 0.46 0.47 0.48 0.49 0.5 0.51 0.52 0.53 0.54
0.55 0.56 0.57 0.58
0 4 8 12 16 20 24 28 32 36
40 44 48 52 56 60 64 68 72 76
80 84 88 92 96 100 104 108 112 116
120 124 128 132 136 140 144 148 152 156
160 164 168 172 176 180 184 188 192 196
200 204 208 212 216 220 224 228 232 236
240 244 248 252 256 260 264 268 272 276
280 284 288 292 296 300 304 308 312 316
320 324 328 332 336 340 344 348 352 356
360
-4.000 -4.000 -4.000 -4.000 -4.000 -4.000 -4.000 -4.000 -4.000 -4.000 
-4.000 -4.000 -4.000 -4.000 -4.000 -4.000 -4.000 -4.000 -4.000 -4.000 
-4.000 -4.000 -4.000 -4.000 -4.000 -4.000 -4.000 -4.000 -4.000 -4.000 
-4.000 -4.000 -4.000 -4.000 -4.000 -4.000 -4.000 -4.000 -4.000 -4.000 
-4.000 -4.000 -4.000 -4.000 -4.000 -4.000 -4.000 -4.000 -4.000 -4.000 
-4.000 -4.000 -4.000 -4.000 -3.970 -3.892 -3.807 -3.716 -3.620 -3.525 
-3.436 -3.359 -3.292 -3.227 -3.166 -3.133 -3.159 -3.248 -3.373 -3.504 
-3.625 -3.730 -3.821 -3.899 -3.967 -4.000 -4.000 -4.000 -4.000 -4.000 
-4.000 -4.000 -4.000 -4.000 -4.000 -4.000 -4.000 -4.000 -4.000 -4.000 
-4.000 
-3.701 -3.719 -3.724 -3.729 -3.735 -3.742 -3.749 -3.756 -3.765 -3.775 
-3.786 -3.798 -3.812 -3.827 -3.844 -3.862 -3.880 -3.899 -3.918 -3.937 
-3.955 -3.972 -3.988 -4.000 -4.000 -4.000 -4.000 -4.000 -4.000 -4.000 
-4.000 -4.000 -4.000 -4.000 -4.000 -4.000 -4.000 -4.000 -3.990 -3.969 
-3.944 -3.917 -3.886 -3.851 -3.811 -3.768 -3.719 -3.666 -3.607 -3.541 
-3.469 -3.390 -3.304 -3.212 -3.116 -3.022 -2.940 -2.879 -2.841 -2.820 
-2.807 -2.806 -2.823 -2.860 -2.913 -2.976 -3.047 -3.124 -3.201 -3.271 
-3.333 -3.389 -3.437 -3.479 -3.516 -3.549 -3.576 -3.600 -3.621 -3.638 
-3.652 -3.664 -3.674 -3.682 -3.688 -3.694 -3.698 -3.703 -3.706 -3.710 
-3.697 
-3.368 -3.341 -3.327 -3.313 -3.299 -3.285 -3.272 -3.260 -3.250 -3.243 
-3.237 -3.235 -3.234 -3.237 -3.240 -3.246 -3.251 -3.256 -3.261 -3.263 
-3.263 -3.259 -3.252 -3.242 -3.229 -3.215 -3.200 -3.187 -3.176 -3.170 
-3.168 -3.171 -3.177 -3.186 -3.195 -3.203 -3.210 -3.214 -3.214 -3.210 
-3.202 -3.190 -3.172 -3.149 -3.121 -3.087 -3.046 -2.999 -2.945 -2.884 
-2.814 -2.736 -2.650 -2.558 -2.464 -2.376 -2.306 -2.266 -2.262 -2.286 
-2.328 -2.382 -2.449 -2.528 -2.616 -2.705 -2.791 -2.871 -2.944 -3.010 
-3.069 -3.121 -3.168 -3.209 -3.246 -3.277 -3.304 -3.328 -3.347 -3.363 
-3.375 -3.385 -3.391 -3.394 -3.395 -3.393 -3.389 -3.383 -3.375 -3.365 
-3.374 
-3.270 -3.289 -3.279 -3.266 -3.249 -3.230 -3.206 -3.179 -3.149 -3.114 
-3.075 -3.032 -2.985 -2.937 -2.891 -2.851 -2.822 -2.806 -2.801 -2.801 
-2.798 -2.789 -2.772 -2.747 -2.718 -2.686 -2.656 -2.630 -2.610 -2.598 
-2.595 -2.600 -2.612 -2.629 -2.649 -2.672 -2.694 -2.716 -2.735 -2.752 
-2.765 -2.774 -2.780 -2.781 -2.778 -2.769 -2.756 -2.737 -2.713 -2.683 
-2.646 -2.602 -2.551 -2.492 -2.427 -2.355 -2.281 -2.207 -2.138 -2.077 
-2.031 -2.009 -2.013 -2.029 -2.037 -2.047 -2.118 -2.248 -2.385 -2.509 
-2.616 -2.710 -2.791 -2.863 -2.927 -2.984 -3.035 -3.080 -3.120 -3.155 
-3.186 -3.213 -3.236 -3.256 -3.271 -3.284 -3.293 -3.298 -3.301 -3.300 
-3.270 
-3.060 -3.018 -2.997 -2.971 -2.940 -2.904 -2.863 -2.816 -2.763 -2.705 
-2.642 -2.575 -2.505 -2.438 -2.378 -2.332 -2.309 -2.311 -2.340 -2.388 
-2.448 -2.511 -2.570 -2.621 -2.661 -2.689 -2.706 -2.713 -2.716 -2.721 
-2.731 -2.750 -2.778 -2.810 -2.845 -2.879 -2.911 -2.939 -2.964 -2.984 
-3.000 -3.011 -3.017 -3.019 -3.017 -3.010 -2.998 -2.982 -2.960 -2.933 
-2.901 -2.863 -2.818 -2.767 -2.708 -2.641 -2.565 -2.480 -2.384 -2.277 
-2.157 -2.020 -1.864 -1.706 -1.593 -1.547 -1.597 -1.737 -1.914 -2.084 
-2.234 -2.362 -2.472 -2.567 -2.649 -2.720 -2.782 -2.836 -2.882 -2.923 
-2.957 -2.986 -3.009 -3.028 -3.042 -3.052 -3.057 -3.058 -3.055 -3.047 
-3.067 
-3.236 -3.270 -3.265 -3.255 -3.242 -3.225 -3.204 -3.179 -3.148 -3.113 
-3.073 -3.029 -2.980 -2.930 -2.880 -2.837 -2.803 -2.782 -2.769 -2.758 
-2.741 -2.714 -2.676 -2.625 -2.566 -2.500 -2.433 -2.368 -2.311 -2.269 
-2.244 -2.237 -2.244 -2.262 -2.288 -2.318 -2.352 -2.388 -2.423 -2.456 
-2.486 -2.511 -2.532 -2.548 -2.558 -2.562 -2.560 -2.551 -2.536 -2.513 
-2.482 -2.442 -2.392 -2.330 -2.254 -2.161 -2.046 -1.904 -1.737 -1.571 
-1.492 -1.503 -1.471 -1.412 -1.436 -1.560 -1.736 -1.927 -2.104 -2.258 
-2.391 -2.507 -2.607 -2.696 -2.774 -2.844 -2.906 -2.962 -3.012 -3.056 
-3.096 -3.131 -3.161 -3.188 -3.211 -3.230 -3.245 -3.257 -3.266 -3.271 
-3.235 
-2.980 -3.008 -3.009 -3.008 -3.005 -2.998 -2.990 -2.979 -2.965 -2.949 
-2.930 -2.909 -2.885 -2.858 -2.828 -2.796 -2.761 -2.722 -2.681 -2.636 
-2.588 -2.537 -2.483 -2.426 -2.365 -2.302 -2.238 -2.172 -2.108 -2.046 
-1.989 -1.939 -1.899 -1.870 -1.854 -1.850 -1.857 -1.871 -1.890 -1.911 
-1.932 -1.950 -1.964 -1.974 -1.979 -1.977 -1.970 -1.955 -1.933 -1.903 
-1.863 -1.813 -1.752 -1.676 -1.584 -1.471 -1.332 -1.166 -0.979 -0.813 
-0.740 -0.821 -1.019 -1.228 -1.416 -1.598 -1.762 -1.905 -2.030 -2.139 
-2.236 -2.323 -2.401 -2.472 -2.536 -2.594 -2.648 -2.696 -2.740 -2.779 
-2.815 -2.848 -2.877 -2.903 -2.926 -2.946 -2.963 -2.977 -2.989 -2.998 
-2.979 
-2.401 -2.446 -2.451 -2.454 -2.454 -2.451 -2.447 -2.440 -2.430 -2.419 
-2.405 -2.388 -2.370 -2.349 -2.326 -2.301 -2.273 -2.244 -2.212 -2.178 
-2.143 -2.106 -2.067 -2.027 -1.987 -1.946 -1.906 -1.867 -1.830 -1.795 
-1.764 -1.737 -1.715 -1.698 -1.687 -1.680 -1.677 -1.677 -1.678 -1.680 
-1.681 -1.681 -1.679 -1.674 -1.666 -1.654 -1.637 -1.616 -1.589 -1.556 
-1.516 -1.467 -1.409 -1.340 -1.257 -1.156 -1.034 -0.885 -0.707 -0.518 
-0.383 -0.363 -0.397 -0.320 -0.256 -0.492 -0.788 -1.028 -1.219 -1.375 
-1.506 -1.619 -1.717 -1.804 -1.881 -1.951 -2.013 -2.070 -2.121 -2.167 
-2.209 -2.247 -2.281 -2.311 -2.338 -2.362 -2.383 -2.401 -2.416 -2.429 
-2.400 
-1.745 -1.780 -1.779 -1.775 -1.770 -1.762 -1.752 -1.741 -1.728 -1.715 
-1.702 -1.689 -1.677 -1.666 -1.657 -1.649 -1.643 -1.637 -1.632 -1.627 
-1.620 -1.612 -1.603 -1.591 -1.578 -1.563 -1.547 -1.530 -1.513 -1.495 
-1.478 -1.463 -1.448 -1.436 -1.425 -1.415 -1.407 -1.401 -1.394 -1.388 
-1.382 -1.375 -1.367 -1.358 -1.346 -1.331 -1.314 -1.293 -1.267 -1.237 
-1.202 -1.161 -1.113 -1.057 -0.992 -0.916 -0.825 -0.718 -0.588 -0.430 
-0.243 -0.026 0.228 0.415 0.452 0.268 -0.022 -0.295 -0.513 -0.690 
-0.836 -0.961 -1.068 -1.162 -1.245 -1.319 -1.384 -1.442 -1.494 -1.541 
-1.582 -1.619 -1.651 -1.679 -1.704 -1.724 -1.741 -1.755 -1.766 -1.774 
-1.742 
-1.351 -1.317 -1.305 -1.292 -1.276 -1.259 -1.241 -1.223 -1.204 -1.187 
-1.171 -1.157 -1.146 -1.139 -1.136 -1.138 -1.144 -1.155 -1.169 -1.186 
-1.206 -1.227 -1.248 -1.270 -1.291 -1.311 -1.330 -1.348 -1.363 -1.377 
-1.388 -1.398 -1.406 -1.412 -1.416 -1.418 -1.419 -1.417 -1.413 -1.407 
-1.398 -1.387 -1.372 -1.355 -1.334 -1.310 -1.282 -1.249 -1.212 -1.170 
-1.121 -1.067 -1.005 -0.934 -0.853 -0.760 -0.651 -0.524 -0.371 -0.184 
0.047 0.312 0.526 0.574 0.489 0.446 0.197 -0.111 -0.331 -0.497 
-0.630 -0.740 -0.834 -0.914 -0.983 -1.043 -1.096 -1.142 -1.182 -1.216 
-1.245 -1.270 -1.290 -1.307 -1.320 -1.329 -1.334 -1.337 -1.336 -1.332 
-1.355 
-1.353 -1.395 -1.401 -1.407 -1.413 -1.417 -1.421 -1.423 -1.424 -1.424 
-1.424 -1.422 -1.421 -1.419 -1.418 -1.418 -1.419 -1.420 -1.423 -1.425 
-1.429 -1.432 -1.436 -1.440 -1.444 -1.448 -1.452 -1.455 -1.459 -1.462 
-1.465 -1.467 -1.469 -1.470 -1.470 -1.469 -1.467 -1.463 -1.457 -1.450 
-1.441 -1.430 -1.416 -1.400 -1.380 -1.358 -1.333 -1.304 -1.270 -1.233 
-1.190 -1.142 -1.088 -1.027 -0.957 -0.876 -0.784 -0.675 -0.545 -0.385 
-0.181 0.086 0.356 0.452 0.661 0.870 0.713 0.359 0.020 -0.226 
-0.413 -0.562 -0.685 -0.788 -0.876 -0.953 -1.019 -1.077 -1.127 -1.171 
-1.210 -1.243 -1.271 -1.296 -1.316 -1.334 -1.348 -1.361 -1.371 -1.380 
-1.351 
-1.120 -1.116 -1.135 -1.158 -1.184 -1.214 -1.246 -1.281 -1.316 -1.353 
-1.389 -1.425 -1.459 -1.493 -1.524 -1.554 -1.581 -1.607 -1.630 -1.651 
-1.670 -1.687 -1.702 -1.715 -1.727 -1.736 -1.745 -1.751 -1.756 -1.759 
-1.761 -1.760 -1.758 -1.754 -1.749 -1.741 -1.730 -1.718 -1.703 -1.685 
-1.665 -1.641 -1.615 -1.585 -1.551 -1.514 -1.472 -1.426 -1.375 -1.318 
-1.255 -1.185 -1.107 -1.019 -0.920 -0.806 -0.675 -0.520 -0.333 -0.100 
0.199 0.531 0.737 0.634 0.426 0.398 0.164 -0.131 -0.332 -0.477 
-0.589 -0.678 -0.750 -0.810 -0.860 -0.900 -0.934 -0.961 -0.982 -1.000 
-1.013 -1.024 -1.033 -1.040 -1.047 -1.053 -1.060 -1.067 -1.076 -1.086 
-1.116 
-1.192 -1.221 -1.267 -1.313 -1.359 -1.405 -1.450 -1.493 -1.536 -1.577 
-1.616 -1.654 -1.689 -1.722 -1.754 -1.783 -1.810 -1.834 -1.857 -1.877 
-1.895 -1.911 -1.924 -1.936 -1.945 -1.952 -1.957 -1.959 -1.960 -1.958 
-1.954 -1.948 -1.939 -1.928 -1.915 -1.899 -1.881 -1.860 -1.836 -1.810 
-1.780 -1.748 -1.712 -1.673 -1.630 -1.583 -1.532 -1.476 -1.415 -1.348 
-1.275 -1.194 -1.105 -1.006 -0.894 -0.768 -0.623 -0.452 -0.248 0.002 
0.299 0.543 0.650 0.531 0.291 0.056 -0.133 -0.282 -0.401 -0.498 
-0.576 -0.640 -0.692 -0.735 -0.770 -0.798 -0.821 -0.839 -0.854 -0.868 
-0.881 -0.895 -0.911 -0.930 -0.954 -0.981 -1.014 -1.050 -1.089 -1.132 
-1.173 
-1.465 -1.516 -1.545 -1.574 -1.602 -1.629 -1.655 -1.680 -1.704 -1.727 
-1.748 -1.769 -1.788 -1.806 -1.823 -1.838 -1.853 -1.865 -1.877 -1.887 
-1.895 -1.902 -1.908 -1.912 -1.914 -1.915 -1.914 -1.911 -1.907 -1.901 
-1.893 -1.883 -1.871 -1.857 -1.841 -1.823 -1.802 -1.779 -1.754 -1.726 
-1.696 -1.662 -1.625 -1.585 -1.541 -1.493 -1.441 -1.384 -1.322 -1.254 
-1.178 -1.095 -1.002 -0.897 -0.778 -0.640 -0.477 -0.280 -0.033 0.270 
0.552 0.659 0.549 0.500 0.171 -0.125 -0.325 -0.477 -0.599 -0.701 
-0.786 -0.860 -0.923 -0.978 -1.026 -1.068 -1.105 -1.138 -1.168 -1.195 
-1.220 -1.243 -1.267 -1.290 -1.315 -1.341 -1.368 -1.397 -1.426 -1.456 
-1.460 
-1.572 -1.589 -1.617 -1.646 -1.676 -1.706 -1.737 -1.767 -1.798 -1.828 
-1.857 -1.885 -1.912 -1.938 -1.962 -1.985 -2.006 -2.025 -2.043 -2.059 
-2.073 -2.085 -2.095 -2.103 -2.110 -2.114 -2.116 -2.117 -2.115 -2.111 
-2.105 -2.096 -2.086 -2.073 -2.058 -2.040 -2.020 -1.998 -1.973 -1.945 
-1.914 -1.880 -1.842 -1.802 -1.758 -1.710 -1.658 -1.601 -1.540 -1.473 
-1.401 -1.322 -1.235 -1.141 -1.036 -0.919 -0.788 -0.637 -0.458 -0.235 
0.040 0.262 0.550 0.842 0.601 0.173 -0.159 -0.370 -0.526 -0.651 
-0.755 -0.845 -0.924 -0.993 -1.056 -1.111 -1.161 -1.206 -1.246 -1.282 
-1.315 -1.344 -1.371 -1.396 -1.420 -1.443 -1.466 -1.489 -1.513 -1.537 
-1.563 
-1.684 -1.706 -1.740 -1.772 -1.803 -1.832 -1.859 -1.885 -1.909 -1.931 
-1.951 -1.970 -1.986 -2.001 -2.013 -2.024 -2.032 -2.039 -2.044 -2.046 
-2.047 -2.045 -2.042 -2.036 -2.028 -2.018 -2.006 -1.992 -1.976 -1.957 
-1.936 -1.912 -1.886 -1.858 -1.826 -1.792 -1.755 -1.715 -1.672 -1.625 
-1.575 -1.521 -1.463 -1.400 -1.334 -1.263 -1.189 -1.111 -1.031 -0.949 
-0.867 -0.786 -0.705 -0.623 -0.538 -0.446 -0.348 -0.241 -0.129 -0.016 
0.090 0.185 0.293 0.499 0.346 0.181 0.026 -0.112 -0.233 -0.342 
-0.442 -0.535 -0.624 -0.708 -0.788 -0.865 -0.939 -1.009 -1.077 -1.141 
-1.202 -1.261 -1.316 -1.369 -1.419 -1.467 -1.512 -1.554 -1.595 -1.634 
-1.670 
-1.938 -1.988 -2.016 -2.042 -2.064 -2.085 -2.103 -2.119 -2.132 -2.143 
-2.152 -2.159 -2.164 -2.166 -2.166 -2.164 -2.160 -2.154 -2.145 -2.134 
-2.121 -2.106 -2.088 -2.067 -2.044 -2.019 -1.991 -1.960 -1.926 -1.890 
-1.850 -1.807 -1.760 -1.710 -1.656 -1.598 -1.536 -1.469 -1.398 -1.321 
-1.240 -1.153 -1.062 -0.968 -0.872 -0.777 -0.686 -0.603 -0.528 -0.460 
-0.398 -0.343 -0.294 -0.251 -0.212 -0.172 -0.127 -0.074 -0.007 0.077 
0.181 0.307 0.451 0.581 0.622 0.512 0.297 0.057 -0.161 -0.350 
-0.514 -0.657 -0.785 -0.900 -1.005 -1.102 -1.190 -1.273 -1.350 -1.421 
-1.488 -1.551 -1.610 -1.665 -1.716 -1.764 -1.809 -1.850 -1.889 -1.925 
-1.930 
-1.934 -1.959 -1.980 -1.998 -2.013 -2.026 -2.036 -2.044 -2.050 -2.053 
-2.054 -2.053 -2.049 -2.043 -2.035 -2.024 -2.011 -1.995 -1.977 -1.956 
-1.932 -1.906 -1.877 -1.845 -1.810 -1.772 -1.731 -1.686 -1.638 -1.586 
-1.530 -1.471 -1.408 -1.341 -1.272 -1.199 -1.125 -1.050 -0.974 -0.898 
-0.821 -0.740 -0.656 -0.568 -0.481 -0.399 -0.329 -0.279 -0.249 -0.237 
-0.236 -0.241 -0.245 -0.244 -0.237 -0.219 -0.190 -0.146 -0.084 0.000 
0.109 0.247 0.406 0.545 0.578 0.463 0.251 0.016 -0.202 -0.394 
-0.562 -0.709 -0.840 -0.957 -1.063 -1.159 -1.247 -1.327 -1.401 -1.469 
-1.531 -1.589 -1.642 -1.691 -1.736 -1.777 -1.815 -1.850 -1.882 -1.910 
-1.926 
-1.810 -1.814 -1.828 -1.839 -1.848 -1.855 -1.859 -1.860 -1.859 -1.856 
-1.850 -1.842 -1.831 -1.818 -1.802 -1.784 -1.763 -1.739 -1.712 -1.683 
-1.651 -1.615 -1.577 -1.535 -1.490 -1.441 -1.388 -1.332 -1.271 -1.207 
-1.138 -1.065 -0.989 -0.908 -0.824 -0.737 -0.647 -0.555 -0.466 -0.396 
-0.369 -0.384 -0.415 -0.443 -0.463 -0.475 -0.482 -0.486 -0.490 -0.494 
-0.497 -0.495 -0.487 -0.470 -0.442 -0.401 -0.347 -0.276 -0.184 -0.069 
0.077 0.253 0.435 0.552 0.531 0.402 0.255 0.038 -0.198 -0.398 
-0.565 -0.708 -0.832 -0.941 -1.039 -1.127 -1.206 -1.279 -1.345 -1.405 
-1.460 -1.510 -1.556 -1.598 -1.636 -1.671 -1.702 -1.730 -1.756 -1.778 
-1.804 
-1.842 -1.857 -1.874 -1.888 -1.899 -1.908 -1.913 -1.917 -1.917 -1.915 
-1.911 -1.904 -1.894 -1.882 -1.866 -1.848 -1.828 -1.804 -1.777 -1.747 
-1.714 -1.677 -1.637 -1.592 -1.544 -1.491 -1.433 -1.369 -1.300 -1.224 
-1.141 -1.050 -0.948 -0.836 -0.711 -0.571 -0.418 -0.256 -0.105 0.001 
0.031 -0.013 -0.103 -0.211 -0.316 -0.410 -0.489 -0.553 -0.604 -0.643 
-0.671 -0.688 -0.695 -0.691 -0.677 -0.652 -0.615 -0.565 -0.499 -0.414 
-0.305 -0.167 0.000 0.169 0.314 0.472 0.547 0.410 0.149 -0.121 
-0.349 -0.539 -0.699 -0.836 -0.956 -1.063 -1.158 -1.243 -1.320 -1.389 
-1.453 -1.510 -1.563 -1.610 -1.654 -1.693 -1.729 -1.761 -1.790 -1.815 
-1.835 
-1.949 -1.965 -1.985 -2.002 -2.016 -2.027 -2.036 -2.043 -2.046 -2.048 
-2.046 -2.042 -2.036 -2.027 -2.015 -2.000 -1.983 -1.963 -1.940 -1.914 
-1.885 -1.852 -1.816 -1.777 -1.733 -1.685 -1.633 -1.576 -1.514 -1.445 
-1.370 -1.288 -1.197 -1.096 -0.984 -0.860 -0.723 -0.573 -0.418 -0.276 
-0.171 -0.117 -0.116 -0.162 -0.230 -0.300 -0.370 -0.447 -0.523 -0.590 
-0.645 -0.686 -0.716 -0.733 -0.739 -0.733 -0.716 -0.688 -0.646 -0.590 
-0.517 -0.425 -0.310 -0.166 0.007 0.195 0.311 0.243 0.064 -0.151 
-0.362 -0.551 -0.716 -0.860 -0.988 -1.101 -1.202 -1.293 -1.376 -1.450 
-1.519 -1.581 -1.638 -1.690 -1.737 -1.780 -1.820 -1.855 -1.887 -1.916 
-1.940 
-2.109 -2.138 -2.160 -2.180 -2.197 -2.212 -2.224 -2.233 -2.240 -2.244 
-2.246 -2.246 -2.243 -2.238 -2.230 -2.219 -2.207 -2.191 -2.173 -2.152 
-2.129 -2.102 -2.073 -2.040 -2.004 -1.965 -1.922 -1.875 -1.823 -1.767 
-1.706 -1.640 -1.568 -1.488 -1.401 -1.306 -1.200 -1.084 -0.956 -0.820 
-0.681 -0.552 -0.441 -0.336 -0.236 -0.166 -0.153 -0.199 -0.280 -0.370 
-0.452 -0.521 -0.573 -0.611 -0.634 -0.642 -0.636 -0.615 -0.577 -0.522 
-0.444 -0.341 -0.208 -0.050 0.095 0.210 0.274 0.196 -0.010 -0.256 
-0.483 -0.679 -0.847 -0.994 -1.123 -1.238 -1.341 -1.434 -1.518 -1.595 
-1.666 -1.730 -1.789 -1.843 -1.893 -1.938 -1.980 -2.018 -2.053 -2.084 
-2.100 
-2.207 -2.221 -2.241 -2.258 -2.273 -2.285 -2.295 -2.302 -2.307 -2.309 
-2.310 -2.307 -2.303 -2.296 -2.286 -2.274 -2.260 -2.243 -2.223 -2.201 
-2.176 -2.148 -2.117 -2.083 -2.046 -2.005 -1.961 -1.913 -1.861 -1.805 
-1.744 -1.677 -1.605 -1.527 -1.442 -1.349 -1.247 -1.137 -1.016 -0.887 
-0.754 -0.625 -0.506 -0.402 -0.321 -0.279 -0.284 -0.328 -0.390 -0.455 
-0.511 -0.556 -0.588 -0.606 -0.610 -0.599 -0.573 -0.529 -0.465 -0.377 
-0.261 -0.112 0.064 0.219 0.268 0.175 0.021 -0.158 -0.327 -0.481 
-0.682 -0.874 -1.036 -1.174 -1.293 -1.398 -1.493 -1.578 -1.655 -1.725 
-1.790 -1.849 -1.903 -1.953 -1.998 -2.040 -2.078 -2.113 -2.144 -2.173 
-2.199 
-2.323 -2.362 -2.386 -2.406 -2.423 -2.438 -2.450 -2.459 -2.466 -2.470 
-2.472 -2.471 -2.467 -2.461 -2.452 -2.440 -2.426 -2.409 -2.389 -2.366 
-2.340 -2.311 -2.279 -2.243 -2.204 -2.161 -2.113 -2.061 -2.004 -1.942 
-1.874 -1.799 -1.716 -1.626 -1.525 -1.414 -1.290 -1.154 -1.007 -0.858 
-0.729 -0.646 -0.623 -0.644 -0.683 -0.730 -0.787 -0.852 -0.917 -0.978 
-1.030 -1.071 -1.101 -1.121 -1.128 -1.124 -1.107 -1.077 -1.030 -0.965 
-0.876 -0.759 -0.609 -0.449 -0.375 -0.430 -0.440 -0.329 -0.195 -0.194 
-0.370 -0.619 -0.853 -1.050 -1.215 -1.357 -1.481 -1.590 -1.688 -1.775 
-1.854 -1.925 -1.990 -2.049 -2.102 -2.151 -2.196 -2.236 -2.273 -2.306 
-2.315 
-2.276 -2.287 -2.312 -2.334 -2.353 -2.370 -2.384 -2.395 -2.403 -2.409 
-2.412 -2.413 -2.411 -2.407 -2.400 -2.390 -2.378 -2.363 -2.346 -2.325 
-2.302 -2.275 -2.245 -2.212 -2.176 -2.136 -2.092 -2.043 -1.990 -1.932 
-1.869 -1.800 -1.725 -1.644 -1.555 -1.461 -1.363 -1.262 -1.163 -1.066 
-0.973 -0.894 -0.838 -0.801 -0.783 -0.787 -0.814 -0.858 -0.912 -0.967 
-1.018 -1.063 -1.099 -1.127 -1.147 -1.157 -1.158 -1.150 -1.133 -1.105 
-1.068 -1.020 -0.961 -0.892 -0.814 -0.729 -0.638 -0.545 -0.465 -0.470 
-0.585 -0.731 -0.881 -1.026 -1.162 -1.287 -1.401 -1.505 -1.599 -1.685 
-1.764 -1.835 -1.901 -1.961 -2.016 -2.066 -2.112 -2.154 -2.193 -2.227 
-2.265 
-2.345 -2.366 -2.382 -2.396 -2.407 -2.415 -2.420 -2.423 -2.424 -2.421 
-2.416 -2.408 -2.398 -2.385 -2.369 -2.350 -2.329 -2.304 -2.276 -2.245 
-2.211 -2.172 -2.131 -2.085 -2.035 -1.980 -1.920 -1.855 -1.785 -1.708 
-1.626 -1.537 -1.442 -1.342 -1.240 -1.140 -1.048 -0.973 -0.923 -0.904 
-0.913 -0.942 -0.978 -1.015 -1.051 -1.088 -1.129 -1.171 -1.211 -1.246 
-1.273 -1.293 -1.304 -1.307 -1.302 -1.288 -1.265 -1.234 -1.193 -1.143 
-1.084 -1.017 -0.946 -0.875 -0.814 -0.775 -0.766 -0.791 -0.847 -0.928 
-1.032 -1.150 -1.270 -1.386 -1.493 -1.591 -1.680 -1.762 -1.836 -1.904 
-1.966 -2.023 -2.075 -2.122 -2.165 -2.204 -2.239 -2.271 -2.299 -2.325 
-2.339 
-2.390 -2.405 -2.419 -2.431 -2.439 -2.445 -2.448 -2.448 -2.446 -2.441 
-2.433 -2.422 -2.409 -2.393 -2.374 -2.352 -2.327 -2.298 -2.267 -2.232 
-2.193 -2.150 -2.104 -2.053 -1.998 -1.938 -1.873 -1.803 -1.727 -1.647 
-1.561 -1.472 -1.382 -1.293 -1.213 -1.147 -1.102 -1.082 -1.086 -1.112 
-1.155 -1.207 -1.264 -1.319 -1.370 -1.414 -1.452 -1.483 -1.507 -1.524 
-1.535 -1.539 -1.535 -1.525 -1.508 -1.483 -1.450 -1.409 -1.358 -1.298 
-1.227 -1.145 -1.053 -0.953 -0.853 -0.766 -0.717 -0.728 -0.805 -0.928 
-1.069 -1.208 -1.338 -1.457 -1.564 -1.662 -1.750 -1.830 -1.902 -1.968 
-2.028 -2.083 -2.133 -2.178 -2.219 -2.256 -2.289 -2.319 -2.345 -2.368 
-2.384 
-2.412 -2.421 -2.436 -2.448 -2.457 -2.464 -2.468 -2.469 -2.468 -2.464 
-2.457 -2.448 -2.435 -2.420 -2.403 -2.382 -2.359 -2.332 -2.302 -2.270 
-2.234 -2.194 -2.151 -2.105 -2.055 -2.001 -1.943 -1.882 -1.817 -1.750 
-1.680 -1.610 -1.541 -1.476 -1.418 -1.371 -1.339 -1.323 -1.323 -1.336 
-1.361 -1.394 -1.430 -1.468 -1.504 -1.536 -1.564 -1.587 -1.604 -1.616 
-1.622 -1.622 -1.616 -1.603 -1.584 -1.557 -1.522 -1.480 -1.427 -1.365 
-1.290 -1.202 -1.100 -0.982 -0.853 -0.725 -0.630 -0.606 -0.673 -0.806 
-0.967 -1.128 -1.276 -1.409 -1.528 -1.634 -1.729 -1.815 -1.892 -1.962 
-2.025 -2.082 -2.135 -2.182 -2.225 -2.263 -2.298 -2.329 -2.357 -2.381 
-2.405 
-2.509 -2.534 -2.551 -2.565 -2.576 -2.585 -2.591 -2.594 -2.595 -2.593 
-2.589 -2.582 -2.572 -2.559 -2.544 -2.526 -2.506 -2.482 -2.455 -2.426 
-2.393 -2.356 -2.317 -2.273 -2.226 -2.176 -2.121 -2.061 -1.998 -1.930 
-1.858 -1.783 -1.704 -1.622 -1.540 -1.460 -1.385 -1.321 -1.274 -1.248 
-1.245 -1.263 -1.297 -1.339 -1.385 -1.429 -1.469 -1.504 -1.533 -1.556 
-1.572 -1.580 -1.582 -1.577 -1.563 -1.542 -1.513 -1.474 -1.425 -1.365 
-1.293 -1.207 -1.105 -0.988 -0.861 -0.741 -0.662 -0.661 -0.749 -0.895 
-1.061 -1.222 -1.369 -1.502 -1.620 -1.726 -1.822 -1.908 -1.986 -2.057 
-2.122 -2.180 -2.234 -2.282 -2.327 -2.367 -2.403 -2.436 -2.465 -2.491 
-2.503 
-2.498 -2.520 -2.537 -2.552 -2.563 -2.572 -2.578 -2.582 -2.583 -2.581 
-2.577 -2.570 -2.560 -2.548 -2.533 -2.515 -2.495 -2.471 -2.445 -2.416 
-2.384 -2.348 -2.310 -2.268 -2.222 -2.174 -2.121 -2.065 -2.006 -1.944 
-1.879 -1.812 -1.744 -1.677 -1.612 -1.551 -1.498 -1.455 -1.426 -1.411 
-1.412 -1.427 -1.451 -1.481 -1.513 -1.543 -1.571 -1.595 -1.615 -1.629 
-1.638 -1.641 -1.637 -1.627 -1.610 -1.585 -1.552 -1.511 -1.459 -1.397 
-1.322 -1.233 -1.130 -1.012 -0.888 -0.777 -0.713 -0.729 -0.822 -0.954 
-1.090 -1.217 -1.339 -1.460 -1.576 -1.684 -1.783 -1.874 -1.955 -2.029 
-2.096 -2.157 -2.212 -2.262 -2.308 -2.349 -2.386 -2.420 -2.450 -2.476 
-2.492 
-2.435 -2.443 -2.463 -2.480 -2.494 -2.505 -2.513 -2.518 -2.521 -2.520 
-2.516 -2.510 -2.501 -2.489 -2.474 -2.456 -2.435 -2.411 -2.384 -2.353 
-2.320 -2.283 -2.243 -2.199 -2.152 -2.101 -2.048 -1.991 -1.932 -1.872 
-1.812 -1.753 -1.698 -1.650 -1.611 -1.586 -1.574 -1.576 -1.591 -1.614 
-1.644 -1.677 -1.712 -1.747 -1.780 -1.810 -1.837 -1.860 -1.878 -1.892 
-1.902 -1.906 -1.905 -1.899 -1.888 -1.870 -1.847 -1.816 -1.779 -1.733 
-1.678 -1.613 -1.537 -1.448 -1.348 -1.245 -1.159 -1.104 -1.072 -1.047 
-1.037 -1.056 -1.116 -1.212 -1.329 -1.449 -1.565 -1.673 -1.772 -1.861 
-1.942 -2.015 -2.081 -2.140 -2.194 -2.242 -2.286 -2.325 -2.360 -2.391 
-2.425 
-2.494 -2.523 -2.539 -2.551 -2.560 -2.567 -2.570 -2.571 -2.568 -2.564 
-2.556 -2.545 -2.532 -2.516 -2.497 -2.476 -2.451 -2.423 -2.393 -2.359 
-2.323 -2.283 -2.240 -2.193 -2.143 -2.089 -2.031 -1.970 -1.904 -1.834 
-1.761 -1.687 -1.616 -1.551 -1.499 -1.466 -1.457 -1.470 -1.501 -1.545 
-1.595 -1.646 -1.695 -1.740 -1.781 -1.816 -1.845 -1.868 -1.886 -1.897 
-1.903 -1.904 -1.898 -1.887 -1.869 -1.846 -1.815 -1.778 -1.734 -1.683 
-1.624 -1.558 -1.486 -1.407 -1.322 -1.231 -1.139 -1.061 -1.021 -1.036 
-1.102 -1.200 -1.317 -1.440 -1.562 -1.676 -1.780 -1.874 -1.959 -2.036 
-2.105 -2.167 -2.223 -2.274 -2.319 -2.360 -2.397 -2.429 -2.458 -2.483 
-2.488 
-2.443 -2.437 -2.443 -2.446 -2.446 -2.443 -2.438 -2.431 -2.421 -2.409 
-2.395 -2.377 -2.358 -2.336 -2.312 -2.286 -2.257 -2.226 -2.193 -2.158 
-2.122 -2.084 -2.044 -2.004 -1.964 -1.925 -1.889 -1.857 -1.832 -1.814 
-1.801 -1.792 -1.784 -1.777 -1.772 -1.772 -1.779 -1.793 -1.812 -1.834 
-1.856 -1.876 -1.892 -1.905 -1.913 -1.917 -1.917 -1.912 -1.903 -1.890 
-1.871 -1.848 -1.820 -1.787 -1.749 -1.705 -1.655 -1.600 -1.539 -1.474 
-1.407 -1.341 -1.280 -1.232 -1.204 -1.200 -1.220 -1.255 -1.303 -1.372 
-1.462 -1.560 -1.657 -1.747 -1.829 -1.903 -1.970 -2.031 -2.087 -2.136 
-2.182 -2.222 -2.259 -2.292 -2.321 -2.347 -2.369 -2.389 -2.405 -2.419 
-2.439 
-2.522 -2.531 -2.535 -2.535 -2.532 -2.526 -2.517 -2.505 -2.490 -2.472 
-2.450 -2.426 -2.397 -2.366 -2.330 -2.291 -2.248 -2.201 -2.149 -2.094 
-2.034 -1.971 -1.905 -1.837 -1.769 -1.706 -1.650 -1.606 -1.577 -1.564 
-1.566 -1.578 -1.599 -1.633 -1.678 -1.731 -1.785 -1.837 -1.883 -1.924 
-1.958 -1.987 -2.010 -2.028 -2.041 -2.049 -2.052 -2.050 -2.043 -2.031 
-2.014 -1.991 -1.962 -1.928 -1.887 -1.839 -1.783 -1.720 -1.648 -1.567 
-1.478 -1.383 -1.289 -1.208 -1.157 -1.152 -1.196 -1.275 -1.366 -1.448 
-1.512 -1.568 -1.639 -1.731 -1.831 -1.926 -2.011 -2.087 -2.153 -2.212 
-2.263 -2.309 -2.350 -2.385 -2.417 -2.444 -2.467 -2.487 -2.503 -2.516 
-2.520 
-2.541 -2.569 -2.584 -2.597 -2.606 -2.612 -2.616 -2.616 -2.614 -2.609 
-2.601 -2.589 -2.574 -2.556 -2.534 -2.508 -2.478 -2.444 -2.405 -2.362 
-2.313 -2.259 -2.200 -2.136 -2.066 -1.992 -1.915 -1.834 -1.751 -1.666 
-1.583 -1.511 -1.464 -1.455 -1.488 -1.552 -1.633 -1.718 -1.798 -1.870 
-1.932 -1.984 -2.026 -2.060 -2.086 -2.105 -2.119 -2.128 -2.133 -2.136 
-2.137 -2.135 -2.132 -2.127 -2.118 -2.105 -2.086 -2.061 -2.029 -1.986 
-1.934 -1.872 -1.801 -1.728 -1.664 -1.618 -1.582 -1.536 -1.464 -1.374 
-1.290 -1.247 -1.273 -1.363 -1.489 -1.623 -1.751 -1.866 -1.967 -2.057 
-2.135 -2.204 -2.265 -2.318 -2.365 -2.407 -2.444 -2.476 -2.505 -2.530 
-2.533 
-2.427 -2.418 -2.429 -2.440 -2.450 -2.460 -2.469 -2.476 -2.483 -2.489 
-2.494 -2.497 -2.500 -2.501 -2.500 -2.498 -2.495 -2.489 -2.482 -2.472 
-2.460 -2.446 -2.429 -2.408 -2.383 -2.354 -2.319 -2.278 -2.229 -2.174 
-2.114 -2.057 -2.012 -1.992 -1.996 -2.014 -2.031 -2.041 -2.041 -2.032 
-2.015 -1.993 -1.967 -1.939 -1.910 -1.881 -1.854 -1.829 -1.807 -1.790 
-1.777 -1.768 -1.763 -1.763 -1.766 -1.773 -1.785 -1.802 -1.823 -1.847 
-1.873 -1.898 -1.922 -1.943 -1.959 -1.967 -1.966 -1.953 -1.925 -1.882 
-1.835 -1.809 -1.832 -1.896 -1.972 -2.043 -2.101 -2.147 -2.185 -2.216 
-2.242 -2.265 -2.286 -2.304 -2.321 -2.337 -2.352 -2.366 -2.380 -2.393 
-2.423 
-2.595 -2.613 -2.621 -2.627 -2.633 -2.638 -2.641 -2.644 -2.645 -2.645 
-2.644 -2.643 -2.640 -2.636 -2.631 -2.625 -2.618 -2.610 -2.601 -2.591 
-2.580 -2.567 -2.553 -2.538 -2.522 -2.503 -2.484 -2.462 -2.439 -2.413 
-2.385 -2.355 -2.323 -2.289 -2.254 -2.218 -2.184 -2.151 -2.121 -2.095 
-2.072 -2.050 -2.027 -2.003 -1.976 -1.946 -1.912 -1.876 -1.838 -1.797 
-1.755 -1.713 -1.672 -1.634 -1.603 -1.581 -1.570 -1.573 -1.589 -1.616 
-1.651 -1.690 -1.729 -1.766 -1.800 -1.831 -1.861 -1.896 -1.937 -1.987 
-2.040 -2.095 -2.147 -2.197 -2.242 -2.283 -2.321 -2.355 -2.387 -2.415 
-2.441 -2.465 -2.486 -2.506 -2.524 -2.541 -2.556 -2.570 -2.583 -2.594 
-2.593 
-2.747 -2.773 -2.788 -2.801 -2.811 -2.819 -2.825 -2.829 -2.830 -2.829 
-2.825 -2.820 -2.812 -2.802 -2.789 -2.775 -2.757 -2.738 -2.715 -2.690 
-2.663 -2.632 -2.598 -2.561 -2.521 -2.478 -2.431 -2.380 -2.326 -2.268 
-2.207 -2.144 -2.079 -2.014 -1.951 -1.893 -1.844 -1.805 -1.780 -1.769 
-1.771 -1.785 -1.805 -1.830 -1.856 -1.880 -1.902 -1.919 -1.931 -1.937 
-1.937 -1.932 -1.922 -1.908 -1.892 -1.874 -1.856 -1.838 -1.819 -1.797 
-1.770 -1.737 -1.699 -1.657 -1.615 -1.581 -1.561 -1.564 -1.592 -1.644 
-1.713 -1.792 -1.874 -1.956 -2.035 -2.109 -2.179 -2.244 -2.305 -2.362 
-2.415 -2.464 -2.509 -2.551 -2.589 -2.624 -2.656 -2.685 -2.711 -2.734 
-2.740 
-2.734 -2.740 -2.760 -2.777 -2.792 -2.804 -2.813 -2.820 -2.824 -2.825 
-2.824 -2.821 -2.814 -2.805 -2.793 -2.779 -2.761 -2.741 -2.718 -2.691 
-2.662 -2.629 -2.593 -2.553 -2.510 -2.463 -2.412 -2.357 -2.298 -2.236 
-2.170 -2.103 -2.034 -1.968 -1.906 -1.852 -1.810 -1.784 -1.774 -1.780 
-1.800 -1.831 -1.869 -1.910 -1.953 -1.994 -2.033 -2.067 -2.098 -2.124 
-2.146 -2.162 -2.174 -2.181 -2.182 -2.178 -2.168 -2.153 -2.131 -2.103 
-2.068 -2.026 -1.978 -1.925 -1.874 -1.833 -1.815 -1.824 -1.855 -1.898 
-1.942 -1.985 -2.025 -2.063 -2.101 -2.140 -2.181 -2.224 -2.268 -2.314 
-2.359 -2.403 -2.447 -2.489 -2.529 -2.567 -2.602 -2.635 -2.665 -2.693 
-2.725 
-2.818 -2.848 -2.863 -2.875 -2.885 -2.892 -2.896 -2.897 -2.896 -2.892 
-2.886 -2.876 -2.864 -2.850 -2.832 -2.811 -2.788 -2.761 -2.732 -2.699 
-2.662 -2.622 -2.578 -2.530 -2.479 -2.423 -2.362 -2.298 -2.229 -2.157 
-2.082 -2.006 -1.931 -1.862 -1.803 -1.758 -1.731 -1.723 -1.733 -1.756 
-1.788 -1.826 -1.865 -1.903 -1.938 -1.970 -1.998 -2.021 -2.039 -2.052 
-2.059 -2.061 -2.056 -2.045 -2.028 -2.004 -1.973 -1.935 -1.888 -1.832 
-1.768 -1.695 -1.616 -1.535 -1.462 -1.412 -1.400 -1.433 -1.504 -1.599 
-1.702 -1.806 -1.905 -1.997 -2.083 -2.162 -2.236 -2.304 -2.367 -2.426 
-2.480 -2.531 -2.578 -2.621 -2.661 -2.697 -2.730 -2.759 -2.786 -2.810 
-2.814 
-2.754 -2.772 -2.791 -2.808 -2.823 -2.834 -2.843 -2.849 -2.853 -2.854 
-2.853 -2.849 -2.843 -2.834 -2.823 -2.809 -2.792 -2.773 -2.751 -2.726 
-2.698 -2.668 -2.634 -2.598 -2.558 -2.515 -2.470 -2.421 -2.369 -2.314 
-2.257 -2.198 -2.140 -2.082 -2.028 -1.981 -1.942 -1.913 -1.894 -1.884 
-1.882 -1.887 -1.898 -1.913 -1.930 -1.949 -1.967 -1.984 -1.999 -2.011 
-2.019 -2.024 -2.024 -2.020 -2.011 -1.997 -1.977 -1.952 -1.922 -1.885 
-1.842 -1.793 -1.740 -1.684 -1.630 -1.584 -1.556 -1.550 -1.568 -1.606 
-1.660 -1.726 -1.799 -1.874 -1.949 -2.022 -2.092 -2.160 -2.225 -2.287 
-2.346 -2.401 -2.454 -2.502 -2.548 -2.589 -2.628 -2.663 -2.695 -2.723 
-2.746 
-2.665 -2.690 -2.716 -2.739 -2.759 -2.776 -2.791 -2.802 -2.811 -2.817 
-2.821 -2.821 -2.819 -2.815 -2.807 -2.797 -2.784 -2.769 -2.751 -2.730 
-2.706 -2.679 -2.650 -2.617 -2.582 -2.544 -2.504 -2.462 -2.417 -2.370 
-2.323 -2.274 -2.226 -2.180 -2.136 -2.096 -2.063 -2.038 -2.023 -2.019 
-2.025 -2.040 -2.062 -2.089 -2.119 -2.149 -2.180 -2.209 -2.235 -2.259 
-2.279 -2.296 -2.309 -2.318 -2.323 -2.323 -2.320 -2.312 -2.300 -2.283 
-2.262 -2.236 -2.207 -2.174 -2.139 -2.103 -2.070 -2.042 -2.022 -2.010 
-2.003 -2.000 -1.999 -2.001 -2.009 -2.024 -2.048 -2.081 -2.122 -2.168 
-2.218 -2.270 -2.322 -2.374 -2.423 -2.470 -2.514 -2.555 -2.594 -2.629 
-2.654 
-2.624 -2.628 -2.647 -2.664 -2.678 -2.689 -2.698 -2.705 -2.708 -2.710 
-2.708 -2.704 -2.698 -2.688 -2.677 -2.662 -2.645 -2.626 -2.604 -2.579 
-2.552 -2.523 -2.491 -2.458 -2.423 -2.387 -2.350 -2.313 -2.277 -2.243 
-2.212 -2.185 -2.163 -2.147 -2.138 -2.134 -2.138 -2.146 -2.161 -2.180 
-2.202 -2.228 -2.255 -2.282 -2.309 -2.335 -2.359 -2.381 -2.400 -2.416 
-2.429 -2.439 -2.446 -2.449 -2.450 -2.447 -2.440 -2.431 -2.418 -2.401 
-2.381 -2.358 -2.331 -2.301 -2.269 -2.237 -2.204 -2.175 -2.151 -2.134 
-2.123 -2.118 -2.118 -2.121 -2.129 -2.142 -2.160 -2.184 -2.212 -2.245 
-2.280 -2.316 -2.354 -2.391 -2.427 -2.462 -2.495 -2.526 -2.555 -2.582 
-2.615 
-2.790 -2.815 -2.829 -2.842 -2.851 -2.858 -2.863 -2.865 -2.864 -2.861 
-2.856 -2.848 -2.837 -2.825 -2.810 -2.792 -2.772 -2.750 -2.725 -2.699 
-2.670 -2.639 -2.606 -2.571 -2.536 -2.499 -2.462 -2.425 -2.389 -2.356 
-2.325 -2.299 -2.277 -2.261 -2.251 -2.248 -2.249 -2.256 -2.266 -2.280 
-2.295 -2.311 -2.326 -2.341 -2.354 -2.366 -2.375 -2.381 -2.385 -2.386 
-2.384 -2.378 -2.369 -2.356 -2.340 -2.321 -2.298 -2.271 -2.240 -2.206 
-2.168 -2.127 -2.083 -2.037 -1.990 -1.946 -1.906 -1.878 -1.865 -1.871 
-1.897 -1.939 -1.993 -2.054 -2.118 -2.182 -2.244 -2.304 -2.360 -2.413 
-2.463 -2.510 -2.554 -2.595 -2.633 -2.667 -2.699 -2.728 -2.754 -2.777 
-2.784 
-2.923 -2.935 -2.945 -2.953 -2.959 -2.963 -2.965 -2.965 -2.963 -2.959 
-2.953 -2.945 -2.935 -2.924 -2.911 -2.896 -2.879 -2.861 -2.841 -2.820 
-2.798 -2.774 -2.750 -2.724 -2.698 -2.671 -2.644 -2.618 -2.591 -2.566 
-2.542 -2.519 -2.498 -2.479 -2.462 -2.446 -2.432 -2.419 -2.406 -2.393 
-2.378 -2.362 -2.345 -2.326 -2.309 -2.293 -2.282 -2.276 -2.273 -2.272 
-2.271 -2.269 -2.264 -2.257 -2.246 -2.234 -2.219 -2.203 -2.187 -2.172 
-2.158 -2.147 -2.138 -2.134 -2.133 -2.135 -2.142 -2.154 -2.172 -2.198 
-2.233 -2.275 -2.322 -2.371 -2.420 -2.468 -2.514 -2.558 -2.600 -2.640 
-2.677 -2.712 -2.745 -2.775 -2.803 -2.829 -2.852 -2.873 -2.892 -2.909 
-2.919 
-2.937 -2.970 -2.991 -3.011 -3.028 -3.044 -3.058 -3.069 -3.078 -3.086 
-3.091 -3.094 -3.095 -3.094 -3.091 -3.086 -3.079 -3.070 -3.059 -3.046 
-3.030 -3.013 -2.994 -2.973 -2.950 -2.925 -2.898 -2.869 -2.838 -2.806 
-2.772 -2.735 -2.697 -2.656 -2.612 -2.566 -2.517 -2.465 -2.409 -2.350 
-2.289 -2.226 -2.164 -2.107 -2.058 -2.023 -2.004 -2.002 -2.016 -2.043 
-2.077 -2.114 -2.152 -2.189 -2.222 -2.251 -2.277 -2.298 -2.315 -2.330 
-2.342 -2.352 -2.361 -2.369 -2.377 -2.385 -2.393 -2.402 -2.411 -2.421 
-2.432 -2.444 -2.458 -2.473 -2.491 -2.511 -2.533 -2.558 -2.586 -2.615 
-2.645 -2.677 -2.709 -2.742 -2.774 -2.806 -2.837 -2.866 -2.895 -2.921 
-2.929 
-2.816 -2.819 -2.839 -2.858 -2.874 -2.889 -2.902 -2.913 -2.922 -2.929 
-2.933 -2.936 -2.937 -2.935 -2.932 -2.926 -2.919 -2.909 -2.897 -2.883 
-2.868 -2.850 -2.829 -2.807 -2.783 -2.758 -2.730 -2.701 -2.670 -2.638 
-2.605 -2.572 -2.539 -2.506 -2.475 -2.445 -2.419 -2.395 -2.375 -2.358 
-2.343 -2.331 -2.320 -2.311 -2.304 -2.301 -2.304 -2.312 -2.327 -2.346 
-2.366 -2.387 -2.407 -2.424 -2.440 -2.452 -2.462 -2.470 -2.474 -2.477 
-2.477 -2.475 -2.471 -2.465 -2.458 -2.450 -2.441 -2.432 -2.424 -2.416 
-2.410 -2.406 -2.405 -2.407 -2.413 -2.422 -2.436 -2.452 -2.472 -2.495 
-2.521 -2.548 -2.576 -2.606 -2.635 -2.664 -2.693 -2.721 -2.747 -2.773 
-2.807 
-2.913 -2.932 -2.950 -2.966 -2.979 -2.991 -3.000 -3.007 -3.012 -3.015 
-3.015 -3.014 -3.010 -3.003 -2.995 -2.984 -2.971 -2.955 -2.937 -2.917 
-2.895 -2.870 -2.842 -2.812 -2.780 -2.746 -2.709 -2.671 -2.630 -2.589 
-2.546 -2.503 -2.462 -2.422 -2.387 -2.357 -2.334 -2.319 -2.313 -2.316 
-2.326 -2.342 -2.363 -2.388 -2.413 -2.440 -2.465 -2.490 -2.513 -2.533 
-2.552 -2.567 -2.581 -2.591 -2.599 -2.604 -2.607 -2.607 -2.605 -2.601 
-2.596 -2.588 -2.580 -2.570 -2.560 -2.549 -2.539 -2.530 -2.521 -2.514 
-2.509 -2.507 -2.508 -2.512 -2.520 -2.532 -2.547 -2.567 -2.589 -2.614 
-2.642 -2.670 -2.700 -2.729 -2.759 -2.788 -2.816 -2.842 -2.867 -2.891 
-2.906 
-3.005 -3.036 -3.049 -3.059 -3.067 -3.074 -3.078 -3.081 -3.082 -3.080 
-3.077 -3.073 -3.066 -3.057 -3.047 -3.035 -3.022 -3.007 -2.990 -2.973 
-2.954 -2.933 -2.912 -2.891 -2.868 -2.845 -2.822 -2.799 -2.776 -2.753 
-2.730 -2.708 -2.687 -2.668 -2.650 -2.635 -2.623 -2.615 -2.611 -2.610 
-2.613 -2.618 -2.625 -2.632 -2.640 -2.647 -2.654 -2.658 -2.662 -2.663 
-2.663 -2.661 -2.657 -2.650 -2.642 -2.633 -2.622 -2.610 -2.598 -2.585 
-2.572 -2.561 -2.551 -2.543 -2.538 -2.537 -2.539 -2.545 -2.554 -2.566 
-2.582 -2.600 -2.620 -2.641 -2.663 -2.687 -2.711 -2.735 -2.760 -2.785 
-2.810 -2.835 -2.859 -2.883 -2.907 -2.929 -2.950 -2.971 -2.989 -3.007 
-3.002 
-2.887 -2.892 -2.913 -2.933 -2.952 -2.969 -2.984 -2.997 -3.008 -3.018 
-3.025 -3.030 -3.033 -3.035 -3.034 -3.031 -3.026 -3.018 -3.009 -2.998 
-2.985 -2.970 -2.953 -2.934 -2.913 -2.891 -2.868 -2.843 -2.817 -2.789 
-2.762 -2.734 -2.706 -2.679 -2.653 -2.630 -2.610 -2.594 -2.582 -2.576 
-2.575 -2.578 -2.586 -2.597 -2.611 -2.627 -2.643 -2.660 -2.677 -2.694 
-2.709 -2.723 -2.735 -2.746 -2.755 -2.761 -2.766 -2.769 -2.770 -2.769 
-2.766 -2.762 -2.757 -2.751 -2.745 -2.738 -2.730 -2.722 -2.714 -2.706 
-2.697 -2.689 -2.680 -2.671 -2.664 -2.657 -2.653 -2.651 -2.652 -2.657 
-2.665 -2.676 -2.691 -2.709 -2.729 -2.751 -2.774 -2.798 -2.822 -2.846 
-2.879 
-2.945 -2.973 -3.003 -3.031 -3.055 -3.078 -3.098 -3.115 -3.129 -3.141 
-3.151 -3.158 -3.162 -3.163 -3.162 -3.159 -3.152 -3.143 -3.131 -3.117 
-3.100 -3.079 -3.056 -3.030 -3.002 -2.970 -2.935 -2.897 -2.857 -2.814 
-2.768 -2.721 -2.672 -2.623 -2.574 -2.525 -2.479 -2.435 -2.402 -2.390 
-2.408 -2.445 -2.491 -2.537 -2.581 -2.625 -2.665 -2.704 -2.740 -2.773 
-2.803 -2.831 -2.855 -2.875 -2.893 -2.908 -2.920 -2.928 -2.934 -2.936 
-2.936 -2.932 -2.926 -2.917 -2.905 -2.891 -2.874 -2.854 -2.833 -2.810 
-2.785 -2.759 -2.733 -2.707 -2.681 -2.657 -2.634 -2.614 -2.596 -2.584 
-2.581 -2.592 -2.619 -2.656 -2.700 -2.744 -2.787 -2.829 -2.868 -2.906 
-2.934 
-2.991 -3.056 -3.107 -3.153 -3.194 -3.230 -3.262 -3.290 -3.314 -3.334 
-3.351 -3.364 -3.374 -3.381 -3.384 -3.384 -3.380 -3.373 -3.363 -3.350 
-3.333 -3.312 -3.288 -3.260 -3.228 -3.191 -3.150 -3.104 -3.052 -2.995 
-2.931 -2.860 -2.781 -2.693 -2.594 -2.484 -2.367 -2.254 -2.167 -2.133 
-2.162 -2.241 -2.340 -2.441 -2.534 -2.619 -2.694 -2.762 -2.823 -2.878 
-2.926 -2.969 -3.006 -3.038 -3.065 -3.088 -3.106 -3.120 -3.130 -3.136 
-3.137 -3.135 -3.128 -3.117 -3.103 -3.084 -3.061 -3.033 -3.001 -2.964 
-2.923 -2.876 -2.825 -2.768 -2.706 -2.639 -2.568 -2.495 -2.425 -2.368 
-2.334 -2.336 -2.375 -2.443 -2.528 -2.618 -2.707 -2.790 -2.866 -2.936 
-2.972 
-2.813 -2.845 -2.887 -2.925 -2.960 -2.991 -3.019 -3.043 -3.065 -3.083 
-3.098 -3.110 -3.119 -3.125 -3.129 -3.129 -3.127 -3.121 -3.113 -3.102 
-3.088 -3.071 -3.051 -3.028 -3.002 -2.974 -2.942 -2.906 -2.868 -2.827 
-2.783 -2.735 -2.685 -2.631 -2.573 -2.512 -2.448 -2.384 -2.327 -2.288 
-2.275 -2.281 -2.299 -2.326 -2.362 -2.403 -2.448 -2.495 -2.541 -2.585 
-2.626 -2.664 -2.698 -2.728 -2.754 -2.775 -2.793 -2.807 -2.817 -2.822 
-2.824 -2.822 -2.816 -2.807 -2.793 -2.775 -2.753 -2.727 -2.697 -2.663 
-2.625 -2.583 -2.539 -2.491 -2.443 -2.396 -2.352 -2.316 -2.290 -2.277 
-2.281 -2.304 -2.344 -2.397 -2.457 -2.519 -2.581 -2.641 -2.697 -2.750 
-2.795 
-2.749 -2.755 -2.779 -2.801 -2.822 -2.841 -2.857 -2.872 -2.885 -2.895 
-2.903 -2.909 -2.912 -2.913 -2.912 -2.908 -2.902 -2.893 -2.882 -2.869 
-2.853 -2.835 -2.815 -2.792 -2.768 -2.742 -2.714 -2.686 -2.657 -2.628 
-2.599 -2.573 -2.549 -2.528 -2.511 -2.498 -2.490 -2.486 -2.487 -2.493 
-2.502 -2.517 -2.537 -2.561 -2.589 -2.620 -2.651 -2.681 -2.711 -2.738 
-2.764 -2.787 -2.807 -2.825 -2.840 -2.852 -2.862 -2.870 -2.874 -2.876 
-2.876 -2.873 -2.867 -2.859 -2.848 -2.835 -2.820 -2.802 -2.782 -2.760 
-2.736 -2.710 -2.683 -2.655 -2.627 -2.600 -2.575 -2.553 -2.537 -2.528 
-2.526 -2.531 -2.543 -2.559 -2.580 -2.602 -2.627 -2.653 -2.679 -2.705 
-2.740 
-2.954 -2.975 -2.988 -3.000 -3.012 -3.023 -3.033 -3.042 -3.050 -3.056 
-3.061 -3.064 -3.066 -3.066 -3.065 -3.062 -3.057 -3.052 -3.044 -3.035 
-3.024 -3.013 -2.999 -2.985 -2.969 -2.952 -2.935 -2.916 -2.898 -2.879 
-2.860 -2.842 -2.826 -2.811 -2.799 -2.789 -2.782 -2.779 -2.778 -2.780 
-2.785 -2.792 -2.801 -2.812 -2.824 -2.837 -2.850 -2.864 -2.878 -2.891 
-2.904 -2.917 -2.928 -2.939 -2.948 -2.956 -2.963 -2.969 -2.973 -2.977 
-2.979 -2.979 -2.979 -2.977 -2.975 -2.971 -2.966 -2.961 -2.954 -2.947 
-2.940 -2.931 -2.923 -2.914 -2.905 -2.897 -2.890 -2.883 -2.878 -2.875 
-2.873 -2.874 -2.877 -2.882 -2.890 -2.899 -2.910 -2.922 -2.934 -2.948 
-2.950 
-3.202 -3.216 -3.219 -3.220 -3.219 -3.218 -3.215 -3.210 -3.204 -3.197 
-3.189 -3.180 -3.169 -3.158 -3.145 -3.133 -3.120 -3.107 -3.094 -3.082 
-3.071 -3.060 -3.051 -3.043 -3.036 -3.029 -3.024 -3.020 -3.016 -3.013 
-3.010 -3.008 -3.007 -3.006 -3.006 -3.006 -3.006 -3.007 -3.008 -3.010 
-3.011 -3.013 -3.015 -3.016 -3.017 -3.018 -3.018 -3.018 -3.017 -3.015 
-3.012 -3.008 -3.003 -2.998 -2.993 -2.987 -2.982 -2.977 -2.973 -2.969 
-2.967 -2.967 -2.968 -2.970 -2.974 -2.980 -2.986 -2.993 -3.002 -3.011 
-3.021 -3.031 -3.042 -3.054 -3.065 -3.077 -3.089 -3.100 -3.112 -3.123 
-3.134 -3.144 -3.154 -3.164 -3.173 -3.182 -3.190 -3.197 -3.203 -3.209 
-3.201 
-3.209 -3.228 -3.221 -3.212 -3.201 -3.189 -3.175 -3.159 -3.142 -3.123 
-3.102 -3.081 -3.059 -3.036 -3.014 -2.992 -2.972 -2.953 -2.937 -2.924 
-2.915 -2.909 -2.907 -2.908 -2.913 -2.920 -2.930 -2.940 -2.952 -2.964 
-2.976 -2.987 -2.997 -3.007 -3.015 -3.022 -3.027 -3.031 -3.034 -3.035 
-3.034 -3.032 -3.029 -3.024 -3.017 -3.009 -2.999 -2.988 -2.975 -2.961 
-2.946 -2.930 -2.914 -2.898 -2.882 -2.867 -2.855 -2.845 -2.838 -2.836 
-2.838 -2.844 -2.855 -2.870 -2.888 -2.909 -2.931 -2.955 -2.979 -3.003 
-3.027 -3.050 -3.072 -3.093 -3.113 -3.131 -3.148 -3.163 -3.177 -3.190 
-3.201 -3.211 -3.220 -3.227 -3.232 -3.236 -3.239 -3.240 -3.239 -3.237 
-3.212 
-2.992 -2.978 -2.980 -2.981 -2.981 -2.981 -2.981 -2.980 -2.979 -2.977 
-2.975 -2.972 -2.969 -2.967 -2.963 -2.960 -2.957 -2.954 -2.951 -2.949 
-2.947 -2.945 -2.943 -2.942 -2.940 -2.939 -2.938 -2.936 -2.934 -2.932 
-2.929 -2.925 -2.921 -2.917 -2.912 -2.907 -2.902 -2.897 -2.892 -2.887 
-2.882 -2.877 -2.872 -2.868 -2.863 -2.859 -2.856 -2.852 -2.849 -2.846 
-2.843 -2.840 -2.838 -2.836 -2.834 -2.833 -2.832 -2.832 -2.833 -2.834 
-2.837 -2.841 -2.845 -2.850 -2.856 -2.863 -2.869 -2.876 -2.882 -2.888 
-2.894 -2.900 -2.905 -2.911 -2.916 -2.921 -2.925 -2.930 -2.934 -2.938 
-2.943 -2.947 -2.951 -2.955 -2.958 -2.962 -2.965 -2.968 -2.971 -2.974 
-2.990 
-2.998 -2.990 -2.976 -2.961 -2.946 -2.932 -2.918 -2.906 -2.897 -2.890 
-2.885 -2.883 -2.883 -2.886 -2.890 -2.896 -2.904 -2.912 -2.923 -2.934 
-2.945 -2.958 -2.970 -2.983 -2.995 -3.006 -3.017 -3.027 -3.036 -3.044 
-3.051 -3.057 -3.061 -3.064 -3.066 -3.066 -3.065 -3.063 -3.060 -3.056 
-3.050 -3.044 -3.036 -3.027 -3.018 -3.008 -2.997 -2.986 -2.974 -2.962 
-2.951 -2.940 -2.929 -2.920 -2.913 -2.907 -2.904 -2.902 -2.903 -2.906 
-2.910 -2.916 -2.924 -2.932 -2.942 -2.953 -2.964 -2.975 -2.986 -2.997 
-3.008 -3.018 -3.028 -3.036 -3.044 -3.051 -3.057 -3.061 -3.065 -3.067 
-3.068 -3.068 -3.066 -3.063 -3.059 -3.053 -3.046 -3.037 -3.027 -3.016 
-3.002 
-3.058 -3.020 -2.987 -2.955 -2.924 -2.897 -2.876 -2.861 -2.854 -2.856 
-2.866 -2.884 -2.906 -2.933 -2.963 -2.993 -3.023 -3.051 -3.078 -3.102 
-3.123 -3.141 -3.156 -3.168 -3.178 -3.185 -3.191 -3.197 -3.202 -3.208 
-3.215 -3.222 -3.230 -3.237 -3.243 -3.248 -3.250 -3.250 -3.248 -3.242 
-3.234 -3.222 -3.208 -3.192 -3.173 -3.151 -3.128 -3.104 -3.080 -3.055 
-3.031 -3.010 -2.991 -2.976 -2.966 -2.961 -2.961 -2.966 -2.975 -2.988 
-3.004 -3.021 -3.039 -3.058 -3.076 -3.094 -3.111 -3.128 -3.144 -3.160 
-3.175 -3.190 -3.204 -3.216 -3.227 -3.236 -3.244 -3.248 -3.250 -3.250 
-3.246 -3.240 -3.231 -3.219 -3.203 -3.185 -3.164 -3.140 -3.113 -3.084 
-3.072 
-3.292 -3.323 -3.316 -3.308 -3.299 -3.289 -3.280 -3.272 -3.266 -3.262 
-3.260 -3.258 -3.257 -3.253 -3.247 -3.238 -3.225 -3.207 -3.186 -3.162 
-3.134 -3.103 -3.072 -3.039 -3.008 -2.980 -2.956 -2.937 -2.925 -2.921 
-2.924 -2.934 -2.950 -2.970 -2.993 -3.018 -3.043 -3.066 -3.089 -3.109 
-3.126 -3.141 -3.153 -3.162 -3.169 -3.173 -3.175 -3.174 -3.172 -3.168 
-3.162 -3.155 -3.148 -3.140 -3.131 -3.123 -3.114 -3.105 -3.095 -3.085 
-3.075 -3.063 -3.052 -3.041 -3.031 -3.024 -3.018 -3.017 -3.019 -3.026 
-3.037 -3.052 -3.070 -3.091 -3.113 -3.137 -3.161 -3.184 -3.206 -3.227 
-3.246 -3.264 -3.279 -3.293 -3.304 -3.313 -3.321 -3.326 -3.328 -3.329 
-3.290 
-3.197 -3.192 -3.204 -3.217 -3.230 -3.243 -3.256 -3.270 -3.282 -3.294 
-3.305 -3.315 -3.324 -3.332 -3.338 -3.342 -3.345 -3.345 -3.344 -3.340 
-3.334 -3.326 -3.316 -3.305 -3.292 -3.279 -3.266 -3.254 -3.244 -3.235 
-3.227 -3.221 -3.216 -3.210 -3.204 -3.197 -3.188 -3.178 -3.167 -3.155 
-3.142 -3.128 -3.115 -3.102 -3.091 -3.080 -3.072 -3.065 -3.061 -3.058 
-3.058 -3.060 -3.063 -3.068 -3.074 -3.081 -3.088 -3.095 -3.102 -3.108 
-3.114 -3.119 -3.123 -3.126 -3.129 -3.130 -3.132 -3.133 -3.135 -3.136 
-3.138 -3.139 -3.140 -3.141 -3.141 -3.141 -3.141 -3.140 -3.138 -3.137 
-3.136 -3.136 -3.136 -3.137 -3.139 -3.143 -3.148 -3.154 -3.162 -3.171 
-3.192 
-3.169 -3.175 -3.171 -3.170 -3.170 -3.174 -3.179 -3.186 -3.195 -3.205 
-3.216 -3.228 -3.239 -3.251 -3.263 -3.274 -3.284 -3.294 -3.302 -3.309 
-3.315 -3.320 -3.323 -3.324 -3.324 -3.322 -3.319 -3.314 -3.307 -3.298 
-3.287 -3.275 -3.262 -3.247 -3.230 -3.213 -3.194 -3.175 -3.155 -3.135 
-3.116 -3.097 -3.080 -3.065 -3.052 -3.041 -3.034 -3.031 -3.032 -3.036 
-3.044 -3.055 -3.069 -3.086 -3.104 -3.124 -3.144 -3.165 -3.185 -3.205 
-3.224 -3.242 -3.259 -3.274 -3.288 -3.300 -3.311 -3.319 -3.326 -3.332 
-3.336 -3.338 -3.338 -3.337 -3.334 -3.330 -3.324 -3.317 -3.309 -3.300 
-3.290 -3.279 -3.268 -3.256 -3.244 -3.232 -3.220 -3.209 -3.198 -3.189 
-3.172 
-3.084 -3.065 -3.059 -3.058 -3.064 -3.075 -3.090 -3.110 -3.133 -3.157 
-3.183 -3.210 -3.236 -3.262 -3.287 -3.310 -3.331 -3.351 -3.369 -3.385 
-3.398 -3.409 -3.418 -3.425 -3.430 -3.432 -3.432 -3.430 -3.425 -3.418 
-3.409 -3.398 -3.384 -3.369 -3.351 -3.331 -3.310 -3.287 -3.263 -3.238 
-3.213 -3.187 -3.162 -3.138 -3.117 -3.098 -3.082 -3.071 -3.064 -3.063 
-3.067 -3.076 -3.090 -3.107 -3.128 -3.151 -3.175 -3.200 -3.225 -3.249 
-3.272 -3.294 -3.315 -3.333 -3.350 -3.364 -3.377 -3.387 -3.394 -3.400 
-3.403 -3.404 -3.402 -3.398 -3.391 -3.382 -3.371 -3.358 -3.342 -3.324 
-3.304 -3.283 -3.259 -3.235 -3.210 -3.184 -3.158 -3.134 -3.112 -3.092 
-3.092 
