IRGRID 64 91
1e+308

0.025 0.03 0.035 0.04 0.045 0.05 0.055 0.06 0.065 0.07
0.075 0.08 0.085 0.09 0.095 0.1 0.11 0.12 0.13 0.14
0.15 0.16 0.17 0.18 0.19 0.2 0.21 0.22 0.23 0.24
0.25 0.26 0.27 0.28 0.29 0.3 0.31 0.32 0.33 0.34
0.35 0.36 0.37 0.38 0.39 0.4 0.41 0.42 0.43 0.44
0.45 0.46 0.47 0.48 0.49 0.5 0.51 0.52 0.53 0.54
0.55 0.56 0.57 0.58
0 4 8 12 16 20 24 28 32 36
40 44 48 52 56 60 64 68 72 76
80 84 88 92 96 100 104 108 112 116
120 124 128 132 136 140 144 148 152 156
160 164 168 172 176 180 184 188 192 196
200 204 208 212 216 220 224 228 232 236
240 244 248 252 256 260 264 268 272 276
280 284 288 292 296 300 304 308 312 316
320 324 328 332 336 340 344 348 352 356
360
-2.963 -3.034 -3.048 -3.059 -3.069 -3.077 -3.084 -3.090 -3.094 -3.096 
-3.098 -3.098 -3.097 -3.096 -3.093 -3.089 -3.085 -3.079 -3.073 -3.066 
-3.058 -3.049 -3.040 -3.029 -3.018 -3.006 -2.993 -2.980 -2.965 -2.950 
-2.934 -2.918 -2.900 -2.882 -2.864 -2.845 -2.825 -2.805 -2.784 -2.763 
-2.740 -2.717 -2.693 -2.667 -2.639 -2.609 -2.577 -2.542 -2.503 -2.459 
-2.411 -2.356 -2.293 -2.221 -2.138 -2.039 -1.920 -1.773 -1.588 -1.353 
-1.097 -0.938 -0.981 -1.172 -1.361 -1.462 -1.511 -1.570 -1.666 -1.789 
-1.918 -2.040 -2.152 -2.253 -2.343 -2.424 -2.497 -2.563 -2.622 -2.676 
-2.725 -2.769 -2.809 -2.846 -2.879 -2.909 -2.936 -2.960 -2.982 -3.002 
-2.959 
-2.542 -2.579 -2.596 -2.609 -2.621 -2.629 -2.636 -2.640 -2.641 -2.641 
-2.638 -2.633 -2.626 -2.617 -2.606 -2.594 -2.579 -2.563 -2.545 -2.526 
-2.506 -2.485 -2.465 -2.444 -2.424 -2.405 -2.387 -2.371 -2.357 -2.345 
-2.334 -2.324 -2.315 -2.307 -2.298 -2.290 -2.281 -2.271 -2.261 -2.250 
-2.238 -2.226 -2.213 -2.199 -2.183 -2.167 -2.149 -2.130 -2.108 -2.084 
-2.057 -2.027 -1.994 -1.956 -1.912 -1.863 -1.806 -1.739 -1.658 -1.557 
-1.425 -1.285 -1.241 -1.206 -1.127 -1.041 -0.983 -0.974 -1.017 -1.103 
-1.219 -1.348 -1.477 -1.599 -1.709 -1.810 -1.901 -1.983 -2.057 -2.125 
-2.187 -2.243 -2.294 -2.340 -2.382 -2.420 -2.455 -2.486 -2.514 -2.538 
-2.535 
-2.186 -2.185 -2.197 -2.206 -2.212 -2.216 -2.217 -2.215 -2.211 -2.204 
-2.194 -2.182 -2.168 -2.151 -2.133 -2.112 -2.090 -2.066 -2.040 -2.014 
-1.987 -1.960 -1.934 -1.908 -1.884 -1.862 -1.843 -1.826 -1.811 -1.798 
-1.786 -1.773 -1.759 -1.740 -1.715 -1.683 -1.643 -1.600 -1.559 -1.527 
-1.514 -1.521 -1.545 -1.579 -1.616 -1.652 -1.683 -1.707 -1.726 -1.737 
-1.743 -1.742 -1.735 -1.722 -1.703 -1.677 -1.646 -1.607 -1.562 -1.509 
-1.447 -1.376 -1.295 -1.204 -1.104 -0.998 -0.897 -0.815 -0.772 -0.784 
-0.852 -0.959 -1.081 -1.202 -1.316 -1.421 -1.516 -1.601 -1.678 -1.748 
-1.811 -1.867 -1.918 -1.964 -2.005 -2.042 -2.075 -2.104 -2.129 -2.151 
-2.180 
-2.067 -2.098 -2.115 -2.130 -2.143 -2.152 -2.160 -2.165 -2.167 -2.167 
-2.165 -2.161 -2.154 -2.145 -2.133 -2.120 -2.103 -2.085 -2.064 -2.040 
-2.015 -1.986 -1.956 -1.922 -1.886 -1.847 -1.805 -1.760 -1.710 -1.655 
-1.596 -1.530 -1.458 -1.380 -1.296 -1.208 -1.119 -1.034 -0.962 -0.910 
-0.886 -0.890 -0.918 -0.961 -1.011 -1.062 -1.110 -1.151 -1.185 -1.211 
-1.229 -1.238 -1.240 -1.233 -1.217 -1.193 -1.159 -1.117 -1.067 -1.009 
-0.950 -0.895 -0.857 -0.839 -0.838 -0.842 -0.845 -0.848 -0.860 -0.892 
-0.950 -1.024 -1.108 -1.193 -1.278 -1.360 -1.438 -1.511 -1.580 -1.643 
-1.702 -1.756 -1.806 -1.852 -1.895 -1.933 -1.968 -2.000 -2.029 -2.055 
-2.060 
-1.782 -1.814 -1.833 -1.849 -1.864 -1.877 -1.888 -1.897 -1.905 -1.910 
-1.915 -1.917 -1.918 -1.917 -1.915 -1.911 -1.906 -1.899 -1.891 -1.882 
-1.870 -1.858 -1.844 -1.828 -1.811 -1.793 -1.773 -1.751 -1.727 -1.701 
-1.673 -1.642 -1.608 -1.571 -1.530 -1.486 -1.438 -1.389 -1.342 -1.302 
-1.273 -1.254 -1.243 -1.232 -1.219 -1.199 -1.172 -1.138 -1.096 -1.047 
-0.990 -0.924 -0.849 -0.761 -0.660 -0.539 -0.392 -0.209 0.021 0.272 
0.361 0.205 0.031 -0.098 -0.208 -0.318 -0.427 -0.532 -0.632 -0.727 
-0.815 -0.899 -0.978 -1.053 -1.123 -1.189 -1.251 -1.309 -1.363 -1.414 
-1.462 -1.507 -1.548 -1.588 -1.624 -1.658 -1.690 -1.719 -1.746 -1.771 
-1.777 
-1.543 -1.544 -1.567 -1.588 -1.606 -1.621 -1.634 -1.644 -1.650 -1.653 
-1.653 -1.648 -1.638 -1.624 -1.603 -1.576 -1.542 -1.501 -1.455 -1.405 
-1.357 -1.318 -1.297 -1.298 -1.318 -1.350 -1.386 -1.419 -1.446 -1.466 
-1.477 -1.482 -1.480 -1.472 -1.459 -1.441 -1.419 -1.392 -1.362 -1.327 
-1.288 -1.246 -1.199 -1.149 -1.094 -1.034 -0.969 -0.898 -0.821 -0.737 
-0.645 -0.544 -0.431 -0.303 -0.158 0.011 0.211 0.453 0.729 0.966 
1.035 0.914 1.473 0.524 0.251 0.071 -0.075 -0.199 -0.308 -0.406 
-0.495 -0.578 -0.654 -0.726 -0.794 -0.858 -0.920 -0.978 -1.033 -1.086 
-1.137 -1.185 -1.231 -1.275 -1.317 -1.356 -1.393 -1.428 -1.460 -1.490 
-1.531 
-0.995 -1.056 -1.022 -0.990 -0.962 -0.941 -0.930 -0.930 -0.940 -0.957 
-0.977 -0.995 -1.007 -1.010 -1.000 -0.976 -0.940 -0.891 -0.833 -0.771 
-0.714 -0.670 -0.649 -0.656 -0.689 -0.741 -0.805 -0.871 -0.937 -0.997 
-1.052 -1.100 -1.142 -1.176 -1.205 -1.227 -1.244 -1.255 -1.260 -1.260 
-1.255 -1.244 -1.228 -1.206 -1.179 -1.146 -1.107 -1.061 -1.008 -0.947 
-0.877 -0.796 -0.703 -0.594 -0.466 -0.313 -0.122 0.128 0.493 1.233 
1.159 1.501 2.022 1.478 0.366 -0.011 -0.235 -0.399 -0.529 -0.637 
-0.729 -0.809 -0.878 -0.939 -0.992 -1.038 -1.078 -1.113 -1.142 -1.165 
-1.183 -1.196 -1.204 -1.207 -1.204 -1.197 -1.184 -1.167 -1.145 -1.118 
-0.995 
-0.446 -0.377 -0.338 -0.303 -0.274 -0.254 -0.247 -0.255 -0.277 -0.312 
-0.357 -0.409 -0.464 -0.520 -0.574 -0.625 -0.671 -0.712 -0.745 -0.772 
-0.794 -0.812 -0.831 -0.854 -0.881 -0.912 -0.941 -0.968 -0.991 -1.010 
-1.024 -1.035 -1.041 -1.043 -1.042 -1.037 -1.028 -1.016 -1.001 -0.981 
-0.958 -0.931 -0.900 -0.865 -0.825 -0.779 -0.729 -0.672 -0.608 -0.537 
-0.456 -0.364 -0.259 -0.136 0.009 0.188 0.417 0.747 1.386 1.872 
1.821 1.418 1.517 0.640 0.355 0.168 0.023 -0.093 -0.190 -0.272 
-0.341 -0.400 -0.450 -0.493 -0.528 -0.558 -0.582 -0.600 -0.613 -0.622 
-0.625 -0.624 -0.618 -0.608 -0.593 -0.574 -0.550 -0.522 -0.490 -0.455 
-0.466 
-0.724 -0.741 -0.736 -0.731 -0.726 -0.725 -0.729 -0.741 -0.760 -0.785 
-0.815 -0.847 -0.878 -0.909 -0.937 -0.963 -0.985 -1.005 -1.022 -1.036 
-1.048 -1.058 -1.065 -1.069 -1.072 -1.072 -1.071 -1.067 -1.062 -1.055 
-1.046 -1.035 -1.023 -1.008 -0.992 -0.974 -0.955 -0.933 -0.909 -0.882 
-0.853 -0.822 -0.787 -0.749 -0.708 -0.663 -0.613 -0.558 -0.497 -0.430 
-0.355 -0.272 -0.178 -0.070 0.055 0.202 0.381 0.610 0.929 1.489 
1.653 1.584 1.281 0.916 0.644 0.438 0.274 0.140 0.026 -0.070 
-0.154 -0.228 -0.293 -0.351 -0.403 -0.449 -0.491 -0.528 -0.562 -0.592 
-0.620 -0.644 -0.666 -0.685 -0.702 -0.716 -0.727 -0.736 -0.741 -0.744 
-0.718 
-1.080 -1.126 -1.133 -1.140 -1.146 -1.152 -1.158 -1.164 -1.170 -1.176 
-1.182 -1.187 -1.191 -1.194 -1.194 -1.193 -1.190 -1.185 -1.178 -1.170 
-1.159 -1.147 -1.133 -1.118 -1.101 -1.084 -1.066 -1.047 -1.027 -1.007 
-0.987 -0.967 -0.947 -0.926 -0.906 -0.886 -0.865 -0.845 -0.824 -0.802 
-0.780 -0.757 -0.732 -0.705 -0.676 -0.645 -0.610 -0.572 -0.530 -0.483 
-0.429 -0.370 -0.302 -0.224 -0.135 -0.031 0.092 0.241 0.425 0.670 
1.001 1.112 1.416 0.801 0.545 0.340 0.163 0.011 -0.121 -0.236 
-0.337 -0.427 -0.507 -0.579 -0.643 -0.702 -0.754 -0.802 -0.845 -0.884 
-0.920 -0.952 -0.980 -1.006 -1.029 -1.049 -1.067 -1.083 -1.096 -1.108 
-1.078 
-0.922 -0.901 -0.888 -0.877 -0.869 -0.865 -0.866 -0.874 -0.889 -0.910 
-0.936 -0.968 -1.002 -1.038 -1.074 -1.111 -1.146 -1.179 -1.210 -1.238 
-1.264 -1.286 -1.306 -1.323 -1.337 -1.348 -1.356 -1.362 -1.364 -1.365 
-1.363 -1.360 -1.354 -1.346 -1.337 -1.326 -1.313 -1.299 -1.283 -1.265 
-1.245 -1.222 -1.198 -1.170 -1.140 -1.106 -1.068 -1.026 -0.980 -0.927 
-0.869 -0.803 -0.729 -0.644 -0.547 -0.435 -0.303 -0.142 0.061 0.343 
0.856 1.615 1.910 1.430 0.625 0.251 0.014 -0.163 -0.303 -0.419 
-0.516 -0.598 -0.668 -0.729 -0.780 -0.824 -0.861 -0.892 -0.918 -0.938 
-0.954 -0.965 -0.972 -0.974 -0.974 -0.970 -0.963 -0.954 -0.942 -0.929 
-0.926 
-0.780 -0.775 -0.752 -0.730 -0.710 -0.695 -0.688 -0.690 -0.702 -0.725 
-0.758 -0.799 -0.846 -0.896 -0.947 -0.999 -1.049 -1.097 -1.142 -1.185 
-1.225 -1.261 -1.295 -1.325 -1.352 -1.376 -1.397 -1.415 -1.431 -1.443 
-1.452 -1.459 -1.463 -1.464 -1.462 -1.457 -1.449 -1.438 -1.424 -1.406 
-1.386 -1.362 -1.334 -1.303 -1.267 -1.227 -1.182 -1.132 -1.076 -1.013 
-0.943 -0.864 -0.775 -0.674 -0.557 -0.419 -0.253 -0.043 0.247 0.768 
1.448 1.815 1.624 0.751 0.337 0.072 -0.121 -0.270 -0.391 -0.490 
-0.572 -0.642 -0.701 -0.750 -0.791 -0.826 -0.853 -0.876 -0.892 -0.904 
-0.911 -0.915 -0.914 -0.909 -0.901 -0.890 -0.876 -0.860 -0.841 -0.821 
-0.790 
-0.572 -0.584 -0.606 -0.629 -0.655 -0.684 -0.714 -0.747 -0.783 -0.820 
-0.860 -0.900 -0.942 -0.982 -1.022 -1.060 -1.095 -1.129 -1.161 -1.190 
-1.216 -1.240 -1.262 -1.281 -1.298 -1.312 -1.324 -1.333 -1.340 -1.344 
-1.346 -1.345 -1.342 -1.336 -1.328 -1.317 -1.303 -1.286 -1.266 -1.244 
-1.218 -1.189 -1.156 -1.120 -1.079 -1.034 -0.984 -0.929 -0.867 -0.799 
-0.722 -0.636 -0.537 -0.423 -0.287 -0.119 0.105 0.400 0.573 0.646 
1.035 1.510 1.405 1.114 0.720 0.428 0.219 0.061 -0.063 -0.164 
-0.247 -0.315 -0.372 -0.419 -0.457 -0.488 -0.513 -0.531 -0.544 -0.553 
-0.557 -0.557 -0.554 -0.550 -0.544 -0.539 -0.536 -0.537 -0.542 -0.552 
-0.568 
-0.546 -0.564 -0.624 -0.686 -0.749 -0.811 -0.870 -0.928 -0.982 -1.034 
-1.082 -1.126 -1.168 -1.206 -1.241 -1.273 -1.301 -1.327 -1.349 -1.368 
-1.384 -1.398 -1.408 -1.415 -1.420 -1.422 -1.421 -1.418 -1.412 -1.404 
-1.393 -1.381 -1.365 -1.348 -1.328 -1.306 -1.282 -1.255 -1.226 -1.195 
-1.160 -1.123 -1.082 -1.037 -0.988 -0.933 -0.873 -0.806 -0.730 -0.645 
-0.548 -0.436 -0.304 -0.145 0.052 0.307 0.639 0.949 1.046 0.886 
0.847 0.918 0.854 0.470 0.179 -0.017 -0.158 -0.267 -0.352 -0.419 
-0.473 -0.515 -0.547 -0.571 -0.586 -0.594 -0.596 -0.590 -0.579 -0.563 
-0.542 -0.517 -0.490 -0.463 -0.438 -0.420 -0.411 -0.415 -0.433 -0.466 
-0.524 
-1.046 -1.156 -1.198 -1.238 -1.275 -1.308 -1.337 -1.363 -1.384 -1.401 
-1.414 -1.425 -1.432 -1.436 -1.437 -1.436 -1.432 -1.426 -1.418 -1.407 
-1.395 -1.380 -1.364 -1.346 -1.326 -1.305 -1.282 -1.259 -1.234 -1.208 
-1.182 -1.155 -1.127 -1.099 -1.070 -1.042 -1.013 -0.983 -0.954 -0.924 
-0.893 -0.861 -0.829 -0.794 -0.758 -0.719 -0.677 -0.631 -0.580 -0.523 
-0.459 -0.386 -0.302 -0.202 -0.081 0.070 0.272 0.543 0.756 0.977 
1.277 1.492 1.030 0.610 0.301 0.071 -0.110 -0.260 -0.385 -0.493 
-0.587 -0.668 -0.739 -0.801 -0.855 -0.900 -0.939 -0.970 -0.995 -1.013 
-1.025 -1.031 -1.031 -1.029 -1.025 -1.022 -1.024 -1.034 -1.053 -1.081 
-1.044 
-1.319 -1.348 -1.362 -1.376 -1.390 -1.403 -1.416 -1.430 -1.443 -1.456 
-1.470 -1.484 -1.497 -1.510 -1.523 -1.535 -1.547 -1.557 -1.567 -1.575 
-1.582 -1.587 -1.591 -1.593 -1.593 -1.591 -1.587 -1.581 -1.574 -1.564 
-1.553 -1.540 -1.525 -1.508 -1.490 -1.470 -1.449 -1.425 -1.401 -1.374 
-1.346 -1.315 -1.282 -1.247 -1.208 -1.166 -1.120 -1.069 -1.014 -0.951 
-0.882 -0.804 -0.715 -0.613 -0.494 -0.353 -0.182 0.035 0.330 0.765 
1.372 1.727 1.267 0.540 0.162 -0.078 -0.255 -0.396 -0.512 -0.609 
-0.692 -0.763 -0.825 -0.879 -0.927 -0.969 -1.007 -1.042 -1.073 -1.102 
-1.129 -1.154 -1.178 -1.201 -1.223 -1.244 -1.264 -1.283 -1.301 -1.317 
-1.317 
-1.142 -1.151 -1.189 -1.226 -1.261 -1.295 -1.328 -1.359 -1.388 -1.416 
-1.442 -1.467 -1.489 -1.510 -1.530 -1.547 -1.563 -1.577 -1.589 -1.599 
-1.607 -1.613 -1.617 -1.619 -1.619 -1.617 -1.612 -1.606 -1.597 -1.586 
-1.572 -1.556 -1.537 -1.516 -1.492 -1.465 -1.436 -1.403 -1.367 -1.327 
-1.284 -1.237 -1.186 -1.131 -1.070 -1.005 -0.934 -0.857 -0.773 -0.681 
-0.582 -0.474 -0.355 -0.226 -0.083 0.077 0.262 0.500 0.849 1.232 
1.408 1.388 0.824 0.524 0.336 0.193 0.073 -0.032 -0.127 -0.212 
-0.289 -0.357 -0.417 -0.471 -0.518 -0.561 -0.600 -0.637 -0.671 -0.704 
-0.738 -0.771 -0.806 -0.841 -0.878 -0.916 -0.954 -0.994 -1.033 -1.073 
-1.125 
-1.294 -1.335 -1.369 -1.400 -1.429 -1.456 -1.481 -1.504 -1.524 -1.542 
-1.558 -1.572 -1.584 -1.594 -1.601 -1.606 -1.610 -1.611 -1.610 -1.607 
-1.601 -1.594 -1.584 -1.573 -1.558 -1.542 -1.524 -1.503 -1.479 -1.454 
-1.425 -1.395 -1.361 -1.325 -1.285 -1.243 -1.197 -1.148 -1.096 -1.040 
-0.980 -0.916 -0.847 -0.774 -0.696 -0.612 -0.522 -0.425 -0.322 -0.212 
-0.093 0.033 0.166 0.304 0.440 0.565 0.669 0.755 0.835 0.955 
1.057 0.897 0.805 0.731 0.653 0.567 0.472 0.369 0.260 0.150 
0.040 -0.068 -0.172 -0.270 -0.364 -0.452 -0.535 -0.612 -0.684 -0.752 
-0.816 -0.876 -0.933 -0.987 -1.039 -1.088 -1.134 -1.179 -1.221 -1.261 
-1.284 
-1.471 -1.501 -1.532 -1.562 -1.588 -1.613 -1.635 -1.654 -1.671 -1.686 
-1.699 -1.710 -1.718 -1.724 -1.728 -1.730 -1.730 -1.728 -1.723 -1.717 
-1.708 -1.697 -1.684 -1.669 -1.651 -1.632 -1.609 -1.584 -1.557 -1.527 
-1.495 -1.459 -1.421 -1.379 -1.335 -1.287 -1.235 -1.180 -1.120 -1.056 
-0.988 -0.914 -0.835 -0.749 -0.657 -0.558 -0.451 -0.335 -0.211 -0.078 
0.064 0.214 0.368 0.521 0.659 0.761 0.812 0.816 0.792 0.756 
0.719 0.683 0.650 0.616 0.579 0.535 0.478 0.398 0.294 0.176 
0.053 -0.070 -0.190 -0.304 -0.413 -0.515 -0.612 -0.702 -0.787 -0.867 
-0.941 -1.011 -1.076 -1.137 -1.195 -1.248 -1.298 -1.345 -1.388 -1.429 
-1.459 
-1.594 -1.632 -1.663 -1.691 -1.717 -1.740 -1.760 -1.778 -1.794 -1.807 
-1.818 -1.827 -1.834 -1.838 -1.840 -1.840 -1.838 -1.833 -1.827 -1.818 
-1.806 -1.793 -1.777 -1.759 -1.738 -1.715 -1.689 -1.660 -1.629 -1.595 
-1.558 -1.518 -1.475 -1.428 -1.378 -1.323 -1.265 -1.202 -1.135 -1.063 
-0.985 -0.901 -0.811 -0.714 -0.610 -0.499 -0.382 -0.259 -0.133 -0.011 
0.101 0.195 0.266 0.319 0.358 0.385 0.392 0.379 0.357 0.341 
0.338 0.349 0.377 0.420 0.469 0.512 0.522 0.478 0.376 0.235 
0.078 -0.077 -0.225 -0.362 -0.489 -0.605 -0.713 -0.812 -0.903 -0.988 
-1.066 -1.139 -1.207 -1.269 -1.328 -1.382 -1.432 -1.479 -1.522 -1.562 
-1.584 
-1.559 -1.592 -1.624 -1.653 -1.680 -1.703 -1.725 -1.744 -1.760 -1.774 
-1.786 -1.795 -1.802 -1.807 -1.810 -1.810 -1.808 -1.804 -1.798 -1.789 
-1.778 -1.765 -1.749 -1.731 -1.710 -1.687 -1.661 -1.633 -1.602 -1.568 
-1.530 -1.490 -1.446 -1.399 -1.348 -1.292 -1.233 -1.169 -1.100 -1.026 
-0.946 -0.860 -0.767 -0.666 -0.559 -0.444 -0.322 -0.197 -0.072 0.043 
0.140 0.210 0.250 0.261 0.248 0.216 0.176 0.139 0.111 0.094 
0.089 0.096 0.116 0.147 0.184 0.220 0.241 0.229 0.182 0.106 
0.010 -0.100 -0.216 -0.332 -0.446 -0.555 -0.659 -0.756 -0.847 -0.932 
-1.011 -1.085 -1.154 -1.218 -1.278 -1.334 -1.385 -1.433 -1.478 -1.519 
-1.547 
-1.463 -1.487 -1.522 -1.553 -1.582 -1.609 -1.632 -1.654 -1.673 -1.690 
-1.704 -1.716 -1.726 -1.733 -1.739 -1.742 -1.743 -1.742 -1.739 -1.733 
-1.725 -1.715 -1.703 -1.688 -1.671 -1.652 -1.630 -1.605 -1.578 -1.549 
-1.516 -1.481 -1.442 -1.400 -1.355 -1.306 -1.253 -1.197 -1.135 -1.069 
-0.998 -0.921 -0.838 -0.749 -0.652 -0.547 -0.433 -0.311 -0.181 -0.045 
0.093 0.226 0.341 0.424 0.461 0.451 0.408 0.349 0.287 0.232 
0.185 0.149 0.122 0.103 0.091 0.083 0.075 0.061 0.037 -0.001 
-0.054 -0.120 -0.198 -0.283 -0.373 -0.465 -0.556 -0.645 -0.731 -0.812 
-0.890 -0.963 -1.033 -1.098 -1.159 -1.216 -1.270 -1.320 -1.366 -1.410 
-1.449 
-1.454 -1.480 -1.508 -1.535 -1.559 -1.581 -1.600 -1.618 -1.633 -1.646 
-1.657 -1.665 -1.672 -1.677 -1.679 -1.679 -1.678 -1.674 -1.668 -1.660 
-1.650 -1.638 -1.624 -1.607 -1.588 -1.567 -1.543 -1.517 -1.489 -1.457 
-1.424 -1.387 -1.348 -1.305 -1.260 -1.211 -1.158 -1.102 -1.042 -0.978 
-0.910 -0.837 -0.759 -0.675 -0.587 -0.492 -0.392 -0.285 -0.171 -0.051 
0.074 0.200 0.320 0.421 0.488 0.513 0.501 0.461 0.407 0.349 
0.291 0.236 0.184 0.134 0.085 0.035 -0.016 -0.070 -0.127 -0.189 
-0.255 -0.326 -0.401 -0.478 -0.556 -0.632 -0.708 -0.781 -0.851 -0.918 
-0.981 -1.042 -1.099 -1.153 -1.204 -1.252 -1.296 -1.338 -1.378 -1.414 
-1.443 
-1.499 -1.510 -1.533 -1.553 -1.571 -1.587 -1.600 -1.612 -1.622 -1.629 
-1.635 -1.638 -1.639 -1.639 -1.636 -1.632 -1.625 -1.616 -1.606 -1.593 
-1.578 -1.561 -1.542 -1.520 -1.497 -1.471 -1.442 -1.411 -1.378 -1.342 
-1.303 -1.262 -1.218 -1.170 -1.120 -1.067 -1.010 -0.950 -0.887 -0.819 
-0.749 -0.675 -0.597 -0.517 -0.433 -0.348 -0.261 -0.173 -0.086 0.001 
0.085 0.160 0.215 0.244 0.256 0.253 0.237 0.211 0.179 0.144 
0.106 0.067 0.026 -0.018 -0.062 -0.107 -0.151 -0.196 -0.246 -0.305 
-0.378 -0.459 -0.544 -0.627 -0.707 -0.782 -0.853 -0.920 -0.983 -1.042 
-1.097 -1.149 -1.197 -1.243 -1.286 -1.325 -1.362 -1.397 -1.429 -1.458 
-1.491 
-1.700 -1.746 -1.778 -1.806 -1.832 -1.855 -1.875 -1.893 -1.909 -1.922 
-1.933 -1.941 -1.948 -1.952 -1.954 -1.953 -1.950 -1.946 -1.938 -1.929 
-1.917 -1.903 -1.887 -1.868 -1.847 -1.823 -1.797 -1.768 -1.736 -1.702 
-1.664 -1.624 -1.580 -1.532 -1.481 -1.426 -1.367 -1.304 -1.235 -1.162 
-1.082 -0.997 -0.903 -0.801 -0.690 -0.565 -0.426 -0.266 -0.085 0.097 
0.222 0.293 0.321 0.290 0.216 0.130 0.052 -0.012 -0.062 -0.098 
-0.123 -0.135 -0.137 -0.127 -0.107 -0.078 -0.047 -0.023 -0.020 -0.051 
-0.119 -0.218 -0.335 -0.457 -0.578 -0.693 -0.801 -0.902 -0.996 -1.084 
-1.165 -1.240 -1.310 -1.375 -1.435 -1.491 -1.542 -1.590 -1.634 -1.675 
-1.689 
-1.756 -1.783 -1.818 -1.851 -1.880 -1.906 -1.930 -1.951 -1.970 -1.986 
-1.999 -2.010 -2.019 -2.025 -2.029 -2.031 -2.030 -2.027 -2.021 -2.013 
-2.002 -1.990 -1.974 -1.956 -1.935 -1.912 -1.885 -1.856 -1.823 -1.788 
-1.749 -1.706 -1.659 -1.608 -1.553 -1.493 -1.427 -1.356 -1.277 -1.192 
-1.097 -0.993 -0.877 -0.748 -0.602 -0.436 -0.246 -0.029 0.200 0.373 
0.404 0.301 0.155 0.015 -0.111 -0.219 -0.307 -0.376 -0.428 -0.465 
-0.489 -0.501 -0.503 -0.494 -0.478 -0.456 -0.431 -0.411 -0.402 -0.413 
-0.444 -0.489 -0.544 -0.607 -0.677 -0.753 -0.834 -0.917 -1.001 -1.083 
-1.162 -1.238 -1.310 -1.378 -1.442 -1.502 -1.558 -1.610 -1.659 -1.703 
-1.742 
-1.750 -1.788 -1.818 -1.845 -1.869 -1.891 -1.910 -1.927 -1.941 -1.953 
-1.963 -1.971 -1.976 -1.979 -1.979 -1.978 -1.974 -1.967 -1.959 -1.948 
-1.935 -1.919 -1.900 -1.880 -1.856 -1.830 -1.800 -1.768 -1.733 -1.694 
-1.652 -1.606 -1.556 -1.502 -1.443 -1.380 -1.310 -1.235 -1.154 -1.064 
-0.967 -0.862 -0.746 -0.622 -0.489 -0.353 -0.220 -0.101 -0.003 0.068 
0.060 -0.029 -0.122 -0.197 -0.252 -0.293 -0.322 -0.345 -0.363 -0.377 
-0.386 -0.388 -0.385 -0.377 -0.366 -0.355 -0.350 -0.356 -0.378 -0.417 
-0.473 -0.542 -0.619 -0.701 -0.786 -0.871 -0.954 -1.036 -1.113 -1.188 
-1.258 -1.324 -1.386 -1.444 -1.499 -1.550 -1.598 -1.642 -1.683 -1.721 
-1.740 
-1.665 -1.676 -1.706 -1.734 -1.760 -1.784 -1.806 -1.825 -1.843 -1.858 
-1.872 -1.883 -1.892 -1.900 -1.905 -1.909 -1.910 -1.909 -1.907 -1.902 
-1.895 -1.886 -1.875 -1.862 -1.847 -1.829 -1.809 -1.787 -1.762 -1.735 
-1.705 -1.672 -1.637 -1.598 -1.556 -1.510 -1.461 -1.408 -1.350 -1.287 
-1.219 -1.145 -1.065 -0.977 -0.881 -0.780 -0.677 -0.581 -0.500 -0.440 
-0.392 -0.347 -0.301 -0.255 -0.212 -0.177 -0.156 -0.151 -0.161 -0.184 
-0.214 -0.249 -0.286 -0.322 -0.356 -0.390 -0.424 -0.460 -0.500 -0.545 
-0.596 -0.652 -0.711 -0.771 -0.833 -0.896 -0.957 -1.019 -1.079 -1.137 
-1.194 -1.249 -1.301 -1.352 -1.401 -1.447 -1.491 -1.532 -1.571 -1.608 
-1.652 
-1.788 -1.826 -1.858 -1.889 -1.916 -1.942 -1.964 -1.985 -2.003 -2.019 
-2.033 -2.044 -2.053 -2.060 -2.065 -2.068 -2.068 -2.066 -2.063 -2.057 
-2.048 -2.038 -2.025 -2.010 -1.992 -1.972 -1.950 -1.925 -1.897 -1.866 
-1.833 -1.797 -1.757 -1.714 -1.668 -1.617 -1.563 -1.505 -1.442 -1.374 
-1.300 -1.221 -1.136 -1.044 -0.946 -0.841 -0.730 -0.616 -0.503 -0.399 
-0.316 -0.266 -0.255 -0.272 -0.303 -0.337 -0.372 -0.407 -0.441 -0.474 
-0.505 -0.532 -0.556 -0.576 -0.593 -0.608 -0.621 -0.635 -0.652 -0.673 
-0.701 -0.736 -0.778 -0.828 -0.884 -0.945 -1.010 -1.077 -1.145 -1.213 
-1.279 -1.343 -1.404 -1.463 -1.518 -1.571 -1.621 -1.667 -1.711 -1.752 
-1.776 
-1.899 -1.931 -1.969 -2.004 -2.036 -2.065 -2.092 -2.115 -2.137 -2.155 
-2.171 -2.185 -2.196 -2.205 -2.212 -2.216 -2.217 -2.217 -2.214 -2.208 
-2.201 -2.190 -2.178 -2.163 -2.145 -2.124 -2.101 -2.075 -2.046 -2.014 
-1.979 -1.940 -1.898 -1.852 -1.801 -1.746 -1.687 -1.622 -1.551 -1.473 
-1.389 -1.296 -1.195 -1.084 -0.965 -0.840 -0.713 -0.588 -0.464 -0.343 
-0.245 -0.203 -0.227 -0.302 -0.397 -0.492 -0.577 -0.649 -0.708 -0.755 
-0.792 -0.819 -0.838 -0.848 -0.852 -0.850 -0.844 -0.836 -0.826 -0.819 
-0.817 -0.822 -0.838 -0.864 -0.902 -0.951 -1.010 -1.076 -1.147 -1.221 
-1.295 -1.368 -1.439 -1.508 -1.573 -1.634 -1.692 -1.747 -1.798 -1.846 
-1.884 
-1.961 -2.004 -2.038 -2.070 -2.098 -2.123 -2.146 -2.166 -2.184 -2.199 
-2.211 -2.221 -2.228 -2.233 -2.235 -2.235 -2.233 -2.228 -2.221 -2.211 
-2.199 -2.184 -2.166 -2.145 -2.122 -2.096 -2.067 -2.035 -1.999 -1.960 
-1.917 -1.870 -1.819 -1.763 -1.703 -1.637 -1.564 -1.486 -1.400 -1.305 
-1.202 -1.090 -0.969 -0.840 -0.709 -0.586 -0.489 -0.432 -0.417 -0.428 
-0.449 -0.478 -0.527 -0.592 -0.661 -0.724 -0.778 -0.822 -0.855 -0.879 
-0.893 -0.898 -0.895 -0.884 -0.866 -0.842 -0.815 -0.787 -0.763 -0.746 
-0.743 -0.756 -0.788 -0.837 -0.900 -0.973 -1.054 -1.137 -1.222 -1.305 
-1.385 -1.461 -1.534 -1.602 -1.666 -1.726 -1.781 -1.833 -1.881 -1.925 
-1.950 
-1.910 -1.935 -1.973 -2.009 -2.041 -2.070 -2.097 -2.120 -2.141 -2.160 
-2.176 -2.189 -2.200 -2.209 -2.215 -2.219 -2.221 -2.220 -2.217 -2.211 
-2.203 -2.193 -2.180 -2.165 -2.147 -2.126 -2.103 -2.077 -2.049 -2.017 
-1.982 -1.944 -1.902 -1.857 -1.808 -1.755 -1.697 -1.635 -1.567 -1.494 
-1.414 -1.328 -1.234 -1.134 -1.028 -0.921 -0.820 -0.732 -0.659 -0.593 
-0.534 -0.490 -0.471 -0.480 -0.513 -0.560 -0.611 -0.660 -0.704 -0.741 
-0.770 -0.791 -0.804 -0.811 -0.811 -0.805 -0.794 -0.779 -0.762 -0.745 
-0.733 -0.728 -0.737 -0.761 -0.801 -0.858 -0.929 -1.008 -1.092 -1.177 
-1.262 -1.343 -1.421 -1.495 -1.564 -1.629 -1.690 -1.747 -1.799 -1.848 
-1.893 
-1.925 -1.959 -1.987 -2.013 -2.037 -2.058 -2.077 -2.093 -2.107 -2.119 
-2.128 -2.135 -2.140 -2.143 -2.144 -2.142 -2.138 -2.132 -2.124 -2.113 
-2.101 -2.086 -2.068 -2.048 -2.026 -2.001 -1.974 -1.944 -1.911 -1.876 
-1.837 -1.796 -1.751 -1.703 -1.651 -1.596 -1.537 -1.474 -1.407 -1.336 
-1.261 -1.181 -1.098 -1.012 -0.923 -0.833 -0.745 -0.665 -0.604 -0.569 
-0.555 -0.554 -0.563 -0.583 -0.611 -0.642 -0.674 -0.704 -0.731 -0.755 
-0.776 -0.796 -0.813 -0.831 -0.848 -0.867 -0.887 -0.910 -0.934 -0.960 
-0.988 -1.019 -1.053 -1.092 -1.138 -1.188 -1.243 -1.301 -1.359 -1.417 
-1.473 -1.529 -1.583 -1.635 -1.684 -1.731 -1.776 -1.818 -1.857 -1.894 
-1.916 
-1.939 -1.954 -1.993 -2.030 -2.064 -2.095 -2.123 -2.149 -2.172 -2.192 
-2.210 -2.225 -2.237 -2.247 -2.255 -2.260 -2.262 -2.262 -2.260 -2.255 
-2.248 -2.238 -2.225 -2.210 -2.192 -2.171 -2.147 -2.120 -2.091 -2.057 
-2.021 -1.981 -1.937 -1.888 -1.836 -1.778 -1.715 -1.647 -1.572 -1.489 
-1.399 -1.299 -1.189 -1.067 -0.933 -0.788 -0.641 -0.509 -0.417 -0.414 
-0.502 -0.617 -0.727 -0.823 -0.906 -0.976 -1.035 -1.085 -1.126 -1.161 
-1.189 -1.212 -1.230 -1.245 -1.255 -1.263 -1.267 -1.269 -1.267 -1.261 
-1.254 -1.247 -1.244 -1.249 -1.262 -1.279 -1.300 -1.324 -1.352 -1.384 
-1.422 -1.465 -1.512 -1.562 -1.614 -1.667 -1.719 -1.770 -1.820 -1.867 
-1.921 
-2.184 -2.259 -2.296 -2.331 -2.363 -2.391 -2.417 -2.440 -2.460 -2.478 
-2.493 -2.505 -2.515 -2.522 -2.527 -2.530 -2.529 -2.527 -2.522 -2.514 
-2.503 -2.491 -2.475 -2.457 -2.435 -2.411 -2.384 -2.353 -2.320 -2.282 
-2.241 -2.196 -2.147 -2.093 -2.034 -1.969 -1.898 -1.821 -1.736 -1.642 
-1.539 -1.426 -1.301 -1.164 -1.015 -0.850 -0.661 -0.452 -0.284 -0.256 
-0.384 -0.572 -0.748 -0.891 -1.004 -1.094 -1.166 -1.222 -1.264 -1.296 
-1.317 -1.328 -1.330 -1.324 -1.309 -1.286 -1.255 -1.216 -1.172 -1.126 
-1.083 -1.052 -1.043 -1.064 -1.114 -1.188 -1.274 -1.365 -1.454 -1.539 
-1.620 -1.696 -1.768 -1.837 -1.902 -1.963 -2.021 -2.075 -2.126 -2.174 
-2.174 
-2.130 -2.140 -2.170 -2.197 -2.222 -2.244 -2.263 -2.280 -2.294 -2.306 
-2.316 -2.323 -2.328 -2.330 -2.330 -2.328 -2.323 -2.316 -2.306 -2.294 
-2.280 -2.262 -2.242 -2.219 -2.193 -2.164 -2.132 -2.097 -2.058 -2.015 
-1.969 -1.918 -1.863 -1.802 -1.736 -1.665 -1.587 -1.501 -1.408 -1.307 
-1.198 -1.081 -0.958 -0.836 -0.721 -0.625 -0.560 -0.539 -0.541 -0.590 
-0.708 -0.830 -0.931 -1.013 -1.081 -1.136 -1.182 -1.218 -1.246 -1.267 
-1.282 -1.291 -1.295 -1.293 -1.288 -1.278 -1.266 -1.251 -1.235 -1.220 
-1.207 -1.200 -1.206 -1.227 -1.265 -1.316 -1.375 -1.438 -1.502 -1.566 
-1.628 -1.689 -1.746 -1.802 -1.854 -1.904 -1.950 -1.994 -2.035 -2.073 
-2.117 
-2.177 -2.213 -2.248 -2.279 -2.308 -2.333 -2.356 -2.376 -2.394 -2.408 
-2.420 -2.430 -2.437 -2.442 -2.444 -2.443 -2.441 -2.435 -2.427 -2.417 
-2.404 -2.388 -2.369 -2.348 -2.323 -2.296 -2.265 -2.231 -2.194 -2.152 
-2.107 -2.057 -2.003 -1.943 -1.878 -1.806 -1.727 -1.640 -1.545 -1.438 
-1.319 -1.186 -1.036 -0.869 -0.689 -0.519 -0.404 -0.387 -0.454 -0.555 
-0.663 -0.778 -0.888 -0.986 -1.068 -1.136 -1.190 -1.232 -1.265 -1.288 
-1.302 -1.309 -1.308 -1.301 -1.286 -1.266 -1.240 -1.209 -1.176 -1.142 
-1.113 -1.093 -1.088 -1.103 -1.139 -1.194 -1.264 -1.343 -1.426 -1.508 
-1.589 -1.666 -1.739 -1.808 -1.873 -1.933 -1.989 -2.042 -2.090 -2.134 
-2.164 
-2.206 -2.236 -2.271 -2.303 -2.332 -2.359 -2.383 -2.404 -2.423 -2.440 
-2.454 -2.466 -2.475 -2.482 -2.486 -2.489 -2.488 -2.486 -2.481 -2.474 
-2.464 -2.452 -2.437 -2.419 -2.399 -2.376 -2.351 -2.322 -2.290 -2.255 
-2.216 -2.174 -2.127 -2.076 -2.021 -1.960 -1.894 -1.822 -1.742 -1.654 
-1.556 -1.448 -1.326 -1.188 -1.033 -0.867 -0.707 -0.579 -0.476 -0.413 
-0.421 -0.500 -0.616 -0.738 -0.849 -0.945 -1.025 -1.091 -1.145 -1.188 
-1.221 -1.246 -1.264 -1.275 -1.280 -1.280 -1.276 -1.270 -1.262 -1.255 
-1.250 -1.251 -1.261 -1.281 -1.313 -1.357 -1.410 -1.469 -1.532 -1.597 
-1.662 -1.727 -1.790 -1.851 -1.909 -1.965 -2.018 -2.067 -2.114 -2.157 
-2.193 
-2.225 -2.258 -2.295 -2.328 -2.359 -2.387 -2.412 -2.435 -2.455 -2.473 
-2.488 -2.501 -2.512 -2.520 -2.525 -2.529 -2.530 -2.528 -2.524 -2.518 
-2.509 -2.498 -2.484 -2.468 -2.449 -2.427 -2.403 -2.375 -2.344 -2.310 
-2.273 -2.232 -2.187 -2.138 -2.084 -2.026 -1.962 -1.893 -1.817 -1.733 
-1.642 -1.541 -1.430 -1.307 -1.171 -1.023 -0.867 -0.717 -0.599 -0.547 
-0.576 -0.668 -0.784 -0.899 -1.003 -1.092 -1.167 -1.229 -1.280 -1.322 
-1.354 -1.379 -1.397 -1.408 -1.413 -1.414 -1.410 -1.403 -1.394 -1.385 
-1.376 -1.371 -1.372 -1.380 -1.397 -1.424 -1.461 -1.508 -1.561 -1.619 
-1.679 -1.741 -1.803 -1.864 -1.923 -1.979 -2.033 -2.084 -2.132 -2.177 
-2.211 
-2.260 -2.276 -2.304 -2.329 -2.353 -2.374 -2.393 -2.410 -2.424 -2.437 
-2.447 -2.455 -2.460 -2.464 -2.465 -2.464 -2.460 -2.455 -2.447 -2.436 
-2.424 -2.409 -2.391 -2.371 -2.349 -2.324 -2.296 -2.266 -2.233 -2.197 
-2.157 -2.115 -2.069 -2.020 -1.967 -1.911 -1.850 -1.784 -1.714 -1.638 
-1.557 -1.470 -1.378 -1.281 -1.181 -1.082 -0.989 -0.911 -0.856 -0.840 
-0.866 -0.918 -0.981 -1.048 -1.115 -1.181 -1.245 -1.304 -1.358 -1.406 
-1.448 -1.484 -1.515 -1.540 -1.561 -1.577 -1.590 -1.600 -1.608 -1.614 
-1.620 -1.627 -1.636 -1.649 -1.666 -1.688 -1.714 -1.746 -1.781 -1.820 
-1.860 -1.902 -1.944 -1.986 -2.027 -2.067 -2.107 -2.144 -2.180 -2.214 
-2.248 
-2.422 -2.441 -2.452 -2.460 -2.467 -2.472 -2.475 -2.476 -2.475 -2.472 
-2.468 -2.461 -2.452 -2.442 -2.429 -2.415 -2.398 -2.380 -2.360 -2.338 
-2.314 -2.288 -2.260 -2.230 -2.198 -2.164 -2.128 -2.089 -2.049 -2.007 
-1.962 -1.915 -1.866 -1.815 -1.761 -1.706 -1.647 -1.586 -1.523 -1.456 
-1.387 -1.315 -1.240 -1.162 -1.084 -1.007 -0.937 -0.876 -0.826 -0.789 
-0.766 -0.760 -0.773 -0.805 -0.855 -0.919 -0.991 -1.068 -1.146 -1.222 
-1.295 -1.365 -1.430 -1.491 -1.547 -1.601 -1.651 -1.698 -1.743 -1.786 
-1.828 -1.869 -1.908 -1.947 -1.984 -2.021 -2.057 -2.092 -2.126 -2.159 
-2.192 -2.223 -2.253 -2.281 -2.308 -2.332 -2.355 -2.376 -2.396 -2.413 
-2.419 
-2.537 -2.567 -2.587 -2.605 -2.621 -2.634 -2.645 -2.654 -2.661 -2.665 
-2.667 -2.667 -2.665 -2.661 -2.655 -2.646 -2.635 -2.622 -2.607 -2.590 
-2.570 -2.547 -2.523 -2.496 -2.466 -2.434 -2.399 -2.361 -2.320 -2.276 
-2.229 -2.179 -2.125 -2.067 -2.005 -1.938 -1.866 -1.789 -1.706 -1.617 
-1.522 -1.420 -1.313 -1.205 -1.101 -1.011 -0.945 -0.910 -0.905 -0.926 
-0.962 -1.006 -1.054 -1.105 -1.157 -1.209 -1.259 -1.304 -1.345 -1.380 
-1.410 -1.436 -1.458 -1.479 -1.499 -1.520 -1.542 -1.568 -1.598 -1.633 
-1.671 -1.714 -1.761 -1.811 -1.863 -1.917 -1.971 -2.025 -2.078 -2.129 
-2.179 -2.227 -2.272 -2.315 -2.356 -2.393 -2.429 -2.461 -2.491 -2.519 
-2.530 
-2.483 -2.505 -2.535 -2.562 -2.586 -2.608 -2.628 -2.645 -2.660 -2.672 
-2.682 -2.690 -2.695 -2.698 -2.699 -2.697 -2.693 -2.686 -2.678 -2.666 
-2.653 -2.636 -2.617 -2.596 -2.571 -2.544 -2.514 -2.481 -2.444 -2.404 
-2.360 -2.312 -2.260 -2.203 -2.141 -2.074 -2.001 -1.921 -1.834 -1.740 
-1.638 -1.530 -1.420 -1.314 -1.216 -1.125 -1.045 -0.984 -0.956 -0.965 
-1.006 -1.068 -1.138 -1.207 -1.271 -1.327 -1.376 -1.417 -1.450 -1.476 
-1.497 -1.512 -1.522 -1.529 -1.534 -1.537 -1.539 -1.542 -1.547 -1.556 
-1.569 -1.587 -1.612 -1.643 -1.681 -1.724 -1.774 -1.827 -1.884 -1.942 
-2.000 -2.058 -2.114 -2.169 -2.220 -2.269 -2.316 -2.359 -2.400 -2.438 
-2.471 
-2.510 -2.526 -2.560 -2.591 -2.619 -2.645 -2.667 -2.686 -2.703 -2.717 
-2.728 -2.736 -2.742 -2.746 -2.746 -2.744 -2.739 -2.732 -2.722 -2.709 
-2.693 -2.675 -2.653 -2.628 -2.600 -2.569 -2.534 -2.495 -2.452 -2.404 
-2.352 -2.295 -2.232 -2.162 -2.086 -2.002 -1.909 -1.807 -1.695 -1.572 
-1.442 -1.311 -1.198 -1.135 -1.132 -1.166 -1.219 -1.275 -1.329 -1.388 
-1.453 -1.522 -1.587 -1.647 -1.700 -1.744 -1.781 -1.810 -1.832 -1.847 
-1.857 -1.860 -1.858 -1.850 -1.838 -1.821 -1.800 -1.774 -1.746 -1.714 
-1.678 -1.639 -1.596 -1.558 -1.552 -1.593 -1.655 -1.721 -1.789 -1.857 
-1.926 -1.995 -2.062 -2.127 -2.189 -2.248 -2.303 -2.355 -2.403 -2.447 
-2.495 
-2.807 -2.867 -2.903 -2.935 -2.963 -2.988 -3.010 -3.029 -3.045 -3.058 
-3.068 -3.075 -3.079 -3.081 -3.080 -3.076 -3.069 -3.060 -3.047 -3.032 
-3.013 -2.992 -2.967 -2.939 -2.908 -2.872 -2.833 -2.790 -2.742 -2.688 
-2.630 -2.565 -2.494 -2.415 -2.327 -2.229 -2.119 -1.993 -1.850 -1.686 
-1.502 -1.315 -1.175 -1.137 -1.202 -1.315 -1.436 -1.554 -1.662 -1.758 
-1.840 -1.910 -1.968 -2.015 -2.052 -2.080 -2.099 -2.109 -2.111 -2.106 
-2.092 -2.070 -2.040 -2.003 -1.961 -1.917 -1.873 -1.832 -1.789 -1.734 
-1.655 -1.547 -1.423 -1.322 -1.303 -1.389 -1.542 -1.711 -1.868 -2.006 
-2.126 -2.233 -2.328 -2.414 -2.491 -2.561 -2.625 -2.683 -2.736 -2.784 
-2.796 
-2.986 -3.004 -3.030 -3.053 -3.073 -3.090 -3.105 -3.117 -3.126 -3.133 
-3.137 -3.139 -3.138 -3.135 -3.129 -3.121 -3.110 -3.096 -3.080 -3.061 
-3.040 -3.015 -2.987 -2.957 -2.923 -2.885 -2.844 -2.799 -2.750 -2.696 
-2.637 -2.573 -2.502 -2.425 -2.340 -2.246 -2.140 -2.021 -1.885 -1.727 
-1.551 -1.400 -1.310 -1.248 -1.210 -1.202 -1.235 -1.302 -1.386 -1.471 
-1.548 -1.613 -1.667 -1.709 -1.740 -1.760 -1.770 -1.770 -1.761 -1.742 
-1.713 -1.677 -1.633 -1.584 -1.534 -1.491 -1.461 -1.454 -1.469 -1.497 
-1.527 -1.576 -1.645 -1.698 -1.760 -1.871 -2.010 -2.142 -2.259 -2.361 
-2.450 -2.529 -2.601 -2.665 -2.723 -2.775 -2.823 -2.867 -2.907 -2.942 
-2.976 
-3.023 -3.083 -3.108 -3.130 -3.149 -3.166 -3.179 -3.190 -3.199 -3.204 
-3.208 -3.208 -3.207 -3.202 -3.195 -3.186 -3.173 -3.158 -3.140 -3.120 
-3.096 -3.069 -3.039 -3.006 -2.969 -2.928 -2.882 -2.833 -2.778 -2.718 
-2.652 -2.578 -2.497 -2.405 -2.303 -2.185 -2.048 -1.887 -1.694 -1.470 
-1.259 -1.153 -1.208 -1.344 -1.464 -1.552 -1.631 -1.713 -1.793 -1.866 
-1.929 -1.983 -2.027 -2.062 -2.089 -2.106 -2.116 -2.118 -2.112 -2.098 
-2.076 -2.045 -2.005 -1.957 -1.899 -1.834 -1.759 -1.671 -1.563 -1.442 
-1.353 -1.360 -1.479 -1.659 -1.844 -2.008 -2.149 -2.271 -2.377 -2.471 
-2.554 -2.628 -2.696 -2.757 -2.812 -2.863 -2.909 -2.951 -2.989 -3.024 
-3.015 
-2.754 -2.758 -2.779 -2.799 -2.816 -2.830 -2.842 -2.852 -2.860 -2.865 
-2.868 -2.869 -2.868 -2.864 -2.858 -2.849 -2.839 -2.825 -2.809 -2.791 
-2.770 -2.747 -2.720 -2.691 -2.658 -2.623 -2.584 -2.542 -2.496 -2.447 
-2.393 -2.335 -2.272 -2.204 -2.131 -2.052 -1.967 -1.874 -1.773 -1.659 
-1.534 -1.441 -1.427 -1.435 -1.442 -1.458 -1.487 -1.526 -1.571 -1.617 
-1.663 -1.706 -1.744 -1.778 -1.807 -1.830 -1.849 -1.863 -1.873 -1.878 
-1.880 -1.878 -1.872 -1.864 -1.853 -1.838 -1.820 -1.797 -1.768 -1.731 
-1.700 -1.716 -1.792 -1.883 -1.967 -2.044 -2.113 -2.178 -2.238 -2.296 
-2.349 -2.400 -2.448 -2.493 -2.536 -2.575 -2.612 -2.646 -2.678 -2.707 
-2.745 
-2.756 -2.773 -2.799 -2.822 -2.843 -2.860 -2.876 -2.888 -2.898 -2.905 
-2.910 -2.912 -2.912 -2.909 -2.904 -2.896 -2.886 -2.873 -2.857 -2.839 
-2.818 -2.793 -2.766 -2.736 -2.702 -2.665 -2.624 -2.579 -2.529 -2.476 
-2.417 -2.353 -2.284 -2.208 -2.128 -2.043 -1.956 -1.872 -1.793 -1.721 
-1.651 -1.584 -1.524 -1.478 -1.455 -1.456 -1.479 -1.518 -1.565 -1.615 
-1.663 -1.706 -1.744 -1.775 -1.800 -1.817 -1.828 -1.833 -1.830 -1.821 
-1.804 -1.781 -1.752 -1.716 -1.675 -1.630 -1.586 -1.546 -1.518 -1.507 
-1.517 -1.549 -1.604 -1.675 -1.758 -1.846 -1.934 -2.021 -2.103 -2.181 
-2.254 -2.322 -2.386 -2.444 -2.498 -2.548 -2.595 -2.637 -2.676 -2.711 
-2.744 
-2.918 -2.948 -2.968 -2.985 -3.000 -3.012 -3.021 -3.027 -3.030 -3.031 
-3.029 -3.024 -3.017 -3.006 -2.993 -2.977 -2.958 -2.936 -2.911 -2.883 
-2.851 -2.815 -2.776 -2.733 -2.685 -2.633 -2.575 -2.512 -2.444 -2.369 
-2.287 -2.199 -2.103 -2.002 -1.896 -1.792 -1.696 -1.621 -1.577 -1.568 
-1.588 -1.626 -1.671 -1.716 -1.760 -1.804 -1.850 -1.895 -1.939 -1.977 
-2.010 -2.036 -2.055 -2.067 -2.071 -2.068 -2.058 -2.040 -2.015 -1.982 
-1.941 -1.892 -1.835 -1.771 -1.704 -1.637 -1.579 -1.540 -1.526 -1.541 
-1.584 -1.657 -1.752 -1.858 -1.965 -2.068 -2.165 -2.255 -2.338 -2.414 
-2.484 -2.549 -2.608 -2.662 -2.711 -2.756 -2.797 -2.834 -2.867 -2.897 
-2.911 
-3.012 -3.034 -3.058 -3.078 -3.096 -3.111 -3.122 -3.131 -3.137 -3.140 
-3.141 -3.139 -3.134 -3.126 -3.115 -3.101 -3.085 -3.066 -3.043 -3.017 
-2.988 -2.956 -2.919 -2.879 -2.835 -2.786 -2.733 -2.675 -2.611 -2.542 
-2.466 -2.384 -2.295 -2.199 -2.098 -1.994 -1.891 -1.799 -1.726 -1.682 
-1.673 -1.698 -1.748 -1.814 -1.885 -1.954 -2.018 -2.076 -2.125 -2.167 
-2.201 -2.228 -2.247 -2.260 -2.265 -2.264 -2.256 -2.241 -2.218 -2.188 
-2.149 -2.102 -2.046 -1.980 -1.905 -1.821 -1.729 -1.634 -1.544 -1.476 
-1.451 -1.489 -1.583 -1.711 -1.849 -1.983 -2.107 -2.220 -2.323 -2.415 
-2.499 -2.575 -2.643 -2.706 -2.763 -2.814 -2.861 -2.903 -2.942 -2.976 
-3.002 
-3.047 -3.075 -3.099 -3.121 -3.139 -3.155 -3.167 -3.177 -3.184 -3.189 
-3.191 -3.190 -3.186 -3.180 -3.171 -3.160 -3.146 -3.128 -3.108 -3.085 
-3.059 -3.030 -2.997 -2.961 -2.920 -2.876 -2.828 -2.775 -2.717 -2.654 
-2.584 -2.509 -2.427 -2.337 -2.241 -2.138 -2.030 -1.922 -1.822 -1.743 
-1.695 -1.685 -1.707 -1.747 -1.794 -1.842 -1.887 -1.932 -1.976 -2.017 
-2.055 -2.089 -2.117 -2.139 -2.155 -2.165 -2.169 -2.168 -2.161 -2.148 
-2.129 -2.104 -2.073 -2.035 -1.988 -1.931 -1.864 -1.790 -1.716 -1.655 
-1.629 -1.653 -1.725 -1.827 -1.944 -2.062 -2.175 -2.280 -2.377 -2.466 
-2.547 -2.620 -2.688 -2.749 -2.805 -2.856 -2.902 -2.944 -2.982 -3.017 
-3.037 
-3.012 -3.024 -3.043 -3.059 -3.073 -3.085 -3.095 -3.102 -3.107 -3.110 
-3.110 -3.109 -3.105 -3.098 -3.090 -3.079 -3.065 -3.050 -3.032 -3.011 
-2.988 -2.962 -2.933 -2.902 -2.867 -2.830 -2.789 -2.745 -2.697 -2.645 
-2.590 -2.529 -2.465 -2.395 -2.320 -2.240 -2.154 -2.064 -1.972 -1.881 
-1.796 -1.719 -1.652 -1.595 -1.553 -1.528 -1.523 -1.533 -1.556 -1.586 
-1.620 -1.653 -1.684 -1.711 -1.733 -1.752 -1.765 -1.776 -1.783 -1.788 
-1.792 -1.797 -1.803 -1.812 -1.824 -1.840 -1.859 -1.881 -1.905 -1.932 
-1.967 -2.017 -2.082 -2.157 -2.236 -2.312 -2.385 -2.454 -2.518 -2.577 
-2.633 -2.684 -2.732 -2.776 -2.817 -2.855 -2.890 -2.922 -2.952 -2.978 
-3.004 
-3.065 -3.081 -3.103 -3.122 -3.139 -3.153 -3.165 -3.174 -3.181 -3.186 
-3.188 -3.188 -3.185 -3.180 -3.173 -3.163 -3.151 -3.136 -3.119 -3.099 
-3.076 -3.051 -3.023 -2.991 -2.957 -2.919 -2.878 -2.833 -2.784 -2.732 
-2.674 -2.613 -2.546 -2.473 -2.395 -2.311 -2.221 -2.124 -2.022 -1.916 
-1.809 -1.708 -1.626 -1.575 -1.559 -1.572 -1.605 -1.649 -1.699 -1.749 
-1.796 -1.838 -1.873 -1.902 -1.925 -1.941 -1.950 -1.954 -1.952 -1.944 
-1.933 -1.917 -1.898 -1.878 -1.858 -1.842 -1.832 -1.833 -1.848 -1.881 
-1.930 -1.993 -2.064 -2.141 -2.219 -2.297 -2.373 -2.445 -2.514 -2.579 
-2.640 -2.698 -2.751 -2.801 -2.847 -2.890 -2.929 -2.965 -2.999 -3.029 
-3.056 
-3.216 -3.243 -3.265 -3.285 -3.302 -3.316 -3.328 -3.337 -3.343 -3.347 
-3.348 -3.347 -3.343 -3.337 -3.328 -3.316 -3.302 -3.284 -3.264 -3.241 
-3.215 -3.186 -3.154 -3.118 -3.078 -3.034 -2.985 -2.932 -2.873 -2.809 
-2.738 -2.659 -2.572 -2.475 -2.368 -2.252 -2.134 -2.025 -1.931 -1.840 
-1.735 -1.628 -1.546 -1.517 -1.546 -1.618 -1.707 -1.797 -1.880 -1.952 
-2.012 -2.062 -2.101 -2.131 -2.152 -2.163 -2.167 -2.162 -2.149 -2.129 
-2.100 -2.064 -2.022 -1.974 -1.924 -1.876 -1.838 -1.819 -1.825 -1.860 
-1.920 -2.000 -2.092 -2.189 -2.286 -2.381 -2.470 -2.554 -2.633 -2.706 
-2.774 -2.837 -2.895 -2.948 -2.998 -3.043 -3.085 -3.123 -3.158 -3.189 
-3.207 
-3.311 -3.335 -3.352 -3.366 -3.378 -3.386 -3.392 -3.396 -3.396 -3.394 
-3.389 -3.381 -3.371 -3.358 -3.341 -3.322 -3.300 -3.274 -3.246 -3.213 
-3.177 -3.137 -3.093 -3.044 -2.990 -2.931 -2.866 -2.794 -2.715 -2.627 
-2.530 -2.423 -2.303 -2.172 -2.030 -1.887 -1.760 -1.675 -1.650 -1.681 
-1.741 -1.803 -1.855 -1.909 -1.978 -2.057 -2.135 -2.203 -2.261 -2.307 
-2.342 -2.368 -2.385 -2.393 -2.393 -2.384 -2.368 -2.343 -2.310 -2.268 
-2.218 -2.160 -2.095 -2.025 -1.958 -1.903 -1.871 -1.872 -1.908 -1.974 
-2.060 -2.156 -2.257 -2.357 -2.455 -2.547 -2.634 -2.715 -2.789 -2.858 
-2.921 -2.979 -3.032 -3.081 -3.125 -3.166 -3.202 -3.235 -3.265 -3.291 
-3.305 
-3.246 -3.276 -3.298 -3.317 -3.333 -3.346 -3.356 -3.364 -3.369 -3.371 
-3.370 -3.367 -3.361 -3.353 -3.341 -3.327 -3.309 -3.289 -3.266 -3.239 
-3.209 -3.175 -3.138 -3.097 -3.051 -3.000 -2.945 -2.884 -2.817 -2.743 
-2.662 -2.571 -2.472 -2.362 -2.242 -2.113 -1.984 -1.870 -1.788 -1.750 
-1.761 -1.816 -1.897 -1.987 -2.075 -2.155 -2.227 -2.289 -2.342 -2.387 
-2.423 -2.452 -2.474 -2.489 -2.498 -2.499 -2.494 -2.483 -2.465 -2.440 
-2.408 -2.370 -2.325 -2.274 -2.220 -2.168 -2.122 -2.089 -2.073 -2.074 
-2.094 -2.134 -2.193 -2.265 -2.345 -2.428 -2.511 -2.591 -2.667 -2.739 
-2.807 -2.870 -2.928 -2.982 -3.032 -3.077 -3.119 -3.157 -3.192 -3.223 
-3.238 
-3.099 -3.112 -3.138 -3.160 -3.179 -3.196 -3.210 -3.221 -3.230 -3.236 
-3.239 -3.240 -3.239 -3.234 -3.228 -3.218 -3.206 -3.191 -3.173 -3.153 
-3.129 -3.103 -3.073 -3.040 -3.004 -2.964 -2.920 -2.873 -2.821 -2.765 
-2.705 -2.640 -2.570 -2.494 -2.414 -2.330 -2.242 -2.155 -2.072 -2.005 
-1.957 -1.928 -1.920 -1.943 -1.994 -2.057 -2.119 -2.176 -2.228 -2.273 
-2.312 -2.346 -2.373 -2.395 -2.412 -2.423 -2.428 -2.429 -2.425 -2.416 
-2.402 -2.383 -2.361 -2.335 -2.305 -2.274 -2.242 -2.212 -2.187 -2.170 
-2.163 -2.168 -2.184 -2.211 -2.249 -2.297 -2.354 -2.417 -2.484 -2.551 
-2.616 -2.679 -2.739 -2.795 -2.847 -2.895 -2.940 -2.981 -3.019 -3.053 
-3.089 
-3.136 -3.158 -3.192 -3.222 -3.248 -3.271 -3.292 -3.309 -3.323 -3.334 
-3.342 -3.347 -3.350 -3.350 -3.347 -3.341 -3.332 -3.321 -3.306 -3.289 
-3.268 -3.244 -3.217 -3.186 -3.152 -3.113 -3.071 -3.024 -2.972 -2.915 
-2.852 -2.783 -2.706 -2.622 -2.529 -2.427 -2.315 -2.196 -2.072 -1.949 
-1.830 -1.726 -1.665 -1.674 -1.749 -1.859 -1.976 -2.085 -2.180 -2.262 
-2.331 -2.389 -2.437 -2.477 -2.508 -2.531 -2.548 -2.558 -2.561 -2.558 
-2.548 -2.532 -2.509 -2.480 -2.444 -2.400 -2.348 -2.290 -2.228 -2.170 
-2.127 -2.105 -2.096 -2.094 -2.104 -2.133 -2.183 -2.251 -2.331 -2.416 
-2.502 -2.586 -2.665 -2.740 -2.809 -2.873 -2.932 -2.986 -3.035 -3.080 
-3.121 
-3.291 -3.337 -3.361 -3.382 -3.400 -3.415 -3.427 -3.436 -3.442 -3.445 
-3.445 -3.443 -3.438 -3.430 -3.419 -3.405 -3.388 -3.368 -3.345 -3.319 
-3.290 -3.257 -3.220 -3.179 -3.135 -3.086 -3.032 -2.973 -2.909 -2.839 
-2.762 -2.678 -2.587 -2.487 -2.377 -2.260 -2.139 -2.023 -1.931 -1.880 
-1.875 -1.901 -1.944 -2.010 -2.098 -2.191 -2.277 -2.350 -2.412 -2.462 
-2.503 -2.534 -2.557 -2.571 -2.579 -2.580 -2.573 -2.560 -2.540 -2.513 
-2.479 -2.439 -2.391 -2.336 -2.274 -2.203 -2.123 -2.035 -1.950 -1.886 
-1.870 -1.912 -2.001 -2.111 -2.223 -2.330 -2.431 -2.529 -2.622 -2.710 
-2.792 -2.868 -2.937 -3.001 -3.059 -3.112 -3.160 -3.203 -3.243 -3.278 
-3.284 
-3.254 -3.253 -3.268 -3.280 -3.289 -3.296 -3.301 -3.303 -3.302 -3.299 
-3.293 -3.285 -3.274 -3.261 -3.245 -3.227 -3.205 -3.181 -3.154 -3.124 
-3.091 -3.055 -3.016 -2.973 -2.927 -2.878 -2.824 -2.768 -2.707 -2.643 
-2.576 -2.505 -2.433 -2.358 -2.284 -2.212 -2.146 -2.092 -2.060 -2.054 
-2.073 -2.110 -2.153 -2.196 -2.237 -2.274 -2.306 -2.333 -2.356 -2.373 
-2.385 -2.392 -2.394 -2.390 -2.382 -2.368 -2.349 -2.326 -2.298 -2.266 
-2.231 -2.194 -2.158 -2.123 -2.094 -2.070 -2.053 -2.043 -2.041 -2.057 
-2.101 -2.174 -2.267 -2.364 -2.459 -2.546 -2.627 -2.700 -2.767 -2.829 
-2.885 -2.937 -2.985 -3.028 -3.068 -3.104 -3.136 -3.165 -3.192 -3.215 
-3.248 
-3.393 -3.418 -3.436 -3.450 -3.462 -3.471 -3.478 -3.481 -3.482 -3.480 
-3.476 -3.468 -3.458 -3.445 -3.429 -3.410 -3.389 -3.364 -3.335 -3.304 
-3.269 -3.230 -3.187 -3.140 -3.088 -3.032 -2.970 -2.902 -2.828 -2.747 
-2.659 -2.562 -2.457 -2.344 -2.226 -2.110 -2.009 -1.941 -1.919 -1.947 
-2.013 -2.097 -2.184 -2.264 -2.336 -2.399 -2.452 -2.497 -2.533 -2.562 
-2.583 -2.598 -2.606 -2.607 -2.602 -2.590 -2.572 -2.547 -2.515 -2.476 
-2.430 -2.377 -2.315 -2.247 -2.171 -2.091 -2.011 -1.943 -1.906 -1.918 
-1.983 -2.089 -2.213 -2.339 -2.459 -2.569 -2.669 -2.760 -2.843 -2.918 
-2.986 -3.048 -3.104 -3.155 -3.201 -3.243 -3.281 -3.316 -3.346 -3.373 
-3.385 
-3.523 -3.541 -3.558 -3.572 -3.584 -3.593 -3.599 -3.602 -3.602 -3.600 
-3.596 -3.588 -3.578 -3.565 -3.549 -3.530 -3.509 -3.484 -3.456 -3.424 
-3.389 -3.350 -3.307 -3.260 -3.208 -3.151 -3.088 -3.020 -2.944 -2.861 
-2.770 -2.669 -2.558 -2.436 -2.303 -2.163 -2.024 -1.902 -1.818 -1.793 
-1.836 -1.930 -2.042 -2.150 -2.246 -2.329 -2.399 -2.458 -2.505 -2.543 
-2.572 -2.593 -2.605 -2.610 -2.607 -2.596 -2.578 -2.553 -2.519 -2.477 
-2.428 -2.371 -2.307 -2.239 -2.171 -2.109 -2.062 -2.039 -2.050 -2.103 
-2.194 -2.305 -2.423 -2.537 -2.644 -2.744 -2.834 -2.918 -2.994 -3.064 
-3.127 -3.186 -3.239 -3.288 -3.332 -3.372 -3.409 -3.442 -3.471 -3.498 
-3.516 
-3.590 -3.613 -3.632 -3.649 -3.662 -3.673 -3.681 -3.686 -3.689 -3.688 
-3.686 -3.680 -3.672 -3.660 -3.647 -3.630 -3.610 -3.587 -3.561 -3.531 
-3.498 -3.462 -3.421 -3.376 -3.327 -3.273 -3.213 -3.148 -3.075 -2.995 
-2.907 -2.809 -2.700 -2.577 -2.439 -2.284 -2.114 -1.937 -1.779 -1.687 
-1.693 -1.789 -1.928 -2.071 -2.197 -2.304 -2.393 -2.466 -2.526 -2.573 
-2.611 -2.638 -2.657 -2.667 -2.668 -2.662 -2.647 -2.624 -2.593 -2.552 
-2.501 -2.440 -2.368 -2.286 -2.195 -2.100 -2.013 -1.952 -1.940 -1.990 
-2.092 -2.223 -2.362 -2.496 -2.621 -2.734 -2.837 -2.930 -3.014 -3.091 
-3.161 -3.225 -3.283 -3.336 -3.384 -3.428 -3.468 -3.504 -3.536 -3.565 
-3.578 
