IRGRID 64 91
1e+308

0.025 0.03 0.035 0.04 0.045 0.05 0.055 0.06 0.065 0.07
0.075 0.08 0.085 0.09 0.095 0.1 0.11 0.12 0.13 0.14
0.15 0.16 0.17 0.18 0.19 0.2 0.21 0.22 0.23 0.24
0.25 0.26 0.27 0.28 0.29 0.3 0.31 0.32 0.33 0.34
0.35 0.36 0.37 0.38 0.39 0.4 0.41 0.42 0.43 0.44
0.45 0.46 0.47 0.48 0.49 0.5 0.51 0.52 0.53 0.54
0.55 0.56 0.57 0.58
0 4 8 12 16 20 24 28 32 36
40 44 48 52 56 60 64 68 72 76
80 84 88 92 96 100 104 108 112 116
120 124 128 132 136 140 144 148 152 156
160 164 168 172 176 180 184 188 192 196
200 204 208 212 216 220 224 228 232 236
240 244 248 252 256 260 264 268 272 276
280 284 288 292 296 300 304 308 312 316
320 324 328 332 336 340 344 348 352 356
360
-4.000 -4.000 -4.000 -4.000 -4.000 -4.000 -4.000 -4.000 -4.000 -4.000 
-4.000 -4.000 -4.000 -4.000 -4.000 -4.000 -4.000 -4.000 -4.000 -4.000 
-4.000 -4.000 -4.000 -4.000 -4.000 -4.000 -4.000 -4.000 -4.000 -4.000 
-4.000 -4.000 -4.000 -4.000 -4.000 -4.000 -4.000 -4.000 -4.000 -4.000 
-4.000 -4.000 -4.000 -4.000 -4.000 -4.000 -4.000 -4.000 -4.000 -4.000 
-4.000 -4.000 -4.000 -4.000 -4.000 -4.000 -4.000 -4.000 -4.000 -4.000 
-4.000 -4.000 -4.000 -4.000 -4.000 -4.000 -4.000 -4.000 -4.000 -4.000 
-4.000 -4.000 -4.000 -4.000 -4.000 -4.000 -4.000 -4.000 -4.000 -4.000 
-4.000 -4.000 -4.000 -4.000 -4.000 -4.000 -4.000 -4.000 -4.000 -4.000 
-4.000 
-4.000 -4.000 -4.000 -4.000 -4.000 -4.000 -4.000 -4.000 -4.000 -4.000 
-4.000 -4.000 -4.000 -4.000 -4.000 -4.000 -4.000 -4.000 -4.000 -4.000 
-4.000 -4.000 -4.000 -4.000 -4.000 -4.000 -4.000 -4.000 -4.000 -4.000 
-4.000 -4.000 -4.000 -4.000 -4.000 -4.000 -4.000 -4.000 -4.000 -4.000 
-4.000 -4.000 -4.000 -4.000 -4.000 -4.000 -4.000 -4.000 -4.000 -4.000 
-4.000 -4.000 -4.000 -4.000 -4.000 -4.000 -4.000 -4.000 -4.000 -4.000 
-4.000 -4.000 -4.000 -4.000 -4.000 -4.000 -4.000 -4.000 -4.000 -4.000 
-4.000 -4.000 -4.000 -4.000 -4.000 -4.000 -4.000 -4.000 -4.000 -4.000 
-4.000 -4.000 -4.000 -4.000 -4.000 -4.000 -4.000 -4.000 -4.000 -4.000 
-4.000 
-4.000 -4.000 -4.000 -4.000 -4.000 -4.000 -4.000 -4.000 -4.000 -4.000 
-4.000 -4.000 -4.000 -4.000 -4.000 -4.000 -4.000 -4.000 -4.000 -4.000 
-4.000 -4.000 -4.000 -4.000 -4.000 -4.000 -4.000 -4.000 -4.000 -4.000 
-3.939 -3.844 -3.741 -3.632 -3.524 -3.428 -3.361 -3.337 -3.360 -3.415 
-3.484 -3.550 -3.603 -3.639 -3.660 -3.672 -3.682 -3.697 -3.719 -3.748 
-3.781 -3.815 -3.847 -3.876 -3.901 -3.922 -3.937 -3.947 -3.952 -3.950 
-3.943 -3.928 -3.907 -3.879 -3.842 -3.797 -3.743 -3.680 -3.607 -3.526 
-3.441 -3.361 -3.300 -3.273 -3.290 -3.343 -3.418 -3.501 -3.587 -3.672 
-3.756 -3.836 -3.912 -3.983 -4.000 -4.000 -4.000 -4.000 -4.000 -4.000 
-4.000 
-3.721 -3.758 -3.753 -3.743 -3.731 -3.721 -3.716 -3.719 -3.732 -3.753 
-3.782 -3.816 -3.853 -3.890 -3.925 -3.958 -3.988 -4.000 -4.000 -4.000 
-4.000 -4.000 -4.000 -4.000 -4.000 -4.000 -4.000 -4.000 -4.000 -3.976 
-3.941 -3.900 -3.852 -3.797 -3.736 -3.673 -3.615 -3.566 -3.527 -3.488 
-3.442 -3.386 -3.325 -3.262 -3.204 -3.156 -3.123 -3.108 -3.111 -3.127 
-3.151 -3.180 -3.211 -3.243 -3.275 -3.309 -3.341 -3.372 -3.401 -3.425 
-3.445 -3.459 -3.468 -3.470 -3.467 -3.457 -3.440 -3.417 -3.388 -3.353 
-3.313 -3.269 -3.227 -3.191 -3.167 -3.155 -3.158 -3.176 -3.210 -3.258 
-3.316 -3.380 -3.445 -3.509 -3.568 -3.620 -3.665 -3.701 -3.729 -3.747 
-3.710 
-3.252 -3.211 -3.176 -3.140 -3.107 -3.081 -3.065 -3.060 -3.069 -3.090 
-3.122 -3.161 -3.205 -3.252 -3.299 -3.344 -3.387 -3.427 -3.464 -3.496 
-3.524 -3.548 -3.568 -3.583 -3.594 -3.600 -3.601 -3.598 -3.589 -3.575 
-3.555 -3.528 -3.494 -3.452 -3.401 -3.338 -3.265 -3.179 -3.085 -2.988 
-2.909 -2.868 -2.875 -2.914 -2.958 -2.993 -3.011 -3.016 -3.011 -3.000 
-2.986 -2.974 -2.967 -2.969 -2.982 -3.005 -3.036 -3.074 -3.115 -3.157 
-3.197 -3.234 -3.266 -3.294 -3.316 -3.331 -3.340 -3.341 -3.335 -3.320 
-3.296 -3.262 -3.217 -3.161 -3.094 -3.019 -2.946 -2.892 -2.882 -2.923 
-2.998 -3.083 -3.160 -3.222 -3.266 -3.294 -3.306 -3.305 -3.294 -3.273 
-3.271 
-3.148 -3.180 -3.199 -3.212 -3.220 -3.226 -3.231 -3.238 -3.247 -3.259 
-3.273 -3.290 -3.308 -3.326 -3.344 -3.361 -3.377 -3.390 -3.401 -3.409 
-3.413 -3.413 -3.408 -3.399 -3.386 -3.366 -3.342 -3.311 -3.275 -3.232 
-3.181 -3.123 -3.056 -2.980 -2.894 -2.796 -2.688 -2.571 -2.450 -2.336 
-2.251 -2.214 -2.236 -2.305 -2.400 -2.501 -2.595 -2.678 -2.747 -2.801 
-2.843 -2.872 -2.889 -2.895 -2.887 -2.863 -2.818 -2.744 -2.634 -2.482 
-2.306 -2.187 -2.233 -2.391 -2.548 -2.666 -2.743 -2.785 -2.800 -2.790 
-2.761 -2.713 -2.648 -2.568 -2.475 -2.376 -2.286 -2.224 -2.212 -2.258 
-2.348 -2.462 -2.580 -2.692 -2.792 -2.881 -2.957 -3.021 -3.075 -3.119 
-3.131 
-2.948 -2.927 -2.910 -2.891 -2.869 -2.847 -2.824 -2.802 -2.781 -2.764 
-2.751 -2.747 -2.753 -2.770 -2.797 -2.831 -2.868 -2.908 -2.947 -2.984 
-3.020 -3.054 -3.085 -3.114 -3.139 -3.161 -3.180 -3.195 -3.207 -3.214 
-3.217 -3.214 -3.206 -3.191 -3.168 -3.135 -3.091 -3.035 -2.968 -2.894 
-2.831 -2.798 -2.806 -2.840 -2.879 -2.907 -2.918 -2.913 -2.892 -2.859 
-2.812 -2.753 -2.682 -2.598 -2.498 -2.381 -2.242 -2.079 -1.889 -1.686 
-1.519 -1.441 -1.495 -1.656 -1.852 -2.034 -2.188 -2.316 -2.422 -2.510 
-2.582 -2.639 -2.681 -2.708 -2.718 -2.713 -2.696 -2.680 -2.686 -2.720 
-2.774 -2.829 -2.876 -2.912 -2.937 -2.953 -2.962 -2.964 -2.961 -2.954 
-2.953 
-2.943 -2.899 -2.858 -2.812 -2.762 -2.708 -2.651 -2.592 -2.535 -2.484 
-2.443 -2.418 -2.414 -2.430 -2.465 -2.511 -2.563 -2.614 -2.658 -2.692 
-2.712 -2.721 -2.723 -2.729 -2.749 -2.786 -2.835 -2.888 -2.940 -2.988 
-3.029 -3.064 -3.093 -3.116 -3.134 -3.147 -3.155 -3.158 -3.157 -3.151 
-3.141 -3.127 -3.108 -3.084 -3.056 -3.022 -2.982 -2.937 -2.885 -2.825 
-2.758 -2.680 -2.591 -2.489 -2.370 -2.230 -2.065 -1.872 -1.660 -1.462 
-1.308 -1.403 -1.632 -1.853 -2.046 -2.209 -2.346 -2.462 -2.560 -2.645 
-2.719 -2.782 -2.838 -2.886 -2.927 -2.962 -2.992 -3.016 -3.036 -3.051 
-3.061 -3.067 -3.069 -3.067 -3.061 -3.050 -3.036 -3.017 -2.994 -2.967 
-2.957 
-2.996 -3.072 -3.073 -3.068 -3.056 -3.038 -3.014 -2.984 -2.950 -2.914 
-2.879 -2.847 -2.821 -2.798 -2.775 -2.745 -2.704 -2.650 -2.583 -2.506 
-2.424 -2.346 -2.282 -2.245 -2.242 -2.273 -2.330 -2.400 -2.474 -2.546 
-2.611 -2.670 -2.720 -2.763 -2.797 -2.824 -2.844 -2.857 -2.864 -2.863 
-2.857 -2.844 -2.824 -2.798 -2.765 -2.724 -2.676 -2.620 -2.555 -2.481 
-2.396 -2.299 -2.189 -2.066 -1.930 -1.785 -1.643 -1.512 -1.368 -1.149 
-0.954 -1.050 -1.347 -1.634 -1.831 -1.971 -2.079 -2.164 -2.234 -2.293 
-2.345 -2.390 -2.432 -2.472 -2.511 -2.551 -2.591 -2.632 -2.674 -2.717 
-2.760 -2.803 -2.844 -2.884 -2.922 -2.956 -2.987 -3.014 -3.036 -3.053 
-2.997 
-2.637 -2.635 -2.674 -2.710 -2.744 -2.776 -2.805 -2.831 -2.854 -2.874 
-2.891 -2.905 -2.916 -2.923 -2.926 -2.924 -2.916 -2.903 -2.883 -2.855 
-2.821 -2.783 -2.748 -2.724 -2.718 -2.728 -2.748 -2.767 -2.782 -2.790 
-2.790 -2.783 -2.770 -2.750 -2.726 -2.697 -2.663 -2.626 -2.585 -2.540 
-2.492 -2.442 -2.390 -2.334 -2.276 -2.215 -2.150 -2.078 -1.999 -1.912 
-1.813 -1.703 -1.580 -1.445 -1.302 -1.160 -1.039 -0.962 -0.944 -0.970 
-0.993 -1.093 -1.220 -1.311 -1.379 -1.425 -1.447 -1.436 -1.383 -1.321 
-1.357 -1.486 -1.606 -1.696 -1.764 -1.823 -1.876 -1.928 -1.980 -2.032 
-2.085 -2.139 -2.194 -2.248 -2.302 -2.355 -2.406 -2.456 -2.504 -2.550 
-2.618 
-2.650 -2.729 -2.760 -2.789 -2.814 -2.838 -2.859 -2.878 -2.895 -2.909 
-2.921 -2.931 -2.938 -2.944 -2.947 -2.948 -2.946 -2.943 -2.937 -2.929 
-2.919 -2.906 -2.891 -2.873 -2.854 -2.831 -2.806 -2.779 -2.749 -2.716 
-2.680 -2.642 -2.601 -2.557 -2.511 -2.463 -2.412 -2.359 -2.305 -2.251 
-2.197 -2.144 -2.094 -2.046 -2.002 -1.961 -1.922 -1.883 -1.842 -1.796 
-1.742 -1.679 -1.605 -1.521 -1.432 -1.344 -1.272 -1.231 -1.230 -1.263 
-1.311 -1.356 -1.386 -1.395 -1.376 -1.321 -1.222 -1.078 -0.909 -0.794 
-0.826 -0.999 -1.222 -1.427 -1.597 -1.737 -1.854 -1.954 -2.043 -2.122 
-2.195 -2.261 -2.323 -2.381 -2.435 -2.486 -2.534 -2.579 -2.620 -2.659 
-2.643 
-2.362 -2.365 -2.393 -2.420 -2.444 -2.467 -2.487 -2.506 -2.523 -2.538 
-2.551 -2.562 -2.572 -2.579 -2.585 -2.589 -2.591 -2.590 -2.589 -2.585 
-2.579 -2.571 -2.561 -2.549 -2.535 -2.519 -2.501 -2.480 -2.457 -2.432 
-2.404 -2.374 -2.341 -2.305 -2.266 -2.224 -2.179 -2.130 -2.077 -2.020 
-1.959 -1.892 -1.819 -1.739 -1.650 -1.549 -1.436 -1.313 -1.192 -1.102 
-1.057 -1.030 -0.987 -0.923 -0.847 -0.776 -0.725 -0.705 -0.718 -0.760 
-0.820 -0.888 -0.957 -1.022 -1.080 -1.130 -1.167 -1.185 -1.176 -1.153 
-1.196 -1.303 -1.404 -1.488 -1.561 -1.629 -1.692 -1.753 -1.811 -1.866 
-1.920 -1.971 -2.019 -2.066 -2.110 -2.153 -2.193 -2.232 -2.268 -2.302 
-2.350 
-2.368 -2.404 -2.435 -2.463 -2.489 -2.512 -2.533 -2.551 -2.567 -2.581 
-2.593 -2.602 -2.609 -2.614 -2.617 -2.618 -2.616 -2.612 -2.607 -2.598 
-2.588 -2.575 -2.561 -2.543 -2.524 -2.501 -2.477 -2.449 -2.419 -2.386 
-2.350 -2.310 -2.267 -2.221 -2.170 -2.115 -2.055 -1.989 -1.918 -1.840 
-1.753 -1.658 -1.551 -1.432 -1.299 -1.150 -0.987 -0.823 -0.683 -0.605 
-0.608 -0.674 -0.765 -0.848 -0.907 -0.942 -0.960 -0.970 -0.977 -0.982 
-0.981 -0.979 -0.984 -1.005 -1.041 -1.081 -1.118 -1.146 -1.169 -1.191 
-1.216 -1.250 -1.294 -1.349 -1.414 -1.486 -1.561 -1.638 -1.713 -1.787 
-1.857 -1.925 -1.988 -2.048 -2.104 -2.156 -2.205 -2.251 -2.294 -2.333 
-2.356 
-2.260 -2.300 -2.325 -2.348 -2.368 -2.386 -2.402 -2.416 -2.428 -2.438 
-2.445 -2.451 -2.455 -2.457 -2.457 -2.455 -2.452 -2.446 -2.439 -2.430 
-2.419 -2.406 -2.391 -2.374 -2.356 -2.335 -2.313 -2.288 -2.262 -2.234 
-2.204 -2.172 -2.138 -2.101 -2.063 -2.022 -1.979 -1.934 -1.886 -1.836 
-1.783 -1.726 -1.665 -1.599 -1.526 -1.445 -1.354 -1.253 -1.153 -1.081 
-1.056 -1.059 -1.058 -1.040 -1.006 -0.958 -0.898 -0.830 -0.755 -0.677 
-0.605 -0.551 -0.528 -0.544 -0.596 -0.670 -0.751 -0.828 -0.901 -0.974 
-1.050 -1.131 -1.216 -1.304 -1.390 -1.475 -1.555 -1.632 -1.705 -1.773 
-1.836 -1.896 -1.951 -2.003 -2.051 -2.095 -2.137 -2.175 -2.210 -2.243 
-2.253 
-2.076 -2.081 -2.113 -2.141 -2.168 -2.191 -2.213 -2.232 -2.248 -2.263 
-2.275 -2.285 -2.293 -2.299 -2.302 -2.304 -2.303 -2.301 -2.296 -2.290 
-2.281 -2.270 -2.258 -2.243 -2.226 -2.207 -2.186 -2.162 -2.137 -2.109 
-2.079 -2.047 -2.012 -1.975 -1.936 -1.894 -1.850 -1.804 -1.756 -1.705 
-1.653 -1.598 -1.542 -1.485 -1.428 -1.370 -1.312 -1.256 -1.202 -1.151 
-1.103 -1.058 -1.017 -0.978 -0.941 -0.905 -0.868 -0.829 -0.787 -0.741 
-0.691 -0.638 -0.584 -0.524 -0.450 -0.359 -0.292 -0.328 -0.419 -0.504 
-0.586 -0.675 -0.772 -0.874 -0.978 -1.079 -1.177 -1.270 -1.357 -1.439 
-1.516 -1.587 -1.654 -1.716 -1.775 -1.829 -1.879 -1.926 -1.969 -2.010 
-2.061 
-2.221 -2.262 -2.294 -2.323 -2.350 -2.374 -2.396 -2.415 -2.433 -2.448 
-2.461 -2.472 -2.481 -2.487 -2.492 -2.495 -2.496 -2.494 -2.491 -2.486 
-2.479 -2.469 -2.458 -2.445 -2.430 -2.412 -2.393 -2.371 -2.348 -2.322 
-2.294 -2.264 -2.231 -2.197 -2.160 -2.120 -2.079 -2.035 -1.988 -1.940 
-1.889 -1.836 -1.780 -1.723 -1.664 -1.604 -1.543 -1.480 -1.418 -1.355 
-1.292 -1.229 -1.166 -1.103 -1.039 -0.973 -0.904 -0.830 -0.749 -0.658 
-0.553 -0.429 -0.282 -0.124 0.015 0.132 0.193 0.115 -0.079 -0.308 
-0.517 -0.698 -0.857 -0.998 -1.125 -1.241 -1.347 -1.445 -1.536 -1.619 
-1.696 -1.768 -1.835 -1.897 -1.955 -2.009 -2.060 -2.106 -2.150 -2.190 
-2.211 
-2.355 -2.380 -2.409 -2.436 -2.460 -2.482 -2.501 -2.519 -2.534 -2.547 
-2.558 -2.567 -2.574 -2.579 -2.582 -2.584 -2.583 -2.580 -2.575 -2.568 
-2.560 -2.549 -2.536 -2.522 -2.505 -2.486 -2.465 -2.442 -2.417 -2.390 
-2.360 -2.328 -2.294 -2.258 -2.219 -2.177 -2.133 -2.087 -2.038 -1.987 
-1.933 -1.877 -1.819 -1.760 -1.698 -1.636 -1.572 -1.508 -1.443 -1.377 
-1.310 -1.241 -1.170 -1.095 -1.016 -0.932 -0.841 -0.741 -0.629 -0.501 
-0.353 -0.182 -0.001 0.140 0.174 0.096 -0.021 -0.191 -0.409 -0.620 
-0.806 -0.968 -1.111 -1.238 -1.352 -1.457 -1.552 -1.640 -1.721 -1.796 
-1.866 -1.931 -1.991 -2.048 -2.101 -2.150 -2.196 -2.238 -2.278 -2.315 
-2.344 
-2.446 -2.477 -2.504 -2.528 -2.550 -2.569 -2.586 -2.601 -2.613 -2.623 
-2.631 -2.636 -2.640 -2.641 -2.640 -2.637 -2.632 -2.624 -2.615 -2.603 
-2.589 -2.573 -2.555 -2.534 -2.511 -2.486 -2.458 -2.428 -2.395 -2.360 
-2.322 -2.281 -2.237 -2.191 -2.142 -2.090 -2.035 -1.978 -1.918 -1.856 
-1.792 -1.726 -1.660 -1.594 -1.529 -1.467 -1.408 -1.354 -1.304 -1.259 
-1.217 -1.179 -1.143 -1.106 -1.067 -1.025 -0.977 -0.920 -0.854 -0.773 
-0.674 -0.554 -0.411 -0.264 -0.164 -0.114 -0.106 -0.197 -0.384 -0.605 
-0.814 -0.998 -1.158 -1.300 -1.426 -1.539 -1.641 -1.734 -1.819 -1.897 
-1.969 -2.035 -2.097 -2.154 -2.206 -2.255 -2.300 -2.342 -2.380 -2.415 
-2.437 
-2.465 -2.487 -2.515 -2.540 -2.563 -2.584 -2.602 -2.618 -2.632 -2.643 
-2.652 -2.659 -2.664 -2.667 -2.667 -2.666 -2.662 -2.657 -2.649 -2.639 
-2.627 -2.612 -2.596 -2.577 -2.556 -2.532 -2.507 -2.479 -2.448 -2.415 
-2.379 -2.340 -2.299 -2.255 -2.208 -2.157 -2.104 -2.048 -1.988 -1.925 
-1.859 -1.789 -1.717 -1.641 -1.563 -1.482 -1.399 -1.314 -1.229 -1.145 
-1.067 -0.999 -0.945 -0.901 -0.864 -0.827 -0.788 -0.743 -0.690 -0.627 
-0.552 -0.464 -0.366 -0.270 -0.197 -0.172 -0.209 -0.320 -0.489 -0.678 
-0.859 -1.024 -1.173 -1.307 -1.428 -1.538 -1.638 -1.731 -1.815 -1.894 
-1.966 -2.033 -2.096 -2.154 -2.207 -2.257 -2.303 -2.346 -2.386 -2.422 
-2.454 
-2.493 -2.524 -2.556 -2.584 -2.610 -2.633 -2.653 -2.671 -2.687 -2.700 
-2.711 -2.719 -2.726 -2.730 -2.732 -2.731 -2.729 -2.724 -2.717 -2.707 
-2.696 -2.682 -2.665 -2.647 -2.625 -2.602 -2.575 -2.546 -2.515 -2.480 
-2.443 -2.402 -2.358 -2.310 -2.259 -2.204 -2.145 -2.081 -2.013 -1.940 
-1.861 -1.776 -1.684 -1.586 -1.481 -1.368 -1.249 -1.125 -1.000 -0.882 
-0.780 -0.705 -0.664 -0.653 -0.664 -0.684 -0.703 -0.714 -0.713 -0.698 
-0.666 -0.617 -0.549 -0.464 -0.372 -0.288 -0.233 -0.238 -0.317 -0.447 
-0.609 -0.795 -0.981 -1.150 -1.302 -1.437 -1.558 -1.668 -1.767 -1.858 
-1.941 -2.018 -2.089 -2.154 -2.214 -2.270 -2.321 -2.369 -2.413 -2.453 
-2.482 
-2.499 -2.528 -2.563 -2.596 -2.626 -2.652 -2.676 -2.698 -2.717 -2.733 
-2.747 -2.758 -2.768 -2.774 -2.779 -2.781 -2.781 -2.779 -2.774 -2.767 
-2.758 -2.746 -2.732 -2.716 -2.697 -2.676 -2.652 -2.625 -2.596 -2.563 
-2.528 -2.489 -2.448 -2.403 -2.354 -2.301 -2.244 -2.183 -2.117 -2.046 
-1.970 -1.887 -1.798 -1.702 -1.599 -1.488 -1.370 -1.247 -1.121 -0.999 
-0.890 -0.808 -0.759 -0.747 -0.761 -0.790 -0.823 -0.851 -0.872 -0.880 
-0.875 -0.855 -0.818 -0.761 -0.684 -0.586 -0.474 -0.361 -0.259 -0.223 
-0.312 -0.486 -0.696 -0.904 -1.092 -1.259 -1.407 -1.539 -1.657 -1.764 
-1.862 -1.950 -2.032 -2.106 -2.175 -2.238 -2.297 -2.351 -2.401 -2.446 
-2.485 
-2.549 -2.580 -2.617 -2.650 -2.681 -2.708 -2.733 -2.756 -2.776 -2.793 
-2.808 -2.820 -2.830 -2.838 -2.844 -2.847 -2.848 -2.847 -2.843 -2.838 
-2.830 -2.819 -2.807 -2.792 -2.775 -2.755 -2.732 -2.708 -2.680 -2.650 
-2.617 -2.581 -2.542 -2.500 -2.454 -2.405 -2.353 -2.296 -2.235 -2.170 
-2.100 -2.025 -1.945 -1.860 -1.768 -1.672 -1.569 -1.463 -1.354 -1.246 
-1.144 -1.057 -0.991 -0.949 -0.930 -0.926 -0.932 -0.939 -0.944 -0.941 
-0.928 -0.901 -0.858 -0.796 -0.710 -0.593 -0.439 -0.254 -0.092 -0.052 
-0.185 -0.410 -0.661 -0.896 -1.101 -1.279 -1.433 -1.570 -1.691 -1.801 
-1.900 -1.991 -2.074 -2.150 -2.220 -2.284 -2.344 -2.399 -2.450 -2.497 
-2.535 
-2.656 -2.692 -2.731 -2.767 -2.800 -2.830 -2.857 -2.881 -2.903 -2.922 
-2.939 -2.953 -2.965 -2.974 -2.981 -2.986 -2.988 -2.988 -2.986 -2.982 
-2.975 -2.966 -2.955 -2.941 -2.925 -2.906 -2.885 -2.862 -2.835 -2.806 
-2.775 -2.740 -2.702 -2.661 -2.616 -2.568 -2.516 -2.460 -2.400 -2.336 
-2.266 -2.191 -2.111 -2.024 -1.931 -1.831 -1.725 -1.612 -1.495 -1.375 
-1.260 -1.157 -1.076 -1.027 -1.009 -1.017 -1.039 -1.065 -1.088 -1.102 
-1.105 -1.095 -1.069 -1.025 -0.958 -0.865 -0.736 -0.570 -0.400 -0.327 
-0.337 -0.403 -0.573 -0.806 -1.041 -1.248 -1.428 -1.585 -1.722 -1.845 
-1.955 -2.055 -2.145 -2.228 -2.304 -2.374 -2.438 -2.497 -2.552 -2.602 
-2.641 
-2.747 -2.792 -2.826 -2.858 -2.887 -2.913 -2.937 -2.958 -2.976 -2.991 
-3.005 -3.016 -3.024 -3.030 -3.034 -3.036 -3.035 -3.032 -3.027 -3.020 
-3.010 -2.998 -2.983 -2.966 -2.947 -2.925 -2.901 -2.874 -2.845 -2.813 
-2.778 -2.740 -2.700 -2.657 -2.611 -2.562 -2.510 -2.455 -2.398 -2.338 
-2.276 -2.211 -2.144 -2.074 -2.001 -1.924 -1.843 -1.756 -1.665 -1.571 
-1.477 -1.388 -1.310 -1.249 -1.208 -1.182 -1.167 -1.157 -1.146 -1.130 
-1.104 -1.065 -1.008 -0.929 -0.820 -0.672 -0.478 -0.266 -0.166 -0.256 
-0.461 -0.687 -0.925 -1.154 -1.356 -1.529 -1.680 -1.813 -1.932 -2.038 
-2.135 -2.223 -2.303 -2.377 -2.444 -2.507 -2.565 -2.618 -2.667 -2.712 
-2.735 
-2.669 -2.691 -2.717 -2.741 -2.762 -2.780 -2.796 -2.809 -2.820 -2.828 
-2.834 -2.838 -2.839 -2.839 -2.835 -2.830 -2.822 -2.812 -2.800 -2.786 
-2.769 -2.750 -2.728 -2.704 -2.678 -2.649 -2.618 -2.584 -2.548 -2.509 
-2.468 -2.424 -2.378 -2.329 -2.279 -2.227 -2.173 -2.119 -2.065 -2.011 
-1.959 -1.909 -1.864 -1.822 -1.786 -1.754 -1.727 -1.703 -1.680 -1.658 
-1.635 -1.611 -1.585 -1.558 -1.531 -1.505 -1.477 -1.445 -1.407 -1.360 
-1.301 -1.225 -1.130 -1.007 -0.848 -0.640 -0.388 -0.181 -0.168 -0.376 
-0.676 -0.949 -1.174 -1.362 -1.522 -1.661 -1.783 -1.892 -1.989 -2.077 
-2.157 -2.229 -2.296 -2.357 -2.413 -2.464 -2.511 -2.554 -2.593 -2.629 
-2.659 
-2.618 -2.636 -2.663 -2.687 -2.708 -2.726 -2.742 -2.756 -2.767 -2.776 
-2.782 -2.786 -2.788 -2.788 -2.786 -2.781 -2.774 -2.765 -2.754 -2.741 
-2.725 -2.708 -2.688 -2.666 -2.642 -2.615 -2.587 -2.556 -2.524 -2.489 
-2.452 -2.414 -2.374 -2.333 -2.291 -2.248 -2.205 -2.162 -2.119 -2.076 
-2.035 -1.996 -1.958 -1.923 -1.890 -1.860 -1.833 -1.808 -1.786 -1.765 
-1.745 -1.725 -1.704 -1.682 -1.656 -1.627 -1.593 -1.553 -1.506 -1.451 
-1.384 -1.305 -1.210 -1.096 -0.958 -0.796 -0.614 -0.446 -0.413 -0.537 
-0.733 -0.949 -1.151 -1.328 -1.482 -1.618 -1.737 -1.844 -1.940 -2.027 
-2.106 -2.178 -2.244 -2.304 -2.359 -2.410 -2.457 -2.500 -2.539 -2.574 
-2.607 
-2.656 -2.676 -2.696 -2.713 -2.727 -2.739 -2.749 -2.756 -2.760 -2.762 
-2.762 -2.760 -2.755 -2.748 -2.739 -2.727 -2.713 -2.697 -2.679 -2.658 
-2.636 -2.610 -2.583 -2.554 -2.522 -2.488 -2.453 -2.415 -2.376 -2.336 
-2.295 -2.253 -2.211 -2.170 -2.130 -2.091 -2.056 -2.023 -1.994 -1.969 
-1.949 -1.932 -1.918 -1.907 -1.898 -1.891 -1.884 -1.876 -1.868 -1.858 
-1.846 -1.831 -1.812 -1.789 -1.762 -1.728 -1.688 -1.640 -1.583 -1.516 
-1.436 -1.342 -1.231 -1.103 -0.961 -0.822 -0.720 -0.686 -0.742 -0.887 
-1.076 -1.263 -1.429 -1.576 -1.704 -1.818 -1.919 -2.010 -2.093 -2.167 
-2.235 -2.296 -2.352 -2.404 -2.451 -2.493 -2.532 -2.567 -2.599 -2.628 
-2.648 
-2.660 -2.689 -2.710 -2.728 -2.744 -2.757 -2.767 -2.776 -2.782 -2.785 
-2.787 -2.786 -2.783 -2.777 -2.770 -2.760 -2.748 -2.734 -2.718 -2.699 
-2.679 -2.656 -2.631 -2.604 -2.574 -2.543 -2.510 -2.475 -2.438 -2.400 
-2.361 -2.320 -2.280 -2.239 -2.199 -2.160 -2.123 -2.089 -2.059 -2.032 
-2.009 -1.990 -1.974 -1.962 -1.953 -1.945 -1.939 -1.932 -1.924 -1.915 
-1.904 -1.890 -1.872 -1.849 -1.822 -1.789 -1.749 -1.702 -1.647 -1.581 
-1.504 -1.412 -1.304 -1.176 -1.028 -0.866 -0.719 -0.644 -0.691 -0.845 
-1.043 -1.236 -1.409 -1.559 -1.692 -1.808 -1.912 -2.005 -2.089 -2.165 
-2.235 -2.298 -2.355 -2.408 -2.456 -2.499 -2.539 -2.576 -2.609 -2.638 
-2.652 
-2.598 -2.602 -2.625 -2.646 -2.664 -2.680 -2.694 -2.706 -2.716 -2.723 
-2.729 -2.732 -2.734 -2.734 -2.731 -2.727 -2.722 -2.714 -2.705 -2.694 
-2.681 -2.667 -2.650 -2.633 -2.613 -2.593 -2.570 -2.547 -2.522 -2.495 
-2.468 -2.439 -2.410 -2.379 -2.348 -2.317 -2.286 -2.254 -2.223 -2.192 
-2.162 -2.132 -2.102 -2.073 -2.044 -2.015 -1.986 -1.958 -1.930 -1.902 
-1.874 -1.845 -1.814 -1.781 -1.745 -1.705 -1.659 -1.606 -1.547 -1.478 
-1.399 -1.308 -1.203 -1.085 -0.955 -0.826 -0.724 -0.691 -0.753 -0.889 
-1.052 -1.213 -1.362 -1.497 -1.619 -1.728 -1.826 -1.915 -1.997 -2.071 
-2.139 -2.201 -2.258 -2.311 -2.359 -2.404 -2.444 -2.482 -2.516 -2.548 
-2.587 
-2.753 -2.792 -2.817 -2.840 -2.861 -2.878 -2.894 -2.907 -2.918 -2.927 
-2.933 -2.937 -2.939 -2.939 -2.937 -2.933 -2.926 -2.918 -2.907 -2.894 
-2.879 -2.862 -2.842 -2.821 -2.797 -2.770 -2.742 -2.710 -2.677 -2.641 
-2.602 -2.560 -2.516 -2.468 -2.418 -2.365 -2.310 -2.252 -2.192 -2.132 
-2.073 -2.015 -1.960 -1.910 -1.864 -1.821 -1.783 -1.748 -1.717 -1.689 
-1.664 -1.642 -1.621 -1.601 -1.578 -1.553 -1.522 -1.486 -1.441 -1.386 
-1.320 -1.239 -1.142 -1.028 -0.899 -0.773 -0.689 -0.693 -0.797 -0.963 
-1.145 -1.319 -1.476 -1.617 -1.744 -1.858 -1.961 -2.055 -2.141 -2.220 
-2.292 -2.358 -2.420 -2.476 -2.528 -2.576 -2.620 -2.661 -2.698 -2.732 
-2.744 
-2.807 -2.826 -2.849 -2.870 -2.888 -2.903 -2.916 -2.926 -2.934 -2.939 
-2.942 -2.943 -2.941 -2.937 -2.931 -2.922 -2.911 -2.897 -2.881 -2.862 
-2.840 -2.816 -2.790 -2.760 -2.728 -2.692 -2.654 -2.612 -2.567 -2.519 
-2.467 -2.412 -2.353 -2.290 -2.224 -2.156 -2.085 -2.013 -1.941 -1.873 
-1.810 -1.756 -1.714 -1.685 -1.669 -1.664 -1.668 -1.678 -1.690 -1.703 
-1.714 -1.722 -1.728 -1.729 -1.725 -1.716 -1.702 -1.680 -1.651 -1.615 
-1.570 -1.515 -1.451 -1.376 -1.292 -1.206 -1.137 -1.125 -1.180 -1.273 
-1.385 -1.504 -1.623 -1.738 -1.846 -1.947 -2.041 -2.128 -2.208 -2.283 
-2.351 -2.415 -2.473 -2.527 -2.577 -2.623 -2.665 -2.704 -2.739 -2.771 
-2.798 
-2.828 -2.855 -2.882 -2.905 -2.926 -2.945 -2.960 -2.974 -2.985 -2.993 
-3.000 -3.003 -3.005 -3.004 -3.001 -2.996 -2.989 -2.979 -2.967 -2.952 
-2.935 -2.916 -2.894 -2.870 -2.844 -2.815 -2.783 -2.749 -2.712 -2.672 
-2.629 -2.584 -2.536 -2.485 -2.432 -2.376 -2.318 -2.259 -2.199 -2.139 
-2.082 -2.028 -1.978 -1.935 -1.897 -1.864 -1.836 -1.812 -1.793 -1.780 
-1.773 -1.770 -1.769 -1.768 -1.764 -1.757 -1.743 -1.724 -1.697 -1.662 
-1.619 -1.565 -1.501 -1.425 -1.340 -1.249 -1.163 -1.103 -1.093 -1.144 
-1.245 -1.373 -1.508 -1.640 -1.764 -1.880 -1.986 -2.084 -2.173 -2.256 
-2.331 -2.401 -2.466 -2.525 -2.579 -2.630 -2.676 -2.719 -2.758 -2.793 
-2.818 
-2.826 -2.848 -2.879 -2.906 -2.930 -2.952 -2.971 -2.988 -3.002 -3.013 
-3.022 -3.029 -3.033 -3.036 -3.035 -3.033 -3.028 -3.020 -3.011 -2.998 
-2.984 -2.967 -2.947 -2.925 -2.900 -2.872 -2.842 -2.808 -2.772 -2.732 
-2.689 -2.643 -2.593 -2.539 -2.481 -2.420 -2.355 -2.286 -2.214 -2.140 
-2.065 -1.991 -1.918 -1.848 -1.780 -1.715 -1.654 -1.600 -1.558 -1.530 
-1.518 -1.521 -1.533 -1.551 -1.571 -1.588 -1.601 -1.609 -1.609 -1.601 
-1.585 -1.561 -1.527 -1.486 -1.439 -1.389 -1.342 -1.308 -1.299 -1.322 
-1.373 -1.445 -1.532 -1.629 -1.730 -1.833 -1.932 -2.028 -2.118 -2.202 
-2.281 -2.355 -2.423 -2.486 -2.545 -2.600 -2.650 -2.697 -2.740 -2.779 
-2.814 
-2.869 -2.893 -2.915 -2.934 -2.951 -2.965 -2.976 -2.985 -2.991 -2.995 
-2.996 -2.995 -2.991 -2.985 -2.977 -2.965 -2.952 -2.935 -2.917 -2.895 
-2.870 -2.843 -2.813 -2.779 -2.743 -2.703 -2.659 -2.612 -2.561 -2.506 
-2.448 -2.385 -2.318 -2.249 -2.176 -2.101 -2.026 -1.951 -1.879 -1.811 
-1.748 -1.694 -1.652 -1.625 -1.612 -1.611 -1.619 -1.631 -1.646 -1.661 
-1.677 -1.693 -1.707 -1.717 -1.723 -1.722 -1.713 -1.697 -1.673 -1.640 
-1.598 -1.548 -1.491 -1.430 -1.371 -1.323 -1.299 -1.308 -1.353 -1.427 
-1.519 -1.622 -1.728 -1.834 -1.937 -2.034 -2.126 -2.211 -2.290 -2.363 
-2.431 -2.493 -2.550 -2.603 -2.652 -2.697 -2.738 -2.776 -2.810 -2.841 
-2.861 
-2.914 -2.920 -2.937 -2.952 -2.963 -2.972 -2.979 -2.983 -2.984 -2.982 
-2.978 -2.971 -2.962 -2.950 -2.935 -2.918 -2.897 -2.874 -2.847 -2.818 
-2.785 -2.749 -2.709 -2.665 -2.618 -2.566 -2.510 -2.450 -2.385 -2.315 
-2.242 -2.166 -2.089 -2.016 -1.951 -1.895 -1.848 -1.813 -1.789 -1.778 
-1.779 -1.789 -1.806 -1.828 -1.854 -1.882 -1.912 -1.939 -1.965 -1.986 
-2.002 -2.012 -2.017 -2.016 -2.008 -1.993 -1.971 -1.942 -1.906 -1.861 
-1.809 -1.748 -1.680 -1.606 -1.531 -1.462 -1.405 -1.365 -1.349 -1.415 
-1.545 -1.679 -1.804 -1.920 -2.027 -2.125 -2.215 -2.298 -2.374 -2.443 
-2.506 -2.564 -2.617 -2.666 -2.710 -2.751 -2.787 -2.820 -2.850 -2.876 
-2.906 
-3.072 -3.114 -3.131 -3.144 -3.155 -3.162 -3.166 -3.167 -3.166 -3.161 
-3.153 -3.143 -3.129 -3.112 -3.093 -3.069 -3.043 -3.012 -2.978 -2.940 
-2.898 -2.852 -2.800 -2.744 -2.682 -2.614 -2.540 -2.460 -2.373 -2.280 
-2.185 -2.091 -2.007 -1.943 -1.909 -1.908 -1.933 -1.976 -2.026 -2.079 
-2.132 -2.184 -2.233 -2.280 -2.322 -2.360 -2.392 -2.419 -2.440 -2.456 
-2.465 -2.469 -2.467 -2.459 -2.445 -2.424 -2.396 -2.361 -2.318 -2.266 
-2.203 -2.129 -2.042 -1.938 -1.814 -1.662 -1.477 -1.278 -1.144 -1.176 
-1.334 -1.517 -1.701 -1.883 -2.046 -2.188 -2.311 -2.417 -2.512 -2.595 
-2.669 -2.736 -2.796 -2.849 -2.898 -2.941 -2.980 -3.014 -3.045 -3.071 
-3.067 
-2.966 -2.983 -3.005 -3.023 -3.038 -3.050 -3.059 -3.065 -3.067 -3.067 
-3.064 -3.058 -3.049 -3.037 -3.022 -3.003 -2.982 -2.957 -2.929 -2.898 
-2.862 -2.824 -2.781 -2.734 -2.683 -2.628 -2.569 -2.507 -2.440 -2.371 
-2.302 -2.233 -2.171 -2.120 -2.086 -2.070 -2.072 -2.086 -2.108 -2.136 
-2.168 -2.203 -2.241 -2.280 -2.319 -2.355 -2.389 -2.418 -2.443 -2.463 
-2.479 -2.489 -2.494 -2.494 -2.489 -2.478 -2.461 -2.438 -2.409 -2.372 
-2.327 -2.274 -2.209 -2.132 -2.040 -1.927 -1.789 -1.621 -1.454 -1.354 
-1.291 -1.288 -1.386 -1.550 -1.730 -1.894 -2.039 -2.164 -2.274 -2.371 
-2.457 -2.535 -2.604 -2.666 -2.723 -2.774 -2.819 -2.860 -2.897 -2.929 
-2.956 
-2.907 -2.914 -2.938 -2.959 -2.977 -2.992 -3.005 -3.014 -3.021 -3.025 
-3.027 -3.026 -3.022 -3.015 -3.006 -2.994 -2.979 -2.961 -2.941 -2.917 
-2.890 -2.861 -2.827 -2.791 -2.751 -2.708 -2.660 -2.610 -2.556 -2.498 
-2.438 -2.376 -2.312 -2.249 -2.187 -2.127 -2.072 -2.024 -1.986 -1.960 
-1.949 -1.954 -1.973 -2.003 -2.040 -2.080 -2.120 -2.159 -2.195 -2.227 
-2.255 -2.278 -2.296 -2.309 -2.317 -2.320 -2.317 -2.310 -2.297 -2.278 
-2.254 -2.223 -2.186 -2.141 -2.087 -2.021 -1.943 -1.853 -1.764 -1.706 
-1.684 -1.705 -1.781 -1.880 -1.973 -2.059 -2.139 -2.215 -2.289 -2.359 
-2.426 -2.489 -2.549 -2.604 -2.655 -2.703 -2.747 -2.787 -2.824 -2.857 
-2.896 
-3.079 -3.112 -3.130 -3.144 -3.156 -3.164 -3.170 -3.172 -3.172 -3.169 
-3.163 -3.155 -3.143 -3.129 -3.112 -3.092 -3.070 -3.044 -3.016 -2.986 
-2.953 -2.918 -2.881 -2.843 -2.802 -2.761 -2.719 -2.675 -2.630 -2.584 
-2.537 -2.489 -2.443 -2.399 -2.359 -2.325 -2.298 -2.279 -2.269 -2.268 
-2.276 -2.292 -2.314 -2.341 -2.369 -2.396 -2.422 -2.444 -2.461 -2.474 
-2.482 -2.484 -2.481 -2.471 -2.455 -2.431 -2.400 -2.360 -2.310 -2.248 
-2.173 -2.086 -1.991 -1.902 -1.829 -1.751 -1.645 -1.521 -1.426 -1.418 
-1.513 -1.669 -1.837 -1.990 -2.125 -2.242 -2.347 -2.440 -2.524 -2.601 
-2.670 -2.734 -2.792 -2.844 -2.892 -2.935 -2.974 -3.009 -3.040 -3.067 
-3.072 
-3.092 -3.111 -3.118 -3.122 -3.123 -3.121 -3.115 -3.107 -3.096 -3.082 
-3.065 -3.045 -3.022 -2.996 -2.968 -2.938 -2.905 -2.870 -2.834 -2.797 
-2.759 -2.722 -2.686 -2.652 -2.622 -2.597 -2.576 -2.562 -2.552 -2.547 
-2.546 -2.547 -2.550 -2.552 -2.555 -2.558 -2.560 -2.561 -2.562 -2.561 
-2.559 -2.554 -2.548 -2.541 -2.534 -2.528 -2.523 -2.519 -2.514 -2.506 
-2.495 -2.478 -2.454 -2.423 -2.382 -2.331 -2.270 -2.195 -2.106 -2.001 
-1.883 -1.757 -1.642 -1.572 -1.573 -1.639 -1.729 -1.800 -1.837 -1.889 
-1.991 -2.110 -2.217 -2.307 -2.385 -2.458 -2.528 -2.596 -2.661 -2.722 
-2.779 -2.831 -2.879 -2.921 -2.959 -2.993 -3.022 -3.047 -3.068 -3.086 
-3.091 
-2.977 -2.993 -3.021 -3.045 -3.066 -3.084 -3.099 -3.111 -3.120 -3.126 
-3.129 -3.129 -3.126 -3.120 -3.112 -3.101 -3.087 -3.071 -3.053 -3.032 
-3.009 -2.985 -2.960 -2.934 -2.908 -2.883 -2.858 -2.833 -2.810 -2.786 
-2.762 -2.736 -2.708 -2.677 -2.642 -2.604 -2.561 -2.515 -2.466 -2.415 
-2.364 -2.315 -2.271 -2.234 -2.207 -2.191 -2.186 -2.190 -2.202 -2.218 
-2.237 -2.256 -2.272 -2.284 -2.292 -2.293 -2.288 -2.273 -2.249 -2.212 
-2.163 -2.099 -2.028 -1.966 -1.934 -1.926 -1.925 -1.933 -1.952 -1.972 
-1.985 -1.993 -2.002 -2.019 -2.049 -2.092 -2.149 -2.214 -2.286 -2.359 
-2.432 -2.503 -2.570 -2.634 -2.693 -2.748 -2.799 -2.845 -2.888 -2.927 
-2.963 
-2.919 -2.945 -2.961 -2.974 -2.984 -2.993 -2.999 -3.002 -3.004 -3.003 
-3.000 -2.995 -2.988 -2.978 -2.967 -2.953 -2.938 -2.920 -2.901 -2.881 
-2.859 -2.837 -2.813 -2.790 -2.766 -2.743 -2.721 -2.700 -2.682 -2.665 
-2.650 -2.638 -2.628 -2.619 -2.612 -2.606 -2.600 -2.593 -2.586 -2.576 
-2.565 -2.553 -2.540 -2.527 -2.515 -2.505 -2.498 -2.491 -2.485 -2.477 
-2.467 -2.452 -2.433 -2.408 -2.377 -2.340 -2.297 -2.246 -2.188 -2.123 
-2.050 -1.970 -1.883 -1.790 -1.697 -1.616 -1.568 -1.569 -1.622 -1.712 
-1.816 -1.921 -2.017 -2.104 -2.183 -2.258 -2.330 -2.398 -2.462 -2.523 
-2.579 -2.631 -2.678 -2.721 -2.761 -2.796 -2.829 -2.858 -2.884 -2.907 
-2.914 
-2.836 -2.832 -2.853 -2.873 -2.892 -2.911 -2.929 -2.946 -2.962 -2.977 
-2.991 -3.004 -3.016 -3.027 -3.037 -3.045 -3.051 -3.057 -3.060 -3.062 
-3.063 -3.062 -3.059 -3.055 -3.050 -3.043 -3.036 -3.028 -3.020 -3.011 
-3.002 -2.994 -2.984 -2.975 -2.965 -2.955 -2.944 -2.931 -2.917 -2.901 
-2.883 -2.863 -2.840 -2.816 -2.788 -2.759 -2.726 -2.691 -2.653 -2.613 
-2.569 -2.523 -2.473 -2.420 -2.364 -2.305 -2.242 -2.178 -2.113 -2.050 
-1.990 -1.937 -1.893 -1.860 -1.838 -1.826 -1.829 -1.852 -1.898 -1.957 
-2.019 -2.081 -2.141 -2.199 -2.255 -2.309 -2.360 -2.407 -2.452 -2.493 
-2.531 -2.567 -2.601 -2.632 -2.661 -2.689 -2.716 -2.741 -2.765 -2.788 
-2.828 
-3.093 -3.137 -3.165 -3.192 -3.216 -3.239 -3.260 -3.279 -3.295 -3.311 
-3.324 -3.335 -3.344 -3.352 -3.357 -3.361 -3.362 -3.362 -3.359 -3.354 
-3.346 -3.336 -3.324 -3.309 -3.292 -3.273 -3.251 -3.227 -3.201 -3.174 
-3.145 -3.117 -3.089 -3.061 -3.036 -3.011 -2.988 -2.966 -2.943 -2.920 
-2.896 -2.869 -2.841 -2.812 -2.781 -2.748 -2.715 -2.682 -2.649 -2.616 
-2.583 -2.551 -2.518 -2.486 -2.454 -2.420 -2.386 -2.350 -2.311 -2.272 
-2.231 -2.190 -2.151 -2.115 -2.083 -2.058 -2.040 -2.028 -2.023 -2.024 
-2.035 -2.059 -2.097 -2.149 -2.211 -2.280 -2.353 -2.427 -2.499 -2.569 
-2.636 -2.699 -2.758 -2.813 -2.864 -2.912 -2.956 -2.998 -3.036 -3.072 
-3.083 
-3.352 -3.383 -3.400 -3.414 -3.425 -3.433 -3.438 -3.441 -3.441 -3.438 
-3.433 -3.425 -3.414 -3.401 -3.385 -3.366 -3.344 -3.320 -3.293 -3.263 
-3.230 -3.195 -3.157 -3.117 -3.074 -3.029 -2.982 -2.934 -2.886 -2.839 
-2.793 -2.750 -2.712 -2.678 -2.650 -2.629 -2.613 -2.604 -2.602 -2.605 
-2.614 -2.627 -2.642 -2.657 -2.671 -2.682 -2.690 -2.694 -2.693 -2.689 
-2.681 -2.668 -2.651 -2.630 -2.604 -2.573 -2.537 -2.495 -2.447 -2.393 
-2.333 -2.268 -2.202 -2.139 -2.088 -2.059 -2.056 -2.077 -2.112 -2.150 
-2.189 -2.240 -2.312 -2.401 -2.495 -2.588 -2.675 -2.757 -2.833 -2.903 
-2.967 -3.026 -3.080 -3.129 -3.174 -3.215 -3.251 -3.284 -3.314 -3.340 
-3.348 
-3.281 -3.323 -3.345 -3.364 -3.381 -3.394 -3.405 -3.413 -3.419 -3.423 
-3.423 -3.422 -3.418 -3.411 -3.403 -3.391 -3.378 -3.362 -3.343 -3.321 
-3.297 -3.270 -3.241 -3.208 -3.172 -3.133 -3.091 -3.045 -2.997 -2.945 
-2.890 -2.833 -2.774 -2.713 -2.653 -2.596 -2.544 -2.501 -2.470 -2.455 
-2.456 -2.471 -2.496 -2.529 -2.564 -2.599 -2.631 -2.660 -2.684 -2.704 
-2.718 -2.726 -2.729 -2.726 -2.718 -2.704 -2.683 -2.656 -2.623 -2.583 
-2.537 -2.483 -2.424 -2.360 -2.293 -2.227 -2.161 -2.092 -2.020 -1.953 
-1.910 -1.914 -1.974 -2.077 -2.200 -2.325 -2.444 -2.553 -2.651 -2.740 
-2.820 -2.892 -2.957 -3.016 -3.069 -3.118 -3.162 -3.201 -3.237 -3.269 
-3.273 
-3.045 -3.043 -3.061 -3.077 -3.091 -3.103 -3.112 -3.120 -3.126 -3.130 
-3.132 -3.133 -3.132 -3.130 -3.126 -3.121 -3.114 -3.107 -3.098 -3.087 
-3.076 -3.064 -3.050 -3.036 -3.021 -3.005 -2.988 -2.970 -2.952 -2.933 
-2.914 -2.894 -2.873 -2.851 -2.829 -2.806 -2.784 -2.765 -2.749 -2.738 
-2.732 -2.731 -2.732 -2.733 -2.734 -2.733 -2.729 -2.723 -2.713 -2.700 
-2.684 -2.665 -2.643 -2.617 -2.588 -2.556 -2.519 -2.480 -2.436 -2.390 
-2.340 -2.287 -2.233 -2.177 -2.122 -2.070 -2.026 -1.992 -1.972 -1.970 
-1.986 -2.024 -2.086 -2.163 -2.244 -2.324 -2.400 -2.472 -2.538 -2.600 
-2.657 -2.709 -2.758 -2.802 -2.843 -2.881 -2.915 -2.946 -2.974 -3.000 
-3.037 
-3.106 -3.120 -3.132 -3.141 -3.148 -3.153 -3.155 -3.156 -3.154 -3.150 
-3.144 -3.136 -3.126 -3.114 -3.100 -3.084 -3.066 -3.047 -3.025 -3.002 
-2.977 -2.951 -2.923 -2.893 -2.863 -2.831 -2.799 -2.767 -2.734 -2.701 
-2.670 -2.640 -2.612 -2.589 -2.571 -2.559 -2.553 -2.552 -2.553 -2.557 
-2.561 -2.565 -2.568 -2.570 -2.571 -2.569 -2.566 -2.561 -2.553 -2.543 
-2.530 -2.514 -2.496 -2.474 -2.450 -2.423 -2.394 -2.363 -2.331 -2.298 
-2.267 -2.238 -2.213 -2.195 -2.183 -2.178 -2.181 -2.192 -2.208 -2.231 
-2.260 -2.294 -2.337 -2.391 -2.453 -2.519 -2.584 -2.647 -2.705 -2.758 
-2.808 -2.853 -2.894 -2.931 -2.965 -2.996 -3.023 -3.048 -3.070 -3.089 
-3.102 
-3.208 -3.234 -3.252 -3.268 -3.280 -3.290 -3.297 -3.300 -3.301 -3.300 
-3.295 -3.288 -3.278 -3.266 -3.251 -3.233 -3.212 -3.189 -3.163 -3.134 
-3.102 -3.066 -3.028 -2.986 -2.941 -2.893 -2.841 -2.786 -2.728 -2.668 
-2.609 -2.553 -2.503 -2.464 -2.440 -2.433 -2.443 -2.467 -2.501 -2.540 
-2.581 -2.621 -2.659 -2.693 -2.723 -2.748 -2.769 -2.785 -2.797 -2.804 
-2.807 -2.806 -2.800 -2.790 -2.776 -2.758 -2.735 -2.709 -2.679 -2.646 
-2.609 -2.570 -2.529 -2.487 -2.444 -2.401 -2.355 -2.308 -2.258 -2.207 
-2.162 -2.135 -2.136 -2.172 -2.238 -2.323 -2.417 -2.510 -2.600 -2.683 
-2.759 -2.828 -2.891 -2.948 -3.000 -3.046 -3.087 -3.124 -3.157 -3.186 
-3.199 
-3.190 -3.200 -3.215 -3.227 -3.237 -3.245 -3.250 -3.253 -3.253 -3.252 
-3.248 -3.242 -3.235 -3.225 -3.214 -3.201 -3.187 -3.171 -3.154 -3.135 
-3.115 -3.094 -3.072 -3.050 -3.027 -3.003 -2.978 -2.952 -2.926 -2.900 
-2.873 -2.846 -2.822 -2.800 -2.784 -2.774 -2.770 -2.770 -2.771 -2.771 
-2.768 -2.763 -2.754 -2.745 -2.735 -2.726 -2.718 -2.713 -2.709 -2.704 
-2.699 -2.692 -2.681 -2.667 -2.649 -2.626 -2.598 -2.565 -2.527 -2.485 
-2.439 -2.389 -2.337 -2.286 -2.238 -2.198 -2.169 -2.152 -2.150 -2.160 
-2.181 -2.214 -2.261 -2.322 -2.395 -2.472 -2.550 -2.625 -2.696 -2.761 
-2.820 -2.875 -2.925 -2.970 -3.011 -3.048 -3.082 -3.112 -3.138 -3.162 
-3.185 
-3.247 -3.265 -3.293 -3.318 -3.339 -3.358 -3.375 -3.388 -3.399 -3.408 
-3.414 -3.417 -3.419 -3.417 -3.414 -3.408 -3.401 -3.391 -3.378 -3.364 
-3.348 -3.329 -3.309 -3.286 -3.261 -3.235 -3.205 -3.174 -3.140 -3.104 
-3.065 -3.022 -2.977 -2.927 -2.874 -2.818 -2.758 -2.697 -2.636 -2.578 
-2.525 -2.478 -2.438 -2.404 -2.376 -2.356 -2.344 -2.341 -2.346 -2.355 
-2.368 -2.383 -2.396 -2.408 -2.417 -2.421 -2.421 -2.416 -2.405 -2.389 
-2.367 -2.338 -2.304 -2.265 -2.221 -2.174 -2.125 -2.078 -2.037 -2.005 
-1.990 -1.996 -2.027 -2.084 -2.162 -2.254 -2.351 -2.447 -2.539 -2.625 
-2.706 -2.781 -2.850 -2.913 -2.972 -3.026 -3.076 -3.121 -3.162 -3.200 
-3.235 
-3.304 -3.371 -3.402 -3.430 -3.455 -3.477 -3.497 -3.513 -3.527 -3.538 
-3.547 -3.553 -3.556 -3.557 -3.554 -3.550 -3.542 -3.532 -3.519 -3.503 
-3.484 -3.462 -3.437 -3.408 -3.376 -3.340 -3.300 -3.257 -3.208 -3.155 
-3.098 -3.035 -2.966 -2.893 -2.814 -2.732 -2.649 -2.569 -2.498 -2.443 
-2.410 -2.398 -2.404 -2.421 -2.440 -2.458 -2.475 -2.492 -2.511 -2.533 
-2.559 -2.587 -2.615 -2.640 -2.663 -2.681 -2.695 -2.703 -2.705 -2.701 
-2.690 -2.673 -2.648 -2.616 -2.577 -2.529 -2.473 -2.409 -2.339 -2.264 
-2.192 -2.132 -2.100 -2.112 -2.172 -2.267 -2.378 -2.490 -2.595 -2.692 
-2.779 -2.859 -2.931 -2.998 -3.059 -3.115 -3.167 -3.215 -3.259 -3.300 
-3.296 
-3.020 -3.036 -3.067 -3.095 -3.121 -3.146 -3.168 -3.188 -3.207 -3.223 
-3.237 -3.249 -3.259 -3.267 -3.273 -3.276 -3.278 -3.277 -3.274 -3.269 
-3.261 -3.251 -3.239 -3.224 -3.206 -3.186 -3.163 -3.138 -3.109 -3.077 
-3.042 -3.003 -2.960 -2.914 -2.863 -2.809 -2.751 -2.690 -2.628 -2.566 
-2.508 -2.451 -2.396 -2.341 -2.288 -2.239 -2.200 -2.173 -2.161 -2.164 
-2.180 -2.206 -2.238 -2.272 -2.307 -2.341 -2.371 -2.399 -2.423 -2.443 
-2.460 -2.474 -2.484 -2.491 -2.495 -2.495 -2.492 -2.486 -2.475 -2.460 
-2.441 -2.421 -2.408 -2.412 -2.433 -2.466 -2.500 -2.535 -2.568 -2.602 
-2.637 -2.673 -2.710 -2.748 -2.786 -2.824 -2.862 -2.900 -2.936 -2.971 
-3.008 
-2.956 -2.962 -2.986 -3.009 -3.030 -3.050 -3.068 -3.085 -3.100 -3.113 
-3.124 -3.133 -3.141 -3.146 -3.150 -3.151 -3.151 -3.148 -3.144 -3.138 
-3.131 -3.124 -3.115 -3.107 -3.099 -3.091 -3.083 -3.076 -3.068 -3.059 
-3.049 -3.037 -3.022 -3.005 -2.986 -2.964 -2.939 -2.911 -2.880 -2.847 
-2.811 -2.772 -2.732 -2.690 -2.649 -2.609 -2.573 -2.542 -2.518 -2.501 
-2.488 -2.479 -2.471 -2.465 -2.458 -2.452 -2.446 -2.440 -2.435 -2.430 
-2.425 -2.420 -2.413 -2.403 -2.390 -2.373 -2.350 -2.328 -2.319 -2.332 
-2.364 -2.401 -2.436 -2.467 -2.495 -2.521 -2.546 -2.572 -2.598 -2.624 
-2.652 -2.680 -2.709 -2.738 -2.767 -2.797 -2.826 -2.855 -2.883 -2.910 
-2.946 
-3.123 -3.160 -3.170 -3.177 -3.182 -3.184 -3.183 -3.180 -3.174 -3.165 
-3.154 -3.140 -3.123 -3.104 -3.083 -3.060 -3.035 -3.009 -2.983 -2.957 
-2.932 -2.910 -2.891 -2.876 -2.867 -2.863 -2.865 -2.872 -2.884 -2.898 
-2.915 -2.934 -2.952 -2.969 -2.985 -2.999 -3.011 -3.020 -3.026 -3.030 
-3.030 -3.028 -3.023 -3.015 -3.005 -2.992 -2.977 -2.959 -2.939 -2.918 
-2.894 -2.868 -2.841 -2.811 -2.780 -2.746 -2.711 -2.672 -2.630 -2.585 
-2.536 -2.481 -2.420 -2.350 -2.270 -2.182 -2.093 -2.021 -1.989 -2.012 
-2.083 -2.183 -2.290 -2.393 -2.487 -2.570 -2.644 -2.709 -2.768 -2.820 
-2.867 -2.910 -2.948 -2.983 -3.015 -3.044 -3.070 -3.093 -3.114 -3.132 
-3.120 
-3.087 -3.082 -3.094 -3.103 -3.110 -3.116 -3.120 -3.122 -3.123 -3.122 
-3.119 -3.115 -3.110 -3.103 -3.095 -3.085 -3.075 -3.063 -3.051 -3.038 
-3.024 -3.011 -2.998 -2.985 -2.974 -2.963 -2.954 -2.945 -2.938 -2.930 
-2.923 -2.916 -2.909 -2.901 -2.893 -2.885 -2.876 -2.866 -2.855 -2.844 
-2.832 -2.818 -2.804 -2.788 -2.770 -2.751 -2.731 -2.708 -2.684 -2.657 
-2.629 -2.598 -2.565 -2.531 -2.494 -2.456 -2.417 -2.377 -2.338 -2.300 
-2.266 -2.236 -2.211 -2.192 -2.179 -2.168 -2.159 -2.152 -2.155 -2.176 
-2.219 -2.279 -2.348 -2.420 -2.490 -2.555 -2.615 -2.670 -2.720 -2.767 
-2.809 -2.848 -2.883 -2.915 -2.945 -2.971 -2.996 -3.017 -3.037 -3.054 
-3.082 
-3.167 -3.196 -3.214 -3.229 -3.242 -3.252 -3.260 -3.266 -3.270 -3.272 
-3.272 -3.270 -3.266 -3.261 -3.254 -3.245 -3.234 -3.222 -3.209 -3.195 
-3.179 -3.163 -3.146 -3.128 -3.110 -3.091 -3.073 -3.055 -3.038 -3.022 
-3.007 -2.992 -2.980 -2.968 -2.958 -2.949 -2.941 -2.934 -2.928 -2.922 
-2.916 -2.910 -2.905 -2.898 -2.891 -2.882 -2.873 -2.862 -2.849 -2.834 
-2.817 -2.797 -2.776 -2.751 -2.723 -2.693 -2.659 -2.623 -2.584 -2.542 
-2.497 -2.451 -2.401 -2.348 -2.291 -2.229 -2.164 -2.098 -2.041 -2.006 
-2.005 -2.043 -2.113 -2.203 -2.300 -2.396 -2.487 -2.571 -2.649 -2.719 
-2.784 -2.842 -2.896 -2.944 -2.988 -3.028 -3.064 -3.097 -3.126 -3.152 
-3.160 
-3.178 -3.185 -3.205 -3.222 -3.237 -3.249 -3.260 -3.268 -3.274 -3.279 
-3.281 -3.281 -3.280 -3.276 -3.271 -3.264 -3.255 -3.244 -3.232 -3.218 
-3.202 -3.185 -3.167 -3.147 -3.126 -3.104 -3.081 -3.057 -3.032 -3.007 
-2.982 -2.956 -2.930 -2.905 -2.880 -2.855 -2.831 -2.808 -2.786 -2.766 
-2.747 -2.729 -2.713 -2.698 -2.685 -2.673 -2.661 -2.650 -2.638 -2.626 
-2.612 -2.598 -2.581 -2.563 -2.543 -2.520 -2.495 -2.468 -2.438 -2.406 
-2.373 -2.339 -2.306 -2.273 -2.244 -2.220 -2.201 -2.189 -2.187 -2.195 
-2.220 -2.261 -2.316 -2.378 -2.443 -2.508 -2.571 -2.631 -2.690 -2.745 
-2.798 -2.847 -2.894 -2.938 -2.978 -3.016 -3.051 -3.083 -3.112 -3.139 
-3.170 
-3.316 -3.343 -3.368 -3.391 -3.411 -3.429 -3.444 -3.457 -3.467 -3.475 
-3.481 -3.484 -3.485 -3.484 -3.481 -3.475 -3.467 -3.457 -3.445 -3.431 
-3.415 -3.397 -3.376 -3.354 -3.330 -3.304 -3.276 -3.247 -3.216 -3.184 
-3.151 -3.117 -3.082 -3.047 -3.011 -2.976 -2.941 -2.907 -2.876 -2.846 
-2.820 -2.798 -2.781 -2.768 -2.760 -2.756 -2.756 -2.759 -2.763 -2.767 
-2.772 -2.775 -2.777 -2.777 -2.773 -2.767 -2.758 -2.744 -2.728 -2.707 
-2.683 -2.656 -2.626 -2.595 -2.564 -2.537 -2.516 -2.505 -2.504 -2.512 
-2.524 -2.541 -2.561 -2.585 -2.615 -2.651 -2.692 -2.737 -2.787 -2.838 
-2.890 -2.942 -2.993 -3.042 -3.089 -3.133 -3.175 -3.214 -3.250 -3.284 
-3.305 
-3.456 -3.481 -3.497 -3.511 -3.523 -3.532 -3.538 -3.542 -3.543 -3.542 
-3.539 -3.533 -3.526 -3.515 -3.503 -3.488 -3.472 -3.453 -3.432 -3.409 
-3.385 -3.359 -3.331 -3.302 -3.272 -3.241 -3.209 -3.177 -3.146 -3.115 
-3.085 -3.056 -3.028 -3.003 -2.978 -2.955 -2.934 -2.915 -2.899 -2.885 
-2.876 -2.870 -2.869 -2.871 -2.876 -2.881 -2.887 -2.892 -2.895 -2.895 
-2.893 -2.887 -2.877 -2.863 -2.844 -2.820 -2.791 -2.757 -2.717 -2.671 
-2.619 -2.562 -2.502 -2.441 -2.384 -2.339 -2.311 -2.308 -2.332 -2.377 
-2.438 -2.507 -2.579 -2.652 -2.724 -2.793 -2.859 -2.923 -2.984 -3.042 
-3.097 -3.148 -3.196 -3.241 -3.282 -3.320 -3.354 -3.386 -3.414 -3.439 
-3.450 
-3.459 -3.481 -3.503 -3.523 -3.539 -3.553 -3.564 -3.573 -3.580 -3.583 
-3.585 -3.584 -3.580 -3.574 -3.566 -3.555 -3.542 -3.526 -3.508 -3.487 
-3.464 -3.438 -3.409 -3.378 -3.344 -3.308 -3.269 -3.227 -3.183 -3.136 
-3.087 -3.035 -2.982 -2.927 -2.871 -2.816 -2.762 -2.713 -2.670 -2.636 
-2.612 -2.598 -2.594 -2.599 -2.610 -2.624 -2.640 -2.657 -2.673 -2.687 
-2.700 -2.710 -2.718 -2.723 -2.724 -2.721 -2.714 -2.703 -2.687 -2.666 
-2.640 -2.610 -2.576 -2.539 -2.501 -2.465 -2.436 -2.417 -2.412 -2.420 
-2.444 -2.480 -2.529 -2.586 -2.649 -2.715 -2.783 -2.850 -2.915 -2.978 
-3.038 -3.095 -3.148 -3.198 -3.245 -3.288 -3.328 -3.365 -3.398 -3.429 
-3.450 
-3.354 -3.396 -3.430 -3.461 -3.489 -3.515 -3.537 -3.558 -3.575 -3.590 
-3.602 -3.613 -3.620 -3.625 -3.628 -3.629 -3.627 -3.622 -3.616 -3.607 
-3.595 -3.581 -3.565 -3.546 -3.524 -3.500 -3.473 -3.444 -3.411 -3.376 
-3.338 -3.297 -3.254 -3.207 -3.159 -3.109 -3.057 -3.005 -2.954 -2.905 
-2.857 -2.812 -2.768 -2.728 -2.690 -2.656 -2.629 -2.608 -2.595 -2.588 
-2.588 -2.591 -2.598 -2.607 -2.616 -2.625 -2.633 -2.639 -2.643 -2.644 
-2.642 -2.638 -2.630 -2.620 -2.609 -2.596 -2.583 -2.572 -2.565 -2.563 
-2.567 -2.580 -2.599 -2.626 -2.659 -2.696 -2.736 -2.778 -2.820 -2.861 
-2.903 -2.946 -2.991 -3.037 -3.086 -3.135 -3.183 -3.231 -3.276 -3.319 
-3.343 
-3.230 -3.250 -3.300 -3.346 -3.388 -3.427 -3.462 -3.494 -3.522 -3.547 
-3.569 -3.587 -3.603 -3.616 -3.625 -3.632 -3.636 -3.638 -3.636 -3.632 
-3.626 -3.616 -3.604 -3.589 -3.572 -3.552 -3.530 -3.505 -3.477 -3.448 
-3.415 -3.380 -3.343 -3.303 -3.261 -3.216 -3.167 -3.115 -3.060 -3.001 
-2.939 -2.874 -2.809 -2.747 -2.691 -2.647 -2.618 -2.608 -2.616 -2.638 
-2.670 -2.707 -2.746 -2.783 -2.818 -2.849 -2.875 -2.896 -2.912 -2.922 
-2.928 -2.927 -2.922 -2.912 -2.897 -2.879 -2.858 -2.838 -2.822 -2.811 
-2.807 -2.808 -2.811 -2.812 -2.810 -2.803 -2.792 -2.777 -2.762 -2.751 
-2.747 -2.754 -2.774 -2.807 -2.851 -2.904 -2.961 -3.021 -3.082 -3.141 
-3.206 
-3.368 -3.429 -3.458 -3.484 -3.506 -3.525 -3.541 -3.554 -3.564 -3.571 
-3.576 -3.577 -3.577 -3.574 -3.568 -3.560 -3.549 -3.537 -3.522 -3.505 
-3.486 -3.464 -3.441 -3.417 -3.390 -3.363 -3.334 -3.304 -3.274 -3.243 
-3.213 -3.184 -3.155 -3.128 -3.103 -3.080 -3.060 -3.041 -3.024 -3.007 
-2.991 -2.975 -2.958 -2.941 -2.923 -2.909 -2.900 -2.897 -2.902 -2.911 
-2.921 -2.931 -2.937 -2.940 -2.937 -2.929 -2.915 -2.896 -2.871 -2.841 
-2.806 -2.765 -2.720 -2.671 -2.619 -2.568 -2.521 -2.483 -2.459 -2.454 
-2.469 -2.504 -2.554 -2.613 -2.677 -2.740 -2.799 -2.851 -2.898 -2.939 
-2.977 -3.014 -3.054 -3.096 -3.141 -3.188 -3.234 -3.279 -3.321 -3.361 
-3.359 
