IRGRID 64 91
1e+308

0.025 0.03 0.035 0.04 0.045 0.05 0.055 0.06 0.065 0.07
0.075 0.08 0.085 0.09 0.095 0.1 0.11 0.12 0.13 0.14
0.15 0.16 0.17 0.18 0.19 0.2 0.21 0.22 0.23 0.24
0.25 0.26 0.27 0.28 0.29 0.3 0.31 0.32 0.33 0.34
0.35 0.36 0.37 0.38 0.39 0.4 0.41 0.42 0.43 0.44
0.45 0.46 0.47 0.48 0.49 0.5 0.51 0.52 0.53 0.54
0.55 0.56 0.57 0.58
0 4 8 12 16 20 24 28 32 36
40 44 48 52 56 60 64 68 72 76
80 84 88 92 96 100 104 108 112 116
120 124 128 132 136 140 144 148 152 156
160 164 168 172 176 180 184 188 192 196
200 204 208 212 216 220 224 228 232 236
240 244 248 252 256 260 264 268 272 276
280 284 288 292 296 300 304 308 312 316
320 324 328 332 336 340 344 348 352 356
360
-3.321 -3.248 -3.251 -3.356 -3.500 -3.640 -3.771 -3.896 -4.000 -4.000 
-4.000 -4.000 -4.000 -4.000 -4.000 -4.000 -4.000 -4.000 -4.000 -4.000 
-4.000 -4.000 -4.000 -4.000 -4.000 -4.000 -4.000 -4.000 -4.000 -4.000 
-4.000 -4.000 -4.000 -4.000 -4.000 -4.000 -4.000 -4.000 -4.000 -4.000 
-4.000 -4.000 -4.000 -4.000 -4.000 -4.000 -4.000 -4.000 -4.000 -4.000 
-3.915 -3.750 -3.550 -3.300 -3.008 -2.783 -2.777 -2.987 -3.262 -3.492 
-3.675 -3.822 -3.942 -4.000 -4.000 -4.000 -4.000 -4.000 -4.000 -4.000 
-4.000 -4.000 -4.000 -4.000 -4.000 -4.000 -4.000 -4.000 -4.000 -4.000 
-4.000 -4.000 -4.000 -4.000 -4.000 -4.000 -3.955 -3.836 -3.693 -3.526 
-3.407 
-3.189 -3.164 -3.117 -3.098 -3.104 -3.136 -3.192 -3.263 -3.339 -3.415 
-3.489 -3.558 -3.623 -3.683 -3.738 -3.789 -3.834 -3.876 -3.913 -3.946 
-3.976 -4.000 -4.000 -4.000 -4.000 -4.000 -4.000 -4.000 -4.000 -4.000 
-4.000 -4.000 -4.000 -4.000 -4.000 -3.986 -3.957 -3.924 -3.886 -3.843 
-3.794 -3.739 -3.678 -3.609 -3.533 -3.449 -3.356 -3.255 -3.149 -3.045 
-2.952 -2.880 -2.823 -2.749 -2.630 -2.515 -2.524 -2.676 -2.873 -3.051 
-3.198 -3.316 -3.414 -3.496 -3.565 -3.623 -3.673 -3.714 -3.749 -3.778 
-3.801 -3.819 -3.832 -3.840 -3.843 -3.842 -3.837 -3.827 -3.812 -3.793 
-3.770 -3.742 -3.709 -3.670 -3.627 -3.578 -3.523 -3.461 -3.393 -3.319 
-3.208 
-2.484 -2.419 -2.315 -2.299 -2.381 -2.490 -2.587 -2.670 -2.744 -2.812 
-2.877 -2.937 -2.994 -3.047 -3.096 -3.141 -3.183 -3.220 -3.254 -3.283 
-3.309 -3.332 -3.351 -3.366 -3.378 -3.386 -3.392 -3.393 -3.391 -3.386 
-3.377 -3.365 -3.349 -3.329 -3.305 -3.277 -3.244 -3.207 -3.165 -3.117 
-3.063 -3.002 -2.935 -2.859 -2.774 -2.679 -2.574 -2.457 -2.327 -2.181 
-2.007 -1.831 -1.866 -2.050 -2.206 -2.324 -2.433 -2.550 -2.658 -2.751 
-2.832 -2.902 -2.963 -3.017 -3.063 -3.104 -3.138 -3.168 -3.192 -3.212 
-3.227 -3.238 -3.245 -3.248 -3.246 -3.241 -3.231 -3.218 -3.200 -3.179 
-3.152 -3.121 -3.086 -3.045 -2.999 -2.946 -2.887 -2.820 -2.742 -2.650 
-2.491 
-1.974 -1.815 -1.698 -1.686 -1.786 -1.943 -2.103 -2.242 -2.360 -2.463 
-2.553 -2.634 -2.707 -2.773 -2.834 -2.888 -2.938 -2.982 -3.022 -3.057 
-3.088 -3.115 -3.138 -3.157 -3.173 -3.185 -3.193 -3.197 -3.198 -3.196 
-3.190 -3.180 -3.166 -3.148 -3.126 -3.100 -3.070 -3.034 -2.993 -2.946 
-2.892 -2.831 -2.761 -2.681 -2.589 -2.481 -2.354 -2.200 -2.008 -1.765 
-1.484 -1.279 -1.305 -1.508 -1.697 -1.771 -1.801 -1.891 -2.036 -2.185 
-2.318 -2.432 -2.527 -2.608 -2.677 -2.735 -2.785 -2.826 -2.860 -2.889 
-2.911 -2.927 -2.938 -2.945 -2.946 -2.942 -2.933 -2.919 -2.900 -2.875 
-2.844 -2.807 -2.763 -2.711 -2.650 -2.579 -2.495 -2.396 -2.278 -2.138 
-2.052 
-1.886 -1.924 -1.897 -1.897 -1.933 -1.977 -2.018 -2.059 -2.104 -2.153 
-2.205 -2.259 -2.313 -2.366 -2.416 -2.463 -2.507 -2.548 -2.585 -2.618 
-2.647 -2.673 -2.695 -2.714 -2.729 -2.741 -2.749 -2.755 -2.757 -2.755 
-2.750 -2.742 -2.731 -2.716 -2.697 -2.675 -2.649 -2.619 -2.585 -2.546 
-2.503 -2.456 -2.403 -2.346 -2.283 -2.215 -2.142 -2.063 -1.976 -1.874 
-1.743 -1.591 -1.534 -1.487 -1.373 -1.253 -1.199 -1.250 -1.381 -1.538 
-1.685 -1.813 -1.921 -2.011 -2.087 -2.151 -2.204 -2.248 -2.284 -2.313 
-2.335 -2.351 -2.361 -2.365 -2.363 -2.356 -2.343 -2.325 -2.301 -2.272 
-2.238 -2.198 -2.155 -2.110 -2.066 -2.026 -1.994 -1.974 -1.963 -1.957 
-1.893 
-1.530 -1.546 -1.609 -1.672 -1.732 -1.788 -1.841 -1.891 -1.939 -1.984 
-2.026 -2.065 -2.102 -2.137 -2.168 -2.197 -2.223 -2.247 -2.268 -2.286 
-2.302 -2.315 -2.325 -2.333 -2.338 -2.341 -2.340 -2.337 -2.331 -2.322 
-2.310 -2.295 -2.277 -2.255 -2.230 -2.202 -2.170 -2.135 -2.096 -2.052 
-2.005 -1.954 -1.899 -1.840 -1.779 -1.715 -1.652 -1.591 -1.536 -1.490 
-1.455 -1.433 -1.420 -1.411 -1.398 -1.376 -1.360 -1.371 -1.392 -1.411 
-1.434 -1.468 -1.513 -1.565 -1.617 -1.666 -1.710 -1.746 -1.776 -1.799 
-1.816 -1.825 -1.829 -1.826 -1.818 -1.803 -1.783 -1.756 -1.724 -1.686 
-1.643 -1.595 -1.545 -1.495 -1.448 -1.410 -1.387 -1.383 -1.400 -1.437 
-1.503 
-1.591 -1.628 -1.640 -1.652 -1.664 -1.676 -1.688 -1.702 -1.717 -1.733 
-1.751 -1.770 -1.790 -1.812 -1.834 -1.857 -1.880 -1.902 -1.924 -1.945 
-1.965 -1.984 -2.001 -2.017 -2.031 -2.044 -2.054 -2.062 -2.068 -2.072 
-2.074 -2.073 -2.070 -2.064 -2.056 -2.046 -2.032 -2.016 -1.996 -1.974 
-1.948 -1.919 -1.886 -1.850 -1.810 -1.766 -1.719 -1.669 -1.616 -1.561 
-1.504 -1.444 -1.381 -1.312 -1.238 -1.158 -1.075 -0.995 -0.923 -0.866 
-0.824 -0.782 -0.704 -0.532 -0.316 -0.415 -0.691 -0.907 -1.061 -1.177 
-1.267 -1.340 -1.400 -1.450 -1.491 -1.526 -1.554 -1.576 -1.593 -1.605 
-1.613 -1.615 -1.614 -1.609 -1.603 -1.595 -1.590 -1.590 -1.594 -1.603 
-1.591 
-1.517 -1.503 -1.502 -1.502 -1.501 -1.502 -1.504 -1.507 -1.514 -1.522 
-1.533 -1.547 -1.563 -1.580 -1.600 -1.620 -1.640 -1.661 -1.680 -1.698 
-1.715 -1.729 -1.740 -1.748 -1.753 -1.753 -1.749 -1.740 -1.726 -1.706 
-1.680 -1.647 -1.608 -1.562 -1.510 -1.452 -1.389 -1.325 -1.261 -1.203 
-1.154 -1.120 -1.101 -1.096 -1.102 -1.115 -1.129 -1.142 -1.150 -1.151 
-1.145 -1.131 -1.107 -1.074 -1.031 -0.976 -0.909 -0.829 -0.734 -0.620 
-0.479 -0.297 -0.056 0.234 0.465 0.534 0.394 0.057 -0.233 -0.454 
-0.629 -0.770 -0.887 -0.986 -1.071 -1.143 -1.205 -1.259 -1.306 -1.345 
-1.379 -1.408 -1.432 -1.452 -1.468 -1.480 -1.490 -1.496 -1.501 -1.503 
-1.518 
-1.619 -1.626 -1.639 -1.650 -1.659 -1.666 -1.671 -1.674 -1.676 -1.676 
-1.674 -1.671 -1.666 -1.658 -1.648 -1.635 -1.618 -1.597 -1.572 -1.542 
-1.505 -1.460 -1.407 -1.342 -1.262 -1.169 -1.069 -0.991 -0.968 -0.987 
-1.005 -0.998 -0.966 -0.917 -0.855 -0.785 -0.709 -0.633 -0.561 -0.496 
-0.444 -0.408 -0.389 -0.387 -0.399 -0.419 -0.444 -0.470 -0.493 -0.512 
-0.525 -0.531 -0.530 -0.521 -0.503 -0.475 -0.436 -0.383 -0.316 -0.231 
-0.123 0.017 0.200 0.444 0.746 1.032 0.964 0.654 0.307 0.022 
-0.203 -0.387 -0.541 -0.674 -0.789 -0.891 -0.982 -1.064 -1.137 -1.203 
-1.263 -1.317 -1.366 -1.410 -1.450 -1.486 -1.518 -1.546 -1.570 -1.592 
-1.611 
-1.850 -1.890 -1.895 -1.898 -1.897 -1.893 -1.886 -1.876 -1.862 -1.845 
-1.824 -1.799 -1.770 -1.736 -1.698 -1.654 -1.605 -1.548 -1.484 -1.410 
-1.326 -1.229 -1.117 -0.989 -0.845 -0.691 -0.551 -0.464 -0.464 -0.546 
-0.670 -0.798 -0.908 -0.993 -1.054 -1.090 -1.105 -1.102 -1.087 -1.064 
-1.041 -1.025 -1.017 -1.021 -1.032 -1.048 -1.065 -1.080 -1.092 -1.098 
-1.097 -1.089 -1.074 -1.049 -1.016 -0.972 -0.917 -0.848 -0.762 -0.656 
-0.522 -0.352 -0.129 0.152 0.615 1.032 0.878 0.371 -0.120 -0.410 
-0.626 -0.799 -0.942 -1.065 -1.171 -1.264 -1.346 -1.420 -1.486 -1.545 
-1.597 -1.645 -1.687 -1.725 -1.758 -1.788 -1.813 -1.835 -1.854 -1.869 
-1.849 
-1.651 -1.674 -1.681 -1.686 -1.689 -1.690 -1.690 -1.687 -1.683 -1.678 
-1.671 -1.662 -1.652 -1.640 -1.626 -1.611 -1.594 -1.574 -1.552 -1.527 
-1.498 -1.462 -1.420 -1.366 -1.298 -1.213 -1.120 -1.052 -1.050 -1.107 
-1.180 -1.241 -1.285 -1.314 -1.333 -1.345 -1.352 -1.354 -1.354 -1.351 
-1.344 -1.336 -1.324 -1.310 -1.292 -1.272 -1.247 -1.219 -1.186 -1.148 
-1.105 -1.055 -0.998 -0.933 -0.857 -0.769 -0.665 -0.539 -0.383 -0.178 
0.118 0.590 0.669 0.545 0.509 0.577 0.287 -0.148 -0.385 -0.562 
-0.706 -0.827 -0.931 -1.022 -1.102 -1.173 -1.237 -1.294 -1.346 -1.392 
-1.434 -1.471 -1.505 -1.535 -1.562 -1.586 -1.607 -1.625 -1.641 -1.654 
-1.648 
-1.426 -1.404 -1.410 -1.415 -1.419 -1.422 -1.424 -1.426 -1.427 -1.427 
-1.426 -1.426 -1.425 -1.423 -1.421 -1.419 -1.417 -1.414 -1.411 -1.408 
-1.404 -1.400 -1.396 -1.391 -1.385 -1.380 -1.374 -1.368 -1.362 -1.356 
-1.351 -1.345 -1.339 -1.333 -1.325 -1.317 -1.308 -1.298 -1.285 -1.270 
-1.253 -1.234 -1.212 -1.186 -1.157 -1.124 -1.088 -1.046 -1.000 -0.947 
-0.888 -0.822 -0.747 -0.661 -0.562 -0.446 -0.308 -0.140 0.076 0.375 
0.826 1.213 1.229 0.869 0.463 0.163 -0.072 -0.256 -0.406 -0.531 
-0.638 -0.730 -0.811 -0.883 -0.946 -1.003 -1.054 -1.100 -1.141 -1.179 
-1.212 -1.242 -1.269 -1.292 -1.314 -1.333 -1.349 -1.364 -1.376 -1.387 
-1.423 
-1.503 -1.561 -1.561 -1.563 -1.567 -1.573 -1.580 -1.587 -1.594 -1.600 
-1.604 -1.605 -1.603 -1.597 -1.589 -1.578 -1.564 -1.547 -1.528 -1.506 
-1.483 -1.459 -1.434 -1.409 -1.384 -1.360 -1.338 -1.319 -1.302 -1.288 
-1.278 -1.271 -1.267 -1.266 -1.266 -1.267 -1.269 -1.271 -1.271 -1.271 
-1.268 -1.263 -1.255 -1.244 -1.229 -1.210 -1.187 -1.159 -1.125 -1.086 
-1.039 -0.985 -0.922 -0.848 -0.762 -0.660 -0.538 -0.389 -0.201 0.046 
0.395 0.912 0.977 0.607 0.239 -0.076 -0.314 -0.501 -0.653 -0.781 
-0.890 -0.985 -1.068 -1.141 -1.205 -1.263 -1.313 -1.358 -1.397 -1.431 
-1.461 -1.486 -1.507 -1.524 -1.538 -1.548 -1.555 -1.559 -1.561 -1.562 
-1.502 
-1.247 -1.198 -1.194 -1.198 -1.209 -1.228 -1.255 -1.289 -1.328 -1.371 
-1.415 -1.460 -1.504 -1.546 -1.585 -1.621 -1.654 -1.683 -1.707 -1.728 
-1.744 -1.756 -1.765 -1.770 -1.772 -1.772 -1.769 -1.766 -1.761 -1.756 
-1.750 -1.744 -1.738 -1.730 -1.721 -1.710 -1.697 -1.679 -1.658 -1.631 
-1.599 -1.560 -1.515 -1.464 -1.408 -1.347 -1.286 -1.227 -1.172 -1.123 
-1.078 -1.033 -0.984 -0.925 -0.853 -0.761 -0.644 -0.492 -0.289 0.012 
0.589 1.065 1.064 0.727 0.432 -0.021 -0.320 -0.527 -0.684 -0.809 
-0.911 -0.995 -1.066 -1.124 -1.173 -1.213 -1.246 -1.272 -1.291 -1.305 
-1.313 -1.316 -1.314 -1.309 -1.299 -1.287 -1.272 -1.255 -1.238 -1.222 
-1.253 
-1.721 -1.802 -1.805 -1.812 -1.824 -1.841 -1.862 -1.887 -1.913 -1.941 
-1.967 -1.992 -2.013 -2.031 -2.045 -2.054 -2.060 -2.060 -2.057 -2.049 
-2.038 -2.022 -2.003 -1.981 -1.955 -1.927 -1.896 -1.863 -1.829 -1.793 
-1.756 -1.718 -1.680 -1.640 -1.598 -1.554 -1.507 -1.455 -1.398 -1.336 
-1.266 -1.191 -1.110 -1.025 -0.937 -0.851 -0.771 -0.700 -0.642 -0.598 
-0.567 -0.544 -0.525 -0.505 -0.477 -0.438 -0.381 -0.299 -0.181 -0.001 
0.302 0.744 0.794 0.942 0.939 0.556 0.079 -0.255 -0.502 -0.699 
-0.861 -1.000 -1.119 -1.223 -1.315 -1.395 -1.466 -1.529 -1.584 -1.632 
-1.673 -1.707 -1.736 -1.759 -1.776 -1.789 -1.797 -1.801 -1.803 -1.803 
-1.718 
-1.974 -1.968 -1.975 -1.979 -1.981 -1.981 -1.978 -1.972 -1.965 -1.955 
-1.943 -1.928 -1.911 -1.892 -1.870 -1.846 -1.820 -1.792 -1.762 -1.729 
-1.695 -1.659 -1.621 -1.582 -1.542 -1.501 -1.461 -1.421 -1.382 -1.345 
-1.311 -1.280 -1.252 -1.228 -1.207 -1.190 -1.174 -1.161 -1.148 -1.134 
-1.118 -1.099 -1.077 -1.050 -1.018 -0.982 -0.942 -0.901 -0.859 -0.817 
-0.774 -0.729 -0.677 -0.616 -0.542 -0.449 -0.331 -0.176 0.039 0.364 
0.758 0.970 0.721 0.523 0.393 -0.052 -0.351 -0.568 -0.740 -0.884 
-1.007 -1.115 -1.211 -1.297 -1.374 -1.444 -1.508 -1.566 -1.619 -1.666 
-1.710 -1.750 -1.786 -1.818 -1.847 -1.873 -1.896 -1.916 -1.933 -1.947 
-1.971 
-1.922 -1.956 -1.973 -1.987 -1.999 -2.009 -2.017 -2.023 -2.026 -2.028 
-2.027 -2.024 -2.019 -2.012 -2.003 -1.992 -1.979 -1.964 -1.947 -1.927 
-1.906 -1.883 -1.857 -1.830 -1.801 -1.771 -1.739 -1.706 -1.672 -1.637 
-1.601 -1.565 -1.529 -1.493 -1.456 -1.418 -1.379 -1.338 -1.296 -1.251 
-1.204 -1.155 -1.104 -1.052 -0.998 -0.944 -0.888 -0.833 -0.777 -0.721 
-0.664 -0.604 -0.542 -0.474 -0.399 -0.314 -0.214 -0.095 0.051 0.234 
0.477 0.704 0.641 0.498 0.268 0.026 -0.192 -0.380 -0.543 -0.687 
-0.814 -0.928 -1.031 -1.124 -1.209 -1.288 -1.360 -1.426 -1.487 -1.544 
-1.596 -1.645 -1.690 -1.731 -1.769 -1.804 -1.836 -1.865 -1.892 -1.916 
-1.916 
-1.764 -1.761 -1.778 -1.792 -1.803 -1.814 -1.822 -1.828 -1.832 -1.835 
-1.836 -1.835 -1.833 -1.829 -1.823 -1.816 -1.807 -1.797 -1.785 -1.772 
-1.757 -1.741 -1.723 -1.704 -1.684 -1.663 -1.640 -1.616 -1.591 -1.565 
-1.537 -1.509 -1.479 -1.449 -1.417 -1.385 -1.351 -1.316 -1.280 -1.243 
-1.205 -1.165 -1.124 -1.082 -1.039 -0.994 -0.948 -0.901 -0.853 -0.802 
-0.749 -0.692 -0.630 -0.562 -0.486 -0.398 -0.296 -0.175 -0.027 0.155 
0.376 0.601 0.724 0.644 0.435 0.199 -0.021 -0.216 -0.385 -0.532 
-0.661 -0.775 -0.876 -0.968 -1.051 -1.127 -1.196 -1.260 -1.318 -1.372 
-1.422 -1.468 -1.510 -1.549 -1.585 -1.617 -1.648 -1.675 -1.700 -1.723 
-1.757 
-1.806 -1.839 -1.858 -1.875 -1.889 -1.901 -1.911 -1.918 -1.924 -1.927 
-1.928 -1.927 -1.924 -1.919 -1.913 -1.904 -1.893 -1.880 -1.866 -1.849 
-1.831 -1.811 -1.789 -1.766 -1.741 -1.715 -1.687 -1.658 -1.627 -1.595 
-1.563 -1.528 -1.493 -1.457 -1.419 -1.379 -1.338 -1.295 -1.251 -1.204 
-1.156 -1.106 -1.055 -1.004 -0.952 -0.900 -0.849 -0.799 -0.751 -0.704 
-0.658 -0.611 -0.564 -0.514 -0.460 -0.398 -0.328 -0.245 -0.144 -0.020 
0.135 0.324 0.486 0.504 0.446 0.335 0.165 -0.030 -0.219 -0.391 
-0.543 -0.678 -0.798 -0.907 -1.005 -1.094 -1.176 -1.251 -1.319 -1.383 
-1.441 -1.495 -1.544 -1.590 -1.632 -1.670 -1.706 -1.738 -1.767 -1.794 
-1.798 
-1.755 -1.747 -1.757 -1.764 -1.769 -1.772 -1.772 -1.771 -1.767 -1.761 
-1.754 -1.744 -1.732 -1.718 -1.703 -1.686 -1.667 -1.646 -1.623 -1.599 
-1.574 -1.547 -1.520 -1.491 -1.462 -1.432 -1.402 -1.372 -1.342 -1.313 
-1.284 -1.257 -1.230 -1.204 -1.180 -1.156 -1.133 -1.111 -1.089 -1.067 
-1.046 -1.024 -1.002 -0.980 -0.956 -0.932 -0.905 -0.876 -0.845 -0.810 
-0.771 -0.728 -0.678 -0.620 -0.554 -0.475 -0.381 -0.268 -0.130 0.043 
0.257 0.484 0.627 0.574 0.377 0.143 -0.079 -0.276 -0.447 -0.594 
-0.723 -0.837 -0.938 -1.028 -1.109 -1.183 -1.250 -1.311 -1.366 -1.417 
-1.463 -1.505 -1.543 -1.578 -1.609 -1.637 -1.662 -1.685 -1.704 -1.721 
-1.750 
-1.911 -1.939 -1.952 -1.962 -1.970 -1.976 -1.980 -1.981 -1.980 -1.977 
-1.972 -1.965 -1.956 -1.944 -1.931 -1.915 -1.897 -1.877 -1.855 -1.831 
-1.805 -1.777 -1.747 -1.714 -1.680 -1.644 -1.605 -1.565 -1.524 -1.480 
-1.435 -1.388 -1.340 -1.291 -1.241 -1.191 -1.141 -1.092 -1.045 -1.000 
-0.959 -0.922 -0.888 -0.858 -0.832 -0.807 -0.784 -0.762 -0.738 -0.713 
-0.685 -0.652 -0.614 -0.568 -0.514 -0.449 -0.370 -0.276 -0.163 -0.031 
0.115 0.254 0.334 0.258 0.072 -0.129 -0.316 -0.483 -0.632 -0.765 
-0.884 -0.991 -1.088 -1.176 -1.257 -1.331 -1.399 -1.461 -1.519 -1.571 
-1.620 -1.665 -1.706 -1.743 -1.778 -1.809 -1.837 -1.863 -1.886 -1.906 
-1.906 
-2.015 -2.019 -2.037 -2.053 -2.067 -2.078 -2.087 -2.094 -2.099 -2.101 
-2.102 -2.100 -2.096 -2.090 -2.082 -2.072 -2.059 -2.045 -2.028 -2.009 
-1.987 -1.963 -1.937 -1.909 -1.878 -1.844 -1.808 -1.769 -1.728 -1.685 
-1.638 -1.590 -1.539 -1.486 -1.432 -1.377 -1.321 -1.265 -1.210 -1.156 
-1.104 -1.052 -1.001 -0.951 -0.903 -0.857 -0.813 -0.771 -0.731 -0.694 
-0.658 -0.622 -0.586 -0.547 -0.506 -0.460 -0.408 -0.350 -0.284 -0.212 
-0.136 -0.066 -0.026 -0.050 -0.144 -0.266 -0.395 -0.523 -0.647 -0.765 
-0.877 -0.981 -1.077 -1.167 -1.251 -1.328 -1.401 -1.468 -1.530 -1.588 
-1.642 -1.692 -1.738 -1.781 -1.821 -1.857 -1.891 -1.922 -1.950 -1.976 
-2.006 
-2.189 -2.237 -2.250 -2.260 -2.268 -2.273 -2.277 -2.277 -2.276 -2.272 
-2.266 -2.258 -2.247 -2.235 -2.220 -2.202 -2.182 -2.160 -2.136 -2.109 
-2.080 -2.048 -2.013 -1.976 -1.936 -1.894 -1.849 -1.801 -1.751 -1.698 
-1.643 -1.586 -1.528 -1.470 -1.414 -1.360 -1.310 -1.267 -1.232 -1.205 
-1.185 -1.172 -1.162 -1.154 -1.146 -1.137 -1.126 -1.112 -1.095 -1.074 
-1.051 -1.022 -0.989 -0.950 -0.903 -0.847 -0.779 -0.698 -0.600 -0.479 
-0.332 -0.165 -0.021 0.011 -0.109 -0.314 -0.527 -0.716 -0.879 -1.022 
-1.149 -1.262 -1.364 -1.456 -1.540 -1.616 -1.687 -1.751 -1.810 -1.864 
-1.914 -1.960 -2.002 -2.040 -2.075 -2.107 -2.136 -2.161 -2.184 -2.205 
-2.186 
-2.012 -2.020 -2.033 -2.043 -2.050 -2.056 -2.059 -2.060 -2.059 -2.056 
-2.051 -2.044 -2.035 -2.024 -2.011 -1.996 -1.980 -1.962 -1.942 -1.921 
-1.898 -1.874 -1.848 -1.821 -1.794 -1.765 -1.736 -1.706 -1.676 -1.646 
-1.616 -1.585 -1.556 -1.526 -1.497 -1.469 -1.442 -1.417 -1.393 -1.371 
-1.351 -1.331 -1.310 -1.288 -1.262 -1.234 -1.201 -1.164 -1.123 -1.078 
-1.032 -0.985 -0.938 -0.890 -0.841 -0.787 -0.723 -0.644 -0.543 -0.417 
-0.264 -0.102 0.022 0.037 -0.083 -0.271 -0.464 -0.637 -0.786 -0.914 
-1.026 -1.125 -1.214 -1.295 -1.370 -1.438 -1.502 -1.560 -1.615 -1.665 
-1.712 -1.755 -1.794 -1.831 -1.864 -1.895 -1.922 -1.947 -1.969 -1.989 
-2.008 
-1.877 -1.894 -1.917 -1.938 -1.956 -1.973 -1.987 -1.999 -2.009 -2.017 
-2.023 -2.027 -2.029 -2.030 -2.028 -2.024 -2.019 -2.011 -2.002 -1.990 
-1.977 -1.962 -1.946 -1.927 -1.907 -1.885 -1.862 -1.836 -1.809 -1.781 
-1.751 -1.719 -1.685 -1.650 -1.613 -1.573 -1.531 -1.487 -1.440 -1.389 
-1.336 -1.279 -1.218 -1.154 -1.086 -1.015 -0.942 -0.868 -0.795 -0.724 
-0.659 -0.603 -0.557 -0.523 -0.500 -0.487 -0.480 -0.474 -0.465 -0.449 
-0.422 -0.384 -0.349 -0.364 -0.441 -0.537 -0.625 -0.703 -0.773 -0.840 
-0.905 -0.968 -1.031 -1.093 -1.154 -1.214 -1.273 -1.330 -1.385 -1.439 
-1.490 -1.538 -1.585 -1.629 -1.670 -1.710 -1.746 -1.781 -1.812 -1.842 
-1.867 
-1.820 -1.832 -1.850 -1.866 -1.879 -1.891 -1.901 -1.909 -1.915 -1.919 
-1.922 -1.923 -1.923 -1.920 -1.916 -1.911 -1.904 -1.895 -1.885 -1.874 
-1.861 -1.846 -1.830 -1.813 -1.795 -1.775 -1.753 -1.731 -1.707 -1.682 
-1.656 -1.629 -1.601 -1.571 -1.541 -1.509 -1.476 -1.442 -1.406 -1.369 
-1.330 -1.290 -1.247 -1.203 -1.156 -1.107 -1.056 -1.002 -0.945 -0.888 
-0.829 -0.771 -0.713 -0.656 -0.599 -0.541 -0.481 -0.418 -0.352 -0.287 
-0.230 -0.192 -0.185 -0.215 -0.278 -0.365 -0.463 -0.563 -0.661 -0.754 
-0.843 -0.927 -1.005 -1.079 -1.149 -1.214 -1.276 -1.333 -1.388 -1.439 
-1.486 -1.531 -1.573 -1.611 -1.648 -1.681 -1.712 -1.741 -1.767 -1.791 
-1.814 
-1.867 -1.881 -1.905 -1.927 -1.947 -1.964 -1.980 -1.993 -2.005 -2.014 
-2.021 -2.027 -2.031 -2.032 -2.032 -2.030 -2.027 -2.021 -2.013 -2.004 
-1.993 -1.980 -1.965 -1.948 -1.929 -1.908 -1.886 -1.861 -1.834 -1.806 
-1.775 -1.742 -1.707 -1.669 -1.629 -1.587 -1.542 -1.495 -1.444 -1.391 
-1.334 -1.275 -1.212 -1.145 -1.075 -1.003 -0.927 -0.851 -0.776 -0.704 
-0.637 -0.575 -0.517 -0.462 -0.409 -0.360 -0.315 -0.276 -0.244 -0.220 
-0.205 -0.202 -0.212 -0.237 -0.272 -0.312 -0.357 -0.414 -0.492 -0.588 
-0.689 -0.788 -0.882 -0.970 -1.052 -1.129 -1.202 -1.270 -1.334 -1.395 
-1.452 -1.505 -1.555 -1.602 -1.646 -1.688 -1.726 -1.762 -1.796 -1.827 
-1.857 
-2.018 -2.061 -2.088 -2.112 -2.134 -2.153 -2.170 -2.185 -2.198 -2.208 
-2.216 -2.221 -2.225 -2.226 -2.226 -2.223 -2.218 -2.211 -2.201 -2.190 
-2.176 -2.160 -2.141 -2.121 -2.098 -2.072 -2.044 -2.013 -1.980 -1.944 
-1.905 -1.863 -1.818 -1.770 -1.719 -1.663 -1.604 -1.542 -1.474 -1.403 
-1.327 -1.246 -1.160 -1.070 -0.975 -0.878 -0.781 -0.688 -0.605 -0.538 
-0.491 -0.464 -0.453 -0.451 -0.452 -0.451 -0.446 -0.436 -0.421 -0.400 
-0.375 -0.344 -0.308 -0.265 -0.214 -0.164 -0.130 -0.139 -0.205 -0.321 
-0.465 -0.614 -0.758 -0.891 -1.013 -1.123 -1.224 -1.317 -1.401 -1.479 
-1.551 -1.618 -1.679 -1.736 -1.789 -1.838 -1.883 -1.925 -1.963 -1.998 
-2.009 
-2.003 -2.012 -2.033 -2.052 -2.068 -2.082 -2.094 -2.103 -2.111 -2.117 
-2.120 -2.121 -2.121 -2.118 -2.113 -2.106 -2.098 -2.087 -2.074 -2.059 
-2.042 -2.023 -2.002 -1.978 -1.952 -1.925 -1.895 -1.862 -1.828 -1.791 
-1.751 -1.710 -1.666 -1.620 -1.571 -1.520 -1.467 -1.412 -1.355 -1.297 
-1.237 -1.176 -1.114 -1.052 -0.990 -0.928 -0.868 -0.810 -0.756 -0.707 
-0.665 -0.629 -0.598 -0.569 -0.538 -0.506 -0.470 -0.431 -0.390 -0.348 
-0.309 -0.279 -0.265 -0.270 -0.297 -0.339 -0.392 -0.460 -0.551 -0.661 
-0.778 -0.892 -0.998 -1.096 -1.187 -1.270 -1.347 -1.419 -1.485 -1.547 
-1.604 -1.657 -1.707 -1.753 -1.795 -1.835 -1.871 -1.905 -1.935 -1.964 
-1.994 
-2.034 -2.063 -2.085 -2.105 -2.123 -2.138 -2.151 -2.162 -2.171 -2.177 
-2.182 -2.184 -2.185 -2.183 -2.179 -2.173 -2.165 -2.155 -2.143 -2.129 
-2.112 -2.094 -2.073 -2.050 -2.025 -1.998 -1.968 -1.936 -1.901 -1.864 
-1.825 -1.783 -1.739 -1.693 -1.644 -1.592 -1.539 -1.483 -1.426 -1.367 
-1.307 -1.246 -1.184 -1.124 -1.064 -1.006 -0.950 -0.896 -0.845 -0.797 
-0.750 -0.704 -0.658 -0.612 -0.565 -0.516 -0.466 -0.414 -0.359 -0.303 
-0.248 -0.203 -0.181 -0.194 -0.247 -0.333 -0.442 -0.560 -0.678 -0.791 
-0.898 -0.998 -1.090 -1.177 -1.257 -1.333 -1.404 -1.470 -1.533 -1.592 
-1.648 -1.700 -1.749 -1.795 -1.838 -1.878 -1.916 -1.950 -1.982 -2.012 
-2.026 
-2.013 -2.029 -2.060 -2.090 -2.117 -2.141 -2.164 -2.184 -2.202 -2.219 
-2.233 -2.244 -2.254 -2.262 -2.268 -2.271 -2.273 -2.272 -2.269 -2.264 
-2.257 -2.248 -2.237 -2.224 -2.208 -2.190 -2.170 -2.147 -2.122 -2.094 
-2.064 -2.032 -1.996 -1.958 -1.918 -1.874 -1.828 -1.779 -1.728 -1.673 
-1.617 -1.558 -1.497 -1.435 -1.371 -1.306 -1.239 -1.172 -1.102 -1.030 
-0.956 -0.880 -0.804 -0.732 -0.667 -0.614 -0.577 -0.556 -0.548 -0.549 
-0.553 -0.559 -0.571 -0.596 -0.636 -0.686 -0.738 -0.789 -0.839 -0.890 
-0.944 -1.002 -1.062 -1.123 -1.184 -1.244 -1.305 -1.364 -1.423 -1.480 
-1.536 -1.591 -1.644 -1.696 -1.745 -1.792 -1.837 -1.880 -1.921 -1.959 
-1.999 
-2.089 -2.130 -2.160 -2.187 -2.212 -2.235 -2.255 -2.273 -2.288 -2.301 
-2.312 -2.320 -2.326 -2.330 -2.332 -2.331 -2.329 -2.324 -2.317 -2.307 
-2.296 -2.282 -2.266 -2.247 -2.226 -2.203 -2.177 -2.149 -2.118 -2.084 
-2.048 -2.009 -1.968 -1.923 -1.876 -1.827 -1.775 -1.720 -1.664 -1.606 
-1.547 -1.487 -1.428 -1.371 -1.317 -1.267 -1.221 -1.180 -1.142 -1.108 
-1.075 -1.043 -1.009 -0.975 -0.942 -0.912 -0.889 -0.872 -0.861 -0.852 
-0.844 -0.832 -0.816 -0.794 -0.768 -0.740 -0.716 -0.700 -0.702 -0.727 
-0.776 -0.844 -0.926 -1.016 -1.107 -1.197 -1.285 -1.368 -1.447 -1.523 
-1.593 -1.660 -1.723 -1.781 -1.836 -1.888 -1.936 -1.981 -2.022 -2.061 
-2.080 
-2.097 -2.110 -2.145 -2.177 -2.206 -2.233 -2.258 -2.280 -2.300 -2.317 
-2.333 -2.346 -2.356 -2.365 -2.371 -2.375 -2.377 -2.377 -2.375 -2.371 
-2.364 -2.355 -2.344 -2.331 -2.315 -2.297 -2.277 -2.254 -2.229 -2.202 
-2.171 -2.139 -2.103 -2.065 -2.024 -1.980 -1.933 -1.884 -1.832 -1.777 
-1.720 -1.662 -1.601 -1.540 -1.477 -1.414 -1.350 -1.286 -1.220 -1.153 
-1.084 -1.015 -0.947 -0.882 -0.823 -0.774 -0.735 -0.708 -0.690 -0.679 
-0.673 -0.670 -0.666 -0.662 -0.657 -0.655 -0.660 -0.676 -0.702 -0.738 
-0.786 -0.844 -0.910 -0.982 -1.059 -1.138 -1.218 -1.298 -1.376 -1.452 
-1.525 -1.594 -1.661 -1.724 -1.783 -1.839 -1.892 -1.942 -1.988 -2.032 
-2.081 
-2.317 -2.368 -2.395 -2.419 -2.441 -2.460 -2.477 -2.492 -2.504 -2.514 
-2.522 -2.527 -2.530 -2.531 -2.530 -2.526 -2.521 -2.513 -2.502 -2.490 
-2.475 -2.458 -2.439 -2.417 -2.393 -2.366 -2.337 -2.305 -2.270 -2.233 
-2.193 -2.151 -2.106 -2.058 -2.007 -1.954 -1.898 -1.840 -1.781 -1.720 
-1.659 -1.599 -1.540 -1.483 -1.431 -1.382 -1.338 -1.299 -1.264 -1.232 
-1.202 -1.172 -1.142 -1.111 -1.081 -1.050 -1.020 -0.991 -0.960 -0.928 
-0.890 -0.848 -0.800 -0.752 -0.710 -0.686 -0.694 -0.737 -0.812 -0.905 
-1.007 -1.109 -1.208 -1.304 -1.397 -1.485 -1.570 -1.650 -1.726 -1.798 
-1.865 -1.929 -1.988 -2.044 -2.096 -2.144 -2.189 -2.231 -2.270 -2.305 
-2.310 
-2.354 -2.378 -2.406 -2.432 -2.455 -2.476 -2.495 -2.511 -2.525 -2.537 
-2.547 -2.555 -2.560 -2.563 -2.564 -2.564 -2.561 -2.555 -2.548 -2.539 
-2.527 -2.514 -2.498 -2.480 -2.460 -2.437 -2.412 -2.385 -2.355 -2.323 
-2.288 -2.251 -2.211 -2.168 -2.123 -2.075 -2.024 -1.970 -1.914 -1.855 
-1.793 -1.730 -1.664 -1.598 -1.530 -1.463 -1.397 -1.334 -1.276 -1.227 
-1.186 -1.155 -1.130 -1.110 -1.094 -1.079 -1.064 -1.050 -1.034 -1.017 
-0.998 -0.978 -0.957 -0.937 -0.920 -0.913 -0.920 -0.944 -0.982 -1.029 
-1.084 -1.147 -1.222 -1.305 -1.392 -1.480 -1.566 -1.648 -1.725 -1.799 
-1.867 -1.931 -1.992 -2.048 -2.100 -2.149 -2.195 -2.237 -2.277 -2.313 
-2.343 
-2.350 -2.370 -2.404 -2.434 -2.462 -2.487 -2.510 -2.530 -2.547 -2.562 
-2.574 -2.584 -2.591 -2.596 -2.599 -2.600 -2.598 -2.594 -2.587 -2.578 
-2.567 -2.554 -2.537 -2.519 -2.498 -2.474 -2.447 -2.418 -2.385 -2.350 
-2.311 -2.269 -2.223 -2.173 -2.119 -2.061 -1.998 -1.930 -1.856 -1.776 
-1.690 -1.597 -1.498 -1.396 -1.297 -1.208 -1.134 -1.075 -1.028 -0.994 
-0.978 -0.979 -0.995 -1.020 -1.047 -1.074 -1.097 -1.115 -1.126 -1.130 
-1.127 -1.118 -1.101 -1.078 -1.049 -1.015 -0.977 -0.937 -0.902 -0.877 
-0.872 -0.896 -0.951 -1.033 -1.133 -1.242 -1.351 -1.457 -1.558 -1.653 
-1.741 -1.823 -1.898 -1.969 -2.034 -2.094 -2.150 -2.201 -2.249 -2.292 
-2.335 
-2.475 -2.515 -2.544 -2.570 -2.592 -2.612 -2.630 -2.645 -2.657 -2.667 
-2.674 -2.679 -2.682 -2.682 -2.680 -2.675 -2.668 -2.659 -2.647 -2.632 
-2.615 -2.595 -2.572 -2.547 -2.518 -2.487 -2.452 -2.414 -2.372 -2.327 
-2.277 -2.223 -2.165 -2.101 -2.031 -1.956 -1.874 -1.785 -1.687 -1.581 
-1.467 -1.345 -1.220 -1.099 -0.996 -0.926 -0.901 -0.916 -0.958 -1.011 
-1.066 -1.119 -1.169 -1.214 -1.253 -1.284 -1.307 -1.322 -1.329 -1.327 
-1.318 -1.301 -1.276 -1.245 -1.210 -1.172 -1.137 -1.108 -1.094 -1.099 
-1.127 -1.179 -1.252 -1.340 -1.437 -1.535 -1.632 -1.725 -1.812 -1.894 
-1.970 -2.041 -2.107 -2.168 -2.225 -2.277 -2.326 -2.371 -2.412 -2.450 
-2.466 
-2.448 -2.473 -2.498 -2.521 -2.542 -2.560 -2.576 -2.589 -2.600 -2.609 
-2.616 -2.621 -2.624 -2.624 -2.622 -2.618 -2.612 -2.604 -2.593 -2.580 
-2.565 -2.547 -2.527 -2.505 -2.479 -2.451 -2.421 -2.387 -2.350 -2.310 
-2.267 -2.220 -2.169 -2.114 -2.054 -1.990 -1.921 -1.846 -1.765 -1.679 
-1.587 -1.490 -1.390 -1.291 -1.201 -1.130 -1.085 -1.068 -1.075 -1.097 
-1.129 -1.163 -1.196 -1.225 -1.249 -1.269 -1.286 -1.301 -1.315 -1.326 
-1.336 -1.343 -1.346 -1.346 -1.344 -1.340 -1.337 -1.338 -1.347 -1.368 
-1.401 -1.445 -1.499 -1.560 -1.625 -1.692 -1.759 -1.826 -1.891 -1.953 
-2.013 -2.070 -2.123 -2.174 -2.222 -2.266 -2.308 -2.346 -2.382 -2.415 
-2.438 
-2.398 -2.401 -2.420 -2.437 -2.452 -2.466 -2.478 -2.488 -2.497 -2.504 
-2.509 -2.512 -2.514 -2.514 -2.513 -2.510 -2.505 -2.498 -2.490 -2.480 
-2.468 -2.454 -2.439 -2.422 -2.402 -2.381 -2.358 -2.333 -2.306 -2.276 
-2.244 -2.210 -2.173 -2.133 -2.091 -2.046 -1.997 -1.945 -1.889 -1.830 
-1.767 -1.701 -1.633 -1.566 -1.502 -1.444 -1.395 -1.353 -1.318 -1.285 
-1.253 -1.219 -1.184 -1.152 -1.124 -1.104 -1.094 -1.095 -1.108 -1.131 
-1.162 -1.199 -1.240 -1.283 -1.326 -1.369 -1.411 -1.452 -1.494 -1.537 
-1.582 -1.629 -1.678 -1.729 -1.780 -1.832 -1.882 -1.931 -1.978 -2.023 
-2.066 -2.107 -2.146 -2.182 -2.217 -2.249 -2.279 -2.307 -2.333 -2.358 
-2.390 
-2.533 -2.573 -2.597 -2.619 -2.639 -2.656 -2.671 -2.683 -2.693 -2.702 
-2.708 -2.711 -2.713 -2.713 -2.710 -2.705 -2.698 -2.688 -2.677 -2.663 
-2.646 -2.627 -2.606 -2.582 -2.555 -2.526 -2.493 -2.458 -2.419 -2.377 
-2.331 -2.281 -2.227 -2.169 -2.106 -2.038 -1.964 -1.885 -1.801 -1.712 
-1.619 -1.524 -1.433 -1.351 -1.289 -1.257 -1.255 -1.275 -1.307 -1.342 
-1.375 -1.404 -1.426 -1.442 -1.453 -1.462 -1.470 -1.479 -1.488 -1.499 
-1.509 -1.518 -1.524 -1.528 -1.529 -1.529 -1.530 -1.534 -1.544 -1.562 
-1.589 -1.626 -1.672 -1.724 -1.782 -1.842 -1.903 -1.963 -2.023 -2.081 
-2.136 -2.189 -2.240 -2.288 -2.333 -2.375 -2.415 -2.452 -2.486 -2.518 
-2.525 
-2.526 -2.539 -2.564 -2.587 -2.608 -2.626 -2.641 -2.655 -2.666 -2.675 
-2.681 -2.685 -2.687 -2.686 -2.683 -2.677 -2.670 -2.659 -2.647 -2.631 
-2.614 -2.593 -2.571 -2.545 -2.517 -2.485 -2.451 -2.414 -2.373 -2.329 
-2.281 -2.229 -2.173 -2.112 -2.046 -1.974 -1.896 -1.809 -1.715 -1.611 
-1.499 -1.381 -1.263 -1.160 -1.091 -1.071 -1.102 -1.168 -1.249 -1.330 
-1.404 -1.468 -1.521 -1.564 -1.597 -1.624 -1.644 -1.660 -1.674 -1.688 
-1.702 -1.717 -1.733 -1.747 -1.760 -1.770 -1.779 -1.787 -1.795 -1.805 
-1.817 -1.833 -1.853 -1.876 -1.903 -1.934 -1.967 -2.004 -2.043 -2.085 
-2.128 -2.171 -2.214 -2.257 -2.299 -2.339 -2.378 -2.414 -2.449 -2.481 
-2.514 
-2.580 -2.596 -2.609 -2.620 -2.629 -2.636 -2.641 -2.643 -2.644 -2.642 
-2.638 -2.633 -2.625 -2.615 -2.603 -2.589 -2.574 -2.556 -2.536 -2.514 
-2.491 -2.465 -2.438 -2.408 -2.377 -2.343 -2.308 -2.272 -2.233 -2.193 
-2.152 -2.109 -2.065 -2.020 -1.973 -1.926 -1.877 -1.826 -1.774 -1.720 
-1.663 -1.605 -1.545 -1.490 -1.448 -1.428 -1.430 -1.442 -1.453 -1.457 
-1.455 -1.446 -1.432 -1.415 -1.397 -1.380 -1.365 -1.355 -1.353 -1.360 
-1.377 -1.405 -1.442 -1.486 -1.534 -1.583 -1.632 -1.677 -1.720 -1.761 
-1.803 -1.847 -1.895 -1.946 -1.998 -2.051 -2.102 -2.152 -2.199 -2.244 
-2.287 -2.328 -2.366 -2.402 -2.435 -2.465 -2.493 -2.518 -2.541 -2.562 
-2.576 
-2.645 -2.669 -2.693 -2.715 -2.733 -2.749 -2.762 -2.773 -2.781 -2.787 
-2.791 -2.792 -2.790 -2.786 -2.780 -2.771 -2.760 -2.747 -2.731 -2.713 
-2.692 -2.668 -2.642 -2.614 -2.582 -2.548 -2.510 -2.470 -2.427 -2.380 
-2.330 -2.276 -2.218 -2.157 -2.091 -2.022 -1.948 -1.871 -1.791 -1.711 
-1.633 -1.561 -1.501 -1.456 -1.428 -1.417 -1.425 -1.448 -1.481 -1.518 
-1.553 -1.584 -1.609 -1.628 -1.641 -1.648 -1.651 -1.651 -1.649 -1.647 
-1.643 -1.638 -1.630 -1.619 -1.603 -1.583 -1.561 -1.540 -1.524 -1.518 
-1.528 -1.556 -1.601 -1.661 -1.731 -1.808 -1.887 -1.965 -2.041 -2.113 
-2.181 -2.245 -2.305 -2.360 -2.411 -2.459 -2.502 -2.542 -2.579 -2.612 
-2.635 
-2.680 -2.702 -2.728 -2.752 -2.773 -2.792 -2.808 -2.822 -2.833 -2.842 
-2.848 -2.852 -2.854 -2.853 -2.850 -2.844 -2.836 -2.826 -2.813 -2.797 
-2.779 -2.758 -2.735 -2.709 -2.680 -2.647 -2.612 -2.573 -2.531 -2.485 
-2.435 -2.381 -2.322 -2.259 -2.190 -2.116 -2.037 -1.951 -1.860 -1.763 
-1.662 -1.558 -1.455 -1.358 -1.276 -1.218 -1.192 -1.200 -1.235 -1.286 
-1.344 -1.401 -1.454 -1.500 -1.539 -1.570 -1.593 -1.609 -1.618 -1.621 
-1.618 -1.609 -1.595 -1.579 -1.560 -1.541 -1.526 -1.516 -1.515 -1.525 
-1.550 -1.589 -1.641 -1.704 -1.773 -1.847 -1.921 -1.995 -2.068 -2.137 
-2.203 -2.266 -2.325 -2.380 -2.432 -2.480 -2.525 -2.566 -2.605 -2.640 
-2.669 
-2.749 -2.772 -2.800 -2.825 -2.847 -2.867 -2.884 -2.898 -2.910 -2.920 
-2.927 -2.931 -2.933 -2.933 -2.930 -2.925 -2.917 -2.907 -2.894 -2.879 
-2.861 -2.840 -2.817 -2.790 -2.761 -2.728 -2.692 -2.653 -2.610 -2.563 
-2.513 -2.457 -2.398 -2.333 -2.263 -2.188 -2.107 -2.021 -1.931 -1.838 
-1.746 -1.657 -1.574 -1.501 -1.444 -1.410 -1.401 -1.419 -1.456 -1.504 
-1.556 -1.607 -1.654 -1.695 -1.729 -1.757 -1.777 -1.791 -1.798 -1.799 
-1.794 -1.783 -1.766 -1.745 -1.720 -1.692 -1.662 -1.632 -1.605 -1.587 
-1.587 -1.613 -1.664 -1.731 -1.805 -1.882 -1.960 -2.037 -2.112 -2.184 
-2.253 -2.318 -2.380 -2.437 -2.491 -2.542 -2.588 -2.631 -2.671 -2.708 
-2.738 
-2.859 -2.887 -2.915 -2.940 -2.962 -2.980 -2.996 -3.010 -3.020 -3.028 
-3.033 -3.035 -3.035 -3.032 -3.027 -3.019 -3.008 -2.994 -2.978 -2.959 
-2.937 -2.911 -2.883 -2.851 -2.816 -2.777 -2.734 -2.687 -2.636 -2.580 
-2.519 -2.453 -2.382 -2.304 -2.221 -2.132 -2.038 -1.942 -1.847 -1.759 
-1.686 -1.635 -1.608 -1.598 -1.596 -1.590 -1.578 -1.590 -1.648 -1.728 
-1.802 -1.864 -1.914 -1.952 -1.980 -1.999 -2.009 -2.012 -2.006 -1.992 
-1.969 -1.938 -1.898 -1.848 -1.788 -1.718 -1.637 -1.549 -1.463 -1.394 
-1.365 -1.391 -1.467 -1.575 -1.695 -1.815 -1.929 -2.037 -2.136 -2.228 
-2.313 -2.391 -2.462 -2.528 -2.588 -2.643 -2.694 -2.740 -2.782 -2.821 
-2.848 
-2.942 -2.979 -3.014 -3.045 -3.073 -3.098 -3.120 -3.139 -3.155 -3.169 
-3.180 -3.188 -3.194 -3.197 -3.197 -3.195 -3.191 -3.183 -3.174 -3.161 
-3.146 -3.127 -3.106 -3.082 -3.055 -3.025 -2.991 -2.953 -2.912 -2.866 
-2.816 -2.762 -2.702 -2.637 -2.566 -2.489 -2.406 -2.316 -2.222 -2.123 
-2.022 -1.919 -1.807 -1.678 -1.529 -1.372 -1.245 -1.199 -1.248 -1.357 
-1.480 -1.593 -1.690 -1.771 -1.836 -1.887 -1.926 -1.954 -1.972 -1.979 
-1.977 -1.966 -1.945 -1.915 -1.876 -1.830 -1.779 -1.728 -1.684 -1.652 
-1.642 -1.657 -1.695 -1.747 -1.810 -1.885 -1.970 -2.060 -2.152 -2.243 
-2.330 -2.413 -2.491 -2.564 -2.632 -2.694 -2.752 -2.806 -2.855 -2.900 
-2.928 
-2.950 -2.966 -2.995 -3.022 -3.045 -3.066 -3.085 -3.100 -3.114 -3.124 
-3.133 -3.138 -3.142 -3.143 -3.142 -3.138 -3.132 -3.123 -3.112 -3.099 
-3.083 -3.064 -3.043 -3.019 -2.992 -2.962 -2.929 -2.893 -2.854 -2.811 
-2.765 -2.714 -2.659 -2.600 -2.536 -2.467 -2.393 -2.312 -2.225 -2.131 
-2.031 -1.923 -1.810 -1.691 -1.571 -1.454 -1.357 -1.301 -1.296 -1.327 
-1.376 -1.432 -1.488 -1.539 -1.582 -1.615 -1.638 -1.651 -1.654 -1.647 
-1.630 -1.603 -1.566 -1.521 -1.470 -1.417 -1.371 -1.342 -1.339 -1.369 
-1.432 -1.521 -1.623 -1.731 -1.839 -1.944 -2.046 -2.142 -2.234 -2.319 
-2.399 -2.473 -2.542 -2.606 -2.665 -2.719 -2.769 -2.816 -2.858 -2.897 
-2.938 
-3.034 -3.081 -3.107 -3.130 -3.150 -3.168 -3.183 -3.196 -3.206 -3.213 
-3.219 -3.222 -3.222 -3.220 -3.216 -3.209 -3.200 -3.188 -3.174 -3.158 
-3.139 -3.117 -3.092 -3.065 -3.035 -3.001 -2.965 -2.925 -2.882 -2.835 
-2.784 -2.730 -2.671 -2.607 -2.539 -2.466 -2.389 -2.306 -2.218 -2.127 
-2.033 -1.938 -1.847 -1.761 -1.686 -1.622 -1.573 -1.544 -1.541 -1.565 
-1.605 -1.650 -1.692 -1.728 -1.754 -1.772 -1.779 -1.776 -1.763 -1.740 
-1.707 -1.664 -1.612 -1.556 -1.500 -1.454 -1.432 -1.443 -1.489 -1.564 
-1.659 -1.764 -1.871 -1.976 -2.076 -2.172 -2.263 -2.348 -2.429 -2.504 
-2.575 -2.641 -2.702 -2.759 -2.812 -2.861 -2.906 -2.947 -2.985 -3.020 
-3.027 
-2.857 -2.891 -2.924 -2.954 -2.982 -3.008 -3.030 -3.050 -3.068 -3.083 
-3.095 -3.105 -3.113 -3.118 -3.121 -3.122 -3.120 -3.115 -3.108 -3.099 
-3.087 -3.072 -3.055 -3.035 -3.012 -2.987 -2.958 -2.926 -2.891 -2.852 
-2.810 -2.764 -2.713 -2.658 -2.599 -2.534 -2.464 -2.387 -2.305 -2.215 
-2.118 -2.013 -1.902 -1.783 -1.661 -1.540 -1.432 -1.353 -1.319 -1.333 
-1.385 -1.458 -1.538 -1.614 -1.682 -1.740 -1.786 -1.823 -1.849 -1.865 
-1.872 -1.871 -1.860 -1.843 -1.821 -1.798 -1.782 -1.778 -1.785 -1.800 
-1.820 -1.844 -1.876 -1.917 -1.967 -2.025 -2.088 -2.153 -2.220 -2.285 
-2.349 -2.411 -2.471 -2.528 -2.583 -2.635 -2.684 -2.731 -2.775 -2.816 
-2.845 
-2.713 -2.726 -2.762 -2.796 -2.829 -2.859 -2.887 -2.913 -2.936 -2.958 
-2.976 -2.993 -3.007 -3.019 -3.028 -3.035 -3.040 -3.043 -3.043 -3.040 
-3.036 -3.028 -3.019 -3.006 -2.992 -2.974 -2.954 -2.930 -2.904 -2.875 
-2.842 -2.806 -2.766 -2.722 -2.674 -2.622 -2.564 -2.502 -2.433 -2.358 
-2.276 -2.186 -2.087 -1.980 -1.864 -1.743 -1.622 -1.513 -1.430 -1.387 
-1.388 -1.432 -1.504 -1.589 -1.675 -1.756 -1.829 -1.894 -1.949 -1.996 
-2.036 -2.068 -2.094 -2.113 -2.128 -2.137 -2.142 -2.145 -2.145 -2.144 
-2.144 -2.147 -2.152 -2.162 -2.174 -2.189 -2.206 -2.225 -2.247 -2.272 
-2.300 -2.331 -2.365 -2.402 -2.441 -2.482 -2.523 -2.565 -2.607 -2.648 
-2.697 
-2.883 -2.913 -2.945 -2.976 -3.004 -3.030 -3.054 -3.076 -3.095 -3.113 
-3.128 -3.141 -3.151 -3.160 -3.166 -3.170 -3.172 -3.172 -3.169 -3.164 
-3.157 -3.148 -3.136 -3.122 -3.105 -3.085 -3.063 -3.038 -3.011 -2.980 
-2.946 -2.909 -2.868 -2.823 -2.775 -2.722 -2.664 -2.601 -2.532 -2.457 
-2.374 -2.283 -2.182 -2.068 -1.942 -1.808 -1.693 -1.617 -1.557 -1.509 
-1.487 -1.501 -1.546 -1.611 -1.685 -1.758 -1.827 -1.890 -1.945 -1.993 
-2.034 -2.068 -2.096 -2.117 -2.134 -2.144 -2.149 -2.148 -2.140 -2.126 
-2.110 -2.104 -2.122 -2.162 -2.212 -2.260 -2.305 -2.347 -2.387 -2.428 
-2.469 -2.511 -2.554 -2.597 -2.640 -2.682 -2.724 -2.765 -2.804 -2.842 
-2.872 
-3.201 -3.269 -3.299 -3.326 -3.351 -3.373 -3.392 -3.408 -3.422 -3.434 
-3.443 -3.450 -3.455 -3.457 -3.457 -3.454 -3.449 -3.441 -3.432 -3.419 
-3.405 -3.387 -3.367 -3.345 -3.319 -3.291 -3.260 -3.226 -3.188 -3.148 
-3.103 -3.055 -3.003 -2.946 -2.884 -2.817 -2.744 -2.664 -2.575 -2.477 
-2.366 -2.239 -2.093 -1.923 -1.737 -1.567 -1.473 -1.491 -1.586 -1.694 
-1.783 -1.858 -1.927 -1.990 -2.047 -2.096 -2.137 -2.169 -2.194 -2.211 
-2.222 -2.226 -2.222 -2.211 -2.190 -2.157 -2.111 -2.051 -1.976 -1.895 
-1.824 -1.789 -1.814 -1.898 -2.021 -2.156 -2.286 -2.406 -2.513 -2.608 
-2.694 -2.772 -2.842 -2.907 -2.966 -3.021 -3.071 -3.118 -3.160 -3.200 
-3.193 
-3.133 -3.135 -3.153 -3.168 -3.181 -3.192 -3.201 -3.208 -3.212 -3.215 
-3.215 -3.214 -3.210 -3.205 -3.197 -3.187 -3.175 -3.161 -3.145 -3.126 
-3.106 -3.083 -3.057 -3.029 -2.999 -2.967 -2.931 -2.893 -2.853 -2.809 
-2.763 -2.714 -2.662 -2.607 -2.549 -2.488 -2.425 -2.360 -2.293 -2.227 
-2.161 -2.097 -2.035 -1.973 -1.906 -1.835 -1.784 -1.785 -1.814 -1.841 
-1.860 -1.875 -1.887 -1.898 -1.908 -1.917 -1.925 -1.934 -1.942 -1.950 
-1.960 -1.971 -1.985 -2.000 -2.019 -2.039 -2.063 -2.087 -2.110 -2.128 
-2.142 -2.163 -2.209 -2.282 -2.368 -2.453 -2.530 -2.600 -2.664 -2.721 
-2.774 -2.822 -2.867 -2.908 -2.946 -2.981 -3.013 -3.042 -3.069 -3.094 
-3.126 
-3.149 -3.173 -3.193 -3.211 -3.225 -3.238 -3.247 -3.255 -3.260 -3.263 
-3.263 -3.261 -3.257 -3.250 -3.241 -3.230 -3.216 -3.199 -3.180 -3.159 
-3.135 -3.108 -3.078 -3.045 -3.009 -2.970 -2.928 -2.882 -2.833 -2.780 
-2.723 -2.661 -2.596 -2.526 -2.452 -2.375 -2.295 -2.213 -2.131 -2.052 
-1.978 -1.912 -1.856 -1.811 -1.787 -1.796 -1.831 -1.876 -1.919 -1.957 
-1.989 -2.015 -2.035 -2.050 -2.060 -2.064 -2.064 -2.059 -2.049 -2.036 
-2.019 -1.999 -1.979 -1.960 -1.946 -1.939 -1.943 -1.960 -1.989 -2.029 
-2.077 -2.134 -2.197 -2.267 -2.341 -2.417 -2.492 -2.564 -2.632 -2.696 
-2.756 -2.811 -2.863 -2.910 -2.955 -2.995 -3.032 -3.066 -3.097 -3.126 
-3.142 
-3.167 -3.186 -3.215 -3.242 -3.265 -3.286 -3.303 -3.318 -3.331 -3.340 
-3.347 -3.351 -3.353 -3.352 -3.349 -3.343 -3.334 -3.322 -3.308 -3.292 
-3.272 -3.249 -3.223 -3.195 -3.163 -3.127 -3.088 -3.045 -2.997 -2.946 
-2.889 -2.828 -2.761 -2.687 -2.607 -2.519 -2.423 -2.317 -2.200 -2.070 
-1.928 -1.779 -1.645 -1.548 -1.499 -1.511 -1.580 -1.682 -1.789 -1.889 
-1.975 -2.048 -2.108 -2.156 -2.193 -2.222 -2.241 -2.252 -2.255 -2.251 
-2.240 -2.222 -2.199 -2.170 -2.138 -2.103 -2.067 -2.030 -1.996 -1.967 
-1.949 -1.949 -1.969 -2.012 -2.074 -2.152 -2.241 -2.334 -2.426 -2.514 
-2.598 -2.676 -2.748 -2.814 -2.876 -2.933 -2.985 -3.033 -3.076 -3.116 
-3.154 
-3.284 -3.316 -3.349 -3.378 -3.404 -3.427 -3.446 -3.462 -3.476 -3.486 
-3.494 -3.498 -3.500 -3.499 -3.496 -3.490 -3.480 -3.468 -3.453 -3.435 
-3.414 -3.390 -3.363 -3.332 -3.297 -3.259 -3.216 -3.169 -3.118 -3.061 
-2.999 -2.931 -2.855 -2.772 -2.679 -2.577 -2.461 -2.331 -2.183 -2.016 
-1.838 -1.678 -1.591 -1.604 -1.685 -1.795 -1.912 -2.026 -2.127 -2.213 
-2.285 -2.343 -2.389 -2.425 -2.450 -2.467 -2.476 -2.477 -2.472 -2.461 
-2.448 -2.433 -2.418 -2.406 -2.395 -2.382 -2.362 -2.333 -2.294 -2.246 
-2.193 -2.142 -2.101 -2.080 -2.092 -2.141 -2.221 -2.320 -2.427 -2.533 
-2.634 -2.727 -2.813 -2.892 -2.964 -3.030 -3.090 -3.145 -3.194 -3.239 
-3.270 
-3.387 -3.415 -3.433 -3.447 -3.459 -3.469 -3.476 -3.480 -3.483 -3.482 
-3.480 -3.474 -3.467 -3.457 -3.445 -3.430 -3.412 -3.392 -3.370 -3.344 
-3.316 -3.285 -3.251 -3.214 -3.174 -3.130 -3.083 -3.032 -2.977 -2.918 
-2.855 -2.788 -2.716 -2.639 -2.558 -2.472 -2.382 -2.289 -2.194 -2.099 
-2.005 -1.919 -1.865 -1.865 -1.897 -1.935 -1.973 -2.009 -2.042 -2.070 
-2.092 -2.108 -2.117 -2.119 -2.115 -2.105 -2.089 -2.068 -2.044 -2.019 
-1.997 -1.981 -1.978 -1.990 -2.020 -2.068 -2.129 -2.198 -2.270 -2.339 
-2.400 -2.449 -2.488 -2.523 -2.566 -2.625 -2.697 -2.776 -2.854 -2.927 
-2.994 -3.055 -3.111 -3.161 -3.206 -3.246 -3.283 -3.316 -3.345 -3.372 
-3.382 
-3.341 -3.355 -3.372 -3.386 -3.398 -3.407 -3.414 -3.419 -3.421 -3.420 
-3.418 -3.413 -3.406 -3.396 -3.384 -3.369 -3.352 -3.333 -3.311 -3.287 
-3.260 -3.230 -3.197 -3.162 -3.124 -3.082 -3.038 -2.991 -2.940 -2.886 
-2.829 -2.769 -2.707 -2.641 -2.574 -2.505 -2.435 -2.367 -2.300 -2.237 
-2.179 -2.127 -2.081 -2.045 -2.025 -2.029 -2.053 -2.084 -2.113 -2.136 
-2.153 -2.164 -2.169 -2.168 -2.161 -2.148 -2.130 -2.108 -2.083 -2.056 
-2.031 -2.010 -1.999 -2.000 -2.017 -2.050 -2.097 -2.154 -2.215 -2.277 
-2.335 -2.390 -2.442 -2.498 -2.560 -2.628 -2.699 -2.770 -2.838 -2.903 
-2.962 -3.017 -3.067 -3.113 -3.155 -3.193 -3.228 -3.259 -3.288 -3.313 
-3.335 
-3.309 -3.335 -3.367 -3.395 -3.420 -3.443 -3.462 -3.478 -3.492 -3.502 
-3.510 -3.516 -3.519 -3.519 -3.516 -3.511 -3.503 -3.493 -3.480 -3.464 
-3.445 -3.423 -3.399 -3.371 -3.340 -3.306 -3.269 -3.228 -3.183 -3.134 
-3.081 -3.023 -2.961 -2.893 -2.820 -2.741 -2.656 -2.563 -2.462 -2.351 
-2.230 -2.102 -1.974 -1.865 -1.800 -1.796 -1.847 -1.928 -2.018 -2.105 
-2.183 -2.249 -2.303 -2.347 -2.381 -2.405 -2.421 -2.428 -2.429 -2.423 
-2.412 -2.398 -2.381 -2.365 -2.348 -2.329 -2.307 -2.279 -2.245 -2.207 
-2.170 -2.142 -2.132 -2.147 -2.190 -2.257 -2.340 -2.432 -2.526 -2.618 
-2.706 -2.789 -2.866 -2.938 -3.004 -3.064 -3.120 -3.171 -3.218 -3.261 
-3.295 
-3.327 -3.354 -3.388 -3.418 -3.445 -3.470 -3.491 -3.510 -3.526 -3.540 
-3.550 -3.558 -3.564 -3.567 -3.568 -3.566 -3.561 -3.554 -3.545 -3.533 
-3.518 -3.500 -3.480 -3.456 -3.430 -3.401 -3.368 -3.332 -3.292 -3.249 
-3.201 -3.149 -3.093 -3.031 -2.964 -2.891 -2.811 -2.724 -2.630 -2.527 
-2.416 -2.298 -2.178 -2.064 -1.970 -1.909 -1.886 -1.903 -1.953 -2.021 
-2.096 -2.167 -2.231 -2.287 -2.334 -2.373 -2.403 -2.424 -2.438 -2.444 
-2.442 -2.434 -2.417 -2.394 -2.364 -2.327 -2.284 -2.237 -2.189 -2.144 
-2.110 -2.094 -2.104 -2.141 -2.201 -2.277 -2.364 -2.456 -2.548 -2.637 
-2.723 -2.804 -2.879 -2.950 -3.015 -3.076 -3.133 -3.185 -3.233 -3.277 
-3.314 
-3.433 -3.456 -3.489 -3.518 -3.545 -3.568 -3.589 -3.607 -3.622 -3.635 
-3.645 -3.652 -3.657 -3.659 -3.659 -3.656 -3.651 -3.643 -3.632 -3.619 
-3.604 -3.585 -3.564 -3.540 -3.512 -3.482 -3.448 -3.411 -3.370 -3.325 
-3.276 -3.223 -3.165 -3.101 -3.032 -2.956 -2.873 -2.783 -2.684 -2.576 
-2.460 -2.337 -2.209 -2.079 -1.953 -1.843 -1.772 -1.761 -1.808 -1.891 
-1.986 -2.077 -2.157 -2.224 -2.279 -2.323 -2.355 -2.377 -2.389 -2.391 
-2.385 -2.370 -2.346 -2.314 -2.275 -2.230 -2.179 -2.123 -2.066 -2.014 
-1.981 -1.978 -2.015 -2.089 -2.188 -2.299 -2.414 -2.525 -2.630 -2.729 
-2.821 -2.905 -2.983 -3.055 -3.121 -3.182 -3.238 -3.290 -3.337 -3.380 
-3.419 
-3.605 -3.660 -3.685 -3.707 -3.727 -3.743 -3.757 -3.768 -3.777 -3.783 
-3.786 -3.787 -3.785 -3.781 -3.774 -3.765 -3.753 -3.739 -3.721 -3.701 
-3.679 -3.653 -3.624 -3.592 -3.557 -3.518 -3.475 -3.429 -3.378 -3.323 
-3.262 -3.197 -3.126 -3.048 -2.964 -2.872 -2.772 -2.664 -2.548 -2.426 
-2.302 -2.185 -2.087 -2.022 -1.999 -2.008 -2.037 -2.084 -2.151 -2.226 
-2.296 -2.356 -2.405 -2.443 -2.470 -2.487 -2.495 -2.493 -2.483 -2.466 
-2.441 -2.411 -2.377 -2.342 -2.311 -2.287 -2.274 -2.271 -2.275 -2.278 
-2.283 -2.302 -2.350 -2.433 -2.538 -2.652 -2.763 -2.867 -2.964 -3.051 
-3.131 -3.204 -3.271 -3.332 -3.388 -3.438 -3.485 -3.527 -3.566 -3.600 
-3.599 
-3.493 -3.495 -3.526 -3.554 -3.578 -3.599 -3.618 -3.633 -3.646 -3.656 
-3.663 -3.667 -3.669 -3.668 -3.665 -3.659 -3.650 -3.638 -3.624 -3.607 
-3.587 -3.563 -3.537 -3.508 -3.475 -3.438 -3.398 -3.353 -3.305 -3.251 
-3.193 -3.128 -3.058 -2.981 -2.896 -2.803 -2.700 -2.587 -2.462 -2.326 
-2.182 -2.039 -1.916 -1.840 -1.829 -1.882 -1.973 -2.077 -2.177 -2.267 
-2.344 -2.409 -2.462 -2.504 -2.536 -2.559 -2.573 -2.579 -2.576 -2.565 
-2.546 -2.520 -2.486 -2.444 -2.397 -2.343 -2.282 -2.214 -2.138 -2.058 
-1.989 -1.953 -1.967 -2.035 -2.144 -2.273 -2.406 -2.533 -2.650 -2.758 
-2.856 -2.945 -3.025 -3.099 -3.166 -3.227 -3.283 -3.334 -3.380 -3.422 
-3.471 
