IRGRID 64 91
1e+308

0.025 0.03 0.035 0.04 0.045 0.05 0.055 0.06 0.065 0.07
0.075 0.08 0.085 0.09 0.095 0.1 0.11 0.12 0.13 0.14
0.15 0.16 0.17 0.18 0.19 0.2 0.21 0.22 0.23 0.24
0.25 0.26 0.27 0.28 0.29 0.3 0.31 0.32 0.33 0.34
0.35 0.36 0.37 0.38 0.39 0.4 0.41 0.42 0.43 0.44
0.45 0.46 0.47 0.48 0.49 0.5 0.51 0.52 0.53 0.54
0.55 0.56 0.57 0.58
0 4 8 12 16 20 24 28 32 36
40 44 48 52 56 60 64 68 72 76
80 84 88 92 96 100 104 108 112 116
120 124 128 132 136 140 144 148 152 156
160 164 168 172 176 180 184 188 192 196
200 204 208 212 216 220 224 228 232 236
240 244 248 252 256 260 264 268 272 276
280 284 288 292 296 300 304 308 312 316
320 324 328 332 336 340 344 348 352 356
360
-3.684 -3.750 -3.769 -3.786 -3.802 -3.816 -3.829 -3.841 -3.851 -3.860 
-3.868 -3.874 -3.879 -3.883 -3.885 -3.886 -3.886 -3.885 -3.882 -3.877 
-3.871 -3.864 -3.855 -3.844 -3.831 -3.817 -3.801 -3.782 -3.762 -3.739 
-3.714 -3.686 -3.655 -3.622 -3.586 -3.546 -3.503 -3.457 -3.406 -3.352 
-3.292 -3.228 -3.159 -3.084 -3.005 -2.920 -2.831 -2.741 -2.654 -2.578 
-2.525 -2.501 -2.508 -2.538 -2.583 -2.637 -2.694 -2.753 -2.811 -2.865 
-2.916 -2.963 -3.005 -3.044 -3.078 -3.109 -3.137 -3.163 -3.186 -3.208 
-3.228 -3.248 -3.268 -3.288 -3.309 -3.331 -3.354 -3.379 -3.405 -3.432 
-3.461 -3.489 -3.519 -3.548 -3.577 -3.605 -3.632 -3.658 -3.683 -3.707 
-3.673 
-3.093 -3.172 -3.192 -3.210 -3.226 -3.240 -3.252 -3.262 -3.271 -3.278 
-3.284 -3.288 -3.291 -3.292 -3.292 -3.291 -3.288 -3.283 -3.277 -3.269 
-3.260 -3.249 -3.235 -3.220 -3.202 -3.182 -3.159 -3.133 -3.104 -3.072 
-3.036 -2.996 -2.951 -2.901 -2.845 -2.783 -2.713 -2.634 -2.547 -2.451 
-2.349 -2.247 -2.159 -2.102 -2.083 -2.091 -2.100 -2.093 -2.069 -2.040 
-2.022 -2.030 -2.069 -2.133 -2.211 -2.294 -2.376 -2.451 -2.521 -2.582 
-2.637 -2.684 -2.725 -2.759 -2.788 -2.811 -2.829 -2.841 -2.849 -2.853 
-2.852 -2.849 -2.842 -2.835 -2.827 -2.820 -2.816 -2.816 -2.822 -2.834 
-2.852 -2.877 -2.905 -2.937 -2.970 -3.003 -3.036 -3.068 -3.097 -3.124 
-3.093 
-2.480 -2.524 -2.564 -2.601 -2.637 -2.670 -2.701 -2.730 -2.755 -2.778 
-2.798 -2.815 -2.829 -2.840 -2.849 -2.854 -2.857 -2.857 -2.854 -2.848 
-2.839 -2.827 -2.811 -2.793 -2.771 -2.745 -2.716 -2.682 -2.645 -2.602 
-2.555 -2.503 -2.444 -2.379 -2.307 -2.227 -2.139 -2.042 -1.935 -1.821 
-1.704 -1.593 -1.506 -1.459 -1.464 -1.516 -1.595 -1.683 -1.767 -1.840 
-1.900 -1.951 -1.994 -2.026 -2.045 -2.049 -2.042 -2.028 -2.018 -2.021 
-2.038 -2.067 -2.100 -2.132 -2.159 -2.179 -2.193 -2.200 -2.202 -2.197 
-2.188 -2.176 -2.161 -2.145 -2.129 -2.115 -2.105 -2.100 -2.102 -2.111 
-2.127 -2.149 -2.177 -2.209 -2.244 -2.281 -2.320 -2.361 -2.402 -2.443 
-2.468 
-2.228 -2.234 -2.278 -2.323 -2.368 -2.412 -2.454 -2.495 -2.533 -2.569 
-2.602 -2.632 -2.659 -2.684 -2.705 -2.723 -2.738 -2.750 -2.759 -2.764 
-2.766 -2.765 -2.761 -2.753 -2.743 -2.728 -2.711 -2.690 -2.666 -2.638 
-2.607 -2.573 -2.537 -2.497 -2.454 -2.409 -2.361 -2.309 -2.254 -2.193 
-2.128 -2.062 -2.002 -1.964 -1.956 -1.971 -1.992 -2.005 -2.005 -1.990 
-1.959 -1.916 -1.860 -1.793 -1.718 -1.638 -1.561 -1.495 -1.449 -1.427 
-1.429 -1.447 -1.473 -1.500 -1.529 -1.565 -1.610 -1.664 -1.721 -1.777 
-1.828 -1.871 -1.907 -1.935 -1.956 -1.972 -1.983 -1.990 -1.995 -1.999 
-2.002 -2.005 -2.010 -2.017 -2.028 -2.042 -2.062 -2.088 -2.118 -2.153 
-2.210 
-2.380 -2.430 -2.448 -2.465 -2.479 -2.490 -2.500 -2.506 -2.511 -2.513 
-2.514 -2.512 -2.508 -2.503 -2.496 -2.488 -2.478 -2.466 -2.453 -2.438 
-2.421 -2.402 -2.381 -2.357 -2.332 -2.303 -2.273 -2.240 -2.205 -2.167 
-2.128 -2.087 -2.046 -2.004 -1.962 -1.922 -1.883 -1.848 -1.816 -1.788 
-1.765 -1.746 -1.730 -1.718 -1.709 -1.700 -1.692 -1.682 -1.670 -1.656 
-1.637 -1.614 -1.585 -1.550 -1.508 -1.461 -1.409 -1.357 -1.307 -1.265 
-1.228 -1.194 -1.162 -1.135 -1.123 -1.133 -1.171 -1.234 -1.315 -1.406 
-1.500 -1.592 -1.679 -1.760 -1.835 -1.902 -1.963 -2.018 -2.067 -2.111 
-2.150 -2.185 -2.216 -2.244 -2.270 -2.295 -2.319 -2.343 -2.366 -2.388 
-2.375 
-2.212 -2.226 -2.228 -2.229 -2.228 -2.226 -2.222 -2.218 -2.213 -2.208 
-2.202 -2.196 -2.190 -2.185 -2.180 -2.175 -2.172 -2.168 -2.165 -2.163 
-2.161 -2.159 -2.156 -2.154 -2.150 -2.146 -2.140 -2.132 -2.123 -2.111 
-2.097 -2.081 -2.062 -2.040 -2.016 -1.989 -1.959 -1.926 -1.891 -1.852 
-1.810 -1.764 -1.713 -1.656 -1.594 -1.524 -1.446 -1.362 -1.272 -1.180 
-1.091 -1.014 -0.957 -0.924 -0.912 -0.911 -0.913 -0.914 -0.919 -0.935 
-0.967 -1.013 -1.068 -1.126 -1.183 -1.243 -1.305 -1.371 -1.439 -1.507 
-1.572 -1.635 -1.695 -1.751 -1.803 -1.852 -1.898 -1.940 -1.980 -2.016 
-2.049 -2.078 -2.105 -2.129 -2.150 -2.168 -2.184 -2.197 -2.207 -2.216 
-2.213 
-1.959 -1.979 -2.003 -2.025 -2.044 -2.061 -2.076 -2.089 -2.100 -2.109 
-2.116 -2.122 -2.125 -2.127 -2.127 -2.126 -2.123 -2.118 -2.112 -2.104 
-2.094 -2.082 -2.069 -2.053 -2.035 -2.015 -1.993 -1.968 -1.941 -1.911 
-1.879 -1.843 -1.804 -1.763 -1.718 -1.669 -1.617 -1.560 -1.500 -1.435 
-1.365 -1.290 -1.210 -1.125 -1.033 -0.936 -0.833 -0.726 -0.617 -0.511 
-0.413 -0.333 -0.279 -0.254 -0.256 -0.276 -0.305 -0.337 -0.374 -0.420 
-0.474 -0.532 -0.592 -0.650 -0.707 -0.761 -0.815 -0.867 -0.919 -0.970 
-1.022 -1.074 -1.126 -1.180 -1.234 -1.288 -1.343 -1.398 -1.452 -1.505 
-1.557 -1.607 -1.655 -1.701 -1.744 -1.785 -1.824 -1.860 -1.893 -1.924 
-1.951 
-1.797 -1.824 -1.851 -1.874 -1.893 -1.908 -1.919 -1.926 -1.929 -1.929 
-1.927 -1.922 -1.916 -1.910 -1.905 -1.902 -1.902 -1.906 -1.912 -1.921 
-1.932 -1.944 -1.956 -1.967 -1.976 -1.982 -1.986 -1.986 -1.983 -1.977 
-1.967 -1.953 -1.935 -1.914 -1.888 -1.859 -1.826 -1.789 -1.747 -1.701 
-1.650 -1.594 -1.533 -1.466 -1.394 -1.315 -1.230 -1.139 -1.043 -0.943 
-0.841 -0.743 -0.650 -0.560 -0.470 -0.376 -0.285 -0.208 -0.150 -0.080 
0.150 0.136 -0.189 -0.346 -0.443 -0.516 -0.575 -0.625 -0.671 -0.713 
-0.754 -0.795 -0.839 -0.885 -0.935 -0.989 -1.046 -1.106 -1.168 -1.230 
-1.293 -1.355 -1.415 -1.473 -1.529 -1.581 -1.631 -1.677 -1.719 -1.758 
-1.783 
-1.485 -1.527 -1.530 -1.528 -1.523 -1.513 -1.500 -1.483 -1.464 -1.442 
-1.420 -1.397 -1.376 -1.357 -1.343 -1.333 -1.330 -1.333 -1.342 -1.357 
-1.377 -1.400 -1.425 -1.452 -1.478 -1.504 -1.528 -1.550 -1.569 -1.586 
-1.599 -1.609 -1.616 -1.619 -1.619 -1.615 -1.607 -1.595 -1.579 -1.559 
-1.534 -1.505 -1.471 -1.431 -1.386 -1.334 -1.276 -1.210 -1.135 -1.049 
-0.951 -0.838 -0.705 -0.546 -0.347 -0.084 0.289 0.736 0.602 0.497 
0.717 0.703 0.344 -0.054 -0.297 -0.464 -0.588 -0.685 -0.764 -0.831 
-0.888 -0.938 -0.984 -1.025 -1.065 -1.103 -1.140 -1.175 -1.211 -1.245 
-1.279 -1.312 -1.344 -1.374 -1.403 -1.430 -1.454 -1.476 -1.494 -1.509 
-1.489 
-1.091 -1.114 -1.150 -1.185 -1.217 -1.247 -1.275 -1.301 -1.324 -1.344 
-1.362 -1.378 -1.391 -1.403 -1.414 -1.423 -1.433 -1.442 -1.450 -1.459 
-1.466 -1.473 -1.478 -1.481 -1.483 -1.482 -1.479 -1.473 -1.464 -1.453 
-1.440 -1.423 -1.404 -1.381 -1.356 -1.328 -1.296 -1.261 -1.223 -1.180 
-1.134 -1.084 -1.028 -0.968 -0.902 -0.829 -0.749 -0.661 -0.563 -0.454 
-0.329 -0.186 -0.019 0.184 0.438 0.776 1.202 1.474 1.332 0.990 
0.719 0.534 0.285 0.125 0.006 -0.088 -0.165 -0.230 -0.285 -0.332 
-0.373 -0.409 -0.442 -0.472 -0.500 -0.528 -0.556 -0.585 -0.615 -0.647 
-0.681 -0.716 -0.753 -0.792 -0.832 -0.873 -0.914 -0.956 -0.997 -1.037 
-1.077 
-0.935 -0.971 -1.013 -1.052 -1.089 -1.125 -1.158 -1.188 -1.217 -1.244 
-1.268 -1.290 -1.310 -1.329 -1.345 -1.358 -1.370 -1.380 -1.388 -1.393 
-1.397 -1.398 -1.397 -1.394 -1.389 -1.382 -1.372 -1.361 -1.347 -1.330 
-1.311 -1.290 -1.266 -1.239 -1.210 -1.177 -1.141 -1.102 -1.060 -1.013 
-0.963 -0.908 -0.848 -0.783 -0.712 -0.634 -0.548 -0.453 -0.347 -0.227 
-0.091 0.068 0.258 0.494 0.812 1.314 1.515 1.499 1.270 0.937 
0.676 0.483 0.335 0.219 0.126 0.051 -0.011 -0.061 -0.100 -0.131 
-0.153 -0.166 -0.168 -0.160 -0.138 -0.105 -0.070 -0.057 -0.094 -0.177 
-0.278 -0.376 -0.462 -0.539 -0.607 -0.669 -0.727 -0.781 -0.832 -0.881 
-0.921 
-0.778 -0.848 -0.905 -0.959 -1.008 -1.054 -1.095 -1.134 -1.169 -1.201 
-1.231 -1.257 -1.281 -1.302 -1.320 -1.336 -1.350 -1.361 -1.370 -1.376 
-1.380 -1.381 -1.380 -1.377 -1.371 -1.363 -1.353 -1.340 -1.324 -1.306 
-1.285 -1.262 -1.235 -1.206 -1.173 -1.137 -1.097 -1.054 -1.007 -0.955 
-0.899 -0.838 -0.771 -0.697 -0.616 -0.527 -0.428 -0.317 -0.192 -0.048 
0.120 0.323 0.578 0.923 1.443 1.826 1.812 1.446 1.004 0.729 
0.541 0.404 0.302 0.224 0.166 0.125 0.098 0.085 0.084 0.095 
0.119 0.156 0.208 0.274 0.353 0.437 0.509 0.538 0.501 0.401 
0.263 0.116 -0.026 -0.156 -0.274 -0.380 -0.476 -0.564 -0.644 -0.717 
-0.758 
-0.565 -0.589 -0.640 -0.688 -0.733 -0.775 -0.814 -0.850 -0.883 -0.913 
-0.941 -0.966 -0.988 -1.008 -1.025 -1.040 -1.053 -1.063 -1.070 -1.076 
-1.079 -1.079 -1.078 -1.074 -1.067 -1.058 -1.047 -1.033 -1.017 -0.997 
-0.976 -0.951 -0.923 -0.893 -0.859 -0.822 -0.781 -0.736 -0.687 -0.634 
-0.576 -0.512 -0.442 -0.366 -0.282 -0.188 -0.084 0.033 0.166 0.321 
0.504 0.728 1.016 1.390 1.735 1.908 1.845 1.339 1.037 0.831 
0.680 0.564 0.473 0.403 0.347 0.305 0.273 0.251 0.237 0.230 
0.229 0.234 0.244 0.257 0.273 0.290 0.304 0.303 0.274 0.218 
0.150 0.078 0.004 -0.069 -0.142 -0.214 -0.283 -0.351 -0.415 -0.476 
-0.543 
-0.666 -0.719 -0.774 -0.824 -0.872 -0.916 -0.956 -0.994 -1.028 -1.059 
-1.088 -1.114 -1.136 -1.157 -1.175 -1.190 -1.202 -1.213 -1.221 -1.226 
-1.229 -1.230 -1.228 -1.224 -1.217 -1.208 -1.196 -1.182 -1.166 -1.146 
-1.124 -1.099 -1.071 -1.040 -1.006 -0.968 -0.926 -0.881 -0.831 -0.777 
-0.718 -0.653 -0.582 -0.503 -0.417 -0.320 -0.212 -0.089 0.053 0.221 
0.429 0.701 1.087 1.454 1.538 1.890 2.073 1.652 1.090 0.801 
0.613 0.477 0.374 0.294 0.232 0.183 0.146 0.118 0.099 0.087 
0.082 0.082 0.086 0.093 0.102 0.110 0.113 0.109 0.094 0.066 
0.024 -0.031 -0.095 -0.166 -0.241 -0.317 -0.391 -0.464 -0.533 -0.599 
-0.645 
-0.827 -0.854 -0.890 -0.924 -0.955 -0.984 -1.010 -1.034 -1.055 -1.074 
-1.090 -1.105 -1.117 -1.127 -1.135 -1.140 -1.143 -1.145 -1.144 -1.140 
-1.135 -1.127 -1.117 -1.105 -1.090 -1.073 -1.054 -1.032 -1.007 -0.980 
-0.949 -0.916 -0.880 -0.840 -0.796 -0.749 -0.698 -0.643 -0.582 -0.517 
-0.445 -0.367 -0.280 -0.185 -0.080 0.039 0.174 0.330 0.515 0.744 
1.045 1.472 1.830 2.003 1.779 1.520 1.563 1.047 0.812 0.664 
0.555 0.472 0.406 0.355 0.314 0.281 0.255 0.232 0.208 0.180 
0.145 0.104 0.060 0.015 -0.028 -0.071 -0.113 -0.155 -0.199 -0.246 
-0.297 -0.351 -0.408 -0.465 -0.522 -0.577 -0.630 -0.681 -0.728 -0.773 
-0.814 
-1.113 -1.166 -1.199 -1.230 -1.258 -1.284 -1.307 -1.328 -1.346 -1.362 
-1.376 -1.387 -1.396 -1.403 -1.408 -1.410 -1.411 -1.409 -1.404 -1.398 
-1.389 -1.378 -1.364 -1.348 -1.330 -1.309 -1.286 -1.259 -1.230 -1.198 
-1.163 -1.125 -1.083 -1.038 -0.988 -0.935 -0.877 -0.813 -0.745 -0.670 
-0.588 -0.498 -0.399 -0.289 -0.166 -0.026 0.136 0.328 0.566 0.878 
1.323 1.727 1.842 1.693 1.308 0.994 0.787 0.642 0.538 0.463 
0.411 0.377 0.358 0.353 0.358 0.371 0.387 0.397 0.395 0.370 
0.320 0.246 0.154 0.053 -0.051 -0.152 -0.250 -0.342 -0.429 -0.510 
-0.586 -0.658 -0.725 -0.788 -0.847 -0.902 -0.954 -1.003 -1.048 -1.090 
-1.102 
-1.260 -1.280 -1.312 -1.342 -1.369 -1.394 -1.416 -1.436 -1.453 -1.469 
-1.482 -1.493 -1.501 -1.508 -1.512 -1.514 -1.514 -1.511 -1.507 -1.500 
-1.491 -1.479 -1.466 -1.450 -1.431 -1.410 -1.386 -1.360 -1.331 -1.298 
-1.263 -1.225 -1.183 -1.137 -1.088 -1.035 -0.976 -0.913 -0.845 -0.770 
-0.689 -0.599 -0.500 -0.391 -0.268 -0.129 0.031 0.219 0.446 0.726 
1.058 1.406 1.529 1.295 1.013 0.767 0.585 0.449 0.346 0.268 
0.209 0.166 0.135 0.115 0.104 0.097 0.091 0.080 0.058 0.022 
-0.029 -0.093 -0.164 -0.240 -0.316 -0.392 -0.467 -0.539 -0.610 -0.679 
-0.744 -0.807 -0.868 -0.925 -0.979 -1.031 -1.080 -1.125 -1.168 -1.208 
-1.247 
-1.444 -1.483 -1.514 -1.542 -1.567 -1.590 -1.610 -1.628 -1.643 -1.656 
-1.667 -1.675 -1.681 -1.685 -1.687 -1.686 -1.683 -1.678 -1.671 -1.661 
-1.649 -1.634 -1.617 -1.597 -1.575 -1.550 -1.523 -1.492 -1.459 -1.422 
-1.382 -1.339 -1.292 -1.241 -1.185 -1.125 -1.060 -0.989 -0.912 -0.827 
-0.735 -0.633 -0.520 -0.393 -0.250 -0.086 0.107 0.337 0.614 0.923 
1.176 1.236 1.122 0.894 0.670 0.504 0.384 0.298 0.238 0.198 
0.176 0.169 0.173 0.187 0.205 0.222 0.229 0.216 0.177 0.111 
0.023 -0.080 -0.190 -0.300 -0.406 -0.508 -0.604 -0.694 -0.778 -0.858 
-0.932 -1.001 -1.066 -1.127 -1.183 -1.236 -1.285 -1.331 -1.374 -1.413 
-1.433 
-1.518 -1.556 -1.587 -1.615 -1.641 -1.664 -1.684 -1.702 -1.718 -1.731 
-1.742 -1.750 -1.756 -1.760 -1.761 -1.761 -1.758 -1.752 -1.744 -1.734 
-1.722 -1.707 -1.690 -1.670 -1.647 -1.622 -1.594 -1.563 -1.529 -1.492 
-1.452 -1.408 -1.360 -1.308 -1.252 -1.191 -1.125 -1.053 -0.975 -0.889 
-0.796 -0.692 -0.578 -0.450 -0.305 -0.139 0.054 0.284 0.563 0.905 
1.209 1.277 1.050 0.760 0.538 0.382 0.270 0.189 0.133 0.096 
0.075 0.069 0.075 0.092 0.115 0.142 0.163 0.172 0.156 0.111 
0.035 -0.063 -0.175 -0.292 -0.408 -0.519 -0.625 -0.723 -0.815 -0.901 
-0.980 -1.054 -1.123 -1.187 -1.246 -1.301 -1.353 -1.400 -1.444 -1.484 
-1.506 
-1.461 -1.471 -1.499 -1.524 -1.547 -1.567 -1.585 -1.600 -1.613 -1.624 
-1.633 -1.639 -1.643 -1.645 -1.644 -1.641 -1.636 -1.629 -1.619 -1.607 
-1.593 -1.576 -1.557 -1.535 -1.511 -1.484 -1.454 -1.421 -1.385 -1.346 
-1.303 -1.257 -1.206 -1.152 -1.093 -1.029 -0.959 -0.884 -0.802 -0.712 
-0.613 -0.505 -0.384 -0.250 -0.099 0.072 0.265 0.475 0.682 0.842 
0.935 0.914 0.713 0.537 0.401 0.296 0.215 0.153 0.107 0.073 
0.050 0.036 0.028 0.023 0.020 0.015 0.004 -0.017 -0.051 -0.102 
-0.169 -0.247 -0.332 -0.419 -0.507 -0.592 -0.675 -0.754 -0.829 -0.900 
-0.967 -1.030 -1.089 -1.145 -1.197 -1.245 -1.291 -1.333 -1.372 -1.408 
-1.449 
-1.591 -1.626 -1.653 -1.677 -1.698 -1.717 -1.734 -1.748 -1.760 -1.769 
-1.776 -1.781 -1.784 -1.785 -1.783 -1.779 -1.772 -1.764 -1.753 -1.739 
-1.724 -1.705 -1.685 -1.661 -1.635 -1.606 -1.575 -1.540 -1.502 -1.460 
-1.415 -1.367 -1.314 -1.257 -1.195 -1.127 -1.054 -0.975 -0.888 -0.793 
-0.688 -0.572 -0.442 -0.295 -0.129 0.063 0.284 0.525 0.743 0.859 
0.829 0.691 0.526 0.380 0.263 0.173 0.105 0.055 0.020 -0.002 
-0.014 -0.017 -0.016 -0.014 -0.014 -0.024 -0.047 -0.087 -0.144 -0.216 
-0.300 -0.390 -0.483 -0.576 -0.668 -0.756 -0.840 -0.920 -0.996 -1.067 
-1.133 -1.196 -1.254 -1.309 -1.360 -1.407 -1.451 -1.492 -1.530 -1.565 
-1.582 
-1.578 -1.622 -1.648 -1.671 -1.692 -1.711 -1.727 -1.740 -1.752 -1.761 
-1.767 -1.772 -1.774 -1.774 -1.772 -1.767 -1.760 -1.750 -1.739 -1.725 
-1.708 -1.689 -1.667 -1.643 -1.615 -1.585 -1.552 -1.516 -1.476 -1.433 
-1.386 -1.335 -1.280 -1.220 -1.155 -1.084 -1.007 -0.923 -0.831 -0.729 
-0.616 -0.490 -0.349 -0.188 -0.003 0.210 0.446 0.672 0.815 0.813 
0.690 0.522 0.368 0.243 0.146 0.073 0.018 -0.020 -0.045 -0.058 
-0.062 -0.059 -0.053 -0.048 -0.050 -0.064 -0.094 -0.143 -0.208 -0.286 
-0.372 -0.461 -0.550 -0.637 -0.721 -0.801 -0.878 -0.951 -1.020 -1.086 
-1.148 -1.207 -1.262 -1.315 -1.364 -1.409 -1.452 -1.492 -1.529 -1.562 
-1.570 
-1.385 -1.393 -1.424 -1.451 -1.477 -1.499 -1.520 -1.538 -1.553 -1.566 
-1.577 -1.586 -1.592 -1.596 -1.597 -1.597 -1.594 -1.588 -1.580 -1.570 
-1.558 -1.542 -1.525 -1.504 -1.481 -1.455 -1.426 -1.394 -1.359 -1.320 
-1.277 -1.231 -1.180 -1.125 -1.065 -0.999 -0.927 -0.847 -0.760 -0.664 
-0.556 -0.435 -0.298 -0.142 0.040 0.252 0.490 0.721 0.838 0.780 
0.617 0.431 0.265 0.129 0.018 -0.071 -0.142 -0.199 -0.244 -0.279 
-0.304 -0.323 -0.335 -0.345 -0.353 -0.363 -0.377 -0.395 -0.418 -0.442 
-0.469 -0.498 -0.529 -0.563 -0.601 -0.642 -0.687 -0.736 -0.787 -0.841 
-0.896 -0.951 -1.005 -1.058 -1.108 -1.157 -1.203 -1.246 -1.287 -1.325 
-1.372 
-1.458 -1.496 -1.533 -1.568 -1.599 -1.627 -1.653 -1.675 -1.695 -1.713 
-1.728 -1.740 -1.750 -1.757 -1.762 -1.765 -1.765 -1.763 -1.758 -1.751 
-1.741 -1.729 -1.714 -1.697 -1.676 -1.653 -1.627 -1.598 -1.565 -1.529 
-1.489 -1.446 -1.398 -1.345 -1.288 -1.225 -1.155 -1.078 -0.993 -0.899 
-0.792 -0.671 -0.531 -0.367 -0.169 0.078 0.374 0.633 0.703 0.558 
0.367 0.208 0.050 -0.103 -0.234 -0.344 -0.434 -0.509 -0.570 -0.620 
-0.660 -0.692 -0.716 -0.734 -0.746 -0.753 -0.755 -0.753 -0.748 -0.740 
-0.730 -0.720 -0.710 -0.704 -0.703 -0.709 -0.726 -0.754 -0.793 -0.842 
-0.898 -0.958 -1.021 -1.084 -1.145 -1.205 -1.261 -1.315 -1.365 -1.412 
-1.443 
-1.551 -1.566 -1.587 -1.607 -1.624 -1.640 -1.654 -1.666 -1.676 -1.684 
-1.691 -1.695 -1.698 -1.699 -1.698 -1.695 -1.690 -1.683 -1.674 -1.663 
-1.650 -1.635 -1.617 -1.598 -1.576 -1.551 -1.525 -1.495 -1.463 -1.428 
-1.390 -1.349 -1.305 -1.256 -1.204 -1.148 -1.087 -1.020 -0.948 -0.869 
-0.782 -0.687 -0.580 -0.461 -0.324 -0.164 0.028 0.251 0.395 0.473 
0.550 0.544 0.439 0.284 0.124 -0.018 -0.142 -0.248 -0.339 -0.419 
-0.490 -0.553 -0.609 -0.659 -0.705 -0.747 -0.785 -0.820 -0.853 -0.882 
-0.910 -0.935 -0.959 -0.982 -1.005 -1.030 -1.058 -1.089 -1.124 -1.162 
-1.202 -1.243 -1.283 -1.322 -1.359 -1.395 -1.428 -1.460 -1.489 -1.517 
-1.543 
-1.702 -1.723 -1.735 -1.745 -1.754 -1.761 -1.766 -1.770 -1.772 -1.772 
-1.770 -1.767 -1.762 -1.756 -1.747 -1.737 -1.725 -1.711 -1.695 -1.677 
-1.657 -1.635 -1.611 -1.584 -1.556 -1.525 -1.492 -1.456 -1.417 -1.376 
-1.331 -1.283 -1.232 -1.177 -1.118 -1.055 -0.986 -0.912 -0.832 -0.745 
-0.649 -0.544 -0.428 -0.298 -0.156 -0.006 0.130 0.231 0.302 0.341 
0.336 0.273 0.156 0.022 -0.105 -0.220 -0.323 -0.414 -0.496 -0.570 
-0.638 -0.700 -0.758 -0.812 -0.863 -0.911 -0.957 -1.001 -1.044 -1.086 
-1.127 -1.167 -1.207 -1.245 -1.283 -1.320 -1.355 -1.390 -1.423 -1.455 
-1.486 -1.515 -1.543 -1.569 -1.594 -1.617 -1.639 -1.659 -1.677 -1.694 
-1.698 
-1.749 -1.771 -1.790 -1.807 -1.822 -1.835 -1.846 -1.855 -1.861 -1.866 
-1.868 -1.868 -1.867 -1.863 -1.856 -1.848 -1.838 -1.825 -1.810 -1.793 
-1.773 -1.751 -1.726 -1.698 -1.668 -1.635 -1.599 -1.559 -1.516 -1.470 
-1.419 -1.364 -1.304 -1.239 -1.169 -1.091 -1.006 -0.912 -0.808 -0.691 
-0.559 -0.407 -0.233 -0.039 0.146 0.274 0.344 0.333 0.249 0.135 
0.013 -0.106 -0.217 -0.316 -0.402 -0.476 -0.539 -0.594 -0.640 -0.681 
-0.716 -0.747 -0.775 -0.801 -0.826 -0.850 -0.873 -0.898 -0.923 -0.950 
-0.978 -1.010 -1.045 -1.084 -1.126 -1.172 -1.219 -1.267 -1.315 -1.363 
-1.409 -1.453 -1.495 -1.535 -1.572 -1.608 -1.641 -1.671 -1.700 -1.726 
-1.742 
-1.751 -1.761 -1.788 -1.812 -1.834 -1.853 -1.870 -1.884 -1.895 -1.904 
-1.910 -1.914 -1.916 -1.915 -1.911 -1.905 -1.896 -1.885 -1.871 -1.855 
-1.836 -1.814 -1.789 -1.760 -1.729 -1.694 -1.656 -1.614 -1.568 -1.517 
-1.462 -1.401 -1.334 -1.261 -1.181 -1.092 -0.993 -0.883 -0.757 -0.614 
-0.448 -0.254 -0.032 0.185 0.320 0.307 0.195 0.049 -0.104 -0.245 
-0.365 -0.464 -0.546 -0.613 -0.668 -0.713 -0.751 -0.781 -0.805 -0.824 
-0.839 -0.850 -0.857 -0.861 -0.861 -0.857 -0.851 -0.842 -0.834 -0.828 
-0.826 -0.832 -0.848 -0.874 -0.912 -0.958 -1.013 -1.072 -1.134 -1.197 
-1.259 -1.320 -1.378 -1.433 -1.485 -1.534 -1.579 -1.622 -1.661 -1.697 
-1.738 
-1.955 -1.989 -2.005 -2.019 -2.030 -2.039 -2.045 -2.050 -2.052 -2.051 
-2.049 -2.044 -2.038 -2.029 -2.017 -2.004 -1.988 -1.969 -1.948 -1.925 
-1.899 -1.871 -1.840 -1.806 -1.769 -1.729 -1.685 -1.638 -1.588 -1.534 
-1.476 -1.413 -1.346 -1.273 -1.196 -1.112 -1.022 -0.925 -0.821 -0.710 
-0.591 -0.465 -0.331 -0.192 -0.087 -0.082 -0.132 -0.180 -0.224 -0.266 
-0.308 -0.353 -0.398 -0.443 -0.485 -0.525 -0.562 -0.597 -0.632 -0.666 
-0.703 -0.742 -0.785 -0.830 -0.877 -0.926 -0.975 -1.022 -1.068 -1.111 
-1.153 -1.195 -1.237 -1.283 -1.331 -1.381 -1.434 -1.487 -1.539 -1.590 
-1.639 -1.685 -1.728 -1.768 -1.806 -1.840 -1.872 -1.901 -1.927 -1.950 
-1.950 
-2.049 -2.053 -2.062 -2.069 -2.075 -2.078 -2.080 -2.079 -2.077 -2.072 
-2.066 -2.058 -2.048 -2.036 -2.022 -2.006 -1.988 -1.968 -1.945 -1.921 
-1.894 -1.865 -1.834 -1.800 -1.764 -1.725 -1.683 -1.639 -1.591 -1.541 
-1.487 -1.430 -1.369 -1.304 -1.235 -1.161 -1.082 -0.998 -0.908 -0.813 
-0.713 -0.614 -0.521 -0.440 -0.369 -0.303 -0.242 -0.190 -0.152 -0.134 
-0.140 -0.169 -0.217 -0.278 -0.348 -0.421 -0.495 -0.568 -0.639 -0.707 
-0.772 -0.834 -0.892 -0.948 -1.001 -1.052 -1.104 -1.156 -1.211 -1.269 
-1.328 -1.386 -1.444 -1.500 -1.553 -1.604 -1.651 -1.695 -1.737 -1.776 
-1.812 -1.845 -1.876 -1.904 -1.931 -1.954 -1.976 -1.996 -2.013 -2.028 
-2.045 
-2.120 -2.150 -2.169 -2.185 -2.199 -2.210 -2.219 -2.225 -2.229 -2.230 
-2.230 -2.226 -2.221 -2.213 -2.202 -2.190 -2.174 -2.156 -2.136 -2.113 
-2.087 -2.058 -2.026 -1.992 -1.954 -1.912 -1.867 -1.817 -1.764 -1.706 
-1.643 -1.574 -1.499 -1.417 -1.328 -1.229 -1.121 -1.003 -0.874 -0.737 
-0.599 -0.477 -0.388 -0.354 -0.377 -0.436 -0.500 -0.550 -0.587 -0.618 
-0.652 -0.692 -0.738 -0.786 -0.833 -0.875 -0.911 -0.939 -0.957 -0.968 
-0.969 -0.964 -0.953 -0.940 -0.929 -0.923 -0.928 -0.946 -0.979 -1.025 
-1.082 -1.147 -1.216 -1.287 -1.359 -1.431 -1.500 -1.568 -1.632 -1.692 
-1.749 -1.802 -1.852 -1.898 -1.940 -1.980 -2.016 -2.048 -2.078 -2.105 
-2.113 
-2.080 -2.090 -2.116 -2.139 -2.159 -2.176 -2.191 -2.203 -2.213 -2.220 
-2.225 -2.227 -2.226 -2.223 -2.217 -2.209 -2.198 -2.185 -2.169 -2.150 
-2.128 -2.103 -2.075 -2.044 -2.009 -1.971 -1.928 -1.882 -1.831 -1.776 
-1.715 -1.648 -1.574 -1.494 -1.405 -1.307 -1.197 -1.076 -0.940 -0.790 
-0.627 -0.462 -0.319 -0.239 -0.249 -0.337 -0.461 -0.587 -0.701 -0.799 
-0.881 -0.949 -1.004 -1.049 -1.083 -1.109 -1.126 -1.135 -1.137 -1.133 
-1.121 -1.105 -1.083 -1.059 -1.035 -1.013 -0.998 -0.992 -0.996 -1.010 
-1.032 -1.063 -1.102 -1.151 -1.207 -1.269 -1.335 -1.403 -1.470 -1.537 
-1.600 -1.662 -1.719 -1.774 -1.825 -1.873 -1.917 -1.958 -1.996 -2.030 
-2.068 
-2.168 -2.197 -2.218 -2.237 -2.252 -2.266 -2.277 -2.285 -2.291 -2.295 
-2.296 -2.294 -2.291 -2.285 -2.276 -2.265 -2.252 -2.235 -2.217 -2.195 
-2.171 -2.144 -2.114 -2.081 -2.045 -2.005 -1.962 -1.914 -1.863 -1.807 
-1.747 -1.681 -1.609 -1.532 -1.447 -1.354 -1.253 -1.143 -1.022 -0.892 
-0.755 -0.619 -0.501 -0.426 -0.416 -0.461 -0.535 -0.616 -0.693 -0.760 
-0.817 -0.864 -0.901 -0.930 -0.950 -0.963 -0.968 -0.967 -0.960 -0.946 
-0.928 -0.904 -0.876 -0.848 -0.822 -0.805 -0.803 -0.822 -0.863 -0.924 
-0.998 -1.079 -1.164 -1.249 -1.332 -1.413 -1.490 -1.564 -1.634 -1.699 
-1.761 -1.818 -1.872 -1.921 -1.967 -2.010 -2.048 -2.084 -2.117 -2.146 
-2.160 
-2.182 -2.195 -2.210 -2.222 -2.232 -2.240 -2.246 -2.250 -2.251 -2.251 
-2.248 -2.244 -2.237 -2.228 -2.217 -2.204 -2.188 -2.170 -2.150 -2.128 
-2.103 -2.075 -2.045 -2.013 -1.977 -1.939 -1.898 -1.854 -1.806 -1.755 
-1.701 -1.643 -1.581 -1.516 -1.446 -1.372 -1.294 -1.212 -1.126 -1.036 
-0.943 -0.852 -0.766 -0.697 -0.655 -0.639 -0.645 -0.662 -0.684 -0.707 
-0.729 -0.749 -0.768 -0.784 -0.798 -0.810 -0.821 -0.832 -0.844 -0.859 
-0.876 -0.897 -0.922 -0.950 -0.982 -1.018 -1.059 -1.108 -1.165 -1.229 
-1.297 -1.367 -1.436 -1.503 -1.567 -1.627 -1.684 -1.738 -1.788 -1.836 
-1.880 -1.922 -1.961 -1.997 -2.030 -2.061 -2.089 -2.115 -2.138 -2.160 
-2.177 
-2.214 -2.217 -2.231 -2.244 -2.255 -2.263 -2.270 -2.274 -2.277 -2.277 
-2.276 -2.272 -2.266 -2.258 -2.248 -2.235 -2.221 -2.204 -2.185 -2.163 
-2.138 -2.112 -2.082 -2.049 -2.014 -1.975 -1.934 -1.888 -1.839 -1.786 
-1.729 -1.668 -1.601 -1.530 -1.452 -1.369 -1.279 -1.183 -1.081 -0.973 
-0.862 -0.750 -0.646 -0.558 -0.502 -0.486 -0.511 -0.565 -0.633 -0.703 
-0.770 -0.830 -0.882 -0.928 -0.967 -1.000 -1.029 -1.055 -1.079 -1.102 
-1.126 -1.153 -1.181 -1.213 -1.248 -1.286 -1.326 -1.368 -1.411 -1.455 
-1.499 -1.544 -1.589 -1.634 -1.679 -1.722 -1.765 -1.807 -1.848 -1.887 
-1.925 -1.961 -1.995 -2.028 -2.058 -2.087 -2.113 -2.138 -2.161 -2.181 
-2.207 
-2.402 -2.432 -2.444 -2.454 -2.462 -2.468 -2.471 -2.472 -2.471 -2.468 
-2.463 -2.455 -2.445 -2.433 -2.418 -2.401 -2.381 -2.359 -2.334 -2.307 
-2.277 -2.244 -2.207 -2.168 -2.125 -2.079 -2.029 -1.975 -1.917 -1.854 
-1.786 -1.714 -1.636 -1.552 -1.463 -1.369 -1.270 -1.168 -1.067 -0.970 
-0.886 -0.819 -0.773 -0.750 -0.748 -0.768 -0.806 -0.855 -0.905 -0.952 
-0.993 -1.027 -1.053 -1.072 -1.086 -1.096 -1.102 -1.106 -1.111 -1.119 
-1.132 -1.151 -1.180 -1.216 -1.262 -1.314 -1.371 -1.432 -1.496 -1.559 
-1.623 -1.685 -1.746 -1.805 -1.861 -1.915 -1.966 -2.015 -2.061 -2.104 
-2.145 -2.184 -2.219 -2.252 -2.283 -2.312 -2.337 -2.361 -2.382 -2.401 
-2.398 
-2.443 -2.451 -2.465 -2.477 -2.486 -2.494 -2.499 -2.502 -2.502 -2.500 
-2.496 -2.490 -2.481 -2.470 -2.456 -2.440 -2.422 -2.401 -2.377 -2.351 
-2.322 -2.289 -2.254 -2.216 -2.174 -2.128 -2.079 -2.026 -1.969 -1.907 
-1.841 -1.769 -1.692 -1.610 -1.522 -1.428 -1.330 -1.230 -1.130 -1.036 
-0.954 -0.891 -0.851 -0.837 -0.847 -0.879 -0.926 -0.978 -1.030 -1.076 
-1.116 -1.150 -1.176 -1.196 -1.210 -1.219 -1.224 -1.225 -1.225 -1.224 
-1.223 -1.226 -1.232 -1.244 -1.262 -1.287 -1.322 -1.365 -1.416 -1.475 
-1.538 -1.604 -1.671 -1.736 -1.800 -1.862 -1.921 -1.977 -2.029 -2.079 
-2.125 -2.169 -2.209 -2.247 -2.281 -2.313 -2.343 -2.369 -2.393 -2.415 
-2.437 
-2.450 -2.483 -2.505 -2.525 -2.541 -2.555 -2.567 -2.576 -2.582 -2.586 
-2.588 -2.587 -2.584 -2.578 -2.570 -2.560 -2.547 -2.531 -2.512 -2.491 
-2.467 -2.441 -2.411 -2.378 -2.342 -2.302 -2.259 -2.211 -2.160 -2.104 
-2.043 -1.978 -1.906 -1.829 -1.744 -1.653 -1.554 -1.447 -1.332 -1.211 
-1.084 -0.959 -0.846 -0.765 -0.730 -0.744 -0.796 -0.870 -0.949 -1.024 
-1.090 -1.146 -1.191 -1.227 -1.253 -1.271 -1.281 -1.283 -1.278 -1.267 
-1.252 -1.232 -1.211 -1.191 -1.175 -1.168 -1.173 -1.194 -1.231 -1.282 
-1.341 -1.407 -1.475 -1.546 -1.617 -1.690 -1.763 -1.835 -1.905 -1.971 
-2.034 -2.092 -2.147 -2.199 -2.246 -2.290 -2.330 -2.367 -2.400 -2.431 
-2.442 
-2.312 -2.334 -2.361 -2.385 -2.406 -2.425 -2.441 -2.454 -2.465 -2.474 
-2.479 -2.483 -2.484 -2.483 -2.479 -2.473 -2.465 -2.454 -2.441 -2.425 
-2.406 -2.384 -2.360 -2.333 -2.302 -2.268 -2.231 -2.190 -2.144 -2.095 
-2.040 -1.980 -1.914 -1.841 -1.760 -1.670 -1.570 -1.459 -1.336 -1.199 
-1.054 -0.912 -0.797 -0.737 -0.747 -0.812 -0.903 -0.996 -1.077 -1.144 
-1.196 -1.237 -1.273 -1.305 -1.336 -1.366 -1.393 -1.417 -1.437 -1.450 
-1.458 -1.459 -1.454 -1.444 -1.430 -1.414 -1.397 -1.381 -1.366 -1.353 
-1.343 -1.341 -1.350 -1.372 -1.411 -1.463 -1.525 -1.594 -1.666 -1.738 
-1.808 -1.875 -1.939 -1.998 -2.053 -2.104 -2.152 -2.195 -2.235 -2.271 
-2.300 
-2.267 -2.261 -2.275 -2.287 -2.298 -2.307 -2.314 -2.320 -2.324 -2.327 
-2.328 -2.327 -2.325 -2.321 -2.316 -2.308 -2.299 -2.288 -2.276 -2.261 
-2.244 -2.226 -2.205 -2.182 -2.156 -2.128 -2.097 -2.063 -2.025 -1.984 
-1.938 -1.888 -1.831 -1.769 -1.699 -1.625 -1.547 -1.473 -1.409 -1.356 
-1.306 -1.250 -1.190 -1.146 -1.128 -1.121 -1.106 -1.080 -1.046 -1.011 
-0.980 -0.960 -0.952 -0.958 -0.978 -1.008 -1.045 -1.086 -1.129 -1.172 
-1.215 -1.258 -1.302 -1.348 -1.395 -1.440 -1.483 -1.521 -1.555 -1.585 
-1.613 -1.639 -1.667 -1.699 -1.736 -1.776 -1.819 -1.863 -1.906 -1.947 
-1.985 -2.021 -2.055 -2.086 -2.115 -2.141 -2.166 -2.189 -2.209 -2.228 
-2.262 
-2.552 -2.594 -2.604 -2.613 -2.619 -2.623 -2.624 -2.624 -2.621 -2.617 
-2.610 -2.600 -2.589 -2.575 -2.558 -2.539 -2.517 -2.492 -2.465 -2.434 
-2.400 -2.362 -2.321 -2.275 -2.225 -2.171 -2.111 -2.045 -1.974 -1.895 
-1.809 -1.715 -1.613 -1.504 -1.388 -1.272 -1.165 -1.078 -1.024 -1.009 
-1.025 -1.060 -1.104 -1.151 -1.198 -1.239 -1.271 -1.293 -1.304 -1.307 
-1.304 -1.299 -1.293 -1.288 -1.282 -1.275 -1.264 -1.250 -1.234 -1.220 
-1.215 -1.224 -1.252 -1.299 -1.362 -1.437 -1.517 -1.598 -1.677 -1.752 
-1.824 -1.891 -1.954 -2.013 -2.068 -2.120 -2.169 -2.215 -2.258 -2.299 
-2.337 -2.372 -2.404 -2.434 -2.462 -2.488 -2.511 -2.532 -2.551 -2.567 
-2.549 
-2.621 -2.637 -2.654 -2.669 -2.682 -2.692 -2.701 -2.706 -2.710 -2.711 
-2.710 -2.706 -2.700 -2.692 -2.681 -2.668 -2.652 -2.633 -2.611 -2.587 
-2.559 -2.529 -2.495 -2.458 -2.417 -2.372 -2.322 -2.268 -2.210 -2.145 
-2.075 -1.999 -1.915 -1.824 -1.726 -1.623 -1.517 -1.414 -1.320 -1.238 
-1.166 -1.110 -1.083 -1.092 -1.134 -1.198 -1.271 -1.344 -1.411 -1.470 
-1.521 -1.563 -1.597 -1.623 -1.642 -1.653 -1.658 -1.657 -1.653 -1.647 
-1.643 -1.645 -1.654 -1.671 -1.693 -1.717 -1.741 -1.765 -1.791 -1.818 
-1.850 -1.885 -1.924 -1.966 -2.011 -2.058 -2.105 -2.153 -2.200 -2.245 
-2.290 -2.332 -2.373 -2.412 -2.448 -2.482 -2.514 -2.543 -2.570 -2.595 
-2.614 
-2.568 -2.585 -2.606 -2.624 -2.640 -2.654 -2.665 -2.674 -2.680 -2.684 
-2.685 -2.685 -2.681 -2.676 -2.667 -2.657 -2.644 -2.628 -2.610 -2.589 
-2.565 -2.538 -2.509 -2.476 -2.440 -2.401 -2.359 -2.312 -2.262 -2.208 
-2.150 -2.087 -2.019 -1.948 -1.871 -1.791 -1.707 -1.621 -1.536 -1.456 
-1.385 -1.331 -1.302 -1.299 -1.320 -1.358 -1.403 -1.451 -1.499 -1.543 
-1.583 -1.617 -1.647 -1.671 -1.690 -1.703 -1.712 -1.716 -1.715 -1.711 
-1.702 -1.691 -1.677 -1.662 -1.647 -1.634 -1.624 -1.619 -1.622 -1.634 
-1.656 -1.687 -1.728 -1.776 -1.830 -1.887 -1.946 -2.004 -2.062 -2.119 
-2.173 -2.224 -2.273 -2.319 -2.362 -2.403 -2.440 -2.474 -2.506 -2.535 
-2.559 
-2.580 -2.589 -2.607 -2.623 -2.636 -2.647 -2.655 -2.662 -2.665 -2.667 
-2.666 -2.663 -2.658 -2.650 -2.640 -2.628 -2.613 -2.595 -2.575 -2.553 
-2.527 -2.499 -2.467 -2.433 -2.396 -2.355 -2.310 -2.262 -2.210 -2.154 
-2.094 -2.029 -1.959 -1.885 -1.807 -1.724 -1.638 -1.552 -1.467 -1.388 
-1.320 -1.269 -1.238 -1.227 -1.234 -1.257 -1.292 -1.333 -1.377 -1.421 
-1.461 -1.497 -1.528 -1.554 -1.574 -1.590 -1.601 -1.608 -1.611 -1.612 
-1.610 -1.608 -1.605 -1.604 -1.605 -1.610 -1.620 -1.636 -1.658 -1.687 
-1.722 -1.764 -1.811 -1.861 -1.914 -1.968 -2.022 -2.076 -2.128 -2.178 
-2.226 -2.272 -2.315 -2.356 -2.394 -2.430 -2.463 -2.493 -2.521 -2.546 
-2.572 
-2.672 -2.706 -2.723 -2.738 -2.750 -2.761 -2.769 -2.774 -2.778 -2.779 
-2.778 -2.775 -2.770 -2.762 -2.752 -2.739 -2.724 -2.707 -2.687 -2.664 
-2.639 -2.611 -2.579 -2.545 -2.508 -2.467 -2.423 -2.375 -2.323 -2.267 
-2.206 -2.140 -2.070 -1.994 -1.913 -1.828 -1.739 -1.650 -1.563 -1.480 
-1.402 -1.328 -1.260 -1.203 -1.163 -1.146 -1.153 -1.181 -1.222 -1.268 
-1.315 -1.359 -1.398 -1.432 -1.460 -1.483 -1.501 -1.515 -1.526 -1.535 
-1.544 -1.554 -1.565 -1.581 -1.601 -1.626 -1.657 -1.694 -1.735 -1.781 
-1.831 -1.883 -1.937 -1.992 -2.047 -2.102 -2.156 -2.209 -2.260 -2.309 
-2.356 -2.400 -2.442 -2.481 -2.518 -2.552 -2.584 -2.613 -2.640 -2.664 
-2.667 
-2.631 -2.630 -2.648 -2.663 -2.676 -2.687 -2.695 -2.701 -2.704 -2.704 
-2.702 -2.698 -2.691 -2.682 -2.670 -2.655 -2.637 -2.617 -2.593 -2.567 
-2.537 -2.504 -2.468 -2.428 -2.383 -2.335 -2.282 -2.224 -2.161 -2.092 
-2.017 -1.936 -1.847 -1.752 -1.650 -1.543 -1.433 -1.331 -1.258 -1.235 
-1.255 -1.295 -1.340 -1.385 -1.427 -1.469 -1.512 -1.559 -1.606 -1.651 
-1.692 -1.728 -1.758 -1.783 -1.802 -1.815 -1.824 -1.828 -1.829 -1.825 
-1.819 -1.810 -1.800 -1.789 -1.778 -1.770 -1.765 -1.766 -1.775 -1.791 
-1.816 -1.847 -1.884 -1.925 -1.970 -2.018 -2.067 -2.117 -2.166 -2.215 
-2.262 -2.308 -2.352 -2.393 -2.431 -2.467 -2.501 -2.532 -2.560 -2.586 
-2.622 
-2.790 -2.822 -2.838 -2.851 -2.861 -2.869 -2.874 -2.877 -2.877 -2.874 
-2.869 -2.862 -2.852 -2.839 -2.823 -2.805 -2.783 -2.759 -2.732 -2.701 
-2.667 -2.629 -2.588 -2.542 -2.492 -2.437 -2.377 -2.310 -2.237 -2.156 
-2.067 -1.968 -1.856 -1.731 -1.589 -1.431 -1.264 -1.114 -1.024 -1.028 
-1.113 -1.233 -1.353 -1.460 -1.553 -1.633 -1.701 -1.760 -1.811 -1.853 
-1.887 -1.915 -1.936 -1.950 -1.959 -1.961 -1.957 -1.948 -1.932 -1.910 
-1.883 -1.851 -1.814 -1.775 -1.738 -1.706 -1.685 -1.681 -1.698 -1.735 
-1.789 -1.855 -1.927 -2.002 -2.077 -2.149 -2.218 -2.283 -2.344 -2.402 
-2.456 -2.506 -2.552 -2.595 -2.634 -2.670 -2.703 -2.733 -2.759 -2.783 
-2.784 
-2.874 -2.868 -2.875 -2.880 -2.883 -2.884 -2.883 -2.879 -2.874 -2.867 
-2.858 -2.847 -2.833 -2.817 -2.799 -2.779 -2.756 -2.731 -2.703 -2.673 
-2.640 -2.604 -2.565 -2.523 -2.477 -2.428 -2.375 -2.317 -2.256 -2.189 
-2.118 -2.040 -1.956 -1.864 -1.765 -1.656 -1.542 -1.435 -1.362 -1.347 
-1.373 -1.409 -1.446 -1.486 -1.528 -1.573 -1.618 -1.663 -1.706 -1.747 
-1.784 -1.818 -1.848 -1.875 -1.899 -1.920 -1.937 -1.951 -1.962 -1.971 
-1.979 -1.986 -1.994 -2.005 -2.019 -2.035 -2.056 -2.082 -2.116 -2.159 
-2.208 -2.261 -2.315 -2.368 -2.418 -2.465 -2.509 -2.550 -2.588 -2.624 
-2.656 -2.686 -2.714 -2.740 -2.763 -2.784 -2.803 -2.820 -2.835 -2.848 
-2.871 
-3.088 -3.124 -3.132 -3.138 -3.142 -3.144 -3.143 -3.139 -3.134 -3.126 
-3.116 -3.103 -3.087 -3.070 -3.049 -3.026 -3.000 -2.971 -2.939 -2.904 
-2.865 -2.823 -2.777 -2.726 -2.672 -2.612 -2.547 -2.475 -2.397 -2.311 
-2.217 -2.113 -1.997 -1.870 -1.732 -1.588 -1.453 -1.352 -1.308 -1.325 
-1.381 -1.455 -1.531 -1.604 -1.672 -1.732 -1.784 -1.829 -1.865 -1.893 
-1.914 -1.927 -1.932 -1.930 -1.921 -1.905 -1.883 -1.855 -1.823 -1.790 
-1.761 -1.741 -1.735 -1.751 -1.790 -1.851 -1.928 -2.013 -2.102 -2.190 
-2.274 -2.354 -2.429 -2.499 -2.564 -2.625 -2.681 -2.732 -2.780 -2.825 
-2.865 -2.903 -2.937 -2.969 -2.997 -3.023 -3.046 -3.067 -3.085 -3.100 
-3.085 
-3.094 -3.094 -3.107 -3.117 -3.124 -3.129 -3.132 -3.132 -3.130 -3.126 
-3.118 -3.109 -3.097 -3.082 -3.065 -3.045 -3.022 -2.996 -2.968 -2.936 
-2.901 -2.863 -2.821 -2.775 -2.725 -2.671 -2.612 -2.548 -2.478 -2.402 
-2.319 -2.229 -2.131 -2.024 -1.907 -1.783 -1.657 -1.538 -1.440 -1.371 
-1.334 -1.338 -1.377 -1.438 -1.506 -1.572 -1.631 -1.682 -1.724 -1.756 
-1.779 -1.792 -1.796 -1.792 -1.779 -1.757 -1.727 -1.689 -1.645 -1.597 
-1.549 -1.508 -1.481 -1.479 -1.507 -1.565 -1.646 -1.741 -1.844 -1.948 
-2.049 -2.146 -2.237 -2.322 -2.402 -2.475 -2.543 -2.606 -2.665 -2.719 
-2.768 -2.814 -2.856 -2.895 -2.930 -2.962 -2.991 -3.017 -3.040 -3.061 
-3.088 
-3.152 -3.175 -3.189 -3.199 -3.207 -3.213 -3.216 -3.217 -3.215 -3.210 
-3.203 -3.194 -3.182 -3.167 -3.150 -3.130 -3.107 -3.081 -3.053 -3.021 
-2.986 -2.947 -2.905 -2.859 -2.809 -2.754 -2.695 -2.631 -2.562 -2.488 
-2.407 -2.321 -2.227 -2.127 -2.019 -1.903 -1.776 -1.640 -1.501 -1.378 
-1.302 -1.297 -1.357 -1.451 -1.553 -1.646 -1.726 -1.793 -1.847 -1.889 
-1.921 -1.943 -1.956 -1.962 -1.959 -1.950 -1.934 -1.912 -1.883 -1.850 
-1.814 -1.777 -1.745 -1.725 -1.723 -1.742 -1.783 -1.845 -1.924 -2.012 
-2.105 -2.198 -2.289 -2.375 -2.456 -2.532 -2.602 -2.668 -2.729 -2.785 
-2.837 -2.884 -2.928 -2.968 -3.005 -3.038 -3.068 -3.095 -3.120 -3.141 
-3.146 
-3.117 -3.119 -3.122 -3.123 -3.122 -3.118 -3.112 -3.103 -3.092 -3.079 
-3.063 -3.045 -3.024 -3.001 -2.974 -2.946 -2.914 -2.879 -2.842 -2.801 
-2.757 -2.710 -2.660 -2.606 -2.549 -2.489 -2.426 -2.359 -2.291 -2.220 
-2.147 -2.073 -1.999 -1.927 -1.860 -1.802 -1.753 -1.714 -1.681 -1.654 
-1.640 -1.656 -1.699 -1.752 -1.800 -1.841 -1.873 -1.898 -1.915 -1.927 
-1.933 -1.934 -1.931 -1.926 -1.919 -1.912 -1.906 -1.903 -1.905 -1.913 
-1.929 -1.953 -1.983 -2.018 -2.057 -2.103 -2.156 -2.217 -2.283 -2.352 
-2.421 -2.487 -2.551 -2.610 -2.665 -2.717 -2.765 -2.809 -2.850 -2.887 
-2.921 -2.953 -2.981 -3.007 -3.030 -3.050 -3.068 -3.083 -3.095 -3.106 
-3.115 
-3.115 -3.110 -3.110 -3.107 -3.102 -3.095 -3.085 -3.072 -3.057 -3.040 
-3.019 -2.997 -2.971 -2.943 -2.912 -2.878 -2.842 -2.803 -2.760 -2.716 
-2.668 -2.618 -2.566 -2.512 -2.458 -2.403 -2.349 -2.297 -2.248 -2.204 
-2.165 -2.131 -2.101 -2.074 -2.049 -2.026 -2.004 -1.987 -1.980 -1.985 
-2.003 -2.028 -2.055 -2.080 -2.100 -2.115 -2.123 -2.126 -2.122 -2.112 
-2.096 -2.074 -2.048 -2.016 -1.981 -1.943 -1.906 -1.871 -1.845 -1.829 
-1.827 -1.841 -1.868 -1.909 -1.964 -2.034 -2.114 -2.199 -2.283 -2.364 
-2.440 -2.510 -2.576 -2.636 -2.692 -2.743 -2.790 -2.833 -2.873 -2.909 
-2.941 -2.971 -2.997 -3.020 -3.041 -3.058 -3.074 -3.086 -3.096 -3.103 
-3.114 
-3.203 -3.222 -3.231 -3.237 -3.241 -3.242 -3.241 -3.237 -3.231 -3.222 
-3.210 -3.196 -3.180 -3.160 -3.138 -3.113 -3.085 -3.054 -3.020 -2.983 
-2.942 -2.899 -2.852 -2.801 -2.748 -2.691 -2.632 -2.569 -2.503 -2.433 
-2.360 -2.281 -2.196 -2.105 -2.009 -1.910 -1.815 -1.736 -1.682 -1.662 
-1.675 -1.714 -1.767 -1.826 -1.882 -1.933 -1.977 -2.013 -2.040 -2.059 
-2.069 -2.072 -2.067 -2.054 -2.033 -2.005 -1.970 -1.929 -1.883 -1.833 
-1.782 -1.734 -1.698 -1.683 -1.700 -1.753 -1.834 -1.933 -2.040 -2.147 
-2.249 -2.345 -2.434 -2.516 -2.592 -2.662 -2.727 -2.786 -2.841 -2.891 
-2.937 -2.979 -3.017 -3.052 -3.084 -3.112 -3.137 -3.160 -3.179 -3.196 
-3.198 
-3.185 -3.191 -3.201 -3.208 -3.213 -3.216 -3.217 -3.215 -3.211 -3.204 
-3.195 -3.184 -3.170 -3.154 -3.135 -3.113 -3.089 -3.062 -3.031 -2.998 
-2.962 -2.922 -2.878 -2.831 -2.779 -2.724 -2.663 -2.597 -2.526 -2.450 
-2.366 -2.276 -2.179 -2.075 -1.965 -1.851 -1.739 -1.636 -1.559 -1.521 
-1.525 -1.561 -1.615 -1.678 -1.743 -1.803 -1.858 -1.905 -1.946 -1.978 
-2.004 -2.024 -2.037 -2.045 -2.047 -2.045 -2.039 -2.030 -2.019 -2.006 
-1.992 -1.981 -1.974 -1.978 -1.998 -2.036 -2.088 -2.151 -2.218 -2.288 
-2.358 -2.427 -2.493 -2.557 -2.618 -2.676 -2.730 -2.781 -2.829 -2.874 
-2.916 -2.954 -2.990 -3.023 -3.053 -3.080 -3.105 -3.127 -3.147 -3.164 
-3.180 
-3.185 -3.199 -3.210 -3.220 -3.227 -3.231 -3.233 -3.232 -3.229 -3.223 
-3.215 -3.205 -3.191 -3.175 -3.157 -3.135 -3.111 -3.084 -3.053 -3.020 
-2.983 -2.942 -2.898 -2.849 -2.796 -2.738 -2.676 -2.607 -2.533 -2.452 
-2.364 -2.267 -2.162 -2.046 -1.921 -1.787 -1.650 -1.527 -1.443 -1.421 
-1.461 -1.542 -1.637 -1.732 -1.817 -1.891 -1.955 -2.007 -2.051 -2.085 
-2.111 -2.130 -2.143 -2.149 -2.149 -2.144 -2.134 -2.120 -2.102 -2.082 
-2.061 -2.041 -2.023 -2.010 -2.006 -2.015 -2.038 -2.076 -2.127 -2.189 
-2.258 -2.330 -2.403 -2.474 -2.544 -2.610 -2.672 -2.731 -2.786 -2.837 
-2.885 -2.929 -2.969 -3.007 -3.041 -3.072 -3.100 -3.125 -3.147 -3.167 
-3.180 
-3.206 -3.205 -3.213 -3.218 -3.221 -3.221 -3.219 -3.215 -3.208 -3.199 
-3.188 -3.174 -3.157 -3.138 -3.116 -3.092 -3.065 -3.035 -3.002 -2.966 
-2.926 -2.884 -2.838 -2.788 -2.734 -2.677 -2.616 -2.550 -2.481 -2.408 
-2.331 -2.252 -2.171 -2.091 -2.012 -1.937 -1.867 -1.804 -1.756 -1.736 
-1.745 -1.780 -1.834 -1.895 -1.952 -2.002 -2.043 -2.077 -2.103 -2.124 
-2.139 -2.148 -2.154 -2.155 -2.153 -2.149 -2.143 -2.138 -2.133 -2.130 
-2.131 -2.135 -2.144 -2.158 -2.178 -2.203 -2.234 -2.271 -2.314 -2.364 
-2.419 -2.479 -2.540 -2.601 -2.661 -2.717 -2.771 -2.822 -2.869 -2.912 
-2.953 -2.990 -3.024 -3.055 -3.083 -3.108 -3.131 -3.151 -3.168 -3.183 
-3.203 
-3.340 -3.370 -3.387 -3.400 -3.411 -3.419 -3.425 -3.428 -3.428 -3.426 
-3.421 -3.414 -3.404 -3.391 -3.376 -3.357 -3.336 -3.312 -3.285 -3.255 
-3.222 -3.185 -3.145 -3.101 -3.053 -3.001 -2.944 -2.883 -2.817 -2.746 
-2.670 -2.588 -2.502 -2.410 -2.312 -2.210 -2.101 -1.985 -1.864 -1.749 
-1.668 -1.650 -1.698 -1.788 -1.890 -1.986 -2.068 -2.136 -2.191 -2.234 
-2.267 -2.290 -2.304 -2.310 -2.308 -2.298 -2.282 -2.259 -2.232 -2.202 
-2.175 -2.157 -2.150 -2.155 -2.165 -2.174 -2.180 -2.188 -2.203 -2.232 
-2.276 -2.336 -2.406 -2.483 -2.562 -2.641 -2.717 -2.789 -2.857 -2.920 
-2.979 -3.033 -3.083 -3.129 -3.171 -3.210 -3.244 -3.276 -3.304 -3.329 
-3.333 
-3.375 -3.368 -3.378 -3.386 -3.391 -3.393 -3.394 -3.391 -3.387 -3.380 
-3.370 -3.358 -3.343 -3.325 -3.305 -3.282 -3.257 -3.228 -3.196 -3.161 
-3.122 -3.080 -3.034 -2.984 -2.929 -2.870 -2.805 -2.734 -2.655 -2.568 
-2.472 -2.363 -2.247 -2.142 -2.073 -2.025 -1.972 -1.913 -1.858 -1.816 
-1.793 -1.798 -1.832 -1.880 -1.929 -1.973 -2.010 -2.040 -2.061 -2.074 
-2.079 -2.075 -2.063 -2.042 -2.012 -1.974 -1.929 -1.877 -1.821 -1.768 
-1.724 -1.697 -1.694 -1.726 -1.806 -1.912 -2.022 -2.126 -2.224 -2.315 
-2.403 -2.487 -2.569 -2.647 -2.720 -2.790 -2.855 -2.915 -2.970 -3.022 
-3.069 -3.112 -3.152 -3.188 -3.221 -3.250 -3.277 -3.301 -3.321 -3.339 
-3.370 
-3.563 -3.613 -3.619 -3.623 -3.624 -3.623 -3.618 -3.612 -3.602 -3.590 
-3.575 -3.557 -3.536 -3.512 -3.485 -3.454 -3.420 -3.382 -3.340 -3.294 
-3.242 -3.186 -3.124 -3.055 -2.979 -2.894 -2.799 -2.691 -2.570 -2.431 
-2.273 -2.101 -1.936 -1.822 -1.799 -1.856 -1.942 -2.023 -2.095 -2.158 
-2.215 -2.270 -2.322 -2.369 -2.411 -2.447 -2.476 -2.498 -2.511 -2.518 
-2.516 -2.506 -2.488 -2.461 -2.425 -2.380 -2.323 -2.256 -2.175 -2.080 
-1.968 -1.845 -1.736 -1.700 -1.778 -1.938 -2.119 -2.285 -2.430 -2.558 
-2.671 -2.771 -2.862 -2.944 -3.019 -3.088 -3.151 -3.208 -3.260 -3.308 
-3.352 -3.392 -3.428 -3.461 -3.490 -3.517 -3.540 -3.560 -3.577 -3.592 
-3.561 
-3.380 -3.376 -3.383 -3.387 -3.388 -3.387 -3.383 -3.377 -3.368 -3.357 
-3.343 -3.326 -3.307 -3.284 -3.259 -3.230 -3.199 -3.164 -3.125 -3.083 
-3.036 -2.986 -2.931 -2.871 -2.805 -2.734 -2.657 -2.573 -2.482 -2.382 
-2.273 -2.155 -2.033 -1.920 -1.838 -1.788 -1.769 -1.785 -1.833 -1.901 
-1.977 -2.051 -2.119 -2.179 -2.230 -2.273 -2.307 -2.333 -2.353 -2.365 
-2.370 -2.369 -2.361 -2.348 -2.329 -2.304 -2.275 -2.242 -2.206 -2.167 
-2.127 -2.083 -2.042 -2.029 -2.077 -2.157 -2.239 -2.320 -2.399 -2.477 
-2.553 -2.627 -2.697 -2.764 -2.827 -2.887 -2.942 -2.994 -3.042 -3.086 
-3.127 -3.164 -3.198 -3.229 -3.258 -3.283 -3.305 -3.325 -3.341 -3.356 
-3.376 
-3.308 -3.312 -3.316 -3.317 -3.316 -3.312 -3.306 -3.297 -3.286 -3.272 
-3.256 -3.237 -3.215 -3.191 -3.164 -3.134 -3.101 -3.064 -3.025 -2.982 
-2.936 -2.886 -2.833 -2.776 -2.716 -2.652 -2.585 -2.516 -2.446 -2.376 
-2.308 -2.244 -2.186 -2.137 -2.097 -2.071 -2.063 -2.076 -2.103 -2.139 
-2.175 -2.209 -2.239 -2.264 -2.284 -2.298 -2.307 -2.310 -2.308 -2.301 
-2.288 -2.270 -2.246 -2.217 -2.184 -2.148 -2.110 -2.072 -2.040 -2.016 
-2.005 -2.010 -2.034 -2.074 -2.129 -2.194 -2.267 -2.344 -2.421 -2.498 
-2.571 -2.642 -2.708 -2.771 -2.829 -2.884 -2.934 -2.981 -3.025 -3.064 
-3.101 -3.134 -3.164 -3.192 -3.216 -3.238 -3.257 -3.273 -3.286 -3.298 
-3.306 
-3.315 -3.317 -3.324 -3.328 -3.329 -3.329 -3.326 -3.321 -3.314 -3.304 
-3.292 -3.278 -3.262 -3.243 -3.222 -3.198 -3.172 -3.143 -3.112 -3.078 
-3.041 -3.002 -2.960 -2.915 -2.868 -2.818 -2.765 -2.711 -2.654 -2.597 
-2.540 -2.483 -2.429 -2.379 -2.332 -2.289 -2.250 -2.217 -2.190 -2.172 
-2.164 -2.162 -2.165 -2.168 -2.171 -2.171 -2.168 -2.161 -2.150 -2.134 
-2.113 -2.088 -2.057 -2.022 -1.984 -1.943 -1.904 -1.870 -1.846 -1.838 
-1.851 -1.885 -1.937 -2.003 -2.077 -2.155 -2.234 -2.312 -2.389 -2.464 
-2.537 -2.608 -2.676 -2.739 -2.800 -2.856 -2.908 -2.957 -3.002 -3.044 
-3.082 -3.117 -3.149 -3.179 -3.205 -3.229 -3.250 -3.268 -3.284 -3.297 
-3.312 
-3.387 -3.409 -3.422 -3.433 -3.441 -3.446 -3.450 -3.450 -3.448 -3.444 
-3.437 -3.428 -3.417 -3.402 -3.385 -3.366 -3.344 -3.319 -3.291 -3.260 
-3.227 -3.190 -3.150 -3.106 -3.059 -3.008 -2.953 -2.894 -2.830 -2.762 
-2.689 -2.611 -2.528 -2.440 -2.350 -2.259 -2.173 -2.098 -2.045 -2.018 
-2.019 -2.045 -2.085 -2.133 -2.182 -2.226 -2.265 -2.296 -2.321 -2.338 
-2.347 -2.350 -2.345 -2.334 -2.317 -2.295 -2.270 -2.244 -2.221 -2.204 
-2.196 -2.194 -2.198 -2.204 -2.211 -2.223 -2.243 -2.274 -2.318 -2.372 
-2.435 -2.504 -2.576 -2.649 -2.720 -2.788 -2.853 -2.914 -2.972 -3.026 
-3.076 -3.122 -3.165 -3.204 -3.240 -3.273 -3.303 -3.330 -3.354 -3.375 
-3.378 
