IRGRID 64 91
1e+308

0.025 0.03 0.035 0.04 0.045 0.05 0.055 0.06 0.065 0.07
0.075 0.08 0.085 0.09 0.095 0.1 0.11 0.12 0.13 0.14
0.15 0.16 0.17 0.18 0.19 0.2 0.21 0.22 0.23 0.24
0.25 0.26 0.27 0.28 0.29 0.3 0.31 0.32 0.33 0.34
0.35 0.36 0.37 0.38 0.39 0.4 0.41 0.42 0.43 0.44
0.45 0.46 0.47 0.48 0.49 0.5 0.51 0.52 0.53 0.54
0.55 0.56 0.57 0.58
0 4 8 12 16 20 24 28 32 36
40 44 48 52 56 60 64 68 72 76
80 84 88 92 96 100 104 108 112 116
120 124 128 132 136 140 144 148 152 156
160 164 168 172 176 180 184 188 192 196
200 204 208 212 216 220 224 228 232 236
240 244 248 252 256 260 264 268 272 276
280 284 288 292 296 300 304 308 312 316
320 324 328 332 336 340 344 348 352 356
360
-4.000 -4.000 -4.000 -4.000 -4.000 -4.000 -4.000 -4.000 -4.000 -4.000 
-4.000 -4.000 -4.000 -4.000 -4.000 -4.000 -4.000 -4.000 -4.000 -4.000 
-3.990 -3.936 -3.867 -3.789 -3.719 -3.684 -3.703 -3.764 -3.844 -3.922 
-3.989 -4.000 -4.000 -4.000 -4.000 -4.000 -4.000 -4.000 -4.000 -4.000 
-4.000 -4.000 -4.000 -4.000 -4.000 -3.997 -3.956 -3.912 -3.864 -3.814 
-3.762 -3.709 -3.658 -3.611 -3.571 -3.541 -3.522 -3.515 -3.518 -3.525 
-3.531 -3.526 -3.504 -3.472 -3.455 -3.486 -3.565 -3.662 -3.756 -3.838 
-3.907 -3.965 -4.000 -4.000 -4.000 -4.000 -4.000 -4.000 -4.000 -4.000 
-4.000 -4.000 -4.000 -4.000 -4.000 -4.000 -4.000 -4.000 -4.000 -4.000 
-4.000 
-4.000 -4.000 -4.000 -4.000 -4.000 -4.000 -4.000 -4.000 -4.000 -4.000 
-4.000 -3.977 -3.920 -3.855 -3.784 -3.707 -3.627 -3.550 -3.483 -3.429 
-3.383 -3.334 -3.271 -3.197 -3.132 -3.102 -3.126 -3.197 -3.295 -3.400 
-3.502 -3.593 -3.673 -3.743 -3.803 -3.853 -3.896 -3.931 -3.960 -3.982 
-3.998 -4.000 -4.000 -4.000 -4.000 -3.996 -3.981 -3.960 -3.934 -3.903 
-3.867 -3.827 -3.783 -3.735 -3.686 -3.634 -3.582 -3.528 -3.471 -3.408 
-3.332 -3.242 -3.141 -3.049 -3.000 -3.020 -3.108 -3.234 -3.369 -3.497 
-3.612 -3.713 -3.802 -3.880 -3.948 -4.000 -4.000 -4.000 -4.000 -4.000 
-4.000 -4.000 -4.000 -4.000 -4.000 -4.000 -4.000 -4.000 -4.000 -4.000 
-4.000 
-3.716 -3.767 -3.766 -3.759 -3.746 -3.727 -3.700 -3.667 -3.627 -3.580 
-3.525 -3.462 -3.391 -3.313 -3.229 -3.141 -3.056 -2.983 -2.931 -2.911 
-2.923 -2.962 -3.014 -3.066 -3.111 -3.150 -3.188 -3.225 -3.255 -3.275 
-3.288 -3.303 -3.324 -3.356 -3.397 -3.444 -3.490 -3.533 -3.571 -3.603 
-3.628 -3.646 -3.658 -3.663 -3.661 -3.654 -3.641 -3.622 -3.597 -3.567 
-3.532 -3.492 -3.448 -3.402 -3.354 -3.307 -3.264 -3.230 -3.208 -3.199 
-3.204 -3.217 -3.234 -3.249 -3.271 -3.315 -3.382 -3.455 -3.522 -3.578 
-3.623 -3.657 -3.681 -3.695 -3.700 -3.697 -3.687 -3.671 -3.652 -3.633 
-3.618 -3.610 -3.612 -3.622 -3.641 -3.664 -3.689 -3.712 -3.733 -3.750 
-3.721 
-3.069 -3.126 -3.155 -3.182 -3.204 -3.223 -3.238 -3.250 -3.257 -3.261 
-3.261 -3.256 -3.247 -3.233 -3.214 -3.191 -3.163 -3.134 -3.107 -3.085 
-3.071 -3.060 -3.047 -3.028 -3.003 -2.971 -2.932 -2.889 -2.844 -2.803 
-2.771 -2.755 -2.759 -2.786 -2.831 -2.889 -2.954 -3.021 -3.086 -3.148 
-3.205 -3.257 -3.304 -3.346 -3.383 -3.415 -3.443 -3.466 -3.485 -3.499 
-3.509 -3.515 -3.516 -3.513 -3.507 -3.497 -3.486 -3.474 -3.464 -3.457 
-3.452 -3.449 -3.446 -3.440 -3.430 -3.417 -3.398 -3.374 -3.346 -3.313 
-3.277 -3.237 -3.193 -3.148 -3.100 -3.051 -3.003 -2.957 -2.916 -2.881 
-2.856 -2.843 -2.842 -2.854 -2.877 -2.907 -2.943 -2.981 -3.020 -3.057 
-3.058 
-2.689 -2.682 -2.700 -2.717 -2.731 -2.742 -2.751 -2.756 -2.759 -2.760 
-2.757 -2.752 -2.744 -2.734 -2.721 -2.706 -2.689 -2.669 -2.647 -2.623 
-2.597 -2.570 -2.541 -2.513 -2.486 -2.462 -2.444 -2.434 -2.434 -2.443 
-2.461 -2.486 -2.516 -2.551 -2.588 -2.625 -2.661 -2.695 -2.727 -2.755 
-2.781 -2.803 -2.821 -2.837 -2.849 -2.857 -2.862 -2.864 -2.862 -2.856 
-2.846 -2.832 -2.814 -2.792 -2.767 -2.738 -2.706 -2.672 -2.638 -2.607 
-2.580 -2.562 -2.555 -2.559 -2.573 -2.593 -2.616 -2.638 -2.655 -2.665 
-2.668 -2.663 -2.651 -2.634 -2.613 -2.589 -2.565 -2.542 -2.522 -2.507 
-2.497 -2.495 -2.499 -2.509 -2.525 -2.544 -2.567 -2.591 -2.615 -2.638 
-2.680 
-2.736 -2.748 -2.748 -2.745 -2.738 -2.729 -2.717 -2.702 -2.684 -2.663 
-2.639 -2.612 -2.581 -2.547 -2.510 -2.470 -2.426 -2.379 -2.328 -2.275 
-2.219 -2.161 -2.103 -2.047 -1.994 -1.949 -1.915 -1.894 -1.888 -1.897 
-1.918 -1.949 -1.985 -2.024 -2.063 -2.101 -2.136 -2.168 -2.196 -2.219 
-2.239 -2.254 -2.265 -2.271 -2.273 -2.270 -2.262 -2.250 -2.233 -2.210 
-2.182 -2.148 -2.108 -2.060 -2.003 -1.936 -1.854 -1.753 -1.627 -1.492 
-1.424 -1.490 -1.609 -1.713 -1.798 -1.874 -1.946 -2.018 -2.087 -2.154 
-2.218 -2.278 -2.332 -2.382 -2.427 -2.467 -2.502 -2.534 -2.561 -2.586 
-2.608 -2.629 -2.648 -2.666 -2.683 -2.698 -2.712 -2.724 -2.734 -2.741 
-2.737 
-2.693 -2.709 -2.709 -2.707 -2.703 -2.696 -2.686 -2.674 -2.660 -2.643 
-2.625 -2.604 -2.581 -2.556 -2.530 -2.502 -2.473 -2.443 -2.412 -2.381 
-2.350 -2.319 -2.289 -2.261 -2.235 -2.212 -2.194 -2.181 -2.175 -2.175 
-2.179 -2.185 -2.192 -2.198 -2.201 -2.200 -2.196 -2.186 -2.171 -2.150 
-2.123 -2.090 -2.051 -2.006 -1.957 -1.905 -1.851 -1.798 -1.747 -1.699 
-1.655 -1.612 -1.567 -1.516 -1.454 -1.375 -1.272 -1.140 -0.981 -0.832 
-0.769 -0.834 -0.971 -1.103 -1.209 -1.304 -1.402 -1.509 -1.621 -1.730 
-1.835 -1.932 -2.022 -2.104 -2.179 -2.247 -2.308 -2.364 -2.414 -2.460 
-2.501 -2.537 -2.569 -2.598 -2.623 -2.645 -2.663 -2.678 -2.690 -2.699 
-2.693 
-2.375 -2.418 -2.436 -2.451 -2.465 -2.475 -2.483 -2.489 -2.493 -2.494 
-2.493 -2.489 -2.483 -2.475 -2.465 -2.453 -2.439 -2.422 -2.404 -2.384 
-2.362 -2.338 -2.312 -2.284 -2.255 -2.224 -2.191 -2.156 -2.119 -2.080 
-2.039 -1.996 -1.951 -1.904 -1.856 -1.807 -1.756 -1.705 -1.653 -1.600 
-1.546 -1.491 -1.434 -1.375 -1.314 -1.254 -1.196 -1.141 -1.092 -1.049 
-1.014 -0.985 -0.960 -0.936 -0.911 -0.882 -0.844 -0.796 -0.734 -0.659 
-0.581 -0.514 -0.460 -0.452 -0.503 -0.590 -0.695 -0.811 -0.934 -1.058 
-1.178 -1.293 -1.400 -1.500 -1.593 -1.679 -1.758 -1.832 -1.900 -1.963 
-2.021 -2.074 -2.124 -2.170 -2.212 -2.250 -2.286 -2.318 -2.347 -2.373 
-2.368 
-2.002 -2.008 -2.021 -2.032 -2.041 -2.047 -2.051 -2.053 -2.052 -2.050 
-2.045 -2.037 -2.028 -2.016 -2.003 -1.986 -1.968 -1.948 -1.925 -1.899 
-1.872 -1.842 -1.810 -1.776 -1.740 -1.701 -1.660 -1.618 -1.573 -1.527 
-1.480 -1.432 -1.384 -1.336 -1.289 -1.244 -1.201 -1.162 -1.127 -1.095 
-1.068 -1.044 -1.024 -1.006 -0.989 -0.973 -0.956 -0.938 -0.919 -0.897 
-0.873 -0.844 -0.811 -0.771 -0.723 -0.666 -0.597 -0.514 -0.416 -0.300 
-0.171 -0.042 0.060 0.124 0.237 0.292 -0.058 -0.344 -0.554 -0.723 
-0.865 -0.989 -1.099 -1.197 -1.285 -1.366 -1.439 -1.506 -1.567 -1.623 
-1.674 -1.721 -1.764 -1.804 -1.840 -1.873 -1.902 -1.929 -1.953 -1.974 
-1.996 
-1.747 -1.790 -1.810 -1.828 -1.843 -1.855 -1.866 -1.874 -1.879 -1.882 
-1.883 -1.881 -1.877 -1.870 -1.861 -1.849 -1.835 -1.819 -1.799 -1.778 
-1.753 -1.726 -1.697 -1.665 -1.630 -1.593 -1.553 -1.512 -1.468 -1.423 
-1.376 -1.329 -1.281 -1.234 -1.189 -1.147 -1.108 -1.073 -1.044 -1.020 
-1.001 -0.987 -0.977 -0.970 -0.964 -0.959 -0.952 -0.944 -0.933 -0.918 
-0.898 -0.872 -0.839 -0.799 -0.750 -0.690 -0.618 -0.531 -0.425 -0.297 
-0.139 0.055 0.288 0.549 0.797 0.875 0.587 0.193 -0.111 -0.336 
-0.513 -0.659 -0.783 -0.890 -0.986 -1.071 -1.148 -1.218 -1.282 -1.342 
-1.397 -1.447 -1.495 -1.539 -1.580 -1.618 -1.653 -1.685 -1.715 -1.743 
-1.742 
-1.523 -1.514 -1.546 -1.577 -1.606 -1.633 -1.658 -1.682 -1.704 -1.724 
-1.742 -1.759 -1.773 -1.786 -1.796 -1.805 -1.811 -1.816 -1.818 -1.818 
-1.815 -1.810 -1.803 -1.792 -1.780 -1.764 -1.745 -1.724 -1.699 -1.672 
-1.642 -1.609 -1.575 -1.540 -1.504 -1.470 -1.438 -1.410 -1.386 -1.364 
-1.345 -1.327 -1.309 -1.289 -1.266 -1.239 -1.208 -1.172 -1.130 -1.082 
-1.027 -0.965 -0.895 -0.817 -0.728 -0.628 -0.514 -0.383 -0.232 -0.054 
0.157 0.395 0.615 0.732 0.716 0.632 0.395 0.156 -0.045 -0.202 
-0.330 -0.440 -0.535 -0.620 -0.697 -0.768 -0.833 -0.894 -0.951 -1.006 
-1.058 -1.108 -1.156 -1.202 -1.246 -1.289 -1.331 -1.370 -1.409 -1.445 
-1.507 
-1.860 -1.942 -1.965 -1.985 -2.003 -2.020 -2.034 -2.047 -2.058 -2.066 
-2.072 -2.076 -2.078 -2.077 -2.074 -2.068 -2.059 -2.047 -2.032 -2.014 
-1.992 -1.966 -1.937 -1.904 -1.867 -1.827 -1.782 -1.734 -1.681 -1.626 
-1.569 -1.509 -1.450 -1.394 -1.341 -1.297 -1.261 -1.238 -1.226 -1.225 
-1.232 -1.246 -1.263 -1.281 -1.297 -1.310 -1.318 -1.321 -1.318 -1.308 
-1.290 -1.265 -1.231 -1.187 -1.133 -1.067 -0.988 -0.892 -0.777 -0.636 
-0.463 -0.252 -0.015 0.186 0.378 0.324 0.350 0.158 -0.149 -0.423 
-0.631 -0.794 -0.928 -1.040 -1.138 -1.224 -1.301 -1.371 -1.434 -1.492 
-1.546 -1.596 -1.643 -1.686 -1.727 -1.765 -1.800 -1.833 -1.863 -1.892 
-1.857 
-1.845 -1.852 -1.869 -1.886 -1.902 -1.919 -1.936 -1.953 -1.970 -1.987 
-2.004 -2.021 -2.037 -2.053 -2.069 -2.083 -2.097 -2.109 -2.120 -2.129 
-2.136 -2.141 -2.143 -2.142 -2.139 -2.132 -2.121 -2.107 -2.088 -2.066 
-2.039 -2.009 -1.975 -1.941 -1.906 -1.875 -1.848 -1.828 -1.815 -1.808 
-1.806 -1.807 -1.807 -1.805 -1.800 -1.790 -1.775 -1.755 -1.728 -1.695 
-1.656 -1.609 -1.555 -1.493 -1.422 -1.341 -1.247 -1.139 -1.012 -0.860 
-0.673 -0.429 -0.078 0.401 0.734 0.577 0.210 -0.139 -0.426 -0.641 
-0.809 -0.945 -1.058 -1.154 -1.238 -1.311 -1.376 -1.433 -1.485 -1.531 
-1.573 -1.610 -1.644 -1.675 -1.704 -1.730 -1.753 -1.775 -1.796 -1.815 
-1.840 
-1.812 -1.825 -1.858 -1.888 -1.918 -1.946 -1.973 -1.998 -2.023 -2.046 
-2.067 -2.088 -2.107 -2.124 -2.141 -2.156 -2.169 -2.181 -2.192 -2.201 
-2.208 -2.214 -2.218 -2.220 -2.221 -2.220 -2.217 -2.212 -2.206 -2.198 
-2.187 -2.175 -2.161 -2.145 -2.127 -2.106 -2.084 -2.059 -2.032 -2.003 
-1.971 -1.938 -1.901 -1.862 -1.821 -1.777 -1.731 -1.681 -1.629 -1.573 
-1.514 -1.451 -1.384 -1.311 -1.232 -1.146 -1.050 -0.943 -0.820 -0.678 
-0.508 -0.297 -0.022 0.356 0.739 0.797 0.534 0.181 -0.091 -0.296 
-0.465 -0.608 -0.732 -0.840 -0.936 -1.021 -1.099 -1.170 -1.236 -1.297 
-1.354 -1.408 -1.460 -1.508 -1.554 -1.598 -1.641 -1.681 -1.719 -1.756 
-1.798 
-2.070 -2.105 -2.137 -2.167 -2.195 -2.221 -2.244 -2.265 -2.284 -2.302 
-2.317 -2.330 -2.341 -2.350 -2.357 -2.362 -2.365 -2.366 -2.366 -2.363 
-2.358 -2.351 -2.343 -2.332 -2.319 -2.304 -2.288 -2.269 -2.247 -2.224 
-2.198 -2.171 -2.140 -2.107 -2.072 -2.034 -1.993 -1.948 -1.901 -1.848 
-1.791 -1.729 -1.659 -1.581 -1.498 -1.416 -1.350 -1.311 -1.293 -1.279 
-1.261 -1.234 -1.199 -1.158 -1.112 -1.061 -1.005 -0.943 -0.874 -0.794 
-0.701 -0.587 -0.441 -0.235 0.074 0.281 0.211 -0.037 -0.150 -0.278 
-0.429 -0.587 -0.738 -0.877 -1.003 -1.118 -1.222 -1.316 -1.403 -1.483 
-1.557 -1.625 -1.689 -1.748 -1.804 -1.856 -1.904 -1.950 -1.993 -2.032 
-2.058 
-2.514 -2.598 -2.625 -2.649 -2.670 -2.689 -2.706 -2.720 -2.731 -2.741 
-2.748 -2.753 -2.755 -2.756 -2.754 -2.750 -2.743 -2.734 -2.723 -2.710 
-2.694 -2.676 -2.655 -2.632 -2.606 -2.577 -2.545 -2.510 -2.472 -2.431 
-2.385 -2.336 -2.283 -2.225 -2.163 -2.094 -2.020 -1.938 -1.848 -1.750 
-1.641 -1.521 -1.390 -1.252 -1.114 -0.995 -0.917 -0.893 -0.917 -0.968 
-1.025 -1.074 -1.110 -1.132 -1.140 -1.134 -1.116 -1.084 -1.038 -0.976 
-0.895 -0.789 -0.648 -0.449 -0.111 0.296 0.468 0.081 -0.413 -0.696 
-0.910 -1.094 -1.256 -1.400 -1.528 -1.644 -1.749 -1.844 -1.931 -2.011 
-2.084 -2.152 -2.214 -2.272 -2.325 -2.374 -2.420 -2.462 -2.500 -2.536 
-2.509 
-2.457 -2.462 -2.486 -2.507 -2.525 -2.541 -2.555 -2.566 -2.575 -2.582 
-2.587 -2.589 -2.590 -2.588 -2.584 -2.577 -2.569 -2.558 -2.545 -2.530 
-2.513 -2.493 -2.471 -2.447 -2.420 -2.390 -2.358 -2.324 -2.286 -2.246 
-2.203 -2.157 -2.108 -2.057 -2.002 -1.944 -1.883 -1.819 -1.752 -1.684 
-1.613 -1.540 -1.466 -1.391 -1.315 -1.243 -1.186 -1.150 -1.132 -1.121 
-1.110 -1.096 -1.079 -1.059 -1.033 -1.002 -0.964 -0.917 -0.859 -0.789 
-0.705 -0.605 -0.491 -0.372 -0.258 -0.103 0.015 -0.368 -0.601 -0.797 
-0.972 -1.127 -1.266 -1.390 -1.503 -1.605 -1.698 -1.783 -1.861 -1.933 
-1.999 -2.060 -2.117 -2.169 -2.217 -2.262 -2.303 -2.341 -2.375 -2.407 
-2.446 
-2.429 -2.458 -2.479 -2.497 -2.513 -2.527 -2.538 -2.547 -2.554 -2.558 
-2.560 -2.560 -2.557 -2.553 -2.546 -2.536 -2.525 -2.511 -2.495 -2.477 
-2.456 -2.433 -2.407 -2.379 -2.348 -2.314 -2.278 -2.239 -2.197 -2.152 
-2.103 -2.052 -1.997 -1.940 -1.879 -1.815 -1.750 -1.682 -1.614 -1.547 
-1.483 -1.424 -1.373 -1.330 -1.297 -1.274 -1.260 -1.251 -1.246 -1.242 
-1.237 -1.230 -1.220 -1.204 -1.182 -1.152 -1.114 -1.064 -1.003 -0.927 
-0.834 -0.721 -0.593 -0.465 -0.362 -0.303 -0.314 -0.420 -0.593 -0.787 
-0.970 -1.134 -1.279 -1.408 -1.523 -1.626 -1.719 -1.804 -1.881 -1.952 
-2.017 -2.077 -2.132 -2.182 -2.228 -2.271 -2.310 -2.345 -2.378 -2.407 
-2.421 
-2.375 -2.382 -2.402 -2.419 -2.434 -2.447 -2.458 -2.467 -2.473 -2.478 
-2.481 -2.481 -2.480 -2.477 -2.472 -2.465 -2.456 -2.446 -2.433 -2.419 
-2.403 -2.385 -2.366 -2.344 -2.321 -2.296 -2.269 -2.240 -2.210 -2.178 
-2.144 -2.108 -2.071 -2.032 -1.991 -1.949 -1.905 -1.859 -1.813 -1.766 
-1.718 -1.672 -1.627 -1.584 -1.545 -1.508 -1.475 -1.443 -1.412 -1.383 
-1.352 -1.319 -1.283 -1.241 -1.193 -1.136 -1.069 -0.990 -0.896 -0.784 
-0.653 -0.506 -0.361 -0.262 -0.254 -0.337 -0.468 -0.626 -0.791 -0.946 
-1.089 -1.219 -1.338 -1.446 -1.544 -1.633 -1.715 -1.790 -1.859 -1.922 
-1.981 -2.034 -2.084 -2.130 -2.172 -2.211 -2.246 -2.279 -2.309 -2.336 
-2.367 
-2.450 -2.481 -2.508 -2.532 -2.553 -2.572 -2.589 -2.603 -2.615 -2.625 
-2.632 -2.637 -2.640 -2.641 -2.639 -2.636 -2.630 -2.622 -2.612 -2.600 
-2.585 -2.568 -2.550 -2.528 -2.505 -2.479 -2.451 -2.421 -2.387 -2.352 
-2.314 -2.273 -2.229 -2.182 -2.133 -2.080 -2.024 -1.966 -1.904 -1.839 
-1.772 -1.703 -1.632 -1.561 -1.492 -1.426 -1.364 -1.309 -1.261 -1.221 
-1.190 -1.169 -1.157 -1.152 -1.149 -1.144 -1.134 -1.115 -1.085 -1.042 
-0.983 -0.906 -0.815 -0.735 -0.708 -0.730 -0.759 -0.789 -0.836 -0.907 
-0.999 -1.105 -1.217 -1.329 -1.438 -1.542 -1.639 -1.730 -1.814 -1.893 
-1.965 -2.033 -2.095 -2.153 -2.207 -2.256 -2.302 -2.344 -2.383 -2.419 
-2.440 
-2.490 -2.515 -2.548 -2.578 -2.606 -2.631 -2.653 -2.672 -2.690 -2.704 
-2.717 -2.727 -2.735 -2.741 -2.744 -2.745 -2.744 -2.740 -2.735 -2.727 
-2.717 -2.704 -2.689 -2.672 -2.652 -2.630 -2.605 -2.578 -2.547 -2.514 
-2.478 -2.439 -2.397 -2.352 -2.303 -2.250 -2.194 -2.133 -2.068 -1.999 
-1.926 -1.848 -1.765 -1.677 -1.585 -1.490 -1.392 -1.293 -1.199 -1.114 
-1.045 -0.999 -0.978 -0.980 -0.997 -1.023 -1.051 -1.076 -1.097 -1.111 
-1.117 -1.116 -1.107 -1.091 -1.070 -1.045 -1.023 -1.010 -1.011 -1.031 
-1.070 -1.128 -1.202 -1.288 -1.382 -1.478 -1.575 -1.668 -1.757 -1.842 
-1.922 -1.997 -2.067 -2.132 -2.193 -2.250 -2.303 -2.352 -2.398 -2.440 
-2.476 
-2.592 -2.610 -2.639 -2.666 -2.689 -2.711 -2.730 -2.747 -2.762 -2.774 
-2.784 -2.792 -2.798 -2.802 -2.804 -2.803 -2.800 -2.796 -2.789 -2.780 
-2.768 -2.754 -2.739 -2.720 -2.700 -2.676 -2.651 -2.622 -2.591 -2.558 
-2.521 -2.481 -2.438 -2.392 -2.343 -2.290 -2.234 -2.175 -2.113 -2.047 
-1.980 -1.911 -1.842 -1.770 -1.698 -1.624 -1.547 -1.469 -1.391 -1.316 
-1.250 -1.197 -1.158 -1.135 -1.124 -1.122 -1.127 -1.134 -1.141 -1.147 
-1.148 -1.145 -1.137 -1.131 -1.141 -1.170 -1.211 -1.253 -1.295 -1.341 
-1.393 -1.454 -1.522 -1.597 -1.674 -1.752 -1.828 -1.903 -1.974 -2.042 
-2.107 -2.169 -2.227 -2.282 -2.333 -2.382 -2.427 -2.469 -2.509 -2.545 
-2.581 
-2.842 -2.887 -2.906 -2.922 -2.936 -2.947 -2.956 -2.963 -2.967 -2.969 
-2.969 -2.966 -2.961 -2.954 -2.945 -2.933 -2.919 -2.902 -2.884 -2.862 
-2.839 -2.813 -2.784 -2.752 -2.718 -2.682 -2.642 -2.600 -2.554 -2.506 
-2.454 -2.400 -2.342 -2.281 -2.217 -2.151 -2.082 -2.011 -1.941 -1.872 
-1.806 -1.747 -1.696 -1.655 -1.623 -1.600 -1.583 -1.569 -1.555 -1.539 
-1.520 -1.498 -1.472 -1.444 -1.412 -1.374 -1.331 -1.281 -1.229 -1.177 
-1.125 -1.066 -1.003 -0.960 -0.969 -1.046 -1.172 -1.317 -1.459 -1.590 
-1.709 -1.817 -1.916 -2.007 -2.092 -2.171 -2.244 -2.313 -2.378 -2.438 
-2.494 -2.546 -2.595 -2.639 -2.681 -2.719 -2.754 -2.787 -2.816 -2.842 
-2.837 
-2.831 -2.836 -2.845 -2.852 -2.856 -2.859 -2.859 -2.858 -2.854 -2.848 
-2.841 -2.831 -2.819 -2.806 -2.790 -2.772 -2.752 -2.731 -2.707 -2.681 
-2.653 -2.623 -2.591 -2.557 -2.521 -2.484 -2.444 -2.403 -2.360 -2.315 
-2.270 -2.223 -2.176 -2.128 -2.081 -2.034 -1.988 -1.943 -1.900 -1.858 
-1.819 -1.783 -1.749 -1.717 -1.688 -1.660 -1.632 -1.602 -1.570 -1.533 
-1.491 -1.442 -1.386 -1.322 -1.250 -1.172 -1.091 -1.018 -0.965 -0.951 
-0.981 -1.046 -1.127 -1.209 -1.298 -1.409 -1.534 -1.658 -1.774 -1.880 
-1.975 -2.062 -2.141 -2.213 -2.279 -2.340 -2.396 -2.448 -2.495 -2.539 
-2.579 -2.616 -2.650 -2.681 -2.709 -2.735 -2.757 -2.778 -2.796 -2.811 
-2.827 
-2.797 -2.800 -2.806 -2.810 -2.811 -2.811 -2.808 -2.803 -2.796 -2.787 
-2.776 -2.762 -2.746 -2.728 -2.707 -2.684 -2.659 -2.631 -2.601 -2.568 
-2.533 -2.495 -2.454 -2.410 -2.364 -2.314 -2.261 -2.205 -2.146 -2.083 
-2.017 -1.948 -1.877 -1.805 -1.736 -1.677 -1.631 -1.601 -1.585 -1.576 
-1.571 -1.566 -1.560 -1.554 -1.546 -1.536 -1.523 -1.506 -1.485 -1.460 
-1.429 -1.392 -1.349 -1.300 -1.246 -1.190 -1.135 -1.090 -1.063 -1.066 
-1.105 -1.176 -1.270 -1.374 -1.483 -1.589 -1.692 -1.788 -1.879 -1.964 
-2.042 -2.116 -2.184 -2.247 -2.305 -2.360 -2.410 -2.457 -2.500 -2.539 
-2.576 -2.609 -2.640 -2.668 -2.693 -2.716 -2.736 -2.753 -2.768 -2.781 
-2.794 
-2.777 -2.796 -2.797 -2.796 -2.793 -2.787 -2.779 -2.769 -2.756 -2.741 
-2.723 -2.702 -2.679 -2.654 -2.625 -2.594 -2.559 -2.521 -2.480 -2.435 
-2.387 -2.335 -2.278 -2.217 -2.151 -2.079 -2.002 -1.919 -1.829 -1.733 
-1.630 -1.521 -1.410 -1.299 -1.198 -1.118 -1.068 -1.056 -1.077 -1.120 
-1.173 -1.228 -1.280 -1.325 -1.363 -1.393 -1.416 -1.431 -1.439 -1.440 
-1.433 -1.418 -1.395 -1.364 -1.326 -1.284 -1.241 -1.205 -1.185 -1.191 
-1.228 -1.294 -1.382 -1.483 -1.587 -1.690 -1.789 -1.882 -1.969 -2.050 
-2.125 -2.194 -2.258 -2.317 -2.372 -2.422 -2.468 -2.511 -2.550 -2.585 
-2.618 -2.647 -2.674 -2.698 -2.719 -2.737 -2.753 -2.766 -2.777 -2.786 
-2.775 
-2.622 -2.608 -2.604 -2.597 -2.589 -2.578 -2.565 -2.550 -2.532 -2.512 
-2.490 -2.465 -2.438 -2.407 -2.374 -2.339 -2.300 -2.258 -2.212 -2.163 
-2.110 -2.053 -1.991 -1.925 -1.854 -1.776 -1.693 -1.603 -1.506 -1.400 
-1.286 -1.163 -1.032 -0.895 -0.754 -0.625 -0.560 -0.583 -0.644 -0.716 
-0.792 -0.867 -0.937 -1.001 -1.059 -1.110 -1.155 -1.196 -1.234 -1.269 
-1.302 -1.334 -1.364 -1.394 -1.422 -1.449 -1.474 -1.499 -1.527 -1.562 
-1.608 -1.665 -1.729 -1.796 -1.862 -1.925 -1.985 -2.042 -2.096 -2.146 
-2.193 -2.237 -2.278 -2.317 -2.353 -2.386 -2.417 -2.445 -2.471 -2.495 
-2.516 -2.535 -2.552 -2.567 -2.579 -2.590 -2.598 -2.604 -2.608 -2.610 
-2.623 
-2.625 -2.628 -2.623 -2.616 -2.607 -2.596 -2.582 -2.565 -2.546 -2.524 
-2.500 -2.472 -2.442 -2.408 -2.371 -2.331 -2.287 -2.240 -2.188 -2.132 
-2.071 -2.005 -1.934 -1.857 -1.773 -1.683 -1.585 -1.479 -1.365 -1.241 
-1.108 -0.963 -0.804 -0.626 -0.436 -0.273 -0.215 -0.289 -0.431 -0.576 
-0.707 -0.825 -0.931 -1.026 -1.110 -1.183 -1.247 -1.301 -1.347 -1.387 
-1.421 -1.451 -1.478 -1.503 -1.527 -1.552 -1.578 -1.606 -1.638 -1.673 
-1.711 -1.754 -1.799 -1.846 -1.895 -1.945 -1.995 -2.045 -2.094 -2.142 
-2.187 -2.231 -2.273 -2.313 -2.350 -2.385 -2.418 -2.448 -2.476 -2.502 
-2.525 -2.546 -2.564 -2.580 -2.594 -2.606 -2.615 -2.622 -2.627 -2.629 
-2.624 
-2.537 -2.537 -2.519 -2.499 -2.477 -2.452 -2.425 -2.395 -2.362 -2.327 
-2.289 -2.248 -2.204 -2.157 -2.106 -2.052 -1.994 -1.932 -1.866 -1.795 
-1.720 -1.639 -1.553 -1.462 -1.364 -1.260 -1.151 -1.035 -0.914 -0.788 
-0.660 -0.531 -0.403 -0.278 -0.159 -0.079 -0.078 -0.132 -0.205 -0.291 
-0.390 -0.501 -0.619 -0.740 -0.860 -0.976 -1.087 -1.191 -1.289 -1.379 
-1.462 -1.539 -1.610 -1.675 -1.735 -1.791 -1.843 -1.893 -1.941 -1.987 
-2.032 -2.077 -2.120 -2.163 -2.204 -2.244 -2.282 -2.318 -2.352 -2.384 
-2.414 -2.442 -2.467 -2.490 -2.511 -2.529 -2.546 -2.560 -2.572 -2.582 
-2.590 -2.595 -2.599 -2.600 -2.600 -2.597 -2.592 -2.586 -2.577 -2.566 
-2.543 
-2.344 -2.328 -2.315 -2.301 -2.284 -2.266 -2.245 -2.223 -2.198 -2.172 
-2.143 -2.111 -2.078 -2.041 -2.002 -1.960 -1.914 -1.866 -1.814 -1.757 
-1.697 -1.632 -1.562 -1.486 -1.404 -1.315 -1.217 -1.110 -0.992 -0.861 
-0.714 -0.546 -0.354 -0.142 0.051 0.153 0.110 -0.047 -0.237 -0.409 
-0.558 -0.691 -0.811 -0.921 -1.021 -1.112 -1.196 -1.274 -1.345 -1.412 
-1.474 -1.532 -1.587 -1.638 -1.688 -1.734 -1.779 -1.821 -1.862 -1.901 
-1.938 -1.973 -2.007 -2.039 -2.070 -2.099 -2.127 -2.153 -2.178 -2.201 
-2.223 -2.243 -2.262 -2.279 -2.295 -2.310 -2.322 -2.334 -2.344 -2.352 
-2.359 -2.364 -2.368 -2.370 -2.370 -2.369 -2.367 -2.362 -2.356 -2.349 
-2.348 
-2.286 -2.272 -2.260 -2.246 -2.230 -2.212 -2.193 -2.171 -2.148 -2.123 
-2.096 -2.067 -2.035 -2.001 -1.965 -1.927 -1.886 -1.842 -1.795 -1.746 
-1.693 -1.636 -1.575 -1.510 -1.440 -1.364 -1.282 -1.191 -1.091 -0.979 
-0.851 -0.704 -0.532 -0.331 -0.110 0.072 0.131 0.031 -0.165 -0.375 
-0.562 -0.722 -0.860 -0.979 -1.084 -1.178 -1.262 -1.339 -1.409 -1.473 
-1.533 -1.588 -1.640 -1.688 -1.734 -1.777 -1.818 -1.856 -1.892 -1.927 
-1.960 -1.991 -2.020 -2.048 -2.074 -2.099 -2.122 -2.145 -2.165 -2.185 
-2.203 -2.219 -2.235 -2.249 -2.262 -2.273 -2.284 -2.293 -2.300 -2.306 
-2.311 -2.315 -2.317 -2.318 -2.317 -2.315 -2.312 -2.307 -2.301 -2.293 
-2.289 
-2.356 -2.330 -2.307 -2.282 -2.255 -2.226 -2.195 -2.162 -2.127 -2.090 
-2.051 -2.010 -1.967 -1.921 -1.874 -1.824 -1.773 -1.719 -1.663 -1.605 
-1.544 -1.481 -1.415 -1.347 -1.274 -1.198 -1.117 -1.031 -0.938 -0.839 
-0.735 -0.629 -0.521 -0.410 -0.295 -0.187 -0.135 -0.189 -0.309 -0.451 
-0.597 -0.736 -0.865 -0.983 -1.092 -1.192 -1.286 -1.374 -1.458 -1.536 
-1.610 -1.679 -1.744 -1.805 -1.863 -1.916 -1.967 -2.014 -2.058 -2.099 
-2.137 -2.173 -2.207 -2.238 -2.267 -2.293 -2.318 -2.340 -2.360 -2.379 
-2.395 -2.410 -2.423 -2.434 -2.443 -2.451 -2.456 -2.460 -2.463 -2.463 
-2.462 -2.459 -2.454 -2.447 -2.439 -2.429 -2.417 -2.403 -2.388 -2.370 
-2.365 
-2.629 -2.635 -2.613 -2.589 -2.562 -2.533 -2.502 -2.468 -2.432 -2.393 
-2.351 -2.306 -2.259 -2.208 -2.154 -2.097 -2.037 -1.972 -1.903 -1.830 
-1.752 -1.669 -1.580 -1.485 -1.383 -1.273 -1.156 -1.031 -0.902 -0.773 
-0.657 -0.567 -0.512 -0.491 -0.492 -0.504 -0.526 -0.568 -0.627 -0.695 
-0.764 -0.834 -0.904 -0.977 -1.052 -1.130 -1.212 -1.297 -1.383 -1.469 
-1.555 -1.638 -1.720 -1.798 -1.872 -1.943 -2.011 -2.074 -2.134 -2.191 
-2.244 -2.294 -2.341 -2.385 -2.425 -2.463 -2.498 -2.531 -2.560 -2.588 
-2.613 -2.635 -2.655 -2.673 -2.689 -2.702 -2.714 -2.723 -2.730 -2.735 
-2.738 -2.739 -2.738 -2.735 -2.730 -2.723 -2.713 -2.702 -2.688 -2.673 
-2.634 
-2.740 -2.716 -2.692 -2.666 -2.637 -2.606 -2.572 -2.536 -2.497 -2.455 
-2.410 -2.363 -2.312 -2.258 -2.201 -2.140 -2.076 -2.008 -1.937 -1.862 
-1.784 -1.702 -1.617 -1.529 -1.438 -1.345 -1.249 -1.151 -1.050 -0.945 
-0.839 -0.750 -0.703 -0.695 -0.695 -0.691 -0.684 -0.680 -0.689 -0.716 
-0.766 -0.838 -0.927 -1.026 -1.129 -1.232 -1.332 -1.429 -1.522 -1.611 
-1.697 -1.778 -1.857 -1.931 -2.003 -2.071 -2.135 -2.197 -2.255 -2.309 
-2.361 -2.409 -2.454 -2.497 -2.536 -2.573 -2.607 -2.638 -2.667 -2.693 
-2.717 -2.739 -2.758 -2.775 -2.789 -2.802 -2.812 -2.821 -2.827 -2.831 
-2.833 -2.833 -2.831 -2.826 -2.820 -2.811 -2.801 -2.788 -2.773 -2.756 
-2.748 
-2.880 -2.867 -2.849 -2.829 -2.806 -2.780 -2.752 -2.722 -2.688 -2.652 
-2.613 -2.570 -2.524 -2.475 -2.421 -2.364 -2.303 -2.237 -2.166 -2.090 
-2.009 -1.921 -1.825 -1.722 -1.610 -1.487 -1.350 -1.198 -1.027 -0.843 
-0.666 -0.542 -0.516 -0.583 -0.690 -0.793 -0.874 -0.936 -0.985 -1.030 
-1.076 -1.128 -1.184 -1.244 -1.306 -1.367 -1.427 -1.485 -1.542 -1.600 
-1.660 -1.722 -1.785 -1.850 -1.916 -1.982 -2.048 -2.113 -2.175 -2.236 
-2.294 -2.350 -2.403 -2.453 -2.501 -2.546 -2.588 -2.627 -2.664 -2.698 
-2.730 -2.759 -2.786 -2.810 -2.832 -2.852 -2.869 -2.884 -2.897 -2.908 
-2.916 -2.923 -2.927 -2.929 -2.929 -2.927 -2.922 -2.916 -2.907 -2.896 
-2.884 
-3.057 -3.058 -3.037 -3.014 -2.988 -2.960 -2.929 -2.896 -2.860 -2.821 
-2.779 -2.734 -2.685 -2.634 -2.578 -2.518 -2.455 -2.386 -2.313 -2.235 
-2.151 -2.061 -1.964 -1.860 -1.749 -1.631 -1.506 -1.376 -1.242 -1.108 
-0.980 -0.877 -0.825 -0.808 -0.785 -0.774 -0.824 -0.890 -0.935 -0.962 
-0.985 -1.014 -1.058 -1.124 -1.211 -1.313 -1.423 -1.534 -1.643 -1.748 
-1.847 -1.941 -2.029 -2.114 -2.194 -2.270 -2.342 -2.410 -2.474 -2.535 
-2.592 -2.646 -2.697 -2.744 -2.788 -2.830 -2.868 -2.903 -2.936 -2.966 
-2.994 -3.019 -3.042 -3.063 -3.081 -3.096 -3.110 -3.121 -3.131 -3.138 
-3.143 -3.146 -3.147 -3.145 -3.142 -3.136 -3.129 -3.119 -3.107 -3.093 
-3.062 
-3.029 -3.005 -2.982 -2.958 -2.932 -2.904 -2.874 -2.841 -2.806 -2.769 
-2.729 -2.687 -2.643 -2.595 -2.545 -2.492 -2.436 -2.376 -2.313 -2.245 
-2.174 -2.097 -2.015 -1.927 -1.832 -1.728 -1.616 -1.494 -1.365 -1.233 
-1.108 -0.986 -0.849 -0.682 -0.524 -0.456 -0.537 -0.715 -0.907 -1.071 
-1.202 -1.308 -1.403 -1.494 -1.586 -1.679 -1.771 -1.861 -1.948 -2.032 
-2.112 -2.189 -2.263 -2.333 -2.399 -2.462 -2.521 -2.576 -2.628 -2.677 
-2.723 -2.765 -2.805 -2.842 -2.876 -2.907 -2.937 -2.963 -2.988 -3.010 
-3.030 -3.048 -3.064 -3.078 -3.090 -3.100 -3.108 -3.114 -3.119 -3.121 
-3.122 -3.120 -3.117 -3.112 -3.105 -3.096 -3.086 -3.073 -3.059 -3.043 
-3.036 
-3.049 -3.036 -3.016 -2.994 -2.969 -2.942 -2.912 -2.879 -2.844 -2.805 
-2.764 -2.719 -2.671 -2.620 -2.564 -2.504 -2.440 -2.371 -2.296 -2.216 
-2.129 -2.034 -1.931 -1.818 -1.694 -1.558 -1.411 -1.254 -1.097 -0.960 
-0.866 -0.829 -0.835 -0.851 -0.849 -0.858 -0.944 -1.063 -1.166 -1.246 
-1.310 -1.363 -1.410 -1.453 -1.496 -1.542 -1.592 -1.648 -1.709 -1.777 
-1.849 -1.924 -2.000 -2.076 -2.151 -2.223 -2.294 -2.361 -2.426 -2.487 
-2.545 -2.599 -2.650 -2.698 -2.744 -2.786 -2.825 -2.861 -2.895 -2.926 
-2.955 -2.981 -3.005 -3.026 -3.045 -3.062 -3.076 -3.088 -3.098 -3.106 
-3.112 -3.116 -3.118 -3.117 -3.115 -3.110 -3.103 -3.094 -3.083 -3.070 
-3.054 
-3.075 -3.052 -3.030 -3.007 -2.980 -2.951 -2.920 -2.886 -2.849 -2.809 
-2.766 -2.720 -2.671 -2.617 -2.560 -2.499 -2.434 -2.364 -2.288 -2.207 
-2.120 -2.027 -1.926 -1.817 -1.700 -1.575 -1.443 -1.309 -1.176 -1.051 
-0.943 -0.860 -0.809 -0.792 -0.807 -0.847 -0.901 -0.962 -1.024 -1.085 
-1.144 -1.202 -1.261 -1.328 -1.406 -1.492 -1.584 -1.676 -1.768 -1.857 
-1.943 -2.027 -2.108 -2.186 -2.260 -2.330 -2.397 -2.461 -2.521 -2.578 
-2.631 -2.682 -2.729 -2.773 -2.814 -2.853 -2.889 -2.922 -2.953 -2.981 
-3.007 -3.031 -3.052 -3.071 -3.088 -3.102 -3.115 -3.125 -3.134 -3.140 
-3.144 -3.146 -3.146 -3.144 -3.140 -3.134 -3.126 -3.115 -3.103 -3.088 
-3.082 
-3.195 -3.185 -3.161 -3.134 -3.105 -3.073 -3.038 -3.000 -2.959 -2.914 
-2.866 -2.814 -2.758 -2.698 -2.633 -2.563 -2.488 -2.407 -2.319 -2.224 
-2.121 -2.009 -1.889 -1.759 -1.622 -1.482 -1.345 -1.225 -1.130 -1.061 
-1.010 -0.983 -0.997 -1.038 -1.082 -1.122 -1.152 -1.170 -1.174 -1.167 
-1.151 -1.137 -1.138 -1.168 -1.234 -1.333 -1.450 -1.576 -1.700 -1.821 
-1.935 -2.043 -2.145 -2.240 -2.330 -2.413 -2.491 -2.564 -2.632 -2.696 
-2.755 -2.810 -2.862 -2.910 -2.954 -2.995 -3.033 -3.068 -3.101 -3.130 
-3.157 -3.181 -3.203 -3.223 -3.240 -3.254 -3.267 -3.277 -3.285 -3.290 
-3.294 -3.295 -3.294 -3.291 -3.286 -3.278 -3.269 -3.257 -3.242 -3.226 
-3.202 
-3.257 -3.241 -3.222 -3.200 -3.176 -3.149 -3.120 -3.087 -3.052 -3.013 
-2.971 -2.926 -2.877 -2.824 -2.767 -2.705 -2.638 -2.565 -2.487 -2.402 
-2.309 -2.208 -2.097 -1.976 -1.843 -1.697 -1.539 -1.367 -1.183 -0.991 
-0.822 -0.731 -0.752 -0.854 -0.978 -1.091 -1.181 -1.248 -1.295 -1.326 
-1.345 -1.355 -1.365 -1.382 -1.412 -1.453 -1.505 -1.565 -1.636 -1.716 
-1.804 -1.896 -1.990 -2.083 -2.175 -2.263 -2.347 -2.427 -2.502 -2.574 
-2.641 -2.703 -2.762 -2.817 -2.869 -2.917 -2.961 -3.003 -3.041 -3.077 
-3.110 -3.140 -3.167 -3.192 -3.214 -3.234 -3.251 -3.266 -3.279 -3.289 
-3.298 -3.304 -3.307 -3.309 -3.308 -3.306 -3.300 -3.293 -3.283 -3.272 
-3.262 
-3.321 -3.306 -3.288 -3.268 -3.245 -3.219 -3.191 -3.159 -3.125 -3.088 
-3.047 -3.003 -2.956 -2.904 -2.848 -2.788 -2.723 -2.652 -2.575 -2.492 
-2.401 -2.301 -2.192 -2.071 -1.935 -1.784 -1.613 -1.424 -1.230 -1.063 
-0.938 -0.873 -0.895 -0.984 -1.094 -1.197 -1.283 -1.350 -1.400 -1.435 
-1.456 -1.468 -1.474 -1.477 -1.483 -1.498 -1.526 -1.568 -1.625 -1.698 
-1.782 -1.874 -1.971 -2.069 -2.165 -2.258 -2.347 -2.432 -2.512 -2.587 
-2.657 -2.723 -2.785 -2.843 -2.897 -2.947 -2.994 -3.038 -3.078 -3.116 
-3.150 -3.182 -3.210 -3.237 -3.260 -3.281 -3.300 -3.316 -3.330 -3.342 
-3.351 -3.359 -3.363 -3.366 -3.367 -3.365 -3.361 -3.354 -3.346 -3.335 
-3.325 
-3.390 -3.383 -3.361 -3.337 -3.310 -3.280 -3.248 -3.212 -3.173 -3.131 
-3.085 -3.035 -2.982 -2.923 -2.860 -2.792 -2.718 -2.638 -2.550 -2.454 
-2.348 -2.231 -2.101 -1.954 -1.789 -1.601 -1.391 -1.174 -0.994 -0.909 
-0.926 -0.996 -1.085 -1.183 -1.275 -1.351 -1.408 -1.447 -1.470 -1.478 
-1.475 -1.465 -1.455 -1.452 -1.466 -1.502 -1.564 -1.646 -1.742 -1.846 
-1.954 -2.061 -2.166 -2.268 -2.365 -2.457 -2.543 -2.624 -2.700 -2.771 
-2.838 -2.900 -2.958 -3.011 -3.061 -3.108 -3.151 -3.191 -3.228 -3.262 
-3.293 -3.321 -3.347 -3.370 -3.390 -3.408 -3.424 -3.437 -3.448 -3.457 
-3.463 -3.467 -3.469 -3.469 -3.466 -3.461 -3.454 -3.444 -3.433 -3.418 
-3.396 
-3.363 -3.342 -3.323 -3.302 -3.278 -3.252 -3.223 -3.191 -3.156 -3.118 
-3.077 -3.032 -2.983 -2.931 -2.874 -2.813 -2.747 -2.675 -2.598 -2.514 
-2.422 -2.322 -2.213 -2.092 -1.959 -1.813 -1.652 -1.479 -1.309 -1.179 
-1.097 -1.046 -1.039 -1.082 -1.153 -1.229 -1.296 -1.348 -1.383 -1.404 
-1.413 -1.419 -1.430 -1.454 -1.490 -1.534 -1.586 -1.647 -1.717 -1.797 
-1.884 -1.975 -2.069 -2.163 -2.255 -2.344 -2.429 -2.510 -2.586 -2.659 
-2.726 -2.790 -2.850 -2.906 -2.958 -3.007 -3.052 -3.094 -3.133 -3.169 
-3.203 -3.233 -3.261 -3.286 -3.309 -3.329 -3.347 -3.362 -3.376 -3.386 
-3.395 -3.401 -3.406 -3.407 -3.407 -3.405 -3.400 -3.393 -3.384 -3.372 
-3.368 
-3.418 -3.400 -3.374 -3.347 -3.316 -3.283 -3.246 -3.206 -3.163 -3.117 
-3.066 -3.012 -2.953 -2.889 -2.821 -2.746 -2.665 -2.577 -2.481 -2.375 
-2.258 -2.129 -1.986 -1.838 -1.703 -1.600 -1.511 -1.420 -1.336 -1.275 
-1.240 -1.230 -1.243 -1.272 -1.304 -1.325 -1.330 -1.319 -1.292 -1.255 
-1.217 -1.192 -1.197 -1.242 -1.331 -1.461 -1.609 -1.753 -1.888 -2.013 
-2.131 -2.241 -2.345 -2.443 -2.534 -2.620 -2.701 -2.775 -2.845 -2.910 
-2.971 -3.028 -3.080 -3.129 -3.174 -3.216 -3.255 -3.290 -3.323 -3.353 
-3.380 -3.404 -3.426 -3.446 -3.463 -3.477 -3.490 -3.499 -3.507 -3.513 
-3.516 -3.517 -3.515 -3.512 -3.506 -3.498 -3.487 -3.475 -3.460 -3.442 
-3.425 
-3.499 -3.479 -3.448 -3.414 -3.377 -3.336 -3.292 -3.244 -3.191 -3.135 
-3.073 -3.006 -2.934 -2.855 -2.768 -2.673 -2.569 -2.453 -2.324 -2.180 
-2.019 -1.839 -1.650 -1.473 -1.352 -1.318 -1.364 -1.444 -1.520 -1.580 
-1.631 -1.676 -1.713 -1.740 -1.752 -1.750 -1.732 -1.697 -1.644 -1.573 
-1.485 -1.383 -1.279 -1.209 -1.228 -1.353 -1.542 -1.744 -1.934 -2.103 
-2.254 -2.389 -2.509 -2.618 -2.717 -2.807 -2.889 -2.965 -3.035 -3.099 
-3.158 -3.213 -3.263 -3.309 -3.352 -3.391 -3.427 -3.460 -3.490 -3.517 
-3.541 -3.562 -3.581 -3.597 -3.611 -3.623 -3.632 -3.638 -3.642 -3.644 
-3.644 -3.641 -3.636 -3.629 -3.619 -3.606 -3.592 -3.574 -3.555 -3.532 
-3.508 
-3.550 -3.523 -3.493 -3.459 -3.423 -3.383 -3.340 -3.293 -3.242 -3.186 
-3.126 -3.061 -2.991 -2.914 -2.831 -2.740 -2.640 -2.530 -2.409 -2.274 
-2.125 -1.960 -1.780 -1.599 -1.442 -1.345 -1.313 -1.336 -1.417 -1.527 
-1.627 -1.705 -1.761 -1.797 -1.814 -1.813 -1.793 -1.754 -1.694 -1.610 
-1.500 -1.366 -1.231 -1.147 -1.176 -1.320 -1.521 -1.730 -1.924 -2.098 
-2.253 -2.392 -2.516 -2.628 -2.730 -2.823 -2.907 -2.985 -3.056 -3.122 
-3.182 -3.238 -3.289 -3.337 -3.380 -3.420 -3.457 -3.491 -3.521 -3.549 
-3.573 -3.595 -3.615 -3.632 -3.646 -3.658 -3.667 -3.675 -3.679 -3.682 
-3.682 -3.680 -3.675 -3.668 -3.659 -3.647 -3.633 -3.616 -3.597 -3.575 
-3.559 
-3.626 -3.615 -3.588 -3.557 -3.524 -3.488 -3.448 -3.405 -3.357 -3.306 
-3.250 -3.190 -3.124 -3.053 -2.975 -2.890 -2.797 -2.694 -2.581 -2.456 
-2.317 -2.165 -2.001 -1.830 -1.651 -1.464 -1.290 -1.193 -1.228 -1.358 
-1.509 -1.639 -1.739 -1.811 -1.860 -1.888 -1.898 -1.888 -1.861 -1.814 
-1.747 -1.659 -1.557 -1.465 -1.425 -1.436 -1.494 -1.623 -1.798 -1.978 
-2.147 -2.300 -2.438 -2.562 -2.675 -2.777 -2.871 -2.956 -3.035 -3.107 
-3.173 -3.235 -3.291 -3.343 -3.391 -3.436 -3.476 -3.514 -3.548 -3.579 
-3.607 -3.632 -3.654 -3.674 -3.692 -3.706 -3.719 -3.728 -3.736 -3.741 
-3.744 -3.744 -3.742 -3.738 -3.731 -3.722 -3.711 -3.697 -3.680 -3.661 
-3.632 
-3.607 -3.573 -3.543 -3.510 -3.473 -3.433 -3.390 -3.342 -3.290 -3.234 
-3.172 -3.105 -3.032 -2.952 -2.865 -2.769 -2.663 -2.547 -2.419 -2.279 
-2.128 -1.976 -1.838 -1.738 -1.690 -1.676 -1.652 -1.622 -1.653 -1.735 
-1.831 -1.923 -1.998 -2.053 -2.089 -2.108 -2.111 -2.098 -2.069 -2.024 
-1.960 -1.876 -1.769 -1.638 -1.491 -1.360 -1.310 -1.395 -1.582 -1.802 
-2.009 -2.191 -2.351 -2.492 -2.617 -2.728 -2.829 -2.920 -3.003 -3.079 
-3.148 -3.211 -3.270 -3.323 -3.372 -3.417 -3.459 -3.496 -3.531 -3.562 
-3.590 -3.615 -3.637 -3.656 -3.673 -3.687 -3.699 -3.708 -3.715 -3.719 
-3.720 -3.720 -3.716 -3.711 -3.703 -3.692 -3.679 -3.663 -3.645 -3.623 
-3.617 
-3.724 -3.719 -3.695 -3.669 -3.639 -3.606 -3.570 -3.530 -3.487 -3.440 
-3.389 -3.334 -3.273 -3.208 -3.136 -3.057 -2.971 -2.877 -2.773 -2.657 
-2.531 -2.395 -2.255 -2.123 -2.000 -1.869 -1.715 -1.563 -1.466 -1.455 
-1.518 -1.618 -1.722 -1.812 -1.881 -1.931 -1.961 -1.974 -1.968 -1.945 
-1.904 -1.843 -1.761 -1.659 -1.544 -1.438 -1.391 -1.451 -1.602 -1.793 
-1.987 -2.167 -2.329 -2.474 -2.604 -2.721 -2.826 -2.923 -3.010 -3.091 
-3.165 -3.233 -3.296 -3.353 -3.407 -3.456 -3.501 -3.543 -3.581 -3.616 
-3.647 -3.676 -3.702 -3.725 -3.746 -3.764 -3.779 -3.792 -3.802 -3.810 
-3.816 -3.819 -3.820 -3.818 -3.815 -3.808 -3.800 -3.789 -3.775 -3.759 
-3.729 
-3.714 -3.693 -3.669 -3.642 -3.612 -3.579 -3.543 -3.504 -3.461 -3.415 
-3.365 -3.310 -3.251 -3.186 -3.117 -3.041 -2.958 -2.868 -2.769 -2.659 
-2.538 -2.404 -2.252 -2.082 -1.892 -1.688 -1.494 -1.358 -1.322 -1.383 
-1.497 -1.619 -1.725 -1.810 -1.872 -1.915 -1.940 -1.947 -1.938 -1.913 
-1.870 -1.811 -1.737 -1.653 -1.569 -1.509 -1.510 -1.597 -1.746 -1.917 
-2.086 -2.244 -2.389 -2.521 -2.640 -2.748 -2.848 -2.938 -3.022 -3.098 
-3.169 -3.234 -3.294 -3.350 -3.401 -3.448 -3.492 -3.532 -3.569 -3.603 
-3.633 -3.661 -3.686 -3.708 -3.728 -3.745 -3.759 -3.772 -3.781 -3.789 
-3.794 -3.796 -3.797 -3.795 -3.791 -3.784 -3.775 -3.764 -3.750 -3.733 
-3.721 
-3.703 -3.684 -3.658 -3.628 -3.596 -3.561 -3.522 -3.480 -3.434 -3.384 
-3.329 -3.270 -3.205 -3.135 -3.058 -2.974 -2.881 -2.779 -2.664 -2.535 
-2.389 -2.225 -2.050 -1.892 -1.761 -1.624 -1.499 -1.436 -1.465 -1.561 
-1.679 -1.787 -1.875 -1.942 -1.990 -2.019 -2.032 -2.028 -2.008 -1.970 
-1.913 -1.836 -1.737 -1.618 -1.492 -1.398 -1.390 -1.495 -1.675 -1.878 
-2.070 -2.244 -2.398 -2.536 -2.659 -2.770 -2.871 -2.962 -3.046 -3.123 
-3.193 -3.258 -3.318 -3.373 -3.423 -3.470 -3.513 -3.552 -3.588 -3.621 
-3.651 -3.678 -3.702 -3.723 -3.741 -3.758 -3.771 -3.782 -3.791 -3.797 
-3.801 -3.802 -3.802 -3.798 -3.793 -3.785 -3.774 -3.761 -3.746 -3.728 
-3.710 
-3.691 -3.668 -3.637 -3.602 -3.564 -3.522 -3.476 -3.426 -3.371 -3.312 
-3.246 -3.175 -3.097 -3.011 -2.916 -2.810 -2.692 -2.559 -2.409 -2.238 
-2.047 -1.845 -1.669 -1.575 -1.593 -1.681 -1.770 -1.848 -1.940 -2.041 
-2.133 -2.207 -2.263 -2.303 -2.328 -2.340 -2.337 -2.322 -2.293 -2.251 
-2.192 -2.118 -2.025 -1.917 -1.800 -1.701 -1.665 -1.720 -1.843 -2.001 
-2.168 -2.329 -2.477 -2.612 -2.734 -2.843 -2.943 -3.033 -3.116 -3.191 
-3.260 -3.324 -3.382 -3.435 -3.484 -3.529 -3.570 -3.607 -3.641 -3.672 
-3.700 -3.724 -3.746 -3.765 -3.782 -3.795 -3.806 -3.815 -3.821 -3.825 
-3.826 -3.824 -3.820 -3.814 -3.805 -3.794 -3.780 -3.763 -3.743 -3.721 
-3.700 
-3.655 -3.633 -3.602 -3.568 -3.530 -3.489 -3.443 -3.394 -3.339 -3.280 
-3.215 -3.143 -3.065 -2.978 -2.883 -2.777 -2.659 -2.526 -2.378 -2.213 
-2.038 -1.872 -1.750 -1.709 -1.759 -1.857 -1.951 -2.021 -2.077 -2.130 
-2.185 -2.239 -2.286 -2.324 -2.351 -2.368 -2.373 -2.368 -2.352 -2.326 
-2.288 -2.239 -2.179 -2.108 -2.029 -1.948 -1.885 -1.863 -1.897 -1.986 
-2.114 -2.257 -2.400 -2.534 -2.658 -2.770 -2.872 -2.965 -3.050 -3.127 
-3.198 -3.263 -3.323 -3.378 -3.428 -3.474 -3.517 -3.555 -3.590 -3.622 
-3.651 -3.676 -3.699 -3.719 -3.736 -3.751 -3.763 -3.772 -3.779 -3.783 
-3.785 -3.784 -3.781 -3.775 -3.767 -3.756 -3.742 -3.726 -3.707 -3.685 
-3.664 
-3.644 -3.614 -3.589 -3.561 -3.530 -3.497 -3.460 -3.420 -3.376 -3.329 
-3.277 -3.221 -3.160 -3.094 -3.022 -2.943 -2.857 -2.761 -2.656 -2.538 
-2.410 -2.275 -2.151 -2.054 -1.968 -1.872 -1.776 -1.704 -1.674 -1.686 
-1.726 -1.780 -1.837 -1.888 -1.930 -1.961 -1.980 -1.988 -1.985 -1.971 
-1.946 -1.910 -1.864 -1.813 -1.781 -1.807 -1.874 -1.950 -2.036 -2.137 
-2.248 -2.362 -2.472 -2.577 -2.676 -2.768 -2.854 -2.934 -3.008 -3.078 
-3.142 -3.202 -3.258 -3.309 -3.357 -3.401 -3.442 -3.480 -3.515 -3.546 
-3.575 -3.601 -3.624 -3.645 -3.664 -3.679 -3.693 -3.704 -3.713 -3.719 
-3.723 -3.725 -3.724 -3.722 -3.716 -3.709 -3.699 -3.687 -3.672 -3.655 
-3.652 
-3.792 -3.791 -3.766 -3.737 -3.706 -3.672 -3.635 -3.594 -3.550 -3.501 
-3.449 -3.393 -3.332 -3.266 -3.195 -3.117 -3.033 -2.941 -2.840 -2.730 
-2.609 -2.476 -2.329 -2.169 -2.001 -1.836 -1.699 -1.624 -1.627 -1.687 
-1.769 -1.850 -1.920 -1.974 -2.012 -2.033 -2.037 -2.024 -1.992 -1.939 
-1.864 -1.762 -1.640 -1.521 -1.461 -1.514 -1.666 -1.851 -2.026 -2.185 
-2.332 -2.470 -2.599 -2.718 -2.827 -2.928 -3.020 -3.105 -3.183 -3.255 
-3.322 -3.384 -3.441 -3.493 -3.542 -3.587 -3.628 -3.666 -3.701 -3.733 
-3.761 -3.787 -3.811 -3.831 -3.849 -3.865 -3.878 -3.889 -3.897 -3.903 
-3.907 -3.908 -3.907 -3.904 -3.898 -3.890 -3.880 -3.867 -3.852 -3.834 
-3.798 
-3.767 -3.742 -3.718 -3.692 -3.662 -3.629 -3.594 -3.554 -3.511 -3.465 
-3.414 -3.359 -3.299 -3.233 -3.162 -3.085 -3.000 -2.907 -2.804 -2.690 
-2.564 -2.421 -2.261 -2.082 -1.888 -1.704 -1.572 -1.517 -1.547 -1.643 
-1.763 -1.877 -1.973 -2.049 -2.106 -2.147 -2.171 -2.180 -2.175 -2.153 
-2.116 -2.060 -1.986 -1.899 -1.830 -1.816 -1.837 -1.869 -1.920 -2.001 
-2.109 -2.233 -2.363 -2.490 -2.610 -2.723 -2.827 -2.923 -3.011 -3.092 
-3.168 -3.237 -3.301 -3.360 -3.414 -3.465 -3.511 -3.554 -3.593 -3.628 
-3.661 -3.691 -3.717 -3.741 -3.762 -3.781 -3.797 -3.810 -3.821 -3.829 
-3.835 -3.839 -3.840 -3.839 -3.836 -3.830 -3.821 -3.811 -3.797 -3.782 
-3.773 
-3.781 -3.760 -3.733 -3.704 -3.671 -3.635 -3.595 -3.552 -3.505 -3.454 
-3.398 -3.337 -3.271 -3.198 -3.119 -3.033 -2.937 -2.832 -2.714 -2.583 
-2.434 -2.264 -2.071 -1.858 -1.650 -1.500 -1.469 -1.545 -1.674 -1.813 
-1.938 -2.040 -2.120 -2.181 -2.224 -2.251 -2.264 -2.263 -2.248 -2.220 
-2.177 -2.121 -2.052 -1.974 -1.897 -1.838 -1.816 -1.838 -1.897 -1.998 
-2.142 -2.299 -2.450 -2.589 -2.714 -2.828 -2.931 -3.025 -3.111 -3.189 
-3.261 -3.328 -3.389 -3.445 -3.497 -3.544 -3.588 -3.628 -3.664 -3.698 
-3.728 -3.755 -3.780 -3.801 -3.820 -3.836 -3.850 -3.861 -3.870 -3.876 
-3.880 -3.882 -3.881 -3.877 -3.871 -3.863 -3.853 -3.839 -3.824 -3.805 
-3.789 
-3.855 -3.833 -3.807 -3.779 -3.747 -3.712 -3.674 -3.632 -3.586 -3.536 
-3.481 -3.421 -3.356 -3.285 -3.207 -3.121 -3.026 -2.921 -2.804 -2.672 
-2.523 -2.351 -2.155 -1.934 -1.711 -1.551 -1.530 -1.643 -1.807 -1.966 
-2.098 -2.204 -2.287 -2.351 -2.397 -2.429 -2.447 -2.451 -2.443 -2.422 
-2.387 -2.337 -2.272 -2.191 -2.094 -1.983 -1.861 -1.738 -1.651 -1.682 
-1.835 -2.034 -2.234 -2.416 -2.578 -2.720 -2.846 -2.959 -3.060 -3.152 
-3.235 -3.310 -3.380 -3.443 -3.501 -3.554 -3.603 -3.647 -3.688 -3.725 
-3.759 -3.789 -3.816 -3.841 -3.862 -3.881 -3.897 -3.911 -3.921 -3.930 
-3.935 -3.939 -3.939 -3.938 -3.934 -3.927 -3.918 -3.906 -3.892 -3.875 
-3.862 
-3.939 -3.936 -3.911 -3.882 -3.850 -3.815 -3.777 -3.735 -3.688 -3.638 
-3.583 -3.523 -3.457 -3.386 -3.307 -3.221 -3.126 -3.020 -2.903 -2.770 
-2.621 -2.450 -2.254 -2.037 -1.823 -1.677 -1.672 -1.794 -1.958 -2.112 
-2.239 -2.340 -2.419 -2.479 -2.524 -2.553 -2.569 -2.571 -2.561 -2.537 
-2.499 -2.444 -2.372 -2.277 -2.156 -2.003 -1.819 -1.631 -1.515 -1.565 
-1.776 -2.041 -2.282 -2.486 -2.659 -2.808 -2.939 -3.055 -3.158 -3.251 
-3.335 -3.412 -3.481 -3.545 -3.604 -3.657 -3.706 -3.751 -3.792 -3.829 
-3.863 -3.894 -3.921 -3.945 -3.967 -3.986 -4.000 -4.000 -4.000 -4.000 
-4.000 -4.000 -4.000 -4.000 -4.000 -4.000 -4.000 -4.000 -3.996 -3.979 
-3.944 
-3.791 -3.772 -3.745 -3.715 -3.682 -3.645 -3.605 -3.562 -3.514 -3.463 
-3.406 -3.345 -3.278 -3.205 -3.126 -3.039 -2.945 -2.840 -2.725 -2.599 
-2.459 -2.307 -2.147 -1.988 -1.852 -1.772 -1.779 -1.857 -1.961 -2.064 
-2.155 -2.231 -2.291 -2.336 -2.368 -2.387 -2.392 -2.386 -2.366 -2.333 
-2.285 -2.220 -2.136 -2.030 -1.900 -1.751 -1.608 -1.528 -1.556 -1.702 
-1.925 -2.144 -2.336 -2.503 -2.648 -2.777 -2.891 -2.993 -3.086 -3.170 
-3.247 -3.317 -3.381 -3.440 -3.494 -3.544 -3.589 -3.631 -3.668 -3.703 
-3.734 -3.762 -3.787 -3.810 -3.829 -3.846 -3.860 -3.872 -3.881 -3.887 
-3.892 -3.893 -3.892 -3.889 -3.883 -3.875 -3.865 -3.851 -3.836 -3.817 
-3.799 
-3.685 -3.651 -3.622 -3.591 -3.556 -3.517 -3.476 -3.430 -3.380 -3.326 
-3.267 -3.203 -3.133 -3.057 -2.974 -2.883 -2.784 -2.676 -2.558 -2.431 
-2.298 -2.165 -2.042 -1.940 -1.871 -1.849 -1.877 -1.941 -2.019 -2.097 
-2.166 -2.224 -2.270 -2.305 -2.327 -2.339 -2.339 -2.327 -2.304 -2.268 
-2.219 -2.156 -2.076 -1.979 -1.866 -1.754 -1.687 -1.690 -1.765 -1.899 
-2.057 -2.216 -2.367 -2.505 -2.631 -2.746 -2.849 -2.943 -3.030 -3.108 
-3.180 -3.247 -3.307 -3.363 -3.414 -3.462 -3.505 -3.544 -3.580 -3.613 
-3.642 -3.669 -3.692 -3.713 -3.731 -3.747 -3.759 -3.770 -3.777 -3.783 
-3.786 -3.786 -3.784 -3.779 -3.772 -3.763 -3.751 -3.736 -3.719 -3.699 
-3.694 
-3.764 -3.753 -3.720 -3.683 -3.643 -3.599 -3.552 -3.499 -3.442 -3.381 
-3.313 -3.239 -3.159 -3.071 -2.975 -2.869 -2.754 -2.628 -2.493 -2.354 
-2.223 -2.118 -2.058 -2.046 -2.074 -2.126 -2.194 -2.267 -2.337 -2.398 
-2.448 -2.488 -2.516 -2.532 -2.538 -2.532 -2.515 -2.485 -2.441 -2.382 
-2.305 -2.205 -2.079 -1.922 -1.747 -1.610 -1.593 -1.709 -1.894 -2.093 
-2.283 -2.455 -2.609 -2.746 -2.868 -2.977 -3.076 -3.165 -3.247 -3.321 
-3.388 -3.450 -3.507 -3.559 -3.607 -3.650 -3.690 -3.726 -3.758 -3.788 
-3.814 -3.838 -3.858 -3.876 -3.891 -3.903 -3.913 -3.920 -3.925 -3.927 
-3.927 -3.925 -3.919 -3.912 -3.901 -3.888 -3.873 -3.854 -3.833 -3.810 
-3.773 
-3.719 -3.688 -3.657 -3.623 -3.586 -3.546 -3.501 -3.453 -3.400 -3.343 
-3.282 -3.215 -3.142 -3.064 -2.979 -2.887 -2.788 -2.682 -2.570 -2.456 
-2.345 -2.250 -2.184 -2.156 -2.160 -2.189 -2.234 -2.286 -2.339 -2.387 
-2.429 -2.463 -2.488 -2.504 -2.511 -2.508 -2.496 -2.472 -2.437 -2.390 
-2.328 -2.249 -2.152 -2.032 -1.893 -1.754 -1.678 -1.687 -1.769 -1.912 
-2.088 -2.264 -2.428 -2.575 -2.706 -2.824 -2.929 -3.024 -3.111 -3.189 
-3.261 -3.326 -3.386 -3.441 -3.491 -3.537 -3.579 -3.618 -3.652 -3.684 
-3.712 -3.737 -3.759 -3.779 -3.796 -3.810 -3.821 -3.830 -3.836 -3.840 
-3.842 -3.841 -3.837 -3.831 -3.822 -3.811 -3.797 -3.781 -3.762 -3.740 
-3.733 
