IRGRID 64 91
1e+308

0.025 0.03 0.035 0.04 0.045 0.05 0.055 0.06 0.065 0.07
0.075 0.08 0.085 0.09 0.095 0.1 0.11 0.12 0.13 0.14
0.15 0.16 0.17 0.18 0.19 0.2 0.21 0.22 0.23 0.24
0.25 0.26 0.27 0.28 0.29 0.3 0.31 0.32 0.33 0.34
0.35 0.36 0.37 0.38 0.39 0.4 0.41 0.42 0.43 0.44
0.45 0.46 0.47 0.48 0.49 0.5 0.51 0.52 0.53 0.54
0.55 0.56 0.57 0.58
0 4 8 12 16 20 24 28 32 36
40 44 48 52 56 60 64 68 72 76
80 84 88 92 96 100 104 108 112 116
120 124 128 132 136 140 144 148 152 156
160 164 168 172 176 180 184 188 192 196
200 204 208 212 216 220 224 228 232 236
240 244 248 252 256 260 264 268 272 276
280 284 288 292 296 300 304 308 312 316
320 324 328 332 336 340 344 348 352 356
360
-3.389 -3.337 -3.268 -3.220 -3.204 -3.221 -3.262 -3.313 -3.361 -3.402 
-3.435 -3.464 -3.495 -3.529 -3.568 -3.612 -3.658 -3.704 -3.751 -3.795 
-3.837 -3.876 -3.911 -3.943 -3.971 -3.995 -4.000 -4.000 -4.000 -4.000 
-4.000 -4.000 -4.000 -4.000 -4.000 -4.000 -4.000 -3.984 -3.957 -3.924 
-3.886 -3.842 -3.792 -3.735 -3.670 -3.595 -3.509 -3.409 -3.292 -3.152 
-2.981 -2.765 -2.497 -2.268 -2.209 -2.347 -2.566 -2.773 -2.954 -3.109 
-3.242 -3.356 -3.455 -3.540 -3.614 -3.679 -3.735 -3.784 -3.826 -3.862 
-3.892 -3.917 -3.937 -3.952 -3.963 -3.968 -3.970 -3.966 -3.958 -3.945 
-3.928 -3.905 -3.877 -3.843 -3.803 -3.756 -3.703 -3.641 -3.572 -3.497 
-3.433 
-3.202 -3.212 -3.183 -3.155 -3.128 -3.103 -3.078 -3.052 -3.026 -3.003 
-2.986 -2.979 -2.983 -2.999 -3.026 -3.060 -3.100 -3.144 -3.187 -3.230 
-3.271 -3.310 -3.344 -3.376 -3.403 -3.427 -3.446 -3.462 -3.474 -3.481 
-3.485 -3.485 -3.481 -3.472 -3.460 -3.443 -3.421 -3.394 -3.362 -3.324 
-3.279 -3.227 -3.167 -3.097 -3.014 -2.916 -2.798 -2.650 -2.458 -2.201 
-1.891 -1.802 -1.988 -2.059 -2.055 -2.096 -2.192 -2.330 -2.480 -2.621 
-2.747 -2.856 -2.952 -3.034 -3.106 -3.169 -3.224 -3.272 -3.313 -3.348 
-3.378 -3.402 -3.422 -3.438 -3.449 -3.457 -3.461 -3.461 -3.457 -3.450 
-3.441 -3.428 -3.413 -3.396 -3.377 -3.357 -3.335 -3.313 -3.289 -3.265 
-3.211 
-2.648 -2.644 -2.600 -2.550 -2.503 -2.476 -2.486 -2.535 -2.608 -2.688 
-2.764 -2.833 -2.893 -2.948 -2.997 -3.042 -3.082 -3.119 -3.151 -3.180 
-3.204 -3.225 -3.242 -3.255 -3.264 -3.270 -3.273 -3.271 -3.267 -3.258 
-3.246 -3.230 -3.210 -3.186 -3.158 -3.126 -3.088 -3.045 -2.996 -2.940 
-2.877 -2.805 -2.722 -2.628 -2.517 -2.387 -2.230 -2.035 -1.785 -1.473 
-1.202 -1.146 -1.354 -1.611 -1.725 -1.589 -1.367 -1.675 -2.006 -2.229 
-2.387 -2.507 -2.602 -2.680 -2.745 -2.798 -2.843 -2.880 -2.911 -2.936 
-2.956 -2.970 -2.980 -2.986 -2.988 -2.986 -2.980 -2.971 -2.958 -2.943 
-2.926 -2.906 -2.884 -2.861 -2.837 -2.812 -2.787 -2.763 -2.737 -2.710 
-2.646 
-2.276 -2.170 -2.073 -1.978 -1.898 -1.852 -1.856 -1.909 -1.998 -2.103 
-2.211 -2.312 -2.404 -2.485 -2.557 -2.619 -2.674 -2.721 -2.763 -2.799 
-2.832 -2.860 -2.886 -2.908 -2.927 -2.944 -2.958 -2.969 -2.978 -2.984 
-2.987 -2.987 -2.983 -2.977 -2.967 -2.954 -2.937 -2.916 -2.891 -2.861 
-2.826 -2.785 -2.738 -2.684 -2.621 -2.546 -2.457 -2.348 -2.206 -2.011 
-1.759 -1.654 -1.693 -1.567 -1.277 -0.917 -0.715 -0.898 -1.164 -1.374 
-1.596 -1.801 -1.971 -2.109 -2.224 -2.320 -2.402 -2.471 -2.530 -2.580 
-2.622 -2.658 -2.687 -2.710 -2.728 -2.740 -2.747 -2.749 -2.746 -2.738 
-2.726 -2.708 -2.685 -2.656 -2.622 -2.581 -2.534 -2.479 -2.415 -2.343 
-2.318 
-2.432 -2.437 -2.374 -2.304 -2.232 -2.167 -2.118 -2.088 -2.083 -2.111 
-2.168 -2.237 -2.303 -2.358 -2.402 -2.436 -2.463 -2.484 -2.502 -2.518 
-2.533 -2.547 -2.561 -2.574 -2.588 -2.600 -2.612 -2.623 -2.633 -2.641 
-2.647 -2.652 -2.654 -2.655 -2.652 -2.648 -2.640 -2.629 -2.616 -2.599 
-2.578 -2.553 -2.524 -2.491 -2.452 -2.408 -2.358 -2.301 -2.236 -2.161 
-2.075 -1.974 -1.856 -1.711 -1.528 -1.279 -1.024 -0.944 -0.805 -0.710 
-0.934 -1.217 -1.450 -1.638 -1.792 -1.922 -2.033 -2.128 -2.211 -2.283 
-2.347 -2.403 -2.452 -2.495 -2.532 -2.564 -2.592 -2.614 -2.633 -2.647 
-2.657 -2.663 -2.664 -2.662 -2.654 -2.642 -2.625 -2.602 -2.572 -2.535 
-2.433 
-2.115 -2.058 -1.988 -1.908 -1.818 -1.722 -1.630 -1.557 -1.523 -1.540 
-1.605 -1.700 -1.806 -1.909 -2.004 -2.088 -2.160 -2.223 -2.277 -2.323 
-2.363 -2.398 -2.427 -2.453 -2.475 -2.494 -2.510 -2.523 -2.533 -2.542 
-2.547 -2.551 -2.552 -2.551 -2.547 -2.541 -2.532 -2.520 -2.506 -2.489 
-2.469 -2.445 -2.418 -2.387 -2.352 -2.313 -2.268 -2.218 -2.162 -2.098 
-2.025 -1.942 -1.846 -1.733 -1.599 -1.432 -1.218 -0.926 -0.572 -0.347 
-0.479 -0.609 -0.552 -0.678 -0.956 -1.203 -1.399 -1.555 -1.683 -1.790 
-1.881 -1.958 -2.025 -2.082 -2.131 -2.174 -2.209 -2.239 -2.263 -2.282 
-2.296 -2.304 -2.308 -2.306 -2.298 -2.285 -2.266 -2.240 -2.207 -2.166 
-2.140 
-1.904 -1.929 -1.931 -1.928 -1.919 -1.904 -1.883 -1.862 -1.852 -1.862 
-1.888 -1.920 -1.949 -1.972 -1.990 -2.003 -2.012 -2.020 -2.025 -2.029 
-2.032 -2.033 -2.034 -2.034 -2.034 -2.032 -2.030 -2.026 -2.021 -2.016 
-2.009 -2.000 -1.990 -1.978 -1.964 -1.949 -1.931 -1.911 -1.888 -1.863 
-1.835 -1.804 -1.769 -1.732 -1.690 -1.644 -1.594 -1.539 -1.478 -1.411 
-1.337 -1.255 -1.165 -1.063 -0.950 -0.821 -0.677 -0.514 -0.333 -0.153 
-0.046 0.082 0.177 0.092 -0.134 -0.377 -0.577 -0.738 -0.871 -0.985 
-1.084 -1.171 -1.250 -1.322 -1.387 -1.448 -1.503 -1.554 -1.601 -1.645 
-1.685 -1.722 -1.756 -1.787 -1.815 -1.841 -1.863 -1.882 -1.899 -1.912 
-1.902 
-1.674 -1.676 -1.703 -1.729 -1.752 -1.774 -1.794 -1.812 -1.829 -1.844 
-1.857 -1.868 -1.878 -1.886 -1.893 -1.898 -1.902 -1.904 -1.904 -1.903 
-1.900 -1.896 -1.890 -1.882 -1.873 -1.862 -1.850 -1.835 -1.819 -1.800 
-1.780 -1.758 -1.733 -1.706 -1.677 -1.646 -1.612 -1.576 -1.537 -1.495 
-1.450 -1.402 -1.350 -1.295 -1.236 -1.173 -1.106 -1.033 -0.955 -0.870 
-0.779 -0.679 -0.571 -0.451 -0.319 -0.172 -0.010 0.166 0.348 0.525 
0.665 0.623 0.460 0.282 0.107 -0.045 -0.177 -0.294 -0.400 -0.497 
-0.586 -0.669 -0.747 -0.821 -0.891 -0.957 -1.020 -1.080 -1.137 -1.192 
-1.244 -1.294 -1.342 -1.388 -1.431 -1.472 -1.511 -1.548 -1.583 -1.616 
-1.662 
-1.688 -1.742 -1.773 -1.800 -1.826 -1.849 -1.871 -1.890 -1.906 -1.921 
-1.934 -1.944 -1.953 -1.959 -1.964 -1.966 -1.967 -1.965 -1.961 -1.956 
-1.948 -1.938 -1.926 -1.913 -1.896 -1.878 -1.858 -1.835 -1.810 -1.782 
-1.753 -1.721 -1.686 -1.649 -1.609 -1.566 -1.521 -1.473 -1.423 -1.369 
-1.314 -1.255 -1.194 -1.130 -1.064 -0.995 -0.923 -0.849 -0.772 -0.691 
-0.604 -0.511 -0.410 -0.297 -0.169 -0.021 0.154 0.365 0.625 0.914 
1.124 1.131 0.991 0.757 0.510 0.300 0.125 -0.026 -0.160 -0.282 
-0.394 -0.500 -0.600 -0.694 -0.783 -0.868 -0.949 -1.025 -1.098 -1.167 
-1.232 -1.293 -1.352 -1.407 -1.458 -1.507 -1.553 -1.596 -1.637 -1.674 
-1.679 
-1.177 -1.285 -1.335 -1.381 -1.422 -1.457 -1.489 -1.515 -1.538 -1.557 
-1.573 -1.585 -1.594 -1.601 -1.604 -1.605 -1.603 -1.598 -1.591 -1.582 
-1.570 -1.556 -1.539 -1.520 -1.498 -1.474 -1.448 -1.419 -1.388 -1.354 
-1.318 -1.280 -1.238 -1.195 -1.148 -1.099 -1.048 -0.994 -0.938 -0.880 
-0.820 -0.758 -0.694 -0.629 -0.563 -0.497 -0.431 -0.364 -0.298 -0.232 
-0.165 -0.096 -0.024 0.052 0.137 0.234 0.348 0.491 0.682 0.997 
1.232 1.235 1.259 1.115 0.857 0.589 0.359 0.165 0.001 -0.142 
-0.266 -0.376 -0.473 -0.559 -0.634 -0.699 -0.754 -0.800 -0.836 -0.864 
-0.883 -0.895 -0.905 -0.917 -0.935 -0.964 -1.004 -1.055 -1.112 -1.171 
-1.173 
-0.728 -0.764 -0.845 -0.923 -0.997 -1.067 -1.132 -1.193 -1.250 -1.302 
-1.350 -1.394 -1.434 -1.470 -1.503 -1.532 -1.558 -1.581 -1.600 -1.617 
-1.630 -1.641 -1.649 -1.653 -1.655 -1.654 -1.650 -1.644 -1.634 -1.621 
-1.606 -1.587 -1.565 -1.541 -1.513 -1.482 -1.448 -1.411 -1.370 -1.326 
-1.279 -1.229 -1.176 -1.120 -1.061 -0.999 -0.935 -0.868 -0.797 -0.723 
-0.643 -0.557 -0.461 -0.351 -0.223 -0.067 0.134 0.415 0.880 1.346 
1.493 1.150 0.817 0.577 0.326 0.120 -0.039 -0.164 -0.261 -0.338 
-0.397 -0.442 -0.474 -0.495 -0.506 -0.507 -0.500 -0.486 -0.464 -0.438 
-0.409 -0.381 -0.357 -0.343 -0.344 -0.363 -0.401 -0.456 -0.525 -0.601 
-0.692 
-0.841 -0.891 -0.961 -1.034 -1.106 -1.176 -1.244 -1.307 -1.367 -1.423 
-1.475 -1.522 -1.566 -1.606 -1.642 -1.674 -1.703 -1.728 -1.750 -1.768 
-1.784 -1.796 -1.804 -1.810 -1.812 -1.811 -1.807 -1.800 -1.789 -1.775 
-1.757 -1.736 -1.711 -1.682 -1.650 -1.613 -1.573 -1.528 -1.480 -1.428 
-1.372 -1.313 -1.251 -1.187 -1.122 -1.058 -0.994 -0.931 -0.869 -0.808 
-0.744 -0.676 -0.600 -0.510 -0.401 -0.263 -0.083 0.164 0.511 0.923 
1.063 0.691 0.494 0.309 0.084 -0.119 -0.284 -0.414 -0.519 -0.602 
-0.668 -0.720 -0.759 -0.787 -0.806 -0.815 -0.816 -0.810 -0.797 -0.778 
-0.754 -0.728 -0.702 -0.679 -0.663 -0.658 -0.665 -0.686 -0.720 -0.767 
-0.821 
-1.362 -1.459 -1.503 -1.546 -1.586 -1.622 -1.655 -1.683 -1.706 -1.726 
-1.742 -1.754 -1.762 -1.768 -1.770 -1.769 -1.765 -1.758 -1.749 -1.737 
-1.722 -1.704 -1.684 -1.661 -1.635 -1.606 -1.575 -1.540 -1.503 -1.463 
-1.420 -1.374 -1.325 -1.272 -1.216 -1.158 -1.096 -1.030 -0.963 -0.892 
-0.820 -0.746 -0.671 -0.597 -0.524 -0.454 -0.388 -0.327 -0.270 -0.217 
-0.167 -0.117 -0.063 0.000 0.082 0.202 0.402 0.700 0.696 0.698 
0.792 0.889 0.945 0.851 0.638 0.395 0.177 -0.004 -0.157 -0.288 
-0.405 -0.514 -0.616 -0.712 -0.801 -0.883 -0.957 -1.023 -1.080 -1.129 
-1.171 -1.204 -1.230 -1.250 -1.266 -1.280 -1.296 -1.316 -1.342 -1.376 
-1.358 
-1.734 -1.778 -1.814 -1.847 -1.876 -1.903 -1.928 -1.950 -1.969 -1.986 
-2.000 -2.012 -2.022 -2.029 -2.035 -2.037 -2.038 -2.036 -2.033 -2.026 
-2.018 -2.007 -1.994 -1.978 -1.961 -1.940 -1.917 -1.892 -1.864 -1.833 
-1.799 -1.762 -1.723 -1.680 -1.634 -1.585 -1.532 -1.477 -1.417 -1.355 
-1.289 -1.220 -1.148 -1.074 -0.998 -0.920 -0.840 -0.758 -0.672 -0.579 
-0.476 -0.358 -0.216 -0.040 0.190 0.508 0.920 1.223 1.161 0.892 
0.664 0.575 0.545 0.453 0.326 0.220 0.135 0.063 -0.007 -0.079 
-0.159 -0.249 -0.348 -0.454 -0.562 -0.670 -0.775 -0.876 -0.972 -1.062 
-1.147 -1.227 -1.301 -1.370 -1.435 -1.496 -1.552 -1.604 -1.653 -1.698 
-1.721 
-1.674 -1.691 -1.723 -1.752 -1.779 -1.803 -1.825 -1.845 -1.862 -1.878 
-1.891 -1.902 -1.911 -1.917 -1.922 -1.925 -1.925 -1.924 -1.921 -1.915 
-1.908 -1.898 -1.886 -1.873 -1.857 -1.838 -1.818 -1.795 -1.771 -1.743 
-1.713 -1.681 -1.646 -1.609 -1.569 -1.526 -1.480 -1.430 -1.378 -1.322 
-1.263 -1.200 -1.133 -1.062 -0.987 -0.908 -0.824 -0.735 -0.642 -0.544 
-0.441 -0.333 -0.219 -0.097 0.037 0.198 0.424 0.728 0.744 0.709 
0.654 0.572 0.515 0.474 0.426 0.360 0.273 0.170 0.057 -0.060 
-0.178 -0.294 -0.407 -0.517 -0.622 -0.721 -0.815 -0.904 -0.987 -1.065 
-1.139 -1.208 -1.272 -1.332 -1.389 -1.441 -1.491 -1.537 -1.580 -1.620 
-1.661 
-1.708 -1.744 -1.773 -1.799 -1.823 -1.845 -1.865 -1.882 -1.898 -1.911 
-1.922 -1.931 -1.939 -1.944 -1.947 -1.948 -1.947 -1.944 -1.939 -1.932 
-1.923 -1.912 -1.899 -1.884 -1.867 -1.847 -1.825 -1.801 -1.775 -1.746 
-1.715 -1.681 -1.644 -1.605 -1.563 -1.518 -1.469 -1.417 -1.362 -1.303 
-1.240 -1.173 -1.102 -1.025 -0.943 -0.855 -0.761 -0.659 -0.550 -0.432 
-0.304 -0.166 -0.020 0.132 0.285 0.439 0.610 0.813 1.020 1.139 
1.088 0.914 0.711 0.532 0.379 0.242 0.111 -0.017 -0.142 -0.263 
-0.379 -0.490 -0.595 -0.694 -0.787 -0.875 -0.958 -1.036 -1.110 -1.179 
-1.244 -1.306 -1.364 -1.418 -1.469 -1.517 -1.561 -1.603 -1.642 -1.679 
-1.698 
-1.600 -1.633 -1.659 -1.683 -1.705 -1.724 -1.742 -1.757 -1.770 -1.781 
-1.789 -1.796 -1.801 -1.803 -1.804 -1.802 -1.798 -1.793 -1.785 -1.775 
-1.763 -1.749 -1.733 -1.714 -1.694 -1.671 -1.645 -1.617 -1.587 -1.554 
-1.519 -1.480 -1.439 -1.394 -1.346 -1.295 -1.241 -1.182 -1.119 -1.052 
-0.980 -0.903 -0.820 -0.731 -0.635 -0.531 -0.419 -0.297 -0.165 -0.021 
0.133 0.297 0.463 0.613 0.722 0.771 0.775 0.764 0.772 0.786 
0.724 0.614 0.516 0.428 0.342 0.249 0.148 0.040 -0.073 -0.186 
-0.298 -0.407 -0.511 -0.610 -0.703 -0.791 -0.873 -0.951 -1.023 -1.092 
-1.156 -1.215 -1.271 -1.324 -1.373 -1.419 -1.461 -1.501 -1.538 -1.572 
-1.590 
-1.357 -1.383 -1.403 -1.422 -1.438 -1.452 -1.464 -1.475 -1.483 -1.489 
-1.494 -1.497 -1.497 -1.496 -1.493 -1.488 -1.481 -1.472 -1.461 -1.448 
-1.433 -1.416 -1.397 -1.376 -1.352 -1.327 -1.298 -1.268 -1.235 -1.199 
-1.161 -1.120 -1.075 -1.028 -0.977 -0.923 -0.865 -0.803 -0.737 -0.666 
-0.590 -0.508 -0.420 -0.324 -0.221 -0.109 0.013 0.143 0.281 0.420 
0.554 0.682 0.806 0.915 0.974 0.956 0.873 0.756 0.635 0.523 
0.422 0.331 0.248 0.168 0.090 0.011 -0.070 -0.152 -0.234 -0.314 
-0.392 -0.468 -0.541 -0.610 -0.677 -0.740 -0.801 -0.858 -0.912 -0.964 
-1.012 -1.058 -1.101 -1.142 -1.180 -1.216 -1.249 -1.281 -1.309 -1.336 
-1.350 
-1.146 -1.157 -1.178 -1.197 -1.213 -1.228 -1.240 -1.250 -1.259 -1.265 
-1.269 -1.271 -1.272 -1.270 -1.266 -1.260 -1.252 -1.242 -1.229 -1.215 
-1.198 -1.180 -1.158 -1.135 -1.109 -1.081 -1.050 -1.016 -0.980 -0.940 
-0.898 -0.852 -0.803 -0.750 -0.694 -0.633 -0.568 -0.498 -0.422 -0.341 
-0.253 -0.159 -0.057 0.054 0.174 0.303 0.440 0.581 0.718 0.835 
0.915 0.947 0.936 0.900 0.852 0.786 0.707 0.628 0.556 0.493 
0.436 0.384 0.334 0.283 0.231 0.175 0.116 0.054 -0.012 -0.079 
-0.149 -0.218 -0.287 -0.355 -0.422 -0.486 -0.548 -0.607 -0.664 -0.718 
-0.769 -0.817 -0.862 -0.905 -0.945 -0.983 -1.018 -1.050 -1.080 -1.108 
-1.137 
-1.120 -1.124 -1.138 -1.151 -1.161 -1.170 -1.177 -1.182 -1.185 -1.186 
-1.186 -1.183 -1.179 -1.173 -1.165 -1.155 -1.143 -1.129 -1.113 -1.095 
-1.075 -1.053 -1.029 -1.002 -0.973 -0.941 -0.907 -0.870 -0.830 -0.788 
-0.742 -0.693 -0.640 -0.584 -0.523 -0.458 -0.388 -0.312 -0.230 -0.141 
-0.044 0.062 0.177 0.299 0.423 0.536 0.631 0.714 0.790 0.853 
0.886 0.878 0.833 0.763 0.682 0.601 0.523 0.450 0.383 0.320 
0.260 0.200 0.140 0.079 0.017 -0.045 -0.108 -0.171 -0.233 -0.294 
-0.353 -0.411 -0.468 -0.522 -0.574 -0.624 -0.671 -0.716 -0.759 -0.800 
-0.838 -0.875 -0.909 -0.941 -0.971 -0.998 -1.024 -1.048 -1.070 -1.090 
-1.115 
-1.289 -1.309 -1.323 -1.335 -1.345 -1.353 -1.358 -1.362 -1.363 -1.362 
-1.360 -1.355 -1.347 -1.338 -1.326 -1.313 -1.297 -1.278 -1.257 -1.234 
-1.208 -1.180 -1.148 -1.114 -1.077 -1.037 -0.993 -0.946 -0.895 -0.840 
-0.780 -0.716 -0.646 -0.571 -0.489 -0.400 -0.303 -0.196 -0.079 0.051 
0.195 0.353 0.522 0.683 0.805 0.874 0.893 0.866 0.814 0.757 
0.702 0.650 0.598 0.550 0.510 0.476 0.450 0.427 0.405 0.380 
0.348 0.308 0.258 0.199 0.133 0.058 -0.025 -0.112 -0.202 -0.290 
-0.375 -0.456 -0.533 -0.605 -0.672 -0.735 -0.795 -0.850 -0.902 -0.950 
-0.995 -1.037 -1.076 -1.112 -1.145 -1.176 -1.204 -1.230 -1.253 -1.274 
-1.283 
-1.408 -1.441 -1.458 -1.472 -1.485 -1.495 -1.503 -1.508 -1.512 -1.513 
-1.512 -1.508 -1.503 -1.495 -1.485 -1.472 -1.457 -1.439 -1.419 -1.397 
-1.371 -1.343 -1.312 -1.278 -1.240 -1.199 -1.154 -1.106 -1.053 -0.995 
-0.932 -0.864 -0.789 -0.708 -0.618 -0.518 -0.408 -0.284 -0.144 0.017 
0.200 0.405 0.612 0.768 0.815 0.758 0.658 0.554 0.459 0.375 
0.302 0.238 0.185 0.144 0.114 0.096 0.087 0.086 0.093 0.106 
0.123 0.143 0.161 0.171 0.164 0.132 0.072 -0.012 -0.110 -0.216 
-0.321 -0.423 -0.519 -0.609 -0.692 -0.769 -0.841 -0.907 -0.968 -1.025 
-1.077 -1.126 -1.171 -1.213 -1.251 -1.286 -1.319 -1.348 -1.375 -1.400 
-1.401 
-1.335 -1.330 -1.345 -1.358 -1.369 -1.379 -1.387 -1.393 -1.397 -1.400 
-1.400 -1.399 -1.396 -1.391 -1.384 -1.376 -1.365 -1.352 -1.337 -1.320 
-1.301 -1.279 -1.255 -1.229 -1.200 -1.168 -1.134 -1.097 -1.056 -1.012 
-0.965 -0.914 -0.859 -0.799 -0.734 -0.664 -0.587 -0.503 -0.411 -0.306 
-0.188 -0.051 0.102 0.244 0.314 0.327 0.345 0.374 0.391 0.382 
0.345 0.287 0.221 0.153 0.089 0.031 -0.022 -0.069 -0.111 -0.149 
-0.181 -0.208 -0.230 -0.252 -0.279 -0.317 -0.368 -0.428 -0.493 -0.558 
-0.619 -0.676 -0.729 -0.779 -0.826 -0.870 -0.911 -0.951 -0.989 -1.025 
-1.059 -1.092 -1.123 -1.153 -1.181 -1.207 -1.232 -1.255 -1.276 -1.296 
-1.328 
-1.497 -1.517 -1.529 -1.538 -1.546 -1.551 -1.555 -1.557 -1.556 -1.554 
-1.549 -1.543 -1.534 -1.524 -1.511 -1.496 -1.479 -1.460 -1.438 -1.414 
-1.388 -1.359 -1.328 -1.294 -1.258 -1.218 -1.176 -1.131 -1.082 -1.031 
-0.976 -0.918 -0.856 -0.790 -0.721 -0.648 -0.572 -0.492 -0.410 -0.325 
-0.238 -0.151 -0.064 0.020 0.096 0.159 0.202 0.226 0.234 0.230 
0.217 0.199 0.180 0.161 0.141 0.120 0.094 0.063 0.025 -0.021 
-0.074 -0.135 -0.200 -0.270 -0.342 -0.416 -0.489 -0.561 -0.631 -0.698 
-0.763 -0.825 -0.884 -0.940 -0.993 -1.043 -1.090 -1.135 -1.177 -1.217 
-1.254 -1.289 -1.321 -1.352 -1.380 -1.406 -1.429 -1.451 -1.471 -1.488 
-1.492 
-1.665 -1.683 -1.698 -1.710 -1.720 -1.728 -1.733 -1.737 -1.738 -1.737 
-1.734 -1.728 -1.721 -1.711 -1.699 -1.685 -1.669 -1.650 -1.629 -1.605 
-1.578 -1.549 -1.518 -1.483 -1.446 -1.405 -1.361 -1.314 -1.263 -1.208 
-1.149 -1.086 -1.018 -0.945 -0.866 -0.782 -0.690 -0.592 -0.486 -0.372 
-0.249 -0.119 0.014 0.143 0.252 0.323 0.345 0.322 0.272 0.210 
0.151 0.098 0.053 0.017 -0.013 -0.037 -0.059 -0.079 -0.099 -0.123 
-0.151 -0.185 -0.226 -0.275 -0.332 -0.396 -0.466 -0.539 -0.615 -0.691 
-0.766 -0.840 -0.910 -0.979 -1.043 -1.105 -1.163 -1.218 -1.270 -1.319 
-1.364 -1.407 -1.446 -1.483 -1.517 -1.548 -1.577 -1.603 -1.627 -1.648 
-1.659 
-1.723 -1.743 -1.759 -1.773 -1.785 -1.794 -1.801 -1.806 -1.809 -1.810 
-1.808 -1.805 -1.799 -1.791 -1.780 -1.768 -1.753 -1.736 -1.716 -1.694 
-1.670 -1.642 -1.612 -1.580 -1.544 -1.505 -1.463 -1.418 -1.369 -1.316 
-1.259 -1.198 -1.132 -1.061 -0.985 -0.903 -0.816 -0.722 -0.623 -0.518 
-0.411 -0.302 -0.199 -0.106 -0.034 0.010 0.020 0.000 -0.036 -0.078 
-0.119 -0.157 -0.190 -0.218 -0.242 -0.260 -0.274 -0.285 -0.293 -0.300 
-0.308 -0.320 -0.338 -0.365 -0.401 -0.448 -0.504 -0.568 -0.637 -0.710 
-0.784 -0.858 -0.930 -1.000 -1.067 -1.131 -1.192 -1.250 -1.304 -1.355 
-1.402 -1.447 -1.489 -1.528 -1.563 -1.597 -1.627 -1.655 -1.681 -1.704 
-1.717 
-1.638 -1.662 -1.676 -1.689 -1.700 -1.710 -1.718 -1.724 -1.729 -1.731 
-1.732 -1.732 -1.729 -1.725 -1.718 -1.710 -1.700 -1.688 -1.674 -1.657 
-1.639 -1.618 -1.595 -1.570 -1.543 -1.513 -1.480 -1.445 -1.407 -1.366 
-1.323 -1.276 -1.225 -1.172 -1.114 -1.053 -0.988 -0.919 -0.846 -0.768 
-0.688 -0.605 -0.523 -0.444 -0.371 -0.306 -0.248 -0.197 -0.154 -0.120 
-0.103 -0.105 -0.126 -0.158 -0.197 -0.238 -0.281 -0.323 -0.366 -0.408 
-0.450 -0.492 -0.536 -0.581 -0.628 -0.678 -0.731 -0.785 -0.840 -0.896 
-0.951 -1.004 -1.056 -1.106 -1.153 -1.199 -1.242 -1.284 -1.323 -1.360 
-1.395 -1.428 -1.459 -1.488 -1.516 -1.542 -1.566 -1.588 -1.609 -1.628 
-1.633 
-1.498 -1.493 -1.507 -1.521 -1.534 -1.547 -1.558 -1.568 -1.578 -1.586 
-1.592 -1.598 -1.602 -1.605 -1.606 -1.606 -1.604 -1.600 -1.594 -1.587 
-1.578 -1.566 -1.553 -1.538 -1.520 -1.500 -1.477 -1.452 -1.425 -1.394 
-1.361 -1.324 -1.284 -1.240 -1.193 -1.141 -1.084 -1.023 -0.956 -0.882 
-0.802 -0.715 -0.620 -0.519 -0.416 -0.317 -0.231 -0.155 -0.086 -0.028 
0.003 -0.008 -0.058 -0.135 -0.224 -0.314 -0.399 -0.477 -0.549 -0.615 
-0.675 -0.731 -0.782 -0.829 -0.874 -0.915 -0.953 -0.989 -1.023 -1.055 
-1.084 -1.112 -1.138 -1.163 -1.186 -1.208 -1.230 -1.250 -1.270 -1.289 
-1.308 -1.326 -1.344 -1.361 -1.379 -1.396 -1.413 -1.430 -1.446 -1.462 
-1.492 
-1.630 -1.646 -1.660 -1.673 -1.684 -1.694 -1.703 -1.710 -1.715 -1.719 
-1.721 -1.721 -1.720 -1.717 -1.712 -1.704 -1.695 -1.684 -1.671 -1.655 
-1.637 -1.617 -1.595 -1.569 -1.541 -1.511 -1.477 -1.440 -1.400 -1.356 
-1.308 -1.256 -1.200 -1.139 -1.073 -1.001 -0.922 -0.838 -0.746 -0.647 
-0.542 -0.430 -0.314 -0.198 -0.092 -0.014 0.020 0.004 -0.046 -0.113 
-0.182 -0.255 -0.334 -0.414 -0.490 -0.559 -0.621 -0.675 -0.722 -0.764 
-0.801 -0.834 -0.866 -0.897 -0.928 -0.959 -0.991 -1.023 -1.056 -1.089 
-1.122 -1.154 -1.185 -1.216 -1.247 -1.276 -1.305 -1.333 -1.361 -1.388 
-1.415 -1.440 -1.465 -1.489 -1.512 -1.535 -1.556 -1.576 -1.595 -1.613 
-1.624 
-1.868 -1.889 -1.904 -1.916 -1.927 -1.935 -1.942 -1.946 -1.948 -1.948 
-1.946 -1.941 -1.934 -1.925 -1.914 -1.901 -1.885 -1.866 -1.845 -1.822 
-1.796 -1.767 -1.735 -1.700 -1.662 -1.621 -1.577 -1.528 -1.476 -1.420 
-1.359 -1.293 -1.223 -1.148 -1.067 -0.982 -0.891 -0.796 -0.699 -0.601 
-0.507 -0.422 -0.354 -0.312 -0.295 -0.294 -0.312 -0.351 -0.405 -0.463 
-0.517 -0.564 -0.602 -0.633 -0.656 -0.673 -0.684 -0.691 -0.695 -0.696 
-0.698 -0.702 -0.709 -0.721 -0.739 -0.764 -0.796 -0.835 -0.882 -0.937 
-0.998 -1.062 -1.128 -1.193 -1.256 -1.317 -1.374 -1.428 -1.478 -1.526 
-1.570 -1.612 -1.651 -1.687 -1.721 -1.752 -1.780 -1.807 -1.830 -1.852 
-1.862 
-2.029 -2.071 -2.092 -2.111 -2.127 -2.140 -2.151 -2.159 -2.165 -2.169 
-2.170 -2.169 -2.165 -2.159 -2.150 -2.139 -2.125 -2.109 -2.090 -2.068 
-2.043 -2.016 -1.985 -1.951 -1.914 -1.873 -1.829 -1.780 -1.727 -1.669 
-1.606 -1.538 -1.463 -1.381 -1.292 -1.193 -1.086 -0.967 -0.836 -0.695 
-0.549 -0.415 -0.320 -0.291 -0.327 -0.402 -0.489 -0.573 -0.649 -0.717 
-0.776 -0.826 -0.867 -0.899 -0.922 -0.938 -0.947 -0.948 -0.944 -0.933 
-0.918 -0.897 -0.873 -0.846 -0.817 -0.791 -0.773 -0.768 -0.783 -0.821 
-0.879 -0.953 -1.036 -1.122 -1.207 -1.290 -1.369 -1.443 -1.513 -1.578 
-1.639 -1.696 -1.749 -1.798 -1.843 -1.885 -1.924 -1.959 -1.991 -2.021 
-2.022 
-1.935 -1.938 -1.959 -1.978 -1.995 -2.009 -2.021 -2.031 -2.039 -2.044 
-2.047 -2.048 -2.047 -2.043 -2.037 -2.029 -2.018 -2.005 -1.990 -1.972 
-1.952 -1.929 -1.903 -1.874 -1.843 -1.808 -1.771 -1.730 -1.686 -1.638 
-1.586 -1.530 -1.470 -1.405 -1.335 -1.260 -1.178 -1.090 -0.995 -0.893 
-0.785 -0.676 -0.579 -0.509 -0.468 -0.449 -0.449 -0.469 -0.504 -0.549 
-0.598 -0.645 -0.690 -0.731 -0.769 -0.803 -0.833 -0.861 -0.886 -0.907 
-0.924 -0.938 -0.948 -0.955 -0.959 -0.962 -0.967 -0.976 -0.992 -1.018 
-1.052 -1.093 -1.139 -1.188 -1.238 -1.290 -1.342 -1.394 -1.446 -1.496 
-1.545 -1.592 -1.637 -1.680 -1.720 -1.759 -1.794 -1.828 -1.859 -1.888 
-1.925 
-2.027 -2.042 -2.051 -2.059 -2.064 -2.068 -2.069 -2.068 -2.065 -2.061 
-2.054 -2.045 -2.034 -2.020 -2.005 -1.988 -1.968 -1.946 -1.922 -1.896 
-1.867 -1.836 -1.802 -1.766 -1.728 -1.687 -1.643 -1.597 -1.548 -1.497 
-1.443 -1.386 -1.327 -1.266 -1.202 -1.137 -1.069 -1.001 -0.932 -0.863 
-0.796 -0.730 -0.669 -0.614 -0.567 -0.530 -0.505 -0.491 -0.486 -0.488 
-0.494 -0.503 -0.517 -0.534 -0.556 -0.583 -0.615 -0.653 -0.697 -0.746 
-0.800 -0.857 -0.915 -0.975 -1.034 -1.091 -1.147 -1.202 -1.254 -1.305 
-1.354 -1.403 -1.451 -1.498 -1.544 -1.589 -1.633 -1.675 -1.716 -1.754 
-1.790 -1.824 -1.856 -1.886 -1.913 -1.938 -1.961 -1.981 -2.000 -2.016 
-2.023 
-2.054 -2.087 -2.097 -2.104 -2.110 -2.113 -2.114 -2.112 -2.109 -2.103 
-2.095 -2.085 -2.073 -2.059 -2.042 -2.023 -2.002 -1.979 -1.953 -1.925 
-1.895 -1.862 -1.827 -1.790 -1.751 -1.709 -1.666 -1.620 -1.573 -1.524 
-1.475 -1.424 -1.373 -1.321 -1.270 -1.220 -1.171 -1.123 -1.077 -1.032 
-0.987 -0.943 -0.898 -0.854 -0.812 -0.778 -0.756 -0.749 -0.749 -0.752 
-0.753 -0.751 -0.748 -0.744 -0.742 -0.744 -0.752 -0.769 -0.797 -0.835 
-0.883 -0.939 -1.001 -1.066 -1.133 -1.200 -1.264 -1.326 -1.385 -1.440 
-1.492 -1.540 -1.585 -1.627 -1.666 -1.702 -1.737 -1.770 -1.801 -1.831 
-1.861 -1.889 -1.915 -1.941 -1.965 -1.988 -2.009 -2.029 -2.046 -2.062 
-2.052 
-1.884 -1.882 -1.906 -1.929 -1.949 -1.968 -1.984 -1.999 -2.011 -2.022 
-2.030 -2.035 -2.039 -2.041 -2.040 -2.036 -2.031 -2.023 -2.012 -1.999 
-1.984 -1.965 -1.945 -1.921 -1.895 -1.866 -1.833 -1.798 -1.760 -1.719 
-1.674 -1.627 -1.575 -1.520 -1.462 -1.399 -1.332 -1.259 -1.180 -1.095 
-1.003 -0.904 -0.801 -0.701 -0.612 -0.551 -0.530 -0.550 -0.603 -0.673 
-0.748 -0.820 -0.884 -0.940 -0.987 -1.028 -1.065 -1.098 -1.131 -1.165 
-1.198 -1.230 -1.261 -1.289 -1.314 -1.337 -1.356 -1.372 -1.386 -1.398 
-1.409 -1.420 -1.430 -1.441 -1.453 -1.466 -1.482 -1.500 -1.520 -1.542 
-1.567 -1.593 -1.621 -1.651 -1.681 -1.711 -1.742 -1.772 -1.801 -1.829 
-1.872 
-2.021 -2.049 -2.070 -2.089 -2.107 -2.122 -2.135 -2.146 -2.155 -2.162 
-2.167 -2.170 -2.171 -2.169 -2.166 -2.160 -2.152 -2.141 -2.128 -2.113 
-2.095 -2.075 -2.052 -2.027 -1.998 -1.967 -1.932 -1.895 -1.853 -1.809 
-1.760 -1.707 -1.650 -1.589 -1.523 -1.452 -1.377 -1.298 -1.217 -1.135 
-1.055 -0.976 -0.901 -0.830 -0.771 -0.730 -0.714 -0.726 -0.761 -0.808 
-0.862 -0.917 -0.971 -1.020 -1.065 -1.105 -1.139 -1.169 -1.195 -1.216 
-1.233 -1.246 -1.256 -1.264 -1.270 -1.275 -1.282 -1.291 -1.305 -1.325 
-1.351 -1.381 -1.415 -1.451 -1.488 -1.525 -1.562 -1.599 -1.637 -1.674 
-1.711 -1.747 -1.783 -1.818 -1.852 -1.884 -1.916 -1.946 -1.974 -2.001 
-2.014 
-2.187 -2.207 -2.227 -2.245 -2.260 -2.272 -2.282 -2.290 -2.295 -2.298 
-2.298 -2.296 -2.291 -2.284 -2.274 -2.262 -2.248 -2.230 -2.210 -2.187 
-2.161 -2.132 -2.101 -2.065 -2.027 -1.984 -1.938 -1.888 -1.834 -1.775 
-1.712 -1.643 -1.570 -1.491 -1.408 -1.321 -1.233 -1.146 -1.065 -0.997 
-0.945 -0.915 -0.905 -0.912 -0.930 -0.957 -0.989 -1.025 -1.064 -1.103 
-1.139 -1.172 -1.199 -1.220 -1.235 -1.244 -1.246 -1.242 -1.232 -1.216 
-1.194 -1.168 -1.138 -1.106 -1.075 -1.049 -1.033 -1.029 -1.042 -1.073 
-1.119 -1.178 -1.246 -1.320 -1.395 -1.469 -1.541 -1.610 -1.675 -1.737 
-1.795 -1.849 -1.899 -1.946 -1.989 -2.029 -2.066 -2.100 -2.131 -2.159 
-2.179 
-2.353 -2.367 -2.387 -2.404 -2.418 -2.430 -2.439 -2.446 -2.451 -2.453 
-2.453 -2.450 -2.445 -2.437 -2.427 -2.415 -2.400 -2.382 -2.361 -2.338 
-2.312 -2.284 -2.252 -2.217 -2.178 -2.136 -2.091 -2.041 -1.988 -1.930 
-1.867 -1.800 -1.727 -1.649 -1.565 -1.476 -1.383 -1.288 -1.195 -1.112 
-1.044 -0.993 -0.960 -0.946 -0.949 -0.969 -1.000 -1.036 -1.075 -1.111 
-1.144 -1.170 -1.191 -1.205 -1.211 -1.211 -1.204 -1.190 -1.169 -1.141 
-1.108 -1.070 -1.030 -0.991 -0.958 -0.939 -0.941 -0.969 -1.020 -1.089 
-1.169 -1.256 -1.346 -1.435 -1.521 -1.604 -1.683 -1.756 -1.825 -1.890 
-1.950 -2.005 -2.057 -2.105 -2.149 -2.189 -2.227 -2.261 -2.292 -2.319 
-2.344 
-2.564 -2.616 -2.632 -2.646 -2.657 -2.665 -2.672 -2.675 -2.676 -2.675 
-2.671 -2.665 -2.656 -2.645 -2.631 -2.614 -2.595 -2.573 -2.548 -2.520 
-2.489 -2.455 -2.417 -2.375 -2.330 -2.280 -2.226 -2.168 -2.104 -2.034 
-1.959 -1.876 -1.786 -1.689 -1.584 -1.472 -1.356 -1.244 -1.147 -1.080 
-1.054 -1.067 -1.105 -1.155 -1.209 -1.263 -1.315 -1.363 -1.406 -1.442 
-1.472 -1.494 -1.509 -1.516 -1.516 -1.508 -1.492 -1.468 -1.435 -1.394 
-1.342 -1.282 -1.214 -1.144 -1.080 -1.041 -1.041 -1.090 -1.177 -1.287 
-1.403 -1.517 -1.625 -1.725 -1.818 -1.903 -1.981 -2.053 -2.120 -2.181 
-2.238 -2.290 -2.338 -2.382 -2.422 -2.459 -2.493 -2.523 -2.550 -2.575 
-2.559 
-2.447 -2.439 -2.453 -2.464 -2.473 -2.479 -2.484 -2.486 -2.486 -2.483 
-2.479 -2.471 -2.462 -2.450 -2.436 -2.419 -2.400 -2.378 -2.353 -2.326 
-2.295 -2.262 -2.225 -2.185 -2.142 -2.095 -2.044 -1.990 -1.931 -1.867 
-1.799 -1.727 -1.650 -1.568 -1.483 -1.396 -1.309 -1.225 -1.151 -1.096 
-1.066 -1.065 -1.087 -1.124 -1.169 -1.218 -1.265 -1.310 -1.351 -1.387 
-1.419 -1.445 -1.466 -1.482 -1.494 -1.502 -1.506 -1.506 -1.502 -1.496 
-1.486 -1.473 -1.458 -1.440 -1.423 -1.415 -1.424 -1.457 -1.507 -1.564 
-1.622 -1.679 -1.736 -1.792 -1.846 -1.899 -1.950 -1.999 -2.046 -2.091 
-2.134 -2.174 -2.211 -2.246 -2.279 -2.309 -2.337 -2.362 -2.385 -2.405 
-2.440 
-2.507 -2.542 -2.560 -2.575 -2.588 -2.599 -2.607 -2.612 -2.616 -2.616 
-2.615 -2.611 -2.605 -2.596 -2.585 -2.571 -2.554 -2.535 -2.513 -2.488 
-2.461 -2.430 -2.396 -2.358 -2.317 -2.271 -2.222 -2.168 -2.110 -2.046 
-1.976 -1.901 -1.818 -1.729 -1.633 -1.530 -1.423 -1.314 -1.213 -1.131 
-1.082 -1.075 -1.104 -1.157 -1.220 -1.282 -1.338 -1.384 -1.423 -1.453 
-1.478 -1.498 -1.515 -1.528 -1.539 -1.546 -1.551 -1.553 -1.552 -1.549 
-1.544 -1.538 -1.531 -1.524 -1.520 -1.519 -1.524 -1.536 -1.557 -1.587 
-1.625 -1.672 -1.724 -1.780 -1.839 -1.898 -1.957 -2.014 -2.070 -2.123 
-2.173 -2.220 -2.265 -2.307 -2.346 -2.382 -2.415 -2.446 -2.474 -2.499 
-2.501 
-2.444 -2.449 -2.470 -2.489 -2.505 -2.520 -2.533 -2.543 -2.551 -2.558 
-2.562 -2.564 -2.564 -2.562 -2.558 -2.552 -2.544 -2.534 -2.521 -2.506 
-2.489 -2.470 -2.448 -2.424 -2.397 -2.368 -2.335 -2.300 -2.262 -2.220 
-2.175 -2.126 -2.073 -2.015 -1.952 -1.883 -1.809 -1.731 -1.651 -1.577 
-1.516 -1.473 -1.441 -1.413 -1.381 -1.346 -1.310 -1.277 -1.249 -1.227 
-1.212 -1.203 -1.200 -1.201 -1.206 -1.213 -1.221 -1.230 -1.239 -1.249 
-1.260 -1.271 -1.285 -1.302 -1.322 -1.345 -1.374 -1.408 -1.446 -1.490 
-1.538 -1.589 -1.643 -1.698 -1.754 -1.810 -1.865 -1.919 -1.971 -2.021 
-2.069 -2.115 -2.159 -2.201 -2.240 -2.276 -2.311 -2.343 -2.373 -2.401 
-2.435 
-2.549 -2.567 -2.587 -2.605 -2.620 -2.634 -2.645 -2.655 -2.662 -2.667 
-2.671 -2.672 -2.671 -2.668 -2.662 -2.655 -2.646 -2.634 -2.620 -2.604 
-2.586 -2.565 -2.542 -2.516 -2.488 -2.457 -2.423 -2.386 -2.347 -2.304 
-2.258 -2.208 -2.155 -2.098 -2.037 -1.972 -1.902 -1.828 -1.749 -1.667 
-1.584 -1.503 -1.430 -1.370 -1.322 -1.286 -1.259 -1.243 -1.238 -1.242 
-1.254 -1.272 -1.293 -1.314 -1.336 -1.356 -1.375 -1.392 -1.406 -1.419 
-1.431 -1.442 -1.453 -1.464 -1.478 -1.496 -1.519 -1.549 -1.587 -1.631 
-1.680 -1.732 -1.786 -1.840 -1.895 -1.950 -2.003 -2.055 -2.105 -2.154 
-2.201 -2.245 -2.287 -2.328 -2.365 -2.401 -2.434 -2.465 -2.494 -2.521 
-2.541 
-2.725 -2.759 -2.777 -2.793 -2.807 -2.818 -2.827 -2.833 -2.837 -2.839 
-2.838 -2.835 -2.830 -2.822 -2.812 -2.799 -2.784 -2.766 -2.746 -2.723 
-2.697 -2.669 -2.637 -2.603 -2.565 -2.524 -2.480 -2.432 -2.380 -2.324 
-2.264 -2.199 -2.131 -2.057 -1.978 -1.893 -1.802 -1.705 -1.603 -1.498 
-1.396 -1.307 -1.244 -1.217 -1.224 -1.257 -1.304 -1.354 -1.402 -1.446 
-1.486 -1.520 -1.548 -1.570 -1.585 -1.594 -1.597 -1.594 -1.584 -1.570 
-1.550 -1.526 -1.501 -1.477 -1.457 -1.447 -1.452 -1.475 -1.518 -1.578 
-1.650 -1.730 -1.812 -1.893 -1.973 -2.049 -2.121 -2.189 -2.252 -2.312 
-2.367 -2.419 -2.467 -2.512 -2.553 -2.591 -2.626 -2.658 -2.688 -2.714 
-2.719 
-2.750 -2.747 -2.758 -2.767 -2.774 -2.779 -2.781 -2.781 -2.779 -2.774 
-2.767 -2.758 -2.747 -2.733 -2.716 -2.697 -2.676 -2.652 -2.626 -2.596 
-2.565 -2.530 -2.492 -2.452 -2.408 -2.362 -2.312 -2.260 -2.204 -2.145 
-2.083 -2.018 -1.950 -1.880 -1.806 -1.729 -1.652 -1.585 -1.542 -1.527 
-1.526 -1.528 -1.531 -1.542 -1.564 -1.595 -1.628 -1.658 -1.684 -1.705 
-1.720 -1.730 -1.734 -1.733 -1.727 -1.716 -1.701 -1.682 -1.660 -1.635 
-1.609 -1.585 -1.567 -1.561 -1.572 -1.599 -1.638 -1.686 -1.742 -1.804 
-1.870 -1.938 -2.005 -2.071 -2.134 -2.195 -2.252 -2.306 -2.357 -2.405 
-2.449 -2.490 -2.528 -2.563 -2.595 -2.625 -2.652 -2.676 -2.697 -2.716 
-2.745 
-2.959 -2.984 -2.994 -3.002 -3.008 -3.010 -3.011 -3.009 -3.004 -2.997 
-2.988 -2.976 -2.961 -2.944 -2.924 -2.901 -2.876 -2.847 -2.815 -2.780 
-2.742 -2.700 -2.654 -2.604 -2.549 -2.489 -2.424 -2.354 -2.276 -2.191 
-2.098 -1.995 -1.881 -1.756 -1.620 -1.479 -1.345 -1.243 -1.196 -1.211 
-1.269 -1.346 -1.425 -1.500 -1.568 -1.626 -1.675 -1.714 -1.743 -1.763 
-1.774 -1.776 -1.770 -1.754 -1.730 -1.696 -1.653 -1.601 -1.541 -1.476 
-1.414 -1.363 -1.335 -1.340 -1.383 -1.462 -1.565 -1.679 -1.793 -1.903 
-2.005 -2.100 -2.188 -2.270 -2.345 -2.414 -2.478 -2.537 -2.592 -2.642 
-2.688 -2.731 -2.770 -2.805 -2.838 -2.867 -2.894 -2.917 -2.938 -2.956 
-2.955 
-3.099 -3.118 -3.128 -3.135 -3.140 -3.143 -3.143 -3.140 -3.135 -3.128 
-3.118 -3.106 -3.091 -3.074 -3.053 -3.030 -3.004 -2.976 -2.944 -2.908 
-2.869 -2.827 -2.781 -2.730 -2.675 -2.616 -2.551 -2.480 -2.403 -2.320 
-2.230 -2.134 -2.033 -1.929 -1.826 -1.723 -1.621 -1.525 -1.446 -1.390 
-1.357 -1.346 -1.361 -1.398 -1.446 -1.498 -1.546 -1.588 -1.620 -1.642 
-1.653 -1.655 -1.645 -1.625 -1.594 -1.553 -1.501 -1.440 -1.375 -1.315 
-1.273 -1.264 -1.297 -1.369 -1.469 -1.586 -1.709 -1.832 -1.948 -2.058 
-2.160 -2.254 -2.340 -2.420 -2.494 -2.562 -2.625 -2.683 -2.736 -2.786 
-2.831 -2.872 -2.910 -2.945 -2.977 -3.005 -3.031 -3.054 -3.074 -3.091 
-3.095 
-3.079 -3.077 -3.083 -3.087 -3.089 -3.088 -3.084 -3.078 -3.069 -3.057 
-3.043 -3.026 -3.006 -2.983 -2.957 -2.928 -2.895 -2.859 -2.820 -2.776 
-2.728 -2.676 -2.619 -2.557 -2.489 -2.416 -2.336 -2.249 -2.156 -2.056 
-1.951 -1.844 -1.741 -1.653 -1.589 -1.559 -1.563 -1.591 -1.629 -1.665 
-1.697 -1.730 -1.768 -1.811 -1.855 -1.896 -1.931 -1.958 -1.977 -1.988 
-1.991 -1.986 -1.973 -1.951 -1.922 -1.885 -1.840 -1.788 -1.731 -1.672 
-1.620 -1.580 -1.552 -1.531 -1.537 -1.608 -1.726 -1.848 -1.963 -2.069 
-2.167 -2.258 -2.342 -2.420 -2.491 -2.557 -2.618 -2.674 -2.726 -2.773 
-2.816 -2.856 -2.892 -2.924 -2.954 -2.980 -3.003 -3.023 -3.041 -3.055 
-3.075 
-3.144 -3.164 -3.172 -3.177 -3.179 -3.179 -3.176 -3.170 -3.162 -3.151 
-3.137 -3.120 -3.101 -3.078 -3.052 -3.023 -2.991 -2.955 -2.916 -2.872 
-2.825 -2.773 -2.716 -2.654 -2.587 -2.513 -2.434 -2.347 -2.254 -2.153 
-2.047 -1.937 -1.828 -1.731 -1.657 -1.620 -1.625 -1.666 -1.729 -1.801 
-1.874 -1.941 -2.001 -2.052 -2.095 -2.130 -2.156 -2.175 -2.186 -2.189 
-2.185 -2.173 -2.154 -2.125 -2.088 -2.041 -1.983 -1.914 -1.831 -1.732 
-1.618 -1.488 -1.348 -1.224 -1.171 -1.239 -1.401 -1.595 -1.780 -1.943 
-2.084 -2.208 -2.318 -2.415 -2.502 -2.581 -2.652 -2.717 -2.775 -2.828 
-2.877 -2.921 -2.960 -2.996 -3.028 -3.057 -3.082 -3.105 -3.124 -3.140 
-3.140 
-3.082 -3.090 -3.097 -3.101 -3.103 -3.102 -3.098 -3.092 -3.083 -3.071 
-3.057 -3.039 -3.019 -2.996 -2.970 -2.941 -2.909 -2.873 -2.834 -2.791 
-2.745 -2.694 -2.639 -2.580 -2.516 -2.447 -2.374 -2.296 -2.214 -2.130 
-2.044 -1.960 -1.881 -1.812 -1.760 -1.728 -1.722 -1.738 -1.773 -1.820 
-1.871 -1.921 -1.966 -2.006 -2.039 -2.065 -2.084 -2.096 -2.101 -2.098 
-2.088 -2.071 -2.045 -2.010 -1.967 -1.914 -1.850 -1.775 -1.689 -1.596 
-1.503 -1.424 -1.373 -1.361 -1.393 -1.485 -1.615 -1.747 -1.872 -1.991 
-2.102 -2.205 -2.300 -2.387 -2.467 -2.540 -2.606 -2.667 -2.722 -2.773 
-2.819 -2.861 -2.898 -2.932 -2.963 -2.990 -3.014 -3.035 -3.053 -3.068 
-3.079 
-3.043 -3.040 -3.053 -3.062 -3.069 -3.072 -3.074 -3.072 -3.068 -3.061 
-3.051 -3.039 -3.023 -3.005 -2.984 -2.959 -2.932 -2.901 -2.866 -2.828 
-2.786 -2.740 -2.689 -2.633 -2.573 -2.507 -2.435 -2.356 -2.271 -2.180 
-2.082 -1.981 -1.880 -1.786 -1.704 -1.639 -1.597 -1.587 -1.609 -1.657 
-1.721 -1.790 -1.858 -1.920 -1.975 -2.022 -2.061 -2.092 -2.115 -2.131 
-2.140 -2.142 -2.136 -2.122 -2.101 -2.072 -2.035 -1.988 -1.932 -1.867 
-1.795 -1.722 -1.657 -1.606 -1.572 -1.562 -1.580 -1.624 -1.694 -1.784 
-1.885 -1.989 -2.092 -2.189 -2.280 -2.365 -2.443 -2.514 -2.580 -2.640 
-2.695 -2.745 -2.791 -2.833 -2.871 -2.905 -2.935 -2.962 -2.987 -3.007 
-3.036 
-3.213 -3.241 -3.249 -3.255 -3.259 -3.259 -3.256 -3.251 -3.243 -3.232 
-3.218 -3.202 -3.182 -3.159 -3.132 -3.103 -3.069 -3.032 -2.990 -2.945 
-2.894 -2.839 -2.778 -2.711 -2.637 -2.556 -2.467 -2.369 -2.263 -2.149 
-2.031 -1.917 -1.820 -1.755 -1.731 -1.741 -1.773 -1.819 -1.878 -1.946 
-2.017 -2.086 -2.148 -2.204 -2.250 -2.289 -2.320 -2.343 -2.359 -2.367 
-2.368 -2.362 -2.348 -2.327 -2.297 -2.259 -2.212 -2.154 -2.085 -2.003 
-1.909 -1.803 -1.691 -1.592 -1.534 -1.542 -1.617 -1.734 -1.866 -1.999 
-2.125 -2.243 -2.351 -2.449 -2.539 -2.621 -2.696 -2.764 -2.826 -2.882 
-2.933 -2.980 -3.022 -3.060 -3.094 -3.125 -3.152 -3.176 -3.197 -3.214 
-3.210 
-3.252 -3.260 -3.270 -3.277 -3.282 -3.284 -3.284 -3.280 -3.275 -3.266 
-3.255 -3.240 -3.224 -3.204 -3.181 -3.155 -3.126 -3.093 -3.057 -3.017 
-2.973 -2.924 -2.872 -2.814 -2.750 -2.681 -2.605 -2.523 -2.432 -2.335 
-2.230 -2.121 -2.013 -1.914 -1.831 -1.770 -1.736 -1.733 -1.761 -1.813 
-1.878 -1.947 -2.013 -2.073 -2.126 -2.171 -2.208 -2.237 -2.258 -2.271 
-2.277 -2.275 -2.266 -2.250 -2.225 -2.193 -2.152 -2.102 -2.043 -1.976 
-1.901 -1.822 -1.744 -1.681 -1.648 -1.663 -1.727 -1.825 -1.940 -2.058 
-2.174 -2.283 -2.385 -2.478 -2.564 -2.643 -2.715 -2.781 -2.841 -2.896 
-2.947 -2.993 -3.035 -3.073 -3.108 -3.139 -3.167 -3.191 -3.213 -3.231 
-3.247 
-3.249 -3.262 -3.273 -3.280 -3.285 -3.287 -3.287 -3.283 -3.277 -3.268 
-3.256 -3.242 -3.224 -3.204 -3.180 -3.153 -3.123 -3.089 -3.052 -3.010 
-2.965 -2.915 -2.860 -2.799 -2.733 -2.661 -2.582 -2.496 -2.401 -2.299 
-2.189 -2.074 -1.958 -1.853 -1.770 -1.725 -1.722 -1.758 -1.821 -1.897 
-1.977 -2.052 -2.121 -2.181 -2.233 -2.276 -2.311 -2.339 -2.358 -2.371 
-2.376 -2.375 -2.366 -2.350 -2.327 -2.296 -2.257 -2.209 -2.153 -2.088 
-2.015 -1.935 -1.854 -1.781 -1.729 -1.713 -1.741 -1.809 -1.906 -2.018 
-2.133 -2.245 -2.351 -2.449 -2.539 -2.622 -2.697 -2.766 -2.829 -2.887 
-2.939 -2.987 -3.031 -3.070 -3.106 -3.138 -3.167 -3.192 -3.214 -3.233 
-3.245 
-3.233 -3.240 -3.251 -3.259 -3.264 -3.267 -3.266 -3.263 -3.257 -3.248 
-3.236 -3.221 -3.203 -3.182 -3.158 -3.130 -3.099 -3.064 -3.026 -2.983 
-2.935 -2.883 -2.826 -2.763 -2.694 -2.618 -2.535 -2.443 -2.344 -2.237 
-2.124 -2.009 -1.901 -1.812 -1.754 -1.732 -1.745 -1.787 -1.856 -1.942 
-2.031 -2.114 -2.187 -2.250 -2.304 -2.349 -2.386 -2.414 -2.436 -2.450 
-2.458 -2.459 -2.453 -2.441 -2.423 -2.397 -2.365 -2.326 -2.279 -2.224 
-2.162 -2.094 -2.021 -1.948 -1.883 -1.837 -1.822 -1.844 -1.903 -1.988 
-2.089 -2.195 -2.299 -2.398 -2.491 -2.576 -2.654 -2.725 -2.791 -2.851 
-2.905 -2.955 -3.000 -3.041 -3.078 -3.111 -3.141 -3.167 -3.190 -3.210 
-3.228 
-3.256 -3.269 -3.279 -3.287 -3.291 -3.294 -3.293 -3.290 -3.284 -3.276 
-3.264 -3.250 -3.233 -3.213 -3.190 -3.164 -3.134 -3.101 -3.065 -3.024 
-2.979 -2.929 -2.875 -2.815 -2.749 -2.676 -2.596 -2.507 -2.409 -2.300 
-2.182 -2.057 -1.931 -1.818 -1.720 -1.635 -1.570 -1.548 -1.583 -1.663 
-1.764 -1.866 -1.960 -2.042 -2.113 -2.172 -2.220 -2.260 -2.290 -2.313 
-2.327 -2.335 -2.336 -2.330 -2.318 -2.299 -2.275 -2.245 -2.209 -2.170 
-2.128 -2.086 -2.047 -2.016 -1.996 -1.994 -2.012 -2.053 -2.115 -2.191 
-2.275 -2.361 -2.445 -2.526 -2.602 -2.674 -2.741 -2.802 -2.860 -2.913 
-2.961 -3.006 -3.047 -3.084 -3.118 -3.149 -3.176 -3.201 -3.222 -3.240 
-3.251 
-3.256 -3.264 -3.272 -3.277 -3.280 -3.280 -3.277 -3.271 -3.262 -3.251 
-3.236 -3.219 -3.198 -3.174 -3.147 -3.116 -3.082 -3.043 -3.000 -2.952 
-2.900 -2.842 -2.777 -2.706 -2.627 -2.540 -2.443 -2.335 -2.215 -2.083 
-1.942 -1.804 -1.689 -1.625 -1.622 -1.663 -1.719 -1.777 -1.843 -1.920 
-2.001 -2.081 -2.155 -2.220 -2.276 -2.322 -2.360 -2.389 -2.411 -2.425 
-2.432 -2.433 -2.427 -2.414 -2.395 -2.369 -2.336 -2.298 -2.253 -2.203 
-2.149 -2.094 -2.042 -1.998 -1.971 -1.966 -1.987 -2.034 -2.100 -2.181 
-2.269 -2.358 -2.445 -2.529 -2.607 -2.680 -2.748 -2.810 -2.868 -2.921 
-2.969 -3.014 -3.054 -3.090 -3.123 -3.153 -3.179 -3.202 -3.222 -3.239 
-3.253 
-3.303 -3.309 -3.322 -3.333 -3.341 -3.346 -3.349 -3.349 -3.346 -3.341 
-3.332 -3.321 -3.307 -3.291 -3.271 -3.248 -3.222 -3.192 -3.159 -3.122 
-3.081 -3.036 -2.986 -2.930 -2.869 -2.802 -2.727 -2.644 -2.552 -2.450 
-2.337 -2.219 -2.104 -2.009 -1.941 -1.886 -1.837 -1.797 -1.777 -1.788 
-1.830 -1.894 -1.967 -2.041 -2.109 -2.170 -2.221 -2.264 -2.298 -2.324 
-2.341 -2.351 -2.353 -2.346 -2.332 -2.309 -2.277 -2.236 -2.184 -2.123 
-2.055 -1.993 -1.950 -1.931 -1.921 -1.915 -1.922 -1.950 -2.001 -2.075 
-2.162 -2.256 -2.352 -2.445 -2.534 -2.617 -2.694 -2.766 -2.832 -2.893 
-2.949 -3.000 -3.047 -3.090 -3.129 -3.165 -3.197 -3.225 -3.251 -3.273 
-3.296 
-3.467 -3.485 -3.492 -3.497 -3.498 -3.498 -3.494 -3.488 -3.479 -3.467 
-3.453 -3.435 -3.415 -3.392 -3.365 -3.335 -3.302 -3.265 -3.224 -3.179 
-3.130 -3.076 -3.016 -2.951 -2.879 -2.801 -2.714 -2.618 -2.513 -2.398 
-2.276 -2.153 -2.038 -1.941 -1.863 -1.813 -1.803 -1.829 -1.881 -1.947 
-2.019 -2.092 -2.160 -2.220 -2.270 -2.311 -2.342 -2.363 -2.376 -2.379 
-2.374 -2.359 -2.334 -2.299 -2.253 -2.195 -2.123 -2.037 -1.937 -1.827 
-1.718 -1.634 -1.605 -1.657 -1.778 -1.921 -2.056 -2.178 -2.291 -2.399 
-2.502 -2.600 -2.693 -2.778 -2.857 -2.929 -2.996 -3.057 -3.112 -3.163 
-3.210 -3.252 -3.290 -3.324 -3.355 -3.383 -3.407 -3.429 -3.447 -3.463 
-3.465 
-3.570 -3.576 -3.579 -3.579 -3.576 -3.571 -3.563 -3.552 -3.538 -3.521 
-3.501 -3.478 -3.451 -3.422 -3.388 -3.351 -3.310 -3.264 -3.214 -3.158 
-3.097 -3.030 -2.956 -2.874 -2.784 -2.684 -2.572 -2.449 -2.314 -2.169 
-2.025 -1.900 -1.824 -1.818 -1.871 -1.952 -2.040 -2.132 -2.222 -2.305 
-2.379 -2.442 -2.495 -2.538 -2.571 -2.596 -2.612 -2.620 -2.620 -2.613 
-2.596 -2.572 -2.538 -2.494 -2.440 -2.373 -2.292 -2.194 -2.077 -1.940 
-1.785 -1.634 -1.537 -1.555 -1.691 -1.884 -2.079 -2.255 -2.409 -2.543 
-2.661 -2.766 -2.860 -2.944 -3.020 -3.088 -3.151 -3.207 -3.258 -3.304 
-3.346 -3.384 -3.418 -3.448 -3.475 -3.499 -3.519 -3.536 -3.550 -3.562 
-3.568 
-3.597 -3.607 -3.609 -3.607 -3.604 -3.597 -3.588 -3.575 -3.560 -3.542 
-3.521 -3.496 -3.468 -3.437 -3.402 -3.363 -3.321 -3.273 -3.221 -3.164 
-3.102 -3.033 -2.957 -2.874 -2.783 -2.682 -2.570 -2.446 -2.308 -2.156 
-1.994 -1.844 -1.746 -1.739 -1.819 -1.946 -2.079 -2.201 -2.306 -2.395 
-2.468 -2.529 -2.578 -2.617 -2.647 -2.669 -2.682 -2.688 -2.686 -2.676 
-2.658 -2.633 -2.598 -2.555 -2.502 -2.438 -2.363 -2.275 -2.176 -2.069 
-1.962 -1.869 -1.818 -1.847 -1.958 -2.103 -2.253 -2.395 -2.525 -2.643 
-2.750 -2.846 -2.933 -3.011 -3.083 -3.148 -3.207 -3.260 -3.309 -3.353 
-3.393 -3.429 -3.461 -3.490 -3.515 -3.537 -3.556 -3.572 -3.585 -3.595 
-3.595 
-3.542 -3.538 -3.538 -3.534 -3.528 -3.519 -3.508 -3.493 -3.476 -3.455 
-3.432 -3.405 -3.375 -3.342 -3.305 -3.264 -3.219 -3.170 -3.117 -3.060 
-2.997 -2.930 -2.857 -2.780 -2.699 -2.614 -2.529 -2.444 -2.364 -2.290 
-2.223 -2.163 -2.121 -2.126 -2.180 -2.256 -2.333 -2.405 -2.469 -2.524 
-2.570 -2.609 -2.639 -2.663 -2.679 -2.688 -2.690 -2.685 -2.674 -2.655 
-2.629 -2.595 -2.553 -2.502 -2.440 -2.369 -2.286 -2.194 -2.095 -2.000 
-1.926 -1.892 -1.912 -1.982 -2.085 -2.205 -2.327 -2.447 -2.560 -2.664 
-2.760 -2.847 -2.927 -2.999 -3.065 -3.125 -3.180 -3.230 -3.275 -3.315 
-3.352 -3.385 -3.414 -3.440 -3.463 -3.482 -3.499 -3.512 -3.523 -3.531 
-3.541 
-3.556 -3.560 -3.565 -3.567 -3.566 -3.562 -3.556 -3.547 -3.535 -3.520 
-3.502 -3.481 -3.457 -3.430 -3.399 -3.365 -3.327 -3.285 -3.239 -3.188 
-3.133 -3.072 -3.007 -2.935 -2.858 -2.775 -2.685 -2.590 -2.491 -2.390 
-2.289 -2.194 -2.116 -2.066 -2.053 -2.077 -2.132 -2.205 -2.283 -2.359 
-2.428 -2.488 -2.540 -2.583 -2.618 -2.645 -2.664 -2.676 -2.682 -2.680 
-2.671 -2.655 -2.631 -2.600 -2.561 -2.513 -2.456 -2.391 -2.318 -2.240 
-2.167 -2.108 -2.075 -2.068 -2.092 -2.147 -2.229 -2.328 -2.433 -2.539 
-2.641 -2.736 -2.824 -2.906 -2.980 -3.049 -3.112 -3.169 -3.221 -3.269 
-3.312 -3.352 -3.387 -3.419 -3.448 -3.473 -3.495 -3.514 -3.530 -3.543 
-3.552 
-3.593 -3.604 -3.610 -3.613 -3.613 -3.611 -3.606 -3.599 -3.589 -3.576 
-3.560 -3.541 -3.519 -3.495 -3.467 -3.435 -3.401 -3.362 -3.320 -3.273 
-3.222 -3.166 -3.105 -3.038 -2.965 -2.885 -2.797 -2.701 -2.596 -2.483 
-2.363 -2.239 -2.120 -2.018 -1.950 -1.928 -1.955 -2.019 -2.101 -2.189 
-2.271 -2.345 -2.410 -2.464 -2.508 -2.544 -2.571 -2.589 -2.600 -2.604 
-2.600 -2.588 -2.569 -2.542 -2.507 -2.464 -2.412 -2.354 -2.289 -2.221 
-2.155 -2.100 -2.068 -2.068 -2.105 -2.175 -2.269 -2.374 -2.482 -2.588 
-2.688 -2.781 -2.867 -2.947 -3.020 -3.088 -3.150 -3.206 -3.258 -3.306 
-3.349 -3.389 -3.424 -3.457 -3.485 -3.511 -3.534 -3.554 -3.570 -3.584 
-3.588 
