IRGRID 64 91
1e+308

0.025 0.03 0.035 0.04 0.045 0.05 0.055 0.06 0.065 0.07
0.075 0.08 0.085 0.09 0.095 0.1 0.11 0.12 0.13 0.14
0.15 0.16 0.17 0.18 0.19 0.2 0.21 0.22 0.23 0.24
0.25 0.26 0.27 0.28 0.29 0.3 0.31 0.32 0.33 0.34
0.35 0.36 0.37 0.38 0.39 0.4 0.41 0.42 0.43 0.44
0.45 0.46 0.47 0.48 0.49 0.5 0.51 0.52 0.53 0.54
0.55 0.56 0.57 0.58
0 4 8 12 16 20 24 28 32 36
40 44 48 52 56 60 64 68 72 76
80 84 88 92 96 100 104 108 112 116
120 124 128 132 136 140 144 148 152 156
160 164 168 172 176 180 184 188 192 196
200 204 208 212 216 220 224 228 232 236
240 244 248 252 256 260 264 268 272 276
280 284 288 292 296 300 304 308 312 316
320 324 328 332 336 340 344 348 352 356
360
-2.415 -2.463 -2.451 -2.437 -2.421 -2.404 -2.387 -2.369 -2.351 -2.334 
-2.318 -2.305 -2.294 -2.286 -2.282 -2.282 -2.285 -2.293 -2.303 -2.316 
-2.330 -2.346 -2.362 -2.378 -2.394 -2.408 -2.421 -2.433 -2.443 -2.451 
-2.457 -2.461 -2.462 -2.461 -2.457 -2.451 -2.441 -2.429 -2.414 -2.395 
-2.373 -2.347 -2.317 -2.283 -2.244 -2.200 -2.150 -2.094 -2.030 -1.958 
-1.876 -1.781 -1.672 -1.543 -1.389 -1.198 -0.952 -0.647 -0.415 -0.422 
-0.651 -0.942 -1.180 -1.371 -1.528 -1.660 -1.772 -1.870 -1.955 -2.030 
-2.096 -2.155 -2.207 -2.254 -2.295 -2.331 -2.363 -2.391 -2.415 -2.436 
-2.453 -2.467 -2.478 -2.487 -2.492 -2.495 -2.496 -2.494 -2.489 -2.483 
-2.420 
-2.071 -2.076 -2.074 -2.070 -2.066 -2.061 -2.055 -2.048 -2.042 -2.035 
-2.028 -2.022 -2.016 -2.011 -2.006 -2.002 -1.999 -1.997 -1.995 -1.994 
-1.994 -1.994 -1.995 -1.996 -1.996 -1.997 -1.997 -1.997 -1.996 -1.994 
-1.991 -1.986 -1.981 -1.973 -1.964 -1.952 -1.939 -1.923 -1.904 -1.883 
-1.858 -1.831 -1.799 -1.763 -1.723 -1.678 -1.628 -1.571 -1.507 -1.434 
-1.352 -1.258 -1.149 -1.022 -0.871 -0.690 -0.466 -0.200 -0.006 -0.106 
-0.308 -0.516 -0.714 -0.888 -1.038 -1.167 -1.278 -1.376 -1.462 -1.538 
-1.605 -1.666 -1.720 -1.769 -1.812 -1.851 -1.886 -1.917 -1.945 -1.969 
-1.991 -2.010 -2.026 -2.039 -2.050 -2.060 -2.067 -2.072 -2.075 -2.077 
-2.071 
-1.694 -1.715 -1.713 -1.710 -1.705 -1.698 -1.690 -1.681 -1.670 -1.659 
-1.647 -1.634 -1.620 -1.606 -1.592 -1.577 -1.562 -1.547 -1.532 -1.517 
-1.502 -1.487 -1.471 -1.455 -1.438 -1.421 -1.403 -1.384 -1.364 -1.344 
-1.323 -1.301 -1.279 -1.256 -1.234 -1.211 -1.188 -1.165 -1.142 -1.118 
-1.093 -1.067 -1.038 -1.006 -0.972 -0.932 -0.888 -0.837 -0.779 -0.713 
-0.635 -0.543 -0.435 -0.305 -0.145 0.056 0.308 0.572 0.703 0.552 
0.266 -0.009 -0.234 -0.418 -0.573 -0.705 -0.821 -0.922 -1.012 -1.093 
-1.165 -1.230 -1.289 -1.343 -1.391 -1.435 -1.475 -1.511 -1.544 -1.573 
-1.599 -1.621 -1.642 -1.659 -1.674 -1.686 -1.696 -1.704 -1.710 -1.714 
-1.695 
-0.966 -1.044 -1.055 -1.066 -1.075 -1.083 -1.090 -1.096 -1.100 -1.102 
-1.104 -1.103 -1.101 -1.096 -1.090 -1.082 -1.072 -1.059 -1.045 -1.028 
-1.010 -0.989 -0.966 -0.941 -0.915 -0.887 -0.858 -0.827 -0.796 -0.764 
-0.732 -0.700 -0.669 -0.638 -0.608 -0.579 -0.551 -0.524 -0.497 -0.471 
-0.444 -0.416 -0.386 -0.355 -0.320 -0.282 -0.238 -0.189 -0.133 -0.069 
0.006 0.094 0.197 0.321 0.471 0.655 0.872 1.089 1.256 1.479 
1.416 0.969 0.651 0.420 0.238 0.090 -0.036 -0.144 -0.239 -0.322 
-0.396 -0.463 -0.523 -0.577 -0.626 -0.670 -0.711 -0.748 -0.782 -0.813 
-0.841 -0.867 -0.891 -0.914 -0.934 -0.953 -0.971 -0.988 -1.003 -1.018 
-0.965 
-0.370 -0.368 -0.370 -0.372 -0.372 -0.373 -0.376 -0.383 -0.394 -0.410 
-0.432 -0.456 -0.483 -0.509 -0.535 -0.560 -0.582 -0.601 -0.619 -0.634 
-0.646 -0.656 -0.663 -0.669 -0.672 -0.672 -0.671 -0.667 -0.661 -0.653 
-0.643 -0.631 -0.617 -0.601 -0.583 -0.563 -0.541 -0.517 -0.491 -0.462 
-0.430 -0.396 -0.359 -0.317 -0.272 -0.222 -0.167 -0.106 -0.039 0.037 
0.121 0.216 0.325 0.451 0.600 0.779 1.005 1.305 1.718 2.068 
2.121 1.931 1.369 1.059 0.840 0.673 0.537 0.424 0.329 0.246 
0.174 0.111 0.055 0.005 -0.039 -0.079 -0.115 -0.147 -0.176 -0.202 
-0.226 -0.248 -0.267 -0.285 -0.301 -0.316 -0.328 -0.340 -0.349 -0.357 
-0.364 
-0.179 -0.134 -0.099 -0.065 -0.033 -0.006 0.012 0.020 0.014 -0.004 
-0.035 -0.075 -0.123 -0.176 -0.230 -0.285 -0.338 -0.389 -0.437 -0.481 
-0.523 -0.560 -0.595 -0.626 -0.653 -0.677 -0.698 -0.716 -0.731 -0.742 
-0.751 -0.756 -0.759 -0.758 -0.755 -0.748 -0.739 -0.726 -0.710 -0.691 
-0.669 -0.642 -0.612 -0.578 -0.540 -0.497 -0.449 -0.395 -0.335 -0.268 
-0.192 -0.107 -0.010 0.102 0.232 0.387 0.578 0.825 1.173 1.743 
2.150 2.305 1.809 1.134 0.811 0.593 0.429 0.298 0.190 0.100 
0.023 -0.042 -0.097 -0.145 -0.185 -0.220 -0.248 -0.271 -0.289 -0.302 
-0.311 -0.315 -0.315 -0.311 -0.303 -0.290 -0.273 -0.253 -0.228 -0.200 
-0.194 
-0.332 -0.316 -0.288 -0.262 -0.240 -0.225 -0.219 -0.223 -0.238 -0.264 
-0.300 -0.343 -0.392 -0.443 -0.496 -0.548 -0.599 -0.647 -0.694 -0.737 
-0.777 -0.814 -0.848 -0.879 -0.907 -0.931 -0.953 -0.972 -0.987 -1.000 
-1.010 -1.017 -1.022 -1.023 -1.022 -1.017 -1.010 -1.000 -0.986 -0.969 
-0.949 -0.926 -0.899 -0.868 -0.833 -0.794 -0.750 -0.700 -0.645 -0.584 
-0.515 -0.438 -0.350 -0.251 -0.136 -0.002 0.157 0.355 0.615 0.996 
1.807 2.280 1.896 1.283 0.781 0.504 0.307 0.156 0.034 -0.066 
-0.150 -0.220 -0.279 -0.329 -0.371 -0.406 -0.435 -0.457 -0.474 -0.486 
-0.493 -0.495 -0.493 -0.487 -0.477 -0.463 -0.445 -0.424 -0.400 -0.373 
-0.342 
-0.549 -0.543 -0.545 -0.550 -0.557 -0.568 -0.582 -0.602 -0.625 -0.653 
-0.684 -0.718 -0.753 -0.788 -0.823 -0.856 -0.889 -0.920 -0.949 -0.976 
-1.001 -1.023 -1.044 -1.062 -1.078 -1.092 -1.103 -1.112 -1.118 -1.123 
-1.124 -1.124 -1.120 -1.115 -1.106 -1.095 -1.081 -1.065 -1.045 -1.023 
-0.997 -0.967 -0.935 -0.898 -0.857 -0.812 -0.762 -0.706 -0.645 -0.577 
-0.501 -0.415 -0.319 -0.210 -0.083 0.066 0.246 0.474 0.774 1.139 
1.614 2.099 1.759 1.195 0.777 0.519 0.334 0.191 0.075 -0.020 
-0.101 -0.170 -0.229 -0.281 -0.326 -0.366 -0.401 -0.431 -0.456 -0.478 
-0.496 -0.510 -0.521 -0.530 -0.535 -0.539 -0.541 -0.542 -0.542 -0.542 
-0.547 
-0.958 -1.017 -1.043 -1.070 -1.095 -1.121 -1.147 -1.172 -1.198 -1.223 
-1.247 -1.271 -1.294 -1.315 -1.335 -1.354 -1.371 -1.386 -1.399 -1.410 
-1.419 -1.426 -1.431 -1.434 -1.435 -1.434 -1.430 -1.424 -1.416 -1.406 
-1.393 -1.378 -1.360 -1.340 -1.318 -1.292 -1.264 -1.233 -1.198 -1.161 
-1.120 -1.075 -1.026 -0.974 -0.916 -0.854 -0.786 -0.711 -0.630 -0.540 
-0.441 -0.331 -0.207 -0.065 0.100 0.296 0.539 0.849 1.205 1.451 
1.428 1.576 1.464 0.888 0.604 0.422 0.287 0.180 0.091 0.015 
-0.054 -0.116 -0.174 -0.230 -0.285 -0.338 -0.392 -0.445 -0.498 -0.549 
-0.600 -0.649 -0.697 -0.742 -0.784 -0.824 -0.862 -0.897 -0.929 -0.960 
-0.948 
-1.008 -1.081 -1.119 -1.155 -1.189 -1.220 -1.250 -1.277 -1.301 -1.324 
-1.345 -1.364 -1.381 -1.397 -1.411 -1.423 -1.434 -1.443 -1.450 -1.456 
-1.460 -1.463 -1.465 -1.464 -1.463 -1.459 -1.454 -1.447 -1.439 -1.429 
-1.417 -1.403 -1.388 -1.370 -1.351 -1.329 -1.305 -1.279 -1.251 -1.220 
-1.186 -1.149 -1.110 -1.067 -1.020 -0.970 -0.915 -0.855 -0.790 -0.719 
-0.640 -0.553 -0.456 -0.345 -0.219 -0.070 0.110 0.338 0.637 0.968 
1.228 1.858 1.896 1.463 0.847 0.513 0.291 0.126 -0.006 -0.115 
-0.207 -0.287 -0.357 -0.420 -0.475 -0.526 -0.571 -0.612 -0.649 -0.682 
-0.712 -0.739 -0.765 -0.792 -0.819 -0.850 -0.884 -0.921 -0.960 -1.000 
-1.003 
-0.751 -0.764 -0.829 -0.893 -0.954 -1.014 -1.070 -1.124 -1.174 -1.221 
-1.264 -1.305 -1.342 -1.377 -1.408 -1.437 -1.463 -1.486 -1.507 -1.526 
-1.541 -1.555 -1.566 -1.575 -1.581 -1.586 -1.588 -1.587 -1.585 -1.580 
-1.573 -1.563 -1.552 -1.537 -1.521 -1.501 -1.480 -1.455 -1.428 -1.398 
-1.364 -1.328 -1.287 -1.244 -1.196 -1.143 -1.087 -1.024 -0.956 -0.881 
-0.799 -0.708 -0.606 -0.492 -0.361 -0.211 -0.032 0.189 0.478 0.912 
1.716 2.168 1.809 1.021 0.633 0.396 0.231 0.107 0.011 -0.065 
-0.127 -0.178 -0.223 -0.263 -0.299 -0.329 -0.354 -0.372 -0.384 -0.391 
-0.395 -0.397 -0.401 -0.409 -0.425 -0.449 -0.484 -0.527 -0.579 -0.637 
-0.722 
-1.112 -1.210 -1.264 -1.314 -1.361 -1.404 -1.444 -1.479 -1.511 -1.538 
-1.562 -1.582 -1.598 -1.610 -1.619 -1.623 -1.624 -1.621 -1.615 -1.604 
-1.591 -1.573 -1.553 -1.531 -1.506 -1.480 -1.454 -1.428 -1.403 -1.381 
-1.361 -1.345 -1.332 -1.321 -1.313 -1.306 -1.298 -1.289 -1.278 -1.264 
-1.245 -1.223 -1.195 -1.161 -1.122 -1.077 -1.024 -0.965 -0.897 -0.821 
-0.734 -0.637 -0.527 -0.402 -0.257 -0.088 0.115 0.367 0.703 1.174 
1.577 1.845 1.467 1.093 0.739 0.543 0.411 0.315 0.243 0.184 
0.132 0.082 0.028 -0.033 -0.103 -0.180 -0.263 -0.347 -0.430 -0.510 
-0.583 -0.651 -0.712 -0.768 -0.822 -0.875 -0.929 -0.984 -1.040 -1.098 
-1.101 
-1.302 -1.327 -1.331 -1.332 -1.329 -1.325 -1.317 -1.306 -1.293 -1.278 
-1.260 -1.241 -1.219 -1.196 -1.171 -1.145 -1.118 -1.091 -1.062 -1.033 
-1.003 -0.972 -0.941 -0.908 -0.876 -0.844 -0.812 -0.783 -0.757 -0.734 
-0.716 -0.703 -0.696 -0.693 -0.694 -0.699 -0.706 -0.714 -0.722 -0.729 
-0.734 -0.737 -0.737 -0.733 -0.725 -0.712 -0.694 -0.670 -0.640 -0.603 
-0.557 -0.503 -0.437 -0.358 -0.263 -0.145 0.003 0.201 0.491 1.039 
1.296 1.382 1.660 1.457 0.956 0.490 0.222 0.035 -0.105 -0.216 
-0.308 -0.388 -0.463 -0.535 -0.608 -0.682 -0.756 -0.828 -0.896 -0.960 
-1.018 -1.071 -1.118 -1.159 -1.195 -1.227 -1.253 -1.276 -1.294 -1.308 
-1.300 
-1.106 -1.089 -1.081 -1.070 -1.058 -1.043 -1.026 -1.007 -0.987 -0.965 
-0.942 -0.919 -0.895 -0.871 -0.849 -0.828 -0.809 -0.792 -0.778 -0.768 
-0.760 -0.756 -0.754 -0.755 -0.757 -0.760 -0.763 -0.767 -0.770 -0.773 
-0.776 -0.777 -0.778 -0.778 -0.777 -0.774 -0.769 -0.762 -0.753 -0.741 
-0.725 -0.707 -0.685 -0.659 -0.630 -0.596 -0.558 -0.514 -0.465 -0.409 
-0.345 -0.271 -0.185 -0.083 0.038 0.189 0.384 0.664 1.166 1.628 
1.698 1.313 1.183 0.857 0.415 0.165 -0.018 -0.165 -0.288 -0.394 
-0.486 -0.567 -0.639 -0.703 -0.760 -0.811 -0.857 -0.897 -0.934 -0.966 
-0.994 -1.018 -1.039 -1.056 -1.070 -1.082 -1.090 -1.095 -1.097 -1.097 
-1.109 
-1.168 -1.167 -1.177 -1.186 -1.191 -1.195 -1.196 -1.195 -1.192 -1.187 
-1.180 -1.171 -1.161 -1.150 -1.138 -1.124 -1.111 -1.097 -1.082 -1.068 
-1.054 -1.040 -1.025 -1.010 -0.994 -0.977 -0.958 -0.938 -0.916 -0.892 
-0.866 -0.839 -0.810 -0.780 -0.748 -0.715 -0.681 -0.646 -0.610 -0.574 
-0.536 -0.497 -0.458 -0.417 -0.375 -0.331 -0.285 -0.235 -0.183 -0.125 
-0.062 0.009 0.089 0.182 0.292 0.427 0.601 0.835 1.076 1.318 
1.429 1.286 1.117 0.885 0.666 0.492 0.371 0.312 0.326 0.384 
0.326 0.109 -0.113 -0.286 -0.419 -0.525 -0.613 -0.687 -0.752 -0.810 
-0.861 -0.907 -0.948 -0.985 -1.019 -1.049 -1.076 -1.099 -1.120 -1.138 
-1.162 
-1.396 -1.476 -1.505 -1.532 -1.555 -1.577 -1.595 -1.611 -1.625 -1.636 
-1.646 -1.653 -1.658 -1.660 -1.661 -1.660 -1.656 -1.651 -1.644 -1.635 
-1.623 -1.610 -1.595 -1.578 -1.560 -1.539 -1.517 -1.492 -1.466 -1.439 
-1.409 -1.378 -1.345 -1.310 -1.274 -1.236 -1.196 -1.154 -1.111 -1.065 
-1.017 -0.967 -0.914 -0.858 -0.798 -0.734 -0.665 -0.589 -0.505 -0.413 
-0.309 -0.191 -0.055 0.105 0.298 0.541 0.853 1.182 1.362 1.266 
1.099 0.962 0.808 0.681 0.612 0.599 0.644 0.746 0.889 0.998 
0.958 0.743 0.454 0.181 -0.050 -0.243 -0.407 -0.547 -0.670 -0.777 
-0.873 -0.958 -1.035 -1.104 -1.167 -1.225 -1.277 -1.324 -1.368 -1.407 
-1.387 
-1.159 -1.166 -1.191 -1.213 -1.234 -1.252 -1.269 -1.284 -1.297 -1.308 
-1.317 -1.325 -1.330 -1.334 -1.336 -1.337 -1.335 -1.332 -1.327 -1.320 
-1.312 -1.302 -1.289 -1.275 -1.260 -1.242 -1.222 -1.200 -1.177 -1.151 
-1.123 -1.093 -1.061 -1.026 -0.990 -0.950 -0.908 -0.864 -0.816 -0.766 
-0.712 -0.655 -0.595 -0.530 -0.461 -0.388 -0.309 -0.224 -0.132 -0.033 
0.076 0.197 0.331 0.481 0.650 0.838 1.032 1.198 1.285 1.208 
1.061 0.896 0.740 0.604 0.491 0.403 0.343 0.322 0.353 0.413 
0.360 0.162 -0.034 -0.184 -0.301 -0.397 -0.479 -0.553 -0.620 -0.681 
-0.738 -0.791 -0.841 -0.888 -0.931 -0.972 -1.010 -1.046 -1.080 -1.111 
-1.150 
-1.106 -1.135 -1.169 -1.200 -1.229 -1.255 -1.279 -1.301 -1.321 -1.338 
-1.353 -1.366 -1.377 -1.386 -1.393 -1.398 -1.401 -1.402 -1.401 -1.397 
-1.392 -1.385 -1.375 -1.364 -1.350 -1.335 -1.317 -1.296 -1.274 -1.249 
-1.222 -1.192 -1.159 -1.124 -1.086 -1.045 -1.001 -0.953 -0.902 -0.848 
-0.789 -0.725 -0.657 -0.584 -0.505 -0.419 -0.327 -0.225 -0.115 0.007 
0.142 0.291 0.456 0.637 0.832 1.028 1.193 1.271 1.235 1.120 
0.977 0.843 0.728 0.632 0.551 0.481 0.418 0.357 0.296 0.232 
0.164 0.092 0.017 -0.060 -0.138 -0.216 -0.294 -0.369 -0.443 -0.514 
-0.582 -0.647 -0.709 -0.768 -0.824 -0.877 -0.927 -0.974 -1.019 -1.060 
-1.093 
-1.143 -1.164 -1.198 -1.230 -1.259 -1.285 -1.309 -1.331 -1.350 -1.367 
-1.382 -1.394 -1.404 -1.412 -1.418 -1.422 -1.423 -1.423 -1.420 -1.415 
-1.408 -1.399 -1.387 -1.374 -1.358 -1.339 -1.318 -1.295 -1.270 -1.241 
-1.210 -1.176 -1.139 -1.100 -1.057 -1.010 -0.960 -0.906 -0.848 -0.786 
-0.719 -0.647 -0.569 -0.486 -0.395 -0.298 -0.192 -0.077 0.048 0.184 
0.329 0.484 0.641 0.788 0.908 0.987 1.023 1.014 0.952 0.867 
0.788 0.722 0.669 0.625 0.588 0.555 0.521 0.481 0.433 0.374 
0.302 0.220 0.131 0.037 -0.058 -0.152 -0.244 -0.333 -0.417 -0.498 
-0.574 -0.647 -0.715 -0.779 -0.839 -0.895 -0.948 -0.997 -1.043 -1.087 
-1.128 
-1.306 -1.346 -1.373 -1.398 -1.421 -1.441 -1.459 -1.474 -1.488 -1.499 
-1.509 -1.516 -1.521 -1.524 -1.524 -1.523 -1.520 -1.514 -1.507 -1.497 
-1.485 -1.471 -1.455 -1.437 -1.416 -1.393 -1.367 -1.339 -1.309 -1.276 
-1.240 -1.201 -1.159 -1.114 -1.066 -1.014 -0.959 -0.900 -0.837 -0.769 
-0.697 -0.619 -0.537 -0.448 -0.353 -0.252 -0.144 -0.028 0.096 0.226 
0.362 0.500 0.636 0.757 0.843 0.881 0.878 0.850 0.807 0.757 
0.701 0.640 0.574 0.504 0.430 0.354 0.275 0.195 0.114 0.029 
-0.058 -0.147 -0.236 -0.326 -0.413 -0.496 -0.577 -0.653 -0.726 -0.794 
-0.859 -0.919 -0.976 -1.030 -1.080 -1.126 -1.170 -1.211 -1.249 -1.284 
-1.298 
-1.342 -1.366 -1.394 -1.420 -1.444 -1.465 -1.484 -1.501 -1.516 -1.529 
-1.540 -1.548 -1.555 -1.560 -1.562 -1.562 -1.561 -1.557 -1.551 -1.543 
-1.533 -1.521 -1.507 -1.490 -1.472 -1.450 -1.427 -1.401 -1.372 -1.341 
-1.307 -1.270 -1.231 -1.188 -1.141 -1.092 -1.038 -0.981 -0.919 -0.853 
-0.782 -0.705 -0.622 -0.533 -0.436 -0.330 -0.215 -0.089 0.049 0.202 
0.369 0.547 0.725 0.872 0.950 0.941 0.867 0.767 0.666 0.575 
0.493 0.418 0.349 0.282 0.216 0.150 0.084 0.016 -0.053 -0.125 
-0.197 -0.271 -0.345 -0.419 -0.491 -0.563 -0.633 -0.700 -0.765 -0.828 
-0.887 -0.944 -0.999 -1.050 -1.099 -1.145 -1.188 -1.228 -1.266 -1.302 
-1.331 
-1.343 -1.365 -1.392 -1.417 -1.440 -1.462 -1.480 -1.497 -1.512 -1.525 
-1.536 -1.545 -1.552 -1.557 -1.560 -1.561 -1.560 -1.557 -1.552 -1.545 
-1.536 -1.525 -1.512 -1.497 -1.480 -1.460 -1.438 -1.414 -1.388 -1.359 
-1.327 -1.293 -1.256 -1.216 -1.173 -1.126 -1.077 -1.023 -0.966 -0.904 
-0.837 -0.766 -0.689 -0.605 -0.514 -0.416 -0.308 -0.190 -0.059 0.085 
0.243 0.413 0.584 0.730 0.812 0.807 0.730 0.618 0.501 0.391 
0.294 0.208 0.132 0.063 0.000 -0.059 -0.116 -0.172 -0.228 -0.284 
-0.342 -0.400 -0.459 -0.518 -0.578 -0.637 -0.696 -0.753 -0.810 -0.865 
-0.918 -0.970 -1.019 -1.066 -1.111 -1.154 -1.195 -1.233 -1.270 -1.304 
-1.332 
-1.351 -1.375 -1.394 -1.412 -1.428 -1.443 -1.455 -1.466 -1.475 -1.483 
-1.488 -1.492 -1.494 -1.495 -1.494 -1.491 -1.486 -1.480 -1.472 -1.462 
-1.450 -1.436 -1.421 -1.403 -1.384 -1.363 -1.339 -1.314 -1.287 -1.257 
-1.225 -1.191 -1.154 -1.115 -1.073 -1.028 -0.981 -0.930 -0.876 -0.818 
-0.756 -0.691 -0.620 -0.545 -0.464 -0.376 -0.282 -0.179 -0.068 0.053 
0.184 0.322 0.462 0.586 0.668 0.685 0.636 0.541 0.427 0.309 
0.197 0.093 -0.003 -0.090 -0.170 -0.245 -0.314 -0.380 -0.442 -0.501 
-0.558 -0.614 -0.667 -0.719 -0.770 -0.819 -0.866 -0.912 -0.957 -1.000 
-1.041 -1.080 -1.118 -1.153 -1.187 -1.220 -1.250 -1.278 -1.305 -1.330 
-1.345 
-1.298 -1.319 -1.347 -1.372 -1.396 -1.418 -1.438 -1.456 -1.472 -1.486 
-1.499 -1.509 -1.518 -1.525 -1.530 -1.533 -1.534 -1.533 -1.531 -1.526 
-1.520 -1.511 -1.501 -1.488 -1.474 -1.457 -1.439 -1.418 -1.394 -1.369 
-1.341 -1.310 -1.277 -1.242 -1.203 -1.161 -1.116 -1.068 -1.016 -0.960 
-0.900 -0.835 -0.764 -0.688 -0.605 -0.515 -0.415 -0.304 -0.179 -0.040 
0.106 0.222 0.294 0.358 0.412 0.430 0.401 0.335 0.250 0.159 
0.069 -0.015 -0.092 -0.163 -0.227 -0.286 -0.340 -0.390 -0.436 -0.480 
-0.520 -0.559 -0.596 -0.632 -0.667 -0.702 -0.738 -0.776 -0.815 -0.857 
-0.900 -0.944 -0.987 -1.031 -1.073 -1.113 -1.152 -1.189 -1.225 -1.258 
-1.288 
-1.335 -1.358 -1.400 -1.438 -1.474 -1.507 -1.537 -1.565 -1.589 -1.611 
-1.631 -1.648 -1.663 -1.675 -1.685 -1.692 -1.697 -1.700 -1.700 -1.698 
-1.694 -1.687 -1.678 -1.666 -1.652 -1.635 -1.616 -1.594 -1.569 -1.541 
-1.510 -1.475 -1.438 -1.396 -1.351 -1.301 -1.246 -1.187 -1.122 -1.050 
-0.972 -0.885 -0.788 -0.681 -0.560 -0.423 -0.269 -0.097 0.089 0.276 
0.429 0.494 0.437 0.311 0.185 0.081 -0.008 -0.091 -0.167 -0.234 
-0.290 -0.335 -0.368 -0.391 -0.405 -0.414 -0.421 -0.433 -0.451 -0.474 
-0.498 -0.519 -0.534 -0.546 -0.556 -0.569 -0.588 -0.614 -0.648 -0.692 
-0.743 -0.800 -0.860 -0.922 -0.984 -1.045 -1.104 -1.160 -1.214 -1.265 
-1.317 
-1.613 -1.664 -1.697 -1.727 -1.755 -1.779 -1.801 -1.819 -1.836 -1.850 
-1.861 -1.870 -1.876 -1.880 -1.881 -1.880 -1.877 -1.871 -1.863 -1.852 
-1.839 -1.823 -1.805 -1.784 -1.760 -1.733 -1.703 -1.670 -1.634 -1.594 
-1.551 -1.503 -1.452 -1.396 -1.335 -1.268 -1.195 -1.116 -1.029 -0.933 
-0.828 -0.712 -0.587 -0.455 -0.321 -0.185 -0.041 0.110 0.242 0.326 
0.350 0.317 0.226 0.115 0.016 -0.064 -0.124 -0.167 -0.194 -0.208 
-0.208 -0.198 -0.177 -0.150 -0.120 -0.094 -0.079 -0.085 -0.115 -0.168 
-0.240 -0.327 -0.424 -0.526 -0.624 -0.715 -0.798 -0.876 -0.949 -1.020 
-1.088 -1.155 -1.220 -1.282 -1.341 -1.397 -1.450 -1.500 -1.546 -1.588 
-1.604 
-1.790 -1.832 -1.863 -1.890 -1.915 -1.937 -1.956 -1.972 -1.986 -1.997 
-2.005 -2.011 -2.015 -2.016 -2.014 -2.010 -2.004 -1.995 -1.983 -1.968 
-1.951 -1.931 -1.909 -1.883 -1.854 -1.822 -1.786 -1.747 -1.704 -1.657 
-1.605 -1.549 -1.487 -1.419 -1.345 -1.264 -1.174 -1.075 -0.965 -0.844 
-0.712 -0.570 -0.428 -0.302 -0.216 -0.182 -0.184 -0.187 -0.171 -0.159 
-0.187 -0.254 -0.336 -0.415 -0.483 -0.538 -0.579 -0.608 -0.624 -0.629 
-0.623 -0.607 -0.581 -0.546 -0.504 -0.455 -0.404 -0.352 -0.302 -0.262 
-0.248 -0.276 -0.351 -0.460 -0.585 -0.712 -0.832 -0.945 -1.049 -1.144 
-1.231 -1.311 -1.385 -1.453 -1.516 -1.573 -1.626 -1.675 -1.720 -1.760 
-1.780 
-1.704 -1.732 -1.766 -1.797 -1.825 -1.851 -1.873 -1.893 -1.911 -1.926 
-1.939 -1.950 -1.958 -1.963 -1.966 -1.967 -1.966 -1.962 -1.956 -1.947 
-1.936 -1.923 -1.906 -1.888 -1.866 -1.842 -1.815 -1.785 -1.751 -1.714 
-1.674 -1.630 -1.582 -1.529 -1.471 -1.409 -1.340 -1.264 -1.181 -1.090 
-0.989 -0.878 -0.759 -0.638 -0.524 -0.422 -0.319 -0.206 -0.097 -0.016 
0.018 -0.002 -0.068 -0.156 -0.246 -0.327 -0.397 -0.454 -0.499 -0.533 
-0.558 -0.573 -0.580 -0.579 -0.572 -0.559 -0.541 -0.521 -0.501 -0.485 
-0.483 -0.503 -0.548 -0.610 -0.682 -0.759 -0.838 -0.917 -0.996 -1.073 
-1.146 -1.217 -1.284 -1.348 -1.408 -1.465 -1.518 -1.567 -1.613 -1.656 
-1.691 
-1.626 -1.654 -1.688 -1.720 -1.749 -1.776 -1.800 -1.822 -1.841 -1.858 
-1.873 -1.885 -1.895 -1.903 -1.909 -1.912 -1.913 -1.912 -1.909 -1.904 
-1.896 -1.886 -1.873 -1.858 -1.841 -1.821 -1.798 -1.773 -1.745 -1.714 
-1.680 -1.642 -1.602 -1.558 -1.510 -1.457 -1.401 -1.339 -1.273 -1.200 
-1.121 -1.035 -0.940 -0.836 -0.722 -0.596 -0.458 -0.309 -0.156 -0.016 
0.085 0.120 0.085 0.002 -0.098 -0.196 -0.283 -0.357 -0.420 -0.472 
-0.516 -0.551 -0.578 -0.600 -0.617 -0.629 -0.638 -0.645 -0.652 -0.661 
-0.673 -0.691 -0.715 -0.746 -0.784 -0.828 -0.878 -0.933 -0.990 -1.049 
-1.109 -1.169 -1.228 -1.285 -1.340 -1.392 -1.443 -1.490 -1.535 -1.578 
-1.613 
-1.615 -1.636 -1.665 -1.692 -1.716 -1.739 -1.759 -1.777 -1.793 -1.807 
-1.819 -1.828 -1.836 -1.842 -1.845 -1.846 -1.846 -1.843 -1.838 -1.831 
-1.822 -1.811 -1.798 -1.782 -1.764 -1.744 -1.721 -1.696 -1.668 -1.638 
-1.605 -1.569 -1.530 -1.488 -1.443 -1.394 -1.341 -1.284 -1.223 -1.158 
-1.086 -1.009 -0.926 -0.834 -0.733 -0.621 -0.502 -0.393 -0.316 -0.263 
-0.213 -0.182 -0.180 -0.200 -0.228 -0.262 -0.299 -0.338 -0.376 -0.413 
-0.449 -0.482 -0.513 -0.542 -0.569 -0.596 -0.623 -0.650 -0.678 -0.708 
-0.739 -0.772 -0.807 -0.844 -0.884 -0.927 -0.972 -1.019 -1.068 -1.119 
-1.170 -1.221 -1.271 -1.320 -1.367 -1.412 -1.455 -1.496 -1.534 -1.570 
-1.604 
-1.718 -1.750 -1.787 -1.822 -1.854 -1.883 -1.909 -1.932 -1.953 -1.971 
-1.987 -2.000 -2.011 -2.019 -2.025 -2.028 -2.029 -2.028 -2.024 -2.017 
-2.008 -1.997 -1.983 -1.966 -1.947 -1.924 -1.899 -1.871 -1.839 -1.804 
-1.766 -1.723 -1.677 -1.626 -1.570 -1.509 -1.442 -1.367 -1.285 -1.194 
-1.093 -0.978 -0.849 -0.701 -0.534 -0.352 -0.177 -0.058 -0.044 -0.129 
-0.255 -0.377 -0.478 -0.560 -0.627 -0.685 -0.737 -0.782 -0.822 -0.856 
-0.885 -0.909 -0.927 -0.940 -0.949 -0.952 -0.950 -0.944 -0.934 -0.919 
-0.904 -0.890 -0.884 -0.888 -0.904 -0.930 -0.963 -1.004 -1.050 -1.102 
-1.159 -1.219 -1.280 -1.341 -1.401 -1.459 -1.515 -1.568 -1.618 -1.665 
-1.703 
-1.894 -1.934 -1.972 -2.007 -2.038 -2.067 -2.092 -2.115 -2.134 -2.151 
-2.165 -2.177 -2.186 -2.192 -2.196 -2.198 -2.196 -2.193 -2.186 -2.178 
-2.166 -2.152 -2.135 -2.115 -2.092 -2.067 -2.038 -2.006 -1.970 -1.931 
-1.888 -1.840 -1.788 -1.731 -1.669 -1.600 -1.525 -1.443 -1.351 -1.250 
-1.136 -1.009 -0.866 -0.703 -0.520 -0.325 -0.144 -0.030 -0.034 -0.142 
-0.292 -0.440 -0.568 -0.674 -0.760 -0.830 -0.886 -0.929 -0.961 -0.982 
-0.994 -0.997 -0.990 -0.975 -0.951 -0.919 -0.878 -0.830 -0.777 -0.721 
-0.669 -0.631 -0.615 -0.631 -0.680 -0.756 -0.850 -0.951 -1.052 -1.149 
-1.242 -1.329 -1.412 -1.488 -1.560 -1.626 -1.688 -1.746 -1.799 -1.848 
-1.881 
-2.029 -2.068 -2.106 -2.141 -2.173 -2.201 -2.226 -2.248 -2.268 -2.284 
-2.298 -2.309 -2.317 -2.323 -2.326 -2.327 -2.325 -2.320 -2.313 -2.303 
-2.291 -2.276 -2.257 -2.237 -2.213 -2.186 -2.155 -2.122 -2.085 -2.044 
-1.999 -1.949 -1.895 -1.836 -1.772 -1.701 -1.623 -1.537 -1.443 -1.339 
-1.224 -1.096 -0.956 -0.805 -0.649 -0.505 -0.394 -0.347 -0.389 -0.496 
-0.620 -0.736 -0.837 -0.921 -0.991 -1.047 -1.092 -1.126 -1.150 -1.164 
-1.170 -1.167 -1.155 -1.135 -1.105 -1.067 -1.020 -0.964 -0.900 -0.831 
-0.762 -0.701 -0.661 -0.654 -0.689 -0.763 -0.865 -0.981 -1.100 -1.215 
-1.322 -1.422 -1.515 -1.599 -1.677 -1.748 -1.814 -1.874 -1.929 -1.979 
-2.014 
-2.077 -2.111 -2.147 -2.180 -2.209 -2.236 -2.259 -2.280 -2.298 -2.313 
-2.325 -2.335 -2.342 -2.347 -2.349 -2.349 -2.346 -2.341 -2.333 -2.322 
-2.309 -2.293 -2.275 -2.253 -2.229 -2.201 -2.171 -2.137 -2.099 -2.058 
-2.012 -1.963 -1.909 -1.850 -1.785 -1.714 -1.636 -1.551 -1.457 -1.353 
-1.237 -1.109 -0.966 -0.810 -0.646 -0.491 -0.379 -0.343 -0.387 -0.484 
-0.597 -0.707 -0.804 -0.886 -0.954 -1.010 -1.053 -1.086 -1.109 -1.122 
-1.126 -1.121 -1.108 -1.086 -1.055 -1.015 -0.968 -0.914 -0.856 -0.798 
-0.749 -0.719 -0.717 -0.748 -0.813 -0.903 -1.008 -1.117 -1.225 -1.329 
-1.426 -1.516 -1.599 -1.677 -1.748 -1.814 -1.874 -1.930 -1.981 -2.028 
-2.064 
-2.073 -2.110 -2.148 -2.182 -2.214 -2.242 -2.268 -2.290 -2.310 -2.327 
-2.341 -2.353 -2.362 -2.369 -2.373 -2.375 -2.374 -2.371 -2.365 -2.356 
-2.346 -2.332 -2.316 -2.297 -2.275 -2.250 -2.222 -2.192 -2.157 -2.120 
-2.078 -2.033 -1.984 -1.930 -1.871 -1.807 -1.737 -1.661 -1.578 -1.488 
-1.389 -1.280 -1.162 -1.035 -0.902 -0.770 -0.658 -0.590 -0.578 -0.615 
-0.682 -0.763 -0.844 -0.920 -0.986 -1.043 -1.089 -1.126 -1.154 -1.174 
-1.185 -1.188 -1.184 -1.172 -1.153 -1.128 -1.096 -1.059 -1.020 -0.981 
-0.947 -0.926 -0.923 -0.942 -0.982 -1.038 -1.105 -1.180 -1.260 -1.343 
-1.426 -1.509 -1.588 -1.664 -1.735 -1.801 -1.863 -1.921 -1.974 -2.023 
-2.059 
-2.033 -2.072 -2.118 -2.160 -2.198 -2.233 -2.265 -2.293 -2.319 -2.341 
-2.361 -2.377 -2.391 -2.402 -2.411 -2.417 -2.420 -2.421 -2.419 -2.414 
-2.407 -2.397 -2.384 -2.369 -2.351 -2.330 -2.305 -2.278 -2.248 -2.214 
-2.176 -2.134 -2.089 -2.039 -1.984 -1.924 -1.858 -1.786 -1.708 -1.621 
-1.526 -1.422 -1.307 -1.181 -1.045 -0.902 -0.763 -0.650 -0.592 -0.608 
-0.683 -0.789 -0.897 -0.997 -1.085 -1.159 -1.221 -1.272 -1.313 -1.345 
-1.368 -1.384 -1.391 -1.392 -1.386 -1.373 -1.354 -1.329 -1.299 -1.265 
-1.228 -1.191 -1.157 -1.127 -1.104 -1.092 -1.095 -1.116 -1.158 -1.218 
-1.292 -1.374 -1.459 -1.543 -1.625 -1.703 -1.776 -1.845 -1.908 -1.967 
-2.015 
-2.004 -2.042 -2.082 -2.119 -2.152 -2.183 -2.210 -2.235 -2.256 -2.275 
-2.291 -2.305 -2.315 -2.324 -2.329 -2.333 -2.333 -2.331 -2.327 -2.320 
-2.310 -2.298 -2.283 -2.265 -2.244 -2.221 -2.194 -2.164 -2.131 -2.094 
-2.054 -2.010 -1.961 -1.908 -1.851 -1.788 -1.719 -1.644 -1.563 -1.475 
-1.380 -1.278 -1.172 -1.064 -0.962 -0.874 -0.805 -0.762 -0.752 -0.781 
-0.841 -0.914 -0.989 -1.058 -1.121 -1.175 -1.221 -1.259 -1.290 -1.313 
-1.329 -1.339 -1.342 -1.340 -1.331 -1.317 -1.298 -1.275 -1.247 -1.217 
-1.187 -1.158 -1.134 -1.118 -1.113 -1.122 -1.146 -1.186 -1.239 -1.302 
-1.372 -1.445 -1.518 -1.590 -1.660 -1.726 -1.788 -1.846 -1.901 -1.952 
-1.990 
-2.007 -2.025 -2.063 -2.097 -2.128 -2.156 -2.182 -2.204 -2.223 -2.240 
-2.254 -2.266 -2.274 -2.281 -2.284 -2.285 -2.283 -2.279 -2.272 -2.262 
-2.249 -2.234 -2.216 -2.195 -2.170 -2.143 -2.112 -2.077 -2.039 -1.997 
-1.950 -1.899 -1.843 -1.782 -1.715 -1.641 -1.561 -1.473 -1.377 -1.274 
-1.165 -1.053 -0.944 -0.849 -0.778 -0.744 -0.750 -0.791 -0.855 -0.931 
-1.008 -1.083 -1.152 -1.213 -1.266 -1.311 -1.349 -1.379 -1.402 -1.419 
-1.430 -1.434 -1.433 -1.426 -1.413 -1.395 -1.371 -1.344 -1.313 -1.281 
-1.251 -1.227 -1.211 -1.205 -1.209 -1.222 -1.245 -1.278 -1.321 -1.372 
-1.429 -1.489 -1.551 -1.614 -1.675 -1.734 -1.790 -1.844 -1.894 -1.941 
-1.991 
-2.242 -2.290 -2.321 -2.349 -2.375 -2.397 -2.416 -2.433 -2.446 -2.457 
-2.465 -2.471 -2.473 -2.473 -2.471 -2.466 -2.458 -2.447 -2.433 -2.417 
-2.397 -2.375 -2.349 -2.320 -2.288 -2.252 -2.212 -2.168 -2.119 -2.066 
-2.008 -1.943 -1.873 -1.796 -1.711 -1.618 -1.517 -1.408 -1.295 -1.184 
-1.086 -1.009 -0.955 -0.927 -0.929 -0.959 -1.014 -1.083 -1.158 -1.230 
-1.296 -1.355 -1.404 -1.445 -1.477 -1.502 -1.519 -1.529 -1.532 -1.527 
-1.516 -1.497 -1.471 -1.438 -1.398 -1.351 -1.298 -1.241 -1.184 -1.132 
-1.095 -1.082 -1.097 -1.141 -1.207 -1.286 -1.371 -1.456 -1.539 -1.620 
-1.697 -1.771 -1.841 -1.906 -1.968 -2.026 -2.079 -2.129 -2.174 -2.216 
-2.233 
-2.398 -2.429 -2.457 -2.483 -2.505 -2.524 -2.540 -2.553 -2.563 -2.570 
-2.575 -2.576 -2.575 -2.572 -2.565 -2.556 -2.543 -2.528 -2.509 -2.488 
-2.463 -2.435 -2.403 -2.368 -2.328 -2.284 -2.236 -2.183 -2.124 -2.059 
-1.988 -1.909 -1.821 -1.725 -1.618 -1.501 -1.374 -1.242 -1.115 -1.013 
-0.956 -0.954 -0.993 -1.048 -1.100 -1.146 -1.200 -1.275 -1.359 -1.438 
-1.505 -1.561 -1.606 -1.642 -1.668 -1.686 -1.697 -1.700 -1.695 -1.684 
-1.666 -1.641 -1.608 -1.568 -1.521 -1.467 -1.407 -1.344 -1.282 -1.226 
-1.188 -1.174 -1.191 -1.237 -1.305 -1.388 -1.479 -1.572 -1.665 -1.755 
-1.840 -1.919 -1.992 -2.059 -2.122 -2.179 -2.231 -2.279 -2.322 -2.361 
-2.388 
-2.405 -2.444 -2.482 -2.517 -2.548 -2.576 -2.601 -2.623 -2.641 -2.657 
-2.670 -2.680 -2.688 -2.692 -2.694 -2.693 -2.690 -2.683 -2.674 -2.662 
-2.647 -2.629 -2.607 -2.583 -2.555 -2.523 -2.488 -2.448 -2.404 -2.356 
-2.301 -2.241 -2.175 -2.101 -2.018 -1.926 -1.825 -1.714 -1.598 -1.486 
-1.391 -1.309 -1.217 -1.101 -0.975 -0.875 -0.840 -0.889 -0.999 -1.126 
-1.247 -1.353 -1.443 -1.518 -1.579 -1.630 -1.669 -1.699 -1.721 -1.734 
-1.740 -1.738 -1.728 -1.711 -1.687 -1.655 -1.617 -1.572 -1.523 -1.471 
-1.421 -1.378 -1.347 -1.331 -1.334 -1.361 -1.410 -1.478 -1.558 -1.645 
-1.734 -1.821 -1.904 -1.983 -2.058 -2.127 -2.191 -2.250 -2.305 -2.355 
-2.390 
-2.393 -2.412 -2.453 -2.491 -2.526 -2.557 -2.585 -2.611 -2.633 -2.652 
-2.668 -2.682 -2.693 -2.701 -2.707 -2.710 -2.710 -2.707 -2.702 -2.694 
-2.684 -2.670 -2.654 -2.634 -2.612 -2.586 -2.557 -2.525 -2.489 -2.448 
-2.404 -2.355 -2.301 -2.241 -2.175 -2.103 -2.022 -1.933 -1.833 -1.720 
-1.593 -1.448 -1.283 -1.100 -0.917 -0.778 -0.712 -0.739 -0.849 -0.996 
-1.142 -1.271 -1.380 -1.472 -1.548 -1.611 -1.663 -1.704 -1.736 -1.760 
-1.777 -1.785 -1.787 -1.782 -1.770 -1.751 -1.726 -1.695 -1.658 -1.616 
-1.574 -1.536 -1.505 -1.487 -1.481 -1.489 -1.511 -1.547 -1.597 -1.657 
-1.724 -1.796 -1.870 -1.943 -2.014 -2.082 -2.147 -2.208 -2.265 -2.317 
-2.374 
-2.614 -2.679 -2.716 -2.749 -2.779 -2.806 -2.829 -2.850 -2.868 -2.883 
-2.895 -2.904 -2.911 -2.914 -2.916 -2.914 -2.910 -2.903 -2.893 -2.881 
-2.866 -2.847 -2.826 -2.802 -2.774 -2.743 -2.708 -2.670 -2.627 -2.580 
-2.529 -2.472 -2.409 -2.339 -2.263 -2.178 -2.083 -1.977 -1.857 -1.719 
-1.561 -1.378 -1.169 -0.953 -0.783 -0.726 -0.803 -0.951 -1.117 -1.272 
-1.404 -1.513 -1.603 -1.676 -1.734 -1.781 -1.816 -1.842 -1.858 -1.865 
-1.864 -1.855 -1.837 -1.811 -1.776 -1.732 -1.680 -1.620 -1.554 -1.487 
-1.427 -1.382 -1.360 -1.358 -1.376 -1.429 -1.525 -1.643 -1.760 -1.870 
-1.970 -2.063 -2.149 -2.229 -2.303 -2.371 -2.434 -2.492 -2.545 -2.593 
-2.604 
-2.595 -2.627 -2.668 -2.705 -2.738 -2.768 -2.794 -2.817 -2.837 -2.854 
-2.868 -2.879 -2.888 -2.893 -2.896 -2.896 -2.894 -2.889 -2.881 -2.870 
-2.856 -2.839 -2.820 -2.797 -2.771 -2.742 -2.709 -2.673 -2.632 -2.587 
-2.538 -2.484 -2.424 -2.358 -2.285 -2.204 -2.113 -2.012 -1.898 -1.768 
-1.618 -1.443 -1.236 -1.002 -0.785 -0.676 -0.737 -0.902 -1.084 -1.243 
-1.376 -1.486 -1.577 -1.653 -1.715 -1.764 -1.803 -1.832 -1.851 -1.862 
-1.865 -1.859 -1.845 -1.823 -1.793 -1.753 -1.705 -1.647 -1.579 -1.502 
-1.416 -1.321 -1.218 -1.117 -1.050 -1.056 -1.149 -1.298 -1.464 -1.622 
-1.765 -1.892 -2.005 -2.105 -2.196 -2.277 -2.350 -2.417 -2.477 -2.532 
-2.578 
-2.539 -2.570 -2.605 -2.637 -2.665 -2.691 -2.714 -2.734 -2.751 -2.765 
-2.777 -2.786 -2.793 -2.797 -2.798 -2.798 -2.794 -2.788 -2.779 -2.768 
-2.754 -2.738 -2.719 -2.697 -2.671 -2.643 -2.612 -2.577 -2.539 -2.497 
-2.451 -2.401 -2.346 -2.286 -2.220 -2.149 -2.071 -1.985 -1.891 -1.787 
-1.672 -1.546 -1.406 -1.253 -1.093 -0.970 -0.939 -0.961 -1.013 -1.088 
-1.174 -1.260 -1.339 -1.408 -1.466 -1.514 -1.551 -1.579 -1.599 -1.609 
-1.612 -1.606 -1.593 -1.572 -1.544 -1.509 -1.468 -1.423 -1.376 -1.333 
-1.297 -1.275 -1.270 -1.279 -1.303 -1.358 -1.454 -1.570 -1.685 -1.793 
-1.893 -1.983 -2.067 -2.143 -2.214 -2.278 -2.338 -2.393 -2.443 -2.489 
-2.526 
-2.572 -2.585 -2.618 -2.648 -2.675 -2.699 -2.720 -2.738 -2.753 -2.766 
-2.776 -2.784 -2.789 -2.792 -2.792 -2.790 -2.785 -2.777 -2.767 -2.754 
-2.739 -2.721 -2.700 -2.676 -2.649 -2.619 -2.585 -2.549 -2.508 -2.464 
-2.415 -2.362 -2.304 -2.241 -2.172 -2.097 -2.015 -1.925 -1.827 -1.721 
-1.606 -1.487 -1.368 -1.257 -1.163 -1.094 -1.062 -1.073 -1.120 -1.189 
-1.265 -1.339 -1.406 -1.464 -1.512 -1.551 -1.580 -1.601 -1.612 -1.615 
-1.610 -1.596 -1.574 -1.542 -1.502 -1.454 -1.403 -1.357 -1.324 -1.301 
-1.288 -1.288 -1.308 -1.352 -1.419 -1.501 -1.593 -1.688 -1.782 -1.873 
-1.959 -2.040 -2.115 -2.185 -2.251 -2.311 -2.367 -2.418 -2.465 -2.509 
-2.557 
-2.881 -2.942 -2.969 -2.993 -3.014 -3.032 -3.047 -3.060 -3.070 -3.077 
-3.082 -3.084 -3.084 -3.081 -3.075 -3.067 -3.056 -3.043 -3.026 -3.007 
-2.985 -2.960 -2.932 -2.901 -2.866 -2.828 -2.786 -2.739 -2.689 -2.634 
-2.573 -2.507 -2.435 -2.356 -2.269 -2.173 -2.068 -1.953 -1.827 -1.691 
-1.550 -1.417 -1.310 -1.256 -1.258 -1.299 -1.359 -1.430 -1.505 -1.578 
-1.645 -1.702 -1.749 -1.785 -1.810 -1.825 -1.831 -1.825 -1.810 -1.784 
-1.746 -1.696 -1.633 -1.557 -1.469 -1.379 -1.302 -1.263 -1.281 -1.349 
-1.444 -1.543 -1.638 -1.734 -1.833 -1.935 -2.036 -2.133 -2.225 -2.312 
-2.392 -2.466 -2.534 -2.597 -2.655 -2.708 -2.756 -2.801 -2.842 -2.879 
-2.875 
-2.994 -3.009 -3.039 -3.065 -3.088 -3.108 -3.126 -3.140 -3.152 -3.160 
-3.166 -3.170 -3.170 -3.168 -3.164 -3.156 -3.146 -3.133 -3.117 -3.099 
-3.077 -3.052 -3.024 -2.992 -2.957 -2.918 -2.875 -2.828 -2.775 -2.718 
-2.655 -2.586 -2.509 -2.425 -2.332 -2.228 -2.113 -1.984 -1.841 -1.686 
-1.526 -1.377 -1.268 -1.234 -1.286 -1.395 -1.521 -1.642 -1.748 -1.839 
-1.914 -1.976 -2.026 -2.065 -2.094 -2.114 -2.125 -2.128 -2.121 -2.106 
-2.082 -2.049 -2.005 -1.950 -1.884 -1.811 -1.736 -1.676 -1.639 -1.618 
-1.605 -1.608 -1.640 -1.704 -1.793 -1.897 -2.006 -2.114 -2.217 -2.314 
-2.403 -2.485 -2.561 -2.631 -2.694 -2.753 -2.806 -2.855 -2.899 -2.939 
-2.981 
-3.047 -3.096 -3.122 -3.145 -3.165 -3.182 -3.196 -3.208 -3.216 -3.221 
-3.224 -3.224 -3.222 -3.216 -3.208 -3.197 -3.183 -3.166 -3.146 -3.123 
-3.097 -3.067 -3.034 -2.997 -2.957 -2.912 -2.862 -2.808 -2.749 -2.684 
-2.613 -2.535 -2.450 -2.357 -2.256 -2.146 -2.028 -1.902 -1.771 -1.648 
-1.552 -1.503 -1.505 -1.555 -1.647 -1.758 -1.866 -1.961 -2.041 -2.108 
-2.162 -2.206 -2.241 -2.266 -2.283 -2.293 -2.294 -2.288 -2.275 -2.253 
-2.224 -2.186 -2.140 -2.085 -2.020 -1.946 -1.865 -1.779 -1.694 -1.621 
-1.579 -1.585 -1.646 -1.749 -1.872 -2.000 -2.123 -2.238 -2.344 -2.440 
-2.527 -2.607 -2.679 -2.745 -2.805 -2.860 -2.910 -2.955 -2.996 -3.033 
-3.039 
-2.858 -2.877 -2.899 -2.919 -2.936 -2.950 -2.961 -2.969 -2.975 -2.978 
-2.978 -2.976 -2.971 -2.964 -2.953 -2.940 -2.924 -2.905 -2.883 -2.858 
-2.830 -2.798 -2.763 -2.725 -2.682 -2.636 -2.585 -2.529 -2.469 -2.404 
-2.334 -2.258 -2.178 -2.094 -2.007 -1.920 -1.837 -1.764 -1.705 -1.665 
-1.647 -1.657 -1.692 -1.742 -1.795 -1.846 -1.892 -1.932 -1.968 -1.999 
-2.025 -2.046 -2.062 -2.072 -2.077 -2.076 -2.068 -2.055 -2.034 -2.007 
-1.972 -1.930 -1.881 -1.825 -1.763 -1.699 -1.636 -1.583 -1.549 -1.542 
-1.566 -1.621 -1.702 -1.796 -1.895 -1.992 -2.083 -2.170 -2.250 -2.325 
-2.395 -2.459 -2.519 -2.574 -2.625 -2.672 -2.715 -2.754 -2.790 -2.822 
-2.849 
-2.748 -2.767 -2.797 -2.825 -2.849 -2.871 -2.891 -2.907 -2.922 -2.933 
-2.943 -2.949 -2.954 -2.956 -2.955 -2.952 -2.946 -2.938 -2.928 -2.915 
-2.899 -2.880 -2.859 -2.835 -2.808 -2.777 -2.744 -2.707 -2.666 -2.622 
-2.574 -2.522 -2.466 -2.405 -2.342 -2.276 -2.209 -2.145 -2.086 -2.035 
-1.991 -1.951 -1.914 -1.877 -1.843 -1.813 -1.791 -1.782 -1.788 -1.806 
-1.832 -1.862 -1.892 -1.920 -1.944 -1.963 -1.978 -1.989 -1.994 -1.994 
-1.989 -1.978 -1.963 -1.942 -1.917 -1.888 -1.858 -1.829 -1.807 -1.796 
-1.798 -1.811 -1.834 -1.864 -1.902 -1.947 -1.999 -2.055 -2.116 -2.177 
-2.240 -2.301 -2.360 -2.417 -2.471 -2.523 -2.571 -2.616 -2.659 -2.698 
-2.736 
-2.787 -2.818 -2.853 -2.885 -2.914 -2.941 -2.965 -2.986 -3.004 -3.020 
-3.033 -3.044 -3.052 -3.058 -3.062 -3.063 -3.061 -3.057 -3.051 -3.042 
-3.031 -3.017 -3.000 -2.981 -2.958 -2.933 -2.906 -2.875 -2.841 -2.803 
-2.762 -2.717 -2.669 -2.616 -2.559 -2.498 -2.431 -2.360 -2.283 -2.201 
-2.113 -2.021 -1.925 -1.828 -1.735 -1.653 -1.590 -1.557 -1.556 -1.584 
-1.633 -1.692 -1.753 -1.811 -1.863 -1.908 -1.947 -1.978 -2.003 -2.021 
-2.032 -2.038 -2.038 -2.033 -2.022 -2.008 -1.989 -1.968 -1.945 -1.923 
-1.903 -1.889 -1.884 -1.890 -1.908 -1.940 -1.983 -2.036 -2.096 -2.160 
-2.226 -2.292 -2.358 -2.421 -2.482 -2.539 -2.594 -2.645 -2.693 -2.738 
-2.773 
-2.862 -2.895 -2.929 -2.960 -2.988 -3.013 -3.035 -3.054 -3.071 -3.085 
-3.096 -3.105 -3.111 -3.115 -3.116 -3.115 -3.111 -3.105 -3.096 -3.084 
-3.070 -3.053 -3.034 -3.011 -2.986 -2.958 -2.926 -2.892 -2.854 -2.812 
-2.767 -2.717 -2.664 -2.605 -2.543 -2.475 -2.403 -2.326 -2.244 -2.159 
-2.072 -1.986 -1.904 -1.830 -1.771 -1.729 -1.708 -1.710 -1.732 -1.771 
-1.819 -1.869 -1.919 -1.964 -2.003 -2.036 -2.063 -2.083 -2.097 -2.105 
-2.106 -2.102 -2.091 -2.075 -2.054 -2.028 -1.998 -1.965 -1.930 -1.898 
-1.870 -1.851 -1.845 -1.857 -1.886 -1.932 -1.992 -2.061 -2.135 -2.211 
-2.286 -2.360 -2.430 -2.497 -2.560 -2.620 -2.675 -2.726 -2.774 -2.818 
-2.849 
-2.897 -2.926 -2.955 -2.981 -3.005 -3.026 -3.044 -3.059 -3.072 -3.082 
-3.089 -3.094 -3.097 -3.097 -3.095 -3.090 -3.082 -3.072 -3.059 -3.044 
-3.026 -3.005 -2.981 -2.954 -2.924 -2.891 -2.855 -2.815 -2.771 -2.723 
-2.671 -2.615 -2.554 -2.488 -2.417 -2.341 -2.260 -2.174 -2.084 -1.993 
-1.903 -1.821 -1.754 -1.713 -1.701 -1.717 -1.752 -1.798 -1.849 -1.901 
-1.952 -1.998 -2.040 -2.075 -2.105 -2.129 -2.147 -2.159 -2.166 -2.167 
-2.163 -2.154 -2.140 -2.122 -2.101 -2.076 -2.050 -2.023 -1.999 -1.979 
-1.967 -1.965 -1.975 -1.998 -2.035 -2.082 -2.139 -2.201 -2.266 -2.332 
-2.397 -2.461 -2.522 -2.580 -2.635 -2.686 -2.734 -2.779 -2.821 -2.859 
-2.887 
-2.917 -2.938 -2.970 -2.998 -3.024 -3.047 -3.067 -3.084 -3.099 -3.111 
-3.120 -3.127 -3.131 -3.133 -3.132 -3.129 -3.122 -3.114 -3.102 -3.088 
-3.070 -3.050 -3.027 -3.001 -2.971 -2.938 -2.901 -2.860 -2.816 -2.766 
-2.712 -2.653 -2.588 -2.517 -2.439 -2.354 -2.260 -2.158 -2.047 -1.929 
-1.808 -1.694 -1.603 -1.552 -1.549 -1.586 -1.646 -1.719 -1.800 -1.882 
-1.960 -2.029 -2.090 -2.142 -2.186 -2.221 -2.250 -2.272 -2.288 -2.297 
-2.301 -2.300 -2.294 -2.283 -2.268 -2.250 -2.228 -2.205 -2.180 -2.158 
-2.138 -2.124 -2.118 -2.122 -2.136 -2.162 -2.197 -2.242 -2.292 -2.348 
-2.405 -2.464 -2.522 -2.579 -2.634 -2.686 -2.736 -2.782 -2.826 -2.867 
-2.904 
-3.046 -3.078 -3.113 -3.144 -3.173 -3.199 -3.221 -3.241 -3.259 -3.273 
-3.285 -3.295 -3.302 -3.306 -3.308 -3.307 -3.303 -3.298 -3.289 -3.278 
-3.264 -3.247 -3.228 -3.205 -3.180 -3.151 -3.119 -3.084 -3.045 -3.001 
-2.954 -2.902 -2.845 -2.783 -2.714 -2.639 -2.557 -2.466 -2.367 -2.259 
-2.142 -2.021 -1.900 -1.789 -1.695 -1.622 -1.584 -1.591 -1.641 -1.719 
-1.808 -1.896 -1.976 -2.047 -2.106 -2.156 -2.197 -2.229 -2.253 -2.269 
-2.279 -2.281 -2.277 -2.267 -2.252 -2.231 -2.206 -2.177 -2.146 -2.116 
-2.090 -2.072 -2.064 -2.072 -2.096 -2.136 -2.190 -2.253 -2.323 -2.395 
-2.468 -2.540 -2.610 -2.676 -2.739 -2.799 -2.854 -2.906 -2.954 -2.999 
-3.032 
-3.216 -3.252 -3.286 -3.316 -3.343 -3.368 -3.389 -3.408 -3.424 -3.437 
-3.448 -3.456 -3.461 -3.464 -3.465 -3.462 -3.458 -3.450 -3.440 -3.428 
-3.412 -3.394 -3.373 -3.349 -3.321 -3.291 -3.257 -3.220 -3.178 -3.133 
-3.083 -3.029 -2.969 -2.904 -2.832 -2.754 -2.668 -2.573 -2.468 -2.353 
-2.225 -2.087 -1.942 -1.800 -1.683 -1.625 -1.641 -1.707 -1.799 -1.898 
-1.994 -2.080 -2.155 -2.218 -2.271 -2.314 -2.348 -2.372 -2.389 -2.398 
-2.400 -2.395 -2.382 -2.363 -2.337 -2.305 -2.267 -2.223 -2.176 -2.128 
-2.083 -2.050 -2.043 -2.071 -2.129 -2.204 -2.287 -2.374 -2.461 -2.547 
-2.629 -2.707 -2.781 -2.850 -2.915 -2.975 -3.031 -3.083 -3.131 -3.175 
-3.204 
-3.299 -3.340 -3.375 -3.406 -3.434 -3.459 -3.480 -3.499 -3.515 -3.528 
-3.538 -3.545 -3.550 -3.553 -3.552 -3.549 -3.543 -3.535 -3.524 -3.510 
-3.493 -3.474 -3.451 -3.425 -3.396 -3.364 -3.328 -3.288 -3.244 -3.195 
-3.142 -3.084 -3.020 -2.949 -2.872 -2.786 -2.691 -2.585 -2.467 -2.334 
-2.185 -2.019 -1.840 -1.666 -1.534 -1.493 -1.559 -1.690 -1.835 -1.967 
-2.080 -2.174 -2.251 -2.314 -2.364 -2.403 -2.432 -2.451 -2.461 -2.462 
-2.455 -2.439 -2.414 -2.380 -2.335 -2.280 -2.213 -2.133 -2.042 -1.942 
-1.843 -1.766 -1.737 -1.776 -1.876 -2.010 -2.154 -2.293 -2.421 -2.538 
-2.644 -2.740 -2.828 -2.908 -2.980 -3.047 -3.108 -3.163 -3.214 -3.260 
-3.287 
-3.284 -3.298 -3.333 -3.364 -3.392 -3.416 -3.437 -3.455 -3.471 -3.483 
-3.493 -3.499 -3.504 -3.505 -3.503 -3.499 -3.492 -3.483 -3.470 -3.455 
-3.437 -3.415 -3.391 -3.363 -3.332 -3.297 -3.258 -3.215 -3.168 -3.116 
-3.059 -2.996 -2.927 -2.850 -2.766 -2.672 -2.568 -2.452 -2.321 -2.174 
-2.010 -1.837 -1.697 -1.638 -1.634 -1.680 -1.780 -1.903 -2.021 -2.126 
-2.215 -2.290 -2.352 -2.402 -2.441 -2.471 -2.492 -2.505 -2.509 -2.506 
-2.494 -2.473 -2.444 -2.406 -2.357 -2.297 -2.224 -2.138 -2.038 -1.924 
-1.804 -1.703 -1.658 -1.686 -1.776 -1.909 -2.058 -2.205 -2.342 -2.467 
-2.579 -2.681 -2.773 -2.856 -2.931 -3.000 -3.062 -3.119 -3.170 -3.217 
-3.269 
-3.400 -3.471 -3.503 -3.532 -3.557 -3.579 -3.598 -3.614 -3.627 -3.637 
-3.644 -3.648 -3.650 -3.648 -3.644 -3.637 -3.628 -3.615 -3.599 -3.581 
-3.559 -3.534 -3.506 -3.474 -3.439 -3.400 -3.356 -3.308 -3.256 -3.198 
-3.135 -3.065 -2.989 -2.905 -2.811 -2.708 -2.591 -2.456 -2.298 -2.108 
-1.884 -1.666 -1.547 -1.600 -1.761 -1.941 -2.100 -2.234 -2.344 -2.436 
-2.511 -2.572 -2.622 -2.661 -2.690 -2.710 -2.722 -2.725 -2.721 -2.709 
-2.688 -2.658 -2.619 -2.569 -2.507 -2.432 -2.340 -2.228 -2.094 -1.939 
-1.784 -1.682 -1.685 -1.785 -1.933 -2.096 -2.257 -2.409 -2.547 -2.670 
-2.781 -2.880 -2.969 -3.049 -3.122 -3.188 -3.247 -3.302 -3.351 -3.395 
-3.392 
-3.167 -3.186 -3.218 -3.246 -3.271 -3.292 -3.310 -3.326 -3.338 -3.347 
-3.353 -3.357 -3.358 -3.356 -3.351 -3.344 -3.333 -3.320 -3.304 -3.285 
-3.263 -3.238 -3.209 -3.178 -3.143 -3.104 -3.062 -3.016 -2.966 -2.912 
-2.854 -2.792 -2.726 -2.658 -2.586 -2.514 -2.443 -2.374 -2.310 -2.248 
-2.179 -2.090 -2.027 -2.086 -2.196 -2.288 -2.360 -2.419 -2.469 -2.511 
-2.547 -2.577 -2.602 -2.621 -2.634 -2.642 -2.644 -2.641 -2.633 -2.618 
-2.598 -2.572 -2.540 -2.500 -2.453 -2.398 -2.333 -2.257 -2.169 -2.066 
-1.952 -1.845 -1.780 -1.761 -1.793 -1.878 -1.998 -2.132 -2.264 -2.386 
-2.497 -2.596 -2.686 -2.767 -2.839 -2.905 -2.965 -3.019 -3.067 -3.111 
-3.152 
-3.097 -3.106 -3.131 -3.153 -3.172 -3.189 -3.203 -3.215 -3.223 -3.230 
-3.234 -3.235 -3.234 -3.230 -3.224 -3.215 -3.204 -3.190 -3.174 -3.155 
-3.133 -3.108 -3.081 -3.050 -3.017 -2.980 -2.941 -2.898 -2.852 -2.802 
-2.749 -2.693 -2.634 -2.572 -2.508 -2.443 -2.379 -2.317 -2.260 -2.212 
-2.175 -2.151 -2.140 -2.143 -2.155 -2.177 -2.203 -2.231 -2.261 -2.289 
-2.314 -2.337 -2.355 -2.370 -2.380 -2.385 -2.386 -2.382 -2.373 -2.360 
-2.342 -2.319 -2.292 -2.262 -2.230 -2.197 -2.166 -2.140 -2.120 -2.108 
-2.101 -2.097 -2.097 -2.109 -2.148 -2.214 -2.296 -2.381 -2.461 -2.537 
-2.608 -2.673 -2.734 -2.790 -2.842 -2.890 -2.935 -2.976 -3.013 -3.047 
-3.086 
-3.258 -3.294 -3.315 -3.333 -3.348 -3.361 -3.371 -3.379 -3.384 -3.386 
-3.387 -3.384 -3.380 -3.372 -3.363 -3.350 -3.336 -3.318 -3.298 -3.276 
-3.250 -3.222 -3.191 -3.157 -3.120 -3.079 -3.036 -2.989 -2.939 -2.885 
-2.828 -2.767 -2.704 -2.637 -2.569 -2.499 -2.429 -2.361 -2.297 -2.242 
-2.199 -2.170 -2.158 -2.160 -2.174 -2.197 -2.225 -2.255 -2.283 -2.309 
-2.331 -2.349 -2.362 -2.369 -2.370 -2.366 -2.356 -2.340 -2.318 -2.290 
-2.256 -2.217 -2.174 -2.129 -2.084 -2.045 -2.017 -2.007 -2.019 -2.055 
-2.112 -2.183 -2.262 -2.345 -2.427 -2.508 -2.586 -2.661 -2.731 -2.797 
-2.859 -2.917 -2.970 -3.020 -3.066 -3.108 -3.147 -3.183 -3.215 -3.245 
-3.251 
-3.292 -3.302 -3.317 -3.329 -3.340 -3.347 -3.353 -3.356 -3.356 -3.355 
-3.351 -3.344 -3.335 -3.324 -3.310 -3.294 -3.276 -3.255 -3.232 -3.206 
-3.177 -3.146 -3.112 -3.076 -3.037 -2.995 -2.951 -2.904 -2.856 -2.805 
-2.753 -2.700 -2.647 -2.594 -2.544 -2.496 -2.452 -2.414 -2.381 -2.356 
-2.338 -2.329 -2.328 -2.334 -2.346 -2.361 -2.377 -2.393 -2.406 -2.416 
-2.423 -2.426 -2.425 -2.419 -2.409 -2.395 -2.375 -2.352 -2.324 -2.293 
-2.259 -2.225 -2.191 -2.161 -2.137 -2.123 -2.122 -2.136 -2.168 -2.217 
-2.279 -2.349 -2.424 -2.499 -2.573 -2.645 -2.713 -2.777 -2.837 -2.893 
-2.946 -2.994 -3.039 -3.081 -3.119 -3.154 -3.185 -3.214 -3.240 -3.263 
-3.283 
