IRGRID 64 91
1e+308

0.025 0.03 0.035 0.04 0.045 0.05 0.055 0.06 0.065 0.07
0.075 0.08 0.085 0.09 0.095 0.1 0.11 0.12 0.13 0.14
0.15 0.16 0.17 0.18 0.19 0.2 0.21 0.22 0.23 0.24
0.25 0.26 0.27 0.28 0.29 0.3 0.31 0.32 0.33 0.34
0.35 0.36 0.37 0.38 0.39 0.4 0.41 0.42 0.43 0.44
0.45 0.46 0.47 0.48 0.49 0.5 0.51 0.52 0.53 0.54
0.55 0.56 0.57 0.58
0 4 8 12 16 20 24 28 32 36
40 44 48 52 56 60 64 68 72 76
80 84 88 92 96 100 104 108 112 116
120 124 128 132 136 140 144 148 152 156
160 164 168 172 176 180 184 188 192 196
200 204 208 212 216 220 224 228 232 236
240 244 248 252 256 260 264 268 272 276
280 284 288 292 296 300 304 308 312 316
320 324 328 332 336 340 344 348 352 356
360
-3.841 -3.912 -3.910 -3.905 -3.897 -3.885 -3.869 -3.850 -3.827 -3.800 
-3.769 -3.735 -3.696 -3.653 -3.607 -3.556 -3.502 -3.444 -3.385 -3.326 
-3.268 -3.216 -3.173 -3.144 -3.131 -3.136 -3.158 -3.194 -3.240 -3.291 
-3.345 -3.398 -3.450 -3.498 -3.543 -3.585 -3.621 -3.654 -3.683 -3.707 
-3.727 -3.743 -3.755 -3.763 -3.766 -3.766 -3.762 -3.753 -3.739 -3.722 
-3.699 -3.671 -3.637 -3.598 -3.551 -3.497 -3.435 -3.362 -3.276 -3.175 
-3.054 -2.905 -2.715 -2.465 -2.157 -1.931 -1.932 -2.085 -2.199 -2.337 
-2.549 -2.756 -2.933 -3.080 -3.204 -3.310 -3.401 -3.481 -3.550 -3.610 
-3.664 -3.710 -3.751 -3.786 -3.816 -3.842 -3.864 -3.881 -3.894 -3.904 
-3.840 
-3.290 -3.329 -3.326 -3.319 -3.309 -3.294 -3.276 -3.254 -3.228 -3.199 
-3.166 -3.130 -3.092 -3.050 -3.008 -2.964 -2.922 -2.883 -2.847 -2.817 
-2.791 -2.772 -2.759 -2.754 -2.759 -2.773 -2.799 -2.833 -2.875 -2.920 
-2.968 -3.016 -3.062 -3.106 -3.147 -3.184 -3.217 -3.247 -3.273 -3.295 
-3.313 -3.328 -3.338 -3.345 -3.349 -3.348 -3.344 -3.336 -3.323 -3.307 
-3.286 -3.261 -3.232 -3.196 -3.156 -3.109 -3.056 -2.995 -2.925 -2.845 
-2.753 -2.647 -2.522 -2.374 -2.195 -1.987 -1.833 -1.717 -1.668 -1.745 
-1.924 -2.130 -2.315 -2.471 -2.603 -2.714 -2.810 -2.894 -2.966 -3.029 
-3.084 -3.132 -3.174 -3.209 -3.240 -3.266 -3.287 -3.304 -3.316 -3.324 
-3.289 
-2.828 -2.812 -2.805 -2.793 -2.778 -2.759 -2.736 -2.710 -2.679 -2.646 
-2.608 -2.568 -2.526 -2.482 -2.438 -2.394 -2.354 -2.319 -2.290 -2.267 
-2.248 -2.230 -2.210 -2.187 -2.168 -2.167 -2.196 -2.254 -2.328 -2.405 
-2.479 -2.546 -2.606 -2.660 -2.706 -2.747 -2.782 -2.812 -2.837 -2.858 
-2.874 -2.887 -2.895 -2.899 -2.900 -2.896 -2.889 -2.878 -2.862 -2.843 
-2.819 -2.790 -2.757 -2.718 -2.674 -2.623 -2.565 -2.500 -2.425 -2.340 
-2.243 -2.131 -2.001 -1.852 -1.680 -1.491 -1.295 -1.077 -1.048 -1.329 
-1.575 -1.773 -1.936 -2.072 -2.188 -2.287 -2.373 -2.447 -2.512 -2.568 
-2.617 -2.660 -2.696 -2.727 -2.753 -2.774 -2.791 -2.803 -2.812 -2.816 
-2.829 
-2.648 -2.668 -2.670 -2.668 -2.663 -2.653 -2.641 -2.624 -2.603 -2.579 
-2.550 -2.517 -2.479 -2.436 -2.389 -2.336 -2.278 -2.214 -2.143 -2.065 
-1.979 -1.885 -1.788 -1.697 -1.627 -1.593 -1.603 -1.652 -1.721 -1.794 
-1.856 -1.902 -1.933 -1.950 -1.959 -1.967 -1.979 -1.996 -2.020 -2.047 
-2.077 -2.107 -2.134 -2.159 -2.180 -2.197 -2.208 -2.214 -2.215 -2.211 
-2.200 -2.184 -2.161 -2.131 -2.093 -2.047 -1.992 -1.925 -1.844 -1.747 
-1.627 -1.475 -1.276 -0.997 -0.585 -0.329 -0.581 -0.514 -0.506 -0.784 
-1.135 -1.404 -1.606 -1.766 -1.898 -2.009 -2.105 -2.188 -2.261 -2.325 
-2.382 -2.432 -2.476 -2.515 -2.549 -2.578 -2.603 -2.624 -2.640 -2.653 
-2.646 
-2.112 -2.166 -2.164 -2.159 -2.150 -2.138 -2.123 -2.104 -2.082 -2.056 
-2.028 -1.996 -1.962 -1.926 -1.889 -1.852 -1.816 -1.783 -1.753 -1.729 
-1.708 -1.692 -1.676 -1.660 -1.644 -1.630 -1.620 -1.610 -1.594 -1.568 
-1.534 -1.493 -1.451 -1.410 -1.377 -1.354 -1.345 -1.348 -1.361 -1.383 
-1.410 -1.438 -1.465 -1.490 -1.511 -1.527 -1.538 -1.544 -1.543 -1.536 
-1.523 -1.502 -1.474 -1.438 -1.393 -1.337 -1.268 -1.186 -1.085 -0.960 
-0.802 -0.595 -0.305 0.125 0.424 0.379 0.069 -0.315 -0.579 -0.846 
-1.052 -1.213 -1.346 -1.459 -1.556 -1.642 -1.717 -1.783 -1.843 -1.895 
-1.942 -1.984 -2.020 -2.052 -2.079 -2.103 -2.122 -2.138 -2.150 -2.159 
-2.109 
-1.522 -1.530 -1.526 -1.519 -1.508 -1.493 -1.475 -1.454 -1.429 -1.401 
-1.370 -1.336 -1.300 -1.262 -1.224 -1.187 -1.153 -1.124 -1.102 -1.088 
-1.084 -1.089 -1.103 -1.124 -1.151 -1.180 -1.209 -1.238 -1.264 -1.286 
-1.304 -1.318 -1.327 -1.332 -1.335 -1.335 -1.335 -1.334 -1.332 -1.328 
-1.322 -1.313 -1.302 -1.287 -1.269 -1.248 -1.223 -1.195 -1.164 -1.128 
-1.089 -1.045 -0.995 -0.940 -0.878 -0.807 -0.726 -0.633 -0.523 -0.391 
-0.226 -0.002 0.334 0.695 0.834 0.580 0.202 -0.064 -0.263 -0.427 
-0.568 -0.691 -0.798 -0.893 -0.978 -1.054 -1.122 -1.182 -1.237 -1.285 
-1.329 -1.367 -1.401 -1.431 -1.456 -1.478 -1.496 -1.510 -1.520 -1.527 
-1.524 
-1.314 -1.297 -1.314 -1.329 -1.341 -1.350 -1.357 -1.362 -1.363 -1.363 
-1.359 -1.354 -1.345 -1.334 -1.320 -1.304 -1.286 -1.267 -1.247 -1.227 
-1.208 -1.191 -1.177 -1.167 -1.162 -1.161 -1.161 -1.161 -1.159 -1.153 
-1.144 -1.132 -1.117 -1.099 -1.080 -1.058 -1.035 -1.010 -0.985 -0.958 
-0.930 -0.901 -0.871 -0.840 -0.809 -0.776 -0.741 -0.706 -0.668 -0.628 
-0.586 -0.541 -0.492 -0.439 -0.382 -0.318 -0.247 -0.169 -0.080 0.019 
0.132 0.260 0.423 0.841 0.692 0.551 0.450 0.326 0.186 0.046 
-0.086 -0.208 -0.319 -0.420 -0.512 -0.596 -0.673 -0.743 -0.808 -0.868 
-0.923 -0.974 -1.020 -1.064 -1.103 -1.140 -1.173 -1.203 -1.231 -1.255 
-1.303 
-1.669 -1.723 -1.726 -1.726 -1.723 -1.716 -1.706 -1.691 -1.673 -1.651 
-1.624 -1.593 -1.558 -1.517 -1.471 -1.420 -1.364 -1.304 -1.241 -1.176 
-1.114 -1.059 -1.016 -0.990 -0.983 -0.991 -1.010 -1.034 -1.057 -1.078 
-1.099 -1.123 -1.151 -1.183 -1.215 -1.244 -1.270 -1.290 -1.304 -1.313 
-1.317 -1.316 -1.310 -1.300 -1.286 -1.268 -1.246 -1.221 -1.191 -1.158 
-1.121 -1.078 -1.031 -0.977 -0.916 -0.846 -0.766 -0.672 -0.561 -0.423 
-0.241 0.041 0.731 1.203 0.936 0.449 0.039 -0.194 -0.376 -0.533 
-0.671 -0.793 -0.901 -0.998 -1.085 -1.164 -1.235 -1.299 -1.357 -1.410 
-1.458 -1.501 -1.540 -1.575 -1.606 -1.633 -1.656 -1.676 -1.693 -1.706 
-1.670 
-1.824 -1.831 -1.834 -1.833 -1.830 -1.823 -1.814 -1.801 -1.786 -1.767 
-1.744 -1.719 -1.690 -1.657 -1.620 -1.579 -1.535 -1.486 -1.433 -1.376 
-1.317 -1.256 -1.195 -1.135 -1.075 -1.014 -0.952 -0.890 -0.834 -0.789 
-0.761 -0.756 -0.771 -0.804 -0.849 -0.899 -0.950 -0.999 -1.045 -1.086 
-1.121 -1.151 -1.176 -1.195 -1.208 -1.216 -1.219 -1.216 -1.207 -1.193 
-1.172 -1.144 -1.109 -1.067 -1.015 -0.953 -0.879 -0.790 -0.682 -0.550 
-0.382 -0.158 0.181 0.868 0.996 0.824 0.369 -0.081 -0.369 -0.583 
-0.753 -0.894 -1.014 -1.119 -1.211 -1.292 -1.364 -1.429 -1.487 -1.538 
-1.585 -1.626 -1.664 -1.696 -1.725 -1.750 -1.772 -1.790 -1.805 -1.817 
-1.821 
-1.756 -1.753 -1.761 -1.766 -1.768 -1.768 -1.765 -1.759 -1.751 -1.741 
-1.728 -1.713 -1.695 -1.675 -1.653 -1.628 -1.601 -1.572 -1.540 -1.507 
-1.471 -1.434 -1.395 -1.354 -1.312 -1.270 -1.228 -1.187 -1.150 -1.119 
-1.096 -1.085 -1.085 -1.092 -1.104 -1.119 -1.133 -1.146 -1.158 -1.167 
-1.173 -1.177 -1.177 -1.174 -1.167 -1.156 -1.142 -1.124 -1.102 -1.075 
-1.044 -1.009 -0.968 -0.921 -0.867 -0.805 -0.733 -0.650 -0.553 -0.438 
-0.303 -0.143 0.041 0.250 0.561 0.421 0.125 -0.110 -0.315 -0.492 
-0.644 -0.775 -0.891 -0.993 -1.084 -1.166 -1.239 -1.305 -1.365 -1.419 
-1.468 -1.512 -1.552 -1.588 -1.620 -1.648 -1.674 -1.695 -1.714 -1.730 
-1.752 
-1.746 -1.793 -1.813 -1.831 -1.847 -1.862 -1.874 -1.884 -1.891 -1.897 
-1.901 -1.903 -1.903 -1.901 -1.897 -1.891 -1.883 -1.872 -1.860 -1.846 
-1.830 -1.812 -1.793 -1.772 -1.749 -1.726 -1.702 -1.678 -1.654 -1.629 
-1.605 -1.581 -1.556 -1.531 -1.505 -1.478 -1.449 -1.418 -1.385 -1.350 
-1.313 -1.274 -1.233 -1.190 -1.146 -1.102 -1.056 -1.010 -0.963 -0.916 
-0.867 -0.817 -0.765 -0.709 -0.649 -0.583 -0.509 -0.424 -0.326 -0.211 
-0.073 0.090 0.274 0.452 0.564 0.537 0.364 0.128 -0.099 -0.296 
-0.465 -0.611 -0.739 -0.851 -0.952 -1.043 -1.126 -1.201 -1.270 -1.333 
-1.391 -1.444 -1.493 -1.539 -1.580 -1.619 -1.655 -1.687 -1.717 -1.745 
-1.739 
-1.580 -1.567 -1.588 -1.607 -1.625 -1.643 -1.659 -1.674 -1.688 -1.701 
-1.713 -1.724 -1.734 -1.743 -1.751 -1.758 -1.764 -1.769 -1.772 -1.775 
-1.776 -1.776 -1.775 -1.773 -1.769 -1.764 -1.758 -1.750 -1.741 -1.730 
-1.718 -1.704 -1.688 -1.670 -1.651 -1.630 -1.607 -1.582 -1.556 -1.527 
-1.496 -1.463 -1.427 -1.390 -1.350 -1.308 -1.263 -1.216 -1.166 -1.113 
-1.056 -0.994 -0.927 -0.854 -0.774 -0.683 -0.582 -0.467 -0.334 -0.181 
-0.006 0.180 0.343 0.438 0.487 0.538 0.189 -0.053 -0.240 -0.393 
-0.522 -0.633 -0.730 -0.817 -0.894 -0.963 -1.026 -1.084 -1.137 -1.185 
-1.230 -1.272 -1.311 -1.347 -1.381 -1.413 -1.442 -1.470 -1.497 -1.521 
-1.570 
-1.878 -1.935 -1.953 -1.969 -1.984 -1.996 -2.007 -2.016 -2.023 -2.028 
-2.031 -2.032 -2.031 -2.027 -2.022 -2.014 -2.004 -1.991 -1.977 -1.960 
-1.943 -1.924 -1.906 -1.890 -1.875 -1.864 -1.857 -1.853 -1.851 -1.852 
-1.853 -1.854 -1.853 -1.851 -1.847 -1.840 -1.831 -1.819 -1.805 -1.788 
-1.769 -1.747 -1.723 -1.696 -1.667 -1.635 -1.600 -1.561 -1.520 -1.475 
-1.425 -1.371 -1.311 -1.245 -1.172 -1.090 -0.997 -0.892 -0.770 -0.627 
-0.458 -0.256 -0.014 0.323 0.752 0.899 0.528 0.014 -0.318 -0.548 
-0.726 -0.870 -0.992 -1.098 -1.190 -1.273 -1.347 -1.414 -1.475 -1.530 
-1.581 -1.628 -1.671 -1.711 -1.748 -1.782 -1.813 -1.842 -1.868 -1.892 
-1.873 
-1.970 -1.976 -1.979 -1.978 -1.975 -1.969 -1.960 -1.948 -1.934 -1.916 
-1.896 -1.872 -1.846 -1.816 -1.784 -1.749 -1.712 -1.673 -1.633 -1.592 
-1.552 -1.514 -1.479 -1.450 -1.428 -1.414 -1.409 -1.412 -1.423 -1.441 
-1.463 -1.488 -1.514 -1.540 -1.565 -1.587 -1.608 -1.625 -1.639 -1.650 
-1.657 -1.660 -1.660 -1.655 -1.647 -1.635 -1.618 -1.597 -1.571 -1.541 
-1.505 -1.463 -1.414 -1.358 -1.294 -1.220 -1.134 -1.033 -0.914 -0.769 
-0.588 -0.349 -0.008 0.464 0.780 0.641 0.109 -0.295 -0.568 -0.774 
-0.939 -1.076 -1.192 -1.293 -1.382 -1.460 -1.529 -1.591 -1.647 -1.696 
-1.741 -1.781 -1.816 -1.847 -1.875 -1.899 -1.920 -1.937 -1.951 -1.963 
-1.970 
-1.940 -1.937 -1.948 -1.958 -1.966 -1.973 -1.977 -1.980 -1.981 -1.980 
-1.978 -1.974 -1.969 -1.961 -1.952 -1.941 -1.928 -1.914 -1.898 -1.880 
-1.861 -1.841 -1.821 -1.802 -1.784 -1.768 -1.753 -1.739 -1.724 -1.707 
-1.686 -1.659 -1.625 -1.584 -1.539 -1.496 -1.463 -1.445 -1.446 -1.461 
-1.482 -1.502 -1.518 -1.528 -1.531 -1.527 -1.515 -1.498 -1.474 -1.443 
-1.406 -1.362 -1.311 -1.252 -1.184 -1.105 -1.014 -0.907 -0.780 -0.626 
-0.432 -0.178 0.166 0.506 0.674 0.408 0.033 -0.284 -0.524 -0.713 
-0.867 -0.996 -1.107 -1.205 -1.290 -1.366 -1.435 -1.496 -1.552 -1.602 
-1.648 -1.689 -1.727 -1.761 -1.792 -1.821 -1.846 -1.869 -1.889 -1.907 
-1.934 
-2.120 -2.151 -2.163 -2.172 -2.179 -2.183 -2.185 -2.184 -2.181 -2.175 
-2.167 -2.157 -2.144 -2.128 -2.110 -2.089 -2.065 -2.038 -2.007 -1.974 
-1.937 -1.896 -1.852 -1.804 -1.752 -1.696 -1.636 -1.571 -1.503 -1.431 
-1.354 -1.272 -1.187 -1.101 -1.019 -0.949 -0.899 -0.877 -0.884 -0.915 
-0.961 -1.014 -1.067 -1.117 -1.161 -1.197 -1.226 -1.248 -1.261 -1.267 
-1.265 -1.254 -1.236 -1.208 -1.171 -1.123 -1.064 -0.990 -0.898 -0.785 
-0.642 -0.458 -0.209 0.128 0.402 0.375 0.145 -0.176 -0.473 -0.709 
-0.898 -1.054 -1.188 -1.303 -1.404 -1.494 -1.575 -1.647 -1.712 -1.771 
-1.824 -1.872 -1.916 -1.956 -1.991 -2.024 -2.052 -2.078 -2.101 -2.120 
-2.115 
-1.971 -2.016 -2.028 -2.037 -2.043 -2.047 -2.049 -2.047 -2.044 -2.037 
-2.028 -2.016 -2.001 -1.983 -1.962 -1.937 -1.910 -1.879 -1.845 -1.808 
-1.768 -1.724 -1.678 -1.629 -1.579 -1.529 -1.479 -1.431 -1.388 -1.350 
-1.318 -1.293 -1.273 -1.258 -1.246 -1.236 -1.232 -1.238 -1.255 -1.280 
-1.310 -1.339 -1.364 -1.384 -1.399 -1.407 -1.408 -1.403 -1.392 -1.374 
-1.349 -1.317 -1.277 -1.229 -1.172 -1.104 -1.023 -0.928 -0.815 -0.678 
-0.509 -0.296 -0.019 0.321 0.559 0.459 0.114 -0.247 -0.511 -0.712 
-0.876 -1.012 -1.129 -1.232 -1.322 -1.403 -1.475 -1.541 -1.600 -1.654 
-1.703 -1.748 -1.789 -1.826 -1.860 -1.891 -1.919 -1.944 -1.966 -1.985 
-1.969 
-1.685 -1.672 -1.694 -1.716 -1.735 -1.753 -1.770 -1.785 -1.798 -1.810 
-1.821 -1.830 -1.837 -1.843 -1.847 -1.850 -1.851 -1.850 -1.847 -1.842 
-1.835 -1.826 -1.814 -1.801 -1.785 -1.767 -1.748 -1.728 -1.707 -1.688 
-1.671 -1.655 -1.642 -1.630 -1.620 -1.608 -1.595 -1.581 -1.563 -1.542 
-1.518 -1.491 -1.461 -1.427 -1.391 -1.351 -1.309 -1.265 -1.218 -1.168 
-1.114 -1.057 -0.994 -0.926 -0.850 -0.764 -0.667 -0.555 -0.425 -0.271 
-0.086 0.136 0.377 0.564 0.616 0.467 0.283 0.159 -0.069 -0.289 
-0.461 -0.600 -0.717 -0.818 -0.907 -0.986 -1.058 -1.124 -1.184 -1.239 
-1.290 -1.338 -1.382 -1.423 -1.462 -1.498 -1.532 -1.564 -1.593 -1.621 
-1.674 
-1.933 -1.992 -2.019 -2.044 -2.066 -2.087 -2.105 -2.122 -2.136 -2.149 
-2.159 -2.168 -2.175 -2.180 -2.183 -2.184 -2.184 -2.181 -2.177 -2.171 
-2.162 -2.152 -2.140 -2.126 -2.110 -2.091 -2.071 -2.048 -2.023 -1.995 
-1.965 -1.933 -1.899 -1.861 -1.822 -1.780 -1.735 -1.688 -1.639 -1.587 
-1.534 -1.479 -1.424 -1.368 -1.312 -1.257 -1.204 -1.154 -1.105 -1.060 
-1.017 -0.976 -0.935 -0.893 -0.849 -0.800 -0.745 -0.680 -0.603 -0.510 
-0.395 -0.251 -0.071 0.119 0.241 0.358 0.510 0.543 0.339 0.031 
-0.251 -0.476 -0.660 -0.815 -0.949 -1.066 -1.170 -1.264 -1.348 -1.426 
-1.496 -1.561 -1.621 -1.676 -1.727 -1.774 -1.818 -1.858 -1.896 -1.930 
-1.925 
-1.975 -2.009 -2.042 -2.072 -2.099 -2.124 -2.147 -2.167 -2.186 -2.202 
-2.216 -2.228 -2.238 -2.246 -2.252 -2.256 -2.258 -2.258 -2.256 -2.252 
-2.246 -2.238 -2.229 -2.217 -2.203 -2.187 -2.170 -2.150 -2.128 -2.104 
-2.077 -2.049 -2.018 -1.985 -1.950 -1.912 -1.872 -1.830 -1.785 -1.738 
-1.689 -1.637 -1.583 -1.527 -1.470 -1.411 -1.351 -1.289 -1.227 -1.164 
-1.100 -1.035 -0.969 -0.901 -0.831 -0.758 -0.681 -0.599 -0.510 -0.410 
-0.298 -0.168 -0.019 0.148 0.313 0.424 0.442 0.359 0.146 -0.081 
-0.283 -0.461 -0.618 -0.758 -0.884 -0.999 -1.103 -1.199 -1.288 -1.370 
-1.446 -1.517 -1.583 -1.644 -1.702 -1.755 -1.805 -1.852 -1.896 -1.937 
-1.963 
-1.860 -1.876 -1.907 -1.936 -1.963 -1.987 -2.009 -2.028 -2.045 -2.059 
-2.072 -2.082 -2.091 -2.097 -2.101 -2.103 -2.103 -2.101 -2.097 -2.091 
-2.083 -2.072 -2.060 -2.046 -2.029 -2.011 -1.990 -1.968 -1.943 -1.916 
-1.887 -1.855 -1.821 -1.785 -1.747 -1.707 -1.664 -1.619 -1.571 -1.521 
-1.469 -1.415 -1.359 -1.300 -1.240 -1.178 -1.114 -1.049 -0.983 -0.917 
-0.852 -0.786 -0.723 -0.660 -0.600 -0.540 -0.481 -0.420 -0.357 -0.289 
-0.213 -0.127 -0.028 0.086 0.208 0.316 0.363 0.322 0.208 0.053 
-0.117 -0.286 -0.444 -0.588 -0.720 -0.839 -0.949 -1.049 -1.142 -1.227 
-1.306 -1.379 -1.446 -1.509 -1.568 -1.622 -1.673 -1.720 -1.763 -1.804 
-1.846 
-1.898 -1.930 -1.956 -1.980 -2.002 -2.020 -2.037 -2.051 -2.063 -2.073 
-2.081 -2.086 -2.090 -2.091 -2.091 -2.088 -2.083 -2.076 -2.068 -2.057 
-2.044 -2.030 -2.013 -1.994 -1.974 -1.951 -1.927 -1.900 -1.872 -1.842 
-1.810 -1.776 -1.740 -1.703 -1.665 -1.625 -1.583 -1.541 -1.498 -1.454 
-1.410 -1.365 -1.321 -1.276 -1.232 -1.188 -1.145 -1.102 -1.059 -1.016 
-0.973 -0.930 -0.887 -0.843 -0.798 -0.750 -0.700 -0.645 -0.584 -0.513 
-0.431 -0.334 -0.217 -0.075 0.089 0.248 0.334 0.281 0.117 -0.086 
-0.281 -0.456 -0.612 -0.752 -0.877 -0.990 -1.093 -1.186 -1.272 -1.351 
-1.423 -1.490 -1.551 -1.608 -1.661 -1.709 -1.754 -1.796 -1.834 -1.869 
-1.889 
-1.895 -1.919 -1.950 -1.978 -2.004 -2.027 -2.048 -2.067 -2.083 -2.097 
-2.109 -2.119 -2.127 -2.132 -2.136 -2.137 -2.137 -2.134 -2.129 -2.123 
-2.114 -2.103 -2.090 -2.075 -2.058 -2.039 -2.017 -1.994 -1.968 -1.940 
-1.910 -1.878 -1.844 -1.807 -1.768 -1.726 -1.683 -1.637 -1.589 -1.539 
-1.488 -1.434 -1.379 -1.322 -1.264 -1.206 -1.148 -1.090 -1.034 -0.979 
-0.927 -0.878 -0.832 -0.789 -0.748 -0.709 -0.669 -0.628 -0.584 -0.535 
-0.479 -0.414 -0.337 -0.248 -0.145 -0.042 0.019 -0.014 -0.105 -0.211 
-0.326 -0.447 -0.570 -0.691 -0.807 -0.916 -1.019 -1.114 -1.202 -1.284 
-1.361 -1.432 -1.498 -1.560 -1.617 -1.670 -1.720 -1.766 -1.809 -1.848 
-1.883 
-1.917 -1.947 -1.979 -2.009 -2.037 -2.063 -2.087 -2.108 -2.127 -2.145 
-2.160 -2.174 -2.185 -2.195 -2.203 -2.209 -2.213 -2.216 -2.216 -2.215 
-2.212 -2.208 -2.201 -2.193 -2.182 -2.170 -2.157 -2.141 -2.123 -2.104 
-2.083 -2.059 -2.034 -2.007 -1.977 -1.946 -1.912 -1.877 -1.839 -1.799 
-1.757 -1.713 -1.666 -1.618 -1.567 -1.515 -1.461 -1.405 -1.348 -1.290 
-1.231 -1.171 -1.110 -1.048 -0.982 -0.914 -0.841 -0.762 -0.676 -0.581 
-0.476 -0.359 -0.231 -0.093 0.040 0.138 0.162 0.094 -0.039 -0.197 
-0.354 -0.502 -0.638 -0.762 -0.877 -0.982 -1.078 -1.168 -1.251 -1.328 
-1.400 -1.468 -1.531 -1.590 -1.645 -1.697 -1.746 -1.792 -1.835 -1.875 
-1.905 
-1.923 -1.953 -1.982 -2.009 -2.034 -2.057 -2.078 -2.096 -2.113 -2.128 
-2.141 -2.152 -2.161 -2.169 -2.174 -2.178 -2.180 -2.180 -2.179 -2.176 
-2.171 -2.164 -2.156 -2.146 -2.134 -2.121 -2.106 -2.089 -2.070 -2.050 
-2.028 -2.004 -1.979 -1.952 -1.923 -1.893 -1.861 -1.827 -1.792 -1.755 
-1.717 -1.677 -1.635 -1.591 -1.546 -1.499 -1.450 -1.399 -1.345 -1.290 
-1.231 -1.170 -1.106 -1.039 -0.967 -0.891 -0.811 -0.725 -0.633 -0.536 
-0.433 -0.329 -0.230 -0.145 -0.086 -0.064 -0.089 -0.167 -0.277 -0.400 
-0.527 -0.651 -0.769 -0.878 -0.980 -1.074 -1.161 -1.242 -1.317 -1.388 
-1.454 -1.515 -1.573 -1.627 -1.678 -1.725 -1.770 -1.812 -1.851 -1.887 
-1.913 
-1.870 -1.895 -1.922 -1.947 -1.969 -1.989 -2.007 -2.022 -2.036 -2.047 
-2.057 -2.064 -2.070 -2.074 -2.075 -2.075 -2.074 -2.070 -2.065 -2.058 
-2.049 -2.039 -2.027 -2.014 -1.998 -1.982 -1.964 -1.944 -1.923 -1.901 
-1.877 -1.852 -1.826 -1.799 -1.771 -1.742 -1.713 -1.682 -1.652 -1.620 
-1.589 -1.557 -1.526 -1.494 -1.462 -1.430 -1.398 -1.365 -1.332 -1.298 
-1.263 -1.227 -1.188 -1.147 -1.103 -1.055 -1.003 -0.945 -0.882 -0.812 
-0.736 -0.653 -0.566 -0.479 -0.398 -0.327 -0.268 -0.231 -0.232 -0.281 
-0.372 -0.487 -0.612 -0.736 -0.853 -0.962 -1.062 -1.154 -1.238 -1.316 
-1.388 -1.454 -1.516 -1.572 -1.625 -1.673 -1.718 -1.759 -1.798 -1.833 
-1.860 
-1.862 -1.870 -1.897 -1.922 -1.944 -1.964 -1.982 -1.997 -2.011 -2.022 
-2.032 -2.039 -2.045 -2.049 -2.051 -2.052 -2.051 -2.048 -2.044 -2.038 
-2.030 -2.021 -2.011 -1.999 -1.986 -1.971 -1.955 -1.938 -1.919 -1.899 
-1.878 -1.856 -1.834 -1.810 -1.785 -1.760 -1.735 -1.710 -1.685 -1.660 
-1.636 -1.613 -1.591 -1.569 -1.547 -1.525 -1.504 -1.481 -1.458 -1.434 
-1.408 -1.380 -1.351 -1.319 -1.284 -1.245 -1.203 -1.157 -1.106 -1.049 
-0.986 -0.916 -0.839 -0.753 -0.659 -0.559 -0.459 -0.370 -0.313 -0.315 
-0.373 -0.465 -0.575 -0.692 -0.807 -0.917 -1.020 -1.115 -1.202 -1.282 
-1.356 -1.424 -1.487 -1.545 -1.598 -1.647 -1.692 -1.734 -1.773 -1.808 
-1.850 
-2.061 -2.118 -2.143 -2.166 -2.186 -2.203 -2.218 -2.230 -2.240 -2.248 
-2.253 -2.256 -2.257 -2.256 -2.253 -2.247 -2.239 -2.229 -2.217 -2.203 
-2.187 -2.168 -2.147 -2.124 -2.099 -2.072 -2.042 -2.011 -1.977 -1.942 
-1.904 -1.866 -1.826 -1.785 -1.745 -1.705 -1.666 -1.629 -1.595 -1.565 
-1.539 -1.517 -1.500 -1.486 -1.476 -1.469 -1.463 -1.458 -1.453 -1.447 
-1.439 -1.429 -1.415 -1.399 -1.378 -1.353 -1.323 -1.287 -1.244 -1.194 
-1.135 -1.066 -0.986 -0.890 -0.778 -0.647 -0.500 -0.359 -0.271 -0.289 
-0.406 -0.569 -0.734 -0.886 -1.022 -1.145 -1.255 -1.356 -1.447 -1.530 
-1.606 -1.675 -1.739 -1.797 -1.851 -1.900 -1.945 -1.987 -2.024 -2.059 
-2.054 
-1.987 -2.000 -2.028 -2.054 -2.078 -2.098 -2.117 -2.132 -2.146 -2.157 
-2.167 -2.174 -2.179 -2.182 -2.183 -2.182 -2.178 -2.173 -2.166 -2.158 
-2.147 -2.134 -2.120 -2.104 -2.086 -2.066 -2.044 -2.021 -1.996 -1.970 
-1.943 -1.914 -1.884 -1.853 -1.821 -1.790 -1.758 -1.726 -1.695 -1.666 
-1.637 -1.611 -1.586 -1.562 -1.540 -1.520 -1.501 -1.482 -1.464 -1.446 
-1.428 -1.410 -1.390 -1.369 -1.347 -1.321 -1.293 -1.262 -1.227 -1.188 
-1.143 -1.093 -1.038 -0.975 -0.905 -0.828 -0.743 -0.655 -0.585 -0.570 
-0.603 -0.662 -0.740 -0.831 -0.929 -1.028 -1.124 -1.216 -1.303 -1.384 
-1.460 -1.530 -1.596 -1.656 -1.712 -1.764 -1.812 -1.856 -1.897 -1.934 
-1.974 
-2.028 -2.046 -2.075 -2.101 -2.124 -2.144 -2.162 -2.177 -2.190 -2.200 
-2.208 -2.214 -2.218 -2.219 -2.218 -2.215 -2.210 -2.203 -2.194 -2.183 
-2.170 -2.156 -2.140 -2.123 -2.106 -2.088 -2.070 -2.052 -2.034 -2.016 
-1.998 -1.979 -1.960 -1.941 -1.920 -1.899 -1.877 -1.855 -1.832 -1.809 
-1.787 -1.765 -1.743 -1.722 -1.702 -1.682 -1.662 -1.643 -1.625 -1.605 
-1.586 -1.565 -1.544 -1.521 -1.495 -1.467 -1.436 -1.402 -1.363 -1.320 
-1.271 -1.217 -1.155 -1.086 -1.008 -0.921 -0.826 -0.725 -0.623 -0.529 
-0.465 -0.493 -0.591 -0.712 -0.841 -0.967 -1.087 -1.198 -1.299 -1.392 
-1.476 -1.554 -1.624 -1.689 -1.749 -1.803 -1.853 -1.899 -1.941 -1.979 
-2.016 
-2.243 -2.280 -2.300 -2.316 -2.328 -2.338 -2.344 -2.347 -2.347 -2.344 
-2.337 -2.328 -2.316 -2.301 -2.284 -2.264 -2.241 -2.216 -2.189 -2.161 
-2.132 -2.102 -2.073 -2.046 -2.021 -2.000 -1.984 -1.973 -1.969 -1.969 
-1.975 -1.985 -1.998 -2.012 -2.027 -2.041 -2.053 -2.064 -2.071 -2.076 
-2.078 -2.078 -2.075 -2.069 -2.062 -2.053 -2.042 -2.030 -2.018 -2.004 
-1.989 -1.972 -1.954 -1.934 -1.911 -1.884 -1.854 -1.820 -1.780 -1.735 
-1.682 -1.622 -1.552 -1.471 -1.376 -1.264 -1.130 -0.967 -0.765 -0.544 
-0.394 -0.430 -0.610 -0.823 -1.016 -1.186 -1.333 -1.461 -1.574 -1.674 
-1.762 -1.840 -1.910 -1.973 -2.029 -2.079 -2.124 -2.164 -2.199 -2.230 
-2.238 
-2.331 -2.356 -2.389 -2.419 -2.445 -2.468 -2.487 -2.504 -2.518 -2.530 
-2.538 -2.544 -2.546 -2.547 -2.544 -2.539 -2.532 -2.522 -2.510 -2.495 
-2.478 -2.460 -2.441 -2.421 -2.400 -2.380 -2.360 -2.342 -2.324 -2.307 
-2.290 -2.273 -2.254 -2.234 -2.212 -2.188 -2.161 -2.132 -2.102 -2.071 
-2.038 -2.005 -1.972 -1.940 -1.910 -1.881 -1.854 -1.829 -1.807 -1.787 
-1.770 -1.754 -1.739 -1.724 -1.709 -1.693 -1.675 -1.653 -1.629 -1.599 
-1.565 -1.524 -1.475 -1.419 -1.352 -1.273 -1.181 -1.072 -0.944 -0.796 
-0.659 -0.621 -0.659 -0.746 -0.878 -1.031 -1.184 -1.327 -1.457 -1.574 
-1.680 -1.775 -1.860 -1.938 -2.009 -2.074 -2.133 -2.186 -2.235 -2.279 
-2.316 
-2.361 -2.396 -2.425 -2.451 -2.475 -2.495 -2.513 -2.528 -2.541 -2.552 
-2.560 -2.566 -2.569 -2.570 -2.569 -2.566 -2.561 -2.553 -2.544 -2.532 
-2.519 -2.503 -2.486 -2.466 -2.445 -2.422 -2.398 -2.372 -2.344 -2.315 
-2.285 -2.255 -2.224 -2.192 -2.161 -2.130 -2.100 -2.071 -2.043 -2.017 
-1.993 -1.972 -1.952 -1.934 -1.919 -1.905 -1.894 -1.884 -1.875 -1.866 
-1.858 -1.849 -1.840 -1.829 -1.815 -1.800 -1.781 -1.758 -1.731 -1.699 
-1.662 -1.619 -1.568 -1.510 -1.443 -1.367 -1.281 -1.188 -1.091 -1.001 
-0.936 -0.912 -0.943 -1.029 -1.148 -1.277 -1.402 -1.518 -1.624 -1.721 
-1.809 -1.889 -1.962 -2.029 -2.090 -2.146 -2.198 -2.245 -2.288 -2.327 
-2.350 
-2.299 -2.320 -2.348 -2.373 -2.396 -2.416 -2.434 -2.450 -2.463 -2.475 
-2.484 -2.491 -2.496 -2.499 -2.500 -2.499 -2.496 -2.491 -2.484 -2.475 
-2.464 -2.451 -2.436 -2.419 -2.400 -2.379 -2.356 -2.331 -2.305 -2.276 
-2.246 -2.214 -2.180 -2.146 -2.110 -2.073 -2.036 -1.999 -1.963 -1.927 
-1.894 -1.862 -1.833 -1.808 -1.786 -1.768 -1.753 -1.742 -1.733 -1.726 
-1.720 -1.715 -1.710 -1.703 -1.695 -1.684 -1.671 -1.654 -1.633 -1.608 
-1.579 -1.546 -1.511 -1.474 -1.439 -1.408 -1.381 -1.358 -1.336 -1.318 
-1.308 -1.317 -1.349 -1.400 -1.459 -1.521 -1.585 -1.648 -1.712 -1.774 
-1.834 -1.892 -1.948 -2.001 -2.051 -2.098 -2.142 -2.183 -2.222 -2.257 
-2.287 
-2.245 -2.268 -2.290 -2.311 -2.329 -2.347 -2.362 -2.376 -2.389 -2.400 
-2.410 -2.418 -2.425 -2.431 -2.436 -2.439 -2.441 -2.442 -2.441 -2.439 
-2.437 -2.433 -2.427 -2.421 -2.413 -2.404 -2.394 -2.383 -2.371 -2.357 
-2.342 -2.325 -2.308 -2.289 -2.269 -2.248 -2.225 -2.202 -2.177 -2.152 
-2.126 -2.099 -2.072 -2.045 -2.018 -1.991 -1.963 -1.934 -1.905 -1.874 
-1.840 -1.805 -1.766 -1.725 -1.680 -1.631 -1.579 -1.523 -1.463 -1.400 
-1.336 -1.272 -1.211 -1.158 -1.117 -1.096 -1.096 -1.118 -1.158 -1.213 
-1.275 -1.341 -1.408 -1.474 -1.539 -1.603 -1.663 -1.722 -1.778 -1.831 
-1.881 -1.929 -1.974 -2.016 -2.056 -2.093 -2.127 -2.159 -2.190 -2.218 
-2.237 
-2.208 -2.215 -2.236 -2.256 -2.274 -2.290 -2.305 -2.319 -2.331 -2.342 
-2.352 -2.360 -2.367 -2.373 -2.378 -2.381 -2.384 -2.385 -2.386 -2.385 
-2.383 -2.380 -2.377 -2.372 -2.366 -2.359 -2.351 -2.342 -2.332 -2.321 
-2.309 -2.295 -2.281 -2.266 -2.249 -2.232 -2.213 -2.194 -2.173 -2.151 
-2.129 -2.105 -2.080 -2.054 -2.027 -1.999 -1.969 -1.938 -1.905 -1.870 
-1.834 -1.795 -1.753 -1.710 -1.663 -1.614 -1.563 -1.509 -1.453 -1.397 
-1.341 -1.288 -1.240 -1.200 -1.173 -1.160 -1.164 -1.183 -1.215 -1.255 
-1.301 -1.350 -1.401 -1.454 -1.511 -1.569 -1.627 -1.685 -1.740 -1.793 
-1.843 -1.890 -1.933 -1.974 -2.012 -2.048 -2.081 -2.112 -2.140 -2.167 
-2.200 
-2.344 -2.382 -2.413 -2.441 -2.467 -2.490 -2.510 -2.528 -2.544 -2.557 
-2.568 -2.578 -2.585 -2.590 -2.593 -2.594 -2.594 -2.591 -2.586 -2.580 
-2.572 -2.562 -2.550 -2.536 -2.520 -2.503 -2.484 -2.464 -2.443 -2.420 
-2.397 -2.372 -2.348 -2.323 -2.299 -2.275 -2.251 -2.227 -2.204 -2.182 
-2.160 -2.138 -2.117 -2.097 -2.078 -2.060 -2.043 -2.027 -2.011 -1.995 
-1.979 -1.963 -1.946 -1.927 -1.906 -1.883 -1.858 -1.829 -1.798 -1.764 
-1.727 -1.689 -1.650 -1.611 -1.574 -1.539 -1.506 -1.473 -1.440 -1.407 
-1.379 -1.360 -1.355 -1.369 -1.402 -1.451 -1.513 -1.583 -1.658 -1.733 
-1.808 -1.880 -1.948 -2.012 -2.072 -2.128 -2.179 -2.227 -2.271 -2.311 
-2.333 
-2.449 -2.469 -2.501 -2.530 -2.556 -2.578 -2.597 -2.612 -2.625 -2.634 
-2.641 -2.644 -2.645 -2.643 -2.638 -2.630 -2.620 -2.606 -2.590 -2.572 
-2.550 -2.526 -2.499 -2.470 -2.438 -2.405 -2.369 -2.334 -2.298 -2.265 
-2.236 -2.212 -2.194 -2.183 -2.178 -2.178 -2.182 -2.190 -2.201 -2.214 
-2.229 -2.245 -2.260 -2.276 -2.290 -2.303 -2.315 -2.325 -2.333 -2.340 
-2.345 -2.347 -2.348 -2.346 -2.341 -2.334 -2.324 -2.310 -2.294 -2.273 
-2.249 -2.221 -2.188 -2.151 -2.109 -2.062 -2.010 -1.952 -1.890 -1.824 
-1.755 -1.687 -1.628 -1.591 -1.583 -1.595 -1.619 -1.656 -1.706 -1.768 
-1.837 -1.910 -1.984 -2.055 -2.122 -2.185 -2.244 -2.298 -2.347 -2.392 
-2.435 
-2.657 -2.699 -2.724 -2.744 -2.760 -2.772 -2.781 -2.787 -2.789 -2.788 
-2.783 -2.775 -2.763 -2.748 -2.729 -2.707 -2.681 -2.651 -2.618 -2.581 
-2.540 -2.496 -2.448 -2.397 -2.343 -2.288 -2.233 -2.180 -2.131 -2.091 
-2.062 -2.047 -2.049 -2.067 -2.098 -2.138 -2.183 -2.231 -2.278 -2.324 
-2.368 -2.408 -2.446 -2.479 -2.510 -2.536 -2.559 -2.578 -2.594 -2.606 
-2.613 -2.617 -2.618 -2.614 -2.606 -2.594 -2.578 -2.557 -2.531 -2.500 
-2.463 -2.421 -2.372 -2.315 -2.251 -2.176 -2.092 -1.995 -1.885 -1.762 
-1.630 -1.505 -1.415 -1.390 -1.439 -1.541 -1.663 -1.784 -1.897 -2.001 
-2.096 -2.183 -2.263 -2.335 -2.400 -2.459 -2.512 -2.560 -2.602 -2.639 
-2.649 
-2.650 -2.679 -2.695 -2.708 -2.717 -2.722 -2.724 -2.723 -2.718 -2.710 
-2.700 -2.685 -2.668 -2.648 -2.625 -2.598 -2.569 -2.536 -2.501 -2.464 
-2.424 -2.383 -2.341 -2.299 -2.260 -2.224 -2.194 -2.172 -2.158 -2.154 
-2.160 -2.176 -2.201 -2.232 -2.269 -2.309 -2.350 -2.389 -2.427 -2.462 
-2.494 -2.523 -2.548 -2.570 -2.588 -2.602 -2.613 -2.621 -2.624 -2.624 
-2.621 -2.613 -2.602 -2.587 -2.567 -2.543 -2.515 -2.482 -2.443 -2.399 
-2.350 -2.293 -2.230 -2.160 -2.083 -1.999 -1.908 -1.813 -1.715 -1.613 
-1.511 -1.424 -1.378 -1.400 -1.487 -1.612 -1.745 -1.872 -1.987 -2.089 
-2.179 -2.258 -2.329 -2.391 -2.446 -2.495 -2.537 -2.575 -2.608 -2.636 
-2.644 
-2.515 -2.505 -2.517 -2.525 -2.531 -2.533 -2.534 -2.531 -2.526 -2.519 
-2.509 -2.497 -2.483 -2.467 -2.449 -2.429 -2.408 -2.385 -2.361 -2.337 
-2.312 -2.288 -2.264 -2.242 -2.222 -2.205 -2.192 -2.182 -2.178 -2.178 
-2.183 -2.192 -2.204 -2.218 -2.234 -2.251 -2.268 -2.284 -2.300 -2.314 
-2.328 -2.339 -2.348 -2.355 -2.359 -2.361 -2.361 -2.357 -2.350 -2.341 
-2.327 -2.311 -2.291 -2.267 -2.238 -2.206 -2.169 -2.127 -2.080 -2.027 
-1.969 -1.904 -1.834 -1.758 -1.678 -1.598 -1.522 -1.459 -1.417 -1.402 
-1.415 -1.449 -1.502 -1.575 -1.665 -1.760 -1.851 -1.934 -2.010 -2.079 
-2.141 -2.197 -2.247 -2.292 -2.332 -2.368 -2.400 -2.428 -2.452 -2.473 
-2.509 
-2.633 -2.679 -2.693 -2.704 -2.712 -2.718 -2.721 -2.721 -2.719 -2.715 
-2.709 -2.700 -2.689 -2.677 -2.662 -2.646 -2.628 -2.608 -2.588 -2.567 
-2.545 -2.523 -2.502 -2.481 -2.462 -2.444 -2.429 -2.416 -2.407 -2.400 
-2.397 -2.397 -2.399 -2.404 -2.411 -2.420 -2.429 -2.439 -2.450 -2.459 
-2.468 -2.476 -2.482 -2.487 -2.489 -2.490 -2.488 -2.483 -2.476 -2.465 
-2.452 -2.435 -2.414 -2.390 -2.362 -2.329 -2.291 -2.249 -2.201 -2.148 
-2.089 -2.023 -1.951 -1.874 -1.794 -1.714 -1.643 -1.588 -1.560 -1.565 
-1.600 -1.656 -1.726 -1.801 -1.878 -1.955 -2.031 -2.104 -2.174 -2.238 
-2.298 -2.354 -2.404 -2.450 -2.492 -2.529 -2.563 -2.593 -2.619 -2.642 
-2.629 
-2.527 -2.526 -2.547 -2.567 -2.583 -2.597 -2.608 -2.617 -2.624 -2.629 
-2.632 -2.632 -2.631 -2.628 -2.623 -2.617 -2.610 -2.601 -2.591 -2.581 
-2.569 -2.557 -2.545 -2.533 -2.521 -2.510 -2.500 -2.490 -2.482 -2.475 
-2.470 -2.466 -2.464 -2.463 -2.464 -2.465 -2.468 -2.471 -2.474 -2.478 
-2.482 -2.485 -2.487 -2.489 -2.489 -2.489 -2.486 -2.482 -2.477 -2.469 
-2.459 -2.447 -2.432 -2.415 -2.394 -2.371 -2.344 -2.314 -2.280 -2.242 
-2.200 -2.154 -2.103 -2.047 -1.988 -1.926 -1.863 -1.803 -1.750 -1.707 
-1.674 -1.653 -1.647 -1.660 -1.690 -1.737 -1.794 -1.859 -1.926 -1.993 
-2.058 -2.120 -2.178 -2.232 -2.281 -2.327 -2.369 -2.407 -2.442 -2.473 
-2.516 
-2.645 -2.678 -2.697 -2.714 -2.729 -2.741 -2.751 -2.758 -2.764 -2.767 
-2.768 -2.767 -2.765 -2.760 -2.754 -2.746 -2.736 -2.725 -2.713 -2.699 
-2.684 -2.669 -2.653 -2.636 -2.620 -2.604 -2.588 -2.573 -2.560 -2.548 
-2.537 -2.528 -2.520 -2.514 -2.510 -2.506 -2.504 -2.503 -2.503 -2.503 
-2.503 -2.503 -2.504 -2.503 -2.503 -2.501 -2.498 -2.494 -2.488 -2.481 
-2.472 -2.460 -2.446 -2.430 -2.411 -2.390 -2.365 -2.337 -2.306 -2.272 
-2.233 -2.191 -2.145 -2.094 -2.041 -1.985 -1.930 -1.881 -1.847 -1.831 
-1.834 -1.849 -1.874 -1.907 -1.949 -1.998 -2.052 -2.108 -2.165 -2.221 
-2.275 -2.326 -2.375 -2.421 -2.463 -2.503 -2.539 -2.573 -2.603 -2.631 
-2.638 
-2.656 -2.675 -2.691 -2.705 -2.715 -2.722 -2.727 -2.729 -2.728 -2.725 
-2.720 -2.712 -2.702 -2.689 -2.675 -2.658 -2.639 -2.619 -2.597 -2.574 
-2.550 -2.526 -2.501 -2.477 -2.454 -2.432 -2.413 -2.396 -2.382 -2.371 
-2.363 -2.359 -2.357 -2.358 -2.360 -2.364 -2.367 -2.371 -2.374 -2.377 
-2.378 -2.379 -2.379 -2.378 -2.377 -2.375 -2.373 -2.370 -2.367 -2.361 
-2.354 -2.344 -2.330 -2.313 -2.292 -2.267 -2.236 -2.200 -2.159 -2.111 
-2.056 -1.993 -1.923 -1.846 -1.763 -1.678 -1.598 -1.535 -1.503 -1.509 
-1.553 -1.623 -1.705 -1.789 -1.871 -1.947 -2.019 -2.088 -2.153 -2.214 
-2.273 -2.328 -2.380 -2.427 -2.471 -2.511 -2.547 -2.579 -2.608 -2.634 
-2.651 
-2.569 -2.600 -2.634 -2.664 -2.692 -2.716 -2.738 -2.757 -2.773 -2.786 
-2.797 -2.805 -2.811 -2.813 -2.814 -2.812 -2.808 -2.801 -2.792 -2.781 
-2.767 -2.752 -2.735 -2.717 -2.697 -2.676 -2.653 -2.630 -2.606 -2.581 
-2.555 -2.528 -2.500 -2.470 -2.439 -2.407 -2.373 -2.339 -2.305 -2.272 
-2.241 -2.212 -2.187 -2.166 -2.150 -2.139 -2.133 -2.131 -2.133 -2.137 
-2.143 -2.150 -2.156 -2.162 -2.166 -2.167 -2.166 -2.161 -2.153 -2.141 
-2.124 -2.103 -2.076 -2.043 -2.005 -1.961 -1.915 -1.872 -1.838 -1.819 
-1.812 -1.810 -1.810 -1.812 -1.819 -1.833 -1.857 -1.891 -1.934 -1.984 
-2.039 -2.097 -2.157 -2.216 -2.274 -2.330 -2.383 -2.433 -2.479 -2.523 
-2.555 
-2.467 -2.502 -2.541 -2.578 -2.612 -2.643 -2.672 -2.698 -2.721 -2.742 
-2.760 -2.776 -2.790 -2.802 -2.811 -2.818 -2.823 -2.826 -2.827 -2.825 
-2.822 -2.817 -2.809 -2.800 -2.789 -2.776 -2.761 -2.744 -2.726 -2.706 
-2.684 -2.661 -2.637 -2.612 -2.585 -2.558 -2.530 -2.502 -2.474 -2.447 
-2.421 -2.396 -2.372 -2.352 -2.333 -2.317 -2.304 -2.293 -2.284 -2.277 
-2.272 -2.267 -2.263 -2.260 -2.256 -2.252 -2.248 -2.242 -2.234 -2.225 
-2.215 -2.202 -2.186 -2.168 -2.148 -2.125 -2.099 -2.070 -2.040 -2.008 
-1.974 -1.941 -1.909 -1.881 -1.858 -1.844 -1.839 -1.846 -1.865 -1.895 
-1.935 -1.983 -2.036 -2.092 -2.149 -2.206 -2.261 -2.315 -2.365 -2.414 
-2.451 
-2.416 -2.430 -2.458 -2.485 -2.509 -2.532 -2.553 -2.571 -2.588 -2.602 
-2.614 -2.625 -2.633 -2.640 -2.644 -2.647 -2.648 -2.647 -2.644 -2.639 
-2.633 -2.625 -2.615 -2.604 -2.591 -2.577 -2.562 -2.545 -2.528 -2.509 
-2.490 -2.469 -2.449 -2.428 -2.408 -2.388 -2.368 -2.350 -2.333 -2.317 
-2.303 -2.290 -2.280 -2.272 -2.265 -2.261 -2.258 -2.256 -2.255 -2.256 
-2.256 -2.257 -2.257 -2.258 -2.257 -2.255 -2.253 -2.249 -2.243 -2.236 
-2.227 -2.216 -2.203 -2.189 -2.173 -2.155 -2.136 -2.116 -2.095 -2.074 
-2.053 -2.034 -2.017 -2.004 -1.994 -1.989 -1.990 -1.997 -2.011 -2.030 
-2.056 -2.085 -2.118 -2.153 -2.189 -2.226 -2.263 -2.299 -2.333 -2.367 
-2.406 
-2.589 -2.610 -2.634 -2.657 -2.677 -2.695 -2.711 -2.726 -2.738 -2.748 
-2.757 -2.764 -2.769 -2.772 -2.774 -2.774 -2.773 -2.771 -2.767 -2.761 
-2.755 -2.748 -2.739 -2.730 -2.720 -2.709 -2.697 -2.685 -2.673 -2.660 
-2.647 -2.634 -2.620 -2.607 -2.593 -2.580 -2.567 -2.554 -2.542 -2.530 
-2.519 -2.509 -2.500 -2.492 -2.486 -2.481 -2.477 -2.474 -2.471 -2.468 
-2.464 -2.459 -2.453 -2.446 -2.437 -2.426 -2.413 -2.398 -2.381 -2.361 
-2.339 -2.315 -2.289 -2.262 -2.233 -2.203 -2.172 -2.143 -2.115 -2.090 
-2.069 -2.054 -2.046 -2.046 -2.054 -2.069 -2.091 -2.119 -2.152 -2.187 
-2.226 -2.265 -2.305 -2.344 -2.383 -2.421 -2.457 -2.491 -2.524 -2.555 
-2.580 
-2.935 -2.989 -3.012 -3.032 -3.050 -3.065 -3.079 -3.090 -3.099 -3.106 
-3.111 -3.114 -3.115 -3.114 -3.111 -3.106 -3.100 -3.092 -3.082 -3.071 
-3.058 -3.044 -3.028 -3.011 -2.992 -2.972 -2.950 -2.926 -2.901 -2.875 
-2.846 -2.816 -2.785 -2.751 -2.716 -2.680 -2.643 -2.606 -2.570 -2.536 
-2.504 -2.475 -2.452 -2.433 -2.420 -2.412 -2.408 -2.408 -2.411 -2.415 
-2.420 -2.425 -2.428 -2.430 -2.429 -2.426 -2.419 -2.409 -2.396 -2.379 
-2.360 -2.337 -2.312 -2.286 -2.260 -2.237 -2.218 -2.204 -2.198 -2.198 
-2.204 -2.218 -2.239 -2.266 -2.300 -2.340 -2.383 -2.430 -2.479 -2.528 
-2.577 -2.626 -2.672 -2.717 -2.760 -2.800 -2.838 -2.873 -2.906 -2.936 
-2.928 
-2.954 -2.974 -2.990 -3.003 -3.015 -3.023 -3.030 -3.035 -3.037 -3.038 
-3.036 -3.033 -3.029 -3.023 -3.016 -3.007 -2.997 -2.987 -2.976 -2.964 
-2.952 -2.940 -2.928 -2.916 -2.904 -2.893 -2.882 -2.872 -2.862 -2.852 
-2.843 -2.834 -2.824 -2.815 -2.804 -2.793 -2.781 -2.769 -2.755 -2.740 
-2.725 -2.709 -2.694 -2.679 -2.664 -2.650 -2.635 -2.621 -2.606 -2.590 
-2.574 -2.555 -2.535 -2.513 -2.488 -2.460 -2.429 -2.394 -2.356 -2.314 
-2.269 -2.222 -2.175 -2.131 -2.092 -2.064 -2.049 -2.051 -2.068 -2.098 
-2.138 -2.184 -2.233 -2.283 -2.332 -2.381 -2.430 -2.479 -2.527 -2.574 
-2.620 -2.664 -2.707 -2.748 -2.786 -2.821 -2.853 -2.883 -2.910 -2.934 
-2.949 
-2.799 -2.835 -2.873 -2.908 -2.942 -2.972 -3.000 -3.026 -3.049 -3.069 
-3.087 -3.103 -3.116 -3.127 -3.135 -3.142 -3.146 -3.148 -3.149 -3.148 
-3.145 -3.140 -3.134 -3.126 -3.117 -3.107 -3.095 -3.081 -3.067 -3.051 
-3.034 -3.015 -2.994 -2.972 -2.948 -2.922 -2.895 -2.865 -2.834 -2.801 
-2.767 -2.732 -2.695 -2.658 -2.620 -2.583 -2.546 -2.510 -2.476 -2.443 
-2.412 -2.382 -2.355 -2.330 -2.309 -2.292 -2.279 -2.271 -2.266 -2.262 
-2.257 -2.250 -2.241 -2.230 -2.217 -2.205 -2.194 -2.185 -2.179 -2.174 
-2.171 -2.170 -2.170 -2.174 -2.182 -2.196 -2.216 -2.242 -2.274 -2.311 
-2.352 -2.395 -2.439 -2.484 -2.530 -2.575 -2.621 -2.666 -2.710 -2.753 
-2.785 
-2.700 -2.719 -2.765 -2.811 -2.855 -2.897 -2.937 -2.975 -3.010 -3.043 
-3.072 -3.100 -3.125 -3.147 -3.168 -3.186 -3.201 -3.215 -3.227 -3.236 
-3.244 -3.249 -3.253 -3.255 -3.255 -3.253 -3.249 -3.243 -3.235 -3.224 
-3.212 -3.198 -3.181 -3.162 -3.141 -3.117 -3.090 -3.061 -3.030 -2.996 
-2.958 -2.918 -2.875 -2.829 -2.780 -2.728 -2.672 -2.613 -2.551 -2.487 
-2.420 -2.353 -2.288 -2.229 -2.180 -2.145 -2.126 -2.123 -2.133 -2.153 
-2.179 -2.207 -2.235 -2.263 -2.291 -2.316 -2.340 -2.361 -2.378 -2.393 
-2.403 -2.411 -2.416 -2.419 -2.421 -2.422 -2.423 -2.424 -2.425 -2.426 
-2.428 -2.431 -2.438 -2.449 -2.464 -2.486 -2.514 -2.548 -2.586 -2.629 
-2.681 
-2.807 -2.845 -2.862 -2.877 -2.890 -2.903 -2.914 -2.924 -2.933 -2.941 
-2.948 -2.955 -2.961 -2.966 -2.971 -2.975 -2.979 -2.982 -2.985 -2.988 
-2.990 -2.991 -2.992 -2.993 -2.993 -2.992 -2.990 -2.988 -2.985 -2.981 
-2.976 -2.970 -2.963 -2.955 -2.945 -2.934 -2.921 -2.907 -2.891 -2.874 
-2.855 -2.833 -2.810 -2.784 -2.756 -2.726 -2.693 -2.657 -2.619 -2.577 
-2.533 -2.487 -2.439 -2.390 -2.343 -2.299 -2.258 -2.222 -2.190 -2.163 
-2.142 -2.129 -2.126 -2.132 -2.149 -2.175 -2.207 -2.244 -2.285 -2.326 
-2.366 -2.406 -2.443 -2.479 -2.511 -2.541 -2.568 -2.592 -2.614 -2.634 
-2.652 -2.668 -2.684 -2.700 -2.717 -2.734 -2.752 -2.771 -2.790 -2.809 
-2.804 
-2.762 -2.754 -2.764 -2.774 -2.784 -2.792 -2.800 -2.808 -2.815 -2.821 
-2.827 -2.833 -2.838 -2.843 -2.847 -2.851 -2.854 -2.857 -2.859 -2.861 
-2.862 -2.862 -2.862 -2.861 -2.859 -2.856 -2.852 -2.847 -2.842 -2.835 
-2.827 -2.818 -2.807 -2.796 -2.783 -2.769 -2.755 -2.739 -2.724 -2.708 
-2.692 -2.677 -2.661 -2.646 -2.631 -2.615 -2.599 -2.582 -2.564 -2.546 
-2.526 -2.506 -2.484 -2.462 -2.440 -2.418 -2.396 -2.375 -2.355 -2.337 
-2.322 -2.311 -2.303 -2.301 -2.302 -2.306 -2.313 -2.321 -2.329 -2.338 
-2.346 -2.355 -2.366 -2.380 -2.399 -2.422 -2.448 -2.477 -2.506 -2.535 
-2.561 -2.587 -2.610 -2.631 -2.651 -2.669 -2.686 -2.702 -2.716 -2.730 
-2.758 
-2.958 -2.987 -3.012 -3.035 -3.056 -3.074 -3.090 -3.103 -3.115 -3.125 
-3.133 -3.139 -3.143 -3.146 -3.147 -3.146 -3.143 -3.138 -3.131 -3.122 
-3.112 -3.099 -3.085 -3.068 -3.049 -3.028 -3.004 -2.979 -2.951 -2.922 
-2.890 -2.857 -2.823 -2.788 -2.752 -2.716 -2.682 -2.649 -2.619 -2.593 
-2.571 -2.553 -2.540 -2.532 -2.527 -2.526 -2.527 -2.529 -2.532 -2.535 
-2.537 -2.539 -2.539 -2.538 -2.535 -2.531 -2.525 -2.516 -2.507 -2.495 
-2.481 -2.465 -2.446 -2.425 -2.401 -2.374 -2.344 -2.311 -2.276 -2.241 
-2.208 -2.181 -2.164 -2.161 -2.174 -2.204 -2.248 -2.303 -2.364 -2.428 
-2.492 -2.555 -2.615 -2.671 -2.723 -2.771 -2.816 -2.856 -2.894 -2.928 
-2.947 
-3.240 -3.278 -3.299 -3.317 -3.334 -3.348 -3.360 -3.371 -3.379 -3.386 
-3.391 -3.395 -3.397 -3.397 -3.396 -3.394 -3.391 -3.386 -3.379 -3.372 
-3.362 -3.352 -3.339 -3.325 -3.309 -3.292 -3.272 -3.250 -3.227 -3.201 
-3.174 -3.144 -3.113 -3.081 -3.047 -3.012 -2.976 -2.940 -2.904 -2.869 
-2.834 -2.801 -2.768 -2.737 -2.707 -2.679 -2.652 -2.626 -2.602 -2.579 
-2.558 -2.539 -2.521 -2.505 -2.488 -2.472 -2.455 -2.436 -2.414 -2.390 
-2.367 -2.352 -2.352 -2.368 -2.391 -2.416 -2.440 -2.460 -2.478 -2.494 
-2.509 -2.525 -2.543 -2.566 -2.596 -2.634 -2.678 -2.728 -2.779 -2.831 
-2.882 -2.931 -2.978 -3.022 -3.063 -3.102 -3.137 -3.171 -3.201 -3.229 
-3.233 
-3.196 -3.225 -3.228 -3.231 -3.232 -3.231 -3.230 -3.228 -3.226 -3.223 
-3.220 -3.217 -3.214 -3.211 -3.209 -3.208 -3.207 -3.208 -3.209 -3.211 
-3.213 -3.216 -3.220 -3.224 -3.227 -3.231 -3.235 -3.237 -3.239 -3.241 
-3.241 -3.239 -3.236 -3.232 -3.226 -3.218 -3.208 -3.195 -3.181 -3.164 
-3.146 -3.125 -3.101 -3.076 -3.049 -3.019 -2.988 -2.955 -2.919 -2.881 
-2.839 -2.794 -2.744 -2.689 -2.627 -2.557 -2.479 -2.392 -2.300 -2.209 
-2.133 -2.088 -2.088 -2.131 -2.205 -2.292 -2.381 -2.463 -2.537 -2.603 
-2.663 -2.716 -2.766 -2.811 -2.854 -2.894 -2.931 -2.966 -2.999 -3.030 
-3.058 -3.084 -3.108 -3.129 -3.148 -3.165 -3.180 -3.193 -3.204 -3.212 
-3.196 
-2.911 -2.913 -2.924 -2.934 -2.943 -2.951 -2.958 -2.963 -2.968 -2.972 
-2.975 -2.978 -2.980 -2.982 -2.983 -2.985 -2.986 -2.987 -2.988 -2.990 
-2.991 -2.993 -2.994 -2.995 -2.997 -2.998 -2.999 -3.000 -3.000 -3.000 
-2.999 -2.998 -2.995 -2.993 -2.989 -2.985 -2.980 -2.974 -2.968 -2.962 
-2.955 -2.948 -2.940 -2.932 -2.924 -2.915 -2.906 -2.895 -2.883 -2.869 
-2.853 -2.836 -2.815 -2.791 -2.764 -2.733 -2.697 -2.656 -2.610 -2.561 
-2.514 -2.479 -2.464 -2.467 -2.479 -2.491 -2.499 -2.506 -2.511 -2.517 
-2.525 -2.536 -2.549 -2.565 -2.582 -2.602 -2.622 -2.644 -2.666 -2.689 
-2.711 -2.734 -2.756 -2.777 -2.798 -2.818 -2.836 -2.854 -2.871 -2.886 
-2.906 
-2.855 -2.860 -2.882 -2.903 -2.923 -2.941 -2.957 -2.972 -2.985 -2.996 
-3.006 -3.014 -3.021 -3.025 -3.029 -3.030 -3.031 -3.029 -3.026 -3.022 
-3.016 -3.008 -2.999 -2.988 -2.976 -2.962 -2.947 -2.931 -2.913 -2.894 
-2.875 -2.854 -2.832 -2.810 -2.788 -2.767 -2.745 -2.725 -2.706 -2.689 
-2.673 -2.660 -2.650 -2.642 -2.637 -2.634 -2.634 -2.636 -2.639 -2.643 
-2.649 -2.654 -2.659 -2.664 -2.668 -2.671 -2.672 -2.673 -2.671 -2.668 
-2.663 -2.657 -2.649 -2.640 -2.629 -2.618 -2.607 -2.595 -2.584 -2.573 
-2.563 -2.555 -2.549 -2.545 -2.544 -2.547 -2.552 -2.560 -2.571 -2.585 
-2.602 -2.621 -2.641 -2.664 -2.688 -2.712 -2.738 -2.763 -2.788 -2.813 
-2.846 
-3.029 -3.068 -3.094 -3.118 -3.140 -3.162 -3.182 -3.200 -3.217 -3.233 
-3.246 -3.258 -3.268 -3.276 -3.282 -3.286 -3.288 -3.287 -3.285 -3.280 
-3.273 -3.264 -3.252 -3.239 -3.223 -3.206 -3.186 -3.164 -3.140 -3.115 
-3.088 -3.059 -3.028 -2.996 -2.964 -2.930 -2.896 -2.863 -2.830 -2.798 
-2.768 -2.740 -2.715 -2.693 -2.675 -2.660 -2.648 -2.639 -2.632 -2.627 
-2.622 -2.617 -2.611 -2.605 -2.601 -2.600 -2.602 -2.607 -2.614 -2.619 
-2.622 -2.621 -2.617 -2.610 -2.600 -2.586 -2.571 -2.554 -2.537 -2.520 
-2.506 -2.495 -2.489 -2.489 -2.497 -2.512 -2.534 -2.563 -2.597 -2.634 
-2.675 -2.716 -2.758 -2.799 -2.839 -2.878 -2.914 -2.949 -2.982 -3.012 
-3.019 
-3.057 -3.057 -3.062 -3.069 -3.079 -3.091 -3.105 -3.121 -3.139 -3.157 
-3.175 -3.194 -3.212 -3.230 -3.248 -3.264 -3.280 -3.295 -3.309 -3.322 
-3.334 -3.345 -3.355 -3.362 -3.369 -3.373 -3.375 -3.375 -3.372 -3.368 
-3.360 -3.350 -3.337 -3.321 -3.303 -3.282 -3.259 -3.233 -3.205 -3.175 
-3.143 -3.109 -3.073 -3.036 -2.996 -2.954 -2.908 -2.859 -2.806 -2.749 
-2.689 -2.628 -2.569 -2.518 -2.480 -2.458 -2.456 -2.469 -2.493 -2.521 
-2.548 -2.572 -2.595 -2.619 -2.647 -2.680 -2.716 -2.751 -2.782 -2.810 
-2.834 -2.855 -2.874 -2.891 -2.908 -2.927 -2.945 -2.964 -2.983 -3.000 
-3.015 -3.028 -3.038 -3.046 -3.051 -3.053 -3.054 -3.054 -3.054 -3.054 
-3.058 
-3.051 -3.055 -3.053 -3.051 -3.047 -3.043 -3.039 -3.035 -3.030 -3.025 
-3.021 -3.018 -3.015 -3.013 -3.014 -3.015 -3.019 -3.025 -3.032 -3.042 
-3.052 -3.065 -3.078 -3.092 -3.106 -3.119 -3.133 -3.146 -3.158 -3.168 
-3.178 -3.185 -3.191 -3.195 -3.197 -3.196 -3.194 -3.189 -3.181 -3.171 
-3.158 -3.143 -3.124 -3.102 -3.077 -3.049 -3.017 -2.981 -2.942 -2.899 
-2.852 -2.802 -2.749 -2.696 -2.643 -2.591 -2.541 -2.490 -2.437 -2.384 
-2.334 -2.291 -2.263 -2.254 -2.267 -2.301 -2.349 -2.408 -2.470 -2.533 
-2.594 -2.651 -2.705 -2.753 -2.797 -2.837 -2.873 -2.905 -2.933 -2.958 
-2.979 -2.997 -3.013 -3.025 -3.036 -3.044 -3.050 -3.054 -3.056 -3.057 
-3.052 
-3.006 -3.005 -3.014 -3.023 -3.032 -3.040 -3.049 -3.057 -3.066 -3.074 
-3.082 -3.091 -3.099 -3.108 -3.116 -3.125 -3.134 -3.143 -3.152 -3.162 
-3.171 -3.180 -3.188 -3.196 -3.203 -3.209 -3.214 -3.217 -3.220 -3.221 
-3.220 -3.218 -3.214 -3.208 -3.201 -3.192 -3.180 -3.167 -3.152 -3.135 
-3.116 -3.095 -3.072 -3.047 -3.019 -2.990 -2.958 -2.925 -2.889 -2.852 
-2.813 -2.773 -2.732 -2.691 -2.649 -2.609 -2.569 -2.532 -2.498 -2.468 
-2.443 -2.425 -2.415 -2.417 -2.430 -2.453 -2.483 -2.517 -2.553 -2.588 
-2.623 -2.657 -2.689 -2.718 -2.746 -2.772 -2.796 -2.818 -2.839 -2.858 
-2.875 -2.891 -2.906 -2.920 -2.933 -2.945 -2.956 -2.966 -2.977 -2.986 
-3.000 
