IRGRID 64 91
1e+308

0.025 0.03 0.035 0.04 0.045 0.05 0.055 0.06 0.065 0.07
0.075 0.08 0.085 0.09 0.095 0.1 0.11 0.12 0.13 0.14
0.15 0.16 0.17 0.18 0.19 0.2 0.21 0.22 0.23 0.24
0.25 0.26 0.27 0.28 0.29 0.3 0.31 0.32 0.33 0.34
0.35 0.36 0.37 0.38 0.39 0.4 0.41 0.42 0.43 0.44
0.45 0.46 0.47 0.48 0.49 0.5 0.51 0.52 0.53 0.54
0.55 0.56 0.57 0.58
0 4 8 12 16 20 24 28 32 36
40 44 48 52 56 60 64 68 72 76
80 84 88 92 96 100 104 108 112 116
120 124 128 132 136 140 144 148 152 156
160 164 168 172 176 180 184 188 192 196
200 204 208 212 216 220 224 228 232 236
240 244 248 252 256 260 264 268 272 276
280 284 288 292 296 300 304 308 312 316
320 324 328 332 336 340 344 348 352 356
360
-2.756 -2.948 -3.063 -3.171 -3.272 -3.364 -3.449 -3.527 -3.599 -3.666 
-3.727 -3.783 -3.834 -3.881 -3.924 -3.964 -4.000 -4.000 -4.000 -4.000 
-4.000 -4.000 -4.000 -4.000 -4.000 -4.000 -4.000 -4.000 -4.000 -4.000 
-4.000 -4.000 -4.000 -4.000 -4.000 -4.000 -4.000 -4.000 -4.000 -4.000 
-4.000 -3.973 -3.934 -3.892 -3.845 -3.795 -3.739 -3.679 -3.613 -3.542 
-3.464 -3.379 -3.287 -3.186 -3.078 -2.963 -2.843 -2.726 -2.627 -2.566 
-2.554 -2.584 -2.640 -2.706 -2.776 -2.843 -2.904 -2.958 -3.004 -3.042 
-3.071 -3.093 -3.108 -3.115 -3.115 -3.107 -3.092 -3.071 -3.041 -3.005 
-2.963 -2.913 -2.859 -2.801 -2.741 -2.683 -2.635 -2.613 -2.640 -2.720 
-2.737 
-2.402 -2.480 -2.590 -2.688 -2.774 -2.850 -2.921 -2.986 -3.048 -3.106 
-3.161 -3.213 -3.263 -3.309 -3.352 -3.393 -3.430 -3.464 -3.496 -3.524 
-3.550 -3.573 -3.593 -3.610 -3.625 -3.637 -3.647 -3.654 -3.658 -3.660 
-3.659 -3.655 -3.649 -3.641 -3.629 -3.615 -3.598 -3.578 -3.556 -3.530 
-3.501 -3.468 -3.433 -3.393 -3.350 -3.303 -3.251 -3.195 -3.134 -3.068 
-2.995 -2.917 -2.832 -2.739 -2.638 -2.529 -2.415 -2.303 -2.213 -2.167 
-2.176 -2.231 -2.311 -2.396 -2.476 -2.548 -2.610 -2.664 -2.709 -2.747 
-2.777 -2.800 -2.816 -2.825 -2.828 -2.823 -2.812 -2.794 -2.767 -2.732 
-2.688 -2.633 -2.567 -2.489 -2.400 -2.306 -2.221 -2.173 -2.184 -2.254 
-2.349 
-2.257 -2.267 -2.284 -2.304 -2.329 -2.359 -2.393 -2.430 -2.470 -2.510 
-2.551 -2.592 -2.631 -2.668 -2.704 -2.737 -2.767 -2.795 -2.820 -2.843 
-2.863 -2.880 -2.895 -2.907 -2.916 -2.923 -2.927 -2.929 -2.927 -2.924 
-2.917 -2.907 -2.895 -2.880 -2.862 -2.841 -2.817 -2.789 -2.759 -2.724 
-2.686 -2.644 -2.599 -2.549 -2.495 -2.437 -2.375 -2.311 -2.246 -2.182 
-2.122 -2.069 -2.028 -1.999 -1.979 -1.966 -1.957 -1.950 -1.947 -1.953 
-1.972 -2.002 -2.039 -2.078 -2.119 -2.158 -2.196 -2.231 -2.263 -2.291 
-2.316 -2.338 -2.355 -2.370 -2.381 -2.389 -2.393 -2.395 -2.393 -2.388 
-2.380 -2.369 -2.355 -2.337 -2.315 -2.289 -2.262 -2.241 -2.233 -2.240 
-2.259 
-2.284 -2.297 -2.316 -2.335 -2.356 -2.378 -2.400 -2.423 -2.445 -2.466 
-2.486 -2.505 -2.522 -2.538 -2.552 -2.564 -2.575 -2.584 -2.590 -2.595 
-2.598 -2.599 -2.598 -2.594 -2.589 -2.581 -2.571 -2.559 -2.545 -2.528 
-2.508 -2.486 -2.461 -2.434 -2.403 -2.370 -2.333 -2.293 -2.250 -2.203 
-2.152 -2.097 -2.038 -1.975 -1.908 -1.838 -1.765 -1.690 -1.617 -1.548 
-1.489 -1.443 -1.417 -1.411 -1.426 -1.457 -1.499 -1.548 -1.600 -1.651 
-1.702 -1.750 -1.795 -1.837 -1.876 -1.911 -1.943 -1.972 -1.998 -2.020 
-2.040 -2.058 -2.074 -2.088 -2.100 -2.111 -2.121 -2.130 -2.139 -2.148 
-2.157 -2.166 -2.176 -2.186 -2.197 -2.208 -2.221 -2.234 -2.248 -2.263 
-2.278 
-2.337 -2.364 -2.388 -2.411 -2.434 -2.456 -2.477 -2.498 -2.517 -2.534 
-2.551 -2.565 -2.578 -2.590 -2.600 -2.608 -2.614 -2.618 -2.621 -2.622 
-2.620 -2.617 -2.611 -2.604 -2.595 -2.583 -2.569 -2.553 -2.535 -2.514 
-2.491 -2.465 -2.437 -2.406 -2.373 -2.336 -2.297 -2.255 -2.209 -2.160 
-2.108 -2.053 -1.994 -1.931 -1.865 -1.796 -1.725 -1.653 -1.582 -1.517 
-1.460 -1.416 -1.388 -1.377 -1.380 -1.393 -1.411 -1.430 -1.448 -1.464 
-1.479 -1.496 -1.516 -1.543 -1.575 -1.613 -1.656 -1.702 -1.749 -1.794 
-1.838 -1.879 -1.917 -1.951 -1.982 -2.009 -2.035 -2.058 -2.079 -2.100 
-2.120 -2.140 -2.160 -2.180 -2.201 -2.223 -2.245 -2.268 -2.291 -2.315 
-2.330 
-2.103 -2.175 -2.206 -2.235 -2.263 -2.289 -2.313 -2.335 -2.355 -2.373 
-2.389 -2.402 -2.414 -2.424 -2.431 -2.437 -2.440 -2.442 -2.441 -2.439 
-2.434 -2.427 -2.418 -2.407 -2.394 -2.379 -2.362 -2.343 -2.322 -2.298 
-2.273 -2.245 -2.215 -2.183 -2.149 -2.113 -2.075 -2.034 -1.991 -1.947 
-1.900 -1.851 -1.800 -1.748 -1.694 -1.638 -1.581 -1.523 -1.465 -1.407 
-1.350 -1.294 -1.240 -1.188 -1.137 -1.087 -1.036 -0.984 -0.930 -0.870 
-0.798 -0.710 -0.617 -0.571 -0.619 -0.722 -0.831 -0.931 -1.022 -1.107 
-1.186 -1.260 -1.329 -1.395 -1.456 -1.514 -1.568 -1.619 -1.667 -1.713 
-1.757 -1.800 -1.842 -1.882 -1.922 -1.961 -1.999 -2.036 -2.073 -2.108 
-2.097 
-1.727 -1.734 -1.772 -1.808 -1.843 -1.876 -1.907 -1.936 -1.962 -1.986 
-2.008 -2.027 -2.044 -2.058 -2.070 -2.079 -2.086 -2.090 -2.092 -2.091 
-2.089 -2.084 -2.078 -2.070 -2.061 -2.050 -2.039 -2.027 -2.014 -2.001 
-1.987 -1.973 -1.958 -1.944 -1.928 -1.912 -1.895 -1.876 -1.856 -1.834 
-1.810 -1.783 -1.754 -1.723 -1.687 -1.649 -1.607 -1.561 -1.511 -1.456 
-1.396 -1.331 -1.259 -1.180 -1.092 -0.993 -0.880 -0.749 -0.594 -0.408 
-0.181 0.064 0.158 0.105 0.007 -0.139 -0.299 -0.446 -0.574 -0.683 
-0.776 -0.857 -0.927 -0.989 -1.044 -1.094 -1.140 -1.182 -1.222 -1.261 
-1.299 -1.337 -1.375 -1.414 -1.453 -1.493 -1.533 -1.574 -1.615 -1.655 
-1.709 
-1.705 -1.732 -1.741 -1.747 -1.751 -1.752 -1.751 -1.747 -1.740 -1.731 
-1.719 -1.704 -1.687 -1.667 -1.645 -1.619 -1.591 -1.560 -1.526 -1.489 
-1.449 -1.407 -1.363 -1.319 -1.277 -1.242 -1.215 -1.199 -1.195 -1.200 
-1.210 -1.223 -1.236 -1.247 -1.256 -1.262 -1.266 -1.268 -1.267 -1.263 
-1.258 -1.249 -1.238 -1.224 -1.206 -1.185 -1.160 -1.131 -1.096 -1.056 
-1.010 -0.956 -0.894 -0.821 -0.737 -0.637 -0.518 -0.373 -0.192 0.039 
0.317 0.546 0.580 0.486 0.902 0.289 -0.141 -0.389 -0.569 -0.713 
-0.832 -0.935 -1.024 -1.102 -1.172 -1.234 -1.291 -1.342 -1.388 -1.431 
-1.470 -1.506 -1.539 -1.570 -1.599 -1.625 -1.649 -1.670 -1.689 -1.706 
-1.703 
-1.611 -1.599 -1.598 -1.595 -1.589 -1.580 -1.567 -1.552 -1.533 -1.511 
-1.485 -1.456 -1.423 -1.386 -1.346 -1.301 -1.252 -1.199 -1.142 -1.080 
-1.016 -0.949 -0.882 -0.818 -0.760 -0.713 -0.680 -0.666 -0.670 -0.688 
-0.715 -0.744 -0.768 -0.780 -0.773 -0.742 -0.690 -0.636 -0.613 -0.640 
-0.701 -0.771 -0.835 -0.886 -0.924 -0.951 -0.968 -0.975 -0.973 -0.962 
-0.944 -0.917 -0.882 -0.837 -0.781 -0.713 -0.631 -0.530 -0.405 -0.246 
-0.039 0.219 0.486 1.071 1.544 1.267 0.545 0.096 -0.189 -0.400 
-0.568 -0.707 -0.826 -0.928 -1.017 -1.096 -1.166 -1.228 -1.284 -1.333 
-1.378 -1.417 -1.452 -1.482 -1.509 -1.532 -1.551 -1.567 -1.580 -1.589 
-1.610 
-1.669 -1.695 -1.703 -1.709 -1.712 -1.711 -1.708 -1.702 -1.694 -1.682 
-1.667 -1.649 -1.628 -1.604 -1.576 -1.544 -1.510 -1.471 -1.429 -1.382 
-1.332 -1.279 -1.223 -1.166 -1.109 -1.053 -1.001 -0.953 -0.906 -0.856 
-0.798 -0.728 -0.642 -0.538 -0.417 -0.283 -0.153 -0.052 -0.007 -0.029 
-0.103 -0.199 -0.298 -0.388 -0.464 -0.528 -0.579 -0.618 -0.646 -0.664 
-0.672 -0.670 -0.658 -0.636 -0.604 -0.559 -0.501 -0.427 -0.333 -0.214 
-0.058 0.154 0.472 1.098 1.621 1.506 0.982 0.308 -0.033 -0.274 
-0.463 -0.618 -0.750 -0.865 -0.966 -1.055 -1.135 -1.207 -1.272 -1.331 
-1.384 -1.431 -1.475 -1.513 -1.548 -1.579 -1.607 -1.631 -1.651 -1.669 
-1.664 
-1.561 -1.566 -1.571 -1.574 -1.574 -1.572 -1.566 -1.558 -1.547 -1.534 
-1.517 -1.498 -1.476 -1.451 -1.422 -1.391 -1.357 -1.320 -1.280 -1.237 
-1.191 -1.143 -1.093 -1.042 -0.991 -0.941 -0.894 -0.852 -0.815 -0.786 
-0.763 -0.747 -0.733 -0.718 -0.695 -0.660 -0.611 -0.564 -0.543 -0.564 
-0.613 -0.668 -0.715 -0.749 -0.772 -0.784 -0.788 -0.783 -0.770 -0.751 
-0.724 -0.690 -0.649 -0.598 -0.538 -0.466 -0.379 -0.273 -0.143 0.021 
0.237 0.531 0.952 1.361 1.583 1.230 0.472 0.105 -0.145 -0.337 
-0.493 -0.625 -0.739 -0.839 -0.927 -1.006 -1.077 -1.141 -1.199 -1.251 
-1.298 -1.340 -1.379 -1.413 -1.443 -1.470 -1.494 -1.514 -1.532 -1.546 
-1.559 
-1.516 -1.519 -1.536 -1.550 -1.562 -1.571 -1.579 -1.584 -1.587 -1.587 
-1.585 -1.582 -1.575 -1.567 -1.556 -1.543 -1.528 -1.510 -1.489 -1.467 
-1.441 -1.414 -1.384 -1.353 -1.320 -1.285 -1.251 -1.217 -1.185 -1.155 
-1.128 -1.102 -1.078 -1.055 -1.030 -1.005 -0.977 -0.947 -0.915 -0.881 
-0.846 -0.809 -0.771 -0.732 -0.692 -0.650 -0.608 -0.563 -0.516 -0.466 
-0.412 -0.354 -0.290 -0.218 -0.139 -0.049 0.052 0.171 0.315 0.497 
0.737 1.023 1.226 1.225 1.161 0.683 0.452 0.262 0.074 -0.102 
-0.260 -0.398 -0.520 -0.628 -0.725 -0.813 -0.892 -0.964 -1.030 -1.091 
-1.147 -1.198 -1.245 -1.288 -1.327 -1.363 -1.396 -1.426 -1.453 -1.478 
-1.508 
-1.656 -1.696 -1.722 -1.746 -1.766 -1.784 -1.799 -1.811 -1.821 -1.828 
-1.832 -1.833 -1.832 -1.828 -1.821 -1.812 -1.800 -1.785 -1.767 -1.747 
-1.724 -1.698 -1.671 -1.642 -1.612 -1.582 -1.552 -1.523 -1.496 -1.472 
-1.450 -1.430 -1.411 -1.393 -1.374 -1.353 -1.329 -1.302 -1.271 -1.236 
-1.197 -1.154 -1.107 -1.055 -0.999 -0.937 -0.871 -0.799 -0.722 -0.638 
-0.549 -0.455 -0.356 -0.254 -0.152 -0.052 0.045 0.139 0.231 0.331 
0.450 0.615 0.818 1.061 0.880 0.786 0.746 0.635 0.458 0.254 
0.054 -0.130 -0.296 -0.445 -0.578 -0.699 -0.809 -0.909 -1.001 -1.085 
-1.162 -1.233 -1.299 -1.360 -1.415 -1.467 -1.514 -1.557 -1.597 -1.633 
-1.644 
-1.519 -1.564 -1.581 -1.594 -1.604 -1.611 -1.614 -1.614 -1.610 -1.603 
-1.593 -1.579 -1.563 -1.543 -1.520 -1.494 -1.464 -1.432 -1.397 -1.360 
-1.320 -1.279 -1.237 -1.195 -1.153 -1.113 -1.077 -1.045 -1.020 -1.001 
-0.989 -0.984 -0.986 -0.994 -1.005 -1.018 -1.032 -1.046 -1.059 -1.069 
-1.076 -1.078 -1.077 -1.070 -1.058 -1.039 -1.014 -0.982 -0.943 -0.895 
-0.839 -0.775 -0.701 -0.618 -0.526 -0.425 -0.313 -0.189 -0.047 0.113 
0.281 0.486 0.999 1.424 1.195 0.712 0.359 0.153 -0.039 -0.216 
-0.369 -0.500 -0.610 -0.705 -0.788 -0.861 -0.929 -0.991 -1.049 -1.105 
-1.158 -1.209 -1.258 -1.304 -1.348 -1.389 -1.426 -1.461 -1.492 -1.519 
-1.517 
-1.256 -1.266 -1.307 -1.345 -1.381 -1.414 -1.445 -1.472 -1.497 -1.519 
-1.539 -1.555 -1.569 -1.580 -1.589 -1.594 -1.596 -1.596 -1.592 -1.586 
-1.577 -1.565 -1.550 -1.534 -1.515 -1.495 -1.476 -1.456 -1.438 -1.422 
-1.408 -1.396 -1.385 -1.375 -1.365 -1.354 -1.341 -1.325 -1.307 -1.284 
-1.258 -1.228 -1.194 -1.156 -1.113 -1.065 -1.012 -0.953 -0.888 -0.817 
-0.737 -0.650 -0.552 -0.443 -0.320 -0.181 -0.024 0.154 0.346 0.530 
0.662 0.704 0.691 0.944 0.642 0.318 0.155 0.038 -0.056 -0.133 
-0.199 -0.257 -0.309 -0.357 -0.404 -0.449 -0.496 -0.543 -0.593 -0.644 
-0.697 -0.751 -0.806 -0.862 -0.917 -0.972 -1.026 -1.078 -1.128 -1.176 
-1.236 
-1.370 -1.397 -1.419 -1.438 -1.455 -1.471 -1.484 -1.495 -1.504 -1.512 
-1.517 -1.521 -1.523 -1.523 -1.521 -1.518 -1.513 -1.506 -1.498 -1.488 
-1.476 -1.463 -1.448 -1.431 -1.413 -1.393 -1.371 -1.347 -1.322 -1.294 
-1.265 -1.234 -1.201 -1.167 -1.132 -1.096 -1.061 -1.026 -0.992 -0.961 
-0.931 -0.902 -0.874 -0.846 -0.817 -0.786 -0.752 -0.715 -0.673 -0.626 
-0.573 -0.514 -0.447 -0.371 -0.285 -0.186 -0.071 0.061 0.214 0.385 
0.559 0.720 0.857 0.747 0.527 0.324 0.144 -0.012 -0.147 -0.263 
-0.366 -0.456 -0.537 -0.609 -0.676 -0.738 -0.796 -0.851 -0.903 -0.954 
-1.003 -1.049 -1.094 -1.137 -1.178 -1.216 -1.253 -1.286 -1.318 -1.346 
-1.364 
-1.579 -1.592 -1.604 -1.614 -1.622 -1.628 -1.631 -1.633 -1.632 -1.628 
-1.623 -1.615 -1.605 -1.593 -1.579 -1.562 -1.543 -1.522 -1.498 -1.471 
-1.442 -1.411 -1.377 -1.340 -1.300 -1.258 -1.212 -1.164 -1.114 -1.061 
-1.005 -0.948 -0.889 -0.830 -0.771 -0.713 -0.659 -0.609 -0.565 -0.530 
-0.503 -0.486 -0.476 -0.471 -0.468 -0.466 -0.462 -0.455 -0.445 -0.429 
-0.407 -0.377 -0.339 -0.291 -0.231 -0.157 -0.065 0.050 0.196 0.387 
0.647 0.971 1.197 1.098 0.815 0.456 0.168 -0.054 -0.235 -0.387 
-0.519 -0.634 -0.736 -0.828 -0.911 -0.986 -1.055 -1.118 -1.176 -1.228 
-1.277 -1.321 -1.362 -1.399 -1.433 -1.464 -1.492 -1.517 -1.540 -1.559 
-1.574 
-1.777 -1.817 -1.831 -1.841 -1.849 -1.855 -1.858 -1.859 -1.857 -1.853 
-1.847 -1.838 -1.826 -1.812 -1.796 -1.777 -1.755 -1.730 -1.703 -1.673 
-1.640 -1.604 -1.565 -1.523 -1.477 -1.427 -1.374 -1.317 -1.256 -1.191 
-1.122 -1.048 -0.971 -0.891 -0.809 -0.726 -0.646 -0.573 -0.511 -0.466 
-0.440 -0.433 -0.442 -0.462 -0.487 -0.513 -0.538 -0.558 -0.572 -0.579 
-0.579 -0.570 -0.552 -0.525 -0.486 -0.434 -0.366 -0.280 -0.169 -0.024 
0.172 0.446 0.772 0.899 0.939 0.688 0.307 -0.005 -0.247 -0.441 
-0.602 -0.741 -0.862 -0.969 -1.064 -1.150 -1.228 -1.298 -1.363 -1.421 
-1.475 -1.524 -1.569 -1.609 -1.646 -1.680 -1.710 -1.738 -1.762 -1.783 
-1.773 
-1.638 -1.651 -1.666 -1.677 -1.687 -1.693 -1.698 -1.700 -1.699 -1.696 
-1.691 -1.683 -1.673 -1.661 -1.646 -1.628 -1.608 -1.586 -1.560 -1.532 
-1.501 -1.468 -1.431 -1.391 -1.348 -1.301 -1.251 -1.198 -1.141 -1.080 
-1.017 -0.950 -0.880 -0.809 -0.738 -0.668 -0.602 -0.544 -0.495 -0.460 
-0.438 -0.430 -0.432 -0.441 -0.454 -0.467 -0.479 -0.487 -0.491 -0.490 
-0.482 -0.467 -0.445 -0.414 -0.374 -0.323 -0.259 -0.180 -0.084 0.034 
0.177 0.351 0.577 0.867 1.058 0.919 0.588 0.245 -0.019 -0.227 
-0.398 -0.542 -0.667 -0.778 -0.876 -0.964 -1.044 -1.116 -1.182 -1.242 
-1.297 -1.347 -1.393 -1.435 -1.473 -1.508 -1.539 -1.567 -1.592 -1.615 
-1.632 
-1.530 -1.531 -1.546 -1.559 -1.570 -1.578 -1.585 -1.589 -1.591 -1.591 
-1.588 -1.584 -1.577 -1.569 -1.558 -1.545 -1.530 -1.512 -1.493 -1.471 
-1.447 -1.421 -1.392 -1.361 -1.328 -1.292 -1.254 -1.213 -1.169 -1.123 
-1.074 -1.022 -0.968 -0.912 -0.854 -0.795 -0.737 -0.680 -0.626 -0.578 
-0.538 -0.506 -0.481 -0.460 -0.442 -0.424 -0.405 -0.384 -0.360 -0.334 
-0.303 -0.268 -0.226 -0.178 -0.122 -0.055 0.022 0.114 0.219 0.338 
0.461 0.567 0.634 0.673 0.710 0.538 0.272 0.056 -0.121 -0.271 
-0.402 -0.519 -0.623 -0.717 -0.802 -0.880 -0.952 -1.017 -1.078 -1.133 
-1.185 -1.232 -1.276 -1.316 -1.353 -1.387 -1.417 -1.445 -1.471 -1.493 
-1.522 
-1.604 -1.630 -1.644 -1.656 -1.666 -1.673 -1.678 -1.680 -1.680 -1.678 
-1.673 -1.666 -1.656 -1.645 -1.630 -1.614 -1.594 -1.573 -1.548 -1.521 
-1.491 -1.459 -1.423 -1.385 -1.343 -1.298 -1.250 -1.198 -1.143 -1.084 
-1.021 -0.954 -0.883 -0.809 -0.731 -0.651 -0.572 -0.495 -0.425 -0.367 
-0.325 -0.302 -0.295 -0.302 -0.318 -0.338 -0.358 -0.375 -0.387 -0.393 
-0.392 -0.384 -0.366 -0.340 -0.304 -0.256 -0.196 -0.120 -0.026 0.088 
0.225 0.387 0.566 0.728 0.786 0.666 0.423 0.166 -0.055 -0.241 
-0.399 -0.536 -0.657 -0.764 -0.859 -0.946 -1.024 -1.095 -1.161 -1.220 
-1.275 -1.325 -1.370 -1.412 -1.450 -1.485 -1.517 -1.545 -1.570 -1.593 
-1.598 
-1.604 -1.606 -1.620 -1.631 -1.640 -1.646 -1.650 -1.652 -1.651 -1.648 
-1.643 -1.635 -1.625 -1.613 -1.598 -1.582 -1.562 -1.541 -1.517 -1.491 
-1.463 -1.432 -1.399 -1.364 -1.327 -1.288 -1.247 -1.205 -1.161 -1.116 
-1.070 -1.024 -0.978 -0.932 -0.886 -0.842 -0.798 -0.757 -0.718 -0.683 
-0.655 -0.634 -0.620 -0.612 -0.609 -0.609 -0.611 -0.612 -0.613 -0.610 
-0.603 -0.590 -0.571 -0.545 -0.510 -0.465 -0.409 -0.340 -0.255 -0.151 
-0.022 0.139 0.338 0.561 0.721 0.712 0.535 0.287 0.050 -0.154 
-0.327 -0.475 -0.605 -0.719 -0.820 -0.911 -0.992 -1.066 -1.134 -1.195 
-1.251 -1.302 -1.348 -1.390 -1.429 -1.463 -1.495 -1.523 -1.548 -1.570 
-1.598 
-1.718 -1.750 -1.769 -1.785 -1.798 -1.809 -1.818 -1.824 -1.828 -1.830 
-1.829 -1.826 -1.820 -1.812 -1.802 -1.790 -1.775 -1.758 -1.739 -1.717 
-1.693 -1.666 -1.637 -1.605 -1.571 -1.535 -1.495 -1.454 -1.410 -1.364 
-1.315 -1.265 -1.212 -1.157 -1.099 -1.040 -0.978 -0.914 -0.848 -0.780 
-0.713 -0.648 -0.588 -0.537 -0.498 -0.472 -0.459 -0.457 -0.461 -0.470 
-0.478 -0.485 -0.486 -0.482 -0.470 -0.449 -0.419 -0.379 -0.326 -0.260 
-0.178 -0.078 0.043 0.182 0.317 0.358 0.274 0.134 -0.031 -0.201 
-0.362 -0.509 -0.642 -0.761 -0.868 -0.965 -1.053 -1.134 -1.208 -1.275 
-1.337 -1.394 -1.446 -1.493 -1.537 -1.577 -1.614 -1.647 -1.677 -1.704 
-1.710 
-1.681 -1.696 -1.713 -1.728 -1.740 -1.749 -1.756 -1.761 -1.764 -1.764 
-1.762 -1.758 -1.752 -1.743 -1.732 -1.719 -1.704 -1.687 -1.667 -1.646 
-1.622 -1.595 -1.567 -1.537 -1.504 -1.470 -1.434 -1.396 -1.356 -1.315 
-1.273 -1.230 -1.186 -1.143 -1.100 -1.057 -1.016 -0.976 -0.937 -0.900 
-0.864 -0.829 -0.797 -0.768 -0.744 -0.724 -0.709 -0.699 -0.692 -0.685 
-0.678 -0.669 -0.657 -0.640 -0.619 -0.591 -0.557 -0.515 -0.466 -0.410 
-0.348 -0.281 -0.213 -0.151 -0.104 -0.087 -0.117 -0.191 -0.289 -0.395 
-0.502 -0.607 -0.708 -0.804 -0.895 -0.979 -1.057 -1.129 -1.196 -1.257 
-1.314 -1.367 -1.415 -1.459 -1.500 -1.537 -1.571 -1.602 -1.630 -1.655 
-1.675 
-1.653 -1.664 -1.689 -1.711 -1.730 -1.747 -1.762 -1.774 -1.784 -1.791 
-1.796 -1.799 -1.799 -1.797 -1.793 -1.787 -1.778 -1.767 -1.754 -1.739 
-1.721 -1.701 -1.678 -1.653 -1.626 -1.596 -1.564 -1.529 -1.492 -1.452 
-1.410 -1.366 -1.319 -1.270 -1.219 -1.166 -1.111 -1.055 -0.998 -0.940 
-0.883 -0.828 -0.774 -0.725 -0.681 -0.643 -0.613 -0.589 -0.573 -0.562 
-0.556 -0.553 -0.551 -0.549 -0.544 -0.536 -0.524 -0.507 -0.485 -0.457 
-0.423 -0.384 -0.341 -0.297 -0.258 -0.226 -0.207 -0.205 -0.223 -0.264 
-0.327 -0.407 -0.498 -0.594 -0.691 -0.784 -0.873 -0.957 -1.036 -1.110 
-1.178 -1.242 -1.301 -1.356 -1.406 -1.453 -1.496 -1.536 -1.573 -1.606 
-1.642 
-1.772 -1.808 -1.835 -1.858 -1.879 -1.897 -1.913 -1.925 -1.936 -1.944 
-1.949 -1.952 -1.952 -1.950 -1.946 -1.939 -1.930 -1.918 -1.904 -1.887 
-1.868 -1.846 -1.822 -1.794 -1.764 -1.732 -1.696 -1.657 -1.615 -1.570 
-1.522 -1.470 -1.416 -1.358 -1.298 -1.235 -1.171 -1.106 -1.042 -0.980 
-0.924 -0.875 -0.835 -0.805 -0.786 -0.777 -0.777 -0.782 -0.791 -0.803 
-0.815 -0.826 -0.836 -0.842 -0.845 -0.843 -0.836 -0.824 -0.805 -0.780 
-0.749 -0.710 -0.665 -0.614 -0.557 -0.497 -0.439 -0.388 -0.351 -0.334 
-0.339 -0.371 -0.441 -0.549 -0.672 -0.793 -0.906 -1.010 -1.105 -1.192 
-1.271 -1.344 -1.410 -1.472 -1.528 -1.579 -1.627 -1.670 -1.710 -1.746 
-1.762 
-1.755 -1.787 -1.816 -1.841 -1.863 -1.883 -1.900 -1.914 -1.925 -1.934 
-1.940 -1.944 -1.945 -1.944 -1.940 -1.934 -1.926 -1.915 -1.902 -1.887 
-1.868 -1.848 -1.825 -1.799 -1.770 -1.739 -1.705 -1.668 -1.628 -1.584 
-1.538 -1.488 -1.434 -1.378 -1.319 -1.257 -1.193 -1.129 -1.066 -1.007 
-0.955 -0.913 -0.884 -0.867 -0.864 -0.872 -0.888 -0.909 -0.932 -0.955 
-0.975 -0.992 -1.005 -1.012 -1.014 -1.010 -0.999 -0.982 -0.957 -0.925 
-0.884 -0.834 -0.775 -0.707 -0.631 -0.552 -0.475 -0.403 -0.330 -0.248 
-0.166 -0.120 -0.149 -0.255 -0.406 -0.567 -0.718 -0.855 -0.976 -1.084 
-1.180 -1.266 -1.344 -1.415 -1.478 -1.536 -1.589 -1.637 -1.680 -1.720 
-1.744 
-1.654 -1.667 -1.690 -1.710 -1.728 -1.743 -1.756 -1.767 -1.776 -1.783 
-1.788 -1.790 -1.791 -1.790 -1.787 -1.782 -1.776 -1.768 -1.758 -1.746 
-1.733 -1.718 -1.702 -1.685 -1.666 -1.645 -1.624 -1.601 -1.577 -1.552 
-1.526 -1.498 -1.470 -1.441 -1.411 -1.379 -1.347 -1.315 -1.281 -1.249 
-1.217 -1.188 -1.162 -1.140 -1.121 -1.105 -1.089 -1.073 -1.057 -1.038 
-1.018 -0.996 -0.972 -0.944 -0.914 -0.879 -0.839 -0.794 -0.742 -0.682 
-0.615 -0.539 -0.456 -0.367 -0.279 -0.203 -0.154 -0.147 -0.180 -0.240 
-0.304 -0.368 -0.449 -0.555 -0.670 -0.780 -0.880 -0.971 -1.054 -1.130 
-1.199 -1.263 -1.321 -1.374 -1.424 -1.469 -1.510 -1.547 -1.582 -1.613 
-1.646 
-1.690 -1.715 -1.746 -1.773 -1.798 -1.820 -1.839 -1.857 -1.871 -1.884 
-1.894 -1.903 -1.909 -1.913 -1.916 -1.916 -1.915 -1.912 -1.907 -1.900 
-1.892 -1.882 -1.871 -1.858 -1.843 -1.827 -1.809 -1.789 -1.768 -1.745 
-1.720 -1.694 -1.666 -1.635 -1.603 -1.569 -1.533 -1.496 -1.456 -1.414 
-1.371 -1.327 -1.281 -1.235 -1.189 -1.143 -1.099 -1.058 -1.019 -0.985 
-0.954 -0.928 -0.905 -0.885 -0.867 -0.850 -0.832 -0.812 -0.789 -0.761 
-0.727 -0.686 -0.637 -0.584 -0.532 -0.490 -0.465 -0.461 -0.476 -0.501 
-0.531 -0.567 -0.609 -0.661 -0.722 -0.791 -0.865 -0.941 -1.017 -1.092 
-1.164 -1.232 -1.297 -1.358 -1.415 -1.469 -1.518 -1.564 -1.607 -1.646 
-1.677 
-1.807 -1.816 -1.831 -1.843 -1.854 -1.863 -1.870 -1.875 -1.878 -1.880 
-1.881 -1.880 -1.878 -1.875 -1.871 -1.866 -1.860 -1.854 -1.847 -1.839 
-1.831 -1.822 -1.813 -1.803 -1.793 -1.781 -1.770 -1.757 -1.742 -1.727 
-1.709 -1.690 -1.668 -1.644 -1.618 -1.591 -1.565 -1.539 -1.517 -1.498 
-1.483 -1.469 -1.457 -1.444 -1.429 -1.411 -1.390 -1.368 -1.343 -1.316 
-1.287 -1.256 -1.223 -1.187 -1.147 -1.102 -1.051 -0.992 -0.925 -0.847 
-0.760 -0.664 -0.564 -0.470 -0.394 -0.353 -0.356 -0.416 -0.519 -0.631 
-0.735 -0.828 -0.913 -0.992 -1.068 -1.142 -1.213 -1.280 -1.344 -1.403 
-1.458 -1.509 -1.555 -1.597 -1.636 -1.671 -1.702 -1.731 -1.756 -1.778 
-1.802 
-2.046 -2.088 -2.102 -2.115 -2.125 -2.132 -2.138 -2.141 -2.143 -2.142 
-2.139 -2.135 -2.128 -2.119 -2.109 -2.096 -2.082 -2.065 -2.046 -2.025 
-2.002 -1.976 -1.947 -1.916 -1.882 -1.844 -1.803 -1.759 -1.710 -1.659 
-1.603 -1.545 -1.484 -1.422 -1.361 -1.303 -1.251 -1.208 -1.177 -1.159 
-1.153 -1.158 -1.172 -1.190 -1.209 -1.228 -1.245 -1.257 -1.265 -1.267 
-1.263 -1.253 -1.235 -1.211 -1.178 -1.139 -1.091 -1.035 -0.972 -0.901 
-0.824 -0.739 -0.642 -0.529 -0.403 -0.284 -0.218 -0.254 -0.387 -0.565 
-0.745 -0.906 -1.048 -1.171 -1.280 -1.376 -1.462 -1.540 -1.609 -1.672 
-1.729 -1.780 -1.827 -1.870 -1.909 -1.943 -1.975 -2.003 -2.029 -2.051 
-2.040 
-2.001 -2.009 -2.023 -2.035 -2.045 -2.054 -2.061 -2.067 -2.071 -2.073 
-2.075 -2.074 -2.073 -2.070 -2.066 -2.060 -2.053 -2.045 -2.036 -2.025 
-2.013 -2.000 -1.985 -1.969 -1.952 -1.933 -1.912 -1.890 -1.866 -1.840 
-1.811 -1.781 -1.749 -1.715 -1.679 -1.644 -1.609 -1.577 -1.549 -1.525 
-1.505 -1.489 -1.473 -1.457 -1.439 -1.418 -1.394 -1.366 -1.334 -1.297 
-1.257 -1.212 -1.162 -1.107 -1.048 -0.983 -0.916 -0.847 -0.780 -0.722 
-0.678 -0.655 -0.654 -0.669 -0.685 -0.688 -0.694 -0.753 -0.869 -0.995 
-1.108 -1.206 -1.290 -1.364 -1.430 -1.491 -1.546 -1.596 -1.643 -1.686 
-1.727 -1.764 -1.798 -1.830 -1.860 -1.888 -1.913 -1.936 -1.957 -1.976 
-1.996 
-1.949 -1.967 -1.987 -2.005 -2.022 -2.037 -2.050 -2.062 -2.072 -2.080 
-2.087 -2.092 -2.096 -2.098 -2.098 -2.097 -2.095 -2.091 -2.085 -2.078 
-2.069 -2.059 -2.048 -2.035 -2.020 -2.004 -1.987 -1.968 -1.948 -1.926 
-1.904 -1.879 -1.854 -1.827 -1.799 -1.771 -1.741 -1.710 -1.678 -1.646 
-1.613 -1.580 -1.547 -1.514 -1.481 -1.449 -1.417 -1.386 -1.356 -1.327 
-1.299 -1.272 -1.245 -1.218 -1.191 -1.164 -1.136 -1.107 -1.078 -1.051 
-1.031 -1.019 -1.020 -1.032 -1.051 -1.075 -1.102 -1.131 -1.163 -1.197 
-1.235 -1.274 -1.314 -1.356 -1.398 -1.440 -1.482 -1.523 -1.563 -1.603 
-1.641 -1.678 -1.714 -1.749 -1.781 -1.813 -1.843 -1.871 -1.897 -1.922 
-1.942 
-1.961 -1.972 -1.996 -2.018 -2.039 -2.057 -2.072 -2.086 -2.098 -2.109 
-2.117 -2.123 -2.127 -2.130 -2.130 -2.129 -2.126 -2.121 -2.115 -2.106 
-2.096 -2.084 -2.070 -2.055 -2.037 -2.018 -1.997 -1.974 -1.949 -1.923 
-1.895 -1.865 -1.833 -1.800 -1.765 -1.728 -1.690 -1.651 -1.610 -1.569 
-1.527 -1.485 -1.444 -1.404 -1.366 -1.330 -1.298 -1.267 -1.239 -1.212 
-1.187 -1.162 -1.138 -1.114 -1.089 -1.064 -1.039 -1.014 -0.988 -0.961 
-0.935 -0.910 -0.886 -0.866 -0.851 -0.841 -0.840 -0.847 -0.865 -0.892 
-0.931 -0.981 -1.040 -1.105 -1.172 -1.239 -1.305 -1.368 -1.430 -1.488 
-1.543 -1.596 -1.645 -1.692 -1.736 -1.777 -1.816 -1.852 -1.885 -1.916 
-1.951 
-2.080 -2.132 -2.159 -2.184 -2.207 -2.227 -2.245 -2.260 -2.274 -2.285 
-2.293 -2.300 -2.304 -2.306 -2.306 -2.304 -2.300 -2.293 -2.284 -2.273 
-2.260 -2.244 -2.226 -2.205 -2.183 -2.157 -2.129 -2.099 -2.065 -2.029 
-1.991 -1.949 -1.904 -1.857 -1.807 -1.753 -1.698 -1.639 -1.580 -1.519 
-1.459 -1.401 -1.346 -1.297 -1.256 -1.224 -1.202 -1.188 -1.182 -1.182 
-1.186 -1.193 -1.199 -1.204 -1.208 -1.208 -1.205 -1.197 -1.186 -1.170 
-1.149 -1.123 -1.094 -1.060 -1.022 -0.983 -0.943 -0.906 -0.878 -0.868 
-0.880 -0.919 -0.981 -1.060 -1.147 -1.237 -1.325 -1.409 -1.488 -1.562 
-1.630 -1.694 -1.753 -1.809 -1.860 -1.908 -1.953 -1.994 -2.033 -2.069 
-2.071 
-1.988 -1.989 -2.015 -2.039 -2.061 -2.082 -2.101 -2.117 -2.132 -2.145 
-2.156 -2.164 -2.171 -2.176 -2.179 -2.180 -2.178 -2.175 -2.169 -2.162 
-2.152 -2.140 -2.126 -2.109 -2.090 -2.069 -2.045 -2.019 -1.990 -1.959 
-1.926 -1.889 -1.850 -1.809 -1.765 -1.719 -1.671 -1.622 -1.571 -1.521 
-1.470 -1.422 -1.376 -1.332 -1.294 -1.260 -1.232 -1.211 -1.196 -1.189 
-1.189 -1.194 -1.204 -1.218 -1.233 -1.249 -1.265 -1.281 -1.294 -1.305 
-1.313 -1.318 -1.320 -1.319 -1.313 -1.305 -1.294 -1.283 -1.273 -1.270 
-1.278 -1.299 -1.330 -1.366 -1.404 -1.442 -1.479 -1.516 -1.552 -1.588 
-1.624 -1.661 -1.697 -1.733 -1.768 -1.803 -1.837 -1.870 -1.902 -1.933 
-1.977 
-2.137 -2.171 -2.193 -2.212 -2.229 -2.244 -2.257 -2.267 -2.275 -2.281 
-2.285 -2.286 -2.286 -2.282 -2.277 -2.269 -2.259 -2.247 -2.232 -2.214 
-2.195 -2.172 -2.147 -2.120 -2.089 -2.056 -2.021 -1.982 -1.941 -1.897 
-1.851 -1.802 -1.752 -1.700 -1.647 -1.595 -1.543 -1.494 -1.449 -1.409 
-1.375 -1.349 -1.331 -1.320 -1.317 -1.320 -1.327 -1.337 -1.350 -1.363 
-1.377 -1.391 -1.405 -1.417 -1.427 -1.434 -1.439 -1.441 -1.440 -1.434 
-1.426 -1.413 -1.397 -1.378 -1.356 -1.332 -1.308 -1.290 -1.284 -1.294 
-1.321 -1.360 -1.406 -1.454 -1.504 -1.553 -1.602 -1.651 -1.699 -1.746 
-1.791 -1.835 -1.878 -1.919 -1.958 -1.994 -2.029 -2.062 -2.093 -2.121 
-2.130 
-2.214 -2.235 -2.256 -2.273 -2.288 -2.300 -2.310 -2.316 -2.321 -2.322 
-2.321 -2.318 -2.312 -2.303 -2.292 -2.279 -2.263 -2.244 -2.222 -2.198 
-2.171 -2.142 -2.109 -2.074 -2.036 -1.996 -1.953 -1.907 -1.860 -1.810 
-1.760 -1.709 -1.659 -1.611 -1.567 -1.527 -1.492 -1.464 -1.444 -1.430 
-1.424 -1.425 -1.431 -1.442 -1.456 -1.472 -1.489 -1.504 -1.519 -1.531 
-1.539 -1.545 -1.546 -1.543 -1.535 -1.522 -1.504 -1.480 -1.450 -1.414 
-1.371 -1.321 -1.265 -1.201 -1.133 -1.063 -0.999 -0.949 -0.924 -0.932 
-0.970 -1.031 -1.105 -1.189 -1.279 -1.373 -1.465 -1.552 -1.634 -1.709 
-1.778 -1.842 -1.900 -1.953 -2.001 -2.046 -2.086 -2.123 -2.156 -2.185 
-2.206 
-2.245 -2.256 -2.281 -2.302 -2.319 -2.334 -2.345 -2.353 -2.359 -2.361 
-2.361 -2.358 -2.352 -2.343 -2.331 -2.316 -2.298 -2.278 -2.254 -2.228 
-2.198 -2.165 -2.129 -2.091 -2.049 -2.004 -1.958 -1.909 -1.858 -1.808 
-1.758 -1.711 -1.668 -1.632 -1.604 -1.584 -1.573 -1.570 -1.574 -1.583 
-1.595 -1.611 -1.629 -1.650 -1.674 -1.700 -1.725 -1.749 -1.770 -1.788 
-1.802 -1.812 -1.818 -1.819 -1.815 -1.807 -1.793 -1.774 -1.749 -1.719 
-1.682 -1.638 -1.588 -1.531 -1.467 -1.397 -1.324 -1.250 -1.181 -1.120 
-1.068 -1.033 -1.023 -1.049 -1.112 -1.201 -1.303 -1.409 -1.511 -1.606 
-1.694 -1.774 -1.847 -1.913 -1.974 -2.028 -2.077 -2.122 -2.161 -2.197 
-2.234 
-2.397 -2.447 -2.475 -2.500 -2.522 -2.541 -2.557 -2.570 -2.580 -2.588 
-2.593 -2.595 -2.595 -2.591 -2.586 -2.577 -2.566 -2.552 -2.535 -2.515 
-2.493 -2.467 -2.439 -2.407 -2.372 -2.334 -2.293 -2.249 -2.203 -2.153 
-2.101 -2.048 -1.994 -1.938 -1.883 -1.826 -1.769 -1.712 -1.656 -1.602 
-1.556 -1.519 -1.496 -1.489 -1.495 -1.512 -1.538 -1.567 -1.598 -1.629 
-1.657 -1.682 -1.703 -1.719 -1.730 -1.736 -1.736 -1.731 -1.719 -1.702 
-1.678 -1.647 -1.609 -1.564 -1.511 -1.451 -1.385 -1.315 -1.246 -1.186 
-1.146 -1.135 -1.158 -1.214 -1.296 -1.392 -1.493 -1.594 -1.691 -1.782 
-1.866 -1.944 -2.017 -2.083 -2.144 -2.200 -2.252 -2.299 -2.341 -2.380 
-2.388 
-2.339 -2.354 -2.384 -2.411 -2.435 -2.456 -2.474 -2.490 -2.502 -2.513 
-2.520 -2.525 -2.528 -2.528 -2.525 -2.521 -2.514 -2.504 -2.492 -2.478 
-2.461 -2.442 -2.421 -2.397 -2.371 -2.343 -2.312 -2.279 -2.244 -2.207 
-2.168 -2.126 -2.083 -2.037 -1.988 -1.938 -1.886 -1.832 -1.778 -1.725 
-1.675 -1.631 -1.593 -1.564 -1.544 -1.533 -1.531 -1.535 -1.544 -1.557 
-1.572 -1.586 -1.598 -1.608 -1.614 -1.616 -1.613 -1.604 -1.589 -1.567 
-1.539 -1.506 -1.469 -1.431 -1.397 -1.370 -1.350 -1.331 -1.311 -1.289 
-1.271 -1.265 -1.274 -1.301 -1.345 -1.404 -1.472 -1.548 -1.626 -1.704 
-1.779 -1.852 -1.921 -1.985 -2.045 -2.101 -2.153 -2.201 -2.244 -2.285 
-2.325 
-2.348 -2.370 -2.386 -2.400 -2.411 -2.419 -2.426 -2.429 -2.431 -2.430 
-2.427 -2.421 -2.414 -2.404 -2.392 -2.379 -2.363 -2.345 -2.325 -2.304 
-2.281 -2.256 -2.229 -2.202 -2.173 -2.144 -2.113 -2.083 -2.052 -2.022 
-1.992 -1.964 -1.936 -1.909 -1.884 -1.860 -1.838 -1.816 -1.795 -1.775 
-1.756 -1.737 -1.720 -1.705 -1.692 -1.680 -1.671 -1.663 -1.655 -1.646 
-1.636 -1.622 -1.605 -1.583 -1.556 -1.524 -1.485 -1.439 -1.387 -1.329 
-1.266 -1.201 -1.139 -1.088 -1.057 -1.053 -1.079 -1.130 -1.195 -1.265 
-1.335 -1.402 -1.467 -1.531 -1.597 -1.664 -1.731 -1.798 -1.862 -1.924 
-1.981 -2.035 -2.085 -2.130 -2.172 -2.210 -2.245 -2.276 -2.304 -2.329 
-2.344 
-2.363 -2.376 -2.400 -2.422 -2.441 -2.457 -2.471 -2.482 -2.491 -2.498 
-2.502 -2.504 -2.504 -2.501 -2.497 -2.489 -2.480 -2.469 -2.455 -2.439 
-2.421 -2.400 -2.378 -2.353 -2.326 -2.298 -2.267 -2.234 -2.199 -2.162 
-2.124 -2.084 -2.043 -2.000 -1.956 -1.911 -1.865 -1.819 -1.775 -1.731 
-1.690 -1.653 -1.621 -1.595 -1.574 -1.560 -1.552 -1.548 -1.548 -1.550 
-1.553 -1.557 -1.559 -1.558 -1.556 -1.549 -1.538 -1.523 -1.503 -1.478 
-1.449 -1.415 -1.378 -1.342 -1.311 -1.289 -1.277 -1.274 -1.278 -1.290 
-1.312 -1.345 -1.390 -1.445 -1.507 -1.574 -1.643 -1.713 -1.780 -1.846 
-1.908 -1.968 -2.024 -2.076 -2.125 -2.170 -2.212 -2.251 -2.287 -2.320 
-2.352 
-2.501 -2.527 -2.552 -2.575 -2.595 -2.613 -2.628 -2.640 -2.650 -2.658 
-2.663 -2.666 -2.667 -2.665 -2.661 -2.655 -2.647 -2.636 -2.623 -2.607 
-2.589 -2.568 -2.546 -2.520 -2.492 -2.462 -2.429 -2.393 -2.355 -2.314 
-2.271 -2.225 -2.177 -2.127 -2.075 -2.022 -1.969 -1.915 -1.864 -1.816 
-1.772 -1.734 -1.704 -1.683 -1.669 -1.662 -1.662 -1.666 -1.673 -1.682 
-1.692 -1.700 -1.707 -1.712 -1.714 -1.712 -1.706 -1.697 -1.683 -1.665 
-1.642 -1.615 -1.584 -1.551 -1.515 -1.480 -1.448 -1.423 -1.408 -1.407 
-1.421 -1.451 -1.496 -1.553 -1.618 -1.689 -1.762 -1.834 -1.906 -1.974 
-2.039 -2.101 -2.159 -2.214 -2.265 -2.312 -2.355 -2.396 -2.433 -2.467 
-2.491 
-2.660 -2.691 -2.713 -2.732 -2.749 -2.763 -2.775 -2.785 -2.792 -2.797 
-2.799 -2.799 -2.797 -2.793 -2.786 -2.777 -2.766 -2.752 -2.735 -2.717 
-2.695 -2.671 -2.645 -2.616 -2.583 -2.548 -2.510 -2.469 -2.424 -2.377 
-2.326 -2.271 -2.214 -2.153 -2.089 -2.024 -1.957 -1.890 -1.826 -1.766 
-1.714 -1.673 -1.644 -1.627 -1.623 -1.628 -1.640 -1.655 -1.672 -1.689 
-1.704 -1.716 -1.725 -1.731 -1.732 -1.730 -1.723 -1.712 -1.696 -1.674 
-1.648 -1.617 -1.581 -1.543 -1.504 -1.469 -1.442 -1.431 -1.438 -1.468 
-1.516 -1.581 -1.655 -1.735 -1.817 -1.898 -1.976 -2.051 -2.122 -2.188 
-2.250 -2.308 -2.362 -2.412 -2.458 -2.501 -2.540 -2.576 -2.609 -2.639 
-2.652 
-2.674 -2.690 -2.709 -2.727 -2.742 -2.755 -2.767 -2.777 -2.785 -2.791 
-2.796 -2.798 -2.799 -2.798 -2.795 -2.791 -2.784 -2.776 -2.766 -2.754 
-2.740 -2.724 -2.706 -2.686 -2.665 -2.641 -2.615 -2.586 -2.556 -2.523 
-2.488 -2.451 -2.411 -2.369 -2.325 -2.278 -2.230 -2.181 -2.131 -2.082 
-2.035 -1.991 -1.952 -1.917 -1.887 -1.861 -1.837 -1.815 -1.796 -1.778 
-1.763 -1.751 -1.741 -1.734 -1.730 -1.728 -1.728 -1.729 -1.732 -1.736 
-1.739 -1.743 -1.745 -1.747 -1.749 -1.750 -1.754 -1.764 -1.782 -1.810 
-1.848 -1.894 -1.944 -1.997 -2.051 -2.105 -2.158 -2.208 -2.257 -2.304 
-2.348 -2.390 -2.429 -2.467 -2.502 -2.535 -2.566 -2.595 -2.622 -2.646 
-2.667 
-2.607 -2.643 -2.669 -2.691 -2.712 -2.730 -2.747 -2.761 -2.773 -2.783 
-2.791 -2.797 -2.800 -2.802 -2.802 -2.800 -2.796 -2.790 -2.782 -2.772 
-2.761 -2.747 -2.731 -2.713 -2.693 -2.670 -2.646 -2.620 -2.592 -2.561 
-2.529 -2.494 -2.457 -2.419 -2.379 -2.337 -2.293 -2.249 -2.204 -2.158 
-2.113 -2.069 -2.027 -1.987 -1.951 -1.918 -1.890 -1.867 -1.848 -1.833 
-1.821 -1.813 -1.806 -1.801 -1.796 -1.792 -1.787 -1.781 -1.774 -1.766 
-1.755 -1.743 -1.728 -1.713 -1.696 -1.680 -1.666 -1.656 -1.652 -1.658 
-1.674 -1.702 -1.740 -1.788 -1.842 -1.901 -1.962 -2.023 -2.084 -2.142 
-2.199 -2.253 -2.304 -2.353 -2.398 -2.441 -2.481 -2.519 -2.554 -2.586 
-2.598 
-2.420 -2.433 -2.455 -2.475 -2.494 -2.512 -2.528 -2.543 -2.556 -2.567 
-2.577 -2.585 -2.591 -2.596 -2.599 -2.600 -2.600 -2.598 -2.594 -2.588 
-2.581 -2.572 -2.561 -2.549 -2.535 -2.519 -2.501 -2.482 -2.461 -2.439 
-2.415 -2.389 -2.362 -2.333 -2.303 -2.272 -2.240 -2.207 -2.173 -2.139 
-2.105 -2.071 -2.037 -2.004 -1.972 -1.941 -1.912 -1.884 -1.857 -1.832 
-1.806 -1.781 -1.755 -1.728 -1.701 -1.677 -1.659 -1.650 -1.652 -1.661 
-1.673 -1.685 -1.697 -1.707 -1.715 -1.724 -1.732 -1.742 -1.754 -1.769 
-1.788 -1.811 -1.838 -1.868 -1.900 -1.935 -1.970 -2.006 -2.042 -2.077 
-2.112 -2.147 -2.180 -2.213 -2.244 -2.275 -2.304 -2.332 -2.359 -2.385 
-2.412 
-2.376 -2.388 -2.412 -2.436 -2.460 -2.484 -2.507 -2.529 -2.550 -2.570 
-2.589 -2.607 -2.624 -2.639 -2.652 -2.664 -2.674 -2.683 -2.689 -2.694 
-2.698 -2.699 -2.698 -2.696 -2.691 -2.685 -2.676 -2.666 -2.653 -2.639 
-2.622 -2.603 -2.582 -2.559 -2.534 -2.507 -2.477 -2.445 -2.411 -2.375 
-2.337 -2.296 -2.253 -2.208 -2.160 -2.109 -2.055 -1.997 -1.935 -1.869 
-1.797 -1.721 -1.642 -1.561 -1.486 -1.423 -1.382 -1.368 -1.383 -1.422 
-1.475 -1.535 -1.596 -1.655 -1.709 -1.758 -1.802 -1.842 -1.878 -1.910 
-1.939 -1.966 -1.990 -2.013 -2.035 -2.055 -2.075 -2.094 -2.113 -2.132 
-2.151 -2.170 -2.189 -2.209 -2.229 -2.250 -2.272 -2.294 -2.317 -2.340 
-2.367 
-2.465 -2.496 -2.523 -2.550 -2.576 -2.601 -2.624 -2.646 -2.667 -2.686 
-2.703 -2.719 -2.733 -2.745 -2.755 -2.764 -2.770 -2.775 -2.778 -2.778 
-2.777 -2.774 -2.769 -2.762 -2.752 -2.741 -2.727 -2.712 -2.694 -2.674 
-2.652 -2.627 -2.601 -2.572 -2.541 -2.508 -2.472 -2.435 -2.396 -2.354 
-2.312 -2.268 -2.223 -2.177 -2.131 -2.085 -2.039 -1.994 -1.950 -1.909 
-1.873 -1.844 -1.823 -1.807 -1.796 -1.787 -1.785 -1.793 -1.814 -1.844 
-1.879 -1.914 -1.947 -1.976 -2.000 -2.021 -2.038 -2.052 -2.064 -2.073 
-2.081 -2.088 -2.094 -2.101 -2.109 -2.118 -2.129 -2.142 -2.158 -2.175 
-2.195 -2.217 -2.242 -2.267 -2.294 -2.322 -2.351 -2.380 -2.409 -2.439 
-2.455 
-2.527 -2.534 -2.558 -2.583 -2.607 -2.631 -2.654 -2.676 -2.698 -2.718 
-2.737 -2.754 -2.770 -2.785 -2.797 -2.808 -2.817 -2.824 -2.828 -2.831 
-2.832 -2.831 -2.827 -2.821 -2.813 -2.802 -2.789 -2.774 -2.756 -2.735 
-2.711 -2.684 -2.654 -2.621 -2.584 -2.544 -2.499 -2.450 -2.395 -2.336 
-2.271 -2.200 -2.126 -2.050 -1.977 -1.912 -1.853 -1.794 -1.734 -1.677 
-1.631 -1.604 -1.602 -1.625 -1.667 -1.723 -1.784 -1.846 -1.904 -1.959 
-2.008 -2.052 -2.090 -2.122 -2.149 -2.171 -2.188 -2.200 -2.206 -2.207 
-2.201 -2.190 -2.173 -2.155 -2.142 -2.142 -2.159 -2.190 -2.225 -2.258 
-2.288 -2.314 -2.337 -2.359 -2.379 -2.400 -2.420 -2.442 -2.464 -2.487 
-2.519 
-2.790 -2.847 -2.884 -2.918 -2.950 -2.979 -3.006 -3.030 -3.052 -3.071 
-3.088 -3.102 -3.114 -3.124 -3.131 -3.136 -3.138 -3.138 -3.135 -3.129 
-3.120 -3.109 -3.095 -3.078 -3.058 -3.035 -3.008 -2.978 -2.944 -2.907 
-2.865 -2.818 -2.767 -2.711 -2.648 -2.580 -2.504 -2.422 -2.331 -2.233 
-2.127 -2.018 -1.910 -1.814 -1.744 -1.711 -1.716 -1.750 -1.799 -1.849 
-1.893 -1.934 -1.975 -2.020 -2.068 -2.116 -2.161 -2.201 -2.234 -2.260 
-2.278 -2.289 -2.292 -2.286 -2.273 -2.252 -2.222 -2.183 -2.136 -2.079 
-2.013 -1.941 -1.868 -1.803 -1.758 -1.747 -1.776 -1.839 -1.926 -2.024 
-2.125 -2.222 -2.314 -2.398 -2.474 -2.544 -2.606 -2.663 -2.715 -2.763 
-2.777 
-2.901 -2.942 -2.988 -3.030 -3.069 -3.103 -3.135 -3.162 -3.187 -3.209 
-3.227 -3.243 -3.256 -3.266 -3.274 -3.279 -3.281 -3.280 -3.277 -3.272 
-3.263 -3.252 -3.238 -3.221 -3.202 -3.179 -3.153 -3.124 -3.092 -3.056 
-3.016 -2.972 -2.924 -2.871 -2.813 -2.750 -2.681 -2.605 -2.523 -2.433 
-2.337 -2.235 -2.131 -2.032 -1.948 -1.892 -1.871 -1.886 -1.929 -1.990 
-2.057 -2.124 -2.185 -2.239 -2.285 -2.324 -2.356 -2.381 -2.400 -2.413 
-2.421 -2.423 -2.420 -2.411 -2.398 -2.379 -2.355 -2.326 -2.292 -2.252 
-2.206 -2.155 -2.100 -2.044 -1.994 -1.959 -1.943 -1.952 -1.986 -2.043 
-2.120 -2.207 -2.299 -2.390 -2.478 -2.561 -2.638 -2.709 -2.775 -2.836 
-2.882 
-2.928 -2.952 -2.987 -3.018 -3.047 -3.073 -3.097 -3.118 -3.136 -3.153 
-3.167 -3.179 -3.188 -3.196 -3.201 -3.204 -3.205 -3.203 -3.200 -3.194 
-3.187 -3.177 -3.165 -3.150 -3.134 -3.115 -3.094 -3.071 -3.046 -3.018 
-2.988 -2.956 -2.921 -2.884 -2.845 -2.804 -2.761 -2.716 -2.670 -2.621 
-2.570 -2.518 -2.464 -2.409 -2.357 -2.312 -2.281 -2.264 -2.259 -2.260 
-2.261 -2.262 -2.261 -2.260 -2.258 -2.256 -2.252 -2.248 -2.243 -2.235 
-2.227 -2.216 -2.203 -2.188 -2.171 -2.152 -2.131 -2.109 -2.085 -2.062 
-2.039 -2.021 -2.015 -2.029 -2.059 -2.100 -2.144 -2.191 -2.244 -2.304 
-2.368 -2.435 -2.501 -2.564 -2.625 -2.682 -2.735 -2.785 -2.832 -2.875 
-2.915 
-3.058 -3.093 -3.126 -3.155 -3.181 -3.205 -3.225 -3.243 -3.258 -3.270 
-3.280 -3.287 -3.291 -3.294 -3.293 -3.291 -3.286 -3.278 -3.268 -3.256 
-3.241 -3.223 -3.203 -3.181 -3.156 -3.129 -3.099 -3.067 -3.032 -2.995 
-2.955 -2.913 -2.870 -2.825 -2.779 -2.732 -2.686 -2.641 -2.598 -2.558 
-2.521 -2.490 -2.464 -2.445 -2.433 -2.427 -2.429 -2.434 -2.443 -2.452 
-2.462 -2.470 -2.476 -2.480 -2.482 -2.481 -2.476 -2.468 -2.456 -2.439 
-2.418 -2.391 -2.359 -2.320 -2.274 -2.220 -2.158 -2.087 -2.008 -1.924 
-1.842 -1.777 -1.746 -1.762 -1.825 -1.920 -2.031 -2.145 -2.254 -2.357 
-2.452 -2.538 -2.618 -2.691 -2.758 -2.819 -2.876 -2.927 -2.975 -3.018 
-3.046 
-3.137 -3.177 -3.212 -3.244 -3.273 -3.298 -3.321 -3.341 -3.357 -3.372 
-3.383 -3.392 -3.398 -3.402 -3.403 -3.401 -3.397 -3.391 -3.382 -3.370 
-3.356 -3.339 -3.319 -3.297 -3.271 -3.243 -3.212 -3.178 -3.141 -3.100 
-3.056 -3.009 -2.959 -2.905 -2.847 -2.786 -2.722 -2.656 -2.588 -2.519 
-2.451 -2.388 -2.332 -2.287 -2.256 -2.241 -2.241 -2.253 -2.273 -2.299 
-2.328 -2.357 -2.384 -2.409 -2.430 -2.447 -2.459 -2.466 -2.467 -2.463 
-2.453 -2.436 -2.414 -2.385 -2.348 -2.305 -2.255 -2.198 -2.135 -2.068 
-2.002 -1.946 -1.912 -1.910 -1.944 -2.010 -2.097 -2.195 -2.297 -2.397 
-2.492 -2.582 -2.666 -2.743 -2.815 -2.881 -2.941 -2.997 -3.048 -3.095 
-3.124 
-3.065 -3.097 -3.129 -3.159 -3.185 -3.209 -3.230 -3.249 -3.265 -3.279 
-3.290 -3.299 -3.305 -3.310 -3.312 -3.311 -3.309 -3.304 -3.297 -3.288 
-3.277 -3.263 -3.248 -3.229 -3.209 -3.186 -3.161 -3.133 -3.103 -3.070 
-3.035 -2.997 -2.956 -2.912 -2.865 -2.815 -2.763 -2.707 -2.649 -2.589 
-2.528 -2.467 -2.407 -2.351 -2.301 -2.258 -2.223 -2.197 -2.181 -2.172 
-2.170 -2.173 -2.179 -2.185 -2.190 -2.192 -2.192 -2.187 -2.179 -2.168 
-2.153 -2.137 -2.120 -2.104 -2.089 -2.074 -2.059 -2.042 -2.023 -2.004 
-1.988 -1.979 -1.983 -2.005 -2.046 -2.104 -2.176 -2.255 -2.337 -2.419 
-2.497 -2.573 -2.644 -2.710 -2.773 -2.831 -2.884 -2.934 -2.980 -3.022 
-3.052 
-3.016 -3.015 -3.036 -3.055 -3.072 -3.087 -3.099 -3.110 -3.119 -3.125 
-3.130 -3.133 -3.134 -3.133 -3.131 -3.126 -3.120 -3.112 -3.102 -3.091 
-3.077 -3.062 -3.045 -3.026 -3.006 -2.983 -2.959 -2.932 -2.904 -2.874 
-2.841 -2.806 -2.767 -2.726 -2.682 -2.633 -2.582 -2.528 -2.477 -2.434 
-2.404 -2.383 -2.367 -2.349 -2.327 -2.302 -2.276 -2.248 -2.220 -2.192 
-2.164 -2.135 -2.105 -2.074 -2.042 -2.007 -1.972 -1.935 -1.898 -1.863 
-1.831 -1.804 -1.785 -1.777 -1.781 -1.797 -1.824 -1.859 -1.898 -1.938 
-1.981 -2.029 -2.088 -2.153 -2.222 -2.292 -2.361 -2.427 -2.491 -2.551 
-2.607 -2.660 -2.709 -2.755 -2.797 -2.837 -2.873 -2.907 -2.938 -2.966 
-3.007 
-3.304 -3.356 -3.381 -3.402 -3.420 -3.436 -3.449 -3.459 -3.467 -3.473 
-3.476 -3.476 -3.474 -3.470 -3.463 -3.453 -3.441 -3.426 -3.409 -3.389 
-3.366 -3.339 -3.310 -3.277 -3.241 -3.201 -3.156 -3.107 -3.053 -2.993 
-2.927 -2.855 -2.775 -2.687 -2.592 -2.491 -2.387 -2.288 -2.205 -2.151 
-2.134 -2.152 -2.194 -2.248 -2.306 -2.362 -2.412 -2.455 -2.490 -2.515 
-2.532 -2.541 -2.543 -2.539 -2.528 -2.512 -2.491 -2.466 -2.437 -2.406 
-2.374 -2.340 -2.308 -2.276 -2.244 -2.208 -2.165 -2.111 -2.048 -1.985 
-1.939 -1.931 -1.977 -2.076 -2.202 -2.331 -2.453 -2.564 -2.664 -2.754 
-2.836 -2.909 -2.976 -3.036 -3.091 -3.141 -3.187 -3.228 -3.265 -3.299 
-3.297 
-3.375 -3.418 -3.448 -3.475 -3.499 -3.520 -3.538 -3.553 -3.565 -3.575 
-3.581 -3.586 -3.587 -3.586 -3.582 -3.576 -3.567 -3.555 -3.541 -3.523 
-3.503 -3.480 -3.454 -3.424 -3.391 -3.355 -3.315 -3.271 -3.223 -3.170 
-3.112 -3.050 -2.981 -2.907 -2.826 -2.739 -2.648 -2.554 -2.463 -2.381 
-2.313 -2.263 -2.232 -2.224 -2.239 -2.272 -2.317 -2.367 -2.417 -2.463 
-2.505 -2.542 -2.572 -2.596 -2.614 -2.626 -2.632 -2.631 -2.623 -2.609 
-2.588 -2.559 -2.522 -2.476 -2.420 -2.353 -2.274 -2.180 -2.072 -1.955 
-1.845 -1.774 -1.781 -1.871 -2.016 -2.175 -2.326 -2.463 -2.586 -2.695 
-2.792 -2.880 -2.959 -3.031 -3.097 -3.157 -3.211 -3.261 -3.306 -3.347 
-3.364 
-3.195 -3.208 -3.237 -3.263 -3.287 -3.308 -3.326 -3.342 -3.355 -3.366 
-3.374 -3.380 -3.384 -3.385 -3.384 -3.380 -3.375 -3.366 -3.356 -3.343 
-3.327 -3.309 -3.288 -3.265 -3.240 -3.211 -3.180 -3.146 -3.109 -3.069 
-3.027 -2.981 -2.932 -2.880 -2.825 -2.767 -2.706 -2.644 -2.580 -2.515 
-2.453 -2.395 -2.345 -2.306 -2.279 -2.265 -2.264 -2.272 -2.287 -2.307 
-2.328 -2.349 -2.368 -2.385 -2.398 -2.409 -2.415 -2.417 -2.415 -2.408 
-2.397 -2.382 -2.362 -2.339 -2.312 -2.282 -2.250 -2.217 -2.183 -2.149 
-2.115 -2.093 -2.106 -2.160 -2.234 -2.310 -2.385 -2.459 -2.531 -2.603 
-2.672 -2.738 -2.800 -2.860 -2.915 -2.967 -3.016 -3.061 -3.102 -3.140 
-3.183 
-3.145 -3.193 -3.228 -3.261 -3.291 -3.318 -3.342 -3.364 -3.383 -3.400 
-3.414 -3.426 -3.435 -3.442 -3.446 -3.448 -3.447 -3.444 -3.439 -3.431 
-3.420 -3.407 -3.391 -3.372 -3.350 -3.326 -3.299 -3.268 -3.234 -3.197 
-3.156 -3.112 -3.063 -3.010 -2.954 -2.892 -2.826 -2.755 -2.680 -2.601 
-2.519 -2.436 -2.357 -2.286 -2.230 -2.195 -2.184 -2.195 -2.221 -2.255 
-2.289 -2.321 -2.347 -2.369 -2.387 -2.404 -2.419 -2.435 -2.450 -2.464 
-2.474 -2.481 -2.483 -2.480 -2.473 -2.461 -2.444 -2.424 -2.402 -2.378 
-2.355 -2.336 -2.321 -2.315 -2.320 -2.338 -2.371 -2.417 -2.473 -2.536 
-2.602 -2.669 -2.734 -2.798 -2.858 -2.916 -2.970 -3.021 -3.068 -3.113 
-3.132 
-3.009 -3.020 -3.053 -3.084 -3.113 -3.141 -3.167 -3.192 -3.214 -3.234 
-3.253 -3.269 -3.284 -3.296 -3.307 -3.315 -3.322 -3.326 -3.328 -3.328 
-3.326 -3.322 -3.316 -3.307 -3.296 -3.283 -3.267 -3.249 -3.228 -3.204 
-3.178 -3.148 -3.116 -3.080 -3.041 -2.999 -2.952 -2.902 -2.847 -2.788 
-2.726 -2.660 -2.593 -2.527 -2.465 -2.410 -2.363 -2.322 -2.285 -2.249 
-2.213 -2.176 -2.142 -2.113 -2.091 -2.081 -2.081 -2.092 -2.110 -2.134 
-2.161 -2.188 -2.215 -2.239 -2.261 -2.280 -2.296 -2.309 -2.320 -2.330 
-2.340 -2.351 -2.364 -2.380 -2.400 -2.424 -2.452 -2.485 -2.520 -2.558 
-2.597 -2.636 -2.676 -2.716 -2.757 -2.796 -2.836 -2.875 -2.913 -2.950 
-2.996 
-3.085 -3.130 -3.161 -3.189 -3.216 -3.240 -3.262 -3.281 -3.298 -3.313 
-3.325 -3.335 -3.343 -3.349 -3.352 -3.354 -3.352 -3.349 -3.343 -3.335 
-3.325 -3.312 -3.296 -3.278 -3.258 -3.234 -3.209 -3.180 -3.148 -3.113 
-3.075 -3.034 -2.990 -2.941 -2.890 -2.834 -2.775 -2.712 -2.645 -2.575 
-2.502 -2.428 -2.354 -2.283 -2.217 -2.160 -2.116 -2.086 -2.070 -2.067 
-2.074 -2.086 -2.101 -2.117 -2.132 -2.148 -2.164 -2.179 -2.193 -2.205 
-2.214 -2.219 -2.221 -2.219 -2.213 -2.205 -2.195 -2.186 -2.179 -2.176 
-2.181 -2.194 -2.217 -2.250 -2.292 -2.341 -2.396 -2.453 -2.512 -2.571 
-2.630 -2.686 -2.741 -2.794 -2.844 -2.892 -2.938 -2.981 -3.022 -3.060 
-3.070 
