IRGRID 64 91
1e+308

0.025 0.03 0.035 0.04 0.045 0.05 0.055 0.06 0.065 0.07
0.075 0.08 0.085 0.09 0.095 0.1 0.11 0.12 0.13 0.14
0.15 0.16 0.17 0.18 0.19 0.2 0.21 0.22 0.23 0.24
0.25 0.26 0.27 0.28 0.29 0.3 0.31 0.32 0.33 0.34
0.35 0.36 0.37 0.38 0.39 0.4 0.41 0.42 0.43 0.44
0.45 0.46 0.47 0.48 0.49 0.5 0.51 0.52 0.53 0.54
0.55 0.56 0.57 0.58
0 4 8 12 16 20 24 28 32 36
40 44 48 52 56 60 64 68 72 76
80 84 88 92 96 100 104 108 112 116
120 124 128 132 136 140 144 148 152 156
160 164 168 172 176 180 184 188 192 196
200 204 208 212 216 220 224 228 232 236
240 244 248 252 256 260 264 268 272 276
280 284 288 292 296 300 304 308 312 316
320 324 328 332 336 340 344 348 352 356
360
-4.000 -4.000 -4.000 -4.000 -4.000 -4.000 -4.000 -4.000 -4.000 -4.000 
-4.000 -4.000 -4.000 -4.000 -4.000 -4.000 -4.000 -4.000 -4.000 -4.000 
-4.000 -4.000 -4.000 -4.000 -4.000 -4.000 -4.000 -4.000 -4.000 -4.000 
-4.000 -4.000 -4.000 -4.000 -4.000 -4.000 -4.000 -4.000 -4.000 -4.000 
-4.000 -4.000 -4.000 -4.000 -4.000 -4.000 -4.000 -4.000 -4.000 -3.982 
-3.930 -3.888 -3.879 -3.915 -3.985 -4.000 -4.000 -4.000 -4.000 -4.000 
-4.000 -4.000 -4.000 -4.000 -4.000 -4.000 -4.000 -4.000 -4.000 -4.000 
-4.000 -4.000 -4.000 -4.000 -4.000 -4.000 -4.000 -4.000 -4.000 -4.000 
-4.000 -4.000 -4.000 -4.000 -4.000 -4.000 -4.000 -4.000 -4.000 -4.000 
-4.000 
-4.000 -4.000 -4.000 -4.000 -4.000 -4.000 -4.000 -4.000 -4.000 -4.000 
-4.000 -4.000 -4.000 -4.000 -4.000 -4.000 -4.000 -4.000 -4.000 -4.000 
-4.000 -4.000 -4.000 -4.000 -4.000 -4.000 -4.000 -4.000 -4.000 -4.000 
-4.000 -4.000 -4.000 -4.000 -4.000 -4.000 -3.997 -3.907 -3.805 -3.688 
-3.552 -3.391 -3.195 -2.972 -2.831 -2.926 -3.113 -3.272 -3.401 -3.508 
-3.598 -3.676 -3.745 -3.810 -3.872 -3.929 -3.979 -4.000 -4.000 -4.000 
-4.000 -4.000 -4.000 -4.000 -4.000 -4.000 -4.000 -4.000 -4.000 -4.000 
-4.000 -4.000 -3.999 -3.960 -3.917 -3.870 -3.821 -3.772 -3.724 -3.682 
-3.650 -3.632 -3.635 -3.659 -3.701 -3.758 -3.823 -3.891 -3.960 -4.000 
-4.000 
-3.359 -3.441 -3.484 -3.523 -3.558 -3.591 -3.621 -3.648 -3.673 -3.695 
-3.715 -3.732 -3.747 -3.760 -3.770 -3.778 -3.784 -3.787 -3.788 -3.786 
-3.782 -3.776 -3.767 -3.756 -3.741 -3.725 -3.705 -3.683 -3.657 -3.628 
-3.596 -3.560 -3.519 -3.474 -3.423 -3.365 -3.300 -3.223 -3.132 -3.022 
-2.883 -2.706 -2.486 -2.265 -2.151 -2.234 -2.433 -2.636 -2.796 -2.915 
-3.005 -3.077 -3.135 -3.184 -3.225 -3.261 -3.293 -3.320 -3.343 -3.363 
-3.380 -3.393 -3.404 -3.411 -3.415 -3.416 -3.414 -3.409 -3.401 -3.389 
-3.374 -3.355 -3.333 -3.307 -3.277 -3.242 -3.204 -3.162 -3.118 -3.077 
-3.042 -3.020 -3.017 -3.035 -3.072 -3.121 -3.178 -3.236 -3.292 -3.346 
-3.344 
-2.887 -2.895 -2.923 -2.951 -2.977 -3.001 -3.024 -3.045 -3.065 -3.084 
-3.100 -3.115 -3.127 -3.138 -3.148 -3.155 -3.160 -3.163 -3.164 -3.164 
-3.161 -3.156 -3.149 -3.140 -3.128 -3.115 -3.100 -3.082 -3.062 -3.041 
-3.017 -2.991 -2.963 -2.933 -2.901 -2.868 -2.833 -2.796 -2.758 -2.719 
-2.677 -2.631 -2.573 -2.497 -2.437 -2.466 -2.516 -2.548 -2.569 -2.586 
-2.604 -2.622 -2.642 -2.662 -2.682 -2.702 -2.721 -2.739 -2.756 -2.771 
-2.785 -2.797 -2.806 -2.814 -2.820 -2.824 -2.826 -2.826 -2.824 -2.821 
-2.815 -2.808 -2.800 -2.791 -2.780 -2.768 -2.755 -2.741 -2.726 -2.711 
-2.696 -2.683 -2.675 -2.676 -2.688 -2.709 -2.738 -2.769 -2.802 -2.834 
-2.879 
-2.896 -2.933 -2.995 -3.051 -3.101 -3.147 -3.188 -3.225 -3.258 -3.287 
-3.312 -3.334 -3.352 -3.368 -3.380 -3.389 -3.396 -3.399 -3.400 -3.398 
-3.393 -3.385 -3.374 -3.361 -3.345 -3.326 -3.304 -3.279 -3.252 -3.222 
-3.189 -3.154 -3.116 -3.076 -3.034 -2.990 -2.944 -2.898 -2.852 -2.807 
-2.764 -2.726 -2.695 -2.673 -2.663 -2.664 -2.675 -2.696 -2.722 -2.752 
-2.784 -2.815 -2.845 -2.874 -2.899 -2.922 -2.942 -2.959 -2.972 -2.983 
-2.991 -2.996 -2.998 -2.999 -2.997 -2.995 -2.991 -2.985 -2.979 -2.971 
-2.961 -2.948 -2.930 -2.908 -2.880 -2.846 -2.805 -2.757 -2.703 -2.645 
-2.587 -2.533 -2.493 -2.475 -2.484 -2.519 -2.576 -2.645 -2.720 -2.795 
-2.866 
-2.990 -3.033 -2.999 -2.968 -2.960 -2.985 -3.038 -3.104 -3.170 -3.228 
-3.275 -3.313 -3.341 -3.361 -3.374 -3.381 -3.383 -3.380 -3.374 -3.363 
-3.348 -3.331 -3.310 -3.286 -3.260 -3.231 -3.199 -3.166 -3.130 -3.093 
-3.055 -3.015 -2.976 -2.937 -2.900 -2.864 -2.831 -2.801 -2.775 -2.753 
-2.736 -2.723 -2.715 -2.711 -2.710 -2.712 -2.716 -2.719 -2.721 -2.717 
-2.704 -2.675 -2.622 -2.527 -2.382 -2.257 -2.311 -2.457 -2.567 -2.632 
-2.666 -2.684 -2.693 -2.697 -2.699 -2.702 -2.706 -2.715 -2.727 -2.745 
-2.766 -2.791 -2.819 -2.848 -2.877 -2.905 -2.929 -2.949 -2.962 -2.968 
-2.967 -2.962 -2.956 -2.957 -2.969 -2.992 -3.021 -3.047 -3.065 -3.070 
-2.988 
-2.631 -2.524 -2.440 -2.379 -2.357 -2.381 -2.447 -2.540 -2.642 -2.744 
-2.838 -2.923 -2.998 -3.063 -3.118 -3.165 -3.204 -3.235 -3.260 -3.279 
-3.293 -3.302 -3.308 -3.309 -3.308 -3.304 -3.299 -3.291 -3.282 -3.272 
-3.261 -3.249 -3.235 -3.221 -3.205 -3.189 -3.172 -3.155 -3.137 -3.118 
-3.099 -3.078 -3.054 -3.027 -2.994 -2.955 -2.906 -2.847 -2.773 -2.681 
-2.566 -2.422 -2.239 -2.015 -1.785 -1.648 -1.701 -1.891 -2.101 -2.266 
-2.375 -2.435 -2.452 -2.437 -2.408 -2.391 -2.410 -2.469 -2.551 -2.639 
-2.722 -2.796 -2.860 -2.914 -2.960 -2.998 -3.028 -3.051 -3.066 -3.074 
-3.075 -3.069 -3.054 -3.032 -3.001 -2.961 -2.911 -2.851 -2.782 -2.702 
-2.676 
-2.328 -2.432 -2.449 -2.478 -2.518 -2.571 -2.633 -2.697 -2.757 -2.810 
-2.853 -2.888 -2.914 -2.934 -2.947 -2.955 -2.958 -2.956 -2.952 -2.944 
-2.935 -2.923 -2.911 -2.899 -2.887 -2.875 -2.864 -2.855 -2.848 -2.842 
-2.837 -2.835 -2.833 -2.833 -2.833 -2.833 -2.833 -2.833 -2.831 -2.828 
-2.822 -2.815 -2.804 -2.790 -2.772 -2.749 -2.722 -2.688 -2.647 -2.598 
-2.537 -2.463 -2.369 -2.247 -2.094 -1.943 -1.848 -1.731 -1.613 -1.617 
-1.715 -1.792 -1.810 -1.783 -1.741 -1.717 -1.734 -1.796 -1.890 -1.998 
-2.105 -2.205 -2.294 -2.372 -2.440 -2.497 -2.544 -2.581 -2.610 -2.630 
-2.642 -2.645 -2.639 -2.625 -2.603 -2.574 -2.540 -2.503 -2.469 -2.442 
-2.327 
-1.789 -1.768 -1.804 -1.857 -1.920 -1.987 -2.053 -2.113 -2.166 -2.212 
-2.249 -2.280 -2.307 -2.330 -2.352 -2.374 -2.398 -2.424 -2.451 -2.480 
-2.510 -2.539 -2.567 -2.594 -2.619 -2.641 -2.661 -2.679 -2.694 -2.706 
-2.716 -2.722 -2.727 -2.728 -2.727 -2.723 -2.716 -2.705 -2.691 -2.674 
-2.653 -2.628 -2.598 -2.564 -2.525 -2.481 -2.430 -2.373 -2.307 -2.233 
-2.149 -2.052 -1.941 -1.811 -1.659 -1.480 -1.276 -1.076 -0.946 -0.950 
-1.065 -1.201 -1.274 -1.235 -1.088 -1.006 -1.163 -1.384 -1.566 -1.705 
-1.813 -1.896 -1.962 -2.013 -2.051 -2.079 -2.098 -2.107 -2.109 -2.103 
-2.089 -2.069 -2.041 -2.006 -1.966 -1.921 -1.873 -1.827 -1.788 -1.761 
-1.787 
-1.969 -1.977 -1.976 -1.976 -1.973 -1.966 -1.954 -1.939 -1.921 -1.901 
-1.881 -1.863 -1.848 -1.838 -1.833 -1.835 -1.843 -1.857 -1.875 -1.897 
-1.919 -1.940 -1.957 -1.967 -1.969 -1.960 -1.940 -1.911 -1.880 -1.858 
-1.855 -1.874 -1.912 -1.959 -2.009 -2.055 -2.095 -2.129 -2.155 -2.176 
-2.190 -2.199 -2.202 -2.199 -2.192 -2.180 -2.162 -2.139 -2.110 -2.076 
-2.035 -1.987 -1.930 -1.863 -1.784 -1.688 -1.571 -1.435 -1.306 -1.228 
-1.151 -1.010 -0.792 -0.477 -0.025 -0.200 -0.419 -0.674 -0.917 -1.117 
-1.278 -1.411 -1.522 -1.616 -1.696 -1.764 -1.823 -1.872 -1.914 -1.949 
-1.977 -1.999 -2.015 -2.025 -2.030 -2.029 -2.023 -2.013 -2.001 -1.990 
-1.973 
-2.146 -2.210 -2.213 -2.213 -2.209 -2.203 -2.195 -2.183 -2.170 -2.154 
-2.136 -2.117 -2.097 -2.077 -2.055 -2.032 -2.008 -1.980 -1.949 -1.913 
-1.870 -1.820 -1.762 -1.695 -1.620 -1.539 -1.454 -1.372 -1.302 -1.254 
-1.237 -1.252 -1.294 -1.352 -1.417 -1.481 -1.541 -1.595 -1.642 -1.681 
-1.714 -1.740 -1.761 -1.775 -1.784 -1.788 -1.787 -1.780 -1.768 -1.751 
-1.728 -1.698 -1.663 -1.620 -1.569 -1.509 -1.437 -1.353 -1.251 -1.126 
-0.969 -0.758 -0.442 0.077 0.445 0.213 -0.082 -0.171 -0.428 -0.719 
-0.952 -1.137 -1.288 -1.415 -1.523 -1.617 -1.700 -1.772 -1.837 -1.894 
-1.945 -1.990 -2.030 -2.066 -2.097 -2.124 -2.147 -2.166 -2.182 -2.195 
-2.145 
-1.782 -1.768 -1.768 -1.762 -1.748 -1.726 -1.695 -1.655 -1.611 -1.576 
-1.565 -1.586 -1.626 -1.669 -1.705 -1.730 -1.745 -1.752 -1.752 -1.748 
-1.739 -1.727 -1.713 -1.695 -1.674 -1.650 -1.624 -1.595 -1.568 -1.546 
-1.536 -1.537 -1.547 -1.560 -1.574 -1.585 -1.593 -1.599 -1.602 -1.603 
-1.602 -1.599 -1.594 -1.586 -1.576 -1.564 -1.549 -1.531 -1.510 -1.486 
-1.458 -1.425 -1.388 -1.346 -1.297 -1.242 -1.179 -1.105 -1.020 -0.918 
-0.791 -0.618 -0.295 0.633 0.129 0.147 0.346 0.427 0.248 -0.045 
-0.319 -0.538 -0.715 -0.862 -0.986 -1.093 -1.186 -1.269 -1.341 -1.406 
-1.464 -1.515 -1.561 -1.602 -1.638 -1.669 -1.696 -1.719 -1.738 -1.753 
-1.775 
-1.689 -1.656 -1.605 -1.544 -1.473 -1.391 -1.301 -1.207 -1.120 -1.060 
-1.045 -1.082 -1.162 -1.263 -1.368 -1.468 -1.557 -1.635 -1.702 -1.761 
-1.812 -1.856 -1.895 -1.928 -1.957 -1.982 -2.003 -2.021 -2.037 -2.050 
-2.060 -2.069 -2.076 -2.081 -2.084 -2.085 -2.085 -2.083 -2.079 -2.073 
-2.065 -2.055 -2.042 -2.026 -2.007 -1.985 -1.959 -1.930 -1.896 -1.858 
-1.814 -1.765 -1.708 -1.644 -1.570 -1.485 -1.386 -1.268 -1.124 -0.941 
-0.690 -0.266 0.695 1.209 0.744 -0.107 -0.220 -0.204 -0.443 -0.720 
-0.937 -1.104 -1.238 -1.346 -1.436 -1.511 -1.575 -1.629 -1.674 -1.711 
-1.741 -1.764 -1.781 -1.792 -1.798 -1.797 -1.790 -1.777 -1.758 -1.732 
-1.706 
-1.661 -1.650 -1.634 -1.614 -1.590 -1.561 -1.528 -1.489 -1.450 -1.418 
-1.405 -1.415 -1.440 -1.469 -1.496 -1.521 -1.545 -1.568 -1.592 -1.618 
-1.644 -1.671 -1.698 -1.725 -1.752 -1.777 -1.802 -1.825 -1.846 -1.865 
-1.882 -1.897 -1.909 -1.919 -1.927 -1.932 -1.934 -1.934 -1.931 -1.925 
-1.916 -1.904 -1.889 -1.871 -1.849 -1.823 -1.794 -1.760 -1.722 -1.679 
-1.630 -1.575 -1.514 -1.445 -1.366 -1.277 -1.175 -1.056 -0.915 -0.745 
-0.532 -0.250 0.173 0.850 0.700 0.353 -0.118 -0.439 -0.664 -0.836 
-0.973 -1.087 -1.183 -1.265 -1.336 -1.397 -1.450 -1.495 -1.535 -1.569 
-1.597 -1.621 -1.640 -1.656 -1.667 -1.675 -1.679 -1.680 -1.677 -1.671 
-1.664 
-1.680 -1.669 -1.671 -1.673 -1.675 -1.677 -1.681 -1.684 -1.689 -1.696 
-1.703 -1.712 -1.723 -1.735 -1.748 -1.763 -1.779 -1.797 -1.815 -1.833 
-1.852 -1.870 -1.888 -1.904 -1.920 -1.933 -1.946 -1.956 -1.964 -1.970 
-1.974 -1.975 -1.974 -1.970 -1.963 -1.954 -1.941 -1.926 -1.908 -1.886 
-1.862 -1.834 -1.803 -1.768 -1.731 -1.690 -1.647 -1.600 -1.551 -1.498 
-1.442 -1.383 -1.319 -1.250 -1.174 -1.089 -0.992 -0.880 -0.747 -0.587 
-0.393 -0.171 0.037 0.205 0.287 -0.007 -0.171 -0.330 -0.515 -0.689 
-0.838 -0.964 -1.071 -1.161 -1.239 -1.306 -1.364 -1.415 -1.458 -1.496 
-1.529 -1.557 -1.580 -1.600 -1.617 -1.630 -1.641 -1.650 -1.657 -1.662 
-1.679 
-1.924 -1.964 -1.982 -1.999 -2.014 -2.027 -2.039 -2.049 -2.059 -2.068 
-2.077 -2.084 -2.091 -2.097 -2.102 -2.106 -2.109 -2.111 -2.112 -2.112 
-2.110 -2.107 -2.102 -2.095 -2.087 -2.077 -2.065 -2.051 -2.034 -2.015 
-1.994 -1.970 -1.944 -1.915 -1.883 -1.848 -1.811 -1.771 -1.729 -1.683 
-1.636 -1.586 -1.534 -1.480 -1.425 -1.368 -1.311 -1.254 -1.197 -1.140 
-1.083 -1.027 -0.972 -0.916 -0.859 -0.800 -0.735 -0.663 -0.580 -0.480 
-0.349 -0.162 0.108 0.120 0.129 0.208 0.238 0.150 -0.030 -0.241 
-0.442 -0.621 -0.777 -0.915 -1.037 -1.146 -1.243 -1.331 -1.411 -1.483 
-1.549 -1.608 -1.662 -1.711 -1.756 -1.796 -1.832 -1.865 -1.894 -1.920 
-1.915 
-2.015 -2.010 -2.016 -2.021 -2.023 -2.024 -2.024 -2.022 -2.020 -2.016 
-2.012 -2.007 -2.002 -1.996 -1.991 -1.986 -1.981 -1.977 -1.973 -1.970 
-1.967 -1.965 -1.963 -1.962 -1.960 -1.959 -1.958 -1.956 -1.953 -1.949 
-1.944 -1.938 -1.930 -1.920 -1.908 -1.894 -1.877 -1.857 -1.834 -1.808 
-1.779 -1.747 -1.712 -1.673 -1.632 -1.588 -1.542 -1.493 -1.443 -1.391 
-1.336 -1.279 -1.219 -1.154 -1.082 -1.001 -0.906 -0.792 -0.648 -0.458 
-0.185 0.202 0.498 0.412 0.183 0.017 -0.158 -0.344 -0.549 -0.742 
-0.911 -1.055 -1.178 -1.285 -1.379 -1.462 -1.535 -1.600 -1.658 -1.709 
-1.756 -1.797 -1.833 -1.866 -1.895 -1.920 -1.942 -1.961 -1.977 -1.990 
-2.013 
-2.145 -2.196 -2.217 -2.236 -2.252 -2.266 -2.278 -2.288 -2.296 -2.302 
-2.306 -2.309 -2.310 -2.309 -2.308 -2.304 -2.300 -2.295 -2.288 -2.280 
-2.271 -2.261 -2.250 -2.236 -2.222 -2.205 -2.187 -2.167 -2.144 -2.120 
-2.092 -2.063 -2.030 -1.995 -1.957 -1.916 -1.873 -1.827 -1.778 -1.726 
-1.672 -1.616 -1.558 -1.499 -1.439 -1.379 -1.319 -1.259 -1.201 -1.144 
-1.088 -1.033 -0.977 -0.920 -0.860 -0.795 -0.722 -0.638 -0.539 -0.418 
-0.266 -0.057 0.229 0.360 0.477 0.443 0.211 -0.084 -0.348 -0.566 
-0.749 -0.906 -1.044 -1.166 -1.276 -1.375 -1.465 -1.547 -1.623 -1.692 
-1.756 -1.815 -1.870 -1.920 -1.966 -2.009 -2.048 -2.083 -2.116 -2.145 
-2.138 
-1.990 -2.004 -2.035 -2.064 -2.090 -2.113 -2.135 -2.154 -2.172 -2.187 
-2.200 -2.211 -2.221 -2.228 -2.233 -2.237 -2.238 -2.238 -2.236 -2.232 
-2.226 -2.218 -2.208 -2.196 -2.182 -2.166 -2.149 -2.129 -2.107 -2.084 
-2.058 -2.030 -1.999 -1.967 -1.932 -1.895 -1.856 -1.815 -1.771 -1.724 
-1.675 -1.624 -1.571 -1.515 -1.456 -1.396 -1.333 -1.268 -1.201 -1.132 
-1.060 -0.986 -0.908 -0.827 -0.741 -0.651 -0.554 -0.449 -0.333 -0.202 
-0.053 0.121 0.316 0.504 0.615 0.569 0.389 0.164 -0.056 -0.254 
-0.429 -0.583 -0.721 -0.845 -0.958 -1.061 -1.156 -1.244 -1.326 -1.402 
-1.473 -1.539 -1.601 -1.659 -1.713 -1.764 -1.811 -1.855 -1.897 -1.935 
-1.977 
-1.942 -1.980 -2.014 -2.046 -2.075 -2.102 -2.127 -2.149 -2.169 -2.187 
-2.202 -2.216 -2.227 -2.237 -2.244 -2.249 -2.252 -2.254 -2.253 -2.250 
-2.246 -2.239 -2.231 -2.220 -2.207 -2.193 -2.176 -2.157 -2.136 -2.113 
-2.088 -2.060 -2.030 -1.998 -1.964 -1.927 -1.887 -1.845 -1.800 -1.752 
-1.702 -1.648 -1.592 -1.533 -1.470 -1.404 -1.335 -1.263 -1.188 -1.110 
-1.029 -0.945 -0.858 -0.769 -0.678 -0.585 -0.489 -0.391 -0.288 -0.180 
-0.062 0.068 0.213 0.368 0.499 0.558 0.530 0.413 0.229 0.022 
-0.176 -0.355 -0.517 -0.662 -0.793 -0.913 -1.023 -1.124 -1.217 -1.303 
-1.383 -1.458 -1.528 -1.593 -1.654 -1.711 -1.764 -1.813 -1.859 -1.902 
-1.930 
-1.820 -1.856 -1.891 -1.923 -1.952 -1.979 -2.004 -2.026 -2.046 -2.064 
-2.080 -2.094 -2.106 -2.116 -2.123 -2.129 -2.133 -2.135 -2.136 -2.134 
-2.130 -2.125 -2.117 -2.108 -2.097 -2.084 -2.069 -2.052 -2.034 -2.013 
-1.990 -1.965 -1.938 -1.909 -1.878 -1.844 -1.808 -1.770 -1.729 -1.685 
-1.639 -1.590 -1.539 -1.484 -1.427 -1.366 -1.302 -1.235 -1.166 -1.093 
-1.017 -0.939 -0.858 -0.775 -0.690 -0.604 -0.516 -0.426 -0.333 -0.236 
-0.133 -0.021 0.105 0.246 0.402 0.553 0.644 0.604 0.455 0.252 
0.040 -0.157 -0.333 -0.491 -0.632 -0.760 -0.876 -0.981 -1.079 -1.168 
-1.251 -1.328 -1.399 -1.465 -1.527 -1.585 -1.638 -1.688 -1.735 -1.778 
-1.807 
-1.721 -1.723 -1.751 -1.777 -1.801 -1.822 -1.842 -1.860 -1.875 -1.889 
-1.902 -1.912 -1.921 -1.928 -1.933 -1.937 -1.939 -1.940 -1.939 -1.936 
-1.932 -1.926 -1.919 -1.911 -1.900 -1.889 -1.876 -1.861 -1.845 -1.827 
-1.808 -1.787 -1.765 -1.741 -1.716 -1.689 -1.660 -1.629 -1.597 -1.562 
-1.526 -1.487 -1.445 -1.401 -1.354 -1.304 -1.250 -1.193 -1.132 -1.069 
-1.003 -0.936 -0.869 -0.803 -0.738 -0.673 -0.607 -0.536 -0.457 -0.367 
-0.264 -0.141 0.006 0.185 0.397 0.605 0.710 0.621 0.398 0.146 
-0.077 -0.267 -0.429 -0.571 -0.695 -0.806 -0.905 -0.996 -1.078 -1.153 
-1.223 -1.287 -1.347 -1.402 -1.453 -1.501 -1.545 -1.586 -1.624 -1.660 
-1.709 
-1.938 -2.002 -2.032 -2.060 -2.085 -2.108 -2.129 -2.148 -2.165 -2.179 
-2.192 -2.202 -2.211 -2.218 -2.222 -2.225 -2.226 -2.224 -2.221 -2.216 
-2.209 -2.200 -2.188 -2.175 -2.160 -2.142 -2.122 -2.100 -2.076 -2.049 
-2.020 -1.988 -1.953 -1.916 -1.875 -1.832 -1.785 -1.734 -1.680 -1.622 
-1.560 -1.493 -1.422 -1.346 -1.266 -1.180 -1.091 -0.997 -0.902 -0.806 
-0.712 -0.624 -0.543 -0.472 -0.412 -0.359 -0.311 -0.261 -0.203 -0.131 
-0.037 0.075 0.177 0.271 0.376 0.455 0.445 0.290 0.056 -0.173 
-0.375 -0.550 -0.704 -0.839 -0.960 -1.068 -1.166 -1.256 -1.338 -1.414 
-1.484 -1.549 -1.609 -1.666 -1.718 -1.768 -1.814 -1.857 -1.897 -1.935 
-1.930 
-1.905 -1.919 -1.955 -1.989 -2.021 -2.051 -2.080 -2.106 -2.131 -2.154 
-2.175 -2.195 -2.212 -2.228 -2.241 -2.253 -2.264 -2.272 -2.278 -2.283 
-2.285 -2.286 -2.285 -2.282 -2.277 -2.270 -2.261 -2.249 -2.236 -2.220 
-2.202 -2.182 -2.160 -2.134 -2.107 -2.076 -2.043 -2.006 -1.967 -1.924 
-1.877 -1.826 -1.772 -1.713 -1.649 -1.581 -1.507 -1.429 -1.347 -1.261 
-1.171 -1.080 -0.989 -0.895 -0.798 -0.693 -0.574 -0.437 -0.284 -0.117 
0.061 0.211 0.259 0.188 0.078 -0.016 -0.132 -0.287 -0.439 -0.565 
-0.666 -0.746 -0.815 -0.881 -0.950 -1.024 -1.101 -1.178 -1.252 -1.322 
-1.387 -1.449 -1.507 -1.562 -1.614 -1.664 -1.712 -1.757 -1.800 -1.842 
-1.891 
-2.013 -2.060 -2.108 -2.152 -2.194 -2.232 -2.268 -2.301 -2.332 -2.359 
-2.385 -2.408 -2.429 -2.447 -2.464 -2.478 -2.490 -2.500 -2.507 -2.513 
-2.516 -2.518 -2.517 -2.514 -2.509 -2.502 -2.493 -2.482 -2.468 -2.452 
-2.434 -2.413 -2.390 -2.364 -2.336 -2.305 -2.271 -2.234 -2.194 -2.151 
-2.104 -2.054 -1.999 -1.941 -1.877 -1.809 -1.735 -1.654 -1.567 -1.472 
-1.368 -1.254 -1.129 -0.991 -0.838 -0.672 -0.496 -0.325 -0.184 -0.098 
-0.064 -0.058 -0.091 -0.185 -0.288 -0.370 -0.428 -0.465 -0.487 -0.496 
-0.500 -0.504 -0.519 -0.551 -0.609 -0.690 -0.790 -0.902 -1.017 -1.130 
-1.239 -1.342 -1.439 -1.529 -1.613 -1.691 -1.763 -1.831 -1.894 -1.953 
-1.995 
-2.160 -2.201 -2.246 -2.289 -2.328 -2.364 -2.398 -2.429 -2.457 -2.483 
-2.507 -2.528 -2.546 -2.563 -2.577 -2.589 -2.599 -2.607 -2.613 -2.616 
-2.618 -2.617 -2.614 -2.610 -2.603 -2.594 -2.582 -2.569 -2.553 -2.536 
-2.515 -2.493 -2.468 -2.441 -2.411 -2.378 -2.343 -2.305 -2.264 -2.220 
-2.173 -2.122 -2.068 -2.010 -1.947 -1.880 -1.809 -1.732 -1.649 -1.560 
-1.464 -1.360 -1.246 -1.123 -0.987 -0.840 -0.682 -0.520 -0.369 -0.252 
-0.187 -0.175 -0.200 -0.242 -0.286 -0.334 -0.395 -0.463 -0.528 -0.586 
-0.640 -0.692 -0.749 -0.813 -0.888 -0.975 -1.069 -1.167 -1.266 -1.363 
-1.456 -1.545 -1.630 -1.710 -1.785 -1.856 -1.923 -1.986 -2.045 -2.101 
-2.144 
-2.290 -2.328 -2.363 -2.397 -2.427 -2.455 -2.481 -2.504 -2.525 -2.544 
-2.561 -2.575 -2.588 -2.598 -2.607 -2.613 -2.617 -2.620 -2.620 -2.619 
-2.615 -2.610 -2.603 -2.594 -2.582 -2.569 -2.554 -2.537 -2.518 -2.497 
-2.473 -2.448 -2.420 -2.390 -2.358 -2.324 -2.287 -2.248 -2.207 -2.163 
-2.116 -2.067 -2.015 -1.961 -1.904 -1.843 -1.780 -1.714 -1.645 -1.572 
-1.496 -1.415 -1.331 -1.241 -1.146 -1.044 -0.935 -0.819 -0.700 -0.584 
-0.481 -0.393 -0.310 -0.230 -0.169 -0.161 -0.221 -0.335 -0.473 -0.611 
-0.740 -0.858 -0.969 -1.075 -1.177 -1.277 -1.373 -1.466 -1.554 -1.638 
-1.718 -1.793 -1.863 -1.929 -1.991 -2.050 -2.104 -2.155 -2.203 -2.248 
-2.279 
-2.382 -2.418 -2.462 -2.503 -2.541 -2.576 -2.609 -2.638 -2.665 -2.690 
-2.712 -2.732 -2.750 -2.765 -2.778 -2.789 -2.797 -2.804 -2.808 -2.811 
-2.811 -2.809 -2.805 -2.799 -2.790 -2.780 -2.767 -2.753 -2.736 -2.716 
-2.695 -2.671 -2.644 -2.615 -2.584 -2.549 -2.512 -2.472 -2.429 -2.383 
-2.334 -2.280 -2.223 -2.162 -2.096 -2.026 -1.950 -1.867 -1.778 -1.681 
-1.575 -1.459 -1.332 -1.199 -1.069 -0.956 -0.863 -0.775 -0.685 -0.601 
-0.538 -0.501 -0.484 -0.477 -0.474 -0.488 -0.525 -0.574 -0.618 -0.655 
-0.694 -0.752 -0.834 -0.932 -1.039 -1.149 -1.259 -1.368 -1.474 -1.575 
-1.672 -1.763 -1.849 -1.930 -2.006 -2.077 -2.144 -2.206 -2.265 -2.319 
-2.364 
-2.487 -2.532 -2.575 -2.615 -2.652 -2.686 -2.716 -2.745 -2.770 -2.793 
-2.813 -2.831 -2.847 -2.860 -2.871 -2.879 -2.886 -2.890 -2.892 -2.891 
-2.889 -2.884 -2.877 -2.867 -2.856 -2.841 -2.825 -2.806 -2.785 -2.761 
-2.734 -2.705 -2.673 -2.638 -2.599 -2.558 -2.513 -2.464 -2.411 -2.354 
-2.293 -2.226 -2.155 -2.077 -1.992 -1.901 -1.801 -1.691 -1.571 -1.439 
-1.295 -1.138 -0.973 -0.811 -0.675 -0.588 -0.559 -0.568 -0.584 -0.591 
-0.598 -0.616 -0.642 -0.665 -0.677 -0.673 -0.653 -0.617 -0.570 -0.528 
-0.518 -0.564 -0.671 -0.818 -0.979 -1.137 -1.286 -1.422 -1.548 -1.664 
-1.770 -1.869 -1.959 -2.044 -2.122 -2.194 -2.261 -2.324 -2.382 -2.436 
-2.472 
-2.538 -2.567 -2.609 -2.648 -2.683 -2.717 -2.747 -2.775 -2.800 -2.823 
-2.843 -2.861 -2.876 -2.890 -2.901 -2.909 -2.916 -2.921 -2.923 -2.923 
-2.921 -2.916 -2.910 -2.901 -2.890 -2.877 -2.861 -2.843 -2.823 -2.800 
-2.775 -2.747 -2.716 -2.682 -2.645 -2.605 -2.562 -2.515 -2.464 -2.410 
-2.351 -2.287 -2.218 -2.144 -2.063 -1.976 -1.881 -1.779 -1.670 -1.554 
-1.433 -1.311 -1.190 -1.069 -0.950 -0.835 -0.725 -0.608 -0.488 -0.390 
-0.339 -0.338 -0.371 -0.415 -0.455 -0.485 -0.508 -0.536 -0.580 -0.635 
-0.703 -0.792 -0.907 -1.036 -1.169 -1.298 -1.422 -1.538 -1.648 -1.751 
-1.847 -1.937 -2.021 -2.099 -2.173 -2.241 -2.305 -2.365 -2.421 -2.473 
-2.521 
-2.642 -2.693 -2.728 -2.761 -2.790 -2.817 -2.841 -2.863 -2.882 -2.898 
-2.913 -2.925 -2.934 -2.942 -2.947 -2.950 -2.950 -2.949 -2.945 -2.938 
-2.930 -2.919 -2.906 -2.891 -2.873 -2.853 -2.830 -2.804 -2.776 -2.745 
-2.711 -2.674 -2.634 -2.590 -2.543 -2.492 -2.437 -2.378 -2.314 -2.246 
-2.172 -2.092 -2.006 -1.913 -1.813 -1.705 -1.590 -1.468 -1.342 -1.216 
-1.097 -0.996 -0.920 -0.872 -0.845 -0.825 -0.798 -0.758 -0.712 -0.673 
-0.651 -0.644 -0.638 -0.617 -0.577 -0.524 -0.484 -0.491 -0.568 -0.701 
-0.857 -1.015 -1.165 -1.306 -1.438 -1.561 -1.676 -1.783 -1.883 -1.976 
-2.062 -2.143 -2.217 -2.287 -2.352 -2.412 -2.468 -2.520 -2.568 -2.613 
-2.632 
-2.603 -2.620 -2.660 -2.698 -2.732 -2.763 -2.792 -2.819 -2.842 -2.864 
-2.883 -2.899 -2.914 -2.926 -2.936 -2.943 -2.949 -2.952 -2.953 -2.952 
-2.949 -2.944 -2.936 -2.926 -2.914 -2.900 -2.883 -2.864 -2.843 -2.819 
-2.792 -2.763 -2.731 -2.696 -2.658 -2.617 -2.572 -2.524 -2.472 -2.416 
-2.356 -2.291 -2.220 -2.145 -2.063 -1.974 -1.879 -1.776 -1.665 -1.549 
-1.428 -1.305 -1.182 -1.055 -0.920 -0.779 -0.656 -0.567 -0.515 -0.503 
-0.526 -0.567 -0.612 -0.649 -0.675 -0.689 -0.699 -0.720 -0.764 -0.822 
-0.882 -0.950 -1.044 -1.163 -1.290 -1.414 -1.532 -1.642 -1.745 -1.843 
-1.934 -2.019 -2.099 -2.174 -2.244 -2.309 -2.370 -2.427 -2.481 -2.531 
-2.586 
-2.662 -2.737 -2.782 -2.823 -2.862 -2.898 -2.931 -2.961 -2.989 -3.014 
-3.037 -3.057 -3.075 -3.091 -3.104 -3.115 -3.123 -3.130 -3.134 -3.136 
-3.135 -3.133 -3.128 -3.121 -3.111 -3.100 -3.086 -3.069 -3.050 -3.029 
-3.005 -2.978 -2.949 -2.916 -2.881 -2.842 -2.800 -2.755 -2.705 -2.652 
-2.594 -2.532 -2.464 -2.391 -2.311 -2.224 -2.129 -2.025 -1.910 -1.782 
-1.639 -1.478 -1.297 -1.095 -0.887 -0.712 -0.621 -0.624 -0.674 -0.726 
-0.772 -0.829 -0.893 -0.947 -0.981 -0.993 -0.984 -0.953 -0.901 -0.834 
-0.774 -0.760 -0.825 -0.965 -1.141 -1.319 -1.483 -1.630 -1.760 -1.876 
-1.981 -2.077 -2.165 -2.247 -2.323 -2.395 -2.461 -2.524 -2.582 -2.637 
-2.650 
-2.494 -2.507 -2.554 -2.598 -2.639 -2.679 -2.716 -2.750 -2.782 -2.812 
-2.840 -2.865 -2.888 -2.909 -2.927 -2.944 -2.958 -2.970 -2.980 -2.988 
-2.993 -2.997 -2.998 -2.998 -2.995 -2.990 -2.983 -2.973 -2.962 -2.948 
-2.931 -2.912 -2.891 -2.868 -2.841 -2.812 -2.780 -2.745 -2.706 -2.665 
-2.620 -2.571 -2.517 -2.460 -2.397 -2.329 -2.254 -2.173 -2.084 -1.986 
-1.877 -1.755 -1.618 -1.463 -1.295 -1.128 -1.000 -0.912 -0.816 -0.711 
-0.647 -0.666 -0.756 -0.874 -0.988 -1.084 -1.158 -1.210 -1.239 -1.247 
-1.241 -1.250 -1.306 -1.399 -1.494 -1.578 -1.649 -1.713 -1.773 -1.832 
-1.890 -1.949 -2.008 -2.067 -2.127 -2.185 -2.243 -2.300 -2.355 -2.408 
-2.473 
-2.631 -2.687 -2.728 -2.767 -2.802 -2.836 -2.867 -2.895 -2.921 -2.945 
-2.967 -2.986 -3.003 -3.018 -3.031 -3.041 -3.049 -3.056 -3.060 -3.061 
-3.061 -3.059 -3.054 -3.048 -3.039 -3.028 -3.014 -2.999 -2.981 -2.960 
-2.937 -2.912 -2.884 -2.853 -2.819 -2.782 -2.742 -2.699 -2.652 -2.602 
-2.547 -2.488 -2.425 -2.356 -2.282 -2.202 -2.115 -2.020 -1.918 -1.806 
-1.685 -1.554 -1.414 -1.269 -1.129 -1.007 -0.923 -0.887 -0.893 -0.915 
-0.947 -1.006 -1.090 -1.174 -1.246 -1.305 -1.353 -1.392 -1.425 -1.455 
-1.486 -1.521 -1.564 -1.614 -1.673 -1.736 -1.803 -1.871 -1.939 -2.007 
-2.074 -2.140 -2.205 -2.268 -2.328 -2.387 -2.443 -2.497 -2.549 -2.597 
-2.619 
-2.690 -2.713 -2.756 -2.795 -2.831 -2.864 -2.894 -2.922 -2.947 -2.969 
-2.989 -3.007 -3.022 -3.035 -3.046 -3.054 -3.061 -3.065 -3.066 -3.066 
-3.063 -3.058 -3.051 -3.042 -3.030 -3.016 -3.000 -2.981 -2.960 -2.936 
-2.909 -2.880 -2.848 -2.813 -2.775 -2.733 -2.689 -2.640 -2.588 -2.532 
-2.471 -2.405 -2.335 -2.258 -2.176 -2.086 -1.989 -1.884 -1.770 -1.647 
-1.514 -1.373 -1.228 -1.093 -0.989 -0.932 -0.920 -0.941 -0.986 -1.042 
-1.097 -1.144 -1.181 -1.207 -1.221 -1.226 -1.221 -1.210 -1.196 -1.185 
-1.185 -1.203 -1.246 -1.312 -1.395 -1.491 -1.593 -1.697 -1.799 -1.898 
-1.992 -2.081 -2.165 -2.243 -2.317 -2.386 -2.450 -2.511 -2.567 -2.619 
-2.672 
-2.878 -2.928 -2.970 -3.008 -3.043 -3.075 -3.104 -3.131 -3.155 -3.176 
-3.195 -3.211 -3.225 -3.236 -3.246 -3.252 -3.257 -3.259 -3.259 -3.257 
-3.253 -3.246 -3.237 -3.225 -3.212 -3.195 -3.177 -3.155 -3.132 -3.105 
-3.076 -3.044 -3.008 -2.970 -2.928 -2.883 -2.834 -2.781 -2.723 -2.661 
-2.594 -2.521 -2.442 -2.356 -2.263 -2.160 -2.048 -1.924 -1.787 -1.635 
-1.467 -1.286 -1.104 -0.950 -0.864 -0.866 -0.933 -1.026 -1.116 -1.192 
-1.251 -1.293 -1.318 -1.327 -1.322 -1.302 -1.270 -1.228 -1.182 -1.145 
-1.132 -1.159 -1.229 -1.336 -1.462 -1.596 -1.728 -1.855 -1.974 -2.084 
-2.187 -2.283 -2.371 -2.453 -2.529 -2.600 -2.665 -2.726 -2.782 -2.835 
-2.865 
-2.976 -3.027 -3.068 -3.105 -3.140 -3.171 -3.200 -3.225 -3.249 -3.269 
-3.287 -3.303 -3.316 -3.327 -3.335 -3.341 -3.345 -3.347 -3.346 -3.343 
-3.338 -3.330 -3.320 -3.308 -3.293 -3.276 -3.256 -3.234 -3.209 -3.181 
-3.151 -3.117 -3.081 -3.041 -2.997 -2.950 -2.900 -2.845 -2.785 -2.721 
-2.652 -2.576 -2.495 -2.406 -2.310 -2.205 -2.090 -1.964 -1.827 -1.680 
-1.525 -1.369 -1.227 -1.115 -1.050 -1.043 -1.092 -1.175 -1.258 -1.328 
-1.379 -1.413 -1.429 -1.428 -1.412 -1.380 -1.335 -1.278 -1.219 -1.171 
-1.157 -1.192 -1.278 -1.400 -1.538 -1.680 -1.818 -1.949 -2.070 -2.183 
-2.287 -2.384 -2.472 -2.555 -2.631 -2.701 -2.766 -2.827 -2.883 -2.934 
-2.963 
-2.910 -2.932 -2.977 -3.019 -3.057 -3.092 -3.124 -3.153 -3.180 -3.204 
-3.225 -3.244 -3.260 -3.274 -3.285 -3.294 -3.301 -3.306 -3.308 -3.308 
-3.306 -3.301 -3.294 -3.285 -3.273 -3.259 -3.243 -3.224 -3.202 -3.178 
-3.151 -3.121 -3.089 -3.053 -3.014 -2.972 -2.925 -2.876 -2.822 -2.763 
-2.700 -2.631 -2.556 -2.475 -2.387 -2.290 -2.184 -2.067 -1.938 -1.794 
-1.634 -1.456 -1.261 -1.062 -0.904 -0.833 -0.849 -0.936 -1.052 -1.163 
-1.254 -1.325 -1.376 -1.408 -1.424 -1.425 -1.413 -1.389 -1.357 -1.322 
-1.294 -1.280 -1.285 -1.321 -1.409 -1.530 -1.660 -1.788 -1.911 -2.028 
-2.137 -2.238 -2.333 -2.421 -2.503 -2.578 -2.649 -2.714 -2.775 -2.831 
-2.891 
-3.062 -3.115 -3.161 -3.204 -3.243 -3.279 -3.312 -3.342 -3.368 -3.392 
-3.414 -3.433 -3.449 -3.463 -3.474 -3.483 -3.489 -3.493 -3.495 -3.494 
-3.491 -3.486 -3.478 -3.468 -3.456 -3.441 -3.423 -3.403 -3.381 -3.355 
-3.327 -3.295 -3.261 -3.223 -3.182 -3.137 -3.088 -3.035 -2.978 -2.915 
-2.847 -2.773 -2.692 -2.604 -2.507 -2.399 -2.280 -2.146 -1.995 -1.822 
-1.626 -1.405 -1.171 -0.968 -0.872 -0.926 -1.063 -1.217 -1.354 -1.463 
-1.546 -1.605 -1.643 -1.663 -1.665 -1.649 -1.616 -1.565 -1.496 -1.410 
-1.314 -1.217 -1.139 -1.127 -1.219 -1.391 -1.591 -1.782 -1.953 -2.105 
-2.240 -2.361 -2.470 -2.569 -2.659 -2.741 -2.817 -2.887 -2.951 -3.010 
-3.046 
-3.043 -3.115 -3.159 -3.199 -3.235 -3.269 -3.300 -3.327 -3.352 -3.374 
-3.393 -3.410 -3.425 -3.436 -3.446 -3.453 -3.457 -3.459 -3.459 -3.457 
-3.452 -3.444 -3.434 -3.422 -3.407 -3.390 -3.370 -3.347 -3.322 -3.294 
-3.262 -3.228 -3.190 -3.149 -3.104 -3.055 -3.002 -2.944 -2.882 -2.814 
-2.739 -2.659 -2.570 -2.473 -2.366 -2.248 -2.116 -1.969 -1.805 -1.624 
-1.435 -1.261 -1.137 -1.079 -1.096 -1.200 -1.331 -1.445 -1.535 -1.602 
-1.648 -1.676 -1.686 -1.679 -1.655 -1.613 -1.553 -1.477 -1.389 -1.305 
-1.254 -1.259 -1.318 -1.415 -1.555 -1.720 -1.875 -2.013 -2.134 -2.244 
-2.346 -2.442 -2.532 -2.616 -2.695 -2.769 -2.838 -2.902 -2.961 -3.017 
-3.032 
-2.763 -2.787 -2.835 -2.880 -2.922 -2.960 -2.995 -3.027 -3.056 -3.083 
-3.107 -3.128 -3.147 -3.163 -3.177 -3.188 -3.197 -3.203 -3.208 -3.209 
-3.209 -3.206 -3.201 -3.193 -3.183 -3.171 -3.156 -3.139 -3.119 -3.096 
-3.070 -3.042 -3.011 -2.976 -2.938 -2.897 -2.852 -2.803 -2.750 -2.692 
-2.629 -2.560 -2.485 -2.404 -2.314 -2.215 -2.106 -1.984 -1.849 -1.699 
-1.534 -1.367 -1.221 -1.131 -1.116 -1.171 -1.262 -1.360 -1.450 -1.528 
-1.592 -1.645 -1.688 -1.719 -1.741 -1.752 -1.751 -1.739 -1.716 -1.685 
-1.663 -1.669 -1.701 -1.739 -1.770 -1.797 -1.826 -1.863 -1.912 -1.972 
-2.040 -2.114 -2.192 -2.269 -2.346 -2.420 -2.490 -2.557 -2.621 -2.680 
-2.741 
-2.759 -2.793 -2.832 -2.868 -2.901 -2.932 -2.960 -2.986 -3.009 -3.030 
-3.049 -3.065 -3.080 -3.092 -3.102 -3.110 -3.115 -3.119 -3.121 -3.120 
-3.117 -3.113 -3.106 -3.097 -3.085 -3.072 -3.056 -3.038 -3.018 -2.995 
-2.970 -2.942 -2.911 -2.878 -2.842 -2.803 -2.761 -2.715 -2.666 -2.614 
-2.557 -2.496 -2.431 -2.361 -2.286 -2.205 -2.118 -2.025 -1.924 -1.818 
-1.706 -1.593 -1.486 -1.398 -1.345 -1.325 -1.322 -1.331 -1.351 -1.380 
-1.415 -1.452 -1.490 -1.526 -1.559 -1.591 -1.621 -1.649 -1.676 -1.704 
-1.731 -1.759 -1.787 -1.815 -1.846 -1.881 -1.924 -1.976 -2.036 -2.102 
-2.171 -2.240 -2.308 -2.374 -2.438 -2.498 -2.555 -2.609 -2.659 -2.707 
-2.746 
-2.871 -2.909 -2.957 -3.001 -3.041 -3.078 -3.112 -3.143 -3.171 -3.196 
-3.219 -3.239 -3.256 -3.270 -3.283 -3.293 -3.300 -3.305 -3.308 -3.308 
-3.306 -3.302 -3.295 -3.286 -3.275 -3.261 -3.244 -3.225 -3.203 -3.179 
-3.151 -3.121 -3.088 -3.051 -3.011 -2.968 -2.921 -2.869 -2.813 -2.753 
-2.687 -2.615 -2.538 -2.453 -2.360 -2.259 -2.149 -2.029 -1.900 -1.768 
-1.643 -1.545 -1.490 -1.480 -1.502 -1.544 -1.594 -1.645 -1.695 -1.741 
-1.783 -1.820 -1.851 -1.875 -1.892 -1.902 -1.904 -1.900 -1.888 -1.869 
-1.843 -1.812 -1.779 -1.750 -1.734 -1.737 -1.765 -1.818 -1.893 -1.982 
-2.078 -2.176 -2.272 -2.364 -2.450 -2.531 -2.607 -2.677 -2.742 -2.802 
-2.852 
-3.049 -3.104 -3.151 -3.193 -3.232 -3.268 -3.300 -3.329 -3.356 -3.379 
-3.400 -3.418 -3.433 -3.446 -3.457 -3.465 -3.470 -3.473 -3.474 -3.472 
-3.467 -3.461 -3.451 -3.440 -3.425 -3.408 -3.389 -3.366 -3.341 -3.313 
-3.282 -3.248 -3.210 -3.168 -3.123 -3.074 -3.020 -2.962 -2.898 -2.829 
-2.754 -2.671 -2.581 -2.482 -2.372 -2.251 -2.117 -1.970 -1.812 -1.653 
-1.520 -1.444 -1.444 -1.504 -1.593 -1.688 -1.777 -1.853 -1.917 -1.969 
-2.008 -2.036 -2.053 -2.061 -2.058 -2.046 -2.025 -1.996 -1.958 -1.915 
-1.868 -1.821 -1.781 -1.757 -1.758 -1.792 -1.856 -1.945 -2.048 -2.158 
-2.267 -2.373 -2.472 -2.566 -2.653 -2.733 -2.808 -2.877 -2.941 -3.000 
-3.033 
-3.056 -3.098 -3.139 -3.178 -3.213 -3.245 -3.275 -3.301 -3.325 -3.346 
-3.365 -3.381 -3.395 -3.406 -3.415 -3.422 -3.426 -3.428 -3.428 -3.425 
-3.420 -3.413 -3.403 -3.391 -3.376 -3.359 -3.340 -3.317 -3.292 -3.265 
-3.234 -3.201 -3.164 -3.124 -3.080 -3.033 -2.982 -2.927 -2.867 -2.802 
-2.733 -2.658 -2.577 -2.489 -2.395 -2.294 -2.187 -2.074 -1.957 -1.842 
-1.740 -1.668 -1.639 -1.643 -1.664 -1.691 -1.717 -1.742 -1.766 -1.790 
-1.813 -1.832 -1.846 -1.853 -1.852 -1.843 -1.827 -1.806 -1.781 -1.758 
-1.741 -1.735 -1.746 -1.776 -1.827 -1.898 -1.983 -2.078 -2.176 -2.273 
-2.368 -2.458 -2.543 -2.624 -2.699 -2.769 -2.834 -2.895 -2.951 -3.004 
-3.042 
-2.998 -3.029 -3.076 -3.119 -3.160 -3.197 -3.232 -3.263 -3.292 -3.319 
-3.342 -3.363 -3.382 -3.399 -3.413 -3.424 -3.434 -3.441 -3.446 -3.448 
-3.449 -3.447 -3.443 -3.436 -3.428 -3.417 -3.403 -3.388 -3.369 -3.349 
-3.325 -3.300 -3.271 -3.239 -3.205 -3.167 -3.126 -3.082 -3.033 -2.981 
-2.925 -2.864 -2.798 -2.727 -2.651 -2.568 -2.480 -2.385 -2.285 -2.180 
-2.073 -1.968 -1.869 -1.780 -1.706 -1.645 -1.595 -1.560 -1.543 -1.547 
-1.567 -1.596 -1.626 -1.654 -1.675 -1.690 -1.696 -1.694 -1.685 -1.670 
-1.651 -1.630 -1.620 -1.637 -1.693 -1.776 -1.869 -1.965 -2.062 -2.158 
-2.252 -2.344 -2.431 -2.515 -2.594 -2.668 -2.739 -2.804 -2.866 -2.924 
-2.979 
-3.069 -3.118 -3.165 -3.208 -3.247 -3.284 -3.317 -3.347 -3.374 -3.399 
-3.420 -3.439 -3.456 -3.470 -3.482 -3.491 -3.498 -3.503 -3.505 -3.505 
-3.502 -3.497 -3.490 -3.480 -3.468 -3.454 -3.437 -3.417 -3.395 -3.370 
-3.342 -3.311 -3.277 -3.240 -3.200 -3.156 -3.108 -3.056 -3.000 -2.939 
-2.872 -2.801 -2.723 -2.638 -2.546 -2.446 -2.337 -2.221 -2.097 -1.968 
-1.841 -1.721 -1.617 -1.542 -1.507 -1.514 -1.549 -1.596 -1.644 -1.688 
-1.728 -1.759 -1.781 -1.792 -1.790 -1.775 -1.746 -1.702 -1.641 -1.565 
-1.476 -1.387 -1.324 -1.321 -1.393 -1.523 -1.680 -1.840 -1.992 -2.131 
-2.258 -2.373 -2.478 -2.575 -2.664 -2.745 -2.820 -2.890 -2.954 -3.013 
-3.052 
-3.095 -3.129 -3.175 -3.217 -3.255 -3.290 -3.321 -3.350 -3.376 -3.398 
-3.418 -3.436 -3.451 -3.463 -3.472 -3.480 -3.484 -3.487 -3.487 -3.484 
-3.479 -3.472 -3.462 -3.449 -3.434 -3.417 -3.396 -3.373 -3.348 -3.319 
-3.287 -3.252 -3.213 -3.171 -3.125 -3.075 -3.021 -2.962 -2.899 -2.829 
-2.754 -2.672 -2.583 -2.487 -2.382 -2.269 -2.149 -2.025 -1.902 -1.790 
-1.703 -1.649 -1.630 -1.642 -1.680 -1.736 -1.799 -1.861 -1.915 -1.959 
-1.992 -2.014 -2.025 -2.024 -2.013 -1.990 -1.956 -1.910 -1.852 -1.781 
-1.701 -1.618 -1.548 -1.515 -1.537 -1.613 -1.728 -1.863 -2.003 -2.139 
-2.266 -2.382 -2.489 -2.587 -2.676 -2.758 -2.834 -2.903 -2.967 -3.026 
-3.076 
-3.190 -3.229 -3.273 -3.313 -3.350 -3.384 -3.415 -3.443 -3.468 -3.491 
-3.510 -3.527 -3.542 -3.554 -3.564 -3.571 -3.576 -3.578 -3.579 -3.576 
-3.572 -3.565 -3.555 -3.543 -3.529 -3.512 -3.493 -3.470 -3.445 -3.418 
-3.387 -3.353 -3.316 -3.275 -3.231 -3.183 -3.131 -3.075 -3.013 -2.947 
-2.875 -2.796 -2.711 -2.618 -2.517 -2.407 -2.288 -2.160 -2.024 -1.886 
-1.755 -1.646 -1.576 -1.559 -1.593 -1.660 -1.737 -1.812 -1.877 -1.930 
-1.971 -2.000 -2.016 -2.022 -2.017 -2.000 -1.974 -1.937 -1.890 -1.836 
-1.778 -1.722 -1.684 -1.686 -1.740 -1.832 -1.946 -2.070 -2.193 -2.313 
-2.425 -2.529 -2.626 -2.716 -2.799 -2.876 -2.947 -3.012 -3.073 -3.129 
-3.174 
-3.314 -3.369 -3.414 -3.456 -3.494 -3.528 -3.560 -3.588 -3.614 -3.637 
-3.657 -3.675 -3.690 -3.702 -3.712 -3.720 -3.725 -3.728 -3.729 -3.727 
-3.723 -3.716 -3.707 -3.695 -3.681 -3.665 -3.646 -3.624 -3.599 -3.572 
-3.542 -3.508 -3.471 -3.431 -3.388 -3.340 -3.289 -3.233 -3.172 -3.106 
-3.035 -2.957 -2.872 -2.779 -2.677 -2.566 -2.443 -2.308 -2.160 -2.002 
-1.841 -1.696 -1.592 -1.553 -1.582 -1.657 -1.749 -1.838 -1.915 -1.976 
-2.022 -2.053 -2.070 -2.072 -2.061 -2.036 -1.996 -1.939 -1.866 -1.774 
-1.669 -1.564 -1.494 -1.499 -1.593 -1.747 -1.921 -2.090 -2.247 -2.389 
-2.518 -2.634 -2.740 -2.836 -2.924 -3.004 -3.078 -3.146 -3.209 -3.267 
-3.299 
-3.246 -3.284 -3.328 -3.368 -3.405 -3.439 -3.469 -3.496 -3.520 -3.542 
-3.561 -3.577 -3.591 -3.602 -3.610 -3.617 -3.620 -3.622 -3.621 -3.617 
-3.611 -3.603 -3.592 -3.578 -3.562 -3.544 -3.523 -3.498 -3.472 -3.442 
-3.409 -3.372 -3.333 -3.289 -3.242 -3.191 -3.135 -3.075 -3.009 -2.938 
-2.860 -2.776 -2.685 -2.585 -2.477 -2.360 -2.234 -2.100 -1.962 -1.825 
-1.702 -1.613 -1.578 -1.602 -1.669 -1.755 -1.842 -1.917 -1.979 -2.027 
-2.061 -2.083 -2.092 -2.089 -2.074 -2.048 -2.011 -1.962 -1.904 -1.837 
-1.764 -1.691 -1.636 -1.624 -1.674 -1.775 -1.906 -2.050 -2.193 -2.327 
-2.451 -2.564 -2.668 -2.762 -2.848 -2.928 -3.000 -3.067 -3.128 -3.185 
-3.228 
-3.170 -3.195 -3.232 -3.266 -3.296 -3.324 -3.349 -3.371 -3.390 -3.407 
-3.422 -3.433 -3.443 -3.450 -3.454 -3.457 -3.457 -3.454 -3.449 -3.442 
-3.432 -3.420 -3.406 -3.388 -3.369 -3.346 -3.321 -3.293 -3.262 -3.228 
-3.191 -3.151 -3.107 -3.059 -3.007 -2.951 -2.890 -2.825 -2.754 -2.677 
-2.595 -2.506 -2.410 -2.308 -2.200 -2.087 -1.975 -1.868 -1.776 -1.706 
-1.663 -1.648 -1.662 -1.700 -1.750 -1.802 -1.849 -1.889 -1.919 -1.940 
-1.952 -1.953 -1.945 -1.928 -1.902 -1.868 -1.827 -1.784 -1.743 -1.712 
-1.699 -1.708 -1.742 -1.800 -1.880 -1.981 -2.092 -2.205 -2.315 -2.417 
-2.513 -2.602 -2.685 -2.761 -2.831 -2.896 -2.957 -3.012 -3.064 -3.111 
-3.155 
-3.223 -3.259 -3.301 -3.340 -3.375 -3.407 -3.436 -3.462 -3.486 -3.507 
-3.525 -3.541 -3.554 -3.565 -3.574 -3.580 -3.583 -3.585 -3.584 -3.580 
-3.575 -3.566 -3.556 -3.543 -3.528 -3.510 -3.489 -3.466 -3.440 -3.411 
-3.379 -3.344 -3.306 -3.264 -3.219 -3.170 -3.117 -3.060 -2.997 -2.930 
-2.858 -2.780 -2.695 -2.605 -2.507 -2.404 -2.296 -2.187 -2.080 -1.982 
-1.898 -1.836 -1.802 -1.798 -1.818 -1.854 -1.898 -1.943 -1.983 -2.017 
-2.043 -2.061 -2.069 -2.068 -2.059 -2.041 -2.017 -1.987 -1.955 -1.924 
-1.902 -1.893 -1.901 -1.923 -1.956 -1.992 -2.039 -2.124 -2.242 -2.366 
-2.481 -2.586 -2.681 -2.769 -2.849 -2.922 -2.990 -3.053 -3.111 -3.164 
-3.207 
-3.299 -3.359 -3.412 -3.461 -3.505 -3.545 -3.582 -3.615 -3.646 -3.672 
-3.696 -3.718 -3.736 -3.751 -3.764 -3.775 -3.782 -3.788 -3.790 -3.791 
-3.789 -3.784 -3.777 -3.767 -3.754 -3.739 -3.722 -3.701 -3.678 -3.652 
-3.623 -3.591 -3.555 -3.516 -3.473 -3.426 -3.375 -3.320 -3.259 -3.193 
-3.122 -3.043 -2.958 -2.865 -2.762 -2.650 -2.528 -2.395 -2.254 -2.114 
-1.990 -1.908 -1.885 -1.919 -1.987 -2.069 -2.149 -2.223 -2.285 -2.337 
-2.378 -2.408 -2.428 -2.438 -2.438 -2.428 -2.410 -2.381 -2.343 -2.296 
-2.239 -2.170 -2.089 -1.992 -1.882 -1.782 -1.738 -1.791 -1.927 -2.100 
-2.274 -2.433 -2.576 -2.702 -2.816 -2.918 -3.010 -3.093 -3.169 -3.238 
-3.280 
-3.257 -3.290 -3.343 -3.392 -3.437 -3.478 -3.515 -3.549 -3.579 -3.607 
-3.631 -3.652 -3.671 -3.687 -3.700 -3.711 -3.718 -3.724 -3.727 -3.727 
-3.725 -3.720 -3.713 -3.703 -3.690 -3.675 -3.657 -3.636 -3.612 -3.585 
-3.556 -3.522 -3.486 -3.445 -3.401 -3.353 -3.300 -3.242 -3.179 -3.110 
-3.035 -2.952 -2.861 -2.761 -2.650 -2.528 -2.393 -2.246 -2.091 -1.942 
-1.825 -1.769 -1.782 -1.851 -1.949 -2.051 -2.145 -2.228 -2.296 -2.352 
-2.396 -2.429 -2.450 -2.462 -2.464 -2.455 -2.437 -2.407 -2.366 -2.311 
-2.241 -2.153 -2.043 -1.920 -1.832 -1.833 -1.870 -1.935 -2.035 -2.156 
-2.285 -2.414 -2.536 -2.651 -2.756 -2.854 -2.943 -3.025 -3.100 -3.169 
-3.234 
-3.359 -3.411 -3.459 -3.502 -3.542 -3.579 -3.612 -3.641 -3.668 -3.692 
-3.712 -3.730 -3.746 -3.758 -3.768 -3.776 -3.780 -3.783 -3.783 -3.780 
-3.775 -3.767 -3.757 -3.744 -3.729 -3.710 -3.689 -3.665 -3.639 -3.609 
-3.575 -3.539 -3.499 -3.455 -3.406 -3.354 -3.296 -3.234 -3.166 -3.091 
-3.009 -2.919 -2.820 -2.711 -2.590 -2.455 -2.305 -2.143 -1.977 -1.830 
-1.735 -1.717 -1.770 -1.864 -1.970 -2.070 -2.157 -2.229 -2.287 -2.332 
-2.363 -2.383 -2.390 -2.387 -2.371 -2.343 -2.301 -2.244 -2.170 -2.076 
-1.957 -1.811 -1.643 -1.489 -1.428 -1.521 -1.719 -1.937 -2.133 -2.305 
-2.457 -2.593 -2.715 -2.824 -2.924 -3.014 -3.096 -3.170 -3.239 -3.301 
-3.343 
-3.405 -3.450 -3.494 -3.535 -3.573 -3.607 -3.638 -3.666 -3.690 -3.713 
-3.732 -3.749 -3.763 -3.775 -3.784 -3.790 -3.795 -3.796 -3.796 -3.793 
-3.787 -3.780 -3.769 -3.756 -3.741 -3.723 -3.702 -3.679 -3.653 -3.624 
-3.592 -3.556 -3.517 -3.475 -3.429 -3.379 -3.324 -3.265 -3.201 -3.132 
-3.056 -2.974 -2.884 -2.786 -2.680 -2.563 -2.436 -2.300 -2.157 -2.021 
-1.912 -1.852 -1.846 -1.883 -1.947 -2.020 -2.091 -2.154 -2.206 -2.246 
-2.274 -2.291 -2.297 -2.291 -2.273 -2.244 -2.201 -2.145 -2.075 -1.991 
-1.896 -1.800 -1.718 -1.670 -1.687 -1.804 -1.978 -2.154 -2.316 -2.462 
-2.593 -2.712 -2.819 -2.916 -3.005 -3.086 -3.160 -3.228 -3.291 -3.348 
-3.389 
-3.362 -3.397 -3.440 -3.481 -3.517 -3.551 -3.581 -3.609 -3.633 -3.655 
-3.674 -3.690 -3.704 -3.716 -3.725 -3.732 -3.736 -3.738 -3.737 -3.734 
-3.729 -3.721 -3.711 -3.698 -3.683 -3.666 -3.646 -3.623 -3.597 -3.569 
-3.537 -3.503 -3.465 -3.424 -3.380 -3.332 -3.280 -3.224 -3.163 -3.098 
-3.027 -2.952 -2.870 -2.783 -2.690 -2.590 -2.485 -2.375 -2.263 -2.154 
-2.064 -2.012 -2.006 -2.034 -2.077 -2.125 -2.170 -2.211 -2.245 -2.271 
-2.289 -2.298 -2.298 -2.289 -2.271 -2.242 -2.203 -2.153 -2.094 -2.026 
-1.953 -1.884 -1.834 -1.823 -1.866 -1.958 -2.078 -2.209 -2.340 -2.466 
-2.583 -2.691 -2.790 -2.882 -2.966 -3.044 -3.115 -3.181 -3.242 -3.298 
-3.345 
-3.392 -3.424 -3.469 -3.510 -3.547 -3.581 -3.612 -3.639 -3.664 -3.686 
-3.705 -3.722 -3.736 -3.747 -3.756 -3.762 -3.766 -3.768 -3.767 -3.763 
-3.757 -3.749 -3.738 -3.725 -3.709 -3.690 -3.669 -3.645 -3.618 -3.588 
-3.554 -3.518 -3.478 -3.434 -3.386 -3.335 -3.278 -3.217 -3.150 -3.077 
-2.998 -2.911 -2.816 -2.711 -2.596 -2.469 -2.329 -2.177 -2.019 -1.870 
-1.760 -1.716 -1.745 -1.824 -1.921 -2.015 -2.098 -2.166 -2.221 -2.263 
-2.292 -2.309 -2.316 -2.310 -2.294 -2.266 -2.225 -2.172 -2.105 -2.025 
-1.935 -1.841 -1.761 -1.722 -1.755 -1.857 -1.998 -2.152 -2.302 -2.443 
-2.571 -2.688 -2.795 -2.891 -2.980 -3.061 -3.135 -3.203 -3.266 -3.323 
-3.374 
-3.502 -3.558 -3.601 -3.641 -3.677 -3.709 -3.739 -3.765 -3.789 -3.810 
-3.828 -3.843 -3.856 -3.866 -3.874 -3.879 -3.881 -3.882 -3.880 -3.875 
-3.868 -3.858 -3.846 -3.831 -3.814 -3.794 -3.771 -3.746 -3.717 -3.685 
-3.650 -3.612 -3.570 -3.525 -3.475 -3.421 -3.362 -3.299 -3.230 -3.154 
-3.072 -2.983 -2.886 -2.779 -2.663 -2.536 -2.399 -2.254 -2.109 -1.979 
-1.890 -1.865 -1.905 -1.985 -2.076 -2.162 -2.236 -2.297 -2.344 -2.378 
-2.399 -2.409 -2.407 -2.393 -2.367 -2.329 -2.278 -2.214 -2.139 -2.053 
-1.960 -1.859 -1.762 -1.711 -1.752 -1.884 -2.064 -2.248 -2.419 -2.571 
-2.706 -2.826 -2.934 -3.032 -3.120 -3.201 -3.274 -3.341 -3.402 -3.459 
-3.487 
-3.388 -3.432 -3.471 -3.507 -3.539 -3.569 -3.595 -3.618 -3.639 -3.657 
-3.672 -3.685 -3.695 -3.702 -3.707 -3.710 -3.710 -3.708 -3.704 -3.697 
-3.687 -3.675 -3.661 -3.644 -3.624 -3.602 -3.577 -3.549 -3.518 -3.483 
-3.446 -3.405 -3.361 -3.313 -3.261 -3.204 -3.143 -3.077 -3.006 -2.929 
-2.846 -2.757 -2.660 -2.558 -2.449 -2.337 -2.225 -2.121 -2.035 -1.974 
-1.944 -1.946 -1.976 -2.020 -2.069 -2.114 -2.154 -2.185 -2.207 -2.220 
-2.222 -2.214 -2.196 -2.166 -2.126 -2.076 -2.016 -1.951 -1.889 -1.841 
-1.823 -1.840 -1.886 -1.951 -2.047 -2.172 -2.299 -2.413 -2.515 -2.610 
-2.703 -2.793 -2.879 -2.961 -3.037 -3.108 -3.174 -3.235 -3.290 -3.342 
-3.376 
-3.220 -3.255 -3.306 -3.352 -3.394 -3.433 -3.468 -3.499 -3.527 -3.552 
-3.575 -3.594 -3.610 -3.624 -3.634 -3.643 -3.648 -3.651 -3.651 -3.649 
-3.644 -3.636 -3.626 -3.612 -3.597 -3.578 -3.556 -3.531 -3.503 -3.472 
-3.438 -3.399 -3.357 -3.311 -3.260 -3.204 -3.144 -3.077 -3.004 -2.925 
-2.837 -2.742 -2.638 -2.524 -2.403 -2.279 -2.160 -2.062 -2.001 -1.984 
-2.003 -2.042 -2.092 -2.151 -2.217 -2.283 -2.343 -2.395 -2.438 -2.471 
-2.495 -2.509 -2.514 -2.509 -2.495 -2.471 -2.438 -2.398 -2.353 -2.312 
-2.283 -2.272 -2.271 -2.268 -2.261 -2.252 -2.249 -2.260 -2.290 -2.341 
-2.410 -2.493 -2.583 -2.675 -2.764 -2.850 -2.931 -3.006 -3.076 -3.141 
-3.199 
-3.194 -3.233 -3.282 -3.327 -3.368 -3.406 -3.441 -3.472 -3.501 -3.526 
-3.548 -3.568 -3.585 -3.600 -3.612 -3.621 -3.628 -3.632 -3.634 -3.634 
-3.631 -3.625 -3.617 -3.607 -3.593 -3.578 -3.559 -3.538 -3.514 -3.487 
-3.457 -3.423 -3.386 -3.346 -3.302 -3.254 -3.201 -3.144 -3.081 -3.013 
-2.939 -2.857 -2.769 -2.672 -2.566 -2.454 -2.336 -2.218 -2.109 -2.011 
-1.927 -1.865 -1.838 -1.852 -1.900 -1.966 -2.037 -2.106 -2.167 -2.218 
-2.259 -2.290 -2.312 -2.324 -2.327 -2.322 -2.308 -2.286 -2.256 -2.219 
-2.176 -2.131 -2.087 -2.051 -2.031 -2.035 -2.065 -2.120 -2.195 -2.284 
-2.380 -2.479 -2.576 -2.670 -2.759 -2.843 -2.920 -2.993 -3.060 -3.122 
-3.167 
