IRGRID 64 91
1e+308

0.025 0.03 0.035 0.04 0.045 0.05 0.055 0.06 0.065 0.07
0.075 0.08 0.085 0.09 0.095 0.1 0.11 0.12 0.13 0.14
0.15 0.16 0.17 0.18 0.19 0.2 0.21 0.22 0.23 0.24
0.25 0.26 0.27 0.28 0.29 0.3 0.31 0.32 0.33 0.34
0.35 0.36 0.37 0.38 0.39 0.4 0.41 0.42 0.43 0.44
0.45 0.46 0.47 0.48 0.49 0.5 0.51 0.52 0.53 0.54
0.55 0.56 0.57 0.58
0 4 8 12 16 20 24 28 32 36
40 44 48 52 56 60 64 68 72 76
80 84 88 92 96 100 104 108 112 116
120 124 128 132 136 140 144 148 152 156
160 164 168 172 176 180 184 188 192 196
200 204 208 212 216 220 224 228 232 236
240 244 248 252 256 260 264 268 272 276
280 284 288 292 296 300 304 308 312 316
320 324 328 332 336 340 344 348 352 356
360
-4.000 -4.000 -4.000 -4.000 -4.000 -3.971 -3.851 -3.734 -3.642 -3.608 
-3.648 -3.746 -3.870 -3.995 -4.000 -4.000 -4.000 -4.000 -4.000 -4.000 
-4.000 -4.000 -4.000 -4.000 -4.000 -4.000 -4.000 -4.000 -4.000 -4.000 
-4.000 -4.000 -4.000 -4.000 -4.000 -4.000 -4.000 -4.000 -4.000 -4.000 
-4.000 -4.000 -4.000 -4.000 -4.000 -4.000 -4.000 -4.000 -4.000 -4.000 
-3.993 -3.906 -3.855 -3.856 -3.906 -3.986 -4.000 -4.000 -4.000 -4.000 
-4.000 -4.000 -4.000 -4.000 -4.000 -4.000 -4.000 -4.000 -4.000 -4.000 
-4.000 -4.000 -4.000 -4.000 -4.000 -4.000 -4.000 -4.000 -4.000 -4.000 
-4.000 -4.000 -4.000 -4.000 -4.000 -4.000 -4.000 -4.000 -4.000 -4.000 
-4.000 
-3.829 -3.802 -3.744 -3.680 -3.610 -3.536 -3.465 -3.404 -3.366 -3.361 
-3.395 -3.458 -3.537 -3.620 -3.703 -3.780 -3.850 -3.914 -3.971 -4.000 
-4.000 -4.000 -4.000 -4.000 -4.000 -4.000 -4.000 -4.000 -4.000 -4.000 
-4.000 -4.000 -4.000 -4.000 -4.000 -4.000 -4.000 -4.000 -4.000 -4.000 
-4.000 -4.000 -4.000 -3.964 -3.911 -3.853 -3.789 -3.720 -3.645 -3.566 
-3.484 -3.403 -3.334 -3.287 -3.273 -3.295 -3.344 -3.411 -3.483 -3.557 
-3.627 -3.694 -3.756 -3.812 -3.864 -3.911 -3.952 -3.990 -4.000 -4.000 
-4.000 -4.000 -4.000 -4.000 -4.000 -4.000 -4.000 -4.000 -4.000 -4.000 
-4.000 -4.000 -4.000 -4.000 -4.000 -4.000 -4.000 -3.974 -3.938 -3.898 
-3.848 
-3.554 -3.521 -3.515 -3.510 -3.505 -3.501 -3.497 -3.495 -3.498 -3.507 
-3.524 -3.545 -3.566 -3.583 -3.594 -3.598 -3.595 -3.586 -3.572 -3.556 
-3.543 -3.539 -3.545 -3.562 -3.588 -3.617 -3.647 -3.674 -3.698 -3.716 
-3.729 -3.737 -3.740 -3.738 -3.731 -3.719 -3.703 -3.681 -3.655 -3.625 
-3.589 -3.547 -3.501 -3.448 -3.389 -3.323 -3.250 -3.170 -3.082 -2.988 
-2.892 -2.797 -2.716 -2.660 -2.640 -2.659 -2.709 -2.775 -2.843 -2.904 
-2.954 -3.000 -3.049 -3.109 -3.175 -3.242 -3.305 -3.362 -3.412 -3.455 
-3.492 -3.524 -3.550 -3.572 -3.589 -3.602 -3.612 -3.619 -3.622 -3.622 
-3.620 -3.616 -3.609 -3.601 -3.591 -3.581 -3.570 -3.559 -3.548 -3.538 
-3.556 
-3.696 -3.716 -3.704 -3.690 -3.674 -3.654 -3.632 -3.606 -3.576 -3.542 
-3.502 -3.457 -3.407 -3.351 -3.290 -3.224 -3.153 -3.082 -3.011 -2.947 
-2.894 -2.861 -2.854 -2.875 -2.919 -2.978 -3.043 -3.110 -3.174 -3.235 
-3.290 -3.339 -3.383 -3.421 -3.454 -3.481 -3.503 -3.520 -3.532 -3.539 
-3.541 -3.538 -3.530 -3.517 -3.497 -3.472 -3.440 -3.401 -3.356 -3.302 
-3.242 -3.176 -3.110 -3.050 -3.001 -2.961 -2.919 -2.866 -2.801 -2.728 
-2.659 -2.604 -2.569 -2.557 -2.585 -2.670 -2.789 -2.912 -3.026 -3.128 
-3.218 -3.297 -3.367 -3.429 -3.483 -3.530 -3.572 -3.608 -3.639 -3.666 
-3.688 -3.706 -3.720 -3.731 -3.738 -3.743 -3.744 -3.743 -3.740 -3.734 
-3.699 
-3.626 -3.609 -3.597 -3.580 -3.560 -3.537 -3.509 -3.477 -3.440 -3.399 
-3.352 -3.301 -3.243 -3.180 -3.110 -3.033 -2.950 -2.861 -2.770 -2.680 
-2.601 -2.544 -2.519 -2.529 -2.570 -2.630 -2.699 -2.770 -2.840 -2.907 
-2.970 -3.029 -3.082 -3.131 -3.174 -3.212 -3.244 -3.272 -3.294 -3.311 
-3.324 -3.332 -3.335 -3.333 -3.327 -3.315 -3.298 -3.276 -3.248 -3.214 
-3.172 -3.124 -3.066 -2.998 -2.920 -2.827 -2.722 -2.605 -2.491 -2.405 
-2.355 -2.301 -2.222 -2.148 -2.132 -2.200 -2.330 -2.482 -2.630 -2.764 
-2.882 -2.985 -3.076 -3.156 -3.227 -3.289 -3.345 -3.394 -3.437 -3.475 
-3.508 -3.536 -3.561 -3.581 -3.597 -3.609 -3.618 -3.623 -3.625 -3.623 
-3.629 
-3.313 -3.372 -3.368 -3.362 -3.352 -3.339 -3.322 -3.302 -3.279 -3.252 
-3.221 -3.186 -3.147 -3.105 -3.057 -3.005 -2.949 -2.887 -2.822 -2.754 
-2.686 -2.622 -2.565 -2.519 -2.484 -2.459 -2.447 -2.448 -2.463 -2.488 
-2.522 -2.561 -2.603 -2.646 -2.687 -2.725 -2.760 -2.791 -2.817 -2.839 
-2.856 -2.868 -2.874 -2.876 -2.872 -2.863 -2.847 -2.825 -2.797 -2.760 
-2.716 -2.661 -2.596 -2.518 -2.425 -2.316 -2.193 -2.065 -1.958 -1.908 
-1.938 -2.022 -2.108 -2.160 -2.181 -2.189 -2.191 -2.205 -2.251 -2.332 
-2.434 -2.540 -2.643 -2.738 -2.824 -2.901 -2.970 -3.031 -3.086 -3.134 
-3.177 -3.215 -3.248 -3.277 -3.302 -3.322 -3.339 -3.352 -3.362 -3.369 
-3.314 
-2.772 -2.784 -2.794 -2.800 -2.804 -2.804 -2.800 -2.794 -2.784 -2.770 
-2.754 -2.733 -2.709 -2.682 -2.651 -2.617 -2.578 -2.536 -2.491 -2.443 
-2.392 -2.340 -2.287 -2.236 -2.189 -2.149 -2.118 -2.098 -2.092 -2.098 
-2.115 -2.140 -2.169 -2.201 -2.231 -2.258 -2.278 -2.291 -2.295 -2.287 
-2.265 -2.228 -2.172 -2.096 -1.997 -1.875 -1.735 -1.594 -1.488 -1.459 
-1.508 -1.597 -1.690 -1.770 -1.829 -1.868 -1.887 -1.886 -1.870 -1.848 
-1.828 -1.801 -1.757 -1.697 -1.625 -1.553 -1.496 -1.473 -1.492 -1.549 
-1.631 -1.722 -1.815 -1.906 -1.994 -2.077 -2.157 -2.231 -2.300 -2.365 
-2.424 -2.478 -2.528 -2.572 -2.613 -2.649 -2.681 -2.709 -2.733 -2.753 
-2.769 
-2.553 -2.567 -2.596 -2.621 -2.644 -2.663 -2.680 -2.694 -2.706 -2.715 
-2.721 -2.724 -2.724 -2.722 -2.717 -2.708 -2.697 -2.683 -2.665 -2.645 
-2.621 -2.595 -2.565 -2.534 -2.502 -2.469 -2.437 -2.407 -2.379 -2.351 
-2.323 -2.291 -2.254 -2.211 -2.161 -2.102 -2.034 -1.958 -1.872 -1.777 
-1.673 -1.563 -1.452 -1.342 -1.230 -1.106 -0.970 -0.836 -0.741 -0.715 
-0.763 -0.855 -0.962 -1.062 -1.149 -1.221 -1.279 -1.324 -1.357 -1.380 
-1.393 -1.397 -1.393 -1.383 -1.367 -1.348 -1.329 -1.317 -1.317 -1.330 
-1.358 -1.398 -1.451 -1.514 -1.585 -1.660 -1.738 -1.815 -1.891 -1.965 
-2.035 -2.101 -2.164 -2.223 -2.279 -2.330 -2.378 -2.422 -2.463 -2.501 
-2.540 
-2.446 -2.494 -2.519 -2.540 -2.559 -2.576 -2.590 -2.601 -2.610 -2.617 
-2.621 -2.622 -2.621 -2.618 -2.613 -2.605 -2.594 -2.581 -2.566 -2.548 
-2.527 -2.504 -2.478 -2.449 -2.417 -2.382 -2.343 -2.301 -2.256 -2.206 
-2.153 -2.094 -2.031 -1.963 -1.888 -1.808 -1.720 -1.624 -1.521 -1.412 
-1.301 -1.195 -1.106 -1.048 -1.027 -1.035 -1.052 -1.062 -1.066 -1.085 
-1.131 -1.187 -1.236 -1.273 -1.295 -1.304 -1.300 -1.283 -1.252 -1.208 
-1.148 -1.071 -0.980 -0.885 -0.817 -0.818 -0.888 -0.985 -1.073 -1.148 
-1.219 -1.292 -1.370 -1.454 -1.540 -1.626 -1.710 -1.791 -1.868 -1.940 
-2.008 -2.072 -2.131 -2.186 -2.237 -2.284 -2.327 -2.367 -2.403 -2.437 
-2.439 
-2.122 -2.142 -2.159 -2.173 -2.184 -2.193 -2.199 -2.203 -2.203 -2.202 
-2.198 -2.191 -2.181 -2.169 -2.155 -2.138 -2.118 -2.096 -2.072 -2.046 
-2.018 -1.988 -1.958 -1.927 -1.896 -1.867 -1.838 -1.812 -1.786 -1.762 
-1.737 -1.711 -1.682 -1.650 -1.615 -1.575 -1.531 -1.484 -1.432 -1.378 
-1.322 -1.266 -1.213 -1.169 -1.137 -1.116 -1.099 -1.085 -1.071 -1.056 
-1.039 -1.020 -0.997 -0.970 -0.938 -0.899 -0.851 -0.794 -0.725 -0.643 
-0.546 -0.433 -0.310 -0.190 -0.093 0.010 0.298 -0.063 -0.400 -0.622 
-0.796 -0.944 -1.074 -1.189 -1.292 -1.386 -1.472 -1.550 -1.622 -1.687 
-1.747 -1.802 -1.853 -1.899 -1.941 -1.980 -2.015 -2.047 -2.075 -2.100 
-2.114 
-1.906 -1.903 -1.911 -1.915 -1.917 -1.916 -1.912 -1.905 -1.896 -1.883 
-1.868 -1.849 -1.828 -1.805 -1.778 -1.749 -1.718 -1.685 -1.649 -1.613 
-1.575 -1.538 -1.501 -1.467 -1.436 -1.409 -1.388 -1.373 -1.365 -1.363 
-1.367 -1.375 -1.387 -1.399 -1.411 -1.422 -1.430 -1.435 -1.436 -1.432 
-1.425 -1.414 -1.399 -1.383 -1.364 -1.345 -1.326 -1.306 -1.285 -1.263 
-1.240 -1.215 -1.186 -1.153 -1.115 -1.070 -1.016 -0.953 -0.879 -0.790 
-0.684 -0.554 -0.395 -0.191 0.098 0.538 0.851 0.585 0.114 -0.265 
-0.522 -0.719 -0.878 -1.012 -1.127 -1.227 -1.315 -1.394 -1.464 -1.527 
-1.583 -1.634 -1.679 -1.720 -1.756 -1.788 -1.815 -1.840 -1.860 -1.878 
-1.902 
-1.844 -1.882 -1.902 -1.920 -1.936 -1.949 -1.961 -1.970 -1.977 -1.982 
-1.984 -1.984 -1.982 -1.977 -1.970 -1.961 -1.949 -1.935 -1.918 -1.899 
-1.878 -1.856 -1.832 -1.807 -1.781 -1.756 -1.731 -1.708 -1.685 -1.662 
-1.639 -1.614 -1.588 -1.559 -1.527 -1.492 -1.454 -1.414 -1.371 -1.326 
-1.281 -1.235 -1.191 -1.147 -1.106 -1.068 -1.033 -1.000 -0.970 -0.941 
-0.913 -0.884 -0.854 -0.820 -0.782 -0.737 -0.683 -0.617 -0.536 -0.434 
-0.299 -0.108 0.174 0.320 0.294 0.395 0.549 0.299 0.020 -0.220 
-0.425 -0.599 -0.748 -0.877 -0.992 -1.093 -1.184 -1.265 -1.340 -1.407 
-1.468 -1.524 -1.576 -1.623 -1.666 -1.706 -1.742 -1.776 -1.806 -1.834 
-1.837 
-1.686 -1.684 -1.705 -1.725 -1.744 -1.762 -1.779 -1.795 -1.810 -1.824 
-1.837 -1.849 -1.860 -1.870 -1.878 -1.886 -1.891 -1.896 -1.899 -1.901 
-1.901 -1.899 -1.896 -1.891 -1.885 -1.877 -1.867 -1.856 -1.844 -1.829 
-1.813 -1.796 -1.777 -1.756 -1.734 -1.710 -1.685 -1.658 -1.630 -1.600 
-1.568 -1.535 -1.501 -1.466 -1.429 -1.392 -1.353 -1.313 -1.271 -1.226 
-1.177 -1.123 -1.063 -0.994 -0.916 -0.826 -0.719 -0.593 -0.439 -0.244 
0.015 0.366 0.694 0.782 0.575 0.350 0.117 -0.111 -0.318 -0.492 
-0.636 -0.757 -0.861 -0.950 -1.029 -1.099 -1.162 -1.219 -1.270 -1.317 
-1.361 -1.400 -1.437 -1.472 -1.504 -1.534 -1.563 -1.589 -1.615 -1.639 
-1.677 
-1.833 -1.850 -1.866 -1.879 -1.890 -1.900 -1.907 -1.913 -1.917 -1.918 
-1.919 -1.917 -1.913 -1.908 -1.901 -1.892 -1.881 -1.869 -1.855 -1.840 
-1.823 -1.805 -1.785 -1.765 -1.743 -1.720 -1.697 -1.673 -1.649 -1.625 
-1.600 -1.576 -1.552 -1.528 -1.505 -1.482 -1.461 -1.440 -1.420 -1.401 
-1.382 -1.365 -1.348 -1.331 -1.314 -1.295 -1.275 -1.253 -1.227 -1.199 
-1.165 -1.127 -1.083 -1.033 -0.974 -0.905 -0.825 -0.731 -0.617 -0.477 
-0.299 -0.060 0.270 0.548 0.673 0.573 0.332 0.016 -0.258 -0.473 
-0.648 -0.793 -0.917 -1.025 -1.119 -1.204 -1.279 -1.347 -1.408 -1.464 
-1.515 -1.562 -1.604 -1.643 -1.678 -1.710 -1.740 -1.767 -1.791 -1.813 
-1.828 
-2.137 -2.168 -2.181 -2.193 -2.202 -2.208 -2.213 -2.215 -2.215 -2.212 
-2.208 -2.201 -2.192 -2.180 -2.167 -2.151 -2.134 -2.114 -2.092 -2.067 
-2.041 -2.012 -1.981 -1.948 -1.912 -1.875 -1.836 -1.795 -1.753 -1.710 
-1.665 -1.621 -1.577 -1.533 -1.490 -1.449 -1.410 -1.373 -1.340 -1.311 
-1.285 -1.264 -1.246 -1.232 -1.221 -1.210 -1.200 -1.189 -1.176 -1.160 
-1.139 -1.114 -1.082 -1.043 -0.995 -0.936 -0.865 -0.777 -0.668 -0.530 
-0.349 -0.094 0.311 0.733 0.884 0.538 0.046 -0.304 -0.563 -0.767 
-0.935 -1.078 -1.202 -1.311 -1.408 -1.495 -1.573 -1.644 -1.709 -1.768 
-1.822 -1.871 -1.916 -1.957 -1.994 -2.028 -2.058 -2.086 -2.110 -2.132 
-2.132 
-2.273 -2.298 -2.310 -2.318 -2.325 -2.328 -2.329 -2.328 -2.324 -2.317 
-2.308 -2.297 -2.283 -2.266 -2.247 -2.225 -2.200 -2.173 -2.144 -2.111 
-2.076 -2.039 -1.999 -1.956 -1.912 -1.866 -1.819 -1.771 -1.724 -1.678 
-1.634 -1.595 -1.560 -1.530 -1.507 -1.489 -1.476 -1.466 -1.460 -1.454 
-1.450 -1.445 -1.439 -1.432 -1.424 -1.414 -1.403 -1.389 -1.372 -1.353 
-1.330 -1.303 -1.271 -1.232 -1.185 -1.129 -1.061 -0.978 -0.877 -0.750 
-0.587 -0.367 -0.051 0.379 0.602 0.299 -0.085 -0.427 -0.690 -0.899 
-1.072 -1.218 -1.344 -1.454 -1.553 -1.640 -1.719 -1.791 -1.855 -1.914 
-1.968 -2.016 -2.060 -2.101 -2.137 -2.169 -2.198 -2.224 -2.247 -2.267 
-2.269 
-2.177 -2.189 -2.209 -2.227 -2.243 -2.256 -2.266 -2.274 -2.280 -2.284 
-2.285 -2.284 -2.281 -2.276 -2.268 -2.258 -2.246 -2.231 -2.214 -2.195 
-2.173 -2.149 -2.122 -2.093 -2.062 -2.028 -1.992 -1.954 -1.915 -1.873 
-1.831 -1.787 -1.743 -1.699 -1.654 -1.608 -1.561 -1.513 -1.464 -1.414 
-1.363 -1.313 -1.265 -1.219 -1.177 -1.139 -1.104 -1.073 -1.045 -1.018 
-0.992 -0.965 -0.935 -0.902 -0.864 -0.819 -0.764 -0.699 -0.618 -0.519 
-0.395 -0.236 -0.030 0.233 0.477 0.479 0.265 -0.034 -0.314 -0.546 
-0.739 -0.903 -1.045 -1.170 -1.281 -1.381 -1.471 -1.553 -1.628 -1.697 
-1.760 -1.818 -1.871 -1.920 -1.965 -2.007 -2.045 -2.080 -2.111 -2.140 
-2.167 
-2.168 -2.180 -2.199 -2.215 -2.230 -2.241 -2.251 -2.257 -2.262 -2.264 
-2.264 -2.262 -2.257 -2.250 -2.241 -2.229 -2.215 -2.199 -2.180 -2.159 
-2.135 -2.108 -2.079 -2.047 -2.011 -1.973 -1.932 -1.887 -1.838 -1.785 
-1.729 -1.667 -1.600 -1.527 -1.446 -1.355 -1.252 -1.131 -0.989 -0.829 
-0.690 -0.647 -0.698 -0.762 -0.805 -0.827 -0.838 -0.843 -0.844 -0.843 
-0.839 -0.830 -0.815 -0.794 -0.765 -0.725 -0.672 -0.604 -0.516 -0.401 
-0.246 -0.045 0.138 0.290 0.471 0.482 0.247 -0.070 -0.350 -0.578 
-0.767 -0.927 -1.066 -1.188 -1.297 -1.394 -1.483 -1.563 -1.636 -1.703 
-1.765 -1.821 -1.873 -1.921 -1.965 -2.005 -2.042 -2.075 -2.106 -2.133 
-2.160 
-2.262 -2.285 -2.298 -2.308 -2.316 -2.322 -2.325 -2.325 -2.323 -2.319 
-2.312 -2.302 -2.290 -2.275 -2.257 -2.237 -2.214 -2.188 -2.158 -2.126 
-2.090 -2.050 -2.006 -1.958 -1.906 -1.848 -1.784 -1.714 -1.636 -1.549 
-1.451 -1.338 -1.205 -1.044 -0.845 -0.630 -0.529 -0.501 -0.382 -0.208 
-0.069 -0.040 -0.126 -0.266 -0.405 -0.522 -0.613 -0.682 -0.733 -0.768 
-0.788 -0.794 -0.787 -0.765 -0.729 -0.675 -0.600 -0.500 -0.365 -0.183 
0.056 0.292 0.384 0.242 0.084 -0.035 -0.223 -0.431 -0.677 -0.887 
-1.059 -1.203 -1.327 -1.435 -1.531 -1.617 -1.695 -1.766 -1.830 -1.889 
-1.942 -1.991 -2.036 -2.077 -2.114 -2.148 -2.178 -2.205 -2.229 -2.251 
-2.257 
-2.219 -2.238 -2.251 -2.260 -2.267 -2.271 -2.272 -2.270 -2.266 -2.259 
-2.248 -2.235 -2.219 -2.200 -2.178 -2.152 -2.123 -2.090 -2.054 -2.014 
-1.969 -1.919 -1.865 -1.804 -1.738 -1.664 -1.582 -1.491 -1.389 -1.274 
-1.141 -0.985 -0.799 -0.570 -0.310 -0.098 -0.062 -0.212 -0.405 -0.519 
-0.546 -0.586 -0.693 -0.820 -0.931 -1.020 -1.090 -1.142 -1.181 -1.207 
-1.222 -1.226 -1.219 -1.202 -1.174 -1.133 -1.076 -1.002 -0.903 -0.771 
-0.588 -0.355 -0.219 -0.294 -0.232 -0.001 0.179 0.029 -0.247 -0.534 
-0.775 -0.972 -1.135 -1.273 -1.393 -1.497 -1.590 -1.672 -1.746 -1.813 
-1.873 -1.928 -1.977 -2.021 -2.061 -2.097 -2.129 -2.158 -2.183 -2.204 
-2.213 
-2.078 -2.087 -2.101 -2.111 -2.118 -2.123 -2.125 -2.124 -2.120 -2.113 
-2.103 -2.091 -2.075 -2.056 -2.035 -2.010 -1.982 -1.950 -1.915 -1.876 
-1.833 -1.785 -1.734 -1.677 -1.615 -1.549 -1.476 -1.398 -1.315 -1.227 
-1.135 -1.040 -0.944 -0.843 -0.724 -0.591 -0.569 -0.691 -0.810 -0.897 
-0.963 -1.015 -1.059 -1.098 -1.133 -1.165 -1.192 -1.216 -1.233 -1.245 
-1.251 -1.250 -1.241 -1.226 -1.202 -1.169 -1.127 -1.074 -1.007 -0.926 
-0.825 -0.698 -0.535 -0.317 -0.017 0.313 0.479 0.283 -0.016 -0.258 
-0.499 -0.718 -0.903 -1.058 -1.190 -1.304 -1.403 -1.492 -1.571 -1.641 
-1.705 -1.762 -1.814 -1.860 -1.902 -1.939 -1.973 -2.003 -2.029 -2.052 
-2.073 
-2.032 -2.048 -2.071 -2.091 -2.108 -2.121 -2.133 -2.141 -2.147 -2.150 
-2.150 -2.148 -2.143 -2.135 -2.125 -2.112 -2.096 -2.078 -2.056 -2.031 
-2.003 -1.972 -1.937 -1.899 -1.857 -1.810 -1.760 -1.705 -1.645 -1.582 
-1.514 -1.445 -1.375 -1.307 -1.244 -1.186 -1.132 -1.079 -1.024 -0.969 
-0.919 -0.876 -0.846 -0.832 -0.835 -0.854 -0.883 -0.917 -0.951 -0.983 
-1.010 -1.031 -1.045 -1.052 -1.052 -1.043 -1.027 -1.001 -0.965 -0.917 
-0.856 -0.779 -0.681 -0.553 -0.382 -0.139 0.082 0.113 0.178 0.124 
-0.068 -0.312 -0.540 -0.736 -0.902 -1.045 -1.170 -1.280 -1.377 -1.465 
-1.544 -1.615 -1.680 -1.738 -1.792 -1.841 -1.885 -1.925 -1.961 -1.993 
-2.022 
-2.022 -2.055 -2.080 -2.102 -2.121 -2.138 -2.152 -2.163 -2.172 -2.178 
-2.182 -2.183 -2.182 -2.178 -2.172 -2.164 -2.153 -2.139 -2.123 -2.104 
-2.082 -2.058 -2.030 -2.000 -1.966 -1.929 -1.889 -1.845 -1.797 -1.746 
-1.689 -1.629 -1.563 -1.492 -1.416 -1.334 -1.246 -1.153 -1.056 -0.957 
-0.859 -0.769 -0.695 -0.646 -0.626 -0.634 -0.663 -0.703 -0.746 -0.787 
-0.822 -0.851 -0.873 -0.888 -0.895 -0.894 -0.885 -0.868 -0.841 -0.804 
-0.755 -0.693 -0.614 -0.515 -0.390 -0.233 -0.050 0.118 0.182 0.074 
-0.148 -0.386 -0.596 -0.775 -0.928 -1.061 -1.178 -1.283 -1.377 -1.462 
-1.539 -1.610 -1.675 -1.734 -1.788 -1.837 -1.883 -1.924 -1.962 -1.996 
-2.013 
-1.952 -1.959 -1.985 -2.008 -2.028 -2.047 -2.062 -2.076 -2.087 -2.095 
-2.102 -2.106 -2.108 -2.108 -2.105 -2.100 -2.094 -2.084 -2.073 -2.059 
-2.044 -2.025 -2.005 -1.982 -1.956 -1.928 -1.898 -1.865 -1.829 -1.791 
-1.750 -1.705 -1.658 -1.608 -1.555 -1.498 -1.438 -1.375 -1.308 -1.239 
-1.168 -1.097 -1.032 -0.977 -0.934 -0.902 -0.878 -0.859 -0.842 -0.828 
-0.816 -0.806 -0.798 -0.789 -0.780 -0.768 -0.753 -0.734 -0.711 -0.681 
-0.646 -0.604 -0.557 -0.503 -0.445 -0.385 -0.327 -0.274 -0.272 -0.374 
-0.512 -0.640 -0.758 -0.868 -0.972 -1.069 -1.159 -1.244 -1.324 -1.397 
-1.466 -1.530 -1.589 -1.644 -1.696 -1.743 -1.787 -1.827 -1.865 -1.899 
-1.940 
-2.123 -2.148 -2.169 -2.188 -2.203 -2.217 -2.228 -2.236 -2.243 -2.247 
-2.249 -2.248 -2.246 -2.241 -2.234 -2.225 -2.214 -2.200 -2.184 -2.167 
-2.147 -2.124 -2.100 -2.073 -2.045 -2.014 -1.981 -1.946 -1.909 -1.870 
-1.830 -1.788 -1.745 -1.701 -1.656 -1.611 -1.566 -1.522 -1.479 -1.437 
-1.396 -1.357 -1.320 -1.285 -1.253 -1.224 -1.198 -1.176 -1.157 -1.141 
-1.126 -1.111 -1.096 -1.077 -1.055 -1.028 -0.995 -0.955 -0.906 -0.848 
-0.780 -0.700 -0.612 -0.518 -0.429 -0.364 -0.345 -0.390 -0.490 -0.620 
-0.756 -0.889 -1.013 -1.128 -1.234 -1.331 -1.420 -1.502 -1.577 -1.647 
-1.711 -1.769 -1.824 -1.874 -1.920 -1.962 -2.001 -2.037 -2.069 -2.098 
-2.116 
-2.309 -2.357 -2.377 -2.395 -2.410 -2.423 -2.434 -2.443 -2.449 -2.453 
-2.456 -2.456 -2.454 -2.449 -2.443 -2.435 -2.424 -2.411 -2.396 -2.379 
-2.360 -2.338 -2.314 -2.288 -2.259 -2.227 -2.193 -2.157 -2.117 -2.075 
-2.031 -1.983 -1.932 -1.879 -1.823 -1.764 -1.702 -1.638 -1.571 -1.503 
-1.434 -1.366 -1.300 -1.238 -1.183 -1.136 -1.099 -1.071 -1.051 -1.036 
-1.024 -1.013 -1.000 -0.984 -0.962 -0.936 -0.903 -0.864 -0.818 -0.765 
-0.705 -0.640 -0.578 -0.530 -0.513 -0.535 -0.599 -0.700 -0.828 -0.965 
-1.098 -1.221 -1.334 -1.437 -1.531 -1.617 -1.696 -1.769 -1.836 -1.898 
-1.956 -2.009 -2.058 -2.103 -2.145 -2.184 -2.220 -2.253 -2.283 -2.310 
-2.303 
-2.171 -2.172 -2.192 -2.210 -2.227 -2.241 -2.254 -2.265 -2.274 -2.281 
-2.286 -2.290 -2.292 -2.292 -2.290 -2.287 -2.282 -2.275 -2.266 -2.255 
-2.243 -2.228 -2.212 -2.194 -2.174 -2.152 -2.128 -2.103 -2.075 -2.045 
-2.013 -1.979 -1.943 -1.905 -1.865 -1.824 -1.781 -1.736 -1.690 -1.642 
-1.594 -1.544 -1.494 -1.444 -1.395 -1.347 -1.300 -1.255 -1.210 -1.165 
-1.120 -1.074 -1.028 -0.982 -0.937 -0.896 -0.859 -0.828 -0.804 -0.789 
-0.782 -0.782 -0.787 -0.800 -0.825 -0.867 -0.922 -0.980 -1.039 -1.102 
-1.171 -1.245 -1.321 -1.396 -1.466 -1.533 -1.595 -1.654 -1.708 -1.760 
-1.808 -1.853 -1.896 -1.936 -1.973 -2.008 -2.041 -2.071 -2.099 -2.126 
-2.163 
-2.163 -2.207 -2.231 -2.252 -2.271 -2.287 -2.301 -2.313 -2.322 -2.329 
-2.334 -2.336 -2.337 -2.335 -2.331 -2.324 -2.316 -2.305 -2.292 -2.277 
-2.260 -2.240 -2.219 -2.195 -2.168 -2.140 -2.109 -2.077 -2.042 -2.005 
-1.967 -1.927 -1.886 -1.845 -1.804 -1.763 -1.724 -1.687 -1.653 -1.622 
-1.595 -1.573 -1.554 -1.539 -1.526 -1.515 -1.504 -1.493 -1.480 -1.466 
-1.448 -1.429 -1.406 -1.381 -1.353 -1.325 -1.296 -1.267 -1.240 -1.213 
-1.186 -1.157 -1.124 -1.085 -1.039 -0.986 -0.933 -0.889 -0.867 -0.877 
-0.921 -0.993 -1.081 -1.175 -1.268 -1.358 -1.444 -1.525 -1.601 -1.671 
-1.737 -1.799 -1.856 -1.909 -1.958 -2.003 -2.045 -2.084 -2.119 -2.151 
-2.156 
-2.032 -2.038 -2.068 -2.095 -2.120 -2.143 -2.163 -2.181 -2.197 -2.210 
-2.222 -2.231 -2.238 -2.244 -2.247 -2.249 -2.248 -2.246 -2.241 -2.235 
-2.227 -2.217 -2.205 -2.192 -2.176 -2.159 -2.140 -2.119 -2.096 -2.072 
-2.046 -2.019 -1.990 -1.960 -1.930 -1.898 -1.866 -1.834 -1.802 -1.771 
-1.741 -1.712 -1.686 -1.662 -1.640 -1.621 -1.604 -1.589 -1.574 -1.561 
-1.548 -1.535 -1.521 -1.505 -1.489 -1.470 -1.449 -1.426 -1.401 -1.372 
-1.341 -1.306 -1.267 -1.226 -1.181 -1.134 -1.087 -1.043 -1.008 -0.986 
-0.980 -0.991 -1.020 -1.065 -1.120 -1.182 -1.249 -1.317 -1.385 -1.452 
-1.517 -1.579 -1.639 -1.696 -1.749 -1.799 -1.846 -1.890 -1.932 -1.970 
-2.018 
-2.106 -2.157 -2.187 -2.213 -2.237 -2.258 -2.277 -2.293 -2.308 -2.320 
-2.330 -2.337 -2.343 -2.347 -2.349 -2.348 -2.346 -2.342 -2.335 -2.327 
-2.316 -2.304 -2.289 -2.273 -2.254 -2.233 -2.209 -2.183 -2.155 -2.125 
-2.091 -2.056 -2.018 -1.977 -1.934 -1.889 -1.843 -1.795 -1.746 -1.698 
-1.651 -1.607 -1.567 -1.532 -1.503 -1.481 -1.466 -1.456 -1.452 -1.450 
-1.450 -1.451 -1.450 -1.448 -1.442 -1.433 -1.420 -1.402 -1.379 -1.351 
-1.318 -1.280 -1.237 -1.191 -1.142 -1.092 -1.040 -0.987 -0.936 -0.891 
-0.863 -0.862 -0.896 -0.961 -1.048 -1.146 -1.246 -1.343 -1.435 -1.521 
-1.601 -1.674 -1.742 -1.805 -1.863 -1.916 -1.965 -2.011 -2.052 -2.090 
-2.096 
-2.039 -2.029 -2.050 -2.069 -2.087 -2.103 -2.117 -2.130 -2.142 -2.152 
-2.161 -2.168 -2.174 -2.179 -2.182 -2.185 -2.186 -2.186 -2.184 -2.182 
-2.178 -2.173 -2.167 -2.160 -2.152 -2.142 -2.131 -2.118 -2.105 -2.089 
-2.073 -2.055 -2.036 -2.016 -1.995 -1.973 -1.950 -1.927 -1.903 -1.879 
-1.854 -1.829 -1.804 -1.780 -1.756 -1.733 -1.711 -1.689 -1.666 -1.642 
-1.615 -1.587 -1.555 -1.519 -1.480 -1.437 -1.390 -1.340 -1.286 -1.228 
-1.169 -1.109 -1.051 -0.998 -0.952 -0.916 -0.889 -0.864 -0.835 -0.842 
-0.917 -1.004 -1.085 -1.165 -1.245 -1.322 -1.396 -1.465 -1.528 -1.587 
-1.641 -1.691 -1.738 -1.781 -1.821 -1.858 -1.892 -1.924 -1.953 -1.981 
-2.029 
-2.403 -2.469 -2.489 -2.506 -2.521 -2.534 -2.544 -2.553 -2.559 -2.563 
-2.565 -2.565 -2.563 -2.560 -2.554 -2.545 -2.535 -2.523 -2.509 -2.493 
-2.474 -2.453 -2.431 -2.406 -2.379 -2.350 -2.319 -2.286 -2.252 -2.217 
-2.182 -2.146 -2.112 -2.079 -2.049 -2.023 -2.002 -1.986 -1.974 -1.968 
-1.966 -1.967 -1.970 -1.974 -1.978 -1.980 -1.981 -1.979 -1.974 -1.965 
-1.953 -1.937 -1.916 -1.890 -1.859 -1.824 -1.782 -1.735 -1.681 -1.620 
-1.551 -1.474 -1.386 -1.286 -1.172 -1.044 -0.908 -0.760 -0.625 -0.602 
-0.741 -0.960 -1.174 -1.353 -1.501 -1.626 -1.732 -1.825 -1.907 -1.980 
-2.046 -2.105 -2.159 -2.208 -2.253 -2.293 -2.330 -2.364 -2.395 -2.422 
-2.398 
-2.564 -2.577 -2.592 -2.604 -2.613 -2.620 -2.624 -2.626 -2.626 -2.623 
-2.618 -2.611 -2.602 -2.591 -2.578 -2.563 -2.547 -2.528 -2.508 -2.486 
-2.463 -2.439 -2.414 -2.388 -2.361 -2.335 -2.309 -2.283 -2.260 -2.238 
-2.218 -2.201 -2.186 -2.173 -2.163 -2.155 -2.148 -2.144 -2.142 -2.140 
-2.140 -2.139 -2.139 -2.138 -2.135 -2.131 -2.124 -2.115 -2.103 -2.087 
-2.068 -2.044 -2.015 -1.982 -1.943 -1.897 -1.844 -1.783 -1.713 -1.631 
-1.535 -1.425 -1.296 -1.151 -0.998 -0.867 -0.800 -0.811 -0.852 -0.895 
-0.953 -1.080 -1.294 -1.487 -1.643 -1.770 -1.878 -1.972 -2.053 -2.126 
-2.190 -2.248 -2.300 -2.347 -2.389 -2.426 -2.460 -2.490 -2.516 -2.540 
-2.558 
-2.511 -2.526 -2.541 -2.553 -2.562 -2.568 -2.570 -2.570 -2.567 -2.562 
-2.554 -2.543 -2.530 -2.514 -2.496 -2.475 -2.453 -2.428 -2.401 -2.372 
-2.342 -2.311 -2.278 -2.246 -2.213 -2.182 -2.153 -2.127 -2.106 -2.089 
-2.079 -2.075 -2.078 -2.086 -2.099 -2.116 -2.135 -2.155 -2.175 -2.195 
-2.214 -2.231 -2.246 -2.258 -2.267 -2.273 -2.277 -2.276 -2.273 -2.265 
-2.254 -2.238 -2.218 -2.193 -2.163 -2.127 -2.085 -2.036 -1.979 -1.913 
-1.837 -1.747 -1.644 -1.524 -1.392 -1.258 -1.150 -1.068 -0.947 -0.756 
-0.602 -0.636 -0.849 -1.110 -1.337 -1.520 -1.671 -1.796 -1.903 -1.996 
-2.077 -2.148 -2.210 -2.266 -2.315 -2.359 -2.397 -2.431 -2.461 -2.486 
-2.503 
-2.441 -2.453 -2.462 -2.470 -2.474 -2.476 -2.476 -2.473 -2.468 -2.461 
-2.452 -2.441 -2.429 -2.415 -2.400 -2.383 -2.366 -2.348 -2.330 -2.312 
-2.294 -2.277 -2.261 -2.247 -2.233 -2.222 -2.213 -2.206 -2.202 -2.200 
-2.201 -2.204 -2.209 -2.217 -2.225 -2.234 -2.243 -2.252 -2.260 -2.267 
-2.272 -2.275 -2.276 -2.275 -2.271 -2.265 -2.255 -2.243 -2.228 -2.209 
-2.186 -2.160 -2.129 -2.093 -2.052 -2.006 -1.953 -1.894 -1.826 -1.749 
-1.662 -1.564 -1.453 -1.332 -1.206 -1.093 -1.016 -0.997 -1.025 -1.050 
-1.037 -1.119 -1.309 -1.482 -1.621 -1.736 -1.834 -1.919 -1.993 -2.060 
-2.119 -2.171 -2.218 -2.260 -2.297 -2.330 -2.359 -2.384 -2.406 -2.425 
-2.437 
-2.413 -2.415 -2.431 -2.446 -2.457 -2.467 -2.474 -2.479 -2.481 -2.482 
-2.481 -2.478 -2.473 -2.466 -2.457 -2.447 -2.436 -2.424 -2.410 -2.395 
-2.380 -2.365 -2.349 -2.334 -2.319 -2.306 -2.294 -2.283 -2.275 -2.268 
-2.263 -2.259 -2.257 -2.255 -2.253 -2.252 -2.250 -2.249 -2.247 -2.244 
-2.241 -2.237 -2.232 -2.226 -2.218 -2.208 -2.197 -2.184 -2.169 -2.151 
-2.130 -2.107 -2.080 -2.050 -2.016 -1.978 -1.935 -1.887 -1.834 -1.774 
-1.707 -1.633 -1.551 -1.462 -1.367 -1.272 -1.191 -1.139 -1.122 -1.141 
-1.191 -1.267 -1.358 -1.455 -1.552 -1.645 -1.732 -1.812 -1.886 -1.954 
-2.016 -2.072 -2.124 -2.171 -2.214 -2.253 -2.288 -2.319 -2.348 -2.373 
-2.404 
-2.582 -2.610 -2.621 -2.629 -2.634 -2.636 -2.635 -2.631 -2.625 -2.616 
-2.605 -2.590 -2.573 -2.554 -2.532 -2.507 -2.481 -2.452 -2.422 -2.390 
-2.357 -2.325 -2.293 -2.263 -2.236 -2.212 -2.194 -2.181 -2.175 -2.174 
-2.179 -2.189 -2.202 -2.218 -2.237 -2.255 -2.275 -2.293 -2.311 -2.327 
-2.341 -2.354 -2.364 -2.371 -2.376 -2.378 -2.377 -2.373 -2.366 -2.356 
-2.342 -2.324 -2.302 -2.276 -2.246 -2.210 -2.170 -2.124 -2.072 -2.013 
-1.947 -1.873 -1.791 -1.701 -1.604 -1.503 -1.409 -1.336 -1.302 -1.318 
-1.380 -1.473 -1.579 -1.686 -1.790 -1.886 -1.974 -2.055 -2.128 -2.195 
-2.255 -2.309 -2.358 -2.402 -2.441 -2.476 -2.507 -2.535 -2.559 -2.579 
-2.578 
-2.617 -2.629 -2.640 -2.648 -2.654 -2.657 -2.657 -2.654 -2.649 -2.642 
-2.632 -2.619 -2.605 -2.588 -2.569 -2.548 -2.525 -2.501 -2.475 -2.448 
-2.420 -2.392 -2.364 -2.336 -2.309 -2.283 -2.259 -2.237 -2.219 -2.203 
-2.192 -2.185 -2.181 -2.182 -2.186 -2.194 -2.204 -2.216 -2.230 -2.244 
-2.258 -2.271 -2.282 -2.292 -2.300 -2.306 -2.309 -2.309 -2.306 -2.299 
-2.289 -2.276 -2.258 -2.236 -2.210 -2.180 -2.144 -2.103 -2.056 -2.004 
-1.945 -1.880 -1.809 -1.733 -1.654 -1.577 -1.509 -1.460 -1.442 -1.459 
-1.510 -1.583 -1.668 -1.759 -1.848 -1.934 -2.014 -2.089 -2.158 -2.221 
-2.279 -2.331 -2.379 -2.422 -2.460 -2.495 -2.526 -2.553 -2.577 -2.597 
-2.612 
-2.609 -2.609 -2.614 -2.616 -2.616 -2.613 -2.607 -2.599 -2.588 -2.575 
-2.560 -2.543 -2.525 -2.506 -2.485 -2.464 -2.443 -2.422 -2.402 -2.384 
-2.368 -2.354 -2.342 -2.334 -2.329 -2.326 -2.326 -2.328 -2.332 -2.337 
-2.345 -2.355 -2.366 -2.379 -2.394 -2.409 -2.424 -2.439 -2.453 -2.466 
-2.478 -2.487 -2.494 -2.499 -2.501 -2.499 -2.495 -2.488 -2.477 -2.462 
-2.444 -2.422 -2.395 -2.365 -2.329 -2.288 -2.242 -2.191 -2.132 -2.068 
-1.996 -1.917 -1.832 -1.743 -1.655 -1.574 -1.513 -1.480 -1.479 -1.503 
-1.537 -1.580 -1.649 -1.747 -1.854 -1.954 -2.045 -2.125 -2.196 -2.258 
-2.314 -2.363 -2.407 -2.446 -2.480 -2.509 -2.535 -2.556 -2.575 -2.589 
-2.607 
-2.713 -2.735 -2.750 -2.762 -2.771 -2.776 -2.778 -2.777 -2.773 -2.766 
-2.757 -2.745 -2.730 -2.713 -2.693 -2.671 -2.646 -2.620 -2.592 -2.563 
-2.532 -2.500 -2.468 -2.435 -2.403 -2.372 -2.343 -2.317 -2.297 -2.282 
-2.275 -2.275 -2.282 -2.295 -2.314 -2.338 -2.363 -2.390 -2.418 -2.445 
-2.470 -2.494 -2.515 -2.534 -2.549 -2.562 -2.571 -2.576 -2.579 -2.577 
-2.572 -2.562 -2.549 -2.531 -2.509 -2.482 -2.449 -2.411 -2.367 -2.317 
-2.259 -2.194 -2.120 -2.036 -1.945 -1.844 -1.736 -1.618 -1.486 -1.356 
-1.272 -1.253 -1.297 -1.406 -1.552 -1.704 -1.844 -1.970 -2.080 -2.176 
-2.261 -2.336 -2.402 -2.461 -2.513 -2.559 -2.600 -2.636 -2.667 -2.693 
-2.705 
-2.757 -2.771 -2.784 -2.794 -2.801 -2.804 -2.804 -2.801 -2.795 -2.786 
-2.773 -2.758 -2.739 -2.718 -2.693 -2.665 -2.634 -2.601 -2.564 -2.525 
-2.484 -2.442 -2.398 -2.355 -2.313 -2.274 -2.239 -2.211 -2.191 -2.180 
-2.179 -2.188 -2.206 -2.231 -2.260 -2.294 -2.328 -2.363 -2.397 -2.429 
-2.458 -2.485 -2.509 -2.529 -2.546 -2.560 -2.570 -2.576 -2.578 -2.576 
-2.571 -2.561 -2.547 -2.529 -2.505 -2.477 -2.443 -2.404 -2.357 -2.304 
-2.242 -2.170 -2.087 -1.991 -1.879 -1.747 -1.591 -1.411 -1.228 -1.093 
-1.073 -1.172 -1.333 -1.507 -1.672 -1.820 -1.950 -2.064 -2.165 -2.253 
-2.331 -2.400 -2.462 -2.517 -2.565 -2.608 -2.646 -2.679 -2.708 -2.733 
-2.751 
-2.697 -2.735 -2.751 -2.765 -2.775 -2.781 -2.785 -2.785 -2.781 -2.775 
-2.765 -2.752 -2.737 -2.718 -2.696 -2.671 -2.644 -2.615 -2.584 -2.552 
-2.519 -2.488 -2.458 -2.430 -2.408 -2.391 -2.380 -2.376 -2.379 -2.389 
-2.405 -2.426 -2.451 -2.478 -2.506 -2.534 -2.561 -2.587 -2.610 -2.632 
-2.650 -2.667 -2.681 -2.692 -2.701 -2.708 -2.712 -2.714 -2.713 -2.710 
-2.704 -2.696 -2.684 -2.669 -2.650 -2.628 -2.602 -2.571 -2.535 -2.494 
-2.447 -2.393 -2.332 -2.261 -2.180 -2.086 -1.977 -1.851 -1.711 -1.586 
-1.542 -1.580 -1.644 -1.721 -1.809 -1.902 -1.993 -2.079 -2.157 -2.229 
-2.296 -2.357 -2.413 -2.465 -2.513 -2.556 -2.596 -2.631 -2.663 -2.690 
-2.692 
-2.542 -2.536 -2.565 -2.590 -2.612 -2.631 -2.648 -2.660 -2.670 -2.675 
-2.677 -2.673 -2.665 -2.651 -2.630 -2.602 -2.570 -2.539 -2.519 -2.516 
-2.529 -2.549 -2.568 -2.581 -2.589 -2.592 -2.593 -2.592 -2.590 -2.587 
-2.583 -2.578 -2.572 -2.566 -2.559 -2.551 -2.543 -2.536 -2.528 -2.521 
-2.514 -2.508 -2.503 -2.498 -2.494 -2.490 -2.487 -2.484 -2.480 -2.476 
-2.472 -2.467 -2.460 -2.452 -2.443 -2.432 -2.418 -2.402 -2.384 -2.362 
-2.336 -2.305 -2.269 -2.224 -2.168 -2.094 -2.000 -1.915 -1.900 -1.924 
-1.931 -1.925 -1.921 -1.924 -1.933 -1.946 -1.964 -1.986 -2.015 -2.049 
-2.088 -2.130 -2.175 -2.221 -2.266 -2.311 -2.354 -2.396 -2.435 -2.471 
-2.527 
-2.829 -2.874 -2.875 -2.870 -2.861 -2.845 -2.824 -2.796 -2.761 -2.719 
-2.669 -2.611 -2.543 -2.467 -2.384 -2.296 -2.212 -2.143 -2.104 -2.106 
-2.145 -2.211 -2.289 -2.370 -2.449 -2.524 -2.593 -2.656 -2.714 -2.764 
-2.808 -2.846 -2.877 -2.904 -2.925 -2.943 -2.957 -2.967 -2.975 -2.981 
-2.984 -2.986 -2.986 -2.985 -2.982 -2.977 -2.971 -2.963 -2.953 -2.941 
-2.926 -2.908 -2.886 -2.861 -2.831 -2.796 -2.755 -2.707 -2.651 -2.585 
-2.508 -2.416 -2.306 -2.173 -2.012 -1.823 -1.634 -1.513 -1.529 -1.657 
-1.822 -1.974 -2.100 -2.202 -2.283 -2.349 -2.404 -2.454 -2.500 -2.545 
-2.588 -2.630 -2.669 -2.707 -2.742 -2.773 -2.801 -2.824 -2.844 -2.858 
-2.831 
-2.930 -2.924 -2.922 -2.916 -2.905 -2.891 -2.872 -2.848 -2.820 -2.787 
-2.750 -2.707 -2.658 -2.604 -2.545 -2.481 -2.415 -2.351 -2.296 -2.255 
-2.227 -2.212 -2.208 -2.219 -2.245 -2.284 -2.334 -2.391 -2.452 -2.513 
-2.574 -2.632 -2.686 -2.737 -2.783 -2.825 -2.862 -2.896 -2.925 -2.950 
-2.971 -2.989 -3.002 -3.012 -3.019 -3.021 -3.020 -3.016 -3.007 -2.995 
-2.979 -2.959 -2.934 -2.906 -2.872 -2.833 -2.789 -2.739 -2.682 -2.618 
-2.546 -2.464 -2.371 -2.266 -2.147 -2.013 -1.869 -1.745 -1.688 -1.688 
-1.731 -1.816 -1.929 -2.049 -2.165 -2.272 -2.367 -2.452 -2.528 -2.594 
-2.653 -2.704 -2.749 -2.788 -2.821 -2.850 -2.873 -2.892 -2.906 -2.917 
-2.928 
-2.955 -2.960 -2.964 -2.964 -2.960 -2.953 -2.941 -2.926 -2.906 -2.883 
-2.856 -2.824 -2.788 -2.748 -2.704 -2.656 -2.604 -2.549 -2.492 -2.435 
-2.380 -2.331 -2.291 -2.263 -2.249 -2.253 -2.273 -2.308 -2.355 -2.409 
-2.467 -2.526 -2.583 -2.638 -2.689 -2.737 -2.780 -2.819 -2.853 -2.884 
-2.910 -2.933 -2.952 -2.966 -2.977 -2.985 -2.988 -2.988 -2.984 -2.976 
-2.964 -2.949 -2.929 -2.905 -2.876 -2.842 -2.803 -2.759 -2.708 -2.650 
-2.585 -2.511 -2.428 -2.333 -2.227 -2.107 -1.976 -1.840 -1.717 -1.639 
-1.631 -1.692 -1.801 -1.932 -2.063 -2.185 -2.294 -2.392 -2.478 -2.554 
-2.621 -2.680 -2.732 -2.777 -2.817 -2.851 -2.881 -2.905 -2.925 -2.941 
-2.952 
-3.028 -3.029 -3.030 -3.027 -3.020 -3.009 -2.994 -2.975 -2.953 -2.926 
-2.895 -2.860 -2.822 -2.779 -2.733 -2.683 -2.631 -2.578 -2.525 -2.475 
-2.432 -2.398 -2.377 -2.371 -2.381 -2.407 -2.445 -2.492 -2.545 -2.602 
-2.658 -2.713 -2.766 -2.815 -2.860 -2.901 -2.938 -2.971 -3.001 -3.026 
-3.048 -3.065 -3.079 -3.090 -3.097 -3.100 -3.099 -3.095 -3.087 -3.076 
-3.060 -3.040 -3.016 -2.988 -2.955 -2.917 -2.873 -2.823 -2.766 -2.701 
-2.628 -2.545 -2.450 -2.342 -2.219 -2.079 -1.925 -1.771 -1.652 -1.609 
-1.658 -1.775 -1.919 -2.064 -2.198 -2.317 -2.421 -2.514 -2.594 -2.666 
-2.728 -2.783 -2.831 -2.873 -2.909 -2.940 -2.966 -2.987 -3.004 -3.016 
-3.027 
-3.159 -3.167 -3.169 -3.167 -3.161 -3.152 -3.138 -3.121 -3.099 -3.074 
-3.044 -3.010 -2.972 -2.929 -2.882 -2.830 -2.776 -2.718 -2.659 -2.601 
-2.547 -2.501 -2.467 -2.449 -2.447 -2.460 -2.486 -2.522 -2.567 -2.619 
-2.678 -2.738 -2.798 -2.856 -2.909 -2.959 -3.003 -3.043 -3.079 -3.110 
-3.136 -3.159 -3.177 -3.192 -3.202 -3.209 -3.212 -3.211 -3.207 -3.198 
-3.186 -3.169 -3.149 -3.124 -3.094 -3.059 -3.019 -2.973 -2.921 -2.863 
-2.796 -2.721 -2.636 -2.541 -2.436 -2.321 -2.204 -2.094 -2.006 -1.965 
-1.984 -2.045 -2.133 -2.236 -2.345 -2.450 -2.547 -2.636 -2.715 -2.786 
-2.849 -2.905 -2.955 -2.998 -3.035 -3.068 -3.095 -3.118 -3.136 -3.151 
-3.156 
-3.250 -3.266 -3.269 -3.269 -3.265 -3.257 -3.246 -3.231 -3.213 -3.191 
-3.165 -3.134 -3.100 -3.062 -3.019 -2.971 -2.920 -2.864 -2.804 -2.742 
-2.679 -2.615 -2.553 -2.493 -2.438 -2.389 -2.351 -2.332 -2.335 -2.362 
-2.408 -2.467 -2.532 -2.599 -2.664 -2.725 -2.781 -2.832 -2.877 -2.917 
-2.951 -2.981 -3.005 -3.025 -3.040 -3.051 -3.057 -3.059 -3.056 -3.049 
-3.037 -3.021 -3.000 -2.973 -2.941 -2.904 -2.860 -2.809 -2.751 -2.684 
-2.608 -2.522 -2.426 -2.319 -2.205 -2.095 -2.004 -1.955 -1.961 -2.014 
-2.095 -2.192 -2.297 -2.405 -2.509 -2.606 -2.695 -2.775 -2.846 -2.911 
-2.968 -3.019 -3.064 -3.104 -3.139 -3.169 -3.195 -3.217 -3.235 -3.249 
-3.248 
-3.223 -3.214 -3.216 -3.213 -3.206 -3.196 -3.181 -3.162 -3.139 -3.112 
-3.080 -3.044 -3.004 -2.959 -2.909 -2.854 -2.796 -2.735 -2.671 -2.606 
-2.542 -2.480 -2.429 -2.406 -2.427 -2.475 -2.528 -2.581 -2.634 -2.691 
-2.752 -2.814 -2.875 -2.934 -2.988 -3.038 -3.083 -3.123 -3.158 -3.189 
-3.216 -3.238 -3.256 -3.271 -3.281 -3.288 -3.291 -3.290 -3.285 -3.277 
-3.265 -3.248 -3.228 -3.203 -3.173 -3.139 -3.100 -3.055 -3.004 -2.947 
-2.882 -2.809 -2.727 -2.636 -2.537 -2.432 -2.330 -2.240 -2.171 -2.119 
-2.088 -2.105 -2.180 -2.285 -2.396 -2.503 -2.601 -2.689 -2.769 -2.840 
-2.902 -2.958 -3.007 -3.050 -3.087 -3.119 -3.146 -3.168 -3.186 -3.200 
-3.220 
-3.248 -3.284 -3.287 -3.286 -3.280 -3.270 -3.256 -3.236 -3.212 -3.183 
-3.148 -3.108 -3.061 -3.007 -2.946 -2.876 -2.797 -2.707 -2.605 -2.489 
-2.362 -2.232 -2.127 -2.084 -2.125 -2.231 -2.365 -2.498 -2.621 -2.731 
-2.830 -2.917 -2.995 -3.064 -3.126 -3.182 -3.231 -3.274 -3.313 -3.346 
-3.375 -3.399 -3.420 -3.436 -3.449 -3.458 -3.463 -3.465 -3.463 -3.457 
-3.447 -3.434 -3.416 -3.395 -3.369 -3.339 -3.304 -3.264 -3.219 -3.167 
-3.108 -3.042 -2.968 -2.883 -2.787 -2.677 -2.551 -2.407 -2.246 -2.082 
-1.953 -1.917 -1.989 -2.123 -2.270 -2.407 -2.531 -2.643 -2.741 -2.828 
-2.905 -2.972 -3.031 -3.082 -3.127 -3.165 -3.197 -3.225 -3.246 -3.263 
-3.245 
-3.058 -3.045 -3.053 -3.056 -3.055 -3.050 -3.040 -3.026 -3.007 -2.983 
-2.955 -2.921 -2.883 -2.838 -2.788 -2.732 -2.670 -2.601 -2.527 -2.448 
-2.367 -2.289 -2.222 -2.184 -2.187 -2.224 -2.283 -2.360 -2.444 -2.531 
-2.616 -2.695 -2.769 -2.837 -2.899 -2.955 -3.005 -3.050 -3.091 -3.126 
-3.158 -3.185 -3.208 -3.228 -3.243 -3.255 -3.263 -3.268 -3.270 -3.268 
-3.262 -3.253 -3.240 -3.223 -3.203 -3.178 -3.150 -3.116 -3.079 -3.036 
-2.987 -2.933 -2.871 -2.803 -2.726 -2.640 -2.544 -2.437 -2.318 -2.193 
-2.078 -2.007 -1.995 -2.024 -2.081 -2.162 -2.256 -2.354 -2.448 -2.536 
-2.615 -2.687 -2.751 -2.807 -2.857 -2.900 -2.937 -2.969 -2.995 -3.017 
-3.052 
-3.125 -3.152 -3.160 -3.164 -3.163 -3.158 -3.150 -3.137 -3.119 -3.097 
-3.071 -3.040 -3.004 -2.962 -2.915 -2.862 -2.803 -2.738 -2.666 -2.588 
-2.505 -2.419 -2.335 -2.260 -2.206 -2.185 -2.205 -2.262 -2.345 -2.439 
-2.534 -2.626 -2.711 -2.788 -2.858 -2.921 -2.978 -3.028 -3.073 -3.112 
-3.147 -3.177 -3.202 -3.223 -3.240 -3.254 -3.263 -3.268 -3.270 -3.268 
-3.262 -3.253 -3.239 -3.222 -3.200 -3.174 -3.143 -3.108 -3.067 -3.020 
-2.967 -2.908 -2.840 -2.763 -2.677 -2.579 -2.468 -2.345 -2.212 -2.080 
-1.974 -1.925 -1.948 -2.028 -2.137 -2.254 -2.367 -2.473 -2.570 -2.658 
-2.736 -2.805 -2.867 -2.921 -2.969 -3.011 -3.047 -3.077 -3.103 -3.124 
-3.121 
-3.099 -3.093 -3.102 -3.107 -3.108 -3.105 -3.098 -3.087 -3.072 -3.053 
-3.029 -3.002 -2.970 -2.934 -2.894 -2.849 -2.801 -2.750 -2.697 -2.642 
-2.587 -2.535 -2.488 -2.450 -2.428 -2.432 -2.464 -2.520 -2.588 -2.661 
-2.734 -2.803 -2.869 -2.929 -2.985 -3.036 -3.082 -3.124 -3.161 -3.195 
-3.224 -3.250 -3.272 -3.291 -3.306 -3.317 -3.326 -3.331 -3.332 -3.330 
-3.325 -3.317 -3.305 -3.290 -3.271 -3.248 -3.221 -3.190 -3.155 -3.115 
-3.070 -3.020 -2.964 -2.902 -2.833 -2.756 -2.672 -2.579 -2.479 -2.375 
-2.280 -2.211 -2.183 -2.191 -2.228 -2.286 -2.359 -2.438 -2.519 -2.596 
-2.669 -2.736 -2.797 -2.851 -2.900 -2.942 -2.980 -3.012 -3.039 -3.061 
-3.093 
-3.201 -3.242 -3.251 -3.256 -3.257 -3.255 -3.249 -3.240 -3.226 -3.208 
-3.187 -3.160 -3.130 -3.094 -3.052 -3.005 -2.951 -2.890 -2.821 -2.745 
-2.662 -2.574 -2.489 -2.419 -2.379 -2.382 -2.429 -2.508 -2.601 -2.698 
-2.789 -2.873 -2.948 -3.015 -3.074 -3.126 -3.172 -3.212 -3.247 -3.277 
-3.303 -3.325 -3.343 -3.357 -3.369 -3.377 -3.382 -3.384 -3.383 -3.379 
-3.372 -3.362 -3.350 -3.334 -3.316 -3.295 -3.270 -3.243 -3.212 -3.178 
-3.140 -3.098 -3.051 -2.999 -2.941 -2.876 -2.802 -2.718 -2.624 -2.520 
-2.412 -2.315 -2.249 -2.235 -2.278 -2.361 -2.462 -2.565 -2.662 -2.750 
-2.829 -2.898 -2.959 -3.013 -3.060 -3.100 -3.136 -3.166 -3.191 -3.212 
-3.197 
-3.058 -3.048 -3.056 -3.061 -3.064 -3.066 -3.066 -3.064 -3.060 -3.055 
-3.048 -3.040 -3.030 -3.018 -3.005 -2.989 -2.972 -2.952 -2.929 -2.903 
-2.873 -2.839 -2.802 -2.768 -2.746 -2.744 -2.762 -2.792 -2.825 -2.857 
-2.886 -2.912 -2.935 -2.955 -2.972 -2.987 -3.001 -3.012 -3.021 -3.029 
-3.035 -3.039 -3.042 -3.042 -3.042 -3.039 -3.035 -3.029 -3.021 -3.011 
-3.000 -2.987 -2.972 -2.956 -2.938 -2.919 -2.898 -2.876 -2.854 -2.830 
-2.806 -2.782 -2.758 -2.735 -2.712 -2.690 -2.669 -2.647 -2.626 -2.602 
-2.577 -2.552 -2.536 -2.540 -2.568 -2.612 -2.660 -2.706 -2.750 -2.789 
-2.825 -2.858 -2.888 -2.916 -2.940 -2.962 -2.982 -3.000 -3.015 -3.028 
-3.054 
-3.111 -3.123 -3.131 -3.135 -3.135 -3.132 -3.125 -3.115 -3.101 -3.083 
-3.061 -3.035 -3.006 -2.972 -2.936 -2.898 -2.861 -2.825 -2.794 -2.766 
-2.741 -2.717 -2.694 -2.674 -2.660 -2.654 -2.659 -2.675 -2.701 -2.735 
-2.776 -2.820 -2.865 -2.910 -2.953 -2.994 -3.032 -3.067 -3.098 -3.126 
-3.151 -3.173 -3.191 -3.206 -3.218 -3.227 -3.233 -3.236 -3.237 -3.234 
-3.228 -3.220 -3.209 -3.195 -3.177 -3.157 -3.135 -3.109 -3.080 -3.048 
-3.013 -2.974 -2.933 -2.888 -2.841 -2.791 -2.738 -2.684 -2.631 -2.581 
-2.537 -2.504 -2.485 -2.484 -2.501 -2.533 -2.577 -2.629 -2.683 -2.738 
-2.791 -2.841 -2.887 -2.930 -2.968 -3.002 -3.032 -3.057 -3.079 -3.098 
-3.106 
-3.176 -3.173 -3.163 -3.149 -3.130 -3.106 -3.077 -3.043 -3.005 -2.961 
-2.912 -2.858 -2.802 -2.743 -2.686 -2.635 -2.594 -2.569 -2.565 -2.582 
-2.618 -2.667 -2.723 -2.780 -2.836 -2.890 -2.941 -2.992 -3.043 -3.093 
-3.142 -3.190 -3.236 -3.278 -3.318 -3.354 -3.387 -3.416 -3.442 -3.464 
-3.483 -3.498 -3.511 -3.520 -3.525 -3.528 -3.528 -3.524 -3.517 -3.507 
-3.494 -3.478 -3.458 -3.435 -3.409 -3.379 -3.345 -3.308 -3.267 -3.222 
-3.173 -3.120 -3.064 -3.004 -2.941 -2.877 -2.811 -2.746 -2.686 -2.636 
-2.605 -2.601 -2.620 -2.655 -2.699 -2.747 -2.798 -2.849 -2.899 -2.946 
-2.989 -3.028 -3.062 -3.092 -3.118 -3.139 -3.156 -3.168 -3.176 -3.179 
-3.178 
-3.235 -3.222 -3.209 -3.192 -3.170 -3.142 -3.110 -3.072 -3.029 -2.982 
-2.930 -2.875 -2.819 -2.765 -2.717 -2.680 -2.658 -2.654 -2.667 -2.690 
-2.718 -2.743 -2.771 -2.814 -2.880 -2.962 -3.048 -3.130 -3.205 -3.273 
-3.334 -3.388 -3.436 -3.479 -3.516 -3.550 -3.579 -3.604 -3.625 -3.643 
-3.657 -3.668 -3.676 -3.680 -3.681 -3.679 -3.674 -3.666 -3.654 -3.639 
-3.621 -3.599 -3.573 -3.544 -3.510 -3.473 -3.431 -3.384 -3.332 -3.274 
-3.210 -3.139 -3.061 -2.975 -2.880 -2.777 -2.666 -2.551 -2.442 -2.356 
-2.311 -2.319 -2.375 -2.461 -2.558 -2.655 -2.745 -2.826 -2.899 -2.962 
-3.018 -3.065 -3.107 -3.141 -3.170 -3.193 -3.210 -3.222 -3.230 -3.232 
-3.237 
-3.415 -3.422 -3.419 -3.411 -3.398 -3.381 -3.359 -3.332 -3.300 -3.263 
-3.220 -3.171 -3.118 -3.060 -2.998 -2.932 -2.862 -2.785 -2.697 -2.599 
-2.495 -2.400 -2.342 -2.344 -2.407 -2.508 -2.625 -2.744 -2.856 -2.958 
-3.050 -3.133 -3.206 -3.272 -3.330 -3.381 -3.427 -3.467 -3.502 -3.533 
-3.558 -3.580 -3.598 -3.611 -3.621 -3.627 -3.630 -3.628 -3.623 -3.615 
-3.602 -3.586 -3.566 -3.542 -3.514 -3.481 -3.443 -3.400 -3.351 -3.297 
-3.236 -3.168 -3.092 -3.008 -2.915 -2.812 -2.702 -2.589 -2.482 -2.397 
-2.353 -2.364 -2.425 -2.517 -2.622 -2.726 -2.825 -2.915 -2.995 -3.067 
-3.130 -3.186 -3.235 -3.277 -3.313 -3.343 -3.369 -3.389 -3.404 -3.415 
-3.413 
-3.527 -3.548 -3.548 -3.544 -3.536 -3.522 -3.504 -3.481 -3.453 -3.419 
-3.379 -3.332 -3.278 -3.216 -3.144 -3.062 -2.968 -2.860 -2.737 -2.600 
-2.458 -2.335 -2.271 -2.295 -2.394 -2.530 -2.671 -2.804 -2.925 -3.032 
-3.129 -3.214 -3.291 -3.359 -3.419 -3.473 -3.521 -3.564 -3.601 -3.633 
-3.661 -3.684 -3.704 -3.719 -3.731 -3.739 -3.743 -3.743 -3.740 -3.733 
-3.723 -3.708 -3.690 -3.668 -3.641 -3.610 -3.574 -3.534 -3.487 -3.435 
-3.376 -3.311 -3.237 -3.154 -3.063 -2.961 -2.851 -2.734 -2.621 -2.526 
-2.470 -2.467 -2.511 -2.585 -2.675 -2.773 -2.872 -2.967 -3.055 -3.134 
-3.205 -3.267 -3.321 -3.369 -3.410 -3.445 -3.475 -3.499 -3.518 -3.533 
-3.526 
-3.448 -3.443 -3.451 -3.455 -3.454 -3.448 -3.438 -3.423 -3.403 -3.379 
-3.348 -3.313 -3.271 -3.223 -3.169 -3.107 -3.037 -2.958 -2.871 -2.775 
-2.675 -2.581 -2.517 -2.509 -2.549 -2.617 -2.700 -2.791 -2.884 -2.975 
-3.062 -3.143 -3.218 -3.286 -3.348 -3.404 -3.454 -3.499 -3.540 -3.576 
-3.607 -3.635 -3.658 -3.678 -3.693 -3.706 -3.715 -3.720 -3.722 -3.720 
-3.715 -3.707 -3.695 -3.679 -3.659 -3.636 -3.609 -3.577 -3.541 -3.500 
-3.453 -3.401 -3.343 -3.278 -3.206 -3.125 -3.036 -2.939 -2.836 -2.732 
-2.635 -2.555 -2.497 -2.473 -2.489 -2.545 -2.627 -2.721 -2.816 -2.907 
-2.991 -3.066 -3.133 -3.193 -3.245 -3.290 -3.329 -3.362 -3.390 -3.413 
-3.441 
-3.517 -3.535 -3.541 -3.543 -3.540 -3.532 -3.519 -3.502 -3.480 -3.452 
-3.418 -3.379 -3.333 -3.279 -3.218 -3.148 -3.067 -2.975 -2.872 -2.758 
-2.640 -2.533 -2.464 -2.458 -2.516 -2.617 -2.733 -2.848 -2.957 -3.057 
-3.148 -3.231 -3.307 -3.376 -3.438 -3.494 -3.544 -3.589 -3.630 -3.665 
-3.697 -3.724 -3.747 -3.767 -3.783 -3.795 -3.804 -3.809 -3.811 -3.809 
-3.804 -3.796 -3.784 -3.769 -3.750 -3.728 -3.701 -3.671 -3.636 -3.597 
-3.553 -3.504 -3.450 -3.391 -3.326 -3.255 -3.178 -3.095 -3.009 -2.919 
-2.831 -2.752 -2.693 -2.666 -2.678 -2.726 -2.797 -2.880 -2.965 -3.046 
-3.122 -3.191 -3.252 -3.307 -3.355 -3.397 -3.433 -3.463 -3.489 -3.509 
-3.513 
-3.522 -3.525 -3.530 -3.532 -3.530 -3.524 -3.514 -3.501 -3.483 -3.462 
-3.436 -3.406 -3.371 -3.331 -3.286 -3.235 -3.179 -3.116 -3.047 -2.971 
-2.890 -2.811 -2.749 -2.722 -2.730 -2.757 -2.794 -2.838 -2.890 -2.948 
-3.010 -3.072 -3.134 -3.193 -3.248 -3.300 -3.348 -3.391 -3.430 -3.465 
-3.496 -3.523 -3.546 -3.566 -3.582 -3.594 -3.603 -3.608 -3.610 -3.609 
-3.604 -3.595 -3.584 -3.568 -3.549 -3.527 -3.500 -3.470 -3.436 -3.398 
-3.355 -3.309 -3.259 -3.205 -3.147 -3.088 -3.027 -2.968 -2.914 -2.867 
-2.831 -2.809 -2.804 -2.818 -2.850 -2.899 -2.957 -3.019 -3.082 -3.142 
-3.198 -3.250 -3.297 -3.339 -3.377 -3.411 -3.440 -3.465 -3.486 -3.503 
-3.517 
