IRGRID 64 91
1e+308

0.025 0.03 0.035 0.04 0.045 0.05 0.055 0.06 0.065 0.07
0.075 0.08 0.085 0.09 0.095 0.1 0.11 0.12 0.13 0.14
0.15 0.16 0.17 0.18 0.19 0.2 0.21 0.22 0.23 0.24
0.25 0.26 0.27 0.28 0.29 0.3 0.31 0.32 0.33 0.34
0.35 0.36 0.37 0.38 0.39 0.4 0.41 0.42 0.43 0.44
0.45 0.46 0.47 0.48 0.49 0.5 0.51 0.52 0.53 0.54
0.55 0.56 0.57 0.58
0 4 8 12 16 20 24 28 32 36
40 44 48 52 56 60 64 68 72 76
80 84 88 92 96 100 104 108 112 116
120 124 128 132 136 140 144 148 152 156
160 164 168 172 176 180 184 188 192 196
200 204 208 212 216 220 224 228 232 236
240 244 248 252 256 260 264 268 272 276
280 284 288 292 296 300 304 308 312 316
320 324 328 332 336 340 344 348 352 356
360
-4.000 -4.000 -4.000 -4.000 -4.000 -4.000 -4.000 -4.000 -4.000 -4.000 
-4.000 -4.000 -4.000 -4.000 -4.000 -4.000 -4.000 -4.000 -4.000 -4.000 
-3.968 -3.930 -3.888 -3.842 -3.793 -3.739 -3.682 -3.620 -3.554 -3.484 
-3.409 -3.330 -3.249 -3.165 -3.081 -3.000 -2.926 -2.864 -2.820 -2.796 
-2.793 -2.808 -2.836 -2.870 -2.906 -2.940 -2.970 -2.993 -3.010 -3.020 
-3.022 -3.016 -3.001 -2.977 -2.943 -2.899 -2.845 -2.782 -2.714 -2.648 
-2.598 -2.570 -2.556 -2.535 -2.504 -2.482 -2.496 -2.560 -2.666 -2.795 
-2.930 -3.058 -3.177 -3.286 -3.384 -3.473 -3.554 -3.628 -3.695 -3.756 
-3.812 -3.863 -3.909 -3.951 -3.989 -4.000 -4.000 -4.000 -4.000 -4.000 
-4.000 
-3.128 -3.278 -3.322 -3.361 -3.396 -3.428 -3.455 -3.479 -3.500 -3.517 
-3.531 -3.541 -3.549 -3.552 -3.553 -3.550 -3.544 -3.534 -3.521 -3.505 
-3.484 -3.461 -3.433 -3.401 -3.365 -3.325 -3.281 -3.232 -3.179 -3.122 
-3.061 -2.997 -2.930 -2.863 -2.797 -2.736 -2.681 -2.636 -2.602 -2.578 
-2.564 -2.556 -2.549 -2.539 -2.523 -2.498 -2.463 -2.418 -2.364 -2.304 
-2.243 -2.188 -2.145 -2.119 -2.107 -2.102 -2.095 -2.080 -2.057 -2.033 
-2.025 -2.046 -2.099 -2.170 -2.242 -2.305 -2.357 -2.401 -2.436 -2.458 
-2.467 -2.466 -2.456 -2.442 -2.428 -2.418 -2.417 -2.431 -2.461 -2.506 
-2.565 -2.633 -2.706 -2.781 -2.856 -2.928 -2.997 -3.062 -3.123 -3.179 
-3.128 
-2.198 -2.269 -2.302 -2.336 -2.369 -2.403 -2.436 -2.469 -2.502 -2.533 
-2.562 -2.590 -2.617 -2.641 -2.662 -2.682 -2.699 -2.713 -2.725 -2.735 
-2.742 -2.746 -2.748 -2.747 -2.744 -2.737 -2.728 -2.716 -2.700 -2.682 
-2.660 -2.636 -2.608 -2.576 -2.542 -2.504 -2.464 -2.421 -2.375 -2.326 
-2.274 -2.216 -2.154 -2.085 -2.009 -1.927 -1.838 -1.743 -1.642 -1.535 
-1.423 -1.302 -1.158 -0.972 -0.789 -0.810 -1.008 -1.195 -1.335 -1.439 
-1.519 -1.582 -1.634 -1.676 -1.708 -1.730 -1.744 -1.750 -1.749 -1.741 
-1.727 -1.708 -1.686 -1.664 -1.644 -1.630 -1.627 -1.636 -1.661 -1.699 
-1.749 -1.806 -1.867 -1.926 -1.983 -2.035 -2.083 -2.126 -2.165 -2.201 
-2.186 
-1.792 -1.763 -1.781 -1.803 -1.828 -1.856 -1.886 -1.918 -1.951 -1.984 
-2.016 -2.048 -2.078 -2.107 -2.134 -2.159 -2.182 -2.203 -2.221 -2.237 
-2.250 -2.261 -2.270 -2.275 -2.279 -2.279 -2.277 -2.271 -2.263 -2.252 
-2.238 -2.220 -2.198 -2.173 -2.144 -2.110 -2.071 -2.026 -1.975 -1.915 
-1.846 -1.765 -1.668 -1.555 -1.430 -1.318 -1.256 -1.233 -1.196 -1.114 
-0.983 -0.804 -0.573 -0.317 -0.133 -0.146 -0.338 -0.583 -0.798 -0.969 
-1.106 -1.217 -1.307 -1.381 -1.439 -1.485 -1.519 -1.542 -1.554 -1.558 
-1.556 -1.556 -1.563 -1.582 -1.607 -1.634 -1.659 -1.679 -1.697 -1.711 
-1.723 -1.731 -1.735 -1.737 -1.736 -1.735 -1.733 -1.733 -1.735 -1.741 
-1.788 
-2.204 -2.284 -2.308 -2.333 -2.359 -2.386 -2.412 -2.437 -2.462 -2.486 
-2.507 -2.527 -2.544 -2.559 -2.572 -2.581 -2.588 -2.592 -2.592 -2.590 
-2.585 -2.576 -2.565 -2.550 -2.531 -2.509 -2.484 -2.454 -2.420 -2.382 
-2.340 -2.292 -2.239 -2.180 -2.115 -2.042 -1.961 -1.870 -1.769 -1.654 
-1.525 -1.379 -1.215 -1.038 -0.867 -0.743 -0.709 -0.768 -0.878 -0.991 
-1.076 -1.112 -1.075 -0.947 -0.783 -0.807 -1.003 -1.180 -1.301 -1.377 
-1.421 -1.441 -1.441 -1.424 -1.393 -1.347 -1.293 -1.236 -1.189 -1.161 
-1.151 -1.156 -1.181 -1.233 -1.311 -1.406 -1.508 -1.610 -1.705 -1.791 
-1.869 -1.936 -1.995 -2.046 -2.089 -2.126 -2.158 -2.186 -2.212 -2.236 
-2.198 
-2.418 -2.480 -2.513 -2.542 -2.568 -2.591 -2.612 -2.630 -2.645 -2.657 
-2.667 -2.674 -2.679 -2.681 -2.681 -2.678 -2.672 -2.664 -2.654 -2.641 
-2.625 -2.607 -2.585 -2.561 -2.534 -2.503 -2.470 -2.432 -2.391 -2.347 
-2.297 -2.244 -2.185 -2.121 -2.050 -1.973 -1.888 -1.794 -1.690 -1.575 
-1.446 -1.302 -1.143 -0.974 -0.811 -0.687 -0.640 -0.674 -0.755 -0.841 
-0.908 -0.953 -0.987 -1.023 -1.064 -1.106 -1.143 -1.171 -1.188 -1.193 
-1.185 -1.165 -1.131 -1.085 -1.025 -0.956 -0.884 -0.824 -0.795 -0.809 
-0.864 -0.943 -1.032 -1.128 -1.232 -1.341 -1.452 -1.561 -1.664 -1.761 
-1.851 -1.935 -2.012 -2.083 -2.149 -2.209 -2.264 -2.315 -2.362 -2.405 
-2.410 
-1.780 -1.858 -1.884 -1.909 -1.932 -1.955 -1.977 -1.999 -2.019 -2.039 
-2.058 -2.076 -2.093 -2.108 -2.122 -2.135 -2.146 -2.155 -2.162 -2.168 
-2.171 -2.172 -2.171 -2.168 -2.162 -2.154 -2.143 -2.130 -2.113 -2.094 
-2.071 -2.045 -2.016 -1.982 -1.945 -1.903 -1.855 -1.803 -1.744 -1.678 
-1.604 -1.520 -1.425 -1.318 -1.202 -1.091 -1.004 -0.938 -0.867 -0.782 
-0.694 -0.619 -0.572 -0.555 -0.560 -0.565 -0.547 -0.487 -0.382 -0.282 
-0.292 -0.408 -0.537 -0.634 -0.694 -0.725 -0.731 -0.721 -0.703 -0.686 
-0.674 -0.673 -0.690 -0.732 -0.798 -0.884 -0.981 -1.080 -1.176 -1.266 
-1.349 -1.423 -1.490 -1.551 -1.604 -1.652 -1.695 -1.733 -1.768 -1.800 
-1.772 
-1.304 -1.291 -1.307 -1.324 -1.341 -1.359 -1.377 -1.396 -1.415 -1.434 
-1.453 -1.472 -1.491 -1.508 -1.525 -1.542 -1.557 -1.570 -1.583 -1.594 
-1.603 -1.611 -1.617 -1.621 -1.624 -1.624 -1.622 -1.618 -1.612 -1.603 
-1.592 -1.579 -1.563 -1.544 -1.522 -1.497 -1.469 -1.437 -1.402 -1.364 
-1.321 -1.273 -1.221 -1.164 -1.101 -1.032 -0.956 -0.874 -0.784 -0.687 
-0.584 -0.478 -0.368 -0.258 -0.145 -0.030 0.090 0.220 0.355 0.448 
0.439 0.328 0.178 0.035 -0.088 -0.194 -0.289 -0.374 -0.452 -0.522 
-0.587 -0.646 -0.702 -0.758 -0.814 -0.869 -0.921 -0.969 -1.011 -1.048 
-1.081 -1.109 -1.135 -1.157 -1.177 -1.196 -1.213 -1.229 -1.245 -1.260 
-1.299 
-1.342 -1.373 -1.396 -1.417 -1.436 -1.454 -1.469 -1.483 -1.494 -1.504 
-1.511 -1.517 -1.520 -1.521 -1.520 -1.516 -1.510 -1.501 -1.490 -1.477 
-1.461 -1.444 -1.424 -1.402 -1.379 -1.355 -1.331 -1.306 -1.281 -1.256 
-1.232 -1.208 -1.185 -1.160 -1.135 -1.108 -1.078 -1.044 -1.007 -0.964 
-0.917 -0.864 -0.805 -0.740 -0.669 -0.591 -0.505 -0.413 -0.313 -0.206 
-0.093 0.026 0.146 0.264 0.373 0.463 0.529 0.569 0.587 0.589 
0.573 0.559 0.620 0.755 0.548 0.343 0.210 0.103 0.005 -0.090 
-0.184 -0.275 -0.364 -0.450 -0.533 -0.612 -0.687 -0.758 -0.825 -0.887 
-0.946 -1.001 -1.052 -1.100 -1.144 -1.185 -1.223 -1.258 -1.290 -1.320 
-1.332 
-1.280 -1.300 -1.308 -1.314 -1.318 -1.319 -1.317 -1.313 -1.307 -1.298 
-1.286 -1.273 -1.257 -1.239 -1.218 -1.195 -1.170 -1.143 -1.114 -1.084 
-1.051 -1.018 -0.984 -0.949 -0.915 -0.881 -0.849 -0.819 -0.791 -0.767 
-0.746 -0.729 -0.715 -0.704 -0.695 -0.688 -0.681 -0.674 -0.666 -0.657 
-0.646 -0.633 -0.616 -0.597 -0.574 -0.547 -0.515 -0.477 -0.434 -0.383 
-0.325 -0.258 -0.182 -0.100 -0.013 0.076 0.164 0.257 0.371 0.529 
0.769 1.105 1.288 1.318 1.093 0.729 0.414 0.185 0.006 -0.141 
-0.268 -0.379 -0.478 -0.568 -0.649 -0.724 -0.792 -0.854 -0.911 -0.963 
-1.011 -1.054 -1.093 -1.129 -1.161 -1.190 -1.216 -1.238 -1.258 -1.275 
-1.278 
-1.089 -1.104 -1.119 -1.132 -1.142 -1.151 -1.157 -1.161 -1.163 -1.163 
-1.161 -1.156 -1.150 -1.142 -1.131 -1.119 -1.105 -1.088 -1.070 -1.050 
-1.028 -1.004 -0.978 -0.951 -0.922 -0.892 -0.861 -0.828 -0.795 -0.761 
-0.727 -0.691 -0.656 -0.620 -0.583 -0.546 -0.508 -0.470 -0.432 -0.394 
-0.356 -0.318 -0.279 -0.241 -0.201 -0.160 -0.118 -0.073 -0.025 0.028 
0.086 0.152 0.226 0.311 0.410 0.527 0.669 0.844 1.067 1.338 
1.582 1.727 1.712 1.463 1.106 0.801 0.569 0.382 0.225 0.089 
-0.030 -0.137 -0.234 -0.321 -0.401 -0.475 -0.543 -0.605 -0.663 -0.717 
-0.766 -0.812 -0.854 -0.893 -0.929 -0.962 -0.992 -1.020 -1.044 -1.067 
-1.083 
-0.837 -0.880 -0.901 -0.921 -0.939 -0.955 -0.970 -0.983 -0.994 -1.004 
-1.013 -1.020 -1.025 -1.029 -1.031 -1.031 -1.030 -1.028 -1.023 -1.017 
-1.009 -0.999 -0.987 -0.973 -0.958 -0.940 -0.920 -0.899 -0.875 -0.849 
-0.821 -0.791 -0.759 -0.724 -0.687 -0.648 -0.607 -0.564 -0.518 -0.470 
-0.419 -0.366 -0.309 -0.250 -0.187 -0.120 -0.049 0.026 0.107 0.194 
0.287 0.388 0.499 0.621 0.759 0.916 1.102 1.325 1.592 1.845 
1.969 1.946 1.744 1.395 1.122 0.907 0.730 0.577 0.443 0.324 
0.215 0.116 0.025 -0.058 -0.136 -0.208 -0.275 -0.338 -0.396 -0.451 
-0.502 -0.549 -0.594 -0.635 -0.674 -0.710 -0.744 -0.775 -0.804 -0.831 
-0.830 
-0.610 -0.589 -0.606 -0.623 -0.639 -0.654 -0.668 -0.682 -0.695 -0.707 
-0.718 -0.729 -0.739 -0.748 -0.757 -0.764 -0.771 -0.776 -0.781 -0.784 
-0.787 -0.788 -0.788 -0.786 -0.784 -0.779 -0.774 -0.766 -0.757 -0.746 
-0.733 -0.718 -0.701 -0.682 -0.660 -0.635 -0.607 -0.575 -0.540 -0.500 
-0.455 -0.404 -0.345 -0.277 -0.198 -0.104 0.005 0.125 0.239 0.319 
0.353 0.367 0.391 0.440 0.518 0.625 0.765 0.945 1.179 1.479 
1.820 2.068 1.977 1.629 1.270 1.011 0.806 0.639 0.499 0.380 
0.277 0.187 0.106 0.035 -0.029 -0.088 -0.140 -0.189 -0.233 -0.273 
-0.311 -0.346 -0.378 -0.408 -0.435 -0.461 -0.486 -0.509 -0.530 -0.551 
-0.602 
-1.041 -1.121 -1.140 -1.157 -1.172 -1.186 -1.198 -1.210 -1.219 -1.228 
-1.235 -1.240 -1.245 -1.247 -1.249 -1.248 -1.247 -1.243 -1.238 -1.231 
-1.221 -1.210 -1.197 -1.182 -1.164 -1.144 -1.122 -1.096 -1.068 -1.036 
-1.001 -0.962 -0.919 -0.872 -0.819 -0.762 -0.698 -0.627 -0.549 -0.463 
-0.366 -0.259 -0.139 -0.005 0.144 0.308 0.481 0.651 0.790 0.869 
0.877 0.836 0.779 0.738 0.741 0.864 1.185 0.907 0.826 0.908 
1.113 1.465 1.417 1.233 1.119 0.950 0.740 0.530 0.341 0.176 
0.031 -0.096 -0.207 -0.307 -0.396 -0.476 -0.549 -0.614 -0.674 -0.729 
-0.778 -0.824 -0.866 -0.904 -0.940 -0.972 -1.003 -1.030 -1.056 -1.079 
-1.037 
-1.359 -1.364 -1.373 -1.380 -1.385 -1.388 -1.390 -1.391 -1.390 -1.388 
-1.384 -1.379 -1.372 -1.365 -1.356 -1.346 -1.335 -1.322 -1.309 -1.294 
-1.279 -1.262 -1.244 -1.225 -1.205 -1.183 -1.161 -1.137 -1.112 -1.085 
-1.056 -1.026 -0.993 -0.959 -0.921 -0.881 -0.837 -0.789 -0.737 -0.679 
-0.616 -0.544 -0.464 -0.374 -0.271 -0.154 -0.023 0.116 0.246 0.343 
0.401 0.452 0.535 0.684 0.961 1.409 1.716 1.438 1.025 0.805 
0.709 0.637 0.582 0.542 0.451 0.284 0.092 -0.084 -0.238 -0.370 
-0.485 -0.586 -0.674 -0.753 -0.823 -0.887 -0.944 -0.996 -1.043 -1.086 
-1.125 -1.160 -1.192 -1.221 -1.247 -1.270 -1.292 -1.310 -1.327 -1.341 
-1.356 
-1.384 -1.409 -1.428 -1.444 -1.459 -1.471 -1.481 -1.490 -1.496 -1.500 
-1.502 -1.502 -1.500 -1.497 -1.491 -1.484 -1.474 -1.463 -1.450 -1.434 
-1.417 -1.398 -1.377 -1.354 -1.328 -1.301 -1.271 -1.238 -1.203 -1.166 
-1.125 -1.082 -1.035 -0.986 -0.932 -0.875 -0.814 -0.749 -0.679 -0.604 
-0.524 -0.439 -0.348 -0.252 -0.150 -0.043 0.069 0.185 0.302 0.417 
0.529 0.634 0.731 0.823 0.921 1.067 1.326 1.191 1.189 1.220 
1.211 1.135 0.998 0.826 0.644 0.466 0.300 0.146 0.006 -0.123 
-0.241 -0.349 -0.449 -0.541 -0.626 -0.705 -0.779 -0.847 -0.910 -0.969 
-1.024 -1.074 -1.121 -1.165 -1.205 -1.243 -1.277 -1.309 -1.338 -1.364 
-1.376 
-1.352 -1.361 -1.383 -1.404 -1.422 -1.438 -1.451 -1.462 -1.472 -1.479 
-1.483 -1.486 -1.487 -1.485 -1.482 -1.476 -1.468 -1.458 -1.446 -1.432 
-1.415 -1.396 -1.375 -1.351 -1.325 -1.297 -1.265 -1.232 -1.195 -1.155 
-1.113 -1.067 -1.017 -0.965 -0.908 -0.847 -0.782 -0.712 -0.638 -0.557 
-0.471 -0.377 -0.276 -0.166 -0.047 0.078 0.204 0.314 0.398 0.468 
0.537 0.611 0.684 0.753 0.817 0.876 0.933 0.992 1.049 1.098 
1.123 1.112 1.067 0.993 0.864 0.685 0.505 0.339 0.187 0.048 
-0.079 -0.196 -0.304 -0.403 -0.495 -0.581 -0.660 -0.734 -0.803 -0.867 
-0.927 -0.983 -1.035 -1.083 -1.128 -1.170 -1.209 -1.244 -1.277 -1.308 
-1.342 
-1.475 -1.502 -1.524 -1.543 -1.559 -1.573 -1.585 -1.595 -1.602 -1.607 
-1.609 -1.610 -1.608 -1.604 -1.597 -1.589 -1.578 -1.564 -1.549 -1.531 
-1.510 -1.487 -1.461 -1.433 -1.401 -1.367 -1.330 -1.289 -1.245 -1.197 
-1.146 -1.090 -1.030 -0.965 -0.895 -0.819 -0.737 -0.647 -0.550 -0.443 
-0.326 -0.198 -0.057 0.097 0.261 0.425 0.571 0.669 0.702 0.679 
0.628 0.576 0.538 0.517 0.513 0.524 0.550 0.592 0.649 0.725 
0.820 0.938 1.065 1.138 1.072 0.875 0.629 0.396 0.192 0.015 
-0.140 -0.278 -0.401 -0.513 -0.614 -0.707 -0.792 -0.870 -0.942 -1.008 
-1.070 -1.127 -1.180 -1.229 -1.274 -1.316 -1.354 -1.390 -1.422 -1.451 
-1.467 
-1.525 -1.556 -1.579 -1.598 -1.615 -1.630 -1.642 -1.652 -1.660 -1.665 
-1.668 -1.669 -1.667 -1.664 -1.658 -1.649 -1.639 -1.626 -1.610 -1.592 
-1.572 -1.549 -1.524 -1.496 -1.465 -1.431 -1.394 -1.354 -1.310 -1.263 
-1.212 -1.158 -1.099 -1.035 -0.967 -0.893 -0.813 -0.728 -0.635 -0.536 
-0.428 -0.313 -0.190 -0.060 0.072 0.202 0.318 0.402 0.440 0.436 
0.407 0.369 0.332 0.303 0.285 0.280 0.290 0.317 0.362 0.427 
0.515 0.626 0.749 0.841 0.828 0.711 0.541 0.353 0.170 0.000 
-0.154 -0.294 -0.420 -0.535 -0.640 -0.736 -0.824 -0.904 -0.979 -1.048 
-1.112 -1.170 -1.225 -1.275 -1.322 -1.365 -1.404 -1.441 -1.474 -1.504 
-1.517 
-1.409 -1.428 -1.452 -1.474 -1.493 -1.510 -1.524 -1.537 -1.546 -1.554 
-1.559 -1.562 -1.562 -1.561 -1.557 -1.551 -1.542 -1.532 -1.519 -1.503 
-1.485 -1.465 -1.442 -1.416 -1.388 -1.357 -1.323 -1.286 -1.245 -1.202 
-1.154 -1.103 -1.048 -0.989 -0.925 -0.856 -0.782 -0.702 -0.615 -0.522 
-0.422 -0.315 -0.200 -0.079 0.045 0.168 0.280 0.372 0.435 0.468 
0.473 0.459 0.431 0.397 0.363 0.336 0.320 0.316 0.326 0.348 
0.384 0.431 0.485 0.534 0.554 0.526 0.457 0.357 0.238 0.110 
-0.019 -0.144 -0.261 -0.372 -0.475 -0.571 -0.659 -0.742 -0.818 -0.890 
-0.956 -1.017 -1.074 -1.127 -1.176 -1.222 -1.264 -1.302 -1.338 -1.371 
-1.399 
-1.325 -1.351 -1.378 -1.402 -1.423 -1.443 -1.460 -1.474 -1.487 -1.497 
-1.505 -1.510 -1.514 -1.515 -1.515 -1.512 -1.506 -1.499 -1.490 -1.478 
-1.464 -1.447 -1.429 -1.408 -1.384 -1.358 -1.329 -1.297 -1.263 -1.225 
-1.185 -1.141 -1.094 -1.043 -0.988 -0.929 -0.865 -0.796 -0.723 -0.643 
-0.558 -0.465 -0.365 -0.258 -0.143 -0.022 0.104 0.230 0.350 0.458 
0.542 0.591 0.601 0.579 0.539 0.494 0.453 0.417 0.390 0.370 
0.357 0.349 0.345 0.341 0.330 0.307 0.265 0.206 0.132 0.047 
-0.044 -0.137 -0.231 -0.324 -0.413 -0.500 -0.581 -0.659 -0.732 -0.802 
-0.867 -0.927 -0.985 -1.038 -1.088 -1.135 -1.178 -1.218 -1.256 -1.290 
-1.314 
-1.260 -1.273 -1.298 -1.320 -1.341 -1.359 -1.375 -1.389 -1.401 -1.410 
-1.418 -1.423 -1.427 -1.428 -1.428 -1.425 -1.420 -1.414 -1.405 -1.394 
-1.381 -1.366 -1.348 -1.329 -1.307 -1.282 -1.256 -1.227 -1.195 -1.161 
-1.124 -1.084 -1.042 -0.996 -0.947 -0.895 -0.840 -0.781 -0.718 -0.651 
-0.580 -0.505 -0.425 -0.341 -0.253 -0.160 -0.064 0.036 0.136 0.233 
0.321 0.392 0.443 0.473 0.484 0.481 0.469 0.452 0.432 0.410 
0.386 0.359 0.328 0.292 0.251 0.202 0.147 0.085 0.018 -0.055 
-0.130 -0.207 -0.284 -0.360 -0.435 -0.508 -0.578 -0.645 -0.709 -0.770 
-0.828 -0.882 -0.934 -0.983 -1.028 -1.071 -1.111 -1.149 -1.183 -1.216 
-1.250 
-1.332 -1.361 -1.390 -1.417 -1.442 -1.464 -1.484 -1.502 -1.517 -1.530 
-1.542 -1.551 -1.557 -1.562 -1.565 -1.565 -1.564 -1.560 -1.555 -1.547 
-1.537 -1.525 -1.510 -1.494 -1.475 -1.454 -1.430 -1.404 -1.376 -1.345 
-1.311 -1.275 -1.236 -1.193 -1.148 -1.099 -1.047 -0.991 -0.931 -0.867 
-0.799 -0.726 -0.647 -0.563 -0.473 -0.377 -0.274 -0.163 -0.045 0.078 
0.202 0.319 0.416 0.477 0.496 0.478 0.439 0.394 0.352 0.318 
0.291 0.266 0.238 0.203 0.158 0.109 0.058 0.005 -0.050 -0.108 
-0.169 -0.233 -0.301 -0.371 -0.443 -0.516 -0.587 -0.658 -0.726 -0.793 
-0.856 -0.916 -0.974 -1.029 -1.080 -1.129 -1.174 -1.217 -1.257 -1.294 
-1.320 
-1.400 -1.426 -1.450 -1.473 -1.493 -1.511 -1.526 -1.540 -1.551 -1.561 
-1.568 -1.574 -1.577 -1.578 -1.578 -1.575 -1.571 -1.564 -1.555 -1.545 
-1.532 -1.518 -1.501 -1.483 -1.462 -1.439 -1.414 -1.387 -1.357 -1.325 
-1.291 -1.254 -1.215 -1.173 -1.129 -1.082 -1.031 -0.978 -0.922 -0.862 
-0.798 -0.730 -0.657 -0.579 -0.496 -0.407 -0.315 -0.223 -0.140 -0.072 
-0.016 0.037 0.089 0.135 0.171 0.202 0.235 0.276 0.324 0.375 
0.420 0.448 0.448 0.415 0.350 0.264 0.169 0.071 -0.025 -0.119 
-0.210 -0.300 -0.388 -0.474 -0.557 -0.636 -0.712 -0.784 -0.851 -0.915 
-0.975 -1.032 -1.085 -1.135 -1.181 -1.224 -1.265 -1.302 -1.337 -1.369 
-1.391 
-1.426 -1.447 -1.474 -1.500 -1.522 -1.543 -1.560 -1.576 -1.589 -1.599 
-1.608 -1.614 -1.618 -1.619 -1.619 -1.616 -1.611 -1.604 -1.594 -1.582 
-1.568 -1.551 -1.532 -1.511 -1.487 -1.460 -1.430 -1.398 -1.363 -1.324 
-1.282 -1.237 -1.188 -1.135 -1.078 -1.017 -0.950 -0.878 -0.800 -0.716 
-0.625 -0.526 -0.418 -0.303 -0.181 -0.055 0.069 0.179 0.259 0.298 
0.294 0.259 0.209 0.157 0.111 0.076 0.054 0.045 0.047 0.058 
0.075 0.090 0.099 0.096 0.086 0.072 0.056 0.034 0.001 -0.046 
-0.107 -0.182 -0.266 -0.355 -0.446 -0.536 -0.623 -0.706 -0.786 -0.860 
-0.930 -0.996 -1.057 -1.114 -1.168 -1.217 -1.264 -1.306 -1.346 -1.382 
-1.414 
-1.523 -1.543 -1.570 -1.595 -1.617 -1.637 -1.654 -1.669 -1.681 -1.691 
-1.699 -1.705 -1.708 -1.709 -1.708 -1.704 -1.698 -1.690 -1.679 -1.667 
-1.651 -1.634 -1.613 -1.591 -1.565 -1.537 -1.506 -1.472 -1.435 -1.395 
-1.351 -1.304 -1.253 -1.198 -1.139 -1.075 -1.007 -0.933 -0.853 -0.768 
-0.676 -0.577 -0.472 -0.361 -0.244 -0.124 -0.003 0.112 0.196 0.210 
0.178 0.133 0.085 0.036 -0.007 -0.044 -0.073 -0.094 -0.107 -0.111 
-0.109 -0.100 -0.086 -0.070 -0.055 -0.044 -0.041 -0.050 -0.073 -0.111 
-0.166 -0.242 -0.334 -0.432 -0.531 -0.627 -0.718 -0.803 -0.884 -0.959 
-1.030 -1.095 -1.157 -1.214 -1.267 -1.316 -1.362 -1.404 -1.443 -1.479 
-1.512 
-1.747 -1.789 -1.821 -1.850 -1.876 -1.899 -1.919 -1.937 -1.952 -1.964 
-1.975 -1.982 -1.987 -1.990 -1.991 -1.989 -1.984 -1.977 -1.968 -1.956 
-1.942 -1.925 -1.906 -1.883 -1.858 -1.830 -1.800 -1.765 -1.728 -1.687 
-1.643 -1.594 -1.541 -1.484 -1.421 -1.353 -1.279 -1.197 -1.108 -1.010 
-0.901 -0.779 -0.641 -0.485 -0.306 -0.108 0.092 0.270 0.372 0.339 
0.205 0.048 -0.087 -0.195 -0.279 -0.343 -0.391 -0.425 -0.445 -0.455 
-0.453 -0.440 -0.418 -0.386 -0.344 -0.293 -0.234 -0.169 -0.106 -0.061 
-0.057 -0.110 -0.215 -0.350 -0.493 -0.631 -0.760 -0.878 -0.986 -1.085 
-1.175 -1.257 -1.332 -1.402 -1.466 -1.524 -1.578 -1.628 -1.674 -1.716 
-1.735 
-1.848 -1.885 -1.917 -1.946 -1.972 -1.994 -2.014 -2.032 -2.046 -2.058 
-2.068 -2.074 -2.079 -2.080 -2.080 -2.076 -2.071 -2.062 -2.051 -2.038 
-2.022 -2.003 -1.981 -1.956 -1.928 -1.897 -1.863 -1.825 -1.784 -1.738 
-1.688 -1.634 -1.574 -1.509 -1.438 -1.360 -1.274 -1.179 -1.074 -0.956 
-0.824 -0.674 -0.504 -0.315 -0.117 0.055 0.149 0.149 0.092 -0.024 
-0.175 -0.313 -0.424 -0.513 -0.581 -0.632 -0.669 -0.693 -0.705 -0.705 
-0.693 -0.670 -0.635 -0.588 -0.526 -0.450 -0.360 -0.258 -0.155 -0.072 
-0.041 -0.086 -0.197 -0.348 -0.508 -0.662 -0.804 -0.933 -1.049 -1.154 
-1.249 -1.336 -1.415 -1.487 -1.553 -1.614 -1.670 -1.721 -1.768 -1.810 
-1.836 
-1.812 -1.832 -1.862 -1.889 -1.914 -1.935 -1.954 -1.970 -1.983 -1.993 
-2.001 -2.007 -2.010 -2.010 -2.008 -2.003 -1.996 -1.986 -1.974 -1.959 
-1.941 -1.921 -1.897 -1.871 -1.841 -1.809 -1.772 -1.733 -1.689 -1.641 
-1.589 -1.532 -1.470 -1.402 -1.328 -1.247 -1.158 -1.059 -0.951 -0.831 
-0.698 -0.552 -0.396 -0.235 -0.090 0.015 0.047 -0.004 -0.107 -0.223 
-0.330 -0.422 -0.499 -0.560 -0.608 -0.644 -0.668 -0.680 -0.683 -0.674 
-0.655 -0.624 -0.582 -0.526 -0.457 -0.374 -0.278 -0.175 -0.078 -0.013 
-0.006 -0.071 -0.194 -0.348 -0.506 -0.655 -0.792 -0.916 -1.028 -1.129 
-1.220 -1.304 -1.380 -1.450 -1.514 -1.572 -1.626 -1.675 -1.720 -1.760 
-1.799 
-1.880 -1.906 -1.938 -1.966 -1.992 -2.014 -2.033 -2.050 -2.064 -2.075 
-2.083 -2.089 -2.092 -2.093 -2.091 -2.086 -2.079 -2.069 -2.057 -2.041 
-2.023 -2.003 -1.979 -1.952 -1.922 -1.888 -1.851 -1.811 -1.766 -1.717 
-1.663 -1.605 -1.541 -1.471 -1.394 -1.310 -1.217 -1.116 -1.004 -0.882 
-0.750 -0.611 -0.475 -0.358 -0.278 -0.250 -0.275 -0.342 -0.426 -0.510 
-0.590 -0.661 -0.722 -0.774 -0.815 -0.846 -0.867 -0.879 -0.881 -0.873 
-0.856 -0.829 -0.791 -0.742 -0.680 -0.605 -0.516 -0.413 -0.305 -0.205 
-0.141 -0.139 -0.212 -0.342 -0.499 -0.657 -0.804 -0.938 -1.058 -1.167 
-1.265 -1.354 -1.434 -1.508 -1.575 -1.636 -1.692 -1.743 -1.790 -1.833 
-1.867 
-1.970 -2.019 -2.054 -2.086 -2.115 -2.140 -2.163 -2.183 -2.201 -2.215 
-2.227 -2.237 -2.244 -2.249 -2.251 -2.250 -2.248 -2.242 -2.235 -2.224 
-2.211 -2.196 -2.178 -2.157 -2.133 -2.106 -2.076 -2.043 -2.006 -1.966 
-1.922 -1.874 -1.822 -1.765 -1.702 -1.634 -1.560 -1.478 -1.389 -1.291 
-1.184 -1.070 -0.951 -0.838 -0.741 -0.666 -0.604 -0.549 -0.504 -0.473 
-0.466 -0.498 -0.563 -0.638 -0.707 -0.765 -0.810 -0.844 -0.866 -0.878 
-0.879 -0.870 -0.851 -0.822 -0.782 -0.734 -0.676 -0.613 -0.550 -0.495 
-0.462 -0.472 -0.534 -0.634 -0.751 -0.868 -0.982 -1.089 -1.189 -1.284 
-1.372 -1.455 -1.533 -1.605 -1.672 -1.734 -1.792 -1.845 -1.894 -1.940 
-1.959 
-1.801 -1.844 -1.883 -1.919 -1.952 -1.982 -2.010 -2.035 -2.057 -2.077 
-2.094 -2.109 -2.121 -2.131 -2.139 -2.144 -2.147 -2.147 -2.145 -2.141 
-2.134 -2.124 -2.113 -2.098 -2.081 -2.061 -2.039 -2.014 -1.985 -1.954 
-1.919 -1.880 -1.838 -1.793 -1.742 -1.688 -1.628 -1.563 -1.492 -1.415 
-1.331 -1.239 -1.139 -1.029 -0.911 -0.784 -0.650 -0.512 -0.373 -0.250 
-0.175 -0.179 -0.255 -0.369 -0.487 -0.593 -0.683 -0.757 -0.817 -0.865 
-0.901 -0.928 -0.945 -0.953 -0.953 -0.945 -0.930 -0.909 -0.885 -0.863 
-0.848 -0.844 -0.852 -0.870 -0.895 -0.928 -0.970 -1.022 -1.081 -1.146 
-1.214 -1.284 -1.352 -1.419 -1.483 -1.544 -1.602 -1.657 -1.708 -1.757 
-1.786 
-1.647 -1.649 -1.680 -1.709 -1.736 -1.761 -1.784 -1.805 -1.823 -1.839 
-1.854 -1.866 -1.875 -1.883 -1.888 -1.892 -1.892 -1.891 -1.887 -1.881 
-1.873 -1.862 -1.849 -1.833 -1.814 -1.793 -1.769 -1.742 -1.712 -1.678 
-1.642 -1.601 -1.557 -1.509 -1.456 -1.399 -1.336 -1.268 -1.194 -1.114 
-1.026 -0.931 -0.829 -0.722 -0.613 -0.508 -0.419 -0.353 -0.315 -0.305 
-0.321 -0.371 -0.448 -0.535 -0.618 -0.692 -0.757 -0.813 -0.861 -0.901 
-0.934 -0.961 -0.982 -0.997 -1.007 -1.013 -1.015 -1.014 -1.011 -1.007 
-1.005 -1.006 -1.012 -1.023 -1.040 -1.062 -1.089 -1.119 -1.153 -1.190 
-1.228 -1.267 -1.308 -1.349 -1.389 -1.430 -1.469 -1.508 -1.546 -1.582 
-1.633 
-1.877 -1.929 -1.961 -1.991 -2.018 -2.042 -2.064 -2.083 -2.100 -2.114 
-2.126 -2.135 -2.141 -2.146 -2.148 -2.147 -2.144 -2.139 -2.131 -2.120 
-2.107 -2.091 -2.073 -2.052 -2.027 -2.000 -1.970 -1.936 -1.899 -1.858 
-1.814 -1.765 -1.711 -1.653 -1.590 -1.520 -1.445 -1.362 -1.272 -1.174 
-1.068 -0.954 -0.834 -0.713 -0.601 -0.510 -0.457 -0.448 -0.479 -0.537 
-0.609 -0.685 -0.758 -0.824 -0.882 -0.930 -0.970 -1.001 -1.024 -1.040 
-1.047 -1.048 -1.042 -1.029 -1.011 -0.987 -0.960 -0.931 -0.904 -0.881 
-0.868 -0.866 -0.878 -0.899 -0.927 -0.959 -1.006 -1.075 -1.162 -1.251 
-1.336 -1.414 -1.485 -1.551 -1.612 -1.668 -1.720 -1.768 -1.813 -1.855 
-1.867 
-2.027 -2.068 -2.111 -2.150 -2.185 -2.217 -2.244 -2.269 -2.290 -2.308 
-2.323 -2.336 -2.345 -2.352 -2.355 -2.357 -2.355 -2.351 -2.344 -2.334 
-2.321 -2.306 -2.287 -2.266 -2.241 -2.213 -2.182 -2.148 -2.109 -2.067 
-2.021 -1.970 -1.915 -1.854 -1.788 -1.717 -1.640 -1.556 -1.467 -1.372 
-1.274 -1.176 -1.083 -1.001 -0.937 -0.898 -0.888 -0.912 -0.962 -1.026 
-1.094 -1.160 -1.219 -1.272 -1.316 -1.353 -1.382 -1.404 -1.419 -1.427 
-1.428 -1.422 -1.410 -1.390 -1.364 -1.330 -1.290 -1.243 -1.188 -1.127 
-1.060 -0.985 -0.904 -0.823 -0.751 -0.706 -0.709 -0.773 -0.886 -1.022 
-1.160 -1.290 -1.409 -1.516 -1.611 -1.698 -1.776 -1.846 -1.910 -1.968 
-2.010 
-2.031 -2.067 -2.106 -2.141 -2.173 -2.201 -2.227 -2.249 -2.268 -2.285 
-2.299 -2.310 -2.319 -2.325 -2.328 -2.329 -2.328 -2.323 -2.317 -2.307 
-2.295 -2.281 -2.263 -2.243 -2.220 -2.194 -2.165 -2.132 -2.097 -2.058 
-2.015 -1.968 -1.917 -1.862 -1.802 -1.737 -1.667 -1.591 -1.511 -1.425 
-1.335 -1.243 -1.151 -1.065 -0.992 -0.938 -0.909 -0.905 -0.925 -0.962 
-1.009 -1.061 -1.111 -1.159 -1.201 -1.238 -1.268 -1.291 -1.307 -1.317 
-1.319 -1.315 -1.303 -1.284 -1.257 -1.221 -1.176 -1.121 -1.056 -0.980 
-0.896 -0.810 -0.733 -0.683 -0.676 -0.716 -0.796 -0.906 -1.033 -1.160 
-1.280 -1.391 -1.491 -1.582 -1.664 -1.739 -1.807 -1.869 -1.925 -1.977 
-2.016 
-2.007 -2.033 -2.061 -2.086 -2.109 -2.129 -2.148 -2.163 -2.177 -2.188 
-2.197 -2.204 -2.208 -2.211 -2.211 -2.208 -2.204 -2.197 -2.187 -2.175 
-2.161 -2.144 -2.124 -2.102 -2.077 -2.049 -2.018 -1.984 -1.947 -1.905 
-1.861 -1.812 -1.759 -1.701 -1.639 -1.571 -1.498 -1.418 -1.333 -1.241 
-1.144 -1.042 -0.939 -0.843 -0.764 -0.715 -0.704 -0.725 -0.768 -0.825 
-0.889 -0.953 -1.015 -1.072 -1.123 -1.168 -1.208 -1.241 -1.269 -1.291 
-1.309 -1.322 -1.331 -1.335 -1.335 -1.330 -1.322 -1.308 -1.290 -1.266 
-1.237 -1.203 -1.171 -1.152 -1.161 -1.201 -1.265 -1.338 -1.411 -1.481 
-1.547 -1.608 -1.665 -1.718 -1.767 -1.814 -1.857 -1.898 -1.935 -1.971 
-1.998 
-2.019 -2.040 -2.076 -2.108 -2.138 -2.164 -2.187 -2.208 -2.226 -2.240 
-2.253 -2.262 -2.269 -2.274 -2.275 -2.275 -2.271 -2.265 -2.256 -2.245 
-2.231 -2.214 -2.194 -2.171 -2.145 -2.116 -2.084 -2.048 -2.008 -1.964 
-1.915 -1.862 -1.804 -1.741 -1.671 -1.594 -1.510 -1.417 -1.315 -1.203 
-1.080 -0.949 -0.815 -0.693 -0.603 -0.566 -0.588 -0.656 -0.747 -0.842 
-0.934 -1.016 -1.089 -1.152 -1.205 -1.249 -1.285 -1.314 -1.335 -1.350 
-1.358 -1.360 -1.355 -1.345 -1.328 -1.306 -1.278 -1.245 -1.207 -1.166 
-1.124 -1.084 -1.052 -1.032 -1.031 -1.052 -1.095 -1.156 -1.228 -1.307 
-1.387 -1.466 -1.543 -1.615 -1.683 -1.747 -1.806 -1.861 -1.911 -1.958 
-2.003 
-2.184 -2.230 -2.268 -2.302 -2.334 -2.361 -2.386 -2.407 -2.426 -2.441 
-2.454 -2.464 -2.471 -2.476 -2.477 -2.476 -2.473 -2.466 -2.457 -2.445 
-2.430 -2.412 -2.390 -2.366 -2.338 -2.307 -2.272 -2.233 -2.190 -2.142 
-2.090 -2.032 -1.967 -1.897 -1.819 -1.733 -1.640 -1.540 -1.437 -1.336 
-1.244 -1.158 -1.068 -0.972 -0.882 -0.824 -0.814 -0.851 -0.922 -1.009 
-1.099 -1.183 -1.257 -1.320 -1.374 -1.417 -1.452 -1.477 -1.495 -1.505 
-1.507 -1.502 -1.490 -1.470 -1.443 -1.409 -1.368 -1.322 -1.271 -1.218 
-1.167 -1.121 -1.082 -1.058 -1.055 -1.081 -1.136 -1.214 -1.305 -1.402 
-1.499 -1.593 -1.681 -1.764 -1.840 -1.911 -1.976 -2.036 -2.091 -2.142 
-2.170 
-2.255 -2.287 -2.315 -2.340 -2.361 -2.380 -2.395 -2.408 -2.418 -2.425 
-2.429 -2.430 -2.429 -2.425 -2.418 -2.408 -2.395 -2.380 -2.361 -2.340 
-2.315 -2.286 -2.254 -2.219 -2.179 -2.136 -2.087 -2.034 -1.976 -1.912 
-1.842 -1.765 -1.680 -1.587 -1.486 -1.377 -1.261 -1.144 -1.034 -0.946 
-0.891 -0.874 -0.886 -0.920 -0.970 -1.028 -1.090 -1.157 -1.227 -1.295 
-1.356 -1.407 -1.449 -1.482 -1.506 -1.523 -1.532 -1.533 -1.527 -1.514 
-1.494 -1.467 -1.433 -1.391 -1.344 -1.290 -1.233 -1.176 -1.123 -1.083 
-1.061 -1.061 -1.082 -1.122 -1.179 -1.251 -1.335 -1.427 -1.520 -1.610 
-1.696 -1.776 -1.850 -1.918 -1.981 -2.038 -2.090 -2.137 -2.181 -2.220 
-2.245 
-2.213 -2.245 -2.282 -2.315 -2.344 -2.370 -2.393 -2.412 -2.428 -2.441 
-2.452 -2.459 -2.463 -2.465 -2.464 -2.460 -2.453 -2.443 -2.430 -2.414 
-2.395 -2.373 -2.348 -2.319 -2.287 -2.251 -2.210 -2.166 -2.116 -2.062 
-2.002 -1.936 -1.863 -1.782 -1.694 -1.596 -1.489 -1.373 -1.250 -1.123 
-0.999 -0.884 -0.793 -0.748 -0.763 -0.829 -0.930 -1.042 -1.148 -1.243 
-1.323 -1.392 -1.448 -1.495 -1.532 -1.561 -1.581 -1.594 -1.600 -1.599 
-1.590 -1.575 -1.552 -1.523 -1.486 -1.441 -1.390 -1.333 -1.271 -1.209 
-1.149 -1.097 -1.060 -1.047 -1.065 -1.113 -1.184 -1.265 -1.348 -1.430 
-1.513 -1.600 -1.687 -1.772 -1.852 -1.925 -1.992 -2.053 -2.108 -2.159 
-2.199 
-2.212 -2.252 -2.305 -2.352 -2.394 -2.433 -2.467 -2.497 -2.523 -2.546 
-2.565 -2.581 -2.594 -2.603 -2.610 -2.613 -2.614 -2.611 -2.606 -2.597 
-2.585 -2.570 -2.551 -2.529 -2.504 -2.475 -2.442 -2.405 -2.363 -2.317 
-2.265 -2.208 -2.145 -2.075 -1.997 -1.912 -1.818 -1.716 -1.607 -1.491 
-1.368 -1.240 -1.109 -0.991 -0.912 -0.900 -0.967 -1.088 -1.224 -1.352 
-1.464 -1.560 -1.640 -1.708 -1.764 -1.811 -1.848 -1.878 -1.900 -1.915 
-1.923 -1.924 -1.919 -1.907 -1.888 -1.863 -1.830 -1.790 -1.743 -1.689 
-1.630 -1.568 -1.509 -1.458 -1.418 -1.385 -1.354 -1.324 -1.304 -1.307 
-1.343 -1.411 -1.502 -1.603 -1.706 -1.805 -1.897 -1.982 -2.060 -2.130 
-2.189 
-2.318 -2.354 -2.393 -2.428 -2.459 -2.487 -2.511 -2.531 -2.548 -2.562 
-2.573 -2.580 -2.585 -2.587 -2.585 -2.581 -2.573 -2.563 -2.549 -2.532 
-2.512 -2.489 -2.462 -2.432 -2.397 -2.359 -2.316 -2.269 -2.217 -2.160 
-2.097 -2.028 -1.953 -1.872 -1.784 -1.690 -1.593 -1.497 -1.408 -1.337 
-1.293 -1.278 -1.286 -1.300 -1.312 -1.343 -1.414 -1.506 -1.596 -1.674 
-1.740 -1.794 -1.839 -1.875 -1.904 -1.925 -1.940 -1.949 -1.951 -1.948 
-1.939 -1.925 -1.905 -1.879 -1.848 -1.813 -1.774 -1.733 -1.690 -1.646 
-1.600 -1.553 -1.505 -1.459 -1.422 -1.401 -1.401 -1.424 -1.465 -1.522 
-1.593 -1.675 -1.763 -1.850 -1.934 -2.011 -2.083 -2.148 -2.207 -2.261 
-2.303 
-2.448 -2.490 -2.518 -2.542 -2.564 -2.582 -2.597 -2.610 -2.619 -2.626 
-2.630 -2.632 -2.631 -2.627 -2.620 -2.611 -2.599 -2.584 -2.567 -2.546 
-2.523 -2.496 -2.467 -2.434 -2.397 -2.357 -2.314 -2.266 -2.215 -2.159 
-2.098 -2.034 -1.965 -1.891 -1.814 -1.734 -1.653 -1.573 -1.500 -1.437 
-1.391 -1.365 -1.358 -1.368 -1.393 -1.431 -1.478 -1.527 -1.574 -1.617 
-1.655 -1.687 -1.713 -1.732 -1.746 -1.753 -1.755 -1.751 -1.741 -1.725 
-1.704 -1.677 -1.646 -1.610 -1.571 -1.532 -1.494 -1.461 -1.438 -1.427 
-1.429 -1.443 -1.464 -1.488 -1.517 -1.555 -1.607 -1.673 -1.750 -1.830 
-1.910 -1.987 -2.060 -2.127 -2.188 -2.245 -2.296 -2.343 -2.386 -2.424 
-2.440 
-2.411 -2.433 -2.470 -2.504 -2.534 -2.560 -2.583 -2.603 -2.620 -2.634 
-2.645 -2.653 -2.659 -2.661 -2.661 -2.658 -2.652 -2.643 -2.632 -2.618 
-2.600 -2.580 -2.556 -2.529 -2.499 -2.465 -2.428 -2.386 -2.341 -2.291 
-2.236 -2.177 -2.112 -2.042 -1.966 -1.885 -1.799 -1.709 -1.617 -1.526 
-1.438 -1.359 -1.295 -1.255 -1.247 -1.272 -1.323 -1.389 -1.460 -1.529 
-1.592 -1.649 -1.697 -1.738 -1.771 -1.797 -1.816 -1.828 -1.834 -1.833 
-1.826 -1.813 -1.793 -1.767 -1.735 -1.698 -1.655 -1.608 -1.557 -1.504 
-1.448 -1.392 -1.340 -1.299 -1.279 -1.289 -1.331 -1.401 -1.491 -1.590 
-1.690 -1.788 -1.879 -1.964 -2.043 -2.115 -2.180 -2.241 -2.296 -2.346 
-2.394 
-2.453 -2.491 -2.524 -2.553 -2.579 -2.602 -2.621 -2.638 -2.651 -2.662 
-2.669 -2.674 -2.676 -2.675 -2.671 -2.665 -2.655 -2.643 -2.628 -2.609 
-2.588 -2.563 -2.535 -2.504 -2.469 -2.430 -2.387 -2.340 -2.288 -2.231 
-2.170 -2.103 -2.030 -1.952 -1.869 -1.781 -1.690 -1.601 -1.518 -1.449 
-1.400 -1.377 -1.377 -1.399 -1.438 -1.491 -1.551 -1.614 -1.674 -1.730 
-1.779 -1.821 -1.856 -1.885 -1.907 -1.923 -1.933 -1.937 -1.935 -1.927 
-1.913 -1.893 -1.866 -1.833 -1.793 -1.747 -1.693 -1.633 -1.568 -1.500 
-1.434 -1.376 -1.337 -1.323 -1.339 -1.385 -1.455 -1.541 -1.635 -1.731 
-1.825 -1.913 -1.996 -2.072 -2.142 -2.207 -2.266 -2.320 -2.369 -2.414 
-2.442 
-2.443 -2.470 -2.504 -2.534 -2.561 -2.584 -2.605 -2.622 -2.637 -2.648 
-2.657 -2.663 -2.666 -2.667 -2.664 -2.659 -2.651 -2.640 -2.627 -2.610 
-2.590 -2.568 -2.542 -2.512 -2.480 -2.443 -2.403 -2.359 -2.311 -2.258 
-2.201 -2.139 -2.072 -2.000 -1.924 -1.844 -1.763 -1.682 -1.607 -1.544 
-1.498 -1.476 -1.477 -1.498 -1.535 -1.581 -1.632 -1.683 -1.733 -1.780 
-1.823 -1.861 -1.893 -1.921 -1.943 -1.959 -1.971 -1.977 -1.978 -1.973 
-1.963 -1.948 -1.928 -1.901 -1.869 -1.831 -1.788 -1.738 -1.684 -1.625 
-1.566 -1.510 -1.464 -1.436 -1.432 -1.454 -1.501 -1.568 -1.646 -1.731 
-1.816 -1.898 -1.977 -2.051 -2.120 -2.184 -2.243 -2.297 -2.346 -2.391 
-2.429 
-2.497 -2.514 -2.544 -2.572 -2.597 -2.618 -2.638 -2.654 -2.668 -2.680 
-2.689 -2.695 -2.699 -2.700 -2.699 -2.695 -2.689 -2.680 -2.668 -2.654 
-2.637 -2.618 -2.595 -2.570 -2.541 -2.509 -2.475 -2.436 -2.394 -2.348 
-2.299 -2.245 -2.187 -2.124 -2.058 -1.987 -1.912 -1.835 -1.757 -1.681 
-1.612 -1.556 -1.521 -1.508 -1.514 -1.535 -1.565 -1.601 -1.642 -1.683 
-1.724 -1.762 -1.797 -1.827 -1.853 -1.874 -1.891 -1.903 -1.910 -1.912 
-1.909 -1.901 -1.889 -1.872 -1.851 -1.824 -1.794 -1.760 -1.725 -1.693 
-1.668 -1.656 -1.656 -1.667 -1.687 -1.718 -1.760 -1.811 -1.867 -1.927 
-1.988 -2.048 -2.107 -2.164 -2.218 -2.269 -2.318 -2.363 -2.405 -2.445 
-2.485 
-2.769 -2.812 -2.840 -2.865 -2.886 -2.905 -2.921 -2.935 -2.945 -2.953 
-2.958 -2.961 -2.961 -2.958 -2.953 -2.945 -2.934 -2.920 -2.904 -2.884 
-2.862 -2.836 -2.808 -2.775 -2.739 -2.700 -2.656 -2.608 -2.555 -2.497 
-2.433 -2.364 -2.288 -2.205 -2.115 -2.017 -1.914 -1.808 -1.701 -1.597 
-1.506 -1.439 -1.412 -1.428 -1.479 -1.548 -1.623 -1.696 -1.762 -1.822 
-1.873 -1.917 -1.952 -1.981 -2.002 -2.016 -2.024 -2.024 -2.017 -2.003 
-1.982 -1.952 -1.915 -1.870 -1.815 -1.752 -1.682 -1.606 -1.531 -1.466 
-1.425 -1.428 -1.487 -1.585 -1.695 -1.806 -1.911 -2.009 -2.100 -2.184 
-2.262 -2.335 -2.402 -2.464 -2.521 -2.574 -2.623 -2.668 -2.709 -2.747 
-2.760 
-2.941 -2.987 -3.012 -3.034 -3.053 -3.069 -3.081 -3.091 -3.097 -3.101 
-3.101 -3.099 -3.094 -3.086 -3.075 -3.061 -3.044 -3.024 -3.001 -2.974 
-2.943 -2.909 -2.871 -2.829 -2.783 -2.731 -2.675 -2.613 -2.546 -2.472 
-2.392 -2.306 -2.213 -2.116 -2.016 -1.919 -1.833 -1.766 -1.726 -1.715 
-1.726 -1.752 -1.792 -1.848 -1.917 -1.990 -2.059 -2.121 -2.175 -2.221 
-2.258 -2.288 -2.310 -2.325 -2.334 -2.335 -2.330 -2.318 -2.299 -2.273 
-2.239 -2.196 -2.144 -2.082 -2.009 -1.923 -1.822 -1.705 -1.574 -1.438 
-1.329 -1.293 -1.357 -1.495 -1.660 -1.821 -1.967 -2.098 -2.214 -2.318 
-2.410 -2.493 -2.568 -2.636 -2.697 -2.753 -2.803 -2.848 -2.889 -2.926 
-2.933 
-2.829 -2.836 -2.861 -2.882 -2.901 -2.916 -2.927 -2.936 -2.942 -2.944 
-2.944 -2.941 -2.934 -2.925 -2.912 -2.897 -2.878 -2.856 -2.831 -2.802 
-2.769 -2.732 -2.692 -2.647 -2.598 -2.544 -2.484 -2.420 -2.350 -2.275 
-2.195 -2.110 -2.023 -1.938 -1.859 -1.792 -1.746 -1.723 -1.724 -1.740 
-1.759 -1.767 -1.771 -1.810 -1.890 -1.979 -2.058 -2.123 -2.176 -2.218 
-2.251 -2.276 -2.294 -2.305 -2.310 -2.309 -2.302 -2.288 -2.268 -2.241 
-2.207 -2.166 -2.117 -2.059 -1.992 -1.915 -1.827 -1.729 -1.625 -1.522 
-1.436 -1.395 -1.413 -1.468 -1.543 -1.648 -1.780 -1.914 -2.038 -2.148 
-2.245 -2.332 -2.410 -2.480 -2.543 -2.600 -2.651 -2.697 -2.738 -2.774 
-2.818 
-2.888 -2.937 -2.974 -3.007 -3.036 -3.062 -3.083 -3.102 -3.117 -3.129 
-3.138 -3.144 -3.147 -3.147 -3.144 -3.138 -3.129 -3.117 -3.101 -3.082 
-3.060 -3.035 -3.005 -2.972 -2.935 -2.893 -2.847 -2.796 -2.739 -2.677 
-2.609 -2.536 -2.457 -2.374 -2.288 -2.202 -2.114 -2.021 -1.914 -1.785 
-1.635 -1.486 -1.386 -1.379 -1.461 -1.589 -1.726 -1.852 -1.961 -2.053 
-2.131 -2.196 -2.249 -2.292 -2.325 -2.351 -2.368 -2.378 -2.380 -2.376 
-2.364 -2.344 -2.317 -2.281 -2.236 -2.181 -2.116 -2.040 -1.951 -1.852 
-1.746 -1.633 -1.516 -1.409 -1.352 -1.391 -1.516 -1.679 -1.843 -1.992 
-2.126 -2.245 -2.352 -2.447 -2.533 -2.610 -2.680 -2.742 -2.799 -2.850 
-2.874 
-2.813 -2.847 -2.890 -2.928 -2.963 -2.994 -3.022 -3.046 -3.067 -3.085 
-3.099 -3.111 -3.120 -3.125 -3.128 -3.128 -3.125 -3.120 -3.111 -3.099 
-3.084 -3.066 -3.045 -3.021 -2.992 -2.961 -2.925 -2.885 -2.841 -2.792 
-2.738 -2.678 -2.612 -2.538 -2.457 -2.367 -2.267 -2.155 -2.031 -1.894 
-1.750 -1.612 -1.508 -1.465 -1.486 -1.555 -1.653 -1.761 -1.866 -1.962 
-2.047 -2.121 -2.184 -2.237 -2.282 -2.318 -2.347 -2.369 -2.383 -2.392 
-2.394 -2.390 -2.379 -2.362 -2.338 -2.307 -2.268 -2.222 -2.167 -2.103 
-2.029 -1.944 -1.851 -1.757 -1.688 -1.675 -1.707 -1.763 -1.838 -1.928 
-2.026 -2.126 -2.225 -2.318 -2.405 -2.486 -2.560 -2.628 -2.690 -2.748 
-2.796 
-2.804 -2.831 -2.874 -2.913 -2.948 -2.979 -3.007 -3.031 -3.052 -3.069 
-3.083 -3.094 -3.103 -3.108 -3.110 -3.109 -3.105 -3.098 -3.088 -3.075 
-3.058 -3.039 -3.015 -2.989 -2.958 -2.924 -2.885 -2.842 -2.794 -2.740 
-2.681 -2.615 -2.542 -2.461 -2.371 -2.270 -2.157 -2.032 -1.894 -1.749 
-1.611 -1.504 -1.460 -1.487 -1.570 -1.681 -1.799 -1.912 -2.014 -2.103 
-2.180 -2.246 -2.303 -2.351 -2.390 -2.422 -2.448 -2.466 -2.479 -2.485 
-2.486 -2.481 -2.470 -2.452 -2.429 -2.399 -2.362 -2.317 -2.265 -2.204 
-2.135 -2.057 -1.976 -1.902 -1.852 -1.831 -1.832 -1.853 -1.895 -1.958 
-2.037 -2.125 -2.215 -2.304 -2.389 -2.468 -2.542 -2.611 -2.674 -2.731 
-2.785 
-2.948 -3.001 -3.038 -3.072 -3.101 -3.127 -3.150 -3.169 -3.185 -3.198 
-3.208 -3.215 -3.219 -3.220 -3.219 -3.214 -3.206 -3.195 -3.182 -3.165 
-3.145 -3.121 -3.094 -3.064 -3.030 -2.991 -2.949 -2.901 -2.849 -2.792 
-2.728 -2.658 -2.581 -2.496 -2.401 -2.298 -2.184 -2.061 -1.932 -1.804 
-1.695 -1.625 -1.614 -1.664 -1.754 -1.859 -1.962 -2.057 -2.141 -2.214 
-2.276 -2.329 -2.374 -2.410 -2.438 -2.459 -2.474 -2.482 -2.483 -2.477 
-2.465 -2.446 -2.419 -2.385 -2.342 -2.291 -2.229 -2.155 -2.068 -1.968 
-1.854 -1.731 -1.614 -1.536 -1.529 -1.598 -1.715 -1.849 -1.981 -2.106 
-2.221 -2.328 -2.427 -2.517 -2.600 -2.675 -2.743 -2.805 -2.862 -2.913 
-2.936 
-2.915 -2.943 -2.978 -3.008 -3.035 -3.058 -3.078 -3.095 -3.109 -3.119 
-3.127 -3.132 -3.134 -3.133 -3.130 -3.123 -3.114 -3.102 -3.086 -3.068 
-3.046 -3.021 -2.993 -2.961 -2.926 -2.887 -2.843 -2.795 -2.742 -2.684 
-2.621 -2.551 -2.475 -2.392 -2.302 -2.204 -2.100 -1.992 -1.884 -1.786 
-1.710 -1.669 -1.673 -1.715 -1.782 -1.860 -1.939 -2.014 -2.081 -2.141 
-2.192 -2.236 -2.272 -2.301 -2.322 -2.337 -2.346 -2.347 -2.342 -2.331 
-2.312 -2.286 -2.253 -2.211 -2.159 -2.098 -2.025 -1.940 -1.841 -1.729 
-1.607 -1.485 -1.383 -1.332 -1.364 -1.474 -1.628 -1.789 -1.942 -2.079 
-2.201 -2.310 -2.407 -2.494 -2.572 -2.642 -2.706 -2.764 -2.816 -2.863 
-2.901 
-2.871 -2.895 -2.925 -2.951 -2.974 -2.994 -3.011 -3.025 -3.036 -3.044 
-3.050 -3.053 -3.053 -3.050 -3.044 -3.036 -3.025 -3.011 -2.994 -2.974 
-2.951 -2.925 -2.896 -2.863 -2.827 -2.787 -2.743 -2.695 -2.643 -2.586 
-2.524 -2.458 -2.386 -2.310 -2.229 -2.144 -2.056 -1.968 -1.883 -1.807 
-1.747 -1.713 -1.708 -1.730 -1.773 -1.827 -1.886 -1.944 -1.999 -2.048 
-2.091 -2.127 -2.157 -2.180 -2.196 -2.206 -2.210 -2.207 -2.197 -2.181 
-2.157 -2.126 -2.087 -2.040 -1.983 -1.917 -1.840 -1.753 -1.658 -1.562 
-1.477 -1.422 -1.413 -1.453 -1.543 -1.667 -1.803 -1.933 -2.054 -2.163 
-2.261 -2.351 -2.432 -2.505 -2.572 -2.632 -2.687 -2.738 -2.783 -2.824 
-2.859 
-2.922 -2.937 -2.963 -2.985 -3.004 -3.021 -3.034 -3.045 -3.053 -3.058 
-3.060 -3.059 -3.056 -3.050 -3.041 -3.029 -3.015 -2.997 -2.977 -2.953 
-2.926 -2.896 -2.863 -2.826 -2.785 -2.741 -2.693 -2.641 -2.584 -2.524 
-2.460 -2.392 -2.322 -2.250 -2.178 -2.110 -2.049 -1.998 -1.963 -1.945 
-1.944 -1.959 -1.987 -2.026 -2.071 -2.120 -2.167 -2.212 -2.253 -2.288 
-2.319 -2.344 -2.363 -2.377 -2.386 -2.390 -2.388 -2.381 -2.369 -2.351 
-2.328 -2.298 -2.263 -2.221 -2.173 -2.119 -2.057 -1.990 -1.921 -1.854 
-1.802 -1.781 -1.797 -1.846 -1.917 -1.998 -2.083 -2.168 -2.250 -2.329 
-2.404 -2.475 -2.540 -2.601 -2.657 -2.709 -2.757 -2.800 -2.840 -2.876 
-2.912 
-3.148 -3.186 -3.211 -3.233 -3.251 -3.267 -3.279 -3.289 -3.295 -3.299 
-3.300 -3.298 -3.293 -3.286 -3.275 -3.262 -3.246 -3.226 -3.204 -3.178 
-3.149 -3.116 -3.080 -3.040 -2.996 -2.947 -2.894 -2.835 -2.772 -2.703 
-2.628 -2.547 -2.461 -2.369 -2.274 -2.180 -2.093 -2.021 -1.973 -1.954 
-1.960 -1.985 -2.024 -2.079 -2.147 -2.217 -2.282 -2.341 -2.391 -2.433 
-2.467 -2.494 -2.515 -2.528 -2.535 -2.535 -2.529 -2.517 -2.497 -2.471 
-2.437 -2.395 -2.344 -2.283 -2.212 -2.130 -2.037 -1.934 -1.831 -1.742 
-1.686 -1.668 -1.688 -1.779 -1.930 -2.084 -2.221 -2.342 -2.449 -2.545 
-2.632 -2.710 -2.781 -2.846 -2.905 -2.958 -3.006 -3.050 -3.090 -3.126 
-3.139 
-3.288 -3.320 -3.352 -3.380 -3.405 -3.426 -3.444 -3.459 -3.471 -3.480 
-3.486 -3.490 -3.490 -3.488 -3.483 -3.475 -3.464 -3.450 -3.433 -3.413 
-3.390 -3.363 -3.333 -3.299 -3.262 -3.220 -3.174 -3.123 -3.068 -3.006 
-2.939 -2.865 -2.785 -2.697 -2.601 -2.499 -2.392 -2.281 -2.170 -2.061 
-1.960 -1.884 -1.851 -1.873 -1.940 -2.032 -2.130 -2.223 -2.305 -2.376 
-2.437 -2.487 -2.527 -2.559 -2.582 -2.597 -2.605 -2.605 -2.598 -2.583 
-2.560 -2.528 -2.487 -2.436 -2.373 -2.297 -2.207 -2.100 -1.974 -1.829 
-1.667 -1.505 -1.406 -1.448 -1.619 -1.838 -2.045 -2.224 -2.378 -2.510 
-2.626 -2.728 -2.819 -2.900 -2.973 -3.039 -3.099 -3.153 -3.201 -3.245 
-3.276 
-3.295 -3.330 -3.361 -3.388 -3.412 -3.432 -3.450 -3.465 -3.476 -3.485 
-3.491 -3.494 -3.494 -3.492 -3.486 -3.478 -3.467 -3.453 -3.436 -3.416 
-3.393 -3.367 -3.337 -3.303 -3.266 -3.225 -3.179 -3.129 -3.074 -3.014 
-2.947 -2.875 -2.795 -2.708 -2.612 -2.509 -2.397 -2.281 -2.164 -2.058 
-1.978 -1.936 -1.940 -1.986 -2.060 -2.146 -2.231 -2.310 -2.380 -2.442 
-2.494 -2.537 -2.573 -2.601 -2.621 -2.634 -2.640 -2.639 -2.631 -2.616 
-2.594 -2.564 -2.526 -2.478 -2.421 -2.353 -2.274 -2.182 -2.078 -1.965 
-1.849 -1.747 -1.691 -1.735 -1.867 -2.023 -2.177 -2.320 -2.450 -2.566 
-2.670 -2.764 -2.849 -2.926 -2.995 -3.058 -3.116 -3.167 -3.215 -3.257 
-3.284 
-3.227 -3.247 -3.276 -3.303 -3.326 -3.346 -3.363 -3.377 -3.388 -3.397 
-3.402 -3.405 -3.406 -3.403 -3.398 -3.390 -3.380 -3.366 -3.350 -3.331 
-3.308 -3.283 -3.254 -3.222 -3.187 -3.147 -3.104 -3.057 -3.005 -2.948 
-2.886 -2.819 -2.745 -2.666 -2.580 -2.487 -2.389 -2.287 -2.184 -2.087 
-2.007 -1.954 -1.937 -1.955 -2.000 -2.062 -2.130 -2.197 -2.260 -2.316 
-2.365 -2.406 -2.440 -2.466 -2.486 -2.499 -2.505 -2.504 -2.496 -2.481 
-2.459 -2.430 -2.392 -2.347 -2.293 -2.229 -2.157 -2.077 -1.993 -1.912 
-1.846 -1.812 -1.822 -1.881 -1.977 -2.092 -2.212 -2.328 -2.437 -2.538 
-2.631 -2.716 -2.793 -2.864 -2.929 -2.988 -3.042 -3.091 -3.136 -3.177 
-3.215 
-3.245 -3.274 -3.305 -3.332 -3.356 -3.376 -3.394 -3.409 -3.421 -3.430 
-3.437 -3.441 -3.442 -3.440 -3.436 -3.428 -3.418 -3.406 -3.390 -3.371 
-3.350 -3.325 -3.297 -3.266 -3.230 -3.192 -3.149 -3.102 -3.050 -2.993 
-2.931 -2.864 -2.789 -2.709 -2.620 -2.525 -2.421 -2.312 -2.197 -2.085 
-1.983 -1.907 -1.870 -1.880 -1.930 -2.005 -2.089 -2.171 -2.247 -2.315 
-2.373 -2.423 -2.464 -2.497 -2.522 -2.540 -2.551 -2.555 -2.552 -2.543 
-2.527 -2.504 -2.474 -2.436 -2.391 -2.339 -2.279 -2.214 -2.145 -2.078 
-2.022 -1.988 -1.986 -2.021 -2.087 -2.174 -2.272 -2.374 -2.474 -2.569 
-2.658 -2.741 -2.817 -2.888 -2.952 -3.012 -3.066 -3.116 -3.162 -3.203 
-3.233 
-3.265 -3.291 -3.321 -3.348 -3.371 -3.391 -3.408 -3.423 -3.434 -3.442 
-3.448 -3.451 -3.451 -3.448 -3.443 -3.434 -3.423 -3.409 -3.392 -3.372 
-3.349 -3.322 -3.292 -3.259 -3.222 -3.181 -3.136 -3.086 -3.032 -2.972 
-2.908 -2.837 -2.761 -2.678 -2.590 -2.496 -2.400 -2.303 -2.212 -2.135 
-2.078 -2.049 -2.051 -2.085 -2.143 -2.213 -2.286 -2.355 -2.417 -2.472 
-2.520 -2.560 -2.593 -2.619 -2.638 -2.651 -2.657 -2.658 -2.651 -2.639 
-2.620 -2.595 -2.563 -2.523 -2.477 -2.423 -2.362 -2.294 -2.223 -2.151 
-2.087 -2.041 -2.025 -2.044 -2.099 -2.180 -2.277 -2.379 -2.481 -2.578 
-2.669 -2.753 -2.831 -2.903 -2.968 -3.028 -3.083 -3.133 -3.179 -3.220 
-3.248 
