IRGRID 64 91
1e+308

0.025 0.03 0.035 0.04 0.045 0.05 0.055 0.06 0.065 0.07
0.075 0.08 0.085 0.09 0.095 0.1 0.11 0.12 0.13 0.14
0.15 0.16 0.17 0.18 0.19 0.2 0.21 0.22 0.23 0.24
0.25 0.26 0.27 0.28 0.29 0.3 0.31 0.32 0.33 0.34
0.35 0.36 0.37 0.38 0.39 0.4 0.41 0.42 0.43 0.44
0.45 0.46 0.47 0.48 0.49 0.5 0.51 0.52 0.53 0.54
0.55 0.56 0.57 0.58
0 4 8 12 16 20 24 28 32 36
40 44 48 52 56 60 64 68 72 76
80 84 88 92 96 100 104 108 112 116
120 124 128 132 136 140 144 148 152 156
160 164 168 172 176 180 184 188 192 196
200 204 208 212 216 220 224 228 232 236
240 244 248 252 256 260 264 268 272 276
280 284 288 292 296 300 304 308 312 316
320 324 328 332 336 340 344 348 352 356
360
-3.280 -3.325 -3.326 -3.326 -3.324 -3.322 -3.321 -3.322 -3.325 -3.333 
-3.345 -3.360 -3.379 -3.400 -3.422 -3.444 -3.466 -3.486 -3.505 -3.521 
-3.536 -3.547 -3.556 -3.562 -3.566 -3.566 -3.564 -3.559 -3.551 -3.540 
-3.526 -3.508 -3.488 -3.465 -3.438 -3.408 -3.375 -3.338 -3.297 -3.252 
-3.203 -3.150 -3.092 -3.030 -2.963 -2.892 -2.817 -2.739 -2.661 -2.586 
-2.517 -2.462 -2.426 -2.412 -2.422 -2.452 -2.497 -2.552 -2.610 -2.668 
-2.725 -2.778 -2.828 -2.873 -2.914 -2.950 -2.983 -3.013 -3.039 -3.062 
-3.083 -3.102 -3.118 -3.133 -3.147 -3.159 -3.171 -3.183 -3.194 -3.206 
-3.218 -3.230 -3.242 -3.254 -3.267 -3.279 -3.290 -3.300 -3.309 -3.317 
-3.271 
-2.838 -2.859 -2.844 -2.830 -2.816 -2.805 -2.796 -2.792 -2.792 -2.799 
-2.810 -2.828 -2.849 -2.875 -2.903 -2.932 -2.961 -2.990 -3.017 -3.042 
-3.066 -3.087 -3.105 -3.120 -3.133 -3.142 -3.149 -3.152 -3.152 -3.149 
-3.142 -3.132 -3.119 -3.102 -3.081 -3.057 -3.028 -2.996 -2.959 -2.917 
-2.870 -2.818 -2.760 -2.697 -2.628 -2.554 -2.477 -2.398 -2.322 -2.257 
-2.210 -2.187 -2.186 -2.206 -2.244 -2.296 -2.358 -2.425 -2.493 -2.560 
-2.623 -2.682 -2.736 -2.785 -2.829 -2.868 -2.903 -2.933 -2.960 -2.982 
-3.001 -3.017 -3.029 -3.038 -3.044 -3.047 -3.047 -3.045 -3.040 -3.033 
-3.024 -3.013 -3.001 -2.987 -2.972 -2.956 -2.940 -2.923 -2.907 -2.891 
-2.846 
-2.454 -2.440 -2.450 -2.464 -2.479 -2.497 -2.516 -2.536 -2.556 -2.577 
-2.597 -2.616 -2.635 -2.652 -2.668 -2.682 -2.694 -2.704 -2.712 -2.718 
-2.721 -2.721 -2.720 -2.715 -2.709 -2.700 -2.689 -2.675 -2.659 -2.640 
-2.619 -2.595 -2.568 -2.538 -2.506 -2.470 -2.432 -2.390 -2.344 -2.295 
-2.242 -2.185 -2.124 -2.059 -1.990 -1.918 -1.844 -1.772 -1.708 -1.660 
-1.635 -1.640 -1.671 -1.723 -1.787 -1.856 -1.926 -1.993 -2.057 -2.116 
-2.171 -2.221 -2.267 -2.308 -2.346 -2.379 -2.409 -2.435 -2.458 -2.477 
-2.493 -2.506 -2.516 -2.523 -2.527 -2.529 -2.528 -2.524 -2.519 -2.511 
-2.502 -2.491 -2.480 -2.469 -2.458 -2.448 -2.439 -2.433 -2.430 -2.430 
-2.451 
-2.425 -2.444 -2.453 -2.460 -2.467 -2.473 -2.478 -2.481 -2.484 -2.485 
-2.485 -2.483 -2.480 -2.476 -2.470 -2.464 -2.455 -2.446 -2.435 -2.423 
-2.410 -2.396 -2.380 -2.363 -2.344 -2.324 -2.303 -2.280 -2.256 -2.230 
-2.202 -2.173 -2.141 -2.108 -2.074 -2.037 -1.998 -1.957 -1.915 -1.870 
-1.824 -1.776 -1.727 -1.677 -1.627 -1.577 -1.529 -1.481 -1.435 -1.390 
-1.343 -1.299 -1.267 -1.268 -1.306 -1.369 -1.440 -1.509 -1.573 -1.632 
-1.685 -1.733 -1.775 -1.814 -1.848 -1.877 -1.904 -1.926 -1.947 -1.965 
-1.982 -1.999 -2.017 -2.037 -2.061 -2.087 -2.117 -2.149 -2.181 -2.214 
-2.245 -2.275 -2.302 -2.326 -2.348 -2.367 -2.384 -2.399 -2.412 -2.424 
-2.424 
-2.226 -2.279 -2.312 -2.342 -2.370 -2.395 -2.418 -2.439 -2.457 -2.473 
-2.487 -2.499 -2.508 -2.516 -2.521 -2.525 -2.527 -2.526 -2.524 -2.520 
-2.513 -2.505 -2.495 -2.483 -2.468 -2.452 -2.434 -2.413 -2.390 -2.365 
-2.337 -2.307 -2.275 -2.240 -2.202 -2.160 -2.116 -2.069 -2.017 -1.962 
-1.903 -1.839 -1.770 -1.695 -1.614 -1.526 -1.429 -1.322 -1.205 -1.079 
-0.949 -0.830 -0.743 -0.707 -0.723 -0.771 -0.831 -0.891 -0.948 -1.002 
-1.053 -1.100 -1.144 -1.183 -1.218 -1.249 -1.276 -1.300 -1.321 -1.340 
-1.358 -1.378 -1.400 -1.426 -1.457 -1.495 -1.538 -1.586 -1.638 -1.694 
-1.751 -1.808 -1.865 -1.920 -1.974 -2.026 -2.075 -2.121 -2.164 -2.205 
-2.214 
-1.883 -1.902 -1.928 -1.952 -1.975 -1.996 -2.014 -2.031 -2.046 -2.060 
-2.071 -2.081 -2.089 -2.095 -2.099 -2.101 -2.102 -2.101 -2.098 -2.093 
-2.087 -2.078 -2.068 -2.056 -2.042 -2.026 -2.009 -1.989 -1.967 -1.944 
-1.918 -1.890 -1.860 -1.828 -1.794 -1.757 -1.718 -1.676 -1.631 -1.584 
-1.534 -1.480 -1.423 -1.363 -1.299 -1.232 -1.160 -1.083 -1.003 -0.918 
-0.830 -0.742 -0.659 -0.586 -0.525 -0.473 -0.425 -0.380 -0.335 -0.291 
-0.271 -0.302 -0.380 -0.478 -0.575 -0.662 -0.740 -0.811 -0.875 -0.935 
-0.991 -1.045 -1.097 -1.148 -1.198 -1.248 -1.298 -1.347 -1.396 -1.444 
-1.491 -1.537 -1.581 -1.624 -1.665 -1.704 -1.742 -1.778 -1.811 -1.843 
-1.873 
-1.426 -1.502 -1.523 -1.543 -1.562 -1.579 -1.595 -1.609 -1.621 -1.632 
-1.642 -1.650 -1.657 -1.662 -1.665 -1.667 -1.668 -1.667 -1.664 -1.660 
-1.654 -1.646 -1.637 -1.626 -1.614 -1.600 -1.584 -1.567 -1.548 -1.527 
-1.505 -1.480 -1.454 -1.426 -1.397 -1.365 -1.332 -1.296 -1.259 -1.219 
-1.177 -1.133 -1.086 -1.037 -0.985 -0.930 -0.872 -0.810 -0.744 -0.673 
-0.597 -0.514 -0.425 -0.328 -0.222 -0.103 0.029 0.177 0.337 0.493 
0.592 0.566 0.435 0.271 0.108 -0.041 -0.174 -0.292 -0.398 -0.494 
-0.580 -0.659 -0.731 -0.798 -0.860 -0.918 -0.972 -1.023 -1.070 -1.116 
-1.158 -1.199 -1.237 -1.273 -1.308 -1.340 -1.371 -1.400 -1.428 -1.454 
-1.422 
-1.001 -0.986 -1.009 -1.030 -1.050 -1.069 -1.087 -1.104 -1.119 -1.133 
-1.145 -1.156 -1.166 -1.174 -1.181 -1.186 -1.190 -1.192 -1.193 -1.192 
-1.190 -1.186 -1.180 -1.173 -1.164 -1.154 -1.142 -1.128 -1.113 -1.097 
-1.079 -1.059 -1.038 -1.015 -0.991 -0.966 -0.938 -0.910 -0.879 -0.847 
-0.812 -0.775 -0.735 -0.692 -0.647 -0.597 -0.543 -0.484 -0.421 -0.351 
-0.274 -0.189 -0.094 0.012 0.132 0.269 0.427 0.609 0.812 1.008 
1.146 1.255 1.216 0.869 0.634 0.454 0.305 0.180 0.071 -0.024 
-0.108 -0.184 -0.253 -0.317 -0.375 -0.428 -0.479 -0.526 -0.570 -0.612 
-0.652 -0.689 -0.725 -0.760 -0.792 -0.824 -0.854 -0.883 -0.910 -0.937 
-0.990 
-1.127 -1.179 -1.199 -1.216 -1.230 -1.243 -1.253 -1.261 -1.267 -1.271 
-1.273 -1.272 -1.270 -1.266 -1.259 -1.251 -1.241 -1.229 -1.215 -1.200 
-1.182 -1.164 -1.143 -1.122 -1.099 -1.075 -1.050 -1.024 -0.998 -0.971 
-0.943 -0.916 -0.889 -0.862 -0.835 -0.809 -0.783 -0.757 -0.731 -0.706 
-0.680 -0.653 -0.626 -0.597 -0.566 -0.532 -0.495 -0.455 -0.409 -0.358 
-0.300 -0.234 -0.158 -0.070 0.034 0.159 0.312 0.505 0.747 0.996 
1.271 1.589 1.632 1.258 0.796 0.496 0.281 0.115 -0.020 -0.133 
-0.230 -0.314 -0.389 -0.455 -0.516 -0.572 -0.625 -0.675 -0.723 -0.769 
-0.814 -0.858 -0.900 -0.940 -0.978 -1.013 -1.047 -1.078 -1.107 -1.134 
-1.124 
-0.976 -1.014 -1.054 -1.093 -1.131 -1.168 -1.204 -1.238 -1.270 -1.299 
-1.326 -1.350 -1.372 -1.391 -1.408 -1.422 -1.433 -1.441 -1.447 -1.451 
-1.452 -1.451 -1.447 -1.441 -1.433 -1.422 -1.410 -1.395 -1.379 -1.361 
-1.341 -1.320 -1.297 -1.273 -1.248 -1.220 -1.192 -1.162 -1.130 -1.096 
-1.059 -1.020 -0.978 -0.932 -0.881 -0.826 -0.766 -0.699 -0.624 -0.542 
-0.449 -0.344 -0.224 -0.086 0.076 0.269 0.506 0.795 1.087 1.264 
1.299 1.194 1.113 0.702 0.460 0.299 0.181 0.088 0.014 -0.048 
-0.100 -0.146 -0.187 -0.225 -0.262 -0.299 -0.338 -0.378 -0.421 -0.467 
-0.514 -0.563 -0.613 -0.662 -0.711 -0.758 -0.804 -0.849 -0.892 -0.933 
-0.960 
-0.812 -0.813 -0.843 -0.879 -0.919 -0.962 -1.006 -1.052 -1.098 -1.143 
-1.186 -1.228 -1.268 -1.306 -1.341 -1.374 -1.405 -1.432 -1.458 -1.480 
-1.500 -1.518 -1.533 -1.546 -1.556 -1.564 -1.569 -1.572 -1.572 -1.570 
-1.565 -1.558 -1.548 -1.535 -1.520 -1.502 -1.481 -1.457 -1.430 -1.400 
-1.367 -1.329 -1.288 -1.243 -1.193 -1.139 -1.079 -1.013 -0.940 -0.859 
-0.770 -0.669 -0.556 -0.427 -0.277 -0.100 0.117 0.392 0.755 1.199 
1.466 1.171 0.723 0.391 0.171 0.009 -0.116 -0.217 -0.299 -0.367 
-0.424 -0.472 -0.513 -0.549 -0.579 -0.606 -0.630 -0.652 -0.670 -0.686 
-0.700 -0.711 -0.719 -0.725 -0.730 -0.734 -0.738 -0.745 -0.754 -0.768 
-0.805 
-0.895 -0.963 -1.000 -1.039 -1.078 -1.118 -1.157 -1.196 -1.233 -1.268 
-1.302 -1.335 -1.365 -1.393 -1.419 -1.443 -1.464 -1.484 -1.501 -1.517 
-1.530 -1.541 -1.550 -1.557 -1.561 -1.564 -1.564 -1.562 -1.558 -1.552 
-1.543 -1.532 -1.519 -1.503 -1.485 -1.464 -1.440 -1.414 -1.385 -1.352 
-1.317 -1.278 -1.235 -1.189 -1.138 -1.082 -1.021 -0.955 -0.882 -0.801 
-0.712 -0.613 -0.501 -0.373 -0.226 -0.052 0.162 0.435 0.806 1.195 
1.417 1.125 0.738 0.443 0.230 0.068 -0.061 -0.165 -0.252 -0.325 
-0.387 -0.439 -0.485 -0.524 -0.557 -0.587 -0.612 -0.635 -0.656 -0.675 
-0.693 -0.710 -0.728 -0.746 -0.765 -0.786 -0.809 -0.835 -0.863 -0.894 
-0.887 
-0.744 -0.748 -0.792 -0.838 -0.883 -0.928 -0.972 -1.014 -1.054 -1.092 
-1.129 -1.163 -1.195 -1.226 -1.254 -1.281 -1.306 -1.329 -1.351 -1.370 
-1.388 -1.404 -1.417 -1.429 -1.438 -1.445 -1.450 -1.453 -1.454 -1.452 
-1.448 -1.441 -1.432 -1.420 -1.406 -1.389 -1.369 -1.347 -1.321 -1.292 
-1.260 -1.224 -1.185 -1.141 -1.094 -1.041 -0.984 -0.920 -0.850 -0.773 
-0.688 -0.592 -0.484 -0.362 -0.220 -0.054 0.146 0.396 0.711 1.047 
1.221 1.068 1.026 0.630 0.346 0.159 0.020 -0.089 -0.177 -0.249 
-0.307 -0.356 -0.395 -0.427 -0.452 -0.471 -0.486 -0.496 -0.503 -0.508 
-0.512 -0.516 -0.520 -0.527 -0.538 -0.552 -0.573 -0.598 -0.629 -0.665 
-0.725 
-1.013 -1.052 -1.066 -1.078 -1.089 -1.098 -1.107 -1.116 -1.124 -1.134 
-1.144 -1.155 -1.168 -1.182 -1.198 -1.215 -1.233 -1.252 -1.271 -1.291 
-1.310 -1.328 -1.346 -1.363 -1.379 -1.393 -1.405 -1.416 -1.425 -1.431 
-1.436 -1.438 -1.438 -1.436 -1.431 -1.423 -1.412 -1.399 -1.382 -1.362 
-1.339 -1.312 -1.282 -1.247 -1.207 -1.162 -1.111 -1.054 -0.989 -0.914 
-0.828 -0.727 -0.605 -0.451 -0.244 0.070 0.563 0.598 0.364 0.501 
0.763 1.103 1.399 1.079 0.572 0.217 -0.010 -0.174 -0.299 -0.397 
-0.476 -0.541 -0.594 -0.639 -0.679 -0.715 -0.748 -0.780 -0.810 -0.837 
-0.862 -0.885 -0.905 -0.923 -0.940 -0.956 -0.973 -0.989 -1.005 -1.022 
-1.014 
-1.354 -1.388 -1.422 -1.453 -1.480 -1.504 -1.526 -1.546 -1.564 -1.581 
-1.597 -1.612 -1.627 -1.641 -1.655 -1.668 -1.680 -1.691 -1.702 -1.711 
-1.718 -1.724 -1.728 -1.729 -1.729 -1.726 -1.721 -1.713 -1.703 -1.689 
-1.673 -1.655 -1.633 -1.607 -1.579 -1.548 -1.512 -1.473 -1.431 -1.384 
-1.332 -1.276 -1.215 -1.147 -1.074 -0.993 -0.904 -0.806 -0.696 -0.572 
-0.431 -0.266 -0.070 0.175 0.498 0.947 1.310 1.283 0.937 0.569 
0.374 0.416 0.801 0.335 0.024 -0.131 -0.226 -0.290 -0.335 -0.368 
-0.393 -0.412 -0.430 -0.449 -0.472 -0.502 -0.540 -0.587 -0.642 -0.703 
-0.769 -0.837 -0.906 -0.973 -1.038 -1.100 -1.159 -1.213 -1.263 -1.309 
-1.337 
-1.553 -1.598 -1.626 -1.651 -1.674 -1.695 -1.714 -1.730 -1.744 -1.756 
-1.766 -1.774 -1.780 -1.784 -1.787 -1.787 -1.785 -1.781 -1.775 -1.768 
-1.758 -1.746 -1.733 -1.717 -1.699 -1.679 -1.657 -1.633 -1.606 -1.577 
-1.546 -1.512 -1.476 -1.437 -1.395 -1.350 -1.302 -1.250 -1.195 -1.137 
-1.074 -1.007 -0.934 -0.856 -0.773 -0.681 -0.582 -0.473 -0.352 -0.216 
-0.061 0.119 0.335 0.595 0.894 1.176 1.359 1.231 0.897 0.605 
0.384 0.212 0.073 -0.044 -0.143 -0.230 -0.308 -0.378 -0.443 -0.505 
-0.563 -0.619 -0.673 -0.726 -0.778 -0.830 -0.884 -0.940 -0.997 -1.055 
-1.112 -1.169 -1.224 -1.277 -1.327 -1.374 -1.419 -1.460 -1.499 -1.534 
-1.546 
-1.486 -1.517 -1.548 -1.577 -1.603 -1.627 -1.649 -1.669 -1.686 -1.701 
-1.714 -1.725 -1.734 -1.741 -1.745 -1.748 -1.748 -1.746 -1.743 -1.737 
-1.729 -1.719 -1.706 -1.692 -1.675 -1.656 -1.635 -1.611 -1.584 -1.555 
-1.524 -1.489 -1.452 -1.412 -1.368 -1.321 -1.270 -1.216 -1.157 -1.094 
-1.025 -0.951 -0.872 -0.785 -0.690 -0.586 -0.472 -0.345 -0.203 -0.042 
0.143 0.357 0.604 0.859 1.045 1.090 1.040 0.836 0.618 0.453 
0.329 0.231 0.152 0.087 0.031 -0.020 -0.069 -0.119 -0.170 -0.227 
-0.287 -0.353 -0.422 -0.494 -0.568 -0.642 -0.716 -0.788 -0.858 -0.926 
-0.992 -1.054 -1.113 -1.170 -1.223 -1.274 -1.321 -1.366 -1.407 -1.447 
-1.474 
-1.415 -1.421 -1.451 -1.479 -1.504 -1.527 -1.548 -1.566 -1.583 -1.597 
-1.609 -1.619 -1.627 -1.633 -1.637 -1.639 -1.639 -1.636 -1.632 -1.625 
-1.617 -1.606 -1.593 -1.578 -1.560 -1.540 -1.518 -1.493 -1.466 -1.436 
-1.403 -1.367 -1.329 -1.287 -1.242 -1.193 -1.141 -1.084 -1.023 -0.957 
-0.886 -0.809 -0.726 -0.635 -0.537 -0.429 -0.311 -0.182 -0.039 0.116 
0.281 0.451 0.613 0.751 0.836 0.815 0.707 0.585 0.476 0.383 
0.308 0.247 0.196 0.147 0.094 0.035 -0.028 -0.093 -0.158 -0.222 
-0.286 -0.351 -0.417 -0.484 -0.550 -0.617 -0.683 -0.748 -0.811 -0.872 
-0.932 -0.989 -1.043 -1.095 -1.145 -1.192 -1.236 -1.278 -1.318 -1.355 
-1.402 
-1.593 -1.652 -1.678 -1.702 -1.724 -1.743 -1.760 -1.774 -1.787 -1.797 
-1.805 -1.811 -1.814 -1.816 -1.815 -1.813 -1.808 -1.801 -1.791 -1.780 
-1.766 -1.750 -1.732 -1.711 -1.688 -1.662 -1.634 -1.602 -1.569 -1.532 
-1.492 -1.449 -1.402 -1.352 -1.298 -1.240 -1.178 -1.111 -1.039 -0.961 
-0.878 -0.787 -0.690 -0.585 -0.471 -0.348 -0.214 -0.072 0.078 0.230 
0.372 0.486 0.559 0.589 0.580 0.542 0.491 0.447 0.416 0.399 
0.393 0.392 0.386 0.364 0.315 0.236 0.133 0.014 -0.109 -0.229 
-0.345 -0.454 -0.556 -0.652 -0.741 -0.826 -0.905 -0.980 -1.051 -1.117 
-1.180 -1.238 -1.294 -1.346 -1.394 -1.440 -1.482 -1.521 -1.558 -1.592 
-1.587 
-1.509 -1.512 -1.534 -1.554 -1.572 -1.587 -1.600 -1.611 -1.620 -1.626 
-1.631 -1.633 -1.633 -1.631 -1.627 -1.620 -1.612 -1.601 -1.588 -1.573 
-1.555 -1.536 -1.514 -1.489 -1.462 -1.433 -1.401 -1.367 -1.330 -1.290 
-1.247 -1.202 -1.153 -1.102 -1.047 -0.989 -0.928 -0.864 -0.795 -0.723 
-0.647 -0.567 -0.482 -0.393 -0.300 -0.203 -0.103 -0.003 0.094 0.184 
0.263 0.325 0.365 0.385 0.392 0.388 0.367 0.328 0.282 0.242 
0.210 0.185 0.160 0.129 0.086 0.029 -0.040 -0.116 -0.198 -0.282 
-0.367 -0.452 -0.535 -0.616 -0.694 -0.769 -0.840 -0.907 -0.972 -1.032 
-1.089 -1.142 -1.193 -1.240 -1.284 -1.324 -1.362 -1.398 -1.430 -1.460 
-1.498 
-1.582 -1.594 -1.605 -1.613 -1.620 -1.624 -1.627 -1.627 -1.625 -1.622 
-1.616 -1.608 -1.598 -1.586 -1.572 -1.556 -1.538 -1.517 -1.495 -1.471 
-1.444 -1.415 -1.384 -1.351 -1.315 -1.277 -1.237 -1.195 -1.150 -1.104 
-1.055 -1.004 -0.950 -0.895 -0.838 -0.780 -0.719 -0.657 -0.594 -0.529 
-0.463 -0.394 -0.324 -0.251 -0.175 -0.097 -0.020 0.054 0.122 0.187 
0.255 0.330 0.412 0.498 0.576 0.622 0.613 0.542 0.428 0.301 
0.179 0.070 -0.029 -0.121 -0.211 -0.301 -0.390 -0.477 -0.563 -0.645 
-0.725 -0.801 -0.874 -0.942 -1.006 -1.067 -1.123 -1.176 -1.225 -1.271 
-1.313 -1.352 -1.389 -1.422 -1.452 -1.480 -1.505 -1.527 -1.547 -1.565 
-1.578 
-1.720 -1.747 -1.763 -1.778 -1.790 -1.799 -1.807 -1.812 -1.815 -1.816 
-1.815 -1.811 -1.806 -1.798 -1.788 -1.776 -1.761 -1.744 -1.725 -1.704 
-1.680 -1.654 -1.625 -1.593 -1.559 -1.523 -1.483 -1.440 -1.395 -1.346 
-1.294 -1.238 -1.178 -1.115 -1.047 -0.974 -0.897 -0.814 -0.725 -0.629 
-0.526 -0.416 -0.298 -0.175 -0.051 0.066 0.164 0.231 0.263 0.266 
0.251 0.233 0.222 0.224 0.237 0.250 0.245 0.220 0.191 0.170 
0.154 0.136 0.103 0.049 -0.028 -0.124 -0.231 -0.342 -0.452 -0.560 
-0.662 -0.759 -0.849 -0.934 -1.013 -1.087 -1.156 -1.220 -1.280 -1.336 
-1.387 -1.435 -1.480 -1.521 -1.559 -1.594 -1.626 -1.656 -1.682 -1.706 
-1.713 
-1.692 -1.709 -1.727 -1.742 -1.755 -1.766 -1.775 -1.782 -1.786 -1.789 
-1.789 -1.787 -1.784 -1.778 -1.770 -1.759 -1.747 -1.732 -1.715 -1.696 
-1.674 -1.650 -1.623 -1.594 -1.562 -1.527 -1.489 -1.448 -1.404 -1.356 
-1.304 -1.248 -1.188 -1.123 -1.053 -0.978 -0.897 -0.809 -0.714 -0.612 
-0.501 -0.383 -0.258 -0.130 -0.006 0.105 0.189 0.238 0.254 0.246 
0.222 0.183 0.130 0.074 0.024 -0.017 -0.047 -0.068 -0.083 -0.093 
-0.104 -0.119 -0.144 -0.182 -0.235 -0.299 -0.373 -0.452 -0.534 -0.617 
-0.700 -0.780 -0.858 -0.933 -1.004 -1.071 -1.135 -1.195 -1.251 -1.304 
-1.353 -1.400 -1.443 -1.483 -1.520 -1.555 -1.587 -1.616 -1.643 -1.667 
-1.684 
-1.642 -1.643 -1.656 -1.667 -1.677 -1.685 -1.691 -1.695 -1.698 -1.699 
-1.698 -1.696 -1.692 -1.686 -1.679 -1.669 -1.658 -1.645 -1.630 -1.613 
-1.594 -1.573 -1.550 -1.525 -1.498 -1.468 -1.436 -1.401 -1.364 -1.324 
-1.281 -1.235 -1.186 -1.133 -1.076 -1.015 -0.950 -0.880 -0.805 -0.723 
-0.635 -0.540 -0.438 -0.328 -0.212 -0.093 0.026 0.142 0.250 0.341 
0.395 0.394 0.338 0.246 0.139 0.032 -0.067 -0.157 -0.237 -0.309 
-0.375 -0.436 -0.494 -0.550 -0.607 -0.664 -0.723 -0.782 -0.840 -0.898 
-0.954 -1.007 -1.058 -1.108 -1.154 -1.199 -1.241 -1.281 -1.319 -1.355 
-1.389 -1.421 -1.451 -1.480 -1.506 -1.531 -1.554 -1.575 -1.595 -1.613 
-1.636 
-1.756 -1.769 -1.781 -1.791 -1.799 -1.805 -1.809 -1.811 -1.812 -1.811 
-1.808 -1.803 -1.796 -1.787 -1.776 -1.764 -1.749 -1.733 -1.714 -1.693 
-1.670 -1.645 -1.618 -1.588 -1.556 -1.521 -1.484 -1.444 -1.401 -1.355 
-1.306 -1.253 -1.197 -1.137 -1.073 -1.005 -0.931 -0.853 -0.768 -0.676 
-0.577 -0.469 -0.353 -0.231 -0.112 -0.007 0.083 0.167 0.241 0.292 
0.309 0.285 0.225 0.144 0.054 -0.035 -0.122 -0.204 -0.282 -0.354 
-0.421 -0.484 -0.543 -0.601 -0.660 -0.720 -0.783 -0.847 -0.911 -0.975 
-1.037 -1.097 -1.154 -1.208 -1.259 -1.308 -1.354 -1.397 -1.438 -1.476 
-1.512 -1.546 -1.577 -1.607 -1.634 -1.659 -1.682 -1.704 -1.723 -1.740 
-1.751 
-1.948 -1.961 -1.978 -1.992 -2.004 -2.014 -2.021 -2.026 -2.029 -2.030 
-2.029 -2.025 -2.019 -2.011 -2.001 -1.988 -1.973 -1.956 -1.936 -1.914 
-1.889 -1.861 -1.831 -1.797 -1.761 -1.721 -1.678 -1.632 -1.581 -1.527 
-1.467 -1.403 -1.334 -1.259 -1.176 -1.086 -0.988 -0.879 -0.757 -0.622 
-0.470 -0.301 -0.122 0.037 0.132 0.162 0.137 0.078 0.012 -0.046 
-0.101 -0.157 -0.214 -0.268 -0.315 -0.352 -0.378 -0.394 -0.400 -0.399 
-0.393 -0.390 -0.396 -0.417 -0.453 -0.505 -0.569 -0.645 -0.729 -0.817 
-0.905 -0.993 -1.077 -1.158 -1.234 -1.306 -1.374 -1.437 -1.496 -1.551 
-1.602 -1.650 -1.695 -1.736 -1.774 -1.809 -1.841 -1.870 -1.896 -1.921 
-1.940 
-2.195 -2.238 -2.252 -2.264 -2.273 -2.280 -2.285 -2.287 -2.287 -2.285 
-2.281 -2.274 -2.264 -2.253 -2.239 -2.222 -2.203 -2.181 -2.156 -2.129 
-2.099 -2.066 -2.030 -1.990 -1.947 -1.900 -1.849 -1.794 -1.734 -1.670 
-1.600 -1.524 -1.441 -1.351 -1.253 -1.145 -1.026 -0.895 -0.748 -0.581 
-0.390 -0.176 0.032 0.165 0.165 0.067 -0.064 -0.189 -0.295 -0.379 
-0.442 -0.486 -0.513 -0.526 -0.525 -0.512 -0.489 -0.458 -0.422 -0.385 
-0.356 -0.346 -0.367 -0.425 -0.516 -0.625 -0.742 -0.860 -0.974 -1.083 
-1.186 -1.283 -1.373 -1.457 -1.535 -1.608 -1.676 -1.738 -1.797 -1.851 
-1.901 -1.947 -1.990 -2.029 -2.065 -2.098 -2.128 -2.155 -2.180 -2.202 
-2.190 
-2.111 -2.119 -2.127 -2.133 -2.137 -2.139 -2.139 -2.136 -2.131 -2.124 
-2.115 -2.104 -2.090 -2.074 -2.055 -2.034 -2.011 -1.985 -1.957 -1.926 
-1.892 -1.855 -1.816 -1.773 -1.727 -1.677 -1.624 -1.567 -1.506 -1.441 
-1.371 -1.296 -1.216 -1.131 -1.040 -0.943 -0.842 -0.737 -0.631 -0.528 
-0.430 -0.338 -0.250 -0.188 -0.199 -0.256 -0.312 -0.354 -0.384 -0.403 
-0.411 -0.410 -0.400 -0.384 -0.364 -0.342 -0.323 -0.312 -0.314 -0.334 
-0.373 -0.431 -0.508 -0.601 -0.705 -0.813 -0.920 -1.022 -1.118 -1.209 
-1.293 -1.371 -1.443 -1.511 -1.573 -1.632 -1.686 -1.736 -1.782 -1.825 
-1.865 -1.901 -1.935 -1.966 -1.994 -2.019 -2.042 -2.062 -2.080 -2.095 
-2.107 
-2.010 -2.010 -2.015 -2.019 -2.021 -2.021 -2.019 -2.016 -2.010 -2.002 
-1.993 -1.981 -1.967 -1.952 -1.934 -1.915 -1.893 -1.870 -1.844 -1.816 
-1.786 -1.753 -1.719 -1.682 -1.643 -1.602 -1.559 -1.513 -1.465 -1.416 
-1.364 -1.310 -1.254 -1.197 -1.138 -1.078 -1.016 -0.953 -0.891 -0.829 
-0.771 -0.720 -0.677 -0.642 -0.611 -0.580 -0.544 -0.498 -0.438 -0.364 
-0.300 -0.285 -0.304 -0.319 -0.324 -0.328 -0.340 -0.366 -0.409 -0.468 
-0.541 -0.624 -0.713 -0.804 -0.894 -0.982 -1.065 -1.144 -1.218 -1.288 
-1.354 -1.415 -1.472 -1.525 -1.575 -1.622 -1.665 -1.705 -1.743 -1.777 
-1.809 -1.839 -1.866 -1.890 -1.913 -1.933 -1.951 -1.967 -1.980 -1.992 
-2.007 
-2.024 -2.035 -2.043 -2.050 -2.055 -2.059 -2.062 -2.063 -2.062 -2.060 
-2.057 -2.052 -2.045 -2.037 -2.028 -2.016 -2.004 -1.989 -1.973 -1.955 
-1.935 -1.913 -1.889 -1.864 -1.836 -1.806 -1.774 -1.740 -1.703 -1.664 
-1.623 -1.579 -1.533 -1.484 -1.433 -1.379 -1.322 -1.262 -1.199 -1.132 
-1.061 -0.986 -0.904 -0.816 -0.719 -0.611 -0.488 -0.345 -0.186 -0.032 
0.064 0.054 -0.054 -0.201 -0.343 -0.462 -0.561 -0.648 -0.728 -0.805 
-0.881 -0.954 -1.024 -1.092 -1.157 -1.219 -1.279 -1.335 -1.389 -1.441 
-1.489 -1.535 -1.579 -1.620 -1.659 -1.696 -1.730 -1.762 -1.793 -1.821 
-1.848 -1.873 -1.896 -1.918 -1.938 -1.956 -1.973 -1.988 -2.002 -2.015 
-2.021 
-2.063 -2.062 -2.075 -2.086 -2.095 -2.102 -2.107 -2.111 -2.112 -2.112 
-2.109 -2.105 -2.099 -2.090 -2.080 -2.068 -2.053 -2.037 -2.018 -1.997 
-1.974 -1.949 -1.921 -1.891 -1.858 -1.822 -1.784 -1.742 -1.698 -1.650 
-1.599 -1.544 -1.485 -1.422 -1.355 -1.283 -1.208 -1.129 -1.048 -0.968 
-0.890 -0.817 -0.747 -0.679 -0.614 -0.554 -0.499 -0.449 -0.400 -0.348 
-0.310 -0.326 -0.388 -0.456 -0.513 -0.561 -0.602 -0.638 -0.673 -0.707 
-0.741 -0.776 -0.813 -0.853 -0.900 -0.955 -1.016 -1.081 -1.147 -1.213 
-1.277 -1.339 -1.398 -1.455 -1.510 -1.561 -1.611 -1.657 -1.701 -1.743 
-1.782 -1.819 -1.853 -1.885 -1.914 -1.942 -1.967 -1.990 -2.011 -2.030 
-2.057 
-2.302 -2.337 -2.350 -2.361 -2.370 -2.376 -2.380 -2.382 -2.381 -2.378 
-2.373 -2.366 -2.356 -2.344 -2.329 -2.312 -2.292 -2.270 -2.245 -2.217 
-2.187 -2.153 -2.116 -2.076 -2.032 -1.985 -1.934 -1.878 -1.818 -1.753 
-1.683 -1.607 -1.526 -1.438 -1.345 -1.247 -1.145 -1.043 -0.949 -0.869 
-0.812 -0.782 -0.776 -0.785 -0.802 -0.819 -0.835 -0.849 -0.862 -0.875 
-0.887 -0.896 -0.902 -0.903 -0.897 -0.885 -0.865 -0.838 -0.808 -0.780 
-0.760 -0.750 -0.751 -0.766 -0.799 -0.856 -0.934 -1.027 -1.127 -1.228 
-1.326 -1.419 -1.506 -1.587 -1.663 -1.733 -1.798 -1.858 -1.914 -1.966 
-2.014 -2.059 -2.100 -2.137 -2.172 -2.204 -2.232 -2.258 -2.282 -2.302 
-2.298 
-2.433 -2.433 -2.444 -2.453 -2.459 -2.463 -2.465 -2.465 -2.462 -2.457 
-2.450 -2.440 -2.429 -2.414 -2.398 -2.379 -2.358 -2.334 -2.307 -2.278 
-2.246 -2.211 -2.173 -2.132 -2.088 -2.040 -1.989 -1.935 -1.876 -1.813 
-1.746 -1.675 -1.599 -1.519 -1.434 -1.345 -1.253 -1.160 -1.067 -0.980 
-0.901 -0.835 -0.786 -0.759 -0.752 -0.759 -0.772 -0.784 -0.794 -0.798 
-0.795 -0.783 -0.763 -0.733 -0.694 -0.646 -0.592 -0.538 -0.493 -0.471 
-0.485 -0.538 -0.623 -0.728 -0.842 -0.959 -1.075 -1.188 -1.297 -1.400 
-1.495 -1.584 -1.667 -1.744 -1.815 -1.880 -1.941 -1.997 -2.049 -2.098 
-2.142 -2.183 -2.221 -2.256 -2.287 -2.316 -2.342 -2.365 -2.386 -2.404 
-2.428 
-2.624 -2.655 -2.666 -2.674 -2.680 -2.684 -2.686 -2.686 -2.683 -2.678 
-2.671 -2.661 -2.649 -2.635 -2.618 -2.599 -2.578 -2.553 -2.526 -2.497 
-2.464 -2.429 -2.390 -2.348 -2.303 -2.254 -2.201 -2.144 -2.082 -2.016 
-1.945 -1.868 -1.785 -1.695 -1.598 -1.493 -1.379 -1.256 -1.125 -0.989 
-0.852 -0.728 -0.634 -0.580 -0.562 -0.563 -0.567 -0.583 -0.622 -0.670 
-0.709 -0.732 -0.738 -0.728 -0.703 -0.665 -0.621 -0.580 -0.554 -0.560 
-0.608 -0.694 -0.808 -0.934 -1.065 -1.193 -1.315 -1.431 -1.539 -1.639 
-1.733 -1.819 -1.900 -1.974 -2.044 -2.108 -2.168 -2.223 -2.274 -2.322 
-2.366 -2.406 -2.444 -2.478 -2.509 -2.538 -2.564 -2.587 -2.608 -2.626 
-2.620 
-2.613 -2.629 -2.643 -2.655 -2.664 -2.671 -2.675 -2.677 -2.677 -2.675 
-2.671 -2.664 -2.655 -2.643 -2.629 -2.613 -2.594 -2.573 -2.549 -2.523 
-2.494 -2.462 -2.427 -2.389 -2.348 -2.304 -2.257 -2.206 -2.151 -2.093 
-2.031 -1.965 -1.894 -1.820 -1.741 -1.657 -1.568 -1.473 -1.370 -1.258 
-1.137 -1.009 -0.876 -0.741 -0.597 -0.451 -0.334 -0.283 -0.309 -0.383 
-0.469 -0.546 -0.604 -0.645 -0.670 -0.683 -0.687 -0.687 -0.688 -0.698 
-0.724 -0.766 -0.827 -0.905 -0.998 -1.101 -1.209 -1.317 -1.423 -1.525 
-1.622 -1.712 -1.798 -1.877 -1.952 -2.021 -2.086 -2.146 -2.202 -2.254 
-2.302 -2.347 -2.388 -2.426 -2.461 -2.494 -2.523 -2.549 -2.573 -2.594 
-2.607 
-2.530 -2.526 -2.531 -2.533 -2.534 -2.532 -2.528 -2.522 -2.513 -2.503 
-2.490 -2.475 -2.458 -2.438 -2.416 -2.392 -2.365 -2.336 -2.304 -2.270 
-2.233 -2.193 -2.151 -2.106 -2.057 -2.006 -1.952 -1.895 -1.836 -1.773 
-1.709 -1.642 -1.575 -1.506 -1.439 -1.372 -1.309 -1.250 -1.195 -1.146 
-1.101 -1.059 -1.017 -0.970 -0.913 -0.844 -0.775 -0.737 -0.741 -0.762 
-0.777 -0.781 -0.776 -0.766 -0.758 -0.758 -0.771 -0.801 -0.846 -0.904 
-0.973 -1.048 -1.130 -1.218 -1.310 -1.402 -1.493 -1.581 -1.665 -1.743 
-1.817 -1.886 -1.950 -2.009 -2.064 -2.116 -2.163 -2.207 -2.248 -2.285 
-2.320 -2.351 -2.380 -2.406 -2.429 -2.450 -2.469 -2.485 -2.499 -2.510 
-2.528 
-2.601 -2.613 -2.621 -2.626 -2.630 -2.631 -2.630 -2.627 -2.622 -2.614 
-2.605 -2.593 -2.579 -2.563 -2.544 -2.524 -2.500 -2.475 -2.447 -2.416 
-2.383 -2.347 -2.309 -2.267 -2.223 -2.176 -2.126 -2.073 -2.016 -1.957 
-1.895 -1.830 -1.762 -1.693 -1.622 -1.549 -1.477 -1.406 -1.337 -1.272 
-1.212 -1.158 -1.111 -1.072 -1.042 -1.021 -1.006 -0.994 -0.984 -0.972 
-0.957 -0.940 -0.922 -0.903 -0.887 -0.878 -0.881 -0.898 -0.932 -0.983 
-1.046 -1.118 -1.194 -1.271 -1.349 -1.427 -1.506 -1.587 -1.668 -1.747 
-1.824 -1.896 -1.965 -2.029 -2.089 -2.145 -2.197 -2.245 -2.290 -2.332 
-2.370 -2.405 -2.438 -2.467 -2.494 -2.518 -2.540 -2.559 -2.576 -2.591 
-2.598 
-2.653 -2.673 -2.690 -2.704 -2.715 -2.725 -2.732 -2.736 -2.739 -2.739 
-2.737 -2.732 -2.726 -2.717 -2.705 -2.692 -2.676 -2.657 -2.636 -2.613 
-2.586 -2.558 -2.526 -2.491 -2.454 -2.413 -2.370 -2.322 -2.272 -2.217 
-2.159 -2.096 -2.030 -1.959 -1.883 -1.803 -1.719 -1.630 -1.538 -1.444 
-1.350 -1.259 -1.179 -1.114 -1.071 -1.052 -1.053 -1.068 -1.091 -1.116 
-1.138 -1.156 -1.169 -1.176 -1.178 -1.176 -1.173 -1.169 -1.165 -1.161 
-1.157 -1.153 -1.152 -1.159 -1.179 -1.216 -1.270 -1.340 -1.422 -1.510 
-1.600 -1.689 -1.775 -1.858 -1.936 -2.010 -2.079 -2.144 -2.204 -2.260 
-2.312 -2.361 -2.406 -2.447 -2.486 -2.521 -2.553 -2.583 -2.609 -2.633 
-2.646 
-2.646 -2.652 -2.668 -2.682 -2.694 -2.703 -2.711 -2.716 -2.719 -2.720 
-2.718 -2.715 -2.709 -2.701 -2.691 -2.679 -2.665 -2.648 -2.629 -2.608 
-2.584 -2.557 -2.528 -2.497 -2.462 -2.425 -2.385 -2.341 -2.295 -2.245 
-2.192 -2.134 -2.073 -2.008 -1.939 -1.865 -1.787 -1.705 -1.619 -1.530 
-1.440 -1.354 -1.278 -1.218 -1.176 -1.151 -1.140 -1.137 -1.141 -1.149 
-1.158 -1.168 -1.176 -1.183 -1.186 -1.187 -1.185 -1.182 -1.177 -1.174 
-1.175 -1.182 -1.197 -1.224 -1.263 -1.315 -1.377 -1.447 -1.523 -1.601 
-1.679 -1.756 -1.830 -1.902 -1.971 -2.036 -2.097 -2.155 -2.210 -2.261 
-2.309 -2.354 -2.396 -2.435 -2.471 -2.505 -2.536 -2.564 -2.589 -2.613 
-2.639 
-2.739 -2.764 -2.779 -2.791 -2.801 -2.809 -2.815 -2.818 -2.819 -2.818 
-2.814 -2.808 -2.800 -2.790 -2.777 -2.762 -2.744 -2.724 -2.701 -2.676 
-2.648 -2.617 -2.583 -2.545 -2.505 -2.461 -2.414 -2.363 -2.307 -2.248 
-2.183 -2.114 -2.039 -1.958 -1.870 -1.777 -1.676 -1.569 -1.456 -1.341 
-1.229 -1.129 -1.052 -1.008 -0.999 -1.018 -1.054 -1.096 -1.139 -1.177 
-1.208 -1.232 -1.249 -1.257 -1.259 -1.253 -1.241 -1.225 -1.206 -1.187 
-1.172 -1.168 -1.178 -1.205 -1.252 -1.315 -1.391 -1.476 -1.566 -1.657 
-1.747 -1.834 -1.917 -1.996 -2.070 -2.140 -2.205 -2.266 -2.323 -2.376 
-2.425 -2.471 -2.513 -2.552 -2.589 -2.622 -2.652 -2.680 -2.704 -2.727 
-2.734 
-2.752 -2.761 -2.778 -2.792 -2.804 -2.813 -2.820 -2.825 -2.827 -2.827 
-2.824 -2.820 -2.812 -2.803 -2.791 -2.776 -2.759 -2.740 -2.718 -2.693 
-2.665 -2.635 -2.601 -2.564 -2.524 -2.481 -2.434 -2.383 -2.328 -2.268 
-2.204 -2.134 -2.060 -1.979 -1.893 -1.800 -1.700 -1.594 -1.484 -1.371 
-1.264 -1.177 -1.127 -1.115 -1.131 -1.164 -1.206 -1.250 -1.293 -1.331 
-1.363 -1.388 -1.405 -1.415 -1.417 -1.411 -1.399 -1.380 -1.356 -1.328 
-1.299 -1.273 -1.253 -1.245 -1.252 -1.279 -1.326 -1.391 -1.471 -1.559 
-1.651 -1.743 -1.833 -1.919 -2.001 -2.077 -2.149 -2.216 -2.278 -2.337 
-2.391 -2.441 -2.487 -2.530 -2.569 -2.605 -2.638 -2.669 -2.696 -2.720 
-2.745 
-2.766 -2.794 -2.808 -2.819 -2.828 -2.835 -2.839 -2.841 -2.841 -2.839 
-2.834 -2.827 -2.817 -2.805 -2.791 -2.774 -2.755 -2.733 -2.709 -2.681 
-2.651 -2.617 -2.581 -2.541 -2.497 -2.450 -2.399 -2.343 -2.282 -2.216 
-2.144 -2.066 -1.981 -1.887 -1.785 -1.672 -1.547 -1.411 -1.264 -1.115 
-0.979 -0.885 -0.853 -0.882 -0.947 -1.025 -1.100 -1.167 -1.227 -1.278 
-1.320 -1.354 -1.379 -1.395 -1.404 -1.405 -1.400 -1.389 -1.375 -1.359 
-1.344 -1.336 -1.339 -1.356 -1.389 -1.438 -1.502 -1.577 -1.658 -1.743 
-1.827 -1.910 -1.989 -2.064 -2.134 -2.201 -2.263 -2.321 -2.375 -2.426 
-2.473 -2.517 -2.557 -2.594 -2.629 -2.660 -2.689 -2.715 -2.739 -2.760 
-2.761 
-2.659 -2.659 -2.673 -2.684 -2.693 -2.701 -2.706 -2.709 -2.710 -2.709 
-2.706 -2.701 -2.694 -2.685 -2.673 -2.659 -2.643 -2.625 -2.605 -2.581 
-2.556 -2.528 -2.497 -2.463 -2.426 -2.387 -2.344 -2.298 -2.248 -2.194 
-2.136 -2.074 -2.007 -1.935 -1.858 -1.775 -1.685 -1.590 -1.487 -1.381 
-1.276 -1.185 -1.122 -1.085 -1.066 -1.059 -1.067 -1.090 -1.123 -1.164 
-1.207 -1.251 -1.292 -1.330 -1.364 -1.395 -1.422 -1.446 -1.468 -1.488 
-1.507 -1.528 -1.551 -1.578 -1.610 -1.646 -1.686 -1.729 -1.775 -1.824 
-1.875 -1.928 -1.982 -2.036 -2.089 -2.140 -2.190 -2.238 -2.283 -2.326 
-2.366 -2.404 -2.440 -2.473 -2.504 -2.533 -2.559 -2.584 -2.606 -2.626 
-2.653 
-2.707 -2.727 -2.746 -2.762 -2.776 -2.788 -2.796 -2.803 -2.807 -2.809 
-2.809 -2.806 -2.801 -2.793 -2.783 -2.771 -2.756 -2.739 -2.719 -2.696 
-2.671 -2.643 -2.612 -2.577 -2.540 -2.500 -2.456 -2.408 -2.357 -2.302 
-2.242 -2.179 -2.112 -2.040 -1.965 -1.887 -1.807 -1.727 -1.649 -1.578 
-1.514 -1.461 -1.419 -1.389 -1.374 -1.377 -1.396 -1.429 -1.469 -1.511 
-1.552 -1.589 -1.621 -1.649 -1.670 -1.687 -1.698 -1.704 -1.705 -1.702 
-1.695 -1.685 -1.672 -1.657 -1.643 -1.632 -1.628 -1.632 -1.648 -1.676 
-1.718 -1.770 -1.830 -1.895 -1.963 -2.030 -2.097 -2.161 -2.222 -2.280 
-2.335 -2.386 -2.434 -2.479 -2.520 -2.558 -2.594 -2.626 -2.655 -2.682 
-2.699 
-2.788 -2.799 -2.817 -2.834 -2.848 -2.860 -2.869 -2.876 -2.881 -2.883 
-2.884 -2.882 -2.877 -2.871 -2.861 -2.850 -2.836 -2.820 -2.801 -2.780 
-2.755 -2.728 -2.699 -2.666 -2.630 -2.590 -2.547 -2.501 -2.450 -2.396 
-2.337 -2.273 -2.203 -2.129 -2.048 -1.961 -1.867 -1.768 -1.662 -1.553 
-1.445 -1.345 -1.261 -1.198 -1.162 -1.156 -1.179 -1.225 -1.282 -1.342 
-1.400 -1.451 -1.494 -1.530 -1.558 -1.579 -1.593 -1.601 -1.604 -1.603 
-1.599 -1.596 -1.596 -1.602 -1.615 -1.636 -1.664 -1.697 -1.737 -1.784 
-1.836 -1.893 -1.953 -2.015 -2.078 -2.140 -2.201 -2.260 -2.316 -2.370 
-2.421 -2.469 -2.514 -2.557 -2.596 -2.633 -2.667 -2.699 -2.727 -2.754 
-2.780 
-2.979 -3.004 -3.019 -3.031 -3.042 -3.049 -3.055 -3.058 -3.058 -3.057 
-3.053 -3.046 -3.037 -3.026 -3.012 -2.996 -2.977 -2.955 -2.931 -2.904 
-2.874 -2.840 -2.804 -2.764 -2.721 -2.673 -2.622 -2.566 -2.505 -2.439 
-2.368 -2.290 -2.205 -2.113 -2.012 -1.902 -1.783 -1.655 -1.521 -1.388 
-1.267 -1.172 -1.114 -1.100 -1.134 -1.200 -1.274 -1.346 -1.410 -1.465 
-1.508 -1.541 -1.564 -1.576 -1.578 -1.571 -1.555 -1.531 -1.500 -1.467 
-1.433 -1.406 -1.392 -1.399 -1.434 -1.496 -1.581 -1.677 -1.777 -1.875 
-1.970 -2.060 -2.145 -2.225 -2.300 -2.370 -2.436 -2.498 -2.556 -2.610 
-2.660 -2.706 -2.749 -2.789 -2.826 -2.860 -2.891 -2.919 -2.944 -2.966 
-2.973 
-3.082 -3.104 -3.120 -3.133 -3.143 -3.151 -3.157 -3.160 -3.160 -3.159 
-3.154 -3.148 -3.139 -3.127 -3.113 -3.096 -3.077 -3.055 -3.030 -3.002 
-2.970 -2.936 -2.899 -2.857 -2.812 -2.763 -2.710 -2.652 -2.589 -2.520 
-2.445 -2.364 -2.276 -2.181 -2.080 -1.972 -1.859 -1.742 -1.618 -1.482 
-1.332 -1.175 -1.039 -0.967 -0.986 -1.076 -1.192 -1.304 -1.399 -1.474 
-1.532 -1.574 -1.602 -1.617 -1.619 -1.609 -1.588 -1.555 -1.512 -1.459 
-1.400 -1.340 -1.289 -1.262 -1.274 -1.333 -1.431 -1.552 -1.682 -1.811 
-1.933 -2.046 -2.151 -2.248 -2.336 -2.418 -2.494 -2.563 -2.627 -2.686 
-2.741 -2.791 -2.837 -2.879 -2.918 -2.954 -2.986 -3.016 -3.042 -3.065 
-3.076 
-3.061 -3.063 -3.074 -3.082 -3.087 -3.090 -3.091 -3.089 -3.085 -3.078 
-3.069 -3.057 -3.042 -3.025 -3.005 -2.982 -2.956 -2.927 -2.896 -2.860 
-2.822 -2.779 -2.733 -2.683 -2.629 -2.569 -2.505 -2.435 -2.360 -2.278 
-2.190 -2.096 -1.996 -1.891 -1.785 -1.682 -1.592 -1.523 -1.481 -1.466 
-1.466 -1.464 -1.448 -1.441 -1.479 -1.554 -1.632 -1.697 -1.747 -1.783 
-1.806 -1.818 -1.820 -1.812 -1.795 -1.769 -1.735 -1.692 -1.644 -1.590 
-1.537 -1.490 -1.459 -1.453 -1.481 -1.543 -1.632 -1.737 -1.846 -1.953 
-2.056 -2.153 -2.243 -2.327 -2.404 -2.476 -2.542 -2.603 -2.659 -2.711 
-2.759 -2.803 -2.843 -2.879 -2.913 -2.943 -2.970 -2.994 -3.015 -3.034 
-3.056 
-3.156 -3.168 -3.178 -3.186 -3.192 -3.194 -3.195 -3.193 -3.189 -3.182 
-3.172 -3.160 -3.146 -3.128 -3.108 -3.086 -3.060 -3.031 -3.000 -2.965 
-2.926 -2.885 -2.839 -2.789 -2.735 -2.676 -2.612 -2.543 -2.468 -2.387 
-2.299 -2.204 -2.102 -1.993 -1.880 -1.765 -1.655 -1.557 -1.481 -1.429 
-1.414 -1.448 -1.518 -1.597 -1.671 -1.735 -1.788 -1.830 -1.861 -1.883 
-1.894 -1.897 -1.890 -1.874 -1.847 -1.811 -1.763 -1.705 -1.634 -1.555 
-1.478 -1.435 -1.447 -1.495 -1.563 -1.649 -1.748 -1.856 -1.966 -2.073 
-2.175 -2.270 -2.359 -2.442 -2.518 -2.589 -2.654 -2.714 -2.770 -2.821 
-2.868 -2.911 -2.951 -2.987 -3.020 -3.049 -3.076 -3.100 -3.121 -3.139 
-3.152 
-3.259 -3.284 -3.294 -3.302 -3.307 -3.310 -3.311 -3.309 -3.305 -3.298 
-3.289 -3.277 -3.263 -3.246 -3.226 -3.204 -3.179 -3.151 -3.120 -3.086 
-3.048 -3.007 -2.962 -2.913 -2.859 -2.801 -2.738 -2.670 -2.595 -2.513 
-2.424 -2.326 -2.218 -2.099 -1.968 -1.823 -1.663 -1.492 -1.321 -1.180 
-1.107 -1.124 -1.212 -1.327 -1.440 -1.536 -1.614 -1.675 -1.719 -1.749 
-1.764 -1.766 -1.755 -1.729 -1.689 -1.633 -1.558 -1.463 -1.349 -1.225 
-1.123 -1.091 -1.157 -1.298 -1.464 -1.627 -1.781 -1.923 -2.053 -2.173 
-2.283 -2.384 -2.476 -2.560 -2.637 -2.708 -2.773 -2.833 -2.889 -2.940 
-2.986 -3.029 -3.068 -3.104 -3.137 -3.166 -3.193 -3.216 -3.237 -3.255 
-3.255 
-3.178 -3.185 -3.198 -3.208 -3.215 -3.220 -3.222 -3.222 -3.220 -3.215 
-3.207 -3.197 -3.184 -3.169 -3.151 -3.130 -3.107 -3.080 -3.051 -3.018 
-2.981 -2.941 -2.898 -2.850 -2.798 -2.741 -2.679 -2.611 -2.537 -2.455 
-2.366 -2.267 -2.158 -2.037 -1.903 -1.754 -1.592 -1.429 -1.284 -1.191 
-1.174 -1.231 -1.329 -1.437 -1.537 -1.624 -1.696 -1.755 -1.801 -1.836 
-1.859 -1.871 -1.873 -1.865 -1.845 -1.814 -1.771 -1.715 -1.645 -1.563 
-1.482 -1.431 -1.431 -1.464 -1.517 -1.594 -1.691 -1.800 -1.912 -2.023 
-2.129 -2.228 -2.321 -2.408 -2.488 -2.563 -2.631 -2.695 -2.754 -2.808 
-2.859 -2.905 -2.947 -2.986 -3.021 -3.053 -3.083 -3.109 -3.132 -3.152 
-3.172 
-3.187 -3.188 -3.203 -3.217 -3.228 -3.236 -3.242 -3.246 -3.247 -3.245 
-3.242 -3.236 -3.227 -3.216 -3.202 -3.186 -3.167 -3.145 -3.121 -3.094 
-3.063 -3.029 -2.992 -2.952 -2.907 -2.859 -2.806 -2.749 -2.686 -2.618 
-2.544 -2.463 -2.374 -2.277 -2.170 -2.053 -1.926 -1.794 -1.674 -1.589 
-1.556 -1.559 -1.582 -1.619 -1.666 -1.721 -1.776 -1.830 -1.877 -1.918 
-1.952 -1.977 -1.995 -2.005 -2.007 -2.002 -1.989 -1.969 -1.942 -1.908 
-1.869 -1.827 -1.790 -1.767 -1.772 -1.806 -1.859 -1.923 -1.994 -2.069 
-2.147 -2.226 -2.305 -2.382 -2.457 -2.528 -2.596 -2.659 -2.719 -2.775 
-2.827 -2.876 -2.921 -2.963 -3.001 -3.036 -3.069 -3.098 -3.124 -3.148 
-3.179 
-3.460 -3.494 -3.507 -3.518 -3.526 -3.532 -3.535 -3.536 -3.534 -3.530 
-3.523 -3.513 -3.501 -3.486 -3.469 -3.448 -3.425 -3.399 -3.370 -3.337 
-3.301 -3.262 -3.218 -3.170 -3.118 -3.061 -2.999 -2.931 -2.856 -2.774 
-2.683 -2.583 -2.472 -2.348 -2.210 -2.059 -1.899 -1.745 -1.623 -1.574 
-1.609 -1.692 -1.787 -1.877 -1.959 -2.032 -2.096 -2.149 -2.192 -2.225 
-2.248 -2.261 -2.265 -2.258 -2.242 -2.216 -2.178 -2.129 -2.066 -1.989 
-1.900 -1.801 -1.706 -1.637 -1.628 -1.705 -1.838 -1.985 -2.127 -2.258 
-2.378 -2.487 -2.588 -2.680 -2.765 -2.843 -2.915 -2.982 -3.043 -3.100 
-3.152 -3.200 -3.244 -3.285 -3.322 -3.355 -3.386 -3.413 -3.438 -3.459 
-3.456 
-3.601 -3.631 -3.643 -3.652 -3.658 -3.662 -3.663 -3.662 -3.658 -3.651 
-3.642 -3.631 -3.616 -3.599 -3.579 -3.556 -3.531 -3.502 -3.470 -3.434 
-3.395 -3.352 -3.304 -3.253 -3.197 -3.135 -3.068 -2.994 -2.914 -2.825 
-2.728 -2.620 -2.502 -2.370 -2.224 -2.062 -1.886 -1.705 -1.555 -1.496 
-1.555 -1.687 -1.834 -1.964 -2.073 -2.160 -2.229 -2.283 -2.324 -2.352 
-2.369 -2.375 -2.371 -2.356 -2.330 -2.294 -2.246 -2.185 -2.112 -2.023 
-1.918 -1.796 -1.659 -1.539 -1.499 -1.585 -1.762 -1.966 -2.157 -2.324 
-2.471 -2.600 -2.714 -2.816 -2.907 -2.990 -3.065 -3.133 -3.196 -3.253 
-3.305 -3.352 -3.395 -3.435 -3.470 -3.503 -3.531 -3.557 -3.580 -3.600 
-3.596 
-3.423 -3.430 -3.439 -3.446 -3.450 -3.451 -3.450 -3.447 -3.441 -3.432 
-3.421 -3.407 -3.390 -3.371 -3.348 -3.323 -3.295 -3.264 -3.229 -3.190 
-3.148 -3.103 -3.052 -2.998 -2.938 -2.874 -2.803 -2.726 -2.643 -2.552 
-2.454 -2.347 -2.232 -2.112 -1.990 -1.872 -1.770 -1.693 -1.649 -1.654 
-1.717 -1.807 -1.896 -1.975 -2.041 -2.096 -2.140 -2.173 -2.196 -2.209 
-2.213 -2.209 -2.195 -2.173 -2.142 -2.102 -2.054 -2.000 -1.943 -1.889 
-1.844 -1.816 -1.807 -1.811 -1.844 -1.941 -2.073 -2.201 -2.314 -2.415 
-2.505 -2.587 -2.664 -2.737 -2.807 -2.872 -2.933 -2.991 -3.044 -3.094 
-3.140 -3.182 -3.221 -3.256 -3.288 -3.317 -3.343 -3.366 -3.386 -3.403 
-3.419 
-3.337 -3.343 -3.360 -3.375 -3.386 -3.395 -3.402 -3.405 -3.406 -3.405 
-3.400 -3.393 -3.383 -3.371 -3.355 -3.337 -3.315 -3.291 -3.263 -3.232 
-3.197 -3.158 -3.116 -3.069 -3.017 -2.960 -2.897 -2.829 -2.753 -2.670 
-2.578 -2.477 -2.366 -2.243 -2.111 -1.971 -1.836 -1.724 -1.661 -1.662 
-1.717 -1.802 -1.897 -1.992 -2.081 -2.160 -2.229 -2.287 -2.335 -2.373 
-2.402 -2.423 -2.434 -2.438 -2.434 -2.421 -2.401 -2.374 -2.340 -2.303 
-2.267 -2.237 -2.215 -2.199 -2.185 -2.177 -2.183 -2.208 -2.248 -2.294 
-2.344 -2.398 -2.455 -2.517 -2.581 -2.647 -2.712 -2.776 -2.838 -2.897 
-2.953 -3.005 -3.053 -3.099 -3.140 -3.179 -3.214 -3.246 -3.275 -3.301 
-3.329 
-3.421 -3.440 -3.458 -3.473 -3.485 -3.495 -3.502 -3.507 -3.509 -3.508 
-3.505 -3.499 -3.491 -3.480 -3.466 -3.450 -3.431 -3.409 -3.384 -3.355 
-3.324 -3.289 -3.251 -3.208 -3.162 -3.111 -3.055 -2.994 -2.928 -2.855 
-2.775 -2.686 -2.589 -2.481 -2.362 -2.230 -2.087 -1.940 -1.810 -1.731 
-1.710 -1.723 -1.763 -1.827 -1.905 -1.986 -2.061 -2.128 -2.185 -2.231 
-2.267 -2.293 -2.310 -2.318 -2.317 -2.307 -2.287 -2.259 -2.220 -2.171 
-2.112 -2.042 -1.965 -1.885 -1.812 -1.763 -1.758 -1.806 -1.900 -2.018 
-2.143 -2.265 -2.380 -2.487 -2.585 -2.676 -2.759 -2.837 -2.908 -2.974 
-3.034 -3.090 -3.142 -3.189 -3.232 -3.272 -3.308 -3.341 -3.370 -3.396 
-3.414 
-3.524 -3.542 -3.557 -3.569 -3.578 -3.585 -3.589 -3.590 -3.589 -3.585 
-3.579 -3.569 -3.557 -3.542 -3.524 -3.504 -3.480 -3.453 -3.423 -3.389 
-3.351 -3.310 -3.264 -3.214 -3.158 -3.098 -3.031 -2.957 -2.876 -2.786 
-2.687 -2.576 -2.452 -2.316 -2.167 -2.011 -1.852 -1.692 -1.561 -1.515 
-1.577 -1.701 -1.835 -1.958 -2.065 -2.155 -2.230 -2.291 -2.339 -2.375 
-2.401 -2.417 -2.423 -2.420 -2.408 -2.388 -2.361 -2.326 -2.286 -2.239 
-2.186 -2.123 -2.048 -1.960 -1.868 -1.793 -1.765 -1.804 -1.905 -2.043 
-2.191 -2.334 -2.466 -2.585 -2.693 -2.791 -2.879 -2.959 -3.032 -3.098 
-3.158 -3.213 -3.263 -3.309 -3.350 -3.388 -3.422 -3.452 -3.479 -3.503 
-3.517 
-3.511 -3.532 -3.538 -3.542 -3.543 -3.542 -3.539 -3.532 -3.524 -3.512 
-3.498 -3.482 -3.462 -3.440 -3.415 -3.386 -3.355 -3.320 -3.281 -3.239 
-3.193 -3.142 -3.087 -3.027 -2.961 -2.889 -2.809 -2.723 -2.627 -2.522 
-2.406 -2.279 -2.141 -1.998 -1.860 -1.746 -1.676 -1.652 -1.653 -1.674 
-1.727 -1.799 -1.882 -1.966 -2.042 -2.107 -2.159 -2.199 -2.227 -2.244 
-2.252 -2.251 -2.241 -2.224 -2.200 -2.171 -2.139 -2.110 -2.087 -2.077 
-2.084 -2.107 -2.142 -2.180 -2.211 -2.234 -2.264 -2.326 -2.421 -2.529 
-2.635 -2.732 -2.819 -2.898 -2.969 -3.034 -3.093 -3.147 -3.197 -3.242 
-3.283 -3.321 -3.356 -3.387 -3.415 -3.440 -3.462 -3.481 -3.498 -3.512 
-3.509 
-3.376 -3.372 -3.383 -3.391 -3.397 -3.401 -3.403 -3.402 -3.399 -3.393 
-3.385 -3.375 -3.362 -3.346 -3.328 -3.308 -3.284 -3.258 -3.229 -3.196 
-3.161 -3.121 -3.078 -3.032 -2.980 -2.925 -2.864 -2.797 -2.724 -2.644 
-2.556 -2.460 -2.353 -2.237 -2.114 -1.990 -1.872 -1.759 -1.646 -1.542 
-1.475 -1.464 -1.510 -1.591 -1.685 -1.776 -1.859 -1.930 -1.990 -2.039 
-2.078 -2.108 -2.131 -2.146 -2.155 -2.159 -2.159 -2.156 -2.154 -2.154 
-2.159 -2.171 -2.191 -2.218 -2.252 -2.292 -2.338 -2.390 -2.446 -2.505 
-2.566 -2.627 -2.687 -2.746 -2.803 -2.858 -2.910 -2.960 -3.007 -3.051 
-3.092 -3.130 -3.166 -3.199 -3.230 -3.258 -3.283 -3.306 -3.326 -3.344 
-3.370 
-3.418 -3.437 -3.450 -3.461 -3.469 -3.475 -3.479 -3.480 -3.479 -3.475 
-3.469 -3.461 -3.450 -3.437 -3.421 -3.403 -3.382 -3.358 -3.331 -3.302 
-3.269 -3.233 -3.194 -3.150 -3.103 -3.052 -2.997 -2.936 -2.871 -2.799 
-2.721 -2.636 -2.544 -2.442 -2.332 -2.212 -2.085 -1.953 -1.827 -1.721 
-1.652 -1.633 -1.659 -1.719 -1.796 -1.876 -1.951 -2.018 -2.076 -2.125 
-2.164 -2.195 -2.218 -2.234 -2.244 -2.248 -2.246 -2.241 -2.233 -2.224 
-2.216 -2.210 -2.211 -2.219 -2.237 -2.265 -2.305 -2.354 -2.411 -2.473 
-2.539 -2.606 -2.673 -2.738 -2.802 -2.863 -2.921 -2.976 -3.028 -3.077 
-3.123 -3.166 -3.205 -3.242 -3.276 -3.307 -3.335 -3.360 -3.383 -3.404 
-3.413 
-3.448 -3.453 -3.464 -3.472 -3.478 -3.482 -3.483 -3.482 -3.478 -3.472 
-3.463 -3.452 -3.439 -3.422 -3.403 -3.381 -3.357 -3.329 -3.298 -3.264 
-3.227 -3.185 -3.140 -3.091 -3.037 -2.978 -2.914 -2.844 -2.767 -2.682 
-2.588 -2.485 -2.370 -2.243 -2.104 -1.962 -1.836 -1.738 -1.666 -1.625 
-1.628 -1.674 -1.747 -1.831 -1.915 -1.992 -2.059 -2.115 -2.161 -2.198 
-2.225 -2.244 -2.255 -2.258 -2.255 -2.244 -2.228 -2.206 -2.179 -2.149 
-2.116 -2.083 -2.061 -2.064 -2.101 -2.162 -2.235 -2.312 -2.390 -2.469 
-2.547 -2.623 -2.697 -2.767 -2.834 -2.897 -2.956 -3.012 -3.063 -3.112 
-3.157 -3.198 -3.237 -3.272 -3.304 -3.334 -3.360 -3.384 -3.405 -3.423 
-3.443 
-3.544 -3.560 -3.569 -3.575 -3.578 -3.579 -3.578 -3.574 -3.567 -3.558 
-3.545 -3.531 -3.513 -3.492 -3.469 -3.442 -3.412 -3.379 -3.342 -3.301 
-3.256 -3.207 -3.153 -3.094 -3.029 -2.957 -2.879 -2.792 -2.695 -2.588 
-2.467 -2.332 -2.181 -2.013 -1.840 -1.687 -1.594 -1.585 -1.645 -1.740 
-1.845 -1.949 -2.047 -2.134 -2.208 -2.269 -2.318 -2.356 -2.383 -2.400 
-2.408 -2.407 -2.396 -2.376 -2.346 -2.305 -2.253 -2.189 -2.112 -2.022 
-1.923 -1.827 -1.756 -1.734 -1.775 -1.872 -2.005 -2.150 -2.291 -2.422 
-2.540 -2.647 -2.744 -2.832 -2.913 -2.986 -3.053 -3.115 -3.171 -3.223 
-3.270 -3.313 -3.352 -3.388 -3.420 -3.449 -3.474 -3.497 -3.517 -3.534 
-3.541 
-3.589 -3.601 -3.612 -3.620 -3.626 -3.629 -3.629 -3.627 -3.622 -3.615 
-3.605 -3.592 -3.576 -3.557 -3.536 -3.511 -3.483 -3.452 -3.417 -3.379 
-3.336 -3.289 -3.238 -3.182 -3.120 -3.052 -2.978 -2.895 -2.804 -2.703 
-2.591 -2.464 -2.322 -2.164 -1.992 -1.819 -1.680 -1.612 -1.629 -1.718 
-1.843 -1.971 -2.087 -2.186 -2.268 -2.336 -2.390 -2.431 -2.463 -2.484 
-2.495 -2.497 -2.490 -2.474 -2.447 -2.411 -2.364 -2.304 -2.232 -2.145 
-2.045 -1.935 -1.827 -1.743 -1.706 -1.737 -1.835 -1.977 -2.135 -2.288 
-2.430 -2.557 -2.672 -2.775 -2.868 -2.953 -3.029 -3.099 -3.162 -3.220 
-3.273 -3.321 -3.365 -3.405 -3.441 -3.473 -3.502 -3.528 -3.550 -3.570 
-3.581 
