IRGRID 64 91
1e+308

0.025 0.03 0.035 0.04 0.045 0.05 0.055 0.06 0.065 0.07
0.075 0.08 0.085 0.09 0.095 0.1 0.11 0.12 0.13 0.14
0.15 0.16 0.17 0.18 0.19 0.2 0.21 0.22 0.23 0.24
0.25 0.26 0.27 0.28 0.29 0.3 0.31 0.32 0.33 0.34
0.35 0.36 0.37 0.38 0.39 0.4 0.41 0.42 0.43 0.44
0.45 0.46 0.47 0.48 0.49 0.5 0.51 0.52 0.53 0.54
0.55 0.56 0.57 0.58
0 4 8 12 16 20 24 28 32 36
40 44 48 52 56 60 64 68 72 76
80 84 88 92 96 100 104 108 112 116
120 124 128 132 136 140 144 148 152 156
160 164 168 172 176 180 184 188 192 196
200 204 208 212 216 220 224 228 232 236
240 244 248 252 256 260 264 268 272 276
280 284 288 292 296 300 304 308 312 316
320 324 328 332 336 340 344 348 352 356
360
-3.180 -3.244 -3.259 -3.272 -3.284 -3.295 -3.305 -3.314 -3.321 -3.328 
-3.334 -3.340 -3.344 -3.348 -3.352 -3.354 -3.357 -3.358 -3.359 -3.360 
-3.359 -3.359 -3.357 -3.355 -3.352 -3.348 -3.343 -3.337 -3.330 -3.321 
-3.312 -3.301 -3.288 -3.274 -3.259 -3.241 -3.221 -3.200 -3.176 -3.150 
-3.121 -3.090 -3.056 -3.018 -2.977 -2.933 -2.884 -2.832 -2.774 -2.711 
-2.642 -2.566 -2.482 -2.389 -2.285 -2.169 -2.039 -1.891 -1.722 -1.525 
-1.305 -1.143 -1.152 -1.338 -1.583 -1.795 -1.964 -2.104 -2.223 -2.326 
-2.416 -2.497 -2.569 -2.635 -2.696 -2.751 -2.802 -2.849 -2.893 -2.933 
-2.971 -3.006 -3.039 -3.070 -3.098 -3.124 -3.148 -3.171 -3.192 -3.211 
-3.176 
-2.925 -2.932 -2.953 -2.972 -2.989 -3.004 -3.018 -3.030 -3.040 -3.048 
-3.054 -3.058 -3.059 -3.059 -3.056 -3.050 -3.042 -3.031 -3.016 -2.998 
-2.977 -2.952 -2.922 -2.888 -2.850 -2.808 -2.762 -2.712 -2.661 -2.611 
-2.565 -2.526 -2.497 -2.480 -2.475 -2.480 -2.489 -2.501 -2.512 -2.520 
-2.522 -2.519 -2.509 -2.493 -2.471 -2.442 -2.406 -2.363 -2.314 -2.258 
-2.195 -2.124 -2.044 -1.955 -1.857 -1.749 -1.631 -1.506 -1.382 -1.271 
-1.186 -1.135 -1.154 -1.241 -1.358 -1.489 -1.617 -1.734 -1.840 -1.934 
-2.020 -2.098 -2.169 -2.235 -2.296 -2.353 -2.406 -2.456 -2.504 -2.549 
-2.591 -2.631 -2.669 -2.705 -2.740 -2.772 -2.803 -2.832 -2.860 -2.885 
-2.916 
-2.511 -2.579 -2.584 -2.586 -2.586 -2.584 -2.579 -2.572 -2.562 -2.550 
-2.535 -2.517 -2.498 -2.475 -2.450 -2.423 -2.392 -2.360 -2.324 -2.286 
-2.246 -2.202 -2.157 -2.109 -2.059 -2.007 -1.954 -1.900 -1.847 -1.797 
-1.753 -1.717 -1.692 -1.679 -1.678 -1.687 -1.704 -1.725 -1.747 -1.769 
-1.789 -1.806 -1.819 -1.828 -1.832 -1.832 -1.826 -1.814 -1.797 -1.774 
-1.744 -1.707 -1.662 -1.609 -1.546 -1.472 -1.385 -1.285 -1.171 -1.043 
-0.910 -0.788 -0.715 -0.731 -0.833 -0.984 -1.147 -1.303 -1.443 -1.569 
-1.680 -1.780 -1.869 -1.950 -2.023 -2.089 -2.149 -2.203 -2.253 -2.299 
-2.340 -2.377 -2.411 -2.441 -2.469 -2.493 -2.514 -2.532 -2.548 -2.561 
-2.510 
-2.067 -2.039 -2.044 -2.046 -2.046 -2.043 -2.038 -2.031 -2.021 -2.009 
-1.995 -1.979 -1.960 -1.940 -1.917 -1.892 -1.866 -1.837 -1.807 -1.776 
-1.743 -1.709 -1.674 -1.639 -1.604 -1.570 -1.537 -1.506 -1.476 -1.450 
-1.427 -1.408 -1.392 -1.380 -1.371 -1.364 -1.359 -1.353 -1.347 -1.338 
-1.328 -1.314 -1.299 -1.281 -1.263 -1.243 -1.222 -1.200 -1.176 -1.148 
-1.116 -1.079 -1.035 -0.982 -0.918 -0.844 -0.754 -0.648 -0.522 -0.373 
-0.201 -0.028 0.022 -0.100 -0.265 -0.441 -0.614 -0.771 -0.912 -1.038 
-1.149 -1.249 -1.338 -1.419 -1.492 -1.558 -1.618 -1.672 -1.722 -1.767 
-1.808 -1.845 -1.878 -1.908 -1.934 -1.958 -1.978 -1.996 -2.010 -2.023 
-2.064 
-1.778 -1.876 -1.888 -1.899 -1.908 -1.916 -1.922 -1.926 -1.929 -1.930 
-1.930 -1.928 -1.925 -1.921 -1.915 -1.907 -1.898 -1.887 -1.875 -1.861 
-1.846 -1.829 -1.810 -1.790 -1.768 -1.745 -1.720 -1.694 -1.666 -1.637 
-1.607 -1.574 -1.540 -1.503 -1.463 -1.420 -1.373 -1.323 -1.270 -1.215 
-1.159 -1.103 -1.049 -0.999 -0.953 -0.913 -0.878 -0.847 -0.818 -0.789 
-0.758 -0.722 -0.679 -0.626 -0.562 -0.482 -0.384 -0.260 -0.103 0.098 
0.346 0.589 0.675 0.467 0.161 -0.109 -0.330 -0.512 -0.667 -0.800 
-0.916 -1.018 -1.110 -1.192 -1.266 -1.334 -1.395 -1.451 -1.503 -1.550 
-1.593 -1.632 -1.668 -1.701 -1.731 -1.759 -1.784 -1.806 -1.827 -1.845 
-1.776 
-1.157 -1.176 -1.194 -1.211 -1.226 -1.239 -1.251 -1.262 -1.271 -1.279 
-1.285 -1.291 -1.295 -1.298 -1.301 -1.302 -1.302 -1.302 -1.301 -1.299 
-1.296 -1.292 -1.287 -1.282 -1.275 -1.268 -1.259 -1.249 -1.239 -1.227 
-1.213 -1.199 -1.182 -1.164 -1.144 -1.123 -1.099 -1.073 -1.044 -1.013 
-0.979 -0.943 -0.904 -0.862 -0.817 -0.769 -0.718 -0.661 -0.599 -0.529 
-0.450 -0.360 -0.256 -0.134 0.011 0.186 0.391 0.604 0.734 0.760 
0.850 1.032 1.120 0.969 0.704 0.453 0.255 0.100 -0.027 -0.133 
-0.224 -0.305 -0.378 -0.445 -0.508 -0.567 -0.624 -0.678 -0.729 -0.779 
-0.825 -0.869 -0.911 -0.950 -0.987 -1.021 -1.052 -1.082 -1.108 -1.133 
-1.152 
-0.968 -0.971 -1.008 -1.042 -1.073 -1.103 -1.130 -1.155 -1.178 -1.198 
-1.217 -1.234 -1.248 -1.261 -1.272 -1.281 -1.288 -1.293 -1.296 -1.298 
-1.297 -1.295 -1.291 -1.285 -1.277 -1.267 -1.256 -1.242 -1.226 -1.208 
-1.188 -1.166 -1.141 -1.114 -1.084 -1.052 -1.016 -0.978 -0.936 -0.891 
-0.843 -0.790 -0.733 -0.671 -0.604 -0.532 -0.453 -0.367 -0.272 -0.168 
-0.053 0.077 0.222 0.389 0.582 0.803 1.043 1.250 1.344 1.295 
1.203 1.114 0.991 0.822 0.665 0.545 0.452 0.374 0.308 0.248 
0.191 0.134 0.077 0.017 -0.044 -0.106 -0.169 -0.233 -0.296 -0.358 
-0.420 -0.480 -0.539 -0.596 -0.651 -0.703 -0.754 -0.802 -0.848 -0.892 
-0.951 
-1.253 -1.327 -1.373 -1.415 -1.455 -1.491 -1.525 -1.556 -1.585 -1.612 
-1.635 -1.657 -1.676 -1.693 -1.708 -1.720 -1.731 -1.739 -1.745 -1.749 
-1.751 -1.751 -1.749 -1.744 -1.738 -1.729 -1.718 -1.705 -1.690 -1.672 
-1.652 -1.629 -1.604 -1.577 -1.547 -1.514 -1.478 -1.439 -1.397 -1.351 
-1.302 -1.250 -1.193 -1.131 -1.065 -0.993 -0.916 -0.832 -0.741 -0.641 
-0.531 -0.409 -0.273 -0.120 0.056 0.259 0.493 0.746 0.994 1.325 
1.338 1.324 1.147 0.923 0.744 0.612 0.516 0.442 0.382 0.330 
0.278 0.222 0.159 0.087 0.006 -0.083 -0.180 -0.280 -0.382 -0.481 
-0.577 -0.667 -0.753 -0.834 -0.910 -0.982 -1.049 -1.112 -1.171 -1.227 
-1.240 
-1.408 -1.447 -1.499 -1.548 -1.593 -1.635 -1.673 -1.708 -1.741 -1.770 
-1.797 -1.821 -1.843 -1.862 -1.878 -1.892 -1.904 -1.914 -1.921 -1.926 
-1.928 -1.929 -1.927 -1.922 -1.916 -1.907 -1.896 -1.882 -1.867 -1.848 
-1.827 -1.804 -1.778 -1.749 -1.717 -1.682 -1.644 -1.603 -1.558 -1.510 
-1.458 -1.401 -1.340 -1.275 -1.204 -1.128 -1.046 -0.957 -0.862 -0.759 
-0.649 -0.530 -0.402 -0.263 -0.104 0.087 0.340 0.717 1.271 1.637 
1.410 1.059 0.766 0.568 0.443 0.367 0.322 0.287 0.247 0.203 
0.163 0.134 0.110 0.084 0.045 -0.013 -0.094 -0.194 -0.306 -0.422 
-0.538 -0.650 -0.756 -0.856 -0.950 -1.037 -1.118 -1.194 -1.264 -1.329 
-1.386 
-1.419 -1.482 -1.524 -1.562 -1.598 -1.630 -1.659 -1.686 -1.710 -1.731 
-1.750 -1.767 -1.781 -1.792 -1.801 -1.808 -1.813 -1.815 -1.816 -1.813 
-1.809 -1.802 -1.794 -1.782 -1.769 -1.753 -1.735 -1.714 -1.691 -1.665 
-1.637 -1.606 -1.572 -1.535 -1.495 -1.452 -1.405 -1.355 -1.301 -1.244 
-1.182 -1.116 -1.045 -0.969 -0.889 -0.803 -0.711 -0.615 -0.513 -0.408 
-0.300 -0.191 -0.086 0.012 0.100 0.181 0.262 0.371 0.601 1.059 
0.760 0.605 0.557 0.539 0.547 0.571 0.592 0.584 0.530 0.433 
0.311 0.188 0.075 -0.026 -0.120 -0.215 -0.315 -0.420 -0.525 -0.630 
-0.730 -0.825 -0.915 -0.998 -1.076 -1.148 -1.214 -1.276 -1.334 -1.387 
-1.408 
-1.269 -1.289 -1.341 -1.390 -1.435 -1.477 -1.515 -1.551 -1.584 -1.614 
-1.641 -1.666 -1.688 -1.708 -1.725 -1.740 -1.753 -1.763 -1.772 -1.777 
-1.781 -1.783 -1.782 -1.779 -1.774 -1.766 -1.757 -1.745 -1.730 -1.714 
-1.695 -1.673 -1.649 -1.622 -1.592 -1.560 -1.525 -1.486 -1.444 -1.399 
-1.350 -1.297 -1.241 -1.179 -1.113 -1.042 -0.966 -0.884 -0.796 -0.701 
-0.601 -0.494 -0.381 -0.262 -0.136 0.001 0.156 0.335 0.544 0.775 
0.970 0.997 0.911 0.799 0.692 0.607 0.543 0.491 0.440 0.389 
0.342 0.300 0.258 0.211 0.152 0.079 -0.008 -0.106 -0.210 -0.317 
-0.423 -0.526 -0.625 -0.718 -0.807 -0.890 -0.968 -1.041 -1.110 -1.174 
-1.244 
-1.348 -1.424 -1.472 -1.517 -1.558 -1.597 -1.632 -1.665 -1.695 -1.722 
-1.747 -1.769 -1.789 -1.807 -1.822 -1.835 -1.846 -1.854 -1.860 -1.865 
-1.866 -1.866 -1.864 -1.859 -1.853 -1.844 -1.833 -1.819 -1.804 -1.786 
-1.766 -1.743 -1.718 -1.690 -1.659 -1.626 -1.590 -1.550 -1.508 -1.462 
-1.413 -1.360 -1.303 -1.241 -1.175 -1.104 -1.027 -0.944 -0.854 -0.756 
-0.649 -0.532 -0.402 -0.257 -0.093 0.094 0.313 0.572 0.865 1.144 
1.329 1.305 1.126 0.920 0.751 0.618 0.511 0.420 0.338 0.260 
0.184 0.109 0.035 -0.040 -0.116 -0.193 -0.273 -0.357 -0.444 -0.534 
-0.626 -0.718 -0.807 -0.894 -0.975 -1.053 -1.125 -1.193 -1.257 -1.317 
-1.337 
-1.238 -1.260 -1.314 -1.364 -1.410 -1.452 -1.490 -1.524 -1.555 -1.582 
-1.607 -1.628 -1.646 -1.661 -1.673 -1.683 -1.690 -1.695 -1.698 -1.698 
-1.696 -1.692 -1.686 -1.679 -1.669 -1.659 -1.647 -1.633 -1.618 -1.602 
-1.585 -1.566 -1.546 -1.524 -1.501 -1.476 -1.448 -1.418 -1.386 -1.350 
-1.311 -1.269 -1.222 -1.171 -1.115 -1.054 -0.986 -0.911 -0.828 -0.735 
-0.632 -0.516 -0.384 -0.232 -0.055 0.155 0.404 0.678 0.908 1.073 
1.153 0.874 0.632 0.442 0.299 0.191 0.107 0.043 -0.008 -0.048 
-0.076 -0.095 -0.106 -0.110 -0.112 -0.118 -0.134 -0.165 -0.215 -0.283 
-0.366 -0.457 -0.552 -0.648 -0.741 -0.830 -0.915 -0.994 -1.068 -1.137 
-1.211 
-1.427 -1.456 -1.473 -1.487 -1.497 -1.505 -1.509 -1.511 -1.511 -1.508 
-1.504 -1.497 -1.489 -1.478 -1.467 -1.453 -1.439 -1.423 -1.407 -1.389 
-1.371 -1.352 -1.333 -1.313 -1.293 -1.273 -1.254 -1.234 -1.215 -1.195 
-1.176 -1.157 -1.138 -1.119 -1.099 -1.078 -1.056 -1.032 -1.006 -0.977 
-0.945 -0.908 -0.865 -0.815 -0.757 -0.689 -0.612 -0.527 -0.441 -0.365 
-0.306 -0.260 -0.213 -0.149 -0.055 0.077 0.263 0.525 0.919 1.320 
1.460 1.080 0.590 0.320 0.175 0.072 -0.050 -0.189 -0.319 -0.427 
-0.512 -0.576 -0.624 -0.660 -0.687 -0.711 -0.738 -0.775 -0.823 -0.882 
-0.948 -1.018 -1.086 -1.149 -1.208 -1.260 -1.306 -1.346 -1.381 -1.410 
-1.425 
-1.711 -1.752 -1.774 -1.794 -1.811 -1.825 -1.837 -1.847 -1.853 -1.858 
-1.860 -1.861 -1.859 -1.855 -1.848 -1.840 -1.830 -1.819 -1.805 -1.790 
-1.773 -1.754 -1.734 -1.712 -1.688 -1.663 -1.636 -1.607 -1.577 -1.544 
-1.509 -1.471 -1.430 -1.385 -1.337 -1.284 -1.227 -1.163 -1.093 -1.016 
-0.931 -0.838 -0.735 -0.622 -0.499 -0.367 -0.230 -0.096 0.022 0.109 
0.155 0.163 0.148 0.128 0.124 0.159 0.262 0.420 0.491 0.701 
0.877 0.487 0.411 0.450 0.500 0.496 0.406 0.251 0.077 -0.086 
-0.228 -0.356 -0.477 -0.595 -0.710 -0.821 -0.924 -1.020 -1.109 -1.189 
-1.263 -1.331 -1.393 -1.449 -1.501 -1.548 -1.591 -1.630 -1.666 -1.698 
-1.703 
-1.635 -1.693 -1.733 -1.769 -1.803 -1.834 -1.862 -1.887 -1.910 -1.931 
-1.949 -1.965 -1.978 -1.990 -1.999 -2.005 -2.010 -2.012 -2.012 -2.010 
-2.006 -1.999 -1.991 -1.980 -1.966 -1.950 -1.932 -1.911 -1.888 -1.862 
-1.833 -1.801 -1.766 -1.727 -1.686 -1.640 -1.590 -1.536 -1.478 -1.414 
-1.344 -1.268 -1.184 -1.092 -0.992 -0.883 -0.766 -0.645 -0.528 -0.424 
-0.339 -0.260 -0.164 -0.031 0.157 0.408 0.698 0.915 0.928 0.778 
0.593 0.443 0.341 0.281 0.250 0.220 0.170 0.115 0.073 0.040 
0.002 -0.053 -0.131 -0.230 -0.343 -0.462 -0.581 -0.696 -0.805 -0.906 
-1.001 -1.089 -1.171 -1.247 -1.318 -1.384 -1.445 -1.503 -1.556 -1.605 
-1.622 
-1.398 -1.401 -1.435 -1.466 -1.495 -1.521 -1.546 -1.568 -1.588 -1.606 
-1.622 -1.636 -1.648 -1.658 -1.666 -1.672 -1.676 -1.678 -1.678 -1.676 
-1.672 -1.666 -1.658 -1.648 -1.636 -1.622 -1.605 -1.586 -1.565 -1.542 
-1.516 -1.488 -1.457 -1.423 -1.387 -1.347 -1.305 -1.259 -1.209 -1.156 
-1.099 -1.037 -0.970 -0.898 -0.820 -0.735 -0.642 -0.540 -0.427 -0.302 
-0.163 -0.012 0.141 0.281 0.412 0.561 0.743 0.919 0.993 0.950 
0.835 0.694 0.561 0.449 0.356 0.278 0.206 0.134 0.059 -0.017 
-0.093 -0.171 -0.252 -0.336 -0.419 -0.502 -0.581 -0.657 -0.729 -0.798 
-0.864 -0.927 -0.987 -1.044 -1.097 -1.149 -1.197 -1.243 -1.286 -1.327 
-1.383 
-1.554 -1.600 -1.632 -1.661 -1.687 -1.711 -1.733 -1.752 -1.769 -1.783 
-1.796 -1.806 -1.814 -1.819 -1.823 -1.824 -1.823 -1.820 -1.815 -1.807 
-1.798 -1.786 -1.771 -1.755 -1.736 -1.714 -1.690 -1.663 -1.634 -1.601 
-1.566 -1.527 -1.485 -1.440 -1.391 -1.338 -1.280 -1.218 -1.151 -1.078 
-0.998 -0.912 -0.816 -0.712 -0.595 -0.464 -0.316 -0.146 0.048 0.245 
0.385 0.475 0.570 0.640 0.654 0.625 0.591 0.582 0.583 0.549 
0.492 0.446 0.424 0.423 0.432 0.439 0.433 0.398 0.316 0.188 
0.040 -0.108 -0.247 -0.377 -0.496 -0.606 -0.707 -0.800 -0.887 -0.968 
-1.043 -1.113 -1.178 -1.239 -1.296 -1.349 -1.399 -1.446 -1.489 -1.529 
-1.544 
-1.587 -1.622 -1.652 -1.679 -1.703 -1.725 -1.743 -1.760 -1.774 -1.786 
-1.795 -1.802 -1.806 -1.809 -1.809 -1.807 -1.802 -1.796 -1.786 -1.775 
-1.761 -1.745 -1.726 -1.705 -1.681 -1.655 -1.625 -1.593 -1.558 -1.520 
-1.478 -1.433 -1.384 -1.331 -1.274 -1.212 -1.145 -1.073 -0.994 -0.908 
-0.815 -0.712 -0.598 -0.470 -0.326 -0.161 0.031 0.252 0.489 0.682 
0.753 0.688 0.572 0.470 0.387 0.311 0.248 0.203 0.177 0.170 
0.181 0.209 0.253 0.312 0.385 0.467 0.546 0.585 0.542 0.410 
0.227 0.036 -0.143 -0.304 -0.447 -0.576 -0.692 -0.797 -0.893 -0.980 
-1.061 -1.135 -1.203 -1.266 -1.324 -1.378 -1.427 -1.473 -1.515 -1.554 
-1.576 
-1.523 -1.523 -1.549 -1.572 -1.593 -1.611 -1.627 -1.641 -1.652 -1.661 
-1.668 -1.673 -1.675 -1.675 -1.674 -1.669 -1.663 -1.655 -1.644 -1.631 
-1.616 -1.598 -1.579 -1.556 -1.531 -1.504 -1.474 -1.441 -1.406 -1.368 
-1.326 -1.281 -1.233 -1.182 -1.126 -1.067 -1.003 -0.935 -0.861 -0.782 
-0.696 -0.602 -0.501 -0.393 -0.285 -0.191 -0.113 -0.028 0.082 0.206 
0.266 0.232 0.183 0.155 0.143 0.142 0.150 0.165 0.188 0.220 
0.258 0.302 0.347 0.387 0.416 0.425 0.407 0.352 0.256 0.121 
-0.027 -0.170 -0.302 -0.422 -0.533 -0.634 -0.727 -0.813 -0.893 -0.966 
-1.035 -1.098 -1.157 -1.211 -1.262 -1.309 -1.352 -1.392 -1.429 -1.464 
-1.511 
-1.768 -1.834 -1.859 -1.882 -1.902 -1.920 -1.935 -1.947 -1.957 -1.965 
-1.970 -1.973 -1.973 -1.971 -1.967 -1.960 -1.951 -1.940 -1.925 -1.909 
-1.890 -1.868 -1.843 -1.815 -1.785 -1.751 -1.714 -1.673 -1.629 -1.581 
-1.529 -1.472 -1.410 -1.342 -1.268 -1.187 -1.098 -1.000 -0.891 -0.770 
-0.635 -0.486 -0.326 -0.166 -0.031 0.049 0.070 0.070 0.095 0.073 
-0.038 -0.142 -0.212 -0.256 -0.281 -0.292 -0.291 -0.278 -0.253 -0.216 
-0.164 -0.098 -0.015 0.082 0.185 0.265 0.269 0.174 0.016 -0.152 
-0.301 -0.427 -0.542 -0.653 -0.765 -0.873 -0.976 -1.072 -1.161 -1.243 
-1.318 -1.388 -1.451 -1.510 -1.564 -1.613 -1.659 -1.700 -1.738 -1.773 
-1.762 
-1.719 -1.736 -1.771 -1.803 -1.832 -1.858 -1.882 -1.902 -1.920 -1.935 
-1.947 -1.957 -1.965 -1.970 -1.972 -1.972 -1.970 -1.965 -1.957 -1.947 
-1.935 -1.919 -1.901 -1.881 -1.857 -1.831 -1.801 -1.768 -1.732 -1.692 
-1.648 -1.600 -1.548 -1.491 -1.428 -1.359 -1.284 -1.201 -1.109 -1.007 
-0.894 -0.766 -0.623 -0.466 -0.298 -0.123 0.076 0.306 0.499 0.540 
0.409 0.208 0.022 -0.127 -0.242 -0.330 -0.397 -0.444 -0.476 -0.492 
-0.492 -0.478 -0.445 -0.394 -0.324 -0.250 -0.213 -0.227 -0.243 -0.239 
-0.228 -0.234 -0.270 -0.340 -0.434 -0.544 -0.658 -0.770 -0.877 -0.978 
-1.072 -1.159 -1.239 -1.314 -1.383 -1.446 -1.505 -1.559 -1.609 -1.655 
-1.704 
-1.729 -1.767 -1.803 -1.836 -1.865 -1.892 -1.916 -1.938 -1.956 -1.973 
-1.986 -1.998 -2.006 -2.013 -2.017 -2.018 -2.017 -2.014 -2.008 -2.000 
-1.990 -1.976 -1.961 -1.942 -1.921 -1.897 -1.870 -1.840 -1.807 -1.770 
-1.730 -1.686 -1.638 -1.586 -1.528 -1.466 -1.398 -1.323 -1.241 -1.150 
-1.050 -0.939 -0.814 -0.673 -0.512 -0.328 -0.119 0.108 0.311 0.393 
0.314 0.149 -0.028 -0.181 -0.305 -0.405 -0.483 -0.545 -0.592 -0.627 
-0.650 -0.663 -0.667 -0.661 -0.648 -0.626 -0.598 -0.564 -0.529 -0.497 
-0.477 -0.479 -0.508 -0.562 -0.633 -0.714 -0.800 -0.886 -0.972 -1.056 
-1.137 -1.214 -1.287 -1.356 -1.421 -1.482 -1.539 -1.591 -1.641 -1.686 
-1.716 
-1.723 -1.746 -1.779 -1.808 -1.835 -1.858 -1.879 -1.897 -1.912 -1.925 
-1.935 -1.943 -1.948 -1.950 -1.951 -1.948 -1.943 -1.936 -1.926 -1.914 
-1.899 -1.881 -1.861 -1.838 -1.812 -1.783 -1.751 -1.715 -1.677 -1.634 
-1.588 -1.538 -1.483 -1.424 -1.360 -1.290 -1.215 -1.134 -1.046 -0.951 
-0.849 -0.739 -0.620 -0.492 -0.353 -0.207 -0.065 0.052 0.120 0.123 
0.046 -0.069 -0.178 -0.269 -0.339 -0.391 -0.427 -0.447 -0.454 -0.448 
-0.433 -0.412 -0.394 -0.382 -0.379 -0.375 -0.361 -0.334 -0.298 -0.265 
-0.249 -0.263 -0.315 -0.397 -0.500 -0.612 -0.725 -0.834 -0.936 -1.032 
-1.121 -1.204 -1.280 -1.350 -1.415 -1.475 -1.530 -1.581 -1.628 -1.671 
-1.710 
-1.770 -1.794 -1.815 -1.832 -1.847 -1.859 -1.869 -1.877 -1.882 -1.885 
-1.885 -1.883 -1.879 -1.872 -1.863 -1.852 -1.838 -1.822 -1.804 -1.782 
-1.759 -1.732 -1.703 -1.671 -1.636 -1.598 -1.557 -1.512 -1.464 -1.412 
-1.357 -1.298 -1.234 -1.166 -1.094 -1.017 -0.936 -0.851 -0.763 -0.673 
-0.583 -0.495 -0.413 -0.341 -0.280 -0.230 -0.191 -0.163 -0.157 -0.175 
-0.205 -0.233 -0.253 -0.262 -0.261 -0.249 -0.227 -0.194 -0.153 -0.105 
-0.055 -0.013 0.010 0.002 -0.041 -0.114 -0.204 -0.297 -0.385 -0.464 
-0.537 -0.612 -0.695 -0.787 -0.883 -0.977 -1.066 -1.150 -1.226 -1.297 
-1.362 -1.421 -1.475 -1.525 -1.571 -1.613 -1.651 -1.686 -1.718 -1.746 
-1.763 
-1.772 -1.789 -1.810 -1.828 -1.844 -1.857 -1.868 -1.876 -1.882 -1.886 
-1.887 -1.886 -1.882 -1.876 -1.868 -1.857 -1.843 -1.828 -1.809 -1.788 
-1.765 -1.739 -1.710 -1.678 -1.643 -1.604 -1.563 -1.518 -1.470 -1.418 
-1.362 -1.303 -1.239 -1.172 -1.101 -1.027 -0.951 -0.873 -0.797 -0.724 
-0.656 -0.597 -0.548 -0.511 -0.487 -0.478 -0.480 -0.492 -0.509 -0.528 
-0.546 -0.562 -0.573 -0.578 -0.578 -0.570 -0.554 -0.532 -0.501 -0.464 
-0.423 -0.381 -0.344 -0.320 -0.309 -0.311 -0.325 -0.353 -0.397 -0.455 
-0.525 -0.606 -0.695 -0.788 -0.882 -0.973 -1.058 -1.139 -1.213 -1.283 
-1.347 -1.406 -1.461 -1.511 -1.558 -1.601 -1.640 -1.676 -1.708 -1.738 
-1.764 
-1.754 -1.789 -1.814 -1.836 -1.855 -1.871 -1.885 -1.895 -1.904 -1.909 
-1.912 -1.912 -1.910 -1.905 -1.898 -1.887 -1.875 -1.859 -1.841 -1.819 
-1.795 -1.768 -1.737 -1.704 -1.666 -1.626 -1.581 -1.533 -1.480 -1.424 
-1.362 -1.297 -1.227 -1.153 -1.077 -0.999 -0.922 -0.849 -0.786 -0.737 
-0.705 -0.689 -0.689 -0.700 -0.719 -0.743 -0.771 -0.802 -0.832 -0.862 
-0.888 -0.912 -0.930 -0.944 -0.953 -0.955 -0.952 -0.943 -0.927 -0.905 
-0.876 -0.841 -0.800 -0.754 -0.703 -0.651 -0.599 -0.549 -0.507 -0.478 
-0.472 -0.498 -0.555 -0.637 -0.732 -0.832 -0.930 -1.023 -1.111 -1.193 
-1.269 -1.339 -1.403 -1.463 -1.517 -1.568 -1.614 -1.656 -1.694 -1.729 
-1.745 
-1.658 -1.669 -1.697 -1.722 -1.745 -1.765 -1.782 -1.797 -1.809 -1.819 
-1.827 -1.831 -1.834 -1.834 -1.832 -1.827 -1.820 -1.810 -1.798 -1.783 
-1.766 -1.746 -1.724 -1.698 -1.670 -1.639 -1.605 -1.567 -1.526 -1.482 
-1.435 -1.383 -1.328 -1.270 -1.208 -1.143 -1.075 -1.008 -0.941 -0.877 
-0.818 -0.766 -0.721 -0.685 -0.660 -0.646 -0.645 -0.654 -0.671 -0.694 
-0.719 -0.745 -0.770 -0.792 -0.811 -0.826 -0.836 -0.841 -0.842 -0.838 
-0.829 -0.815 -0.797 -0.775 -0.748 -0.719 -0.688 -0.658 -0.631 -0.611 
-0.605 -0.617 -0.646 -0.691 -0.746 -0.810 -0.877 -0.947 -1.017 -1.085 
-1.152 -1.215 -1.276 -1.333 -1.386 -1.436 -1.483 -1.527 -1.567 -1.604 
-1.646 
-1.780 -1.807 -1.836 -1.862 -1.886 -1.907 -1.925 -1.941 -1.954 -1.965 
-1.973 -1.978 -1.982 -1.982 -1.981 -1.977 -1.970 -1.961 -1.950 -1.936 
-1.920 -1.901 -1.879 -1.855 -1.827 -1.797 -1.764 -1.728 -1.689 -1.647 
-1.601 -1.551 -1.498 -1.440 -1.379 -1.313 -1.242 -1.167 -1.086 -1.004 
-0.925 -0.863 -0.828 -0.817 -0.819 -0.827 -0.839 -0.854 -0.873 -0.895 
-0.917 -0.939 -0.959 -0.977 -0.991 -1.001 -1.007 -1.008 -1.004 -0.995 
-0.981 -0.962 -0.938 -0.909 -0.876 -0.839 -0.799 -0.761 -0.727 -0.704 
-0.695 -0.703 -0.728 -0.770 -0.825 -0.890 -0.962 -1.037 -1.113 -1.187 
-1.259 -1.328 -1.392 -1.453 -1.510 -1.563 -1.612 -1.658 -1.700 -1.739 
-1.769 
-2.028 -2.066 -2.092 -2.114 -2.133 -2.150 -2.163 -2.174 -2.183 -2.188 
-2.192 -2.192 -2.190 -2.186 -2.178 -2.168 -2.156 -2.141 -2.122 -2.101 
-2.077 -2.050 -2.020 -1.986 -1.948 -1.907 -1.861 -1.812 -1.757 -1.697 
-1.631 -1.560 -1.481 -1.394 -1.298 -1.192 -1.076 -0.949 -0.815 -0.681 
-0.565 -0.488 -0.468 -0.503 -0.576 -0.664 -0.751 -0.830 -0.899 -0.958 
-1.006 -1.046 -1.077 -1.100 -1.115 -1.123 -1.123 -1.115 -1.100 -1.077 
-1.046 -1.008 -0.962 -0.910 -0.854 -0.798 -0.746 -0.705 -0.679 -0.677 
-0.704 -0.761 -0.839 -0.931 -1.028 -1.125 -1.220 -1.310 -1.396 -1.475 
-1.550 -1.619 -1.682 -1.741 -1.796 -1.846 -1.892 -1.934 -1.972 -2.007 
-2.020 
-2.109 -2.143 -2.165 -2.184 -2.201 -2.215 -2.226 -2.234 -2.240 -2.244 
-2.245 -2.243 -2.239 -2.232 -2.223 -2.211 -2.196 -2.179 -2.158 -2.135 
-2.109 -2.080 -2.048 -2.012 -1.973 -1.930 -1.883 -1.831 -1.775 -1.714 
-1.648 -1.575 -1.496 -1.410 -1.316 -1.213 -1.102 -0.981 -0.853 -0.723 
-0.600 -0.504 -0.451 -0.449 -0.492 -0.561 -0.641 -0.719 -0.790 -0.850 
-0.901 -0.941 -0.971 -0.992 -1.003 -1.005 -0.999 -0.983 -0.959 -0.925 
-0.884 -0.834 -0.779 -0.723 -0.672 -0.636 -0.626 -0.645 -0.692 -0.760 
-0.840 -0.927 -1.016 -1.105 -1.194 -1.281 -1.367 -1.449 -1.528 -1.601 
-1.670 -1.734 -1.793 -1.847 -1.897 -1.943 -1.985 -2.023 -2.058 -2.090 
-2.102 
-1.995 -2.014 -2.044 -2.072 -2.096 -2.117 -2.135 -2.150 -2.163 -2.172 
-2.179 -2.183 -2.185 -2.183 -2.179 -2.173 -2.163 -2.151 -2.136 -2.118 
-2.097 -2.074 -2.046 -2.016 -1.982 -1.945 -1.903 -1.858 -1.808 -1.754 
-1.695 -1.630 -1.561 -1.485 -1.403 -1.316 -1.223 -1.126 -1.028 -0.933 
-0.849 -0.783 -0.745 -0.739 -0.760 -0.800 -0.853 -0.914 -0.978 -1.040 
-1.095 -1.143 -1.182 -1.213 -1.237 -1.253 -1.262 -1.263 -1.257 -1.244 
-1.223 -1.196 -1.161 -1.122 -1.081 -1.043 -1.013 -0.993 -0.978 -0.963 
-0.948 -0.936 -0.935 -0.950 -0.985 -1.037 -1.103 -1.178 -1.257 -1.338 
-1.417 -1.493 -1.565 -1.632 -1.695 -1.753 -1.807 -1.856 -1.901 -1.942 
-1.982 
-2.026 -2.051 -2.090 -2.124 -2.155 -2.183 -2.208 -2.230 -2.249 -2.264 
-2.278 -2.288 -2.296 -2.301 -2.303 -2.303 -2.300 -2.294 -2.285 -2.274 
-2.260 -2.243 -2.223 -2.200 -2.174 -2.144 -2.111 -2.074 -2.034 -1.989 
-1.940 -1.886 -1.827 -1.763 -1.693 -1.617 -1.534 -1.445 -1.350 -1.250 
-1.146 -1.041 -0.936 -0.836 -0.753 -0.706 -0.708 -0.755 -0.830 -0.915 
-1.000 -1.079 -1.148 -1.208 -1.259 -1.301 -1.335 -1.361 -1.379 -1.391 
-1.395 -1.393 -1.385 -1.370 -1.348 -1.320 -1.287 -1.247 -1.203 -1.156 
-1.108 -1.064 -1.028 -1.008 -1.007 -1.029 -1.071 -1.129 -1.201 -1.280 
-1.362 -1.444 -1.524 -1.600 -1.672 -1.740 -1.802 -1.861 -1.915 -1.964 
-2.010 
-2.174 -2.234 -2.274 -2.310 -2.342 -2.371 -2.397 -2.420 -2.440 -2.456 
-2.470 -2.481 -2.490 -2.496 -2.499 -2.499 -2.497 -2.492 -2.484 -2.473 
-2.460 -2.444 -2.425 -2.403 -2.377 -2.349 -2.317 -2.281 -2.242 -2.199 
-2.151 -2.098 -2.040 -1.977 -1.907 -1.830 -1.746 -1.652 -1.549 -1.434 
-1.307 -1.167 -1.019 -0.872 -0.748 -0.673 -0.654 -0.680 -0.758 -0.878 
-1.001 -1.109 -1.200 -1.275 -1.337 -1.387 -1.426 -1.456 -1.477 -1.489 
-1.494 -1.491 -1.480 -1.462 -1.435 -1.401 -1.358 -1.308 -1.250 -1.186 
-1.120 -1.058 -1.009 -0.984 -0.989 -1.024 -1.083 -1.165 -1.261 -1.365 
-1.469 -1.568 -1.662 -1.749 -1.830 -1.903 -1.971 -2.034 -2.091 -2.143 
-2.163 
-2.063 -2.103 -2.149 -2.191 -2.229 -2.264 -2.296 -2.324 -2.349 -2.370 
-2.389 -2.405 -2.418 -2.429 -2.437 -2.442 -2.444 -2.444 -2.441 -2.435 
-2.427 -2.415 -2.401 -2.384 -2.364 -2.341 -2.315 -2.286 -2.253 -2.216 
-2.175 -2.130 -2.080 -2.026 -1.965 -1.899 -1.826 -1.745 -1.656 -1.556 
-1.444 -1.319 -1.178 -1.021 -0.852 -0.679 -0.521 -0.425 -0.439 -0.552 
-0.704 -0.851 -0.979 -1.087 -1.176 -1.250 -1.310 -1.359 -1.397 -1.426 
-1.446 -1.458 -1.462 -1.458 -1.447 -1.428 -1.400 -1.365 -1.321 -1.268 
-1.208 -1.141 -1.071 -1.004 -0.947 -0.910 -0.906 -0.943 -1.018 -1.118 
-1.229 -1.340 -1.447 -1.546 -1.638 -1.723 -1.800 -1.872 -1.937 -1.997 
-2.044 
-1.918 -1.952 -1.989 -2.024 -2.056 -2.085 -2.113 -2.137 -2.160 -2.179 
-2.197 -2.212 -2.225 -2.236 -2.244 -2.250 -2.254 -2.255 -2.254 -2.250 
-2.245 -2.236 -2.225 -2.211 -2.195 -2.176 -2.154 -2.129 -2.101 -2.069 
-2.034 -1.995 -1.952 -1.905 -1.852 -1.795 -1.732 -1.663 -1.587 -1.504 
-1.412 -1.310 -1.200 -1.081 -0.955 -0.830 -0.718 -0.645 -0.644 -0.703 
-0.785 -0.870 -0.949 -1.020 -1.082 -1.138 -1.189 -1.236 -1.277 -1.313 
-1.344 -1.370 -1.390 -1.405 -1.414 -1.418 -1.416 -1.410 -1.399 -1.383 
-1.363 -1.340 -1.313 -1.285 -1.258 -1.240 -1.237 -1.256 -1.293 -1.342 
-1.395 -1.451 -1.508 -1.565 -1.620 -1.674 -1.727 -1.777 -1.824 -1.870 
-1.904 
-1.861 -1.863 -1.886 -1.909 -1.931 -1.952 -1.972 -1.991 -2.009 -2.026 
-2.041 -2.055 -2.068 -2.079 -2.088 -2.096 -2.102 -2.106 -2.109 -2.110 
-2.109 -2.106 -2.101 -2.094 -2.085 -2.074 -2.061 -2.045 -2.027 -2.006 
-1.983 -1.957 -1.928 -1.896 -1.861 -1.822 -1.779 -1.732 -1.680 -1.623 
-1.560 -1.490 -1.413 -1.326 -1.230 -1.127 -1.024 -0.940 -0.900 -0.902 
-0.914 -0.920 -0.922 -0.926 -0.938 -0.959 -0.990 -1.027 -1.069 -1.113 
-1.156 -1.197 -1.236 -1.271 -1.303 -1.331 -1.355 -1.376 -1.393 -1.407 
-1.418 -1.427 -1.436 -1.445 -1.456 -1.470 -1.486 -1.506 -1.528 -1.552 
-1.578 -1.604 -1.631 -1.658 -1.685 -1.711 -1.738 -1.763 -1.789 -1.814 
-1.853 
-2.128 -2.179 -2.211 -2.241 -2.268 -2.293 -2.316 -2.337 -2.356 -2.372 
-2.387 -2.399 -2.409 -2.417 -2.423 -2.426 -2.428 -2.427 -2.424 -2.418 
-2.410 -2.400 -2.387 -2.371 -2.353 -2.331 -2.307 -2.280 -2.250 -2.216 
-2.178 -2.137 -2.091 -2.041 -1.985 -1.924 -1.858 -1.784 -1.703 -1.613 
-1.515 -1.406 -1.285 -1.153 -1.009 -0.856 -0.711 -0.609 -0.585 -0.644 
-0.749 -0.861 -0.961 -1.043 -1.111 -1.169 -1.219 -1.263 -1.300 -1.331 
-1.356 -1.374 -1.386 -1.392 -1.392 -1.387 -1.378 -1.366 -1.353 -1.340 
-1.330 -1.324 -1.325 -1.333 -1.351 -1.380 -1.419 -1.468 -1.524 -1.584 
-1.646 -1.708 -1.768 -1.825 -1.880 -1.932 -1.980 -2.026 -2.068 -2.108 
-2.116 
-2.289 -2.321 -2.350 -2.376 -2.400 -2.421 -2.439 -2.455 -2.468 -2.478 
-2.486 -2.492 -2.495 -2.496 -2.494 -2.490 -2.483 -2.474 -2.462 -2.448 
-2.431 -2.411 -2.389 -2.364 -2.336 -2.304 -2.270 -2.232 -2.191 -2.145 
-2.096 -2.043 -1.985 -1.923 -1.855 -1.782 -1.703 -1.618 -1.528 -1.432 
-1.332 -1.231 -1.132 -1.040 -0.963 -0.904 -0.865 -0.848 -0.867 -0.926 
-1.001 -1.074 -1.138 -1.192 -1.237 -1.272 -1.299 -1.318 -1.329 -1.334 
-1.332 -1.324 -1.311 -1.293 -1.272 -1.250 -1.228 -1.210 -1.199 -1.198 
-1.208 -1.232 -1.269 -1.316 -1.373 -1.436 -1.504 -1.574 -1.645 -1.715 
-1.784 -1.850 -1.912 -1.972 -2.027 -2.080 -2.128 -2.173 -2.215 -2.253 
-2.279 
-2.287 -2.313 -2.342 -2.369 -2.393 -2.415 -2.433 -2.449 -2.462 -2.473 
-2.481 -2.487 -2.490 -2.491 -2.489 -2.484 -2.477 -2.468 -2.456 -2.441 
-2.424 -2.403 -2.380 -2.354 -2.325 -2.293 -2.258 -2.219 -2.176 -2.130 
-2.079 -2.025 -1.965 -1.902 -1.833 -1.759 -1.681 -1.598 -1.512 -1.424 
-1.338 -1.259 -1.191 -1.140 -1.109 -1.100 -1.109 -1.136 -1.173 -1.217 
-1.263 -1.308 -1.350 -1.387 -1.418 -1.443 -1.462 -1.475 -1.483 -1.484 
-1.480 -1.470 -1.455 -1.435 -1.412 -1.385 -1.356 -1.328 -1.302 -1.282 
-1.271 -1.271 -1.285 -1.315 -1.358 -1.414 -1.478 -1.547 -1.619 -1.691 
-1.762 -1.829 -1.894 -1.955 -2.012 -2.066 -2.115 -2.162 -2.204 -2.244 
-2.275 
-2.279 -2.307 -2.339 -2.367 -2.393 -2.416 -2.437 -2.455 -2.470 -2.483 
-2.493 -2.501 -2.507 -2.510 -2.511 -2.510 -2.506 -2.499 -2.491 -2.479 
-2.465 -2.449 -2.430 -2.409 -2.384 -2.357 -2.327 -2.293 -2.257 -2.217 
-2.173 -2.126 -2.075 -2.020 -1.960 -1.896 -1.828 -1.754 -1.677 -1.595 
-1.511 -1.425 -1.341 -1.261 -1.189 -1.127 -1.079 -1.049 -1.039 -1.050 
-1.078 -1.117 -1.160 -1.203 -1.243 -1.278 -1.306 -1.329 -1.345 -1.356 
-1.361 -1.360 -1.354 -1.344 -1.330 -1.313 -1.296 -1.280 -1.267 -1.260 
-1.261 -1.273 -1.297 -1.332 -1.378 -1.432 -1.492 -1.556 -1.622 -1.690 
-1.756 -1.821 -1.884 -1.943 -2.000 -2.054 -2.104 -2.151 -2.195 -2.235 
-2.267 
-2.271 -2.305 -2.344 -2.379 -2.411 -2.440 -2.467 -2.491 -2.512 -2.531 
-2.547 -2.560 -2.572 -2.580 -2.586 -2.590 -2.591 -2.590 -2.586 -2.580 
-2.572 -2.560 -2.547 -2.530 -2.511 -2.489 -2.464 -2.437 -2.406 -2.371 
-2.334 -2.293 -2.248 -2.199 -2.145 -2.087 -2.024 -1.956 -1.883 -1.803 
-1.717 -1.626 -1.528 -1.427 -1.323 -1.222 -1.131 -1.059 -1.015 -1.008 
-1.035 -1.087 -1.152 -1.221 -1.286 -1.345 -1.396 -1.440 -1.476 -1.504 
-1.526 -1.541 -1.550 -1.553 -1.551 -1.544 -1.534 -1.521 -1.506 -1.492 
-1.478 -1.468 -1.462 -1.462 -1.470 -1.487 -1.514 -1.551 -1.597 -1.650 
-1.708 -1.769 -1.831 -1.894 -1.954 -2.013 -2.069 -2.123 -2.173 -2.220 
-2.256 
-2.259 -2.288 -2.324 -2.357 -2.388 -2.416 -2.441 -2.464 -2.485 -2.503 
-2.518 -2.532 -2.542 -2.551 -2.557 -2.560 -2.561 -2.560 -2.556 -2.550 
-2.541 -2.530 -2.516 -2.500 -2.480 -2.458 -2.433 -2.405 -2.374 -2.339 
-2.301 -2.259 -2.213 -2.163 -2.109 -2.050 -1.986 -1.916 -1.841 -1.760 
-1.674 -1.582 -1.488 -1.393 -1.302 -1.221 -1.157 -1.116 -1.102 -1.123 
-1.175 -1.244 -1.318 -1.389 -1.454 -1.512 -1.563 -1.608 -1.645 -1.677 
-1.702 -1.723 -1.738 -1.748 -1.755 -1.757 -1.756 -1.752 -1.745 -1.736 
-1.727 -1.717 -1.708 -1.702 -1.699 -1.701 -1.709 -1.723 -1.743 -1.769 
-1.802 -1.840 -1.884 -1.930 -1.978 -2.027 -2.075 -2.122 -2.167 -2.209 
-2.247 
-2.230 -2.286 -2.335 -2.382 -2.426 -2.466 -2.504 -2.539 -2.571 -2.599 
-2.625 -2.648 -2.667 -2.684 -2.698 -2.710 -2.718 -2.724 -2.727 -2.727 
-2.724 -2.719 -2.711 -2.700 -2.686 -2.670 -2.650 -2.627 -2.601 -2.571 
-2.538 -2.501 -2.459 -2.414 -2.364 -2.309 -2.248 -2.181 -2.108 -2.028 
-1.940 -1.843 -1.737 -1.621 -1.497 -1.365 -1.232 -1.115 -1.043 -1.040 
-1.106 -1.211 -1.328 -1.439 -1.538 -1.624 -1.697 -1.760 -1.813 -1.858 
-1.894 -1.923 -1.946 -1.962 -1.973 -1.978 -1.978 -1.972 -1.963 -1.948 
-1.929 -1.907 -1.880 -1.851 -1.820 -1.789 -1.760 -1.736 -1.720 -1.717 
-1.727 -1.752 -1.791 -1.839 -1.893 -1.951 -2.009 -2.067 -2.124 -2.180 
-2.212 
-2.140 -2.147 -2.191 -2.237 -2.282 -2.325 -2.368 -2.408 -2.445 -2.480 
-2.511 -2.540 -2.565 -2.588 -2.607 -2.623 -2.636 -2.646 -2.653 -2.657 
-2.657 -2.654 -2.648 -2.639 -2.626 -2.610 -2.590 -2.567 -2.540 -2.509 
-2.475 -2.437 -2.395 -2.351 -2.305 -2.257 -2.207 -2.156 -2.101 -2.042 
-1.975 -1.898 -1.809 -1.705 -1.587 -1.456 -1.323 -1.208 -1.139 -1.142 
-1.212 -1.321 -1.441 -1.556 -1.660 -1.750 -1.828 -1.894 -1.949 -1.994 
-2.029 -2.055 -2.072 -2.081 -2.080 -2.071 -2.055 -2.033 -2.010 -1.993 
-1.989 -1.997 -2.014 -2.030 -2.041 -2.043 -2.038 -2.027 -2.014 -2.001 
-1.990 -1.981 -1.976 -1.973 -1.974 -1.980 -1.991 -2.010 -2.036 -2.068 
-2.124 
-2.489 -2.562 -2.592 -2.620 -2.647 -2.670 -2.691 -2.709 -2.723 -2.735 
-2.743 -2.748 -2.751 -2.749 -2.745 -2.738 -2.728 -2.714 -2.698 -2.678 
-2.655 -2.629 -2.599 -2.566 -2.530 -2.490 -2.447 -2.401 -2.351 -2.299 
-2.245 -2.189 -2.133 -2.079 -2.028 -1.982 -1.945 -1.917 -1.899 -1.889 
-1.885 -1.883 -1.880 -1.871 -1.853 -1.821 -1.776 -1.727 -1.693 -1.696 
-1.734 -1.783 -1.828 -1.863 -1.888 -1.905 -1.915 -1.917 -1.914 -1.904 
-1.888 -1.866 -1.836 -1.799 -1.755 -1.705 -1.650 -1.597 -1.553 -1.528 
-1.531 -1.566 -1.627 -1.706 -1.793 -1.880 -1.963 -2.039 -2.107 -2.167 
-2.219 -2.263 -2.301 -2.333 -2.362 -2.389 -2.415 -2.442 -2.471 -2.501 
-2.484 
-2.599 -2.626 -2.648 -2.668 -2.686 -2.702 -2.716 -2.728 -2.738 -2.745 
-2.751 -2.754 -2.756 -2.755 -2.752 -2.747 -2.739 -2.730 -2.718 -2.705 
-2.688 -2.670 -2.649 -2.626 -2.600 -2.572 -2.541 -2.508 -2.472 -2.433 
-2.392 -2.349 -2.303 -2.256 -2.208 -2.160 -2.112 -2.065 -2.018 -1.972 
-1.925 -1.878 -1.830 -1.783 -1.737 -1.694 -1.655 -1.622 -1.594 -1.573 
-1.558 -1.550 -1.547 -1.549 -1.553 -1.560 -1.568 -1.577 -1.587 -1.596 
-1.606 -1.616 -1.627 -1.638 -1.650 -1.663 -1.676 -1.690 -1.705 -1.726 
-1.755 -1.794 -1.843 -1.896 -1.951 -2.005 -2.057 -2.107 -2.156 -2.202 
-2.247 -2.290 -2.332 -2.372 -2.410 -2.447 -2.482 -2.515 -2.546 -2.574 
-2.591 
-2.499 -2.508 -2.537 -2.563 -2.588 -2.610 -2.631 -2.649 -2.665 -2.679 
-2.690 -2.700 -2.707 -2.712 -2.715 -2.715 -2.714 -2.710 -2.703 -2.695 
-2.684 -2.671 -2.656 -2.638 -2.618 -2.595 -2.570 -2.543 -2.513 -2.480 
-2.445 -2.408 -2.368 -2.326 -2.282 -2.235 -2.188 -2.139 -2.090 -2.041 
-1.994 -1.949 -1.908 -1.873 -1.843 -1.821 -1.806 -1.798 -1.796 -1.800 
-1.808 -1.820 -1.834 -1.849 -1.864 -1.878 -1.892 -1.905 -1.916 -1.925 
-1.932 -1.938 -1.943 -1.946 -1.949 -1.951 -1.953 -1.955 -1.958 -1.962 
-1.967 -1.973 -1.981 -1.991 -2.002 -2.016 -2.032 -2.052 -2.074 -2.100 
-2.129 -2.160 -2.194 -2.230 -2.266 -2.303 -2.340 -2.376 -2.411 -2.445 
-2.487 
-2.640 -2.668 -2.691 -2.712 -2.731 -2.748 -2.762 -2.774 -2.783 -2.791 
-2.796 -2.798 -2.799 -2.797 -2.793 -2.787 -2.778 -2.767 -2.754 -2.739 
-2.721 -2.702 -2.680 -2.655 -2.629 -2.600 -2.569 -2.537 -2.502 -2.466 
-2.428 -2.389 -2.349 -2.309 -2.268 -2.227 -2.187 -2.147 -2.109 -2.074 
-2.041 -2.012 -1.987 -1.967 -1.952 -1.942 -1.938 -1.937 -1.939 -1.943 
-1.949 -1.955 -1.959 -1.963 -1.964 -1.963 -1.959 -1.952 -1.941 -1.929 
-1.913 -1.896 -1.877 -1.859 -1.842 -1.828 -1.819 -1.816 -1.819 -1.828 
-1.846 -1.870 -1.901 -1.938 -1.979 -2.024 -2.071 -2.119 -2.167 -2.215 
-2.262 -2.308 -2.353 -2.396 -2.438 -2.477 -2.514 -2.550 -2.583 -2.613 
-2.631 
-2.738 -2.775 -2.791 -2.805 -2.817 -2.826 -2.833 -2.837 -2.840 -2.840 
-2.837 -2.832 -2.825 -2.816 -2.804 -2.790 -2.774 -2.755 -2.734 -2.711 
-2.686 -2.658 -2.629 -2.597 -2.564 -2.529 -2.493 -2.457 -2.419 -2.382 
-2.346 -2.311 -2.278 -2.247 -2.219 -2.195 -2.174 -2.156 -2.140 -2.127 
-2.115 -2.104 -2.093 -2.081 -2.067 -2.052 -2.035 -2.017 -1.999 -1.981 
-1.967 -1.957 -1.950 -1.945 -1.941 -1.934 -1.925 -1.911 -1.893 -1.870 
-1.845 -1.818 -1.793 -1.772 -1.758 -1.756 -1.766 -1.790 -1.825 -1.869 
-1.919 -1.972 -2.028 -2.084 -2.139 -2.193 -2.246 -2.297 -2.346 -2.392 
-2.437 -2.479 -2.520 -2.557 -2.593 -2.626 -2.657 -2.685 -2.711 -2.735 
-2.734 
-2.633 -2.632 -2.656 -2.679 -2.699 -2.718 -2.735 -2.749 -2.762 -2.773 
-2.782 -2.789 -2.794 -2.797 -2.799 -2.798 -2.796 -2.791 -2.785 -2.776 
-2.766 -2.754 -2.740 -2.723 -2.705 -2.685 -2.662 -2.638 -2.611 -2.583 
-2.554 -2.522 -2.489 -2.455 -2.419 -2.382 -2.343 -2.302 -2.258 -2.211 
-2.160 -2.106 -2.048 -1.987 -1.923 -1.859 -1.794 -1.734 -1.681 -1.637 
-1.607 -1.592 -1.591 -1.603 -1.624 -1.651 -1.682 -1.715 -1.746 -1.776 
-1.802 -1.825 -1.846 -1.863 -1.880 -1.897 -1.915 -1.935 -1.957 -1.980 
-2.004 -2.028 -2.052 -2.077 -2.103 -2.130 -2.158 -2.187 -2.218 -2.250 
-2.283 -2.317 -2.351 -2.386 -2.420 -2.454 -2.487 -2.519 -2.549 -2.578 
-2.621 
-2.735 -2.773 -2.780 -2.787 -2.792 -2.796 -2.798 -2.800 -2.801 -2.801 
-2.799 -2.797 -2.795 -2.791 -2.787 -2.782 -2.777 -2.771 -2.765 -2.758 
-2.750 -2.742 -2.733 -2.723 -2.713 -2.701 -2.689 -2.675 -2.661 -2.644 
-2.627 -2.607 -2.586 -2.562 -2.537 -2.509 -2.478 -2.444 -2.408 -2.368 
-2.324 -2.277 -2.226 -2.172 -2.114 -2.053 -1.991 -1.930 -1.874 -1.827 
-1.792 -1.770 -1.762 -1.764 -1.776 -1.798 -1.829 -1.868 -1.913 -1.962 
-2.012 -2.061 -2.110 -2.156 -2.199 -2.239 -2.277 -2.311 -2.342 -2.372 
-2.399 -2.424 -2.448 -2.471 -2.493 -2.515 -2.536 -2.557 -2.577 -2.597 
-2.617 -2.635 -2.653 -2.671 -2.687 -2.703 -2.717 -2.731 -2.743 -2.754 
-2.735 
-2.637 -2.630 -2.646 -2.661 -2.676 -2.691 -2.705 -2.718 -2.731 -2.742 
-2.753 -2.762 -2.770 -2.776 -2.782 -2.785 -2.788 -2.789 -2.788 -2.786 
-2.782 -2.776 -2.769 -2.760 -2.749 -2.736 -2.721 -2.704 -2.684 -2.663 
-2.638 -2.611 -2.581 -2.549 -2.513 -2.473 -2.430 -2.383 -2.331 -2.276 
-2.215 -2.150 -2.079 -2.004 -1.925 -1.843 -1.761 -1.685 -1.620 -1.574 
-1.551 -1.554 -1.578 -1.617 -1.667 -1.724 -1.784 -1.846 -1.907 -1.965 
-2.020 -2.072 -2.119 -2.162 -2.201 -2.236 -2.268 -2.297 -2.322 -2.345 
-2.365 -2.382 -2.398 -2.412 -2.425 -2.437 -2.447 -2.457 -2.467 -2.477 
-2.486 -2.496 -2.507 -2.518 -2.529 -2.542 -2.555 -2.569 -2.584 -2.599 
-2.630 
-2.743 -2.769 -2.783 -2.797 -2.810 -2.822 -2.833 -2.843 -2.853 -2.861 
-2.869 -2.875 -2.880 -2.885 -2.887 -2.889 -2.889 -2.888 -2.886 -2.882 
-2.876 -2.869 -2.860 -2.849 -2.837 -2.823 -2.807 -2.788 -2.768 -2.745 
-2.720 -2.693 -2.662 -2.629 -2.593 -2.554 -2.511 -2.465 -2.415 -2.361 
-2.303 -2.240 -2.174 -2.105 -2.034 -1.963 -1.894 -1.829 -1.768 -1.713 
-1.665 -1.627 -1.602 -1.594 -1.605 -1.636 -1.682 -1.740 -1.803 -1.867 
-1.930 -1.989 -2.044 -2.096 -2.142 -2.185 -2.223 -2.259 -2.291 -2.321 
-2.348 -2.374 -2.398 -2.422 -2.445 -2.468 -2.490 -2.512 -2.533 -2.555 
-2.575 -2.596 -2.616 -2.635 -2.653 -2.672 -2.689 -2.706 -2.723 -2.739 
-2.740 
-2.778 -2.797 -2.822 -2.845 -2.866 -2.885 -2.902 -2.918 -2.931 -2.942 
-2.951 -2.959 -2.964 -2.967 -2.969 -2.968 -2.965 -2.961 -2.954 -2.945 
-2.933 -2.920 -2.904 -2.885 -2.865 -2.841 -2.815 -2.786 -2.755 -2.720 
-2.682 -2.641 -2.597 -2.549 -2.498 -2.442 -2.383 -2.320 -2.252 -2.181 
-2.107 -2.031 -1.954 -1.879 -1.810 -1.751 -1.708 -1.683 -1.677 -1.687 
-1.708 -1.735 -1.765 -1.796 -1.831 -1.869 -1.908 -1.947 -1.984 -2.017 
-2.046 -2.071 -2.092 -2.109 -2.123 -2.134 -2.143 -2.151 -2.158 -2.166 
-2.174 -2.185 -2.198 -2.214 -2.234 -2.257 -2.284 -2.314 -2.348 -2.383 
-2.420 -2.458 -2.496 -2.534 -2.572 -2.609 -2.644 -2.678 -2.710 -2.741 
-2.768 
-2.798 -2.820 -2.845 -2.869 -2.890 -2.909 -2.925 -2.940 -2.952 -2.962 
-2.970 -2.975 -2.979 -2.980 -2.979 -2.977 -2.971 -2.964 -2.955 -2.943 
-2.930 -2.914 -2.896 -2.875 -2.853 -2.828 -2.801 -2.771 -2.739 -2.705 
-2.669 -2.630 -2.589 -2.545 -2.500 -2.453 -2.404 -2.355 -2.305 -2.256 
-2.208 -2.163 -2.121 -2.085 -2.054 -2.031 -2.017 -2.014 -2.022 -2.038 
-2.062 -2.088 -2.116 -2.143 -2.168 -2.190 -2.210 -2.227 -2.242 -2.253 
-2.261 -2.267 -2.270 -2.271 -2.269 -2.266 -2.261 -2.256 -2.250 -2.244 
-2.241 -2.239 -2.241 -2.247 -2.257 -2.273 -2.295 -2.321 -2.352 -2.387 
-2.424 -2.463 -2.503 -2.544 -2.583 -2.622 -2.660 -2.696 -2.730 -2.762 
-2.787 
-2.849 -2.853 -2.864 -2.873 -2.880 -2.885 -2.889 -2.891 -2.892 -2.891 
-2.889 -2.885 -2.879 -2.872 -2.863 -2.852 -2.840 -2.827 -2.812 -2.795 
-2.777 -2.757 -2.736 -2.713 -2.689 -2.664 -2.638 -2.611 -2.583 -2.555 
-2.526 -2.497 -2.468 -2.440 -2.411 -2.382 -2.354 -2.327 -2.301 -2.275 
-2.252 -2.231 -2.212 -2.196 -2.184 -2.175 -2.170 -2.168 -2.169 -2.172 
-2.177 -2.184 -2.191 -2.200 -2.209 -2.219 -2.228 -2.237 -2.246 -2.253 
-2.259 -2.262 -2.264 -2.262 -2.258 -2.254 -2.253 -2.259 -2.274 -2.299 
-2.330 -2.364 -2.398 -2.430 -2.461 -2.492 -2.521 -2.550 -2.579 -2.607 
-2.635 -2.662 -2.688 -2.712 -2.735 -2.757 -2.777 -2.796 -2.813 -2.828 
-2.845 
-3.017 -3.033 -3.046 -3.056 -3.063 -3.069 -3.071 -3.072 -3.070 -3.066 
-3.059 -3.051 -3.040 -3.027 -3.011 -2.994 -2.974 -2.953 -2.929 -2.904 
-2.877 -2.848 -2.818 -2.787 -2.755 -2.724 -2.692 -2.662 -2.633 -2.606 
-2.582 -2.562 -2.544 -2.530 -2.519 -2.510 -2.502 -2.495 -2.487 -2.477 
-2.462 -2.443 -2.420 -2.395 -2.376 -2.369 -2.377 -2.394 -2.412 -2.428 
-2.438 -2.444 -2.444 -2.440 -2.430 -2.415 -2.395 -2.369 -2.337 -2.298 
-2.254 -2.203 -2.147 -2.088 -2.030 -1.980 -1.944 -1.930 -1.942 -1.979 
-2.032 -2.096 -2.162 -2.228 -2.295 -2.363 -2.433 -2.502 -2.567 -2.629 
-2.685 -2.737 -2.783 -2.826 -2.864 -2.898 -2.928 -2.955 -2.979 -3.000 
-3.012 
-3.200 -3.243 -3.273 -3.301 -3.325 -3.345 -3.363 -3.377 -3.389 -3.398 
-3.404 -3.407 -3.407 -3.405 -3.400 -3.392 -3.382 -3.369 -3.353 -3.335 
-3.314 -3.291 -3.266 -3.238 -3.208 -3.176 -3.143 -3.108 -3.071 -3.033 
-2.993 -2.951 -2.906 -2.858 -2.806 -2.747 -2.682 -2.609 -2.528 -2.438 
-2.341 -2.242 -2.146 -2.065 -2.013 -1.998 -2.020 -2.071 -2.137 -2.207 
-2.274 -2.333 -2.384 -2.427 -2.460 -2.485 -2.502 -2.511 -2.512 -2.505 
-2.491 -2.469 -2.441 -2.405 -2.366 -2.324 -2.284 -2.249 -2.220 -2.194 
-2.169 -2.146 -2.130 -2.130 -2.151 -2.198 -2.265 -2.347 -2.436 -2.527 
-2.614 -2.697 -2.775 -2.847 -2.914 -2.975 -3.031 -3.082 -3.128 -3.170 
-3.188 
-3.163 -3.190 -3.216 -3.240 -3.261 -3.280 -3.295 -3.308 -3.319 -3.326 
-3.332 -3.334 -3.335 -3.332 -3.328 -3.320 -3.311 -3.298 -3.283 -3.266 
-3.245 -3.222 -3.196 -3.167 -3.135 -3.099 -3.061 -3.019 -2.974 -2.925 
-2.873 -2.817 -2.758 -2.695 -2.629 -2.560 -2.489 -2.415 -2.339 -2.263 
-2.188 -2.118 -2.058 -2.016 -1.995 -2.000 -2.027 -2.069 -2.119 -2.171 
-2.220 -2.266 -2.305 -2.339 -2.367 -2.389 -2.405 -2.416 -2.422 -2.422 
-2.418 -2.409 -2.396 -2.378 -2.358 -2.334 -2.309 -2.283 -2.259 -2.239 
-2.226 -2.222 -2.230 -2.251 -2.288 -2.338 -2.399 -2.467 -2.537 -2.607 
-2.675 -2.740 -2.801 -2.859 -2.912 -2.962 -3.009 -3.052 -3.091 -3.127 
-3.153 
-3.019 -3.047 -3.066 -3.084 -3.098 -3.111 -3.121 -3.128 -3.133 -3.135 
-3.135 -3.133 -3.128 -3.121 -3.111 -3.098 -3.083 -3.066 -3.046 -3.023 
-2.998 -2.970 -2.939 -2.905 -2.868 -2.829 -2.786 -2.741 -2.693 -2.642 
-2.589 -2.534 -2.478 -2.422 -2.366 -2.314 -2.265 -2.222 -2.186 -2.156 
-2.133 -2.115 -2.100 -2.087 -2.078 -2.076 -2.089 -2.120 -2.163 -2.209 
-2.252 -2.289 -2.321 -2.347 -2.368 -2.384 -2.397 -2.405 -2.411 -2.415 
-2.416 -2.415 -2.414 -2.413 -2.411 -2.410 -2.411 -2.414 -2.419 -2.427 
-2.439 -2.455 -2.476 -2.502 -2.532 -2.564 -2.597 -2.631 -2.664 -2.696 
-2.728 -2.759 -2.791 -2.823 -2.855 -2.886 -2.917 -2.946 -2.974 -3.001 
-3.014 
-2.879 -2.892 -2.927 -2.960 -2.990 -3.018 -3.043 -3.066 -3.086 -3.104 
-3.119 -3.131 -3.141 -3.149 -3.154 -3.157 -3.157 -3.154 -3.149 -3.142 
-3.131 -3.119 -3.103 -3.084 -3.063 -3.038 -3.011 -2.980 -2.946 -2.908 
-2.867 -2.823 -2.775 -2.724 -2.669 -2.612 -2.552 -2.488 -2.420 -2.347 
-2.267 -2.178 -2.082 -1.983 -1.893 -1.828 -1.805 -1.826 -1.879 -1.946 
-2.014 -2.076 -2.135 -2.192 -2.250 -2.305 -2.358 -2.407 -2.450 -2.488 
-2.521 -2.548 -2.571 -2.589 -2.604 -2.615 -2.623 -2.628 -2.631 -2.631 
-2.629 -2.625 -2.618 -2.610 -2.600 -2.589 -2.579 -2.569 -2.562 -2.559 
-2.562 -2.570 -2.586 -2.607 -2.635 -2.667 -2.702 -2.740 -2.779 -2.818 
-2.863 
-2.956 -2.975 -2.988 -3.000 -3.011 -3.020 -3.029 -3.036 -3.042 -3.047 
-3.052 -3.055 -3.057 -3.058 -3.057 -3.056 -3.053 -3.049 -3.044 -3.037 
-3.029 -3.020 -3.008 -2.995 -2.981 -2.964 -2.946 -2.925 -2.902 -2.877 
-2.850 -2.820 -2.787 -2.751 -2.711 -2.669 -2.622 -2.572 -2.518 -2.460 
-2.397 -2.330 -2.259 -2.186 -2.113 -2.047 -1.993 -1.950 -1.913 -1.879 
-1.853 -1.840 -1.847 -1.875 -1.920 -1.977 -2.042 -2.108 -2.174 -2.237 
-2.296 -2.351 -2.402 -2.449 -2.491 -2.529 -2.564 -2.595 -2.623 -2.648 
-2.671 -2.691 -2.708 -2.723 -2.737 -2.749 -2.760 -2.770 -2.780 -2.790 
-2.802 -2.814 -2.828 -2.844 -2.861 -2.878 -2.896 -2.913 -2.930 -2.946 
-2.954 
-3.017 -3.033 -3.049 -3.064 -3.078 -3.090 -3.101 -3.111 -3.119 -3.125 
-3.130 -3.134 -3.135 -3.135 -3.134 -3.130 -3.125 -3.118 -3.109 -3.098 
-3.085 -3.069 -3.052 -3.032 -3.011 -2.986 -2.959 -2.930 -2.897 -2.862 
-2.824 -2.783 -2.739 -2.691 -2.640 -2.586 -2.530 -2.470 -2.409 -2.348 
-2.287 -2.229 -2.177 -2.133 -2.099 -2.077 -2.065 -2.063 -2.066 -2.074 
-2.085 -2.103 -2.128 -2.162 -2.204 -2.248 -2.294 -2.338 -2.379 -2.416 
-2.450 -2.480 -2.507 -2.530 -2.551 -2.569 -2.586 -2.601 -2.615 -2.628 
-2.641 -2.653 -2.666 -2.680 -2.695 -2.710 -2.727 -2.745 -2.763 -2.783 
-2.804 -2.826 -2.847 -2.870 -2.892 -2.914 -2.936 -2.957 -2.977 -2.997 
-3.007 
