IRGRID 64 91
1e+308

0.025 0.03 0.035 0.04 0.045 0.05 0.055 0.06 0.065 0.07
0.075 0.08 0.085 0.09 0.095 0.1 0.11 0.12 0.13 0.14
0.15 0.16 0.17 0.18 0.19 0.2 0.21 0.22 0.23 0.24
0.25 0.26 0.27 0.28 0.29 0.3 0.31 0.32 0.33 0.34
0.35 0.36 0.37 0.38 0.39 0.4 0.41 0.42 0.43 0.44
0.45 0.46 0.47 0.48 0.49 0.5 0.51 0.52 0.53 0.54
0.55 0.56 0.57 0.58
0 4 8 12 16 20 24 28 32 36
40 44 48 52 56 60 64 68 72 76
80 84 88 92 96 100 104 108 112 116
120 124 128 132 136 140 144 148 152 156
160 164 168 172 176 180 184 188 192 196
200 204 208 212 216 220 224 228 232 236
240 244 248 252 256 260 264 268 272 276
280 284 288 292 296 300 304 308 312 316
320 324 328 332 336 340 344 348 352 356
360
-3.751 -3.861 -3.883 -3.903 -3.920 -3.934 -3.945 -3.954 -3.959 -3.963 
-3.963 -3.961 -3.957 -3.950 -3.940 -3.928 -3.913 -3.895 -3.875 -3.851 
-3.825 -3.796 -3.765 -3.730 -3.693 -3.652 -3.609 -3.564 -3.517 -3.469 
-3.420 -3.371 -3.325 -3.283 -3.245 -3.215 -3.191 -3.176 -3.166 -3.163 
-3.163 -3.166 -3.171 -3.177 -3.183 -3.190 -3.196 -3.201 -3.206 -3.209 
-3.210 -3.208 -3.204 -3.196 -3.184 -3.167 -3.145 -3.118 -3.084 -3.043 
-2.994 -2.935 -2.867 -2.786 -2.693 -2.591 -2.491 -2.414 -2.387 -2.419 
-2.496 -2.592 -2.691 -2.788 -2.882 -2.975 -3.064 -3.149 -3.230 -3.306 
-3.376 -3.442 -3.502 -3.558 -3.609 -3.656 -3.699 -3.739 -3.774 -3.806 
-3.746 
-3.129 -3.204 -3.237 -3.267 -3.294 -3.319 -3.341 -3.360 -3.377 -3.391 
-3.403 -3.412 -3.419 -3.423 -3.425 -3.425 -3.422 -3.417 -3.410 -3.400 
-3.388 -3.373 -3.356 -3.336 -3.315 -3.290 -3.264 -3.235 -3.204 -3.170 
-3.135 -3.097 -3.058 -3.018 -2.976 -2.934 -2.891 -2.848 -2.805 -2.761 
-2.716 -2.669 -2.619 -2.566 -2.508 -2.445 -2.376 -2.306 -2.243 -2.197 
-2.179 -2.190 -2.223 -2.268 -2.314 -2.356 -2.391 -2.418 -2.436 -2.446 
-2.448 -2.441 -2.427 -2.406 -2.378 -2.343 -2.304 -2.265 -2.235 -2.218 
-2.214 -2.224 -2.248 -2.285 -2.332 -2.385 -2.441 -2.498 -2.556 -2.614 
-2.672 -2.730 -2.786 -2.842 -2.896 -2.948 -2.997 -3.044 -3.088 -3.130 
-3.122 
-2.600 -2.632 -2.668 -2.701 -2.730 -2.757 -2.781 -2.802 -2.821 -2.836 
-2.848 -2.857 -2.864 -2.867 -2.867 -2.864 -2.858 -2.849 -2.835 -2.819 
-2.798 -2.773 -2.743 -2.709 -2.670 -2.625 -2.575 -2.519 -2.460 -2.397 
-2.335 -2.279 -2.236 -2.211 -2.205 -2.213 -2.227 -2.237 -2.237 -2.223 
-2.194 -2.150 -2.092 -2.021 -1.938 -1.847 -1.752 -1.659 -1.580 -1.525 
-1.504 -1.517 -1.557 -1.614 -1.678 -1.742 -1.801 -1.854 -1.900 -1.938 
-1.968 -1.992 -2.009 -2.020 -2.025 -2.024 -2.018 -2.008 -1.994 -1.977 
-1.959 -1.941 -1.926 -1.915 -1.912 -1.919 -1.936 -1.964 -2.001 -2.045 
-2.093 -2.145 -2.199 -2.253 -2.307 -2.360 -2.411 -2.461 -2.508 -2.552 
-2.586 
-2.356 -2.367 -2.385 -2.399 -2.408 -2.414 -2.415 -2.413 -2.408 -2.400 
-2.389 -2.376 -2.362 -2.346 -2.331 -2.315 -2.299 -2.282 -2.265 -2.244 
-2.221 -2.193 -2.160 -2.121 -2.075 -2.022 -1.962 -1.896 -1.826 -1.754 
-1.685 -1.626 -1.585 -1.568 -1.578 -1.612 -1.663 -1.724 -1.788 -1.849 
-1.905 -1.953 -1.991 -2.018 -2.033 -2.035 -2.024 -2.002 -1.974 -1.948 
-1.933 -1.929 -1.930 -1.927 -1.916 -1.894 -1.867 -1.844 -1.836 -1.849 
-1.878 -1.913 -1.943 -1.962 -1.970 -1.964 -1.947 -1.919 -1.882 -1.839 
-1.790 -1.741 -1.696 -1.660 -1.640 -1.638 -1.658 -1.696 -1.748 -1.808 
-1.872 -1.937 -1.999 -2.058 -2.114 -2.164 -2.210 -2.251 -2.287 -2.318 
-2.345 
-2.298 -2.279 -2.264 -2.246 -2.225 -2.202 -2.176 -2.148 -2.119 -2.090 
-2.061 -2.034 -2.009 -1.988 -1.972 -1.961 -1.957 -1.958 -1.965 -1.976 
-1.990 -2.007 -2.024 -2.039 -2.053 -2.063 -2.068 -2.068 -2.061 -2.047 
-2.029 -2.008 -1.991 -1.981 -1.980 -1.986 -1.994 -1.997 -1.993 -1.979 
-1.955 -1.921 -1.881 -1.836 -1.792 -1.752 -1.719 -1.693 -1.671 -1.648 
-1.621 -1.586 -1.541 -1.486 -1.423 -1.356 -1.295 -1.251 -1.235 -1.251 
-1.293 -1.351 -1.411 -1.466 -1.512 -1.551 -1.586 -1.625 -1.668 -1.718 
-1.769 -1.818 -1.861 -1.899 -1.934 -1.969 -2.007 -2.048 -2.090 -2.131 
-2.169 -2.203 -2.232 -2.256 -2.275 -2.288 -2.297 -2.302 -2.302 -2.298 
-2.305 
-2.294 -2.337 -2.339 -2.337 -2.332 -2.323 -2.311 -2.296 -2.278 -2.258 
-2.235 -2.212 -2.187 -2.163 -2.140 -2.118 -2.098 -2.082 -2.069 -2.060 
-2.055 -2.053 -2.053 -2.056 -2.059 -2.061 -2.062 -2.061 -2.055 -2.046 
-2.031 -2.011 -1.985 -1.952 -1.913 -1.868 -1.816 -1.757 -1.692 -1.621 
-1.546 -1.469 -1.393 -1.321 -1.258 -1.209 -1.176 -1.158 -1.153 -1.157 
-1.161 -1.162 -1.154 -1.130 -1.088 -1.026 -0.956 -0.910 -0.922 -0.979 
-1.038 -1.079 -1.099 -1.102 -1.098 -1.095 -1.101 -1.122 -1.163 -1.223 
-1.298 -1.382 -1.470 -1.558 -1.644 -1.725 -1.801 -1.871 -1.936 -1.995 
-2.049 -2.098 -2.142 -2.180 -2.215 -2.245 -2.270 -2.291 -2.309 -2.322 
-2.288 
-1.898 -1.904 -1.899 -1.890 -1.877 -1.861 -1.842 -1.820 -1.794 -1.767 
-1.737 -1.705 -1.673 -1.640 -1.608 -1.577 -1.550 -1.526 -1.507 -1.493 
-1.486 -1.484 -1.488 -1.497 -1.509 -1.524 -1.541 -1.557 -1.573 -1.588 
-1.601 -1.611 -1.618 -1.621 -1.621 -1.616 -1.607 -1.593 -1.574 -1.549 
-1.519 -1.484 -1.443 -1.398 -1.349 -1.297 -1.243 -1.185 -1.121 -1.048 
-0.964 -0.867 -0.759 -0.640 -0.516 -0.398 -0.302 -0.258 -0.287 -0.379 
-0.498 -0.615 -0.716 -0.800 -0.869 -0.926 -0.975 -1.019 -1.062 -1.106 
-1.152 -1.200 -1.250 -1.303 -1.358 -1.414 -1.471 -1.526 -1.580 -1.630 
-1.677 -1.720 -1.759 -1.793 -1.823 -1.848 -1.868 -1.884 -1.895 -1.902 
-1.902 
-1.637 -1.658 -1.686 -1.711 -1.732 -1.751 -1.766 -1.778 -1.786 -1.792 
-1.795 -1.794 -1.791 -1.786 -1.779 -1.770 -1.759 -1.749 -1.738 -1.727 
-1.717 -1.707 -1.698 -1.689 -1.680 -1.670 -1.660 -1.649 -1.636 -1.623 
-1.608 -1.592 -1.574 -1.554 -1.532 -1.509 -1.482 -1.452 -1.420 -1.383 
-1.342 -1.296 -1.245 -1.189 -1.126 -1.056 -0.979 -0.895 -0.802 -0.700 
-0.590 -0.474 -0.354 -0.237 -0.134 -0.055 -0.009 0.003 -0.009 -0.023 
0.000 0.106 0.252 0.147 -0.072 -0.223 -0.318 -0.385 -0.437 -0.483 
-0.527 -0.572 -0.622 -0.675 -0.734 -0.796 -0.861 -0.929 -0.996 -1.063 
-1.129 -1.193 -1.254 -1.312 -1.367 -1.419 -1.467 -1.512 -1.554 -1.592 
-1.623 
-1.402 -1.437 -1.449 -1.459 -1.466 -1.472 -1.476 -1.477 -1.477 -1.475 
-1.471 -1.465 -1.457 -1.448 -1.437 -1.424 -1.410 -1.395 -1.378 -1.361 
-1.342 -1.323 -1.304 -1.284 -1.264 -1.245 -1.226 -1.207 -1.189 -1.172 
-1.156 -1.141 -1.127 -1.113 -1.100 -1.087 -1.073 -1.060 -1.045 -1.029 
-1.012 -0.993 -0.971 -0.946 -0.917 -0.885 -0.848 -0.806 -0.758 -0.704 
-0.642 -0.572 -0.494 -0.408 -0.315 -0.219 -0.117 -0.001 0.142 0.324 
0.545 0.773 0.907 0.806 0.544 0.267 0.045 -0.130 -0.272 -0.391 
-0.493 -0.583 -0.664 -0.738 -0.807 -0.871 -0.931 -0.987 -1.040 -1.089 
-1.135 -1.177 -1.216 -1.251 -1.284 -1.314 -1.340 -1.365 -1.386 -1.405 
-1.400 
-1.028 -1.056 -1.075 -1.093 -1.110 -1.125 -1.139 -1.152 -1.163 -1.172 
-1.181 -1.188 -1.193 -1.198 -1.201 -1.202 -1.203 -1.202 -1.199 -1.196 
-1.191 -1.185 -1.177 -1.169 -1.159 -1.148 -1.136 -1.123 -1.108 -1.093 
-1.076 -1.058 -1.039 -1.018 -0.997 -0.973 -0.948 -0.921 -0.892 -0.862 
-0.828 -0.793 -0.755 -0.714 -0.670 -0.622 -0.571 -0.516 -0.456 -0.391 
-0.320 -0.242 -0.156 -0.060 0.048 0.169 0.309 0.472 0.662 0.883 
1.129 1.317 1.203 0.969 0.734 0.533 0.363 0.218 0.093 -0.017 
-0.114 -0.201 -0.280 -0.353 -0.419 -0.480 -0.536 -0.589 -0.638 -0.684 
-0.726 -0.767 -0.804 -0.840 -0.873 -0.905 -0.934 -0.962 -0.988 -1.012 
-1.021 
-0.815 -0.807 -0.828 -0.848 -0.866 -0.883 -0.899 -0.913 -0.925 -0.937 
-0.947 -0.955 -0.962 -0.968 -0.973 -0.976 -0.977 -0.978 -0.977 -0.974 
-0.970 -0.965 -0.958 -0.950 -0.940 -0.929 -0.916 -0.901 -0.885 -0.867 
-0.848 -0.826 -0.803 -0.778 -0.751 -0.722 -0.691 -0.658 -0.622 -0.584 
-0.543 -0.500 -0.454 -0.405 -0.353 -0.298 -0.239 -0.176 -0.109 -0.037 
0.041 0.126 0.219 0.323 0.440 0.575 0.734 0.923 1.153 1.418 
1.677 1.828 1.692 1.393 1.096 0.862 0.675 0.521 0.390 0.276 
0.176 0.086 0.004 -0.070 -0.138 -0.201 -0.259 -0.314 -0.365 -0.412 
-0.457 -0.499 -0.539 -0.576 -0.611 -0.645 -0.676 -0.705 -0.733 -0.759 
-0.805 
-1.025 -1.069 -1.087 -1.103 -1.116 -1.128 -1.138 -1.147 -1.154 -1.158 
-1.162 -1.163 -1.163 -1.162 -1.158 -1.153 -1.147 -1.139 -1.129 -1.117 
-1.104 -1.090 -1.073 -1.055 -1.035 -1.014 -0.990 -0.965 -0.937 -0.908 
-0.876 -0.843 -0.807 -0.769 -0.728 -0.685 -0.640 -0.592 -0.542 -0.489 
-0.433 -0.375 -0.315 -0.251 -0.186 -0.117 -0.046 0.028 0.105 0.187 
0.273 0.366 0.468 0.580 0.709 0.860 1.041 1.261 1.490 1.602 
1.591 1.514 1.280 0.996 0.761 0.568 0.405 0.264 0.140 0.028 
-0.073 -0.165 -0.249 -0.326 -0.398 -0.464 -0.525 -0.583 -0.636 -0.686 
-0.732 -0.776 -0.816 -0.854 -0.889 -0.921 -0.951 -0.979 -1.005 -1.029 
-1.020 
-1.014 -1.033 -1.045 -1.055 -1.063 -1.070 -1.075 -1.078 -1.079 -1.080 
-1.079 -1.076 -1.073 -1.068 -1.063 -1.056 -1.048 -1.040 -1.030 -1.020 
-1.009 -0.997 -0.985 -0.971 -0.957 -0.943 -0.927 -0.911 -0.893 -0.875 
-0.856 -0.835 -0.813 -0.790 -0.765 -0.738 -0.710 -0.679 -0.646 -0.610 
-0.572 -0.531 -0.486 -0.437 -0.385 -0.328 -0.266 -0.199 -0.125 -0.044 
0.047 0.149 0.267 0.404 0.569 0.775 1.041 1.360 1.600 1.541 
1.294 1.002 0.751 0.546 0.378 0.238 0.117 0.013 -0.079 -0.162 
-0.237 -0.305 -0.368 -0.428 -0.483 -0.535 -0.585 -0.632 -0.676 -0.718 
-0.757 -0.794 -0.829 -0.861 -0.891 -0.918 -0.943 -0.965 -0.985 -1.003 
-1.012 
-0.913 -0.922 -0.954 -0.984 -1.013 -1.039 -1.062 -1.084 -1.104 -1.122 
-1.137 -1.151 -1.163 -1.172 -1.180 -1.186 -1.191 -1.193 -1.194 -1.193 
-1.190 -1.186 -1.179 -1.172 -1.162 -1.151 -1.138 -1.123 -1.107 -1.088 
-1.068 -1.045 -1.021 -0.994 -0.965 -0.934 -0.899 -0.862 -0.822 -0.779 
-0.732 -0.681 -0.627 -0.568 -0.503 -0.434 -0.358 -0.275 -0.184 -0.083 
0.028 0.154 0.296 0.460 0.655 0.892 1.186 1.515 1.742 1.681 
1.436 1.171 0.957 0.789 0.653 0.539 0.442 0.356 0.280 0.209 
0.144 0.081 0.021 -0.038 -0.096 -0.153 -0.210 -0.266 -0.322 -0.377 
-0.431 -0.484 -0.536 -0.586 -0.635 -0.682 -0.727 -0.770 -0.811 -0.850 
-0.898 
-1.084 -1.128 -1.162 -1.194 -1.224 -1.251 -1.276 -1.300 -1.321 -1.340 
-1.357 -1.372 -1.385 -1.397 -1.406 -1.413 -1.418 -1.421 -1.423 -1.422 
-1.420 -1.415 -1.408 -1.400 -1.389 -1.376 -1.361 -1.344 -1.325 -1.304 
-1.280 -1.254 -1.225 -1.194 -1.160 -1.123 -1.083 -1.041 -0.995 -0.946 
-0.893 -0.836 -0.775 -0.709 -0.638 -0.562 -0.480 -0.390 -0.293 -0.186 
-0.067 0.065 0.217 0.395 0.616 0.895 1.092 1.213 1.406 1.433 
1.329 1.168 0.994 0.836 0.699 0.580 0.475 0.379 0.289 0.204 
0.122 0.042 -0.036 -0.113 -0.188 -0.261 -0.332 -0.401 -0.469 -0.534 
-0.596 -0.657 -0.715 -0.770 -0.823 -0.874 -0.922 -0.968 -1.012 -1.053 
-1.073 
-1.206 -1.235 -1.263 -1.290 -1.315 -1.338 -1.360 -1.380 -1.397 -1.414 
-1.428 -1.440 -1.451 -1.460 -1.467 -1.472 -1.476 -1.477 -1.477 -1.475 
-1.471 -1.465 -1.457 -1.447 -1.435 -1.421 -1.405 -1.387 -1.367 -1.344 
-1.319 -1.292 -1.262 -1.229 -1.193 -1.155 -1.113 -1.069 -1.020 -0.968 
-0.912 -0.851 -0.785 -0.714 -0.636 -0.552 -0.459 -0.356 -0.242 -0.113 
0.034 0.207 0.416 0.680 1.017 1.331 1.434 1.247 1.024 0.897 
0.766 0.607 0.458 0.330 0.221 0.126 0.042 -0.034 -0.105 -0.173 
-0.238 -0.301 -0.362 -0.423 -0.482 -0.539 -0.596 -0.650 -0.703 -0.754 
-0.804 -0.852 -0.898 -0.942 -0.985 -1.026 -1.065 -1.102 -1.138 -1.172 
-1.197 
-1.260 -1.282 -1.315 -1.345 -1.374 -1.399 -1.423 -1.444 -1.464 -1.481 
-1.496 -1.509 -1.520 -1.529 -1.535 -1.540 -1.543 -1.544 -1.542 -1.539 
-1.533 -1.526 -1.516 -1.504 -1.490 -1.474 -1.455 -1.434 -1.411 -1.385 
-1.356 -1.325 -1.291 -1.254 -1.215 -1.171 -1.125 -1.074 -1.020 -0.962 
-0.899 -0.831 -0.757 -0.678 -0.592 -0.498 -0.395 -0.283 -0.160 -0.024 
0.127 0.294 0.476 0.675 0.895 1.128 1.251 1.171 1.024 0.860 
0.713 0.589 0.486 0.397 0.318 0.246 0.178 0.113 0.049 -0.014 
-0.079 -0.145 -0.213 -0.281 -0.351 -0.421 -0.491 -0.559 -0.627 -0.692 
-0.755 -0.816 -0.875 -0.930 -0.984 -1.034 -1.082 -1.127 -1.170 -1.210 
-1.247 
-1.410 -1.437 -1.464 -1.488 -1.510 -1.530 -1.548 -1.563 -1.576 -1.586 
-1.595 -1.601 -1.606 -1.608 -1.608 -1.606 -1.602 -1.596 -1.587 -1.576 
-1.563 -1.548 -1.531 -1.511 -1.489 -1.464 -1.437 -1.407 -1.374 -1.339 
-1.300 -1.259 -1.214 -1.165 -1.113 -1.057 -0.997 -0.932 -0.862 -0.786 
-0.705 -0.617 -0.522 -0.420 -0.309 -0.191 -0.066 0.063 0.194 0.326 
0.462 0.603 0.741 0.857 0.936 0.977 0.984 0.940 0.866 0.796 
0.744 0.702 0.648 0.559 0.448 0.335 0.226 0.120 0.017 -0.084 
-0.181 -0.275 -0.365 -0.452 -0.536 -0.615 -0.692 -0.764 -0.833 -0.899 
-0.961 -1.020 -1.075 -1.127 -1.176 -1.222 -1.265 -1.304 -1.342 -1.376 
-1.401 
-1.569 -1.604 -1.626 -1.646 -1.664 -1.679 -1.692 -1.702 -1.711 -1.717 
-1.721 -1.722 -1.722 -1.719 -1.714 -1.707 -1.697 -1.685 -1.671 -1.655 
-1.636 -1.615 -1.591 -1.564 -1.535 -1.503 -1.469 -1.431 -1.390 -1.345 
-1.297 -1.246 -1.190 -1.130 -1.066 -0.996 -0.922 -0.841 -0.754 -0.661 
-0.559 -0.450 -0.332 -0.207 -0.073 0.064 0.200 0.327 0.434 0.520 
0.591 0.653 0.682 0.674 0.661 0.651 0.646 0.658 0.693 0.755 
0.834 0.896 0.892 0.793 0.626 0.439 0.265 0.108 -0.034 -0.167 
-0.292 -0.409 -0.519 -0.622 -0.717 -0.806 -0.888 -0.965 -1.036 -1.102 
-1.164 -1.221 -1.274 -1.324 -1.370 -1.412 -1.451 -1.487 -1.521 -1.551 
-1.562 
-1.568 -1.584 -1.612 -1.637 -1.660 -1.680 -1.698 -1.713 -1.727 -1.737 
-1.746 -1.752 -1.756 -1.757 -1.757 -1.754 -1.749 -1.741 -1.731 -1.719 
-1.705 -1.688 -1.669 -1.647 -1.622 -1.595 -1.565 -1.532 -1.496 -1.457 
-1.414 -1.368 -1.318 -1.264 -1.205 -1.142 -1.074 -1.000 -0.919 -0.832 
-0.737 -0.632 -0.518 -0.391 -0.252 -0.097 0.073 0.252 0.426 0.586 
0.748 0.881 0.915 0.837 0.711 0.593 0.505 0.449 0.424 0.427 
0.456 0.496 0.516 0.503 0.477 0.426 0.343 0.249 0.148 0.038 
-0.079 -0.198 -0.317 -0.431 -0.539 -0.642 -0.737 -0.827 -0.910 -0.988 
-1.060 -1.127 -1.190 -1.248 -1.302 -1.353 -1.399 -1.442 -1.482 -1.519 
-1.556 
-1.529 -1.583 -1.608 -1.631 -1.651 -1.669 -1.685 -1.698 -1.709 -1.718 
-1.725 -1.729 -1.731 -1.731 -1.729 -1.724 -1.717 -1.708 -1.697 -1.683 
-1.666 -1.648 -1.627 -1.603 -1.576 -1.547 -1.514 -1.479 -1.440 -1.398 
-1.353 -1.303 -1.250 -1.191 -1.128 -1.060 -0.985 -0.904 -0.815 -0.718 
-0.611 -0.491 -0.358 -0.208 -0.040 0.149 0.351 0.541 0.673 0.715 
0.695 0.672 0.643 0.585 0.516 0.448 0.392 0.356 0.344 0.358 
0.401 0.472 0.569 0.669 0.725 0.685 0.546 0.359 0.169 -0.005 
-0.159 -0.298 -0.422 -0.535 -0.638 -0.733 -0.820 -0.900 -0.975 -1.045 
-1.110 -1.170 -1.226 -1.279 -1.328 -1.373 -1.415 -1.455 -1.491 -1.524 
-1.522 
-1.316 -1.313 -1.339 -1.364 -1.386 -1.407 -1.425 -1.441 -1.455 -1.466 
-1.476 -1.484 -1.489 -1.493 -1.495 -1.494 -1.492 -1.487 -1.480 -1.471 
-1.460 -1.447 -1.432 -1.414 -1.394 -1.372 -1.347 -1.319 -1.289 -1.256 
-1.220 -1.181 -1.139 -1.093 -1.044 -0.991 -0.933 -0.870 -0.803 -0.730 
-0.650 -0.562 -0.466 -0.359 -0.240 -0.106 0.045 0.205 0.354 0.468 
0.560 0.649 0.733 0.783 0.777 0.719 0.633 0.541 0.457 0.386 
0.330 0.294 0.279 0.285 0.288 0.243 0.146 0.042 -0.050 -0.132 
-0.209 -0.283 -0.356 -0.426 -0.494 -0.561 -0.625 -0.688 -0.748 -0.806 
-0.862 -0.915 -0.966 -1.014 -1.060 -1.103 -1.144 -1.182 -1.218 -1.252 
-1.303 
-1.498 -1.537 -1.564 -1.589 -1.612 -1.632 -1.650 -1.666 -1.679 -1.690 
-1.699 -1.705 -1.709 -1.712 -1.712 -1.709 -1.705 -1.698 -1.689 -1.678 
-1.665 -1.649 -1.630 -1.610 -1.586 -1.560 -1.532 -1.500 -1.466 -1.428 
-1.387 -1.343 -1.295 -1.244 -1.188 -1.127 -1.062 -0.991 -0.914 -0.831 
-0.740 -0.640 -0.531 -0.411 -0.278 -0.131 0.031 0.205 0.376 0.516 
0.590 0.591 0.553 0.501 0.440 0.367 0.295 0.231 0.178 0.136 
0.104 0.080 0.061 0.047 0.035 0.022 0.003 -0.028 -0.074 -0.136 
-0.212 -0.298 -0.388 -0.481 -0.572 -0.660 -0.744 -0.824 -0.899 -0.970 
-1.037 -1.100 -1.158 -1.213 -1.265 -1.313 -1.358 -1.399 -1.438 -1.473 
-1.488 
-1.692 -1.720 -1.743 -1.763 -1.781 -1.796 -1.809 -1.820 -1.829 -1.835 
-1.840 -1.842 -1.842 -1.840 -1.835 -1.829 -1.820 -1.809 -1.796 -1.780 
-1.762 -1.742 -1.720 -1.694 -1.667 -1.636 -1.603 -1.567 -1.528 -1.486 
-1.441 -1.392 -1.340 -1.283 -1.223 -1.158 -1.089 -1.014 -0.934 -0.848 
-0.755 -0.655 -0.548 -0.433 -0.308 -0.175 -0.032 0.122 0.282 0.409 
0.446 0.432 0.404 0.371 0.337 0.305 0.275 0.247 0.220 0.191 
0.157 0.114 0.063 0.002 -0.065 -0.135 -0.207 -0.280 -0.355 -0.435 
-0.518 -0.603 -0.690 -0.777 -0.861 -0.941 -1.018 -1.091 -1.159 -1.224 
-1.284 -1.340 -1.392 -1.441 -1.487 -1.529 -1.568 -1.604 -1.637 -1.667 
-1.684 
-1.747 -1.771 -1.799 -1.825 -1.848 -1.868 -1.886 -1.901 -1.914 -1.925 
-1.934 -1.940 -1.943 -1.945 -1.944 -1.941 -1.936 -1.928 -1.918 -1.906 
-1.891 -1.874 -1.854 -1.831 -1.806 -1.779 -1.748 -1.714 -1.677 -1.637 
-1.594 -1.546 -1.495 -1.440 -1.380 -1.314 -1.244 -1.167 -1.083 -0.992 
-0.892 -0.781 -0.658 -0.520 -0.363 -0.181 0.030 0.272 0.506 0.640 
0.600 0.453 0.293 0.163 0.064 -0.012 -0.071 -0.117 -0.152 -0.181 
-0.206 -0.228 -0.250 -0.270 -0.290 -0.310 -0.331 -0.355 -0.385 -0.426 
-0.477 -0.540 -0.613 -0.693 -0.777 -0.862 -0.946 -1.027 -1.105 -1.179 
-1.249 -1.315 -1.377 -1.435 -1.488 -1.539 -1.585 -1.629 -1.669 -1.706 
-1.735 
-1.791 -1.814 -1.838 -1.860 -1.879 -1.896 -1.911 -1.923 -1.933 -1.941 
-1.947 -1.950 -1.951 -1.950 -1.946 -1.940 -1.932 -1.922 -1.909 -1.894 
-1.877 -1.857 -1.834 -1.809 -1.781 -1.751 -1.717 -1.680 -1.640 -1.597 
-1.550 -1.499 -1.444 -1.385 -1.321 -1.252 -1.177 -1.096 -1.009 -0.914 
-0.811 -0.700 -0.579 -0.447 -0.304 -0.147 0.026 0.211 0.385 0.495 
0.485 0.395 0.283 0.176 0.085 0.013 -0.042 -0.082 -0.109 -0.127 
-0.137 -0.143 -0.150 -0.161 -0.181 -0.214 -0.261 -0.321 -0.392 -0.471 
-0.556 -0.644 -0.733 -0.822 -0.909 -0.992 -1.072 -1.148 -1.219 -1.287 
-1.350 -1.409 -1.464 -1.516 -1.564 -1.609 -1.650 -1.689 -1.724 -1.757 
-1.781 
-1.857 -1.869 -1.888 -1.906 -1.920 -1.933 -1.943 -1.951 -1.956 -1.960 
-1.961 -1.959 -1.956 -1.950 -1.942 -1.932 -1.919 -1.904 -1.886 -1.866 
-1.843 -1.818 -1.790 -1.759 -1.725 -1.688 -1.648 -1.605 -1.558 -1.507 
-1.452 -1.393 -1.329 -1.260 -1.186 -1.107 -1.021 -0.929 -0.831 -0.727 
-0.618 -0.508 -0.402 -0.309 -0.233 -0.176 -0.131 -0.090 -0.050 -0.024 
-0.040 -0.092 -0.152 -0.203 -0.240 -0.264 -0.276 -0.278 -0.271 -0.257 
-0.240 -0.224 -0.216 -0.222 -0.246 -0.289 -0.351 -0.429 -0.516 -0.609 
-0.704 -0.799 -0.890 -0.978 -1.062 -1.140 -1.215 -1.284 -1.349 -1.410 
-1.466 -1.519 -1.568 -1.614 -1.656 -1.695 -1.731 -1.764 -1.794 -1.822 
-1.849 
-2.011 -2.039 -2.056 -2.069 -2.081 -2.090 -2.096 -2.101 -2.103 -2.102 
-2.100 -2.095 -2.088 -2.078 -2.066 -2.051 -2.035 -2.015 -1.993 -1.968 
-1.941 -1.910 -1.877 -1.840 -1.800 -1.757 -1.710 -1.659 -1.604 -1.544 
-1.480 -1.410 -1.334 -1.252 -1.163 -1.067 -0.962 -0.848 -0.726 -0.596 
-0.463 -0.333 -0.219 -0.138 -0.099 -0.106 -0.146 -0.202 -0.260 -0.314 
-0.359 -0.394 -0.419 -0.432 -0.435 -0.427 -0.408 -0.380 -0.345 -0.304 
-0.264 -0.233 -0.222 -0.242 -0.295 -0.378 -0.480 -0.592 -0.706 -0.818 
-0.925 -1.026 -1.120 -1.209 -1.291 -1.368 -1.439 -1.506 -1.567 -1.624 
-1.677 -1.726 -1.771 -1.813 -1.852 -1.887 -1.919 -1.949 -1.975 -1.999 
-2.006 
-2.040 -2.056 -2.073 -2.087 -2.099 -2.109 -2.116 -2.121 -2.124 -2.124 
-2.122 -2.118 -2.111 -2.102 -2.090 -2.077 -2.060 -2.042 -2.020 -1.996 
-1.969 -1.940 -1.907 -1.871 -1.832 -1.790 -1.743 -1.693 -1.639 -1.580 
-1.517 -1.448 -1.373 -1.292 -1.204 -1.108 -1.003 -0.888 -0.763 -0.626 
-0.479 -0.326 -0.177 -0.053 0.024 0.041 0.006 -0.060 -0.137 -0.211 
-0.276 -0.327 -0.366 -0.391 -0.405 -0.407 -0.400 -0.384 -0.364 -0.341 
-0.323 -0.316 -0.327 -0.363 -0.424 -0.506 -0.600 -0.698 -0.797 -0.893 
-0.985 -1.073 -1.157 -1.237 -1.313 -1.386 -1.454 -1.518 -1.579 -1.635 
-1.688 -1.737 -1.783 -1.825 -1.864 -1.900 -1.933 -1.963 -1.990 -2.015 
-2.034 
-2.021 -2.045 -2.069 -2.091 -2.110 -2.127 -2.141 -2.153 -2.163 -2.170 
-2.175 -2.177 -2.177 -2.175 -2.170 -2.163 -2.154 -2.142 -2.128 -2.111 
-2.091 -2.069 -2.044 -2.016 -1.985 -1.951 -1.913 -1.872 -1.828 -1.779 
-1.726 -1.669 -1.607 -1.539 -1.465 -1.385 -1.298 -1.203 -1.100 -0.987 
-0.864 -0.733 -0.598 -0.469 -0.361 -0.290 -0.259 -0.268 -0.313 -0.381 
-0.458 -0.531 -0.595 -0.648 -0.690 -0.722 -0.743 -0.755 -0.760 -0.759 
-0.756 -0.755 -0.758 -0.768 -0.784 -0.803 -0.823 -0.846 -0.873 -0.907 
-0.949 -0.999 -1.056 -1.119 -1.186 -1.255 -1.324 -1.393 -1.459 -1.523 
-1.583 -1.641 -1.696 -1.747 -1.795 -1.839 -1.881 -1.919 -1.955 -1.988 
-2.011 
-2.020 -2.030 -2.054 -2.075 -2.093 -2.110 -2.123 -2.135 -2.143 -2.150 
-2.154 -2.155 -2.155 -2.152 -2.146 -2.138 -2.128 -2.115 -2.100 -2.082 
-2.061 -2.038 -2.012 -1.983 -1.950 -1.915 -1.876 -1.834 -1.789 -1.739 
-1.685 -1.627 -1.564 -1.496 -1.423 -1.345 -1.260 -1.171 -1.076 -0.977 
-0.877 -0.776 -0.677 -0.577 -0.477 -0.419 -0.454 -0.523 -0.594 -0.663 
-0.728 -0.785 -0.834 -0.875 -0.907 -0.932 -0.949 -0.959 -0.963 -0.962 
-0.954 -0.942 -0.927 -0.909 -0.889 -0.870 -0.854 -0.841 -0.835 -0.839 
-0.861 -0.909 -0.977 -1.055 -1.136 -1.216 -1.293 -1.367 -1.438 -1.504 
-1.567 -1.626 -1.682 -1.733 -1.781 -1.826 -1.868 -1.906 -1.941 -1.974 
-2.010 
-2.202 -2.240 -2.268 -2.294 -2.316 -2.336 -2.353 -2.367 -2.379 -2.388 
-2.394 -2.398 -2.400 -2.398 -2.395 -2.389 -2.380 -2.368 -2.355 -2.338 
-2.318 -2.296 -2.271 -2.243 -2.211 -2.176 -2.138 -2.096 -2.049 -1.999 
-1.944 -1.884 -1.818 -1.746 -1.667 -1.580 -1.485 -1.379 -1.260 -1.126 
-0.972 -0.792 -0.579 -0.336 -0.128 -0.061 -0.159 -0.343 -0.530 -0.684 
-0.806 -0.902 -0.978 -1.037 -1.083 -1.116 -1.138 -1.150 -1.153 -1.146 
-1.130 -1.105 -1.071 -1.026 -0.971 -0.905 -0.830 -0.748 -0.670 -0.614 
-0.604 -0.653 -0.753 -0.880 -1.016 -1.148 -1.271 -1.384 -1.487 -1.580 
-1.666 -1.744 -1.815 -1.881 -1.941 -1.996 -2.046 -2.092 -2.135 -2.173 
-2.192 
-2.223 -2.276 -2.305 -2.331 -2.354 -2.374 -2.391 -2.406 -2.418 -2.427 
-2.433 -2.437 -2.439 -2.438 -2.434 -2.428 -2.419 -2.407 -2.393 -2.376 
-2.356 -2.333 -2.307 -2.278 -2.246 -2.210 -2.171 -2.127 -2.080 -2.027 
-1.970 -1.908 -1.839 -1.763 -1.680 -1.588 -1.485 -1.370 -1.240 -1.091 
-0.918 -0.713 -0.474 -0.234 -0.084 -0.113 -0.283 -0.487 -0.662 -0.801 
-0.912 -1.001 -1.071 -1.126 -1.168 -1.199 -1.218 -1.228 -1.228 -1.219 
-1.199 -1.170 -1.130 -1.079 -1.017 -0.942 -0.856 -0.764 -0.679 -0.621 
-0.617 -0.676 -0.785 -0.917 -1.053 -1.183 -1.304 -1.415 -1.517 -1.610 
-1.696 -1.774 -1.846 -1.912 -1.973 -2.028 -2.080 -2.126 -2.169 -2.209 
-2.215 
-2.030 -2.027 -2.055 -2.080 -2.102 -2.122 -2.138 -2.152 -2.164 -2.173 
-2.179 -2.182 -2.183 -2.182 -2.178 -2.172 -2.162 -2.151 -2.136 -2.119 
-2.099 -2.076 -2.051 -2.022 -1.989 -1.954 -1.915 -1.871 -1.824 -1.773 
-1.717 -1.655 -1.589 -1.516 -1.436 -1.349 -1.255 -1.152 -1.040 -0.920 
-0.795 -0.668 -0.545 -0.432 -0.360 -0.391 -0.479 -0.573 -0.663 -0.746 
-0.819 -0.881 -0.933 -0.975 -1.008 -1.032 -1.048 -1.055 -1.054 -1.046 
-1.030 -1.008 -0.980 -0.948 -0.916 -0.884 -0.853 -0.823 -0.795 -0.776 
-0.777 -0.806 -0.857 -0.923 -0.999 -1.081 -1.166 -1.250 -1.332 -1.410 
-1.484 -1.554 -1.620 -1.681 -1.738 -1.790 -1.839 -1.883 -1.924 -1.962 
-2.016 
-2.215 -2.262 -2.282 -2.300 -2.315 -2.328 -2.338 -2.345 -2.350 -2.353 
-2.353 -2.350 -2.346 -2.338 -2.329 -2.316 -2.301 -2.284 -2.264 -2.241 
-2.215 -2.186 -2.154 -2.119 -2.081 -2.039 -1.994 -1.945 -1.891 -1.833 
-1.770 -1.703 -1.629 -1.550 -1.465 -1.374 -1.276 -1.171 -1.062 -0.952 
-0.846 -0.753 -0.685 -0.649 -0.649 -0.679 -0.730 -0.789 -0.847 -0.900 
-0.944 -0.979 -1.005 -1.022 -1.029 -1.028 -1.019 -1.000 -0.974 -0.940 
-0.900 -0.856 -0.813 -0.777 -0.756 -0.759 -0.788 -0.841 -0.910 -0.987 
-1.066 -1.146 -1.226 -1.307 -1.389 -1.470 -1.548 -1.624 -1.696 -1.763 
-1.826 -1.884 -1.938 -1.988 -2.035 -2.077 -2.116 -2.151 -2.183 -2.213 
-2.209 
-2.247 -2.254 -2.272 -2.288 -2.301 -2.311 -2.319 -2.325 -2.328 -2.329 
-2.328 -2.324 -2.317 -2.309 -2.298 -2.284 -2.269 -2.250 -2.229 -2.206 
-2.179 -2.150 -2.118 -2.084 -2.046 -2.005 -1.961 -1.913 -1.863 -1.808 
-1.751 -1.690 -1.625 -1.557 -1.487 -1.414 -1.341 -1.267 -1.195 -1.127 
-1.065 -1.013 -0.976 -0.958 -0.958 -0.972 -0.995 -1.021 -1.047 -1.070 
-1.089 -1.103 -1.111 -1.113 -1.109 -1.099 -1.081 -1.058 -1.028 -0.993 
-0.954 -0.913 -0.874 -0.841 -0.821 -0.819 -0.840 -0.882 -0.940 -1.010 
-1.089 -1.173 -1.260 -1.348 -1.434 -1.517 -1.594 -1.667 -1.735 -1.798 
-1.856 -1.910 -1.960 -2.006 -2.048 -2.087 -2.122 -2.154 -2.184 -2.210 
-2.239 
-2.314 -2.343 -2.368 -2.390 -2.410 -2.427 -2.441 -2.453 -2.462 -2.468 
-2.472 -2.474 -2.473 -2.469 -2.463 -2.455 -2.444 -2.430 -2.414 -2.395 
-2.373 -2.349 -2.321 -2.291 -2.258 -2.221 -2.181 -2.137 -2.090 -2.039 
-1.983 -1.924 -1.860 -1.792 -1.719 -1.643 -1.562 -1.479 -1.395 -1.312 
-1.235 -1.167 -1.112 -1.073 -1.053 -1.053 -1.072 -1.103 -1.141 -1.181 
-1.219 -1.253 -1.282 -1.304 -1.319 -1.328 -1.329 -1.324 -1.311 -1.292 
-1.266 -1.235 -1.199 -1.160 -1.120 -1.082 -1.048 -1.019 -1.001 -1.000 
-1.022 -1.069 -1.139 -1.224 -1.316 -1.411 -1.504 -1.593 -1.678 -1.757 
-1.830 -1.898 -1.961 -2.019 -2.073 -2.123 -2.168 -2.210 -2.248 -2.283 
-2.304 
-2.360 -2.379 -2.404 -2.426 -2.445 -2.461 -2.474 -2.485 -2.493 -2.498 
-2.501 -2.502 -2.499 -2.494 -2.487 -2.476 -2.463 -2.448 -2.429 -2.407 
-2.383 -2.355 -2.324 -2.290 -2.252 -2.210 -2.165 -2.115 -2.060 -2.001 
-1.936 -1.866 -1.790 -1.709 -1.621 -1.529 -1.433 -1.339 -1.251 -1.178 
-1.128 -1.105 -1.107 -1.130 -1.167 -1.214 -1.266 -1.319 -1.371 -1.418 
-1.460 -1.496 -1.526 -1.550 -1.567 -1.578 -1.583 -1.582 -1.574 -1.561 
-1.542 -1.518 -1.488 -1.453 -1.414 -1.372 -1.330 -1.291 -1.261 -1.246 
-1.249 -1.273 -1.316 -1.374 -1.442 -1.516 -1.592 -1.669 -1.744 -1.816 
-1.884 -1.948 -2.008 -2.064 -2.116 -2.164 -2.209 -2.250 -2.287 -2.321 
-2.350 
-2.435 -2.456 -2.478 -2.497 -2.514 -2.527 -2.538 -2.546 -2.552 -2.554 
-2.554 -2.552 -2.547 -2.539 -2.528 -2.514 -2.498 -2.479 -2.456 -2.431 
-2.402 -2.370 -2.335 -2.295 -2.252 -2.204 -2.152 -2.095 -2.032 -1.964 
-1.890 -1.809 -1.721 -1.626 -1.524 -1.417 -1.309 -1.207 -1.122 -1.065 
-1.045 -1.063 -1.111 -1.177 -1.250 -1.322 -1.390 -1.450 -1.503 -1.549 
-1.587 -1.617 -1.641 -1.658 -1.668 -1.672 -1.670 -1.661 -1.647 -1.626 
-1.599 -1.566 -1.528 -1.485 -1.438 -1.390 -1.344 -1.304 -1.277 -1.268 
-1.281 -1.317 -1.373 -1.443 -1.522 -1.604 -1.687 -1.767 -1.843 -1.916 
-1.984 -2.047 -2.105 -2.160 -2.210 -2.255 -2.298 -2.336 -2.371 -2.403 
-2.426 
-2.499 -2.528 -2.551 -2.571 -2.587 -2.602 -2.613 -2.622 -2.628 -2.631 
-2.632 -2.630 -2.625 -2.618 -2.608 -2.595 -2.580 -2.561 -2.540 -2.516 
-2.488 -2.457 -2.423 -2.384 -2.343 -2.296 -2.246 -2.191 -2.130 -2.064 
-1.992 -1.913 -1.827 -1.734 -1.633 -1.524 -1.411 -1.296 -1.190 -1.106 
-1.057 -1.051 -1.086 -1.149 -1.225 -1.304 -1.378 -1.446 -1.505 -1.556 
-1.598 -1.633 -1.660 -1.680 -1.693 -1.699 -1.699 -1.693 -1.681 -1.662 
-1.638 -1.608 -1.573 -1.533 -1.490 -1.446 -1.403 -1.364 -1.335 -1.323 
-1.332 -1.364 -1.418 -1.488 -1.569 -1.654 -1.739 -1.822 -1.902 -1.976 
-2.046 -2.110 -2.170 -2.226 -2.277 -2.324 -2.366 -2.406 -2.441 -2.473 
-2.490 
-2.493 -2.496 -2.515 -2.530 -2.543 -2.554 -2.561 -2.567 -2.569 -2.570 
-2.567 -2.563 -2.555 -2.545 -2.533 -2.517 -2.499 -2.478 -2.454 -2.427 
-2.397 -2.364 -2.327 -2.287 -2.242 -2.194 -2.141 -2.083 -2.021 -1.954 
-1.881 -1.804 -1.723 -1.639 -1.552 -1.462 -1.370 -1.275 -1.184 -1.103 
-1.046 -1.021 -1.031 -1.068 -1.123 -1.186 -1.248 -1.307 -1.360 -1.405 
-1.443 -1.473 -1.497 -1.513 -1.523 -1.526 -1.523 -1.514 -1.500 -1.480 
-1.457 -1.431 -1.403 -1.377 -1.355 -1.341 -1.336 -1.343 -1.363 -1.394 
-1.438 -1.493 -1.557 -1.628 -1.700 -1.773 -1.844 -1.913 -1.978 -2.039 
-2.096 -2.149 -2.199 -2.245 -2.288 -2.327 -2.363 -2.395 -2.425 -2.452 
-2.485 
-2.676 -2.698 -2.709 -2.717 -2.723 -2.726 -2.727 -2.725 -2.720 -2.712 
-2.702 -2.689 -2.673 -2.654 -2.633 -2.608 -2.580 -2.549 -2.514 -2.475 
-2.433 -2.387 -2.337 -2.282 -2.222 -2.157 -2.087 -2.012 -1.932 -1.848 
-1.761 -1.674 -1.590 -1.517 -1.462 -1.431 -1.423 -1.430 -1.443 -1.456 
-1.469 -1.488 -1.518 -1.559 -1.605 -1.650 -1.692 -1.728 -1.757 -1.778 
-1.793 -1.801 -1.801 -1.795 -1.783 -1.763 -1.737 -1.706 -1.668 -1.625 
-1.579 -1.533 -1.490 -1.455 -1.434 -1.431 -1.446 -1.480 -1.533 -1.601 
-1.680 -1.763 -1.847 -1.928 -2.005 -2.078 -2.147 -2.210 -2.270 -2.324 
-2.375 -2.421 -2.464 -2.503 -2.538 -2.570 -2.599 -2.625 -2.647 -2.667 
-2.672 
-2.829 -2.850 -2.862 -2.872 -2.879 -2.883 -2.885 -2.883 -2.879 -2.872 
-2.862 -2.849 -2.833 -2.814 -2.791 -2.766 -2.737 -2.705 -2.669 -2.628 
-2.584 -2.535 -2.481 -2.422 -2.357 -2.285 -2.207 -2.121 -2.027 -1.925 
-1.815 -1.701 -1.588 -1.489 -1.420 -1.392 -1.402 -1.433 -1.467 -1.501 
-1.548 -1.612 -1.685 -1.757 -1.822 -1.878 -1.924 -1.961 -1.990 -2.011 
-2.024 -2.030 -2.029 -2.021 -2.006 -1.983 -1.954 -1.917 -1.873 -1.821 
-1.763 -1.700 -1.635 -1.572 -1.517 -1.473 -1.444 -1.438 -1.463 -1.524 
-1.613 -1.718 -1.828 -1.935 -2.035 -2.128 -2.213 -2.291 -2.362 -2.426 
-2.485 -2.539 -2.587 -2.631 -2.671 -2.707 -2.739 -2.768 -2.793 -2.815 
-2.823 
-2.834 -2.846 -2.861 -2.873 -2.883 -2.890 -2.894 -2.896 -2.895 -2.891 
-2.885 -2.876 -2.865 -2.850 -2.833 -2.813 -2.790 -2.764 -2.735 -2.703 
-2.667 -2.627 -2.583 -2.534 -2.482 -2.424 -2.360 -2.290 -2.214 -2.130 
-2.038 -1.938 -1.831 -1.720 -1.609 -1.499 -1.388 -1.277 -1.178 -1.113 
-1.093 -1.106 -1.143 -1.212 -1.308 -1.404 -1.486 -1.552 -1.605 -1.646 
-1.675 -1.694 -1.703 -1.703 -1.694 -1.676 -1.649 -1.613 -1.568 -1.516 
-1.457 -1.396 -1.339 -1.296 -1.279 -1.292 -1.334 -1.395 -1.466 -1.544 
-1.628 -1.720 -1.820 -1.920 -2.018 -2.110 -2.194 -2.272 -2.343 -2.408 
-2.467 -2.521 -2.570 -2.615 -2.656 -2.693 -2.727 -2.757 -2.784 -2.807 
-2.828 
-2.842 -2.864 -2.887 -2.907 -2.924 -2.938 -2.949 -2.958 -2.964 -2.967 
-2.968 -2.966 -2.961 -2.954 -2.944 -2.931 -2.915 -2.897 -2.875 -2.851 
-2.823 -2.792 -2.758 -2.720 -2.678 -2.632 -2.581 -2.526 -2.466 -2.401 
-2.329 -2.251 -2.166 -2.074 -1.972 -1.862 -1.741 -1.611 -1.475 -1.335 
-1.190 -1.053 -0.970 -0.988 -1.096 -1.239 -1.377 -1.494 -1.589 -1.666 
-1.727 -1.774 -1.809 -1.833 -1.847 -1.852 -1.848 -1.835 -1.814 -1.784 
-1.747 -1.703 -1.657 -1.611 -1.571 -1.536 -1.503 -1.468 -1.435 -1.415 
-1.427 -1.477 -1.561 -1.667 -1.781 -1.895 -2.002 -2.103 -2.195 -2.279 
-2.357 -2.427 -2.492 -2.551 -2.604 -2.653 -2.698 -2.738 -2.775 -2.808 
-2.831 
-2.846 -2.858 -2.873 -2.886 -2.896 -2.903 -2.907 -2.910 -2.909 -2.906 
-2.901 -2.893 -2.883 -2.870 -2.854 -2.836 -2.815 -2.791 -2.764 -2.735 
-2.702 -2.666 -2.627 -2.585 -2.539 -2.490 -2.436 -2.379 -2.319 -2.254 
-2.186 -2.115 -2.042 -1.968 -1.894 -1.824 -1.760 -1.703 -1.653 -1.608 
-1.559 -1.501 -1.459 -1.482 -1.559 -1.642 -1.710 -1.764 -1.805 -1.836 
-1.858 -1.873 -1.880 -1.880 -1.874 -1.862 -1.845 -1.821 -1.793 -1.761 
-1.727 -1.692 -1.660 -1.633 -1.616 -1.610 -1.617 -1.634 -1.660 -1.696 
-1.746 -1.812 -1.894 -1.981 -2.069 -2.153 -2.231 -2.304 -2.371 -2.433 
-2.489 -2.541 -2.589 -2.632 -2.672 -2.708 -2.741 -2.770 -2.797 -2.820 
-2.840 
-2.877 -2.894 -2.910 -2.924 -2.936 -2.944 -2.950 -2.954 -2.955 -2.953 
-2.949 -2.943 -2.934 -2.922 -2.908 -2.891 -2.871 -2.848 -2.823 -2.795 
-2.763 -2.729 -2.691 -2.650 -2.605 -2.556 -2.504 -2.447 -2.386 -2.321 
-2.252 -2.179 -2.103 -2.024 -1.945 -1.867 -1.796 -1.734 -1.688 -1.661 
-1.653 -1.664 -1.689 -1.722 -1.760 -1.799 -1.836 -1.869 -1.898 -1.921 
-1.940 -1.952 -1.959 -1.959 -1.954 -1.944 -1.927 -1.905 -1.878 -1.846 
-1.810 -1.773 -1.735 -1.701 -1.673 -1.654 -1.647 -1.657 -1.684 -1.729 
-1.790 -1.862 -1.941 -2.022 -2.103 -2.181 -2.255 -2.326 -2.391 -2.453 
-2.510 -2.562 -2.611 -2.656 -2.697 -2.734 -2.769 -2.800 -2.828 -2.853 
-2.870 
-2.915 -2.923 -2.938 -2.950 -2.959 -2.966 -2.970 -2.973 -2.972 -2.970 
-2.964 -2.957 -2.947 -2.934 -2.920 -2.902 -2.882 -2.859 -2.834 -2.805 
-2.774 -2.740 -2.702 -2.661 -2.617 -2.570 -2.518 -2.463 -2.404 -2.341 
-2.275 -2.204 -2.130 -2.053 -1.975 -1.897 -1.823 -1.754 -1.694 -1.647 
-1.613 -1.594 -1.588 -1.598 -1.621 -1.652 -1.687 -1.720 -1.749 -1.773 
-1.791 -1.802 -1.807 -1.806 -1.798 -1.785 -1.765 -1.741 -1.712 -1.680 
-1.648 -1.618 -1.594 -1.582 -1.584 -1.603 -1.638 -1.688 -1.750 -1.821 
-1.898 -1.977 -2.057 -2.135 -2.211 -2.282 -2.350 -2.413 -2.472 -2.527 
-2.579 -2.626 -2.670 -2.710 -2.747 -2.781 -2.812 -2.840 -2.865 -2.887 
-2.909 
-2.979 -3.012 -3.028 -3.043 -3.055 -3.064 -3.072 -3.077 -3.080 -3.080 
-3.079 -3.075 -3.068 -3.060 -3.049 -3.036 -3.020 -3.001 -2.980 -2.957 
-2.930 -2.901 -2.869 -2.833 -2.794 -2.752 -2.706 -2.656 -2.602 -2.544 
-2.481 -2.413 -2.339 -2.261 -2.176 -2.085 -1.989 -1.888 -1.782 -1.674 
-1.569 -1.476 -1.409 -1.381 -1.397 -1.446 -1.514 -1.587 -1.655 -1.717 
-1.770 -1.814 -1.849 -1.875 -1.893 -1.904 -1.907 -1.904 -1.895 -1.880 
-1.862 -1.842 -1.823 -1.809 -1.801 -1.804 -1.820 -1.849 -1.891 -1.945 
-2.008 -2.076 -2.148 -2.221 -2.292 -2.361 -2.427 -2.489 -2.548 -2.603 
-2.654 -2.702 -2.746 -2.787 -2.825 -2.860 -2.892 -2.921 -2.947 -2.971 
-2.972 
-2.894 -2.886 -2.897 -2.906 -2.913 -2.919 -2.923 -2.926 -2.926 -2.925 
-2.922 -2.917 -2.911 -2.902 -2.891 -2.878 -2.862 -2.845 -2.825 -2.802 
-2.777 -2.749 -2.718 -2.684 -2.646 -2.605 -2.560 -2.510 -2.455 -2.395 
-2.328 -2.253 -2.170 -2.076 -1.974 -1.869 -1.775 -1.700 -1.627 -1.538 
-1.434 -1.331 -1.249 -1.212 -1.229 -1.293 -1.384 -1.485 -1.584 -1.675 
-1.757 -1.830 -1.894 -1.950 -1.998 -2.040 -2.075 -2.104 -2.128 -2.146 
-2.158 -2.165 -2.167 -2.165 -2.159 -2.152 -2.147 -2.148 -2.163 -2.194 
-2.239 -2.292 -2.346 -2.399 -2.448 -2.492 -2.533 -2.570 -2.605 -2.637 
-2.667 -2.695 -2.721 -2.745 -2.768 -2.789 -2.809 -2.827 -2.844 -2.860 
-2.890 
-3.051 -3.079 -3.093 -3.104 -3.113 -3.120 -3.123 -3.125 -3.124 -3.120 
-3.113 -3.104 -3.093 -3.078 -3.061 -3.041 -3.017 -2.991 -2.961 -2.927 
-2.889 -2.848 -2.802 -2.751 -2.694 -2.632 -2.563 -2.486 -2.401 -2.305 
-2.199 -2.080 -1.947 -1.803 -1.656 -1.528 -1.448 -1.439 -1.490 -1.567 
-1.639 -1.686 -1.712 -1.736 -1.781 -1.849 -1.926 -2.001 -2.068 -2.124 
-2.169 -2.203 -2.229 -2.245 -2.252 -2.251 -2.241 -2.223 -2.197 -2.163 
-2.121 -2.073 -2.020 -1.966 -1.914 -1.867 -1.829 -1.806 -1.810 -1.844 
-1.909 -1.995 -2.092 -2.190 -2.285 -2.374 -2.456 -2.532 -2.600 -2.663 
-2.720 -2.771 -2.818 -2.861 -2.900 -2.935 -2.966 -2.995 -3.020 -3.042 
-3.045 
-3.123 -3.139 -3.150 -3.160 -3.166 -3.170 -3.171 -3.170 -3.166 -3.159 
-3.150 -3.138 -3.123 -3.106 -3.086 -3.062 -3.036 -3.006 -2.974 -2.937 
-2.897 -2.853 -2.805 -2.752 -2.694 -2.631 -2.562 -2.487 -2.405 -2.315 
-2.216 -2.108 -1.990 -1.863 -1.731 -1.606 -1.507 -1.456 -1.459 -1.509 
-1.586 -1.674 -1.761 -1.839 -1.908 -1.966 -2.015 -2.054 -2.084 -2.105 
-2.119 -2.125 -2.124 -2.115 -2.098 -2.075 -2.044 -2.006 -1.961 -1.910 
-1.856 -1.802 -1.755 -1.722 -1.711 -1.726 -1.766 -1.824 -1.896 -1.978 
-2.067 -2.160 -2.252 -2.340 -2.424 -2.501 -2.573 -2.640 -2.701 -2.757 
-2.809 -2.857 -2.900 -2.940 -2.976 -3.008 -3.037 -3.064 -3.087 -3.107 
-3.119 
-3.083 -3.096 -3.109 -3.120 -3.128 -3.133 -3.135 -3.136 -3.133 -3.128 
-3.121 -3.111 -3.098 -3.083 -3.065 -3.044 -3.021 -2.994 -2.965 -2.932 
-2.896 -2.857 -2.814 -2.768 -2.718 -2.664 -2.606 -2.545 -2.479 -2.410 
-2.338 -2.263 -2.186 -2.109 -2.032 -1.959 -1.895 -1.849 -1.826 -1.822 
-1.826 -1.839 -1.866 -1.910 -1.964 -2.018 -2.067 -2.110 -2.144 -2.171 
-2.190 -2.203 -2.209 -2.208 -2.201 -2.189 -2.170 -2.146 -2.116 -2.083 
-2.045 -2.007 -1.971 -1.942 -1.924 -1.923 -1.939 -1.970 -2.016 -2.072 
-2.136 -2.205 -2.275 -2.346 -2.415 -2.482 -2.545 -2.606 -2.663 -2.716 
-2.765 -2.811 -2.854 -2.893 -2.929 -2.961 -2.991 -3.018 -3.042 -3.063 
-3.077 
-3.057 -3.063 -3.080 -3.095 -3.107 -3.117 -3.124 -3.129 -3.131 -3.131 
-3.129 -3.124 -3.116 -3.106 -3.094 -3.079 -3.061 -3.040 -3.017 -2.990 
-2.961 -2.928 -2.892 -2.853 -2.810 -2.763 -2.711 -2.656 -2.595 -2.530 
-2.460 -2.384 -2.302 -2.214 -2.120 -2.018 -1.910 -1.795 -1.680 -1.574 
-1.492 -1.447 -1.447 -1.487 -1.555 -1.636 -1.716 -1.791 -1.857 -1.914 
-1.962 -2.001 -2.033 -2.056 -2.073 -2.084 -2.088 -2.087 -2.081 -2.071 
-2.058 -2.042 -2.025 -2.010 -1.998 -1.993 -1.997 -2.012 -2.039 -2.076 
-2.122 -2.175 -2.232 -2.292 -2.354 -2.415 -2.476 -2.534 -2.590 -2.644 
-2.695 -2.743 -2.788 -2.830 -2.869 -2.905 -2.938 -2.969 -2.996 -3.021 
-3.049 
-3.182 -3.202 -3.218 -3.232 -3.243 -3.251 -3.257 -3.261 -3.261 -3.260 
-3.256 -3.249 -3.239 -3.227 -3.213 -3.195 -3.175 -3.151 -3.125 -3.095 
-3.062 -3.026 -2.986 -2.942 -2.893 -2.840 -2.782 -2.718 -2.648 -2.571 
-2.486 -2.392 -2.288 -2.171 -2.042 -1.900 -1.755 -1.634 -1.557 -1.514 
-1.504 -1.531 -1.591 -1.670 -1.757 -1.840 -1.916 -1.982 -2.038 -2.084 
-2.122 -2.150 -2.170 -2.183 -2.189 -2.187 -2.179 -2.164 -2.143 -2.116 
-2.085 -2.049 -2.013 -1.977 -1.947 -1.928 -1.927 -1.949 -1.992 -2.053 
-2.125 -2.203 -2.283 -2.363 -2.440 -2.515 -2.585 -2.652 -2.715 -2.774 
-2.828 -2.879 -2.926 -2.969 -3.009 -3.046 -3.079 -3.110 -3.137 -3.162 
-3.175 
-3.276 -3.301 -3.316 -3.329 -3.338 -3.345 -3.349 -3.351 -3.350 -3.346 
-3.340 -3.331 -3.319 -3.304 -3.287 -3.266 -3.242 -3.215 -3.185 -3.151 
-3.113 -3.072 -3.025 -2.974 -2.918 -2.856 -2.788 -2.712 -2.628 -2.534 
-2.428 -2.309 -2.173 -2.018 -1.844 -1.659 -1.497 -1.410 -1.428 -1.520 
-1.632 -1.736 -1.823 -1.896 -1.961 -2.020 -2.077 -2.129 -2.175 -2.213 
-2.243 -2.265 -2.279 -2.285 -2.283 -2.273 -2.256 -2.230 -2.197 -2.156 
-2.108 -2.053 -1.993 -1.932 -1.877 -1.838 -1.828 -1.853 -1.914 -2.000 
-2.101 -2.205 -2.308 -2.407 -2.499 -2.585 -2.664 -2.738 -2.806 -2.868 
-2.926 -2.978 -3.027 -3.071 -3.112 -3.149 -3.182 -3.212 -3.239 -3.263 
-3.271 
-3.236 -3.245 -3.264 -3.279 -3.293 -3.304 -3.312 -3.318 -3.321 -3.323 
-3.321 -3.318 -3.311 -3.303 -3.291 -3.278 -3.261 -3.242 -3.220 -3.195 
-3.168 -3.137 -3.102 -3.065 -3.023 -2.977 -2.927 -2.873 -2.812 -2.746 
-2.672 -2.590 -2.497 -2.392 -2.271 -2.135 -1.995 -1.891 -1.845 -1.809 
-1.748 -1.677 -1.628 -1.615 -1.631 -1.667 -1.715 -1.770 -1.825 -1.875 
-1.920 -1.956 -1.985 -2.006 -2.019 -2.024 -2.022 -2.013 -1.997 -1.976 
-1.950 -1.921 -1.891 -1.865 -1.847 -1.841 -1.854 -1.889 -1.945 -2.017 
-2.098 -2.184 -2.272 -2.357 -2.440 -2.519 -2.593 -2.663 -2.729 -2.790 
-2.847 -2.900 -2.950 -2.995 -3.037 -3.076 -3.112 -3.144 -3.174 -3.200 
-3.228 
-3.299 -3.314 -3.332 -3.348 -3.361 -3.371 -3.379 -3.384 -3.387 -3.387 
-3.385 -3.381 -3.374 -3.364 -3.352 -3.337 -3.320 -3.300 -3.277 -3.251 
-3.222 -3.190 -3.154 -3.115 -3.072 -3.025 -2.974 -2.918 -2.857 -2.790 
-2.717 -2.637 -2.550 -2.453 -2.348 -2.232 -2.106 -1.971 -1.830 -1.686 
-1.550 -1.450 -1.416 -1.455 -1.541 -1.644 -1.744 -1.833 -1.910 -1.974 
-2.026 -2.068 -2.099 -2.121 -2.135 -2.140 -2.137 -2.128 -2.111 -2.089 
-2.062 -2.032 -2.002 -1.975 -1.956 -1.950 -1.961 -1.992 -2.042 -2.107 
-2.182 -2.265 -2.349 -2.433 -2.515 -2.593 -2.667 -2.737 -2.802 -2.863 
-2.920 -2.973 -3.022 -3.067 -3.109 -3.148 -3.183 -3.215 -3.244 -3.270 
-3.291 
-3.412 -3.434 -3.449 -3.461 -3.471 -3.478 -3.482 -3.484 -3.483 -3.480 
-3.474 -3.466 -3.454 -3.440 -3.424 -3.404 -3.382 -3.356 -3.328 -3.296 
-3.261 -3.222 -3.179 -3.132 -3.080 -3.024 -2.962 -2.895 -2.821 -2.740 
-2.652 -2.556 -2.451 -2.338 -2.219 -2.098 -1.984 -1.888 -1.821 -1.786 
-1.778 -1.788 -1.824 -1.895 -1.984 -2.072 -2.150 -2.216 -2.270 -2.313 
-2.346 -2.369 -2.384 -2.391 -2.391 -2.383 -2.368 -2.347 -2.320 -2.287 
-2.251 -2.213 -2.176 -2.144 -2.122 -2.116 -2.126 -2.155 -2.201 -2.262 
-2.335 -2.417 -2.502 -2.588 -2.670 -2.749 -2.823 -2.892 -2.956 -3.015 
-3.070 -3.121 -3.168 -3.211 -3.250 -3.285 -3.318 -3.347 -3.373 -3.397 
-3.407 
-3.410 -3.431 -3.447 -3.461 -3.472 -3.481 -3.486 -3.488 -3.488 -3.485 
-3.480 -3.471 -3.459 -3.445 -3.428 -3.407 -3.383 -3.356 -3.326 -3.292 
-3.254 -3.211 -3.165 -3.113 -3.057 -2.995 -2.926 -2.851 -2.769 -2.678 
-2.578 -2.470 -2.353 -2.230 -2.109 -2.004 -1.931 -1.907 -1.931 -1.990 
-2.070 -2.159 -2.246 -2.328 -2.401 -2.465 -2.519 -2.565 -2.602 -2.632 
-2.655 -2.671 -2.681 -2.684 -2.680 -2.671 -2.655 -2.633 -2.605 -2.571 
-2.531 -2.485 -2.434 -2.381 -2.325 -2.271 -2.223 -2.186 -2.170 -2.181 
-2.223 -2.290 -2.374 -2.465 -2.558 -2.648 -2.733 -2.813 -2.887 -2.955 
-3.019 -3.076 -3.130 -3.178 -3.223 -3.263 -3.299 -3.332 -3.362 -3.388 
-3.403 
-3.353 -3.359 -3.375 -3.389 -3.399 -3.407 -3.413 -3.415 -3.415 -3.412 
-3.407 -3.398 -3.387 -3.373 -3.355 -3.335 -3.311 -3.284 -3.254 -3.220 
-3.182 -3.139 -3.093 -3.041 -2.984 -2.921 -2.851 -2.774 -2.690 -2.596 
-2.491 -2.376 -2.250 -2.115 -1.978 -1.854 -1.766 -1.735 -1.769 -1.857 
-1.971 -2.087 -2.193 -2.287 -2.369 -2.439 -2.499 -2.550 -2.592 -2.627 
-2.655 -2.676 -2.691 -2.701 -2.704 -2.703 -2.696 -2.684 -2.667 -2.646 
-2.619 -2.588 -2.554 -2.516 -2.476 -2.437 -2.402 -2.377 -2.365 -2.373 
-2.399 -2.442 -2.495 -2.554 -2.617 -2.681 -2.744 -2.806 -2.866 -2.924 
-2.978 -3.029 -3.076 -3.120 -3.161 -3.199 -3.233 -3.264 -3.292 -3.317 
-3.346 
-3.410 -3.438 -3.456 -3.472 -3.484 -3.494 -3.500 -3.505 -3.506 -3.504 
-3.500 -3.493 -3.483 -3.471 -3.455 -3.436 -3.414 -3.389 -3.361 -3.329 
-3.293 -3.253 -3.209 -3.160 -3.106 -3.047 -2.981 -2.908 -2.828 -2.739 
-2.639 -2.528 -2.404 -2.265 -2.112 -1.951 -1.799 -1.689 -1.654 -1.700 
-1.797 -1.913 -2.033 -2.146 -2.247 -2.333 -2.407 -2.469 -2.520 -2.561 
-2.593 -2.618 -2.635 -2.645 -2.648 -2.644 -2.634 -2.618 -2.595 -2.565 
-2.529 -2.488 -2.440 -2.389 -2.337 -2.286 -2.244 -2.215 -2.205 -2.217 
-2.250 -2.303 -2.374 -2.457 -2.546 -2.634 -2.720 -2.801 -2.876 -2.946 
-3.010 -3.070 -3.124 -3.174 -3.220 -3.262 -3.300 -3.334 -3.365 -3.393 
-3.403 
-3.390 -3.405 -3.430 -3.452 -3.471 -3.487 -3.500 -3.510 -3.517 -3.521 
-3.522 -3.521 -3.517 -3.510 -3.500 -3.487 -3.471 -3.452 -3.430 -3.404 
-3.375 -3.342 -3.306 -3.265 -3.220 -3.170 -3.115 -3.054 -2.986 -2.911 
-2.828 -2.735 -2.630 -2.512 -2.379 -2.231 -2.077 -1.941 -1.853 -1.803 
-1.786 -1.817 -1.896 -2.002 -2.113 -2.217 -2.309 -2.389 -2.456 -2.512 
-2.559 -2.596 -2.625 -2.646 -2.660 -2.666 -2.666 -2.658 -2.644 -2.623 
-2.594 -2.559 -2.516 -2.465 -2.408 -2.345 -2.278 -2.210 -2.147 -2.096 
-2.067 -2.068 -2.101 -2.164 -2.251 -2.356 -2.466 -2.573 -2.673 -2.766 
-2.851 -2.928 -2.999 -3.063 -3.122 -3.176 -3.224 -3.268 -3.308 -3.344 
-3.379 
-3.443 -3.477 -3.505 -3.530 -3.551 -3.569 -3.584 -3.595 -3.603 -3.608 
-3.610 -3.609 -3.605 -3.598 -3.587 -3.574 -3.556 -3.536 -3.512 -3.484 
-3.453 -3.417 -3.376 -3.331 -3.281 -3.224 -3.161 -3.091 -3.013 -2.924 
-2.824 -2.711 -2.581 -2.432 -2.263 -2.084 -1.926 -1.839 -1.850 -1.930 
-2.030 -2.135 -2.250 -2.367 -2.475 -2.570 -2.653 -2.724 -2.784 -2.834 
-2.875 -2.909 -2.934 -2.953 -2.966 -2.972 -2.972 -2.965 -2.953 -2.934 
-2.908 -2.875 -2.835 -2.788 -2.732 -2.667 -2.594 -2.512 -2.424 -2.332 
-2.243 -2.164 -2.107 -2.093 -2.134 -2.226 -2.347 -2.477 -2.603 -2.719 
-2.825 -2.920 -3.005 -3.082 -3.152 -3.214 -3.271 -3.321 -3.367 -3.408 
-3.426 
