IRGRID 64 91
1e+308

0.025 0.03 0.035 0.04 0.045 0.05 0.055 0.06 0.065 0.07
0.075 0.08 0.085 0.09 0.095 0.1 0.11 0.12 0.13 0.14
0.15 0.16 0.17 0.18 0.19 0.2 0.21 0.22 0.23 0.24
0.25 0.26 0.27 0.28 0.29 0.3 0.31 0.32 0.33 0.34
0.35 0.36 0.37 0.38 0.39 0.4 0.41 0.42 0.43 0.44
0.45 0.46 0.47 0.48 0.49 0.5 0.51 0.52 0.53 0.54
0.55 0.56 0.57 0.58
0 4 8 12 16 20 24 28 32 36
40 44 48 52 56 60 64 68 72 76
80 84 88 92 96 100 104 108 112 116
120 124 128 132 136 140 144 148 152 156
160 164 168 172 176 180 184 188 192 196
200 204 208 212 216 220 224 228 232 236
240 244 248 252 256 260 264 268 272 276
280 284 288 292 296 300 304 308 312 316
320 324 328 332 336 340 344 348 352 356
360
-3.306 -3.360 -3.359 -3.356 -3.351 -3.344 -3.334 -3.323 -3.310 -3.296 
-3.281 -3.264 -3.248 -3.231 -3.215 -3.200 -3.186 -3.173 -3.163 -3.154 
-3.148 -3.143 -3.140 -3.138 -3.138 -3.139 -3.140 -3.142 -3.145 -3.148 
-3.152 -3.156 -3.160 -3.164 -3.169 -3.172 -3.176 -3.178 -3.179 -3.179 
-3.177 -3.174 -3.168 -3.159 -3.148 -3.134 -3.117 -3.096 -3.072 -3.044 
-3.011 -2.973 -2.930 -2.881 -2.825 -2.762 -2.691 -2.610 -2.518 -2.413 
-2.295 -2.164 -2.030 -1.922 -1.878 -1.916 -2.017 -2.146 -2.276 -2.399 
-2.511 -2.612 -2.703 -2.786 -2.860 -2.927 -2.987 -3.041 -3.090 -3.133 
-3.172 -3.206 -3.237 -3.263 -3.286 -3.306 -3.322 -3.336 -3.346 -3.353 
-3.306 
-3.023 -3.031 -3.043 -3.052 -3.058 -3.061 -3.062 -3.060 -3.056 -3.050 
-3.042 -3.032 -3.020 -3.006 -2.991 -2.975 -2.957 -2.939 -2.919 -2.899 
-2.879 -2.858 -2.838 -2.818 -2.799 -2.780 -2.763 -2.747 -2.732 -2.718 
-2.705 -2.693 -2.680 -2.667 -2.651 -2.632 -2.607 -2.573 -2.525 -2.457 
-2.361 -2.224 -2.041 -1.836 -1.736 -1.840 -2.018 -2.166 -2.270 -2.337 
-2.376 -2.393 -2.395 -2.383 -2.359 -2.326 -2.283 -2.231 -2.170 -2.102 
-2.027 -1.950 -1.875 -1.812 -1.778 -1.782 -1.821 -1.883 -1.956 -2.030 
-2.095 -2.148 -2.187 -2.218 -2.250 -2.295 -2.354 -2.425 -2.500 -2.573 
-2.641 -2.703 -2.759 -2.808 -2.851 -2.890 -2.923 -2.952 -2.977 -2.999 
-3.020 
-2.729 -2.774 -2.791 -2.804 -2.812 -2.816 -2.815 -2.811 -2.803 -2.791 
-2.775 -2.757 -2.736 -2.712 -2.688 -2.663 -2.638 -2.615 -2.594 -2.577 
-2.565 -2.556 -2.553 -2.552 -2.554 -2.557 -2.559 -2.559 -2.556 -2.548 
-2.535 -2.514 -2.486 -2.449 -2.402 -2.342 -2.267 -2.176 -2.065 -1.928 
-1.760 -1.557 -1.325 -1.119 -1.034 -1.121 -1.307 -1.502 -1.664 -1.790 
-1.885 -1.954 -2.000 -2.026 -2.032 -2.019 -1.988 -1.939 -1.874 -1.803 
-1.740 -1.707 -1.717 -1.759 -1.810 -1.858 -1.895 -1.918 -1.925 -1.913 
-1.885 -1.846 -1.804 -1.771 -1.762 -1.783 -1.836 -1.914 -2.005 -2.101 
-2.194 -2.282 -2.363 -2.435 -2.500 -2.558 -2.609 -2.654 -2.692 -2.725 
-2.718 
-2.261 -2.276 -2.272 -2.264 -2.253 -2.239 -2.222 -2.202 -2.178 -2.153 
-2.125 -2.094 -2.062 -2.029 -1.996 -1.963 -1.932 -1.903 -1.877 -1.857 
-1.841 -1.831 -1.827 -1.826 -1.830 -1.837 -1.846 -1.858 -1.871 -1.887 
-1.905 -1.924 -1.944 -1.963 -1.981 -1.996 -2.008 -2.013 -2.011 -1.998 
-1.967 -1.909 -1.810 -1.677 -1.603 -1.672 -1.776 -1.842 -1.869 -1.870 
-1.852 -1.819 -1.775 -1.719 -1.651 -1.573 -1.483 -1.383 -1.278 -1.179 
-1.102 -1.070 -1.092 -1.159 -1.251 -1.346 -1.429 -1.494 -1.541 -1.574 
-1.599 -1.623 -1.653 -1.690 -1.734 -1.785 -1.842 -1.902 -1.960 -2.014 
-2.063 -2.106 -2.143 -2.176 -2.203 -2.226 -2.244 -2.258 -2.268 -2.275 
-2.263 
-1.834 -1.870 -1.889 -1.905 -1.918 -1.928 -1.934 -1.937 -1.937 -1.933 
-1.926 -1.915 -1.902 -1.885 -1.865 -1.843 -1.818 -1.791 -1.762 -1.732 
-1.701 -1.669 -1.638 -1.608 -1.580 -1.555 -1.535 -1.521 -1.513 -1.513 
-1.520 -1.533 -1.551 -1.573 -1.597 -1.621 -1.646 -1.668 -1.687 -1.703 
-1.713 -1.719 -1.718 -1.710 -1.693 -1.668 -1.631 -1.583 -1.522 -1.447 
-1.363 -1.274 -1.195 -1.145 -1.138 -1.166 -1.211 -1.252 -1.280 -1.289 
-1.286 -1.280 -1.282 -1.284 -1.279 -1.261 -1.232 -1.195 -1.156 -1.123 
-1.102 -1.099 -1.116 -1.150 -1.197 -1.252 -1.309 -1.365 -1.419 -1.469 
-1.515 -1.557 -1.597 -1.634 -1.670 -1.704 -1.736 -1.767 -1.796 -1.823 
-1.829 
-1.573 -1.579 -1.617 -1.655 -1.690 -1.724 -1.757 -1.786 -1.814 -1.839 
-1.861 -1.881 -1.898 -1.913 -1.924 -1.933 -1.939 -1.942 -1.942 -1.939 
-1.933 -1.925 -1.915 -1.902 -1.889 -1.874 -1.859 -1.845 -1.831 -1.818 
-1.806 -1.793 -1.779 -1.763 -1.743 -1.720 -1.693 -1.660 -1.623 -1.579 
-1.531 -1.476 -1.415 -1.347 -1.272 -1.189 -1.098 -0.998 -0.889 -0.773 
-0.654 -0.538 -0.438 -0.366 -0.325 -0.304 -0.288 -0.282 -0.304 -0.360 
-0.437 -0.521 -0.603 -0.678 -0.747 -0.809 -0.864 -0.913 -0.956 -0.993 
-1.026 -1.056 -1.085 -1.112 -1.137 -1.159 -1.179 -1.196 -1.211 -1.226 
-1.242 -1.259 -1.278 -1.301 -1.327 -1.357 -1.390 -1.425 -1.462 -1.501 
-1.556 
-1.303 -1.383 -1.384 -1.386 -1.389 -1.395 -1.405 -1.420 -1.439 -1.462 
-1.489 -1.519 -1.549 -1.580 -1.610 -1.639 -1.666 -1.691 -1.713 -1.732 
-1.748 -1.761 -1.771 -1.778 -1.782 -1.782 -1.780 -1.774 -1.765 -1.752 
-1.737 -1.719 -1.697 -1.672 -1.643 -1.611 -1.575 -1.536 -1.493 -1.445 
-1.393 -1.337 -1.276 -1.210 -1.138 -1.060 -0.975 -0.884 -0.784 -0.676 
-0.560 -0.435 -0.303 -0.166 -0.027 0.109 0.228 0.312 0.360 0.434 
0.866 1.061 0.349 0.094 -0.057 -0.173 -0.273 -0.363 -0.449 -0.531 
-0.609 -0.685 -0.758 -0.827 -0.892 -0.954 -1.011 -1.063 -1.111 -1.155 
-1.194 -1.229 -1.260 -1.288 -1.311 -1.331 -1.348 -1.361 -1.370 -1.377 
-1.300 
-0.832 -0.783 -0.769 -0.758 -0.752 -0.751 -0.756 -0.768 -0.786 -0.811 
-0.841 -0.876 -0.913 -0.952 -0.992 -1.032 -1.071 -1.108 -1.144 -1.177 
-1.208 -1.237 -1.262 -1.285 -1.305 -1.323 -1.337 -1.348 -1.357 -1.363 
-1.365 -1.365 -1.362 -1.355 -1.345 -1.332 -1.316 -1.296 -1.272 -1.245 
-1.213 -1.177 -1.137 -1.091 -1.040 -0.983 -0.919 -0.848 -0.768 -0.679 
-0.578 -0.464 -0.335 -0.189 -0.024 0.157 0.339 0.494 0.652 1.064 
1.555 1.693 1.221 0.605 0.337 0.173 0.059 -0.028 -0.102 -0.171 
-0.240 -0.313 -0.388 -0.462 -0.534 -0.599 -0.658 -0.708 -0.751 -0.785 
-0.813 -0.833 -0.847 -0.855 -0.858 -0.856 -0.850 -0.840 -0.828 -0.813 
-0.841 
-1.076 -1.124 -1.141 -1.155 -1.170 -1.184 -1.200 -1.218 -1.239 -1.261 
-1.284 -1.309 -1.333 -1.357 -1.380 -1.401 -1.420 -1.436 -1.450 -1.462 
-1.471 -1.477 -1.481 -1.482 -1.481 -1.476 -1.469 -1.460 -1.447 -1.432 
-1.414 -1.393 -1.369 -1.342 -1.312 -1.278 -1.241 -1.200 -1.156 -1.107 
-1.055 -0.997 -0.935 -0.867 -0.793 -0.712 -0.624 -0.528 -0.422 -0.305 
-0.175 -0.031 0.131 0.311 0.510 0.718 0.911 1.091 1.272 1.032 
1.107 1.194 0.748 0.619 0.546 0.497 0.458 0.422 0.383 0.334 
0.272 0.196 0.107 0.010 -0.092 -0.195 -0.295 -0.391 -0.482 -0.568 
-0.646 -0.719 -0.785 -0.844 -0.898 -0.946 -0.988 -1.024 -1.056 -1.083 
-1.066 
-1.027 -1.079 -1.105 -1.130 -1.153 -1.175 -1.195 -1.215 -1.233 -1.250 
-1.267 -1.282 -1.296 -1.310 -1.322 -1.333 -1.343 -1.352 -1.360 -1.366 
-1.371 -1.375 -1.377 -1.377 -1.376 -1.373 -1.368 -1.362 -1.353 -1.343 
-1.330 -1.315 -1.298 -1.279 -1.257 -1.232 -1.204 -1.174 -1.140 -1.103 
-1.062 -1.017 -0.968 -0.914 -0.855 -0.790 -0.718 -0.638 -0.550 -0.451 
-0.340 -0.213 -0.067 0.104 0.310 0.571 0.946 1.421 1.749 1.430 
0.924 0.617 0.417 0.274 0.167 0.084 0.019 -0.036 -0.085 -0.134 
-0.186 -0.239 -0.293 -0.345 -0.393 -0.437 -0.477 -0.515 -0.553 -0.593 
-0.636 -0.681 -0.728 -0.776 -0.822 -0.867 -0.909 -0.949 -0.985 -1.019 
-1.024 
-0.791 -0.803 -0.855 -0.905 -0.951 -0.994 -1.034 -1.071 -1.105 -1.136 
-1.165 -1.191 -1.215 -1.236 -1.255 -1.271 -1.285 -1.297 -1.307 -1.314 
-1.319 -1.322 -1.322 -1.321 -1.316 -1.310 -1.301 -1.290 -1.276 -1.259 
-1.240 -1.218 -1.193 -1.165 -1.134 -1.099 -1.061 -1.019 -0.973 -0.923 
-0.867 -0.807 -0.741 -0.668 -0.588 -0.501 -0.405 -0.299 -0.182 -0.055 
0.081 0.222 0.363 0.498 0.633 0.802 1.071 1.529 1.894 1.735 
1.361 1.026 0.828 0.691 0.577 0.473 0.378 0.294 0.224 0.168 
0.124 0.092 0.068 0.051 0.037 0.024 0.010 -0.010 -0.036 -0.071 
-0.114 -0.166 -0.225 -0.289 -0.357 -0.425 -0.494 -0.561 -0.626 -0.688 
-0.765 
-1.000 -1.067 -1.097 -1.124 -1.148 -1.169 -1.188 -1.205 -1.219 -1.231 
-1.241 -1.249 -1.256 -1.260 -1.263 -1.264 -1.264 -1.261 -1.257 -1.251 
-1.243 -1.233 -1.221 -1.207 -1.191 -1.172 -1.151 -1.128 -1.102 -1.073 
-1.041 -1.006 -0.967 -0.926 -0.880 -0.830 -0.777 -0.719 -0.656 -0.587 
-0.514 -0.434 -0.347 -0.253 -0.151 -0.041 0.079 0.209 0.348 0.495 
0.647 0.795 0.930 1.038 1.118 1.205 1.436 1.339 1.437 1.319 
1.161 1.103 1.060 1.003 0.920 0.811 0.684 0.549 0.414 0.286 
0.167 0.059 -0.037 -0.123 -0.198 -0.265 -0.326 -0.381 -0.435 -0.488 
-0.542 -0.597 -0.653 -0.709 -0.763 -0.816 -0.866 -0.913 -0.957 -0.997 
-0.993 
-0.949 -0.953 -0.961 -0.967 -0.972 -0.977 -0.981 -0.984 -0.987 -0.989 
-0.991 -0.992 -0.994 -0.995 -0.995 -0.996 -0.996 -0.996 -0.995 -0.994 
-0.992 -0.990 -0.986 -0.982 -0.976 -0.970 -0.961 -0.952 -0.941 -0.927 
-0.912 -0.895 -0.875 -0.853 -0.828 -0.800 -0.769 -0.734 -0.696 -0.653 
-0.605 -0.553 -0.494 -0.429 -0.357 -0.276 -0.186 -0.085 0.028 0.155 
0.298 0.456 0.636 0.851 1.144 1.566 1.858 1.657 1.240 0.904 
0.721 0.607 0.522 0.440 0.350 0.248 0.139 0.033 -0.066 -0.156 
-0.237 -0.310 -0.376 -0.436 -0.491 -0.542 -0.588 -0.632 -0.672 -0.709 
-0.744 -0.775 -0.803 -0.829 -0.852 -0.873 -0.891 -0.907 -0.921 -0.933 
-0.948 
-0.853 -0.882 -0.912 -0.939 -0.964 -0.988 -1.009 -1.029 -1.046 -1.062 
-1.076 -1.088 -1.099 -1.107 -1.115 -1.120 -1.124 -1.126 -1.127 -1.126 
-1.123 -1.118 -1.112 -1.103 -1.093 -1.081 -1.066 -1.050 -1.031 -1.009 
-0.986 -0.960 -0.931 -0.899 -0.864 -0.826 -0.784 -0.739 -0.690 -0.637 
-0.579 -0.516 -0.447 -0.372 -0.290 -0.199 -0.099 0.012 0.138 0.282 
0.448 0.646 0.887 1.183 1.501 1.701 1.720 1.450 1.136 0.912 
0.744 0.612 0.505 0.417 0.341 0.276 0.219 0.167 0.119 0.074 
0.029 -0.014 -0.058 -0.103 -0.148 -0.194 -0.241 -0.289 -0.338 -0.386 
-0.434 -0.482 -0.529 -0.575 -0.619 -0.662 -0.704 -0.744 -0.781 -0.817 
-0.841 
-0.800 -0.812 -0.847 -0.879 -0.910 -0.939 -0.966 -0.992 -1.015 -1.036 
-1.055 -1.073 -1.088 -1.101 -1.112 -1.122 -1.129 -1.134 -1.137 -1.138 
-1.137 -1.134 -1.129 -1.121 -1.112 -1.100 -1.086 -1.069 -1.050 -1.029 
-1.005 -0.978 -0.949 -0.916 -0.880 -0.842 -0.799 -0.753 -0.703 -0.648 
-0.589 -0.524 -0.454 -0.376 -0.291 -0.197 -0.093 0.025 0.159 0.314 
0.498 0.724 1.014 1.315 1.473 1.543 1.388 1.129 0.899 0.717 
0.573 0.458 0.362 0.283 0.216 0.159 0.110 0.066 0.028 -0.006 
-0.038 -0.068 -0.098 -0.127 -0.157 -0.188 -0.220 -0.255 -0.291 -0.328 
-0.368 -0.408 -0.450 -0.492 -0.534 -0.576 -0.618 -0.659 -0.700 -0.739 
-0.786 
-0.997 -1.046 -1.083 -1.118 -1.150 -1.181 -1.209 -1.235 -1.258 -1.279 
-1.299 -1.316 -1.330 -1.343 -1.353 -1.362 -1.368 -1.372 -1.373 -1.373 
-1.370 -1.365 -1.358 -1.349 -1.337 -1.323 -1.307 -1.288 -1.266 -1.242 
-1.215 -1.185 -1.152 -1.115 -1.076 -1.032 -0.985 -0.934 -0.878 -0.816 
-0.750 -0.677 -0.597 -0.508 -0.410 -0.301 -0.177 -0.035 0.131 0.331 
0.582 0.915 1.286 1.501 1.370 1.138 0.875 0.648 0.472 0.334 
0.226 0.138 0.066 0.007 -0.042 -0.082 -0.116 -0.145 -0.169 -0.191 
-0.212 -0.232 -0.253 -0.276 -0.301 -0.331 -0.364 -0.401 -0.442 -0.486 
-0.533 -0.582 -0.632 -0.682 -0.732 -0.782 -0.830 -0.877 -0.922 -0.966 
-0.985 
-1.135 -1.154 -1.186 -1.215 -1.242 -1.266 -1.289 -1.309 -1.327 -1.343 
-1.356 -1.368 -1.377 -1.385 -1.390 -1.393 -1.394 -1.392 -1.389 -1.383 
-1.376 -1.366 -1.353 -1.339 -1.322 -1.302 -1.281 -1.256 -1.229 -1.199 
-1.166 -1.131 -1.092 -1.049 -1.004 -0.954 -0.900 -0.843 -0.780 -0.712 
-0.639 -0.560 -0.474 -0.380 -0.278 -0.166 -0.042 0.096 0.250 0.427 
0.633 0.869 1.118 1.291 1.198 1.033 0.876 0.745 0.631 0.523 
0.418 0.319 0.230 0.151 0.082 0.021 -0.032 -0.079 -0.123 -0.164 
-0.205 -0.245 -0.287 -0.330 -0.375 -0.421 -0.470 -0.520 -0.570 -0.622 
-0.674 -0.725 -0.776 -0.825 -0.873 -0.920 -0.964 -1.006 -1.047 -1.085 
-1.122 
-1.340 -1.372 -1.393 -1.412 -1.428 -1.443 -1.455 -1.465 -1.473 -1.478 
-1.482 -1.484 -1.483 -1.480 -1.475 -1.468 -1.459 -1.448 -1.434 -1.419 
-1.401 -1.380 -1.357 -1.332 -1.305 -1.274 -1.241 -1.206 -1.167 -1.126 
-1.081 -1.033 -0.982 -0.926 -0.868 -0.805 -0.737 -0.665 -0.588 -0.506 
-0.418 -0.323 -0.222 -0.115 0.000 0.119 0.241 0.361 0.476 0.587 
0.699 0.816 0.935 1.034 1.076 1.088 1.085 1.057 0.997 0.908 
0.796 0.671 0.542 0.413 0.287 0.167 0.053 -0.054 -0.154 -0.247 
-0.334 -0.415 -0.491 -0.563 -0.632 -0.697 -0.759 -0.818 -0.874 -0.928 
-0.979 -1.028 -1.074 -1.117 -1.158 -1.196 -1.231 -1.264 -1.295 -1.323 
-1.333 
-1.494 -1.510 -1.529 -1.546 -1.560 -1.572 -1.581 -1.589 -1.594 -1.597 
-1.598 -1.597 -1.594 -1.588 -1.580 -1.570 -1.558 -1.544 -1.527 -1.508 
-1.486 -1.462 -1.435 -1.406 -1.374 -1.339 -1.301 -1.260 -1.216 -1.168 
-1.117 -1.061 -1.002 -0.938 -0.869 -0.794 -0.714 -0.628 -0.534 -0.433 
-0.323 -0.204 -0.075 0.063 0.209 0.356 0.489 0.588 0.640 0.653 
0.642 0.625 0.613 0.611 0.615 0.620 0.620 0.607 0.581 0.545 
0.503 0.456 0.402 0.337 0.257 0.161 0.054 -0.058 -0.171 -0.280 
-0.384 -0.482 -0.575 -0.661 -0.742 -0.818 -0.889 -0.955 -1.017 -1.074 
-1.128 -1.178 -1.225 -1.268 -1.308 -1.345 -1.379 -1.411 -1.439 -1.466 
-1.487 
-1.602 -1.634 -1.656 -1.675 -1.692 -1.706 -1.718 -1.727 -1.734 -1.739 
-1.741 -1.742 -1.740 -1.735 -1.729 -1.720 -1.709 -1.695 -1.679 -1.661 
-1.639 -1.616 -1.589 -1.560 -1.528 -1.493 -1.455 -1.413 -1.368 -1.319 
-1.266 -1.209 -1.147 -1.080 -1.008 -0.929 -0.843 -0.750 -0.647 -0.535 
-0.411 -0.274 -0.121 0.047 0.228 0.407 0.556 0.639 0.651 0.618 
0.551 0.459 0.371 0.301 0.250 0.217 0.201 0.200 0.211 0.234 
0.263 0.295 0.319 0.324 0.296 0.230 0.132 0.016 -0.107 -0.229 
-0.347 -0.459 -0.565 -0.665 -0.759 -0.846 -0.928 -1.004 -1.075 -1.141 
-1.202 -1.259 -1.311 -1.360 -1.406 -1.447 -1.486 -1.521 -1.554 -1.584 
-1.594 
-1.558 -1.575 -1.601 -1.623 -1.644 -1.662 -1.677 -1.690 -1.700 -1.708 
-1.714 -1.717 -1.718 -1.717 -1.714 -1.708 -1.699 -1.689 -1.676 -1.660 
-1.642 -1.621 -1.598 -1.572 -1.543 -1.511 -1.476 -1.438 -1.397 -1.352 
-1.303 -1.251 -1.195 -1.134 -1.069 -0.999 -0.925 -0.846 -0.761 -0.671 
-0.575 -0.471 -0.356 -0.226 -0.079 0.087 0.264 0.437 0.594 0.700 
0.705 0.612 0.480 0.354 0.252 0.176 0.122 0.089 0.073 0.073 
0.083 0.099 0.110 0.110 0.092 0.058 0.013 -0.040 -0.102 -0.174 
-0.255 -0.343 -0.434 -0.527 -0.619 -0.708 -0.793 -0.873 -0.949 -1.021 
-1.088 -1.150 -1.209 -1.263 -1.314 -1.361 -1.404 -1.445 -1.482 -1.516 
-1.547 
-1.568 -1.579 -1.594 -1.608 -1.618 -1.627 -1.633 -1.637 -1.638 -1.637 
-1.634 -1.628 -1.620 -1.610 -1.598 -1.582 -1.565 -1.545 -1.522 -1.497 
-1.469 -1.439 -1.405 -1.369 -1.329 -1.286 -1.240 -1.191 -1.138 -1.081 
-1.021 -0.957 -0.889 -0.818 -0.744 -0.668 -0.591 -0.515 -0.444 -0.378 
-0.321 -0.272 -0.231 -0.197 -0.167 -0.136 -0.094 -0.031 0.058 0.141 
0.149 0.092 0.031 -0.006 -0.018 -0.008 0.019 0.060 0.114 0.177 
0.241 0.296 0.327 0.315 0.242 0.127 0.001 -0.123 -0.240 -0.350 
-0.455 -0.555 -0.650 -0.739 -0.823 -0.901 -0.974 -1.041 -1.104 -1.162 
-1.216 -1.266 -1.311 -1.354 -1.392 -1.428 -1.460 -1.489 -1.516 -1.539 
-1.561 
-1.645 -1.668 -1.682 -1.693 -1.702 -1.709 -1.713 -1.714 -1.713 -1.710 
-1.704 -1.696 -1.685 -1.671 -1.655 -1.637 -1.616 -1.591 -1.565 -1.535 
-1.502 -1.466 -1.426 -1.383 -1.337 -1.287 -1.232 -1.174 -1.111 -1.043 
-0.971 -0.894 -0.813 -0.728 -0.641 -0.554 -0.470 -0.395 -0.331 -0.284 
-0.254 -0.238 -0.229 -0.221 -0.210 -0.203 -0.208 -0.229 -0.260 -0.288 
-0.309 -0.319 -0.318 -0.306 -0.282 -0.245 -0.194 -0.128 -0.045 0.057 
0.177 0.308 0.420 0.461 0.395 0.247 0.075 -0.083 -0.224 -0.352 
-0.475 -0.592 -0.702 -0.804 -0.897 -0.982 -1.061 -1.132 -1.198 -1.258 
-1.313 -1.363 -1.409 -1.451 -1.489 -1.524 -1.555 -1.584 -1.609 -1.631 
-1.640 
-1.617 -1.639 -1.662 -1.683 -1.701 -1.716 -1.729 -1.739 -1.747 -1.752 
-1.755 -1.755 -1.753 -1.749 -1.742 -1.733 -1.721 -1.707 -1.690 -1.670 
-1.648 -1.623 -1.594 -1.563 -1.529 -1.491 -1.449 -1.404 -1.355 -1.301 
-1.243 -1.181 -1.113 -1.041 -0.964 -0.882 -0.797 -0.709 -0.619 -0.527 
-0.429 -0.324 -0.209 -0.090 0.018 0.097 0.127 0.109 0.057 -0.008 
-0.074 -0.132 -0.181 -0.219 -0.247 -0.263 -0.269 -0.262 -0.244 -0.210 
-0.160 -0.092 -0.015 0.036 0.034 0.014 0.003 -0.012 -0.049 -0.116 
-0.210 -0.319 -0.434 -0.548 -0.657 -0.758 -0.853 -0.940 -1.021 -1.096 
-1.164 -1.228 -1.286 -1.340 -1.390 -1.436 -1.478 -1.517 -1.552 -1.584 
-1.607 
-1.546 -1.563 -1.584 -1.602 -1.618 -1.632 -1.644 -1.653 -1.660 -1.665 
-1.668 -1.669 -1.668 -1.665 -1.659 -1.651 -1.641 -1.629 -1.615 -1.598 
-1.579 -1.557 -1.534 -1.507 -1.478 -1.446 -1.412 -1.374 -1.334 -1.290 
-1.243 -1.193 -1.139 -1.081 -1.020 -0.954 -0.883 -0.808 -0.729 -0.644 
-0.555 -0.462 -0.367 -0.271 -0.180 -0.103 -0.050 -0.022 -0.012 -0.014 
-0.027 -0.045 -0.067 -0.090 -0.112 -0.131 -0.147 -0.160 -0.170 -0.178 
-0.185 -0.192 -0.199 -0.209 -0.222 -0.238 -0.261 -0.293 -0.339 -0.401 
-0.475 -0.554 -0.634 -0.713 -0.788 -0.860 -0.928 -0.993 -1.053 -1.111 
-1.165 -1.215 -1.263 -1.307 -1.349 -1.387 -1.423 -1.456 -1.486 -1.514 
-1.538 
-1.501 -1.520 -1.541 -1.560 -1.576 -1.590 -1.602 -1.612 -1.620 -1.625 
-1.629 -1.630 -1.629 -1.626 -1.621 -1.614 -1.605 -1.594 -1.580 -1.564 
-1.546 -1.525 -1.502 -1.477 -1.449 -1.418 -1.385 -1.349 -1.310 -1.268 
-1.223 -1.174 -1.123 -1.067 -1.008 -0.945 -0.878 -0.808 -0.733 -0.655 
-0.573 -0.490 -0.405 -0.322 -0.243 -0.172 -0.113 -0.069 -0.042 -0.034 
-0.041 -0.061 -0.088 -0.118 -0.148 -0.177 -0.203 -0.227 -0.249 -0.269 
-0.288 -0.308 -0.328 -0.350 -0.375 -0.403 -0.435 -0.470 -0.509 -0.551 
-0.596 -0.644 -0.695 -0.748 -0.803 -0.860 -0.917 -0.973 -1.027 -1.080 
-1.131 -1.179 -1.225 -1.268 -1.308 -1.346 -1.381 -1.414 -1.444 -1.472 
-1.493 
-1.508 -1.522 -1.552 -1.579 -1.603 -1.625 -1.645 -1.661 -1.676 -1.688 
-1.697 -1.704 -1.709 -1.712 -1.712 -1.710 -1.705 -1.699 -1.689 -1.678 
-1.664 -1.647 -1.628 -1.606 -1.581 -1.553 -1.523 -1.489 -1.452 -1.412 
-1.368 -1.320 -1.268 -1.211 -1.149 -1.083 -1.010 -0.932 -0.847 -0.758 
-0.666 -0.575 -0.490 -0.413 -0.338 -0.263 -0.189 -0.124 -0.078 -0.058 
-0.066 -0.096 -0.139 -0.188 -0.236 -0.280 -0.319 -0.351 -0.377 -0.396 
-0.409 -0.417 -0.419 -0.417 -0.412 -0.404 -0.398 -0.394 -0.397 -0.408 
-0.427 -0.457 -0.495 -0.542 -0.597 -0.659 -0.725 -0.793 -0.861 -0.929 
-0.995 -1.058 -1.119 -1.176 -1.231 -1.282 -1.330 -1.374 -1.416 -1.454 
-1.494 
-1.703 -1.735 -1.759 -1.779 -1.797 -1.813 -1.825 -1.836 -1.843 -1.848 
-1.851 -1.851 -1.849 -1.844 -1.836 -1.827 -1.814 -1.799 -1.781 -1.760 
-1.737 -1.711 -1.681 -1.648 -1.612 -1.573 -1.529 -1.482 -1.430 -1.374 
-1.313 -1.246 -1.174 -1.095 -1.010 -0.917 -0.817 -0.710 -0.598 -0.486 
-0.379 -0.291 -0.233 -0.210 -0.219 -0.247 -0.281 -0.314 -0.344 -0.373 
-0.406 -0.441 -0.474 -0.504 -0.526 -0.541 -0.547 -0.546 -0.538 -0.523 
-0.503 -0.480 -0.455 -0.429 -0.404 -0.381 -0.366 -0.366 -0.385 -0.428 
-0.489 -0.563 -0.645 -0.730 -0.814 -0.898 -0.978 -1.056 -1.129 -1.199 
-1.264 -1.326 -1.383 -1.436 -1.486 -1.531 -1.573 -1.612 -1.648 -1.680 
-1.695 
-1.859 -1.883 -1.899 -1.914 -1.926 -1.935 -1.943 -1.948 -1.951 -1.951 
-1.949 -1.945 -1.939 -1.930 -1.919 -1.906 -1.890 -1.872 -1.851 -1.828 
-1.802 -1.773 -1.741 -1.707 -1.669 -1.629 -1.585 -1.537 -1.486 -1.431 
-1.371 -1.308 -1.239 -1.166 -1.087 -1.004 -0.915 -0.821 -0.723 -0.624 
-0.526 -0.436 -0.361 -0.307 -0.275 -0.264 -0.269 -0.285 -0.308 -0.332 
-0.355 -0.374 -0.387 -0.394 -0.395 -0.388 -0.376 -0.360 -0.340 -0.321 
-0.306 -0.301 -0.309 -0.333 -0.374 -0.426 -0.488 -0.556 -0.630 -0.710 
-0.794 -0.881 -0.967 -1.051 -1.130 -1.206 -1.276 -1.342 -1.404 -1.461 
-1.515 -1.564 -1.610 -1.652 -1.691 -1.727 -1.760 -1.790 -1.817 -1.841 
-1.853 
-1.887 -1.898 -1.917 -1.934 -1.949 -1.961 -1.970 -1.978 -1.983 -1.986 
-1.987 -1.985 -1.982 -1.976 -1.968 -1.958 -1.945 -1.930 -1.913 -1.893 
-1.871 -1.846 -1.819 -1.789 -1.757 -1.721 -1.683 -1.642 -1.597 -1.550 
-1.499 -1.445 -1.387 -1.325 -1.260 -1.191 -1.119 -1.043 -0.965 -0.886 
-0.807 -0.730 -0.659 -0.597 -0.550 -0.519 -0.505 -0.504 -0.512 -0.525 
-0.539 -0.552 -0.563 -0.570 -0.572 -0.571 -0.564 -0.553 -0.539 -0.523 
-0.506 -0.492 -0.483 -0.481 -0.488 -0.505 -0.534 -0.579 -0.641 -0.715 
-0.796 -0.881 -0.964 -1.045 -1.123 -1.197 -1.268 -1.334 -1.396 -1.454 
-1.509 -1.559 -1.607 -1.651 -1.692 -1.730 -1.765 -1.797 -1.826 -1.853 
-1.879 
-1.947 -1.977 -1.999 -2.018 -2.036 -2.050 -2.062 -2.072 -2.079 -2.084 
-2.087 -2.087 -2.085 -2.081 -2.075 -2.066 -2.054 -2.041 -2.024 -2.006 
-1.984 -1.960 -1.934 -1.904 -1.872 -1.837 -1.798 -1.756 -1.711 -1.662 
-1.610 -1.553 -1.492 -1.426 -1.356 -1.281 -1.200 -1.114 -1.023 -0.928 
-0.829 -0.730 -0.636 -0.553 -0.489 -0.452 -0.443 -0.456 -0.485 -0.522 
-0.559 -0.593 -0.622 -0.644 -0.659 -0.666 -0.665 -0.656 -0.640 -0.616 
-0.584 -0.545 -0.501 -0.454 -0.409 -0.376 -0.364 -0.384 -0.439 -0.524 
-0.626 -0.737 -0.847 -0.954 -1.054 -1.148 -1.236 -1.317 -1.392 -1.461 
-1.526 -1.586 -1.641 -1.692 -1.739 -1.783 -1.823 -1.860 -1.893 -1.924 
-1.939 
-1.829 -1.870 -1.895 -1.918 -1.939 -1.957 -1.972 -1.986 -1.996 -2.005 
-2.011 -2.015 -2.016 -2.015 -2.011 -2.005 -1.997 -1.986 -1.973 -1.957 
-1.939 -1.918 -1.894 -1.868 -1.839 -1.807 -1.772 -1.734 -1.693 -1.649 
-1.601 -1.550 -1.495 -1.437 -1.375 -1.310 -1.241 -1.169 -1.094 -1.018 
-0.942 -0.867 -0.796 -0.733 -0.682 -0.645 -0.623 -0.611 -0.605 -0.598 
-0.587 -0.576 -0.577 -0.595 -0.622 -0.647 -0.665 -0.673 -0.674 -0.666 
-0.654 -0.637 -0.619 -0.602 -0.589 -0.585 -0.594 -0.623 -0.672 -0.736 
-0.811 -0.889 -0.967 -1.044 -1.117 -1.185 -1.249 -1.308 -1.363 -1.415 
-1.463 -1.509 -1.553 -1.594 -1.635 -1.674 -1.711 -1.747 -1.781 -1.812 
-1.822 
-1.649 -1.654 -1.691 -1.727 -1.760 -1.792 -1.822 -1.850 -1.875 -1.898 
-1.918 -1.936 -1.952 -1.965 -1.976 -1.985 -1.991 -1.994 -1.995 -1.993 
-1.989 -1.982 -1.973 -1.961 -1.946 -1.928 -1.907 -1.883 -1.856 -1.825 
-1.791 -1.754 -1.712 -1.667 -1.617 -1.563 -1.504 -1.440 -1.372 -1.300 
-1.225 -1.148 -1.073 -1.000 -0.932 -0.867 -0.799 -0.721 -0.629 -0.524 
-0.421 -0.343 -0.315 -0.344 -0.416 -0.508 -0.600 -0.683 -0.754 -0.812 
-0.858 -0.894 -0.921 -0.943 -0.961 -0.977 -0.995 -1.014 -1.035 -1.059 
-1.083 -1.106 -1.130 -1.151 -1.171 -1.188 -1.205 -1.221 -1.237 -1.255 
-1.275 -1.298 -1.324 -1.353 -1.386 -1.421 -1.458 -1.497 -1.536 -1.576 
-1.632 
-1.881 -1.922 -1.951 -1.977 -2.001 -2.022 -2.041 -2.058 -2.072 -2.083 
-2.092 -2.099 -2.103 -2.104 -2.103 -2.099 -2.093 -2.085 -2.073 -2.059 
-2.043 -2.023 -2.001 -1.975 -1.947 -1.915 -1.880 -1.842 -1.800 -1.754 
-1.703 -1.649 -1.590 -1.525 -1.456 -1.382 -1.301 -1.216 -1.126 -1.033 
-0.939 -0.849 -0.769 -0.707 -0.669 -0.656 -0.664 -0.686 -0.709 -0.725 
-0.729 -0.727 -0.738 -0.773 -0.825 -0.878 -0.924 -0.959 -0.984 -0.999 
-1.007 -1.007 -1.003 -0.993 -0.982 -0.969 -0.959 -0.953 -0.954 -0.964 
-0.984 -1.015 -1.055 -1.103 -1.155 -1.210 -1.266 -1.322 -1.376 -1.428 
-1.478 -1.527 -1.573 -1.618 -1.662 -1.704 -1.745 -1.784 -1.822 -1.857 
-1.872 
-2.150 -2.200 -2.223 -2.243 -2.261 -2.276 -2.289 -2.299 -2.308 -2.314 
-2.318 -2.320 -2.319 -2.316 -2.311 -2.304 -2.295 -2.283 -2.269 -2.252 
-2.233 -2.211 -2.187 -2.160 -2.130 -2.097 -2.060 -2.020 -1.977 -1.930 
-1.878 -1.823 -1.762 -1.697 -1.626 -1.550 -1.468 -1.381 -1.291 -1.198 
-1.106 -1.021 -0.950 -0.900 -0.874 -0.875 -0.897 -0.933 -0.976 -1.019 
-1.059 -1.094 -1.122 -1.142 -1.156 -1.162 -1.162 -1.156 -1.145 -1.130 
-1.113 -1.093 -1.073 -1.053 -1.035 -1.021 -1.012 -1.013 -1.027 -1.054 
-1.096 -1.151 -1.215 -1.284 -1.357 -1.430 -1.502 -1.572 -1.639 -1.702 
-1.762 -1.818 -1.871 -1.920 -1.966 -2.008 -2.047 -2.084 -2.117 -2.147 
-2.143 
-2.067 -2.067 -2.086 -2.104 -2.120 -2.134 -2.147 -2.158 -2.167 -2.174 
-2.180 -2.184 -2.187 -2.188 -2.188 -2.186 -2.183 -2.178 -2.172 -2.164 
-2.154 -2.143 -2.131 -2.117 -2.101 -2.084 -2.065 -2.045 -2.022 -1.998 
-1.971 -1.943 -1.912 -1.879 -1.842 -1.803 -1.760 -1.713 -1.662 -1.607 
-1.550 -1.493 -1.439 -1.392 -1.354 -1.325 -1.300 -1.277 -1.254 -1.232 
-1.211 -1.190 -1.168 -1.144 -1.117 -1.086 -1.054 -1.020 -0.988 -0.958 
-0.934 -0.918 -0.910 -0.912 -0.923 -0.942 -0.966 -0.994 -1.025 -1.060 
-1.100 -1.149 -1.207 -1.272 -1.341 -1.409 -1.475 -1.537 -1.596 -1.650 
-1.701 -1.748 -1.791 -1.832 -1.870 -1.905 -1.938 -1.968 -1.996 -2.021 
-2.059 
-2.164 -2.204 -2.236 -2.264 -2.290 -2.314 -2.334 -2.353 -2.368 -2.382 
-2.393 -2.402 -2.409 -2.414 -2.416 -2.417 -2.415 -2.411 -2.406 -2.398 
-2.388 -2.375 -2.361 -2.344 -2.325 -2.304 -2.280 -2.254 -2.225 -2.194 
-2.160 -2.123 -2.082 -2.039 -1.991 -1.940 -1.886 -1.827 -1.763 -1.695 
-1.622 -1.545 -1.464 -1.379 -1.293 -1.208 -1.129 -1.059 -1.005 -0.971 
-0.956 -0.958 -0.972 -0.993 -1.014 -1.034 -1.049 -1.059 -1.063 -1.062 
-1.055 -1.044 -1.029 -1.010 -0.987 -0.958 -0.926 -0.891 -0.858 -0.834 
-0.827 -0.845 -0.889 -0.957 -1.043 -1.139 -1.239 -1.338 -1.433 -1.523 
-1.607 -1.685 -1.758 -1.825 -1.887 -1.944 -1.997 -2.046 -2.090 -2.132 
-2.152 
-2.170 -2.202 -2.238 -2.271 -2.300 -2.327 -2.351 -2.373 -2.391 -2.408 
-2.421 -2.433 -2.442 -2.448 -2.453 -2.455 -2.454 -2.452 -2.447 -2.440 
-2.430 -2.418 -2.403 -2.386 -2.367 -2.345 -2.320 -2.293 -2.262 -2.229 
-2.193 -2.153 -2.110 -2.063 -2.013 -1.958 -1.899 -1.836 -1.768 -1.695 
-1.616 -1.533 -1.444 -1.352 -1.257 -1.163 -1.075 -1.000 -0.944 -0.912 
-0.905 -0.917 -0.941 -0.971 -1.002 -1.031 -1.056 -1.076 -1.093 -1.105 
-1.111 -1.113 -1.108 -1.098 -1.081 -1.057 -1.027 -0.992 -0.953 -0.916 
-0.888 -0.874 -0.884 -0.921 -0.983 -1.066 -1.160 -1.259 -1.358 -1.453 
-1.544 -1.629 -1.708 -1.781 -1.849 -1.912 -1.971 -2.025 -2.075 -2.121 
-2.155 
-2.150 -2.164 -2.193 -2.219 -2.242 -2.264 -2.283 -2.300 -2.315 -2.329 
-2.340 -2.349 -2.356 -2.361 -2.364 -2.365 -2.364 -2.361 -2.356 -2.349 
-2.341 -2.330 -2.317 -2.302 -2.284 -2.265 -2.243 -2.219 -2.193 -2.164 
-2.133 -2.099 -2.063 -2.024 -1.981 -1.936 -1.888 -1.836 -1.780 -1.721 
-1.658 -1.591 -1.519 -1.445 -1.369 -1.294 -1.225 -1.165 -1.115 -1.074 
-1.040 -1.010 -0.984 -0.962 -0.944 -0.931 -0.924 -0.923 -0.926 -0.934 
-0.945 -0.959 -0.976 -0.994 -1.014 -1.036 -1.058 -1.081 -1.104 -1.126 
-1.149 -1.175 -1.207 -1.249 -1.302 -1.363 -1.428 -1.495 -1.560 -1.624 
-1.685 -1.742 -1.797 -1.849 -1.898 -1.944 -1.987 -2.028 -2.066 -2.101 
-2.139 
-2.292 -2.330 -2.364 -2.394 -2.422 -2.447 -2.469 -2.489 -2.506 -2.521 
-2.533 -2.543 -2.551 -2.556 -2.559 -2.560 -2.558 -2.554 -2.548 -2.539 
-2.528 -2.514 -2.498 -2.479 -2.457 -2.433 -2.406 -2.376 -2.343 -2.306 
-2.266 -2.222 -2.175 -2.123 -2.067 -2.006 -1.939 -1.867 -1.789 -1.704 
-1.613 -1.515 -1.413 -1.308 -1.207 -1.117 -1.048 -1.011 -1.008 -1.036 
-1.081 -1.132 -1.178 -1.218 -1.251 -1.278 -1.300 -1.319 -1.335 -1.348 
-1.360 -1.368 -1.374 -1.377 -1.377 -1.374 -1.368 -1.360 -1.350 -1.340 
-1.334 -1.334 -1.343 -1.364 -1.397 -1.441 -1.495 -1.555 -1.621 -1.689 
-1.757 -1.824 -1.889 -1.951 -2.010 -2.065 -2.118 -2.167 -2.212 -2.255 
-2.280 
-2.413 -2.439 -2.473 -2.503 -2.530 -2.554 -2.576 -2.595 -2.611 -2.625 
-2.636 -2.645 -2.651 -2.654 -2.656 -2.654 -2.651 -2.645 -2.636 -2.625 
-2.611 -2.595 -2.575 -2.554 -2.529 -2.501 -2.470 -2.436 -2.399 -2.358 
-2.313 -2.264 -2.211 -2.153 -2.091 -2.023 -1.950 -1.872 -1.788 -1.698 
-1.603 -1.502 -1.396 -1.284 -1.167 -1.051 -0.950 -0.881 -0.859 -0.884 
-0.944 -1.021 -1.099 -1.172 -1.235 -1.288 -1.331 -1.365 -1.389 -1.404 
-1.411 -1.411 -1.403 -1.389 -1.369 -1.343 -1.315 -1.284 -1.256 -1.233 
-1.221 -1.225 -1.249 -1.292 -1.352 -1.424 -1.505 -1.588 -1.672 -1.755 
-1.834 -1.910 -1.981 -2.048 -2.110 -2.169 -2.223 -2.274 -2.320 -2.363 
-2.400 
-2.542 -2.580 -2.607 -2.631 -2.651 -2.670 -2.685 -2.698 -2.708 -2.715 
-2.720 -2.723 -2.723 -2.721 -2.716 -2.708 -2.698 -2.686 -2.670 -2.653 
-2.632 -2.609 -2.582 -2.553 -2.520 -2.485 -2.446 -2.403 -2.357 -2.306 
-2.252 -2.193 -2.130 -2.063 -1.991 -1.914 -1.834 -1.751 -1.668 -1.585 
-1.508 -1.440 -1.383 -1.337 -1.304 -1.281 -1.271 -1.273 -1.292 -1.333 
-1.387 -1.444 -1.496 -1.540 -1.576 -1.604 -1.624 -1.637 -1.643 -1.643 
-1.637 -1.628 -1.614 -1.598 -1.580 -1.563 -1.548 -1.537 -1.533 -1.536 
-1.549 -1.572 -1.607 -1.651 -1.704 -1.760 -1.820 -1.881 -1.944 -2.007 
-2.070 -2.133 -2.193 -2.250 -2.303 -2.354 -2.400 -2.443 -2.482 -2.518 
-2.534 
-2.434 -2.490 -2.532 -2.570 -2.605 -2.637 -2.665 -2.690 -2.713 -2.732 
-2.748 -2.762 -2.773 -2.781 -2.786 -2.789 -2.789 -2.786 -2.780 -2.772 
-2.761 -2.747 -2.730 -2.710 -2.686 -2.660 -2.630 -2.596 -2.559 -2.518 
-2.472 -2.422 -2.367 -2.307 -2.241 -2.169 -2.090 -2.005 -1.913 -1.815 
-1.710 -1.599 -1.488 -1.384 -1.305 -1.269 -1.284 -1.340 -1.413 -1.487 
-1.552 -1.607 -1.654 -1.695 -1.734 -1.769 -1.801 -1.830 -1.853 -1.871 
-1.884 -1.891 -1.894 -1.891 -1.885 -1.875 -1.862 -1.847 -1.830 -1.812 
-1.791 -1.769 -1.746 -1.723 -1.704 -1.691 -1.691 -1.704 -1.734 -1.778 
-1.833 -1.895 -1.962 -2.030 -2.098 -2.164 -2.227 -2.287 -2.344 -2.396 
-2.421 
-2.248 -2.257 -2.302 -2.345 -2.385 -2.422 -2.456 -2.487 -2.515 -2.540 
-2.563 -2.584 -2.601 -2.616 -2.629 -2.639 -2.647 -2.652 -2.655 -2.656 
-2.654 -2.649 -2.642 -2.633 -2.621 -2.607 -2.589 -2.569 -2.547 -2.521 
-2.492 -2.460 -2.425 -2.385 -2.343 -2.296 -2.244 -2.187 -2.125 -2.057 
-1.983 -1.901 -1.813 -1.723 -1.637 -1.566 -1.513 -1.470 -1.431 -1.397 
-1.372 -1.356 -1.353 -1.361 -1.380 -1.407 -1.439 -1.472 -1.504 -1.533 
-1.558 -1.578 -1.593 -1.602 -1.605 -1.603 -1.593 -1.578 -1.556 -1.530 
-1.503 -1.481 -1.471 -1.473 -1.482 -1.494 -1.509 -1.529 -1.556 -1.591 
-1.635 -1.686 -1.742 -1.801 -1.863 -1.924 -1.985 -2.045 -2.102 -2.156 
-2.226 
-2.494 -2.570 -2.610 -2.646 -2.680 -2.710 -2.737 -2.761 -2.783 -2.801 
-2.817 -2.831 -2.842 -2.850 -2.856 -2.859 -2.860 -2.858 -2.854 -2.847 
-2.838 -2.826 -2.812 -2.795 -2.775 -2.752 -2.727 -2.698 -2.667 -2.632 
-2.594 -2.552 -2.507 -2.458 -2.405 -2.348 -2.286 -2.220 -2.149 -2.074 
-1.993 -1.908 -1.818 -1.725 -1.629 -1.535 -1.449 -1.381 -1.338 -1.324 
-1.336 -1.367 -1.406 -1.449 -1.492 -1.530 -1.564 -1.592 -1.612 -1.625 
-1.630 -1.627 -1.616 -1.595 -1.565 -1.525 -1.476 -1.418 -1.354 -1.289 
-1.233 -1.201 -1.205 -1.248 -1.325 -1.420 -1.522 -1.623 -1.719 -1.810 
-1.895 -1.975 -2.051 -2.124 -2.193 -2.258 -2.319 -2.377 -2.431 -2.481 
-2.485 
-2.514 -2.531 -2.567 -2.599 -2.628 -2.654 -2.676 -2.696 -2.714 -2.728 
-2.740 -2.749 -2.755 -2.759 -2.760 -2.759 -2.756 -2.749 -2.741 -2.730 
-2.716 -2.699 -2.680 -2.658 -2.634 -2.606 -2.576 -2.542 -2.506 -2.467 
-2.424 -2.378 -2.329 -2.276 -2.221 -2.162 -2.101 -2.038 -1.974 -1.910 
-1.848 -1.790 -1.738 -1.694 -1.658 -1.631 -1.612 -1.602 -1.603 -1.616 
-1.639 -1.669 -1.700 -1.728 -1.753 -1.773 -1.788 -1.796 -1.799 -1.795 
-1.785 -1.768 -1.745 -1.715 -1.677 -1.633 -1.581 -1.522 -1.459 -1.395 
-1.335 -1.289 -1.266 -1.272 -1.308 -1.372 -1.455 -1.551 -1.651 -1.750 
-1.845 -1.935 -2.018 -2.096 -2.168 -2.234 -2.295 -2.350 -2.402 -2.449 
-2.498 
-2.591 -2.624 -2.656 -2.685 -2.710 -2.733 -2.753 -2.769 -2.784 -2.795 
-2.804 -2.810 -2.814 -2.815 -2.814 -2.810 -2.804 -2.795 -2.783 -2.769 
-2.752 -2.733 -2.711 -2.686 -2.658 -2.627 -2.593 -2.556 -2.516 -2.472 
-2.425 -2.375 -2.321 -2.263 -2.202 -2.138 -2.071 -2.002 -1.932 -1.865 
-1.801 -1.744 -1.699 -1.667 -1.650 -1.648 -1.657 -1.676 -1.700 -1.727 
-1.754 -1.780 -1.804 -1.823 -1.839 -1.849 -1.855 -1.855 -1.849 -1.837 
-1.819 -1.794 -1.763 -1.725 -1.680 -1.629 -1.572 -1.511 -1.449 -1.394 
-1.352 -1.333 -1.341 -1.377 -1.439 -1.521 -1.615 -1.714 -1.812 -1.907 
-1.996 -2.079 -2.157 -2.228 -2.293 -2.354 -2.409 -2.460 -2.507 -2.550 
-2.579 
-2.675 -2.711 -2.746 -2.778 -2.807 -2.832 -2.854 -2.873 -2.889 -2.902 
-2.912 -2.920 -2.925 -2.927 -2.926 -2.923 -2.918 -2.909 -2.898 -2.884 
-2.867 -2.847 -2.825 -2.799 -2.770 -2.738 -2.702 -2.663 -2.620 -2.574 
-2.523 -2.467 -2.408 -2.343 -2.274 -2.200 -2.122 -2.041 -1.958 -1.876 
-1.801 -1.738 -1.693 -1.669 -1.668 -1.686 -1.718 -1.757 -1.800 -1.843 
-1.884 -1.923 -1.957 -1.986 -2.010 -2.028 -2.040 -2.047 -2.047 -2.042 
-2.030 -2.011 -1.986 -1.954 -1.915 -1.869 -1.815 -1.754 -1.688 -1.619 
-1.552 -1.492 -1.447 -1.427 -1.441 -1.494 -1.580 -1.684 -1.794 -1.902 
-2.005 -2.100 -2.188 -2.269 -2.343 -2.411 -2.473 -2.530 -2.582 -2.629 
-2.662 
-2.674 -2.713 -2.752 -2.788 -2.821 -2.850 -2.876 -2.898 -2.918 -2.935 
-2.949 -2.960 -2.969 -2.975 -2.978 -2.979 -2.977 -2.972 -2.965 -2.955 
-2.943 -2.928 -2.910 -2.889 -2.865 -2.839 -2.809 -2.776 -2.740 -2.700 
-2.657 -2.610 -2.560 -2.505 -2.447 -2.384 -2.318 -2.249 -2.177 -2.105 
-2.035 -1.969 -1.912 -1.866 -1.832 -1.810 -1.801 -1.803 -1.815 -1.836 
-1.862 -1.892 -1.921 -1.949 -1.975 -1.996 -2.012 -2.023 -2.029 -2.029 
-2.022 -2.009 -1.990 -1.963 -1.929 -1.886 -1.836 -1.776 -1.706 -1.628 
-1.542 -1.453 -1.369 -1.308 -1.290 -1.327 -1.415 -1.535 -1.665 -1.794 
-1.914 -2.025 -2.126 -2.217 -2.301 -2.377 -2.447 -2.510 -2.568 -2.621 
-2.658 
-2.652 -2.671 -2.705 -2.736 -2.763 -2.788 -2.809 -2.827 -2.843 -2.856 
-2.866 -2.873 -2.878 -2.880 -2.880 -2.877 -2.871 -2.863 -2.852 -2.839 
-2.823 -2.804 -2.782 -2.758 -2.730 -2.699 -2.666 -2.629 -2.589 -2.545 
-2.498 -2.447 -2.393 -2.335 -2.274 -2.210 -2.143 -2.075 -2.008 -1.943 
-1.883 -1.832 -1.792 -1.765 -1.753 -1.754 -1.767 -1.788 -1.815 -1.845 
-1.876 -1.905 -1.932 -1.956 -1.975 -1.989 -1.999 -2.003 -2.001 -1.994 
-1.981 -1.963 -1.937 -1.906 -1.867 -1.822 -1.771 -1.713 -1.651 -1.586 
-1.524 -1.472 -1.439 -1.432 -1.457 -1.516 -1.601 -1.701 -1.804 -1.905 
-2.000 -2.089 -2.172 -2.248 -2.318 -2.383 -2.442 -2.496 -2.546 -2.592 
-2.638 
-2.707 -2.771 -2.807 -2.840 -2.870 -2.896 -2.918 -2.938 -2.955 -2.968 
-2.979 -2.988 -2.993 -2.996 -2.996 -2.994 -2.989 -2.981 -2.970 -2.957 
-2.941 -2.923 -2.901 -2.877 -2.850 -2.820 -2.786 -2.750 -2.710 -2.667 
-2.620 -2.570 -2.516 -2.459 -2.399 -2.336 -2.271 -2.205 -2.139 -2.076 
-2.018 -1.969 -1.931 -1.906 -1.897 -1.901 -1.916 -1.939 -1.968 -1.998 
-2.028 -2.056 -2.081 -2.101 -2.118 -2.130 -2.136 -2.137 -2.132 -2.122 
-2.105 -2.082 -2.052 -2.014 -1.969 -1.916 -1.855 -1.785 -1.710 -1.633 
-1.562 -1.509 -1.488 -1.507 -1.562 -1.637 -1.719 -1.799 -1.876 -1.957 
-2.044 -2.133 -2.221 -2.305 -2.383 -2.455 -2.521 -2.581 -2.635 -2.685 
-2.698 
-2.574 -2.588 -2.636 -2.680 -2.719 -2.754 -2.785 -2.813 -2.837 -2.857 
-2.875 -2.890 -2.901 -2.909 -2.915 -2.918 -2.918 -2.915 -2.909 -2.900 
-2.889 -2.874 -2.857 -2.837 -2.813 -2.787 -2.757 -2.724 -2.688 -2.648 
-2.604 -2.557 -2.506 -2.452 -2.394 -2.332 -2.268 -2.202 -2.136 -2.072 
-2.013 -1.962 -1.924 -1.902 -1.896 -1.906 -1.930 -1.962 -2.000 -2.041 
-2.080 -2.118 -2.152 -2.183 -2.209 -2.230 -2.246 -2.257 -2.263 -2.264 
-2.259 -2.249 -2.233 -2.210 -2.182 -2.146 -2.104 -2.054 -1.998 -1.937 
-1.876 -1.818 -1.772 -1.736 -1.704 -1.668 -1.632 -1.607 -1.608 -1.643 
-1.709 -1.796 -1.894 -1.993 -2.090 -2.181 -2.265 -2.342 -2.412 -2.477 
-2.550 
-2.727 -2.802 -2.840 -2.874 -2.905 -2.933 -2.957 -2.979 -2.997 -3.013 
-3.026 -3.037 -3.045 -3.050 -3.052 -3.053 -3.050 -3.045 -3.038 -3.028 
-3.015 -3.000 -2.982 -2.962 -2.939 -2.913 -2.885 -2.854 -2.820 -2.784 
-2.744 -2.702 -2.658 -2.611 -2.562 -2.511 -2.459 -2.407 -2.355 -2.305 
-2.258 -2.217 -2.183 -2.157 -2.140 -2.132 -2.131 -2.134 -2.142 -2.152 
-2.165 -2.178 -2.191 -2.204 -2.215 -2.223 -2.228 -2.229 -2.226 -2.218 
-2.205 -2.186 -2.161 -2.131 -2.094 -2.050 -2.001 -1.947 -1.889 -1.833 
-1.784 -1.750 -1.738 -1.750 -1.783 -1.826 -1.873 -1.919 -1.970 -2.032 
-2.105 -2.184 -2.265 -2.344 -2.418 -2.487 -2.551 -2.610 -2.665 -2.715 
-2.719 
-2.624 -2.637 -2.677 -2.715 -2.749 -2.781 -2.810 -2.836 -2.859 -2.880 
-2.899 -2.914 -2.928 -2.939 -2.947 -2.953 -2.957 -2.958 -2.957 -2.954 
-2.948 -2.940 -2.929 -2.916 -2.900 -2.882 -2.861 -2.837 -2.811 -2.782 
-2.750 -2.716 -2.678 -2.638 -2.594 -2.548 -2.498 -2.446 -2.392 -2.336 
-2.279 -2.222 -2.167 -2.116 -2.071 -2.033 -2.002 -1.979 -1.963 -1.955 
-1.954 -1.960 -1.972 -1.987 -2.005 -2.024 -2.043 -2.060 -2.075 -2.087 
-2.095 -2.100 -2.100 -2.096 -2.088 -2.075 -2.058 -2.037 -2.012 -1.984 
-1.956 -1.931 -1.912 -1.900 -1.895 -1.897 -1.907 -1.927 -1.959 -2.001 
-2.051 -2.106 -2.164 -2.223 -2.281 -2.339 -2.395 -2.449 -2.500 -2.548 
-2.606 
-2.753 -2.796 -2.841 -2.881 -2.918 -2.952 -2.982 -3.009 -3.032 -3.053 
-3.071 -3.086 -3.098 -3.107 -3.113 -3.117 -3.118 -3.116 -3.112 -3.105 
-3.095 -3.082 -3.067 -3.048 -3.027 -3.003 -2.975 -2.944 -2.909 -2.871 
-2.829 -2.783 -2.733 -2.679 -2.620 -2.556 -2.488 -2.415 -2.339 -2.260 
-2.181 -2.106 -2.040 -1.987 -1.954 -1.942 -1.951 -1.976 -2.012 -2.053 
-2.096 -2.137 -2.177 -2.213 -2.246 -2.275 -2.300 -2.320 -2.335 -2.345 
-2.351 -2.351 -2.346 -2.335 -2.319 -2.297 -2.269 -2.234 -2.193 -2.145 
-2.090 -2.029 -1.964 -1.900 -1.844 -1.804 -1.789 -1.802 -1.844 -1.911 
-1.994 -2.085 -2.177 -2.266 -2.351 -2.431 -2.504 -2.573 -2.636 -2.694 
-2.735 
-2.943 -3.001 -3.043 -3.080 -3.114 -3.144 -3.171 -3.195 -3.216 -3.233 
-3.248 -3.260 -3.269 -3.276 -3.280 -3.281 -3.279 -3.275 -3.268 -3.258 
-3.246 -3.231 -3.213 -3.192 -3.168 -3.141 -3.111 -3.078 -3.041 -3.001 
-2.957 -2.909 -2.857 -2.801 -2.740 -2.675 -2.605 -2.531 -2.453 -2.370 
-2.286 -2.201 -2.121 -2.050 -1.996 -1.965 -1.961 -1.982 -2.021 -2.072 
-2.126 -2.180 -2.229 -2.274 -2.312 -2.344 -2.369 -2.388 -2.400 -2.406 
-2.405 -2.398 -2.385 -2.364 -2.337 -2.302 -2.260 -2.209 -2.150 -2.084 
-2.010 -1.932 -1.856 -1.794 -1.760 -1.765 -1.810 -1.887 -1.984 -2.090 
-2.197 -2.301 -2.400 -2.491 -2.576 -2.654 -2.726 -2.791 -2.851 -2.906 
-2.929 
-2.916 -2.932 -2.967 -3.000 -3.029 -3.054 -3.077 -3.097 -3.114 -3.128 
-3.140 -3.149 -3.155 -3.159 -3.160 -3.158 -3.154 -3.148 -3.139 -3.127 
-3.113 -3.096 -3.076 -3.054 -3.028 -3.001 -2.970 -2.936 -2.900 -2.860 
-2.817 -2.772 -2.724 -2.673 -2.620 -2.565 -2.510 -2.454 -2.398 -2.346 
-2.297 -2.254 -2.217 -2.189 -2.171 -2.164 -2.169 -2.186 -2.211 -2.239 
-2.268 -2.296 -2.322 -2.344 -2.362 -2.376 -2.386 -2.391 -2.391 -2.387 
-2.377 -2.362 -2.342 -2.317 -2.287 -2.251 -2.209 -2.163 -2.113 -2.060 
-2.007 -1.958 -1.917 -1.891 -1.886 -1.907 -1.955 -2.022 -2.100 -2.184 
-2.268 -2.350 -2.429 -2.503 -2.572 -2.637 -2.696 -2.752 -2.803 -2.850 
-2.901 
-3.071 -3.111 -3.146 -3.177 -3.206 -3.231 -3.253 -3.273 -3.289 -3.303 
-3.315 -3.323 -3.330 -3.333 -3.335 -3.333 -3.330 -3.324 -3.315 -3.304 
-3.290 -3.274 -3.255 -3.234 -3.210 -3.183 -3.154 -3.121 -3.086 -3.048 
-3.007 -2.963 -2.917 -2.867 -2.815 -2.761 -2.705 -2.647 -2.590 -2.533 
-2.477 -2.425 -2.377 -2.334 -2.297 -2.267 -2.249 -2.246 -2.259 -2.281 
-2.309 -2.337 -2.363 -2.386 -2.404 -2.418 -2.428 -2.432 -2.431 -2.425 
-2.414 -2.397 -2.374 -2.345 -2.311 -2.271 -2.225 -2.175 -2.122 -2.068 
-2.019 -1.979 -1.956 -1.953 -1.977 -2.028 -2.101 -2.186 -2.277 -2.368 
-2.456 -2.540 -2.619 -2.692 -2.760 -2.824 -2.882 -2.936 -2.986 -3.031 
-3.059 
-3.244 -3.278 -3.317 -3.353 -3.385 -3.413 -3.439 -3.461 -3.481 -3.497 
-3.511 -3.522 -3.531 -3.536 -3.539 -3.540 -3.537 -3.533 -3.525 -3.515 
-3.502 -3.486 -3.468 -3.446 -3.422 -3.394 -3.363 -3.329 -3.291 -3.249 
-3.204 -3.153 -3.098 -3.038 -2.973 -2.901 -2.822 -2.737 -2.646 -2.552 
-2.458 -2.372 -2.295 -2.222 -2.149 -2.083 -2.036 -2.021 -2.041 -2.087 
-2.148 -2.213 -2.276 -2.332 -2.380 -2.420 -2.451 -2.475 -2.490 -2.497 
-2.497 -2.488 -2.472 -2.447 -2.413 -2.370 -2.316 -2.250 -2.172 -2.083 
-1.992 -1.924 -1.892 -1.882 -1.897 -1.948 -2.036 -2.147 -2.268 -2.388 
-2.501 -2.607 -2.704 -2.793 -2.874 -2.948 -3.016 -3.078 -3.135 -3.187 
-3.228 
-3.341 -3.397 -3.428 -3.457 -3.482 -3.503 -3.522 -3.537 -3.550 -3.559 
-3.566 -3.570 -3.571 -3.570 -3.566 -3.559 -3.549 -3.536 -3.520 -3.502 
-3.480 -3.455 -3.427 -3.396 -3.361 -3.322 -3.279 -3.232 -3.180 -3.124 
-3.062 -2.995 -2.921 -2.841 -2.754 -2.659 -2.557 -2.448 -2.338 -2.232 
-2.144 -2.090 -2.078 -2.102 -2.147 -2.198 -2.246 -2.295 -2.347 -2.402 
-2.456 -2.505 -2.547 -2.581 -2.607 -2.624 -2.634 -2.635 -2.629 -2.614 
-2.591 -2.558 -2.516 -2.463 -2.397 -2.317 -2.220 -2.105 -1.972 -1.831 
-1.713 -1.660 -1.693 -1.788 -1.920 -2.068 -2.217 -2.359 -2.490 -2.609 
-2.717 -2.814 -2.902 -2.981 -3.052 -3.117 -3.176 -3.229 -3.278 -3.322 
-3.332 
-3.152 -3.180 -3.215 -3.246 -3.273 -3.297 -3.317 -3.335 -3.349 -3.360 
-3.368 -3.373 -3.375 -3.375 -3.371 -3.365 -3.356 -3.344 -3.329 -3.312 
-3.291 -3.267 -3.240 -3.210 -3.176 -3.139 -3.099 -3.054 -3.006 -2.954 
-2.897 -2.837 -2.772 -2.704 -2.633 -2.560 -2.488 -2.421 -2.364 -2.321 
-2.294 -2.284 -2.294 -2.321 -2.360 -2.404 -2.448 -2.491 -2.530 -2.565 
-2.595 -2.621 -2.642 -2.657 -2.668 -2.673 -2.672 -2.666 -2.654 -2.636 
-2.611 -2.579 -2.539 -2.491 -2.433 -2.364 -2.282 -2.185 -2.072 -1.944 
-1.808 -1.688 -1.611 -1.602 -1.674 -1.805 -1.953 -2.089 -2.208 -2.317 
-2.422 -2.525 -2.622 -2.712 -2.794 -2.868 -2.934 -2.994 -3.048 -3.097 
-3.138 
-3.043 -3.076 -3.121 -3.160 -3.195 -3.226 -3.253 -3.276 -3.295 -3.310 
-3.323 -3.332 -3.337 -3.340 -3.339 -3.335 -3.327 -3.317 -3.303 -3.285 
-3.265 -3.240 -3.212 -3.179 -3.143 -3.102 -3.056 -3.005 -2.949 -2.887 
-2.819 -2.744 -2.663 -2.575 -2.482 -2.389 -2.301 -2.229 -2.186 -2.178 
-2.203 -2.253 -2.317 -2.385 -2.453 -2.518 -2.580 -2.637 -2.688 -2.734 
-2.775 -2.810 -2.840 -2.865 -2.884 -2.899 -2.908 -2.913 -2.912 -2.907 
-2.896 -2.879 -2.857 -2.829 -2.794 -2.751 -2.700 -2.640 -2.568 -2.483 
-2.385 -2.279 -2.182 -2.129 -2.125 -2.128 -2.113 -2.091 -2.087 -2.119 
-2.188 -2.281 -2.386 -2.491 -2.590 -2.682 -2.766 -2.842 -2.910 -2.971 
-3.023 
-3.034 -3.072 -3.111 -3.147 -3.179 -3.207 -3.232 -3.254 -3.272 -3.288 
-3.300 -3.309 -3.316 -3.319 -3.320 -3.318 -3.313 -3.305 -3.294 -3.280 
-3.263 -3.243 -3.219 -3.193 -3.163 -3.129 -3.091 -3.050 -3.004 -2.954 
-2.900 -2.841 -2.777 -2.709 -2.636 -2.562 -2.487 -2.418 -2.360 -2.319 
-2.294 -2.287 -2.294 -2.315 -2.346 -2.384 -2.426 -2.469 -2.511 -2.551 
-2.589 -2.623 -2.653 -2.680 -2.703 -2.721 -2.735 -2.744 -2.749 -2.749 
-2.745 -2.735 -2.722 -2.703 -2.679 -2.651 -2.617 -2.579 -2.536 -2.489 
-2.439 -2.387 -2.337 -2.291 -2.253 -2.227 -2.215 -2.220 -2.245 -2.291 
-2.356 -2.433 -2.513 -2.593 -2.669 -2.741 -2.809 -2.871 -2.928 -2.980 
-3.020 
-3.037 -3.073 -3.120 -3.164 -3.204 -3.240 -3.272 -3.302 -3.328 -3.350 
-3.370 -3.387 -3.401 -3.412 -3.420 -3.426 -3.429 -3.429 -3.427 -3.422 
-3.414 -3.403 -3.390 -3.373 -3.354 -3.332 -3.307 -3.279 -3.247 -3.213 
-3.175 -3.133 -3.088 -3.040 -2.988 -2.933 -2.877 -2.819 -2.763 -2.710 
-2.663 -2.624 -2.593 -2.570 -2.554 -2.543 -2.538 -2.539 -2.546 -2.559 
-2.576 -2.596 -2.618 -2.640 -2.662 -2.682 -2.700 -2.715 -2.726 -2.733 
-2.736 -2.735 -2.730 -2.719 -2.705 -2.685 -2.660 -2.630 -2.595 -2.555 
-2.510 -2.462 -2.411 -2.361 -2.313 -2.272 -2.243 -2.231 -2.239 -2.269 
-2.318 -2.383 -2.457 -2.536 -2.616 -2.693 -2.768 -2.838 -2.904 -2.964 
-3.008 
