IRGRID 64 91
1e+308

0.025 0.03 0.035 0.04 0.045 0.05 0.055 0.06 0.065 0.07
0.075 0.08 0.085 0.09 0.095 0.1 0.11 0.12 0.13 0.14
0.15 0.16 0.17 0.18 0.19 0.2 0.21 0.22 0.23 0.24
0.25 0.26 0.27 0.28 0.29 0.3 0.31 0.32 0.33 0.34
0.35 0.36 0.37 0.38 0.39 0.4 0.41 0.42 0.43 0.44
0.45 0.46 0.47 0.48 0.49 0.5 0.51 0.52 0.53 0.54
0.55 0.56 0.57 0.58
0 4 8 12 16 20 24 28 32 36
40 44 48 52 56 60 64 68 72 76
80 84 88 92 96 100 104 108 112 116
120 124 128 132 136 140 144 148 152 156
160 164 168 172 176 180 184 188 192 196
200 204 208 212 216 220 224 228 232 236
240 244 248 252 256 260 264 268 272 276
280 284 288 292 296 300 304 308 312 316
320 324 328 332 336 340 344 348 352 356
360
-4.000 -4.000 -4.000 -4.000 -4.000 -4.000 -4.000 -4.000 -4.000 -4.000 
-4.000 -4.000 -4.000 -4.000 -4.000 -4.000 -4.000 -4.000 -4.000 -4.000 
-4.000 -4.000 -4.000 -4.000 -4.000 -4.000 -4.000 -4.000 -4.000 -4.000 
-4.000 -4.000 -4.000 -4.000 -4.000 -4.000 -4.000 -4.000 -4.000 -4.000 
-4.000 -4.000 -4.000 -3.998 -3.940 -3.877 -3.812 -3.745 -3.680 -3.621 
-3.572 -3.538 -3.517 -3.507 -3.500 -3.493 -3.487 -3.486 -3.496 -3.523 
-3.565 -3.622 -3.688 -3.758 -3.829 -3.899 -3.965 -4.000 -4.000 -4.000 
-4.000 -4.000 -4.000 -4.000 -4.000 -4.000 -4.000 -4.000 -4.000 -4.000 
-4.000 -4.000 -4.000 -4.000 -4.000 -4.000 -4.000 -4.000 -4.000 -4.000 
-4.000 
-4.000 -4.000 -4.000 -4.000 -4.000 -4.000 -4.000 -4.000 -4.000 -4.000 
-4.000 -4.000 -4.000 -4.000 -4.000 -4.000 -3.991 -3.951 -3.907 -3.858 
-3.807 -3.758 -3.715 -3.683 -3.666 -3.667 -3.684 -3.710 -3.740 -3.770 
-3.795 -3.815 -3.828 -3.834 -3.832 -3.824 -3.808 -3.786 -3.758 -3.723 
-3.683 -3.636 -3.583 -3.525 -3.461 -3.392 -3.321 -3.249 -3.181 -3.124 
-3.083 -3.064 -3.068 -3.094 -3.135 -3.183 -3.232 -3.279 -3.321 -3.360 
-3.396 -3.430 -3.466 -3.504 -3.545 -3.590 -3.636 -3.682 -3.726 -3.769 
-3.808 -3.845 -3.879 -3.910 -3.938 -3.963 -3.986 -4.000 -4.000 -4.000 
-4.000 -4.000 -4.000 -4.000 -4.000 -4.000 -4.000 -4.000 -4.000 -4.000 
-4.000 
-3.622 -3.708 -3.732 -3.749 -3.760 -3.765 -3.763 -3.756 -3.743 -3.724 
-3.699 -3.669 -3.633 -3.592 -3.545 -3.492 -3.435 -3.372 -3.305 -3.237 
-3.169 -3.106 -3.053 -3.016 -2.999 -3.004 -3.029 -3.069 -3.118 -3.171 
-3.224 -3.274 -3.319 -3.358 -3.391 -3.418 -3.436 -3.448 -3.451 -3.447 
-3.434 -3.413 -3.384 -3.348 -3.308 -3.266 -3.227 -3.197 -3.177 -3.168 
-3.166 -3.170 -3.177 -3.183 -3.184 -3.180 -3.168 -3.150 -3.128 -3.106 
-3.088 -3.077 -3.078 -3.092 -3.119 -3.156 -3.201 -3.249 -3.298 -3.345 
-3.387 -3.424 -3.454 -3.478 -3.493 -3.500 -3.499 -3.490 -3.475 -3.455 
-3.433 -3.415 -3.406 -3.410 -3.429 -3.463 -3.505 -3.551 -3.597 -3.640 
-3.623 
-3.156 -3.184 -3.244 -3.299 -3.350 -3.395 -3.436 -3.471 -3.503 -3.529 
-3.551 -3.569 -3.582 -3.590 -3.593 -3.591 -3.584 -3.572 -3.554 -3.531 
-3.504 -3.474 -3.445 -3.420 -3.402 -3.391 -3.385 -3.381 -3.375 -3.363 
-3.345 -3.321 -3.291 -3.256 -3.217 -3.178 -3.138 -3.100 -3.064 -3.029 
-2.991 -2.950 -2.903 -2.851 -2.797 -2.746 -2.705 -2.681 -2.679 -2.697 
-2.733 -2.780 -2.831 -2.884 -2.933 -2.977 -3.016 -3.048 -3.074 -3.094 
-3.110 -3.122 -3.132 -3.141 -3.148 -3.153 -3.154 -3.150 -3.142 -3.129 
-3.110 -3.086 -3.058 -3.025 -2.990 -2.952 -2.912 -2.872 -2.831 -2.793 
-2.760 -2.735 -2.723 -2.728 -2.752 -2.794 -2.850 -2.915 -2.984 -3.053 
-3.127 
-2.995 -3.061 -3.100 -3.136 -3.168 -3.197 -3.223 -3.246 -3.265 -3.281 
-3.295 -3.305 -3.312 -3.317 -3.318 -3.317 -3.312 -3.305 -3.294 -3.281 
-3.264 -3.245 -3.222 -3.196 -3.166 -3.133 -3.097 -3.058 -3.015 -2.969 
-2.920 -2.869 -2.817 -2.766 -2.717 -2.672 -2.635 -2.608 -2.592 -2.587 
-2.591 -2.602 -2.618 -2.634 -2.650 -2.665 -2.680 -2.696 -2.716 -2.740 
-2.766 -2.793 -2.820 -2.845 -2.867 -2.886 -2.901 -2.913 -2.921 -2.926 
-2.927 -2.924 -2.917 -2.906 -2.892 -2.874 -2.853 -2.828 -2.800 -2.768 
-2.735 -2.700 -2.665 -2.630 -2.599 -2.572 -2.552 -2.541 -2.541 -2.550 
-2.570 -2.597 -2.632 -2.674 -2.720 -2.770 -2.822 -2.874 -2.924 -2.973 
-2.986 
-2.680 -2.705 -2.740 -2.771 -2.800 -2.825 -2.847 -2.867 -2.883 -2.896 
-2.906 -2.914 -2.919 -2.921 -2.921 -2.919 -2.915 -2.908 -2.901 -2.891 
-2.881 -2.869 -2.856 -2.843 -2.829 -2.814 -2.798 -2.782 -2.764 -2.746 
-2.725 -2.703 -2.679 -2.653 -2.624 -2.595 -2.564 -2.534 -2.503 -2.474 
-2.446 -2.419 -2.395 -2.374 -2.357 -2.345 -2.339 -2.337 -2.340 -2.346 
-2.355 -2.365 -2.375 -2.384 -2.391 -2.394 -2.393 -2.387 -2.376 -2.357 
-2.331 -2.296 -2.252 -2.198 -2.135 -2.070 -2.011 -1.974 -1.969 -1.996 
-2.038 -2.079 -2.112 -2.133 -2.144 -2.149 -2.152 -2.158 -2.169 -2.188 
-2.215 -2.249 -2.290 -2.336 -2.385 -2.435 -2.485 -2.534 -2.581 -2.625 
-2.663 
-2.460 -2.477 -2.483 -2.486 -2.489 -2.490 -2.491 -2.492 -2.493 -2.493 
-2.494 -2.493 -2.491 -2.488 -2.484 -2.477 -2.470 -2.461 -2.451 -2.440 
-2.429 -2.418 -2.408 -2.399 -2.392 -2.386 -2.382 -2.380 -2.379 -2.381 
-2.384 -2.388 -2.393 -2.398 -2.403 -2.408 -2.412 -2.414 -2.415 -2.415 
-2.413 -2.408 -2.402 -2.395 -2.386 -2.375 -2.363 -2.349 -2.332 -2.312 
-2.288 -2.260 -2.225 -2.184 -2.133 -2.069 -1.990 -1.885 -1.738 -1.514 
-1.164 -0.945 -1.238 -1.417 -1.445 -1.409 -1.361 -1.332 -1.341 -1.391 
-1.472 -1.569 -1.668 -1.763 -1.849 -1.927 -1.996 -2.058 -2.113 -2.163 
-2.208 -2.250 -2.289 -2.324 -2.355 -2.383 -2.408 -2.428 -2.445 -2.459 
-2.456 
-2.025 -2.068 -2.069 -2.070 -2.073 -2.077 -2.084 -2.095 -2.108 -2.126 
-2.146 -2.169 -2.194 -2.220 -2.246 -2.272 -2.297 -2.320 -2.342 -2.362 
-2.380 -2.396 -2.410 -2.422 -2.432 -2.441 -2.448 -2.454 -2.458 -2.461 
-2.462 -2.462 -2.460 -2.456 -2.451 -2.443 -2.433 -2.420 -2.405 -2.387 
-2.367 -2.343 -2.316 -2.286 -2.252 -2.214 -2.172 -2.126 -2.074 -2.017 
-1.954 -1.883 -1.804 -1.715 -1.614 -1.497 -1.359 -1.192 -0.976 -0.679 
-0.354 -0.185 -0.273 -0.370 -0.525 -0.723 -0.905 -1.055 -1.181 -1.290 
-1.389 -1.477 -1.556 -1.626 -1.687 -1.742 -1.790 -1.833 -1.871 -1.904 
-1.934 -1.960 -1.983 -2.002 -2.019 -2.032 -2.043 -2.052 -2.059 -2.063 
-2.028 
-1.652 -1.641 -1.663 -1.685 -1.706 -1.727 -1.747 -1.767 -1.786 -1.805 
-1.823 -1.841 -1.857 -1.873 -1.888 -1.901 -1.913 -1.923 -1.933 -1.940 
-1.946 -1.950 -1.953 -1.954 -1.953 -1.951 -1.946 -1.940 -1.933 -1.923 
-1.912 -1.899 -1.884 -1.868 -1.851 -1.831 -1.810 -1.788 -1.764 -1.738 
-1.710 -1.681 -1.650 -1.616 -1.581 -1.542 -1.501 -1.456 -1.407 -1.354 
-1.296 -1.233 -1.162 -1.085 -0.998 -0.900 -0.789 -0.662 -0.515 -0.340 
-0.131 0.081 0.231 0.291 0.207 0.032 -0.162 -0.337 -0.488 -0.616 
-0.726 -0.822 -0.906 -0.980 -1.046 -1.105 -1.159 -1.208 -1.253 -1.294 
-1.332 -1.368 -1.401 -1.433 -1.463 -1.491 -1.518 -1.544 -1.570 -1.594 
-1.641 
-1.804 -1.829 -1.847 -1.863 -1.877 -1.889 -1.900 -1.909 -1.916 -1.921 
-1.924 -1.926 -1.926 -1.924 -1.920 -1.914 -1.907 -1.898 -1.887 -1.874 
-1.860 -1.844 -1.826 -1.807 -1.786 -1.763 -1.739 -1.714 -1.688 -1.660 
-1.631 -1.601 -1.571 -1.539 -1.508 -1.476 -1.445 -1.414 -1.384 -1.355 
-1.327 -1.300 -1.273 -1.247 -1.220 -1.193 -1.164 -1.133 -1.100 -1.063 
-1.022 -0.977 -0.927 -0.870 -0.805 -0.731 -0.647 -0.549 -0.436 -0.305 
-0.155 0.007 0.152 0.225 0.193 0.104 -0.047 -0.247 -0.432 -0.590 
-0.726 -0.844 -0.949 -1.042 -1.125 -1.201 -1.270 -1.332 -1.390 -1.442 
-1.491 -1.535 -1.576 -1.614 -1.649 -1.682 -1.712 -1.739 -1.765 -1.788 
-1.798 
-2.011 -2.050 -2.069 -2.085 -2.099 -2.110 -2.119 -2.126 -2.131 -2.133 
-2.133 -2.131 -2.126 -2.120 -2.111 -2.100 -2.086 -2.071 -2.053 -2.032 
-2.010 -1.985 -1.957 -1.927 -1.895 -1.861 -1.824 -1.784 -1.743 -1.699 
-1.654 -1.607 -1.559 -1.511 -1.464 -1.417 -1.373 -1.333 -1.297 -1.267 
-1.242 -1.222 -1.207 -1.196 -1.188 -1.181 -1.174 -1.166 -1.155 -1.141 
-1.122 -1.099 -1.069 -1.032 -0.987 -0.934 -0.870 -0.794 -0.704 -0.599 
-0.475 -0.333 -0.177 -0.018 0.138 0.241 0.180 -0.034 -0.289 -0.514 
-0.700 -0.856 -0.989 -1.106 -1.209 -1.302 -1.385 -1.461 -1.530 -1.594 
-1.652 -1.706 -1.756 -1.801 -1.843 -1.882 -1.917 -1.949 -1.978 -2.005 
-2.005 
-1.975 -1.981 -2.009 -2.035 -2.060 -2.082 -2.103 -2.122 -2.138 -2.153 
-2.166 -2.177 -2.186 -2.194 -2.199 -2.203 -2.204 -2.204 -2.202 -2.197 
-2.191 -2.183 -2.172 -2.160 -2.145 -2.128 -2.109 -2.087 -2.063 -2.037 
-2.009 -1.978 -1.946 -1.912 -1.876 -1.840 -1.804 -1.768 -1.733 -1.699 
-1.666 -1.635 -1.604 -1.573 -1.541 -1.508 -1.471 -1.432 -1.389 -1.341 
-1.289 -1.232 -1.169 -1.100 -1.024 -0.940 -0.848 -0.747 -0.636 -0.515 
-0.388 -0.260 -0.144 -0.056 0.006 0.033 -0.059 -0.241 -0.416 -0.567 
-0.699 -0.816 -0.921 -1.017 -1.104 -1.185 -1.261 -1.331 -1.397 -1.459 
-1.518 -1.573 -1.625 -1.674 -1.721 -1.765 -1.807 -1.846 -1.883 -1.918 
-1.962 
-2.159 -2.192 -2.218 -2.241 -2.262 -2.281 -2.297 -2.312 -2.324 -2.335 
-2.343 -2.350 -2.354 -2.357 -2.357 -2.356 -2.353 -2.348 -2.341 -2.332 
-2.321 -2.309 -2.294 -2.278 -2.260 -2.240 -2.218 -2.194 -2.169 -2.141 
-2.112 -2.081 -2.048 -2.014 -1.978 -1.940 -1.901 -1.861 -1.819 -1.776 
-1.733 -1.688 -1.643 -1.596 -1.550 -1.503 -1.456 -1.408 -1.361 -1.314 
-1.267 -1.219 -1.171 -1.120 -1.066 -1.007 -0.941 -0.865 -0.779 -0.679 
-0.563 -0.428 -0.272 -0.100 0.064 0.150 0.091 -0.075 -0.293 -0.510 
-0.702 -0.866 -1.008 -1.132 -1.243 -1.343 -1.433 -1.516 -1.591 -1.661 
-1.726 -1.785 -1.841 -1.893 -1.941 -1.985 -2.027 -2.065 -2.101 -2.134 
-2.150 
-2.333 -2.374 -2.400 -2.423 -2.444 -2.462 -2.478 -2.491 -2.502 -2.510 
-2.517 -2.521 -2.523 -2.522 -2.520 -2.516 -2.509 -2.501 -2.490 -2.478 
-2.464 -2.447 -2.429 -2.409 -2.388 -2.364 -2.339 -2.312 -2.284 -2.254 
-2.222 -2.189 -2.154 -2.117 -2.078 -2.037 -1.994 -1.948 -1.899 -1.848 
-1.793 -1.736 -1.675 -1.613 -1.548 -1.483 -1.417 -1.354 -1.293 -1.237 
-1.187 -1.143 -1.104 -1.069 -1.037 -1.005 -0.970 -0.929 -0.880 -0.820 
-0.744 -0.649 -0.528 -0.374 -0.185 -0.001 0.060 0.008 -0.143 -0.366 
-0.598 -0.808 -0.989 -1.146 -1.285 -1.407 -1.517 -1.616 -1.705 -1.787 
-1.862 -1.930 -1.993 -2.051 -2.105 -2.154 -2.199 -2.241 -2.279 -2.314 
-2.324 
-2.245 -2.259 -2.276 -2.290 -2.302 -2.312 -2.319 -2.324 -2.327 -2.328 
-2.326 -2.323 -2.317 -2.310 -2.301 -2.290 -2.277 -2.262 -2.246 -2.228 
-2.209 -2.189 -2.168 -2.145 -2.122 -2.098 -2.074 -2.050 -2.026 -2.002 
-1.979 -1.956 -1.934 -1.913 -1.893 -1.874 -1.855 -1.836 -1.817 -1.797 
-1.776 -1.753 -1.728 -1.700 -1.669 -1.634 -1.596 -1.554 -1.509 -1.461 
-1.411 -1.357 -1.300 -1.239 -1.173 -1.102 -1.027 -0.951 -0.875 -0.803 
-0.732 -0.651 -0.534 -0.351 -0.099 0.109 0.095 -0.118 -0.392 -0.643 
-0.853 -1.027 -1.174 -1.300 -1.410 -1.508 -1.595 -1.674 -1.746 -1.811 
-1.870 -1.924 -1.974 -2.019 -2.061 -2.098 -2.133 -2.164 -2.192 -2.217 
-2.239 
-2.224 -2.232 -2.257 -2.280 -2.300 -2.319 -2.335 -2.349 -2.361 -2.371 
-2.379 -2.385 -2.390 -2.392 -2.392 -2.390 -2.386 -2.381 -2.373 -2.364 
-2.353 -2.340 -2.325 -2.308 -2.290 -2.270 -2.248 -2.225 -2.200 -2.174 
-2.146 -2.117 -2.086 -2.053 -2.019 -1.983 -1.945 -1.905 -1.862 -1.817 
-1.770 -1.720 -1.667 -1.611 -1.551 -1.488 -1.422 -1.351 -1.277 -1.198 
-1.115 -1.027 -0.935 -0.839 -0.741 -0.642 -0.546 -0.458 -0.385 -0.334 
-0.308 -0.308 -0.317 -0.303 -0.231 -0.202 -0.336 -0.564 -0.747 -0.890 
-1.010 -1.116 -1.212 -1.301 -1.384 -1.462 -1.535 -1.605 -1.670 -1.731 
-1.789 -1.843 -1.895 -1.943 -1.988 -2.031 -2.071 -2.108 -2.143 -2.175 
-2.212 
-2.458 -2.490 -2.513 -2.534 -2.552 -2.568 -2.582 -2.593 -2.602 -2.610 
-2.615 -2.618 -2.619 -2.618 -2.615 -2.609 -2.602 -2.593 -2.581 -2.568 
-2.552 -2.535 -2.515 -2.493 -2.469 -2.443 -2.415 -2.385 -2.352 -2.318 
-2.281 -2.242 -2.201 -2.159 -2.114 -2.068 -2.020 -1.970 -1.920 -1.868 
-1.816 -1.762 -1.708 -1.653 -1.596 -1.536 -1.473 -1.408 -1.344 -1.288 
-1.244 -1.211 -1.177 -1.136 -1.085 -1.024 -0.955 -0.880 -0.801 -0.718 
-0.627 -0.510 -0.339 -0.109 0.078 0.055 -0.168 -0.404 -0.595 -0.821 
-1.029 -1.200 -1.343 -1.467 -1.575 -1.673 -1.761 -1.841 -1.915 -1.982 
-2.045 -2.103 -2.157 -2.207 -2.253 -2.296 -2.335 -2.372 -2.405 -2.436 
-2.450 
-2.708 -2.756 -2.783 -2.807 -2.829 -2.848 -2.865 -2.879 -2.891 -2.901 
-2.908 -2.913 -2.915 -2.916 -2.914 -2.910 -2.903 -2.895 -2.884 -2.871 
-2.855 -2.838 -2.818 -2.795 -2.770 -2.743 -2.713 -2.680 -2.645 -2.607 
-2.566 -2.522 -2.474 -2.424 -2.370 -2.312 -2.251 -2.185 -2.115 -2.040 
-1.959 -1.872 -1.777 -1.674 -1.562 -1.442 -1.317 -1.196 -1.091 -1.020 
-0.992 -1.004 -1.039 -1.082 -1.119 -1.145 -1.156 -1.150 -1.127 -1.084 
-1.017 -0.922 -0.788 -0.604 -0.400 -0.341 -0.337 -0.265 -0.297 -0.506 
-0.787 -1.047 -1.264 -1.445 -1.600 -1.734 -1.853 -1.959 -2.054 -2.141 
-2.220 -2.292 -2.358 -2.418 -2.474 -2.526 -2.573 -2.616 -2.656 -2.692 
-2.699 
-2.693 -2.700 -2.724 -2.746 -2.766 -2.783 -2.798 -2.810 -2.820 -2.828 
-2.834 -2.837 -2.838 -2.837 -2.834 -2.829 -2.821 -2.812 -2.800 -2.786 
-2.770 -2.751 -2.730 -2.707 -2.682 -2.654 -2.624 -2.591 -2.556 -2.518 
-2.477 -2.434 -2.387 -2.338 -2.287 -2.232 -2.175 -2.115 -2.052 -1.987 
-1.919 -1.850 -1.779 -1.707 -1.635 -1.564 -1.495 -1.429 -1.370 -1.324 
-1.296 -1.284 -1.277 -1.268 -1.253 -1.229 -1.195 -1.150 -1.091 -1.017 
-0.923 -0.808 -0.669 -0.517 -0.391 -0.349 -0.410 -0.498 -0.586 -0.709 
-0.941 -1.180 -1.373 -1.530 -1.665 -1.782 -1.886 -1.980 -2.065 -2.142 
-2.213 -2.278 -2.337 -2.392 -2.443 -2.490 -2.533 -2.572 -2.609 -2.642 
-2.682 
-2.798 -2.842 -2.869 -2.893 -2.915 -2.934 -2.950 -2.963 -2.974 -2.983 
-2.989 -2.993 -2.994 -2.993 -2.989 -2.983 -2.975 -2.964 -2.951 -2.936 
-2.918 -2.897 -2.874 -2.848 -2.819 -2.788 -2.753 -2.716 -2.676 -2.633 
-2.587 -2.537 -2.485 -2.430 -2.371 -2.310 -2.246 -2.179 -2.109 -2.036 
-1.960 -1.881 -1.801 -1.722 -1.648 -1.585 -1.538 -1.511 -1.504 -1.510 
-1.526 -1.544 -1.561 -1.572 -1.578 -1.575 -1.562 -1.539 -1.504 -1.456 
-1.391 -1.306 -1.198 -1.068 -0.931 -0.831 -0.745 -0.564 -0.391 -0.368 
-0.558 -0.865 -1.157 -1.392 -1.583 -1.743 -1.879 -1.999 -2.104 -2.199 
-2.284 -2.361 -2.431 -2.495 -2.553 -2.606 -2.655 -2.700 -2.740 -2.778 
-2.788 
-2.755 -2.763 -2.783 -2.801 -2.816 -2.828 -2.837 -2.844 -2.848 -2.849 
-2.848 -2.844 -2.838 -2.829 -2.818 -2.804 -2.787 -2.768 -2.746 -2.721 
-2.693 -2.663 -2.630 -2.594 -2.555 -2.514 -2.470 -2.425 -2.379 -2.331 
-2.284 -2.237 -2.191 -2.146 -2.103 -2.061 -2.021 -1.984 -1.950 -1.920 
-1.895 -1.875 -1.858 -1.844 -1.831 -1.821 -1.815 -1.813 -1.818 -1.825 
-1.834 -1.840 -1.842 -1.838 -1.827 -1.809 -1.782 -1.746 -1.700 -1.641 
-1.567 -1.475 -1.359 -1.207 -0.996 -0.677 -0.441 -0.308 -0.256 -0.446 
-0.768 -1.075 -1.319 -1.514 -1.676 -1.813 -1.932 -2.037 -2.130 -2.213 
-2.288 -2.356 -2.417 -2.473 -2.523 -2.569 -2.611 -2.648 -2.682 -2.712 
-2.746 
-2.767 -2.798 -2.812 -2.823 -2.832 -2.837 -2.840 -2.840 -2.837 -2.831 
-2.822 -2.810 -2.796 -2.779 -2.758 -2.735 -2.709 -2.679 -2.647 -2.611 
-2.572 -2.530 -2.485 -2.438 -2.388 -2.337 -2.285 -2.234 -2.185 -2.141 
-2.102 -2.071 -2.048 -2.035 -2.031 -2.033 -2.040 -2.049 -2.060 -2.071 
-2.080 -2.089 -2.096 -2.100 -2.102 -2.100 -2.095 -2.086 -2.073 -2.056 
-2.035 -2.011 -1.984 -1.952 -1.917 -1.876 -1.830 -1.776 -1.711 -1.634 
-1.538 -1.415 -1.252 -1.017 -0.653 -0.292 -0.203 -0.460 -0.715 -1.032 
-1.300 -1.503 -1.665 -1.801 -1.919 -2.023 -2.116 -2.200 -2.276 -2.345 
-2.408 -2.465 -2.516 -2.563 -2.606 -2.644 -2.678 -2.709 -2.736 -2.760 
-2.763 
-2.659 -2.673 -2.702 -2.727 -2.750 -2.770 -2.788 -2.803 -2.816 -2.827 
-2.835 -2.841 -2.845 -2.846 -2.845 -2.841 -2.835 -2.827 -2.816 -2.802 
-2.786 -2.767 -2.745 -2.720 -2.693 -2.664 -2.632 -2.599 -2.565 -2.530 
-2.497 -2.466 -2.438 -2.411 -2.387 -2.362 -2.337 -2.309 -2.278 -2.243 
-2.205 -2.163 -2.118 -2.070 -2.021 -1.969 -1.917 -1.865 -1.814 -1.764 
-1.716 -1.670 -1.627 -1.586 -1.547 -1.509 -1.472 -1.435 -1.397 -1.356 
-1.313 -1.266 -1.212 -1.146 -1.042 -0.815 -0.732 -0.997 -1.120 -1.206 
-1.291 -1.383 -1.479 -1.576 -1.671 -1.764 -1.852 -1.936 -2.015 -2.089 
-2.159 -2.224 -2.285 -2.342 -2.395 -2.444 -2.490 -2.533 -2.573 -2.609 
-2.647 
-2.703 -2.720 -2.748 -2.774 -2.798 -2.819 -2.838 -2.855 -2.870 -2.883 
-2.893 -2.902 -2.908 -2.913 -2.916 -2.916 -2.915 -2.912 -2.906 -2.899 
-2.890 -2.879 -2.865 -2.850 -2.833 -2.813 -2.792 -2.768 -2.742 -2.713 
-2.683 -2.650 -2.614 -2.576 -2.535 -2.492 -2.445 -2.396 -2.344 -2.289 
-2.232 -2.173 -2.114 -2.057 -2.004 -1.955 -1.911 -1.868 -1.826 -1.783 
-1.739 -1.695 -1.650 -1.605 -1.560 -1.516 -1.472 -1.428 -1.384 -1.341 
-1.299 -1.259 -1.223 -1.194 -1.174 -1.166 -1.170 -1.189 -1.224 -1.284 
-1.369 -1.466 -1.566 -1.664 -1.758 -1.846 -1.931 -2.010 -2.084 -2.155 
-2.221 -2.283 -2.341 -2.395 -2.446 -2.494 -2.539 -2.581 -2.619 -2.655 
-2.691 
-2.907 -2.957 -2.983 -3.007 -3.029 -3.048 -3.064 -3.077 -3.088 -3.097 
-3.103 -3.107 -3.109 -3.108 -3.104 -3.099 -3.090 -3.080 -3.067 -3.051 
-3.033 -3.012 -2.989 -2.962 -2.933 -2.900 -2.864 -2.825 -2.783 -2.736 
-2.686 -2.631 -2.572 -2.508 -2.439 -2.366 -2.287 -2.204 -2.118 -2.032 
-1.948 -1.871 -1.807 -1.757 -1.724 -1.709 -1.709 -1.721 -1.742 -1.765 
-1.787 -1.806 -1.818 -1.824 -1.822 -1.814 -1.799 -1.778 -1.750 -1.716 
-1.675 -1.628 -1.573 -1.511 -1.440 -1.358 -1.269 -1.186 -1.137 -1.155 
-1.244 -1.382 -1.537 -1.687 -1.826 -1.953 -2.066 -2.169 -2.263 -2.348 
-2.425 -2.497 -2.562 -2.622 -2.677 -2.728 -2.775 -2.818 -2.858 -2.894 
-2.899 
-2.839 -2.867 -2.893 -2.916 -2.935 -2.952 -2.966 -2.977 -2.986 -2.991 
-2.995 -2.995 -2.993 -2.989 -2.981 -2.971 -2.959 -2.943 -2.925 -2.904 
-2.880 -2.853 -2.822 -2.789 -2.752 -2.711 -2.666 -2.617 -2.564 -2.506 
-2.444 -2.376 -2.302 -2.223 -2.138 -2.049 -1.955 -1.860 -1.768 -1.685 
-1.618 -1.572 -1.551 -1.555 -1.580 -1.618 -1.664 -1.713 -1.761 -1.805 
-1.844 -1.876 -1.902 -1.921 -1.932 -1.936 -1.932 -1.921 -1.901 -1.873 
-1.835 -1.787 -1.729 -1.658 -1.575 -1.479 -1.374 -1.271 -1.192 -1.165 
-1.203 -1.295 -1.419 -1.554 -1.689 -1.818 -1.938 -2.047 -2.148 -2.239 
-2.322 -2.397 -2.466 -2.529 -2.587 -2.639 -2.687 -2.731 -2.770 -2.806 
-2.829 
-2.679 -2.697 -2.722 -2.744 -2.762 -2.777 -2.790 -2.800 -2.806 -2.810 
-2.811 -2.810 -2.805 -2.798 -2.788 -2.775 -2.759 -2.740 -2.718 -2.692 
-2.664 -2.631 -2.596 -2.556 -2.512 -2.464 -2.411 -2.353 -2.289 -2.220 
-2.145 -2.063 -1.975 -1.882 -1.785 -1.689 -1.599 -1.524 -1.467 -1.432 
-1.422 -1.436 -1.472 -1.522 -1.581 -1.643 -1.702 -1.756 -1.804 -1.845 
-1.879 -1.906 -1.926 -1.939 -1.946 -1.945 -1.938 -1.924 -1.903 -1.875 
-1.840 -1.798 -1.749 -1.695 -1.638 -1.578 -1.516 -1.454 -1.392 -1.342 
-1.316 -1.322 -1.363 -1.438 -1.537 -1.647 -1.760 -1.867 -1.968 -2.061 
-2.146 -2.223 -2.294 -2.358 -2.416 -2.470 -2.518 -2.562 -2.601 -2.637 
-2.668 
-2.545 -2.575 -2.589 -2.601 -2.609 -2.615 -2.619 -2.619 -2.617 -2.612 
-2.605 -2.594 -2.581 -2.565 -2.546 -2.524 -2.499 -2.471 -2.439 -2.404 
-2.365 -2.322 -2.275 -2.223 -2.166 -2.105 -2.037 -1.964 -1.884 -1.798 
-1.705 -1.607 -1.506 -1.406 -1.314 -1.236 -1.182 -1.156 -1.161 -1.193 
-1.245 -1.307 -1.373 -1.437 -1.497 -1.550 -1.596 -1.634 -1.666 -1.690 
-1.707 -1.717 -1.721 -1.718 -1.709 -1.694 -1.672 -1.643 -1.608 -1.567 
-1.520 -1.470 -1.418 -1.368 -1.328 -1.303 -1.300 -1.320 -1.359 -1.411 
-1.469 -1.532 -1.604 -1.684 -1.769 -1.853 -1.934 -2.009 -2.079 -2.143 
-2.201 -2.255 -2.304 -2.348 -2.389 -2.426 -2.459 -2.488 -2.515 -2.538 
-2.540 
-2.324 -2.325 -2.334 -2.339 -2.342 -2.343 -2.340 -2.335 -2.327 -2.316 
-2.303 -2.287 -2.268 -2.246 -2.221 -2.192 -2.161 -2.126 -2.088 -2.046 
-2.001 -1.951 -1.898 -1.840 -1.778 -1.712 -1.641 -1.565 -1.485 -1.401 
-1.313 -1.225 -1.140 -1.065 -1.008 -0.979 -0.980 -1.008 -1.055 -1.113 
-1.175 -1.235 -1.291 -1.341 -1.386 -1.425 -1.459 -1.489 -1.514 -1.536 
-1.554 -1.569 -1.580 -1.588 -1.592 -1.592 -1.587 -1.578 -1.564 -1.545 
-1.521 -1.494 -1.465 -1.436 -1.411 -1.392 -1.384 -1.390 -1.410 -1.443 
-1.486 -1.537 -1.594 -1.653 -1.714 -1.773 -1.832 -1.887 -1.940 -1.989 
-2.035 -2.078 -2.117 -2.153 -2.185 -2.214 -2.240 -2.263 -2.283 -2.300 
-2.318 
-2.266 -2.253 -2.246 -2.236 -2.225 -2.211 -2.195 -2.177 -2.156 -2.133 
-2.108 -2.080 -2.050 -2.017 -1.981 -1.943 -1.902 -1.858 -1.811 -1.761 
-1.708 -1.652 -1.594 -1.532 -1.468 -1.401 -1.333 -1.263 -1.194 -1.127 
-1.064 -1.009 -0.965 -0.934 -0.918 -0.915 -0.923 -0.941 -0.964 -0.990 
-1.016 -1.042 -1.067 -1.091 -1.114 -1.135 -1.157 -1.178 -1.200 -1.222 
-1.246 -1.271 -1.298 -1.328 -1.359 -1.391 -1.426 -1.461 -1.497 -1.533 
-1.568 -1.602 -1.633 -1.663 -1.690 -1.716 -1.741 -1.768 -1.797 -1.830 
-1.865 -1.902 -1.940 -1.977 -2.014 -2.048 -2.080 -2.109 -2.136 -2.159 
-2.181 -2.199 -2.215 -2.229 -2.240 -2.248 -2.255 -2.259 -2.261 -2.260 
-2.269 
-2.404 -2.404 -2.397 -2.387 -2.375 -2.361 -2.344 -2.325 -2.303 -2.279 
-2.252 -2.222 -2.190 -2.154 -2.116 -2.074 -2.029 -1.980 -1.927 -1.870 
-1.808 -1.742 -1.671 -1.595 -1.513 -1.426 -1.333 -1.235 -1.135 -1.036 
-0.944 -0.866 -0.815 -0.799 -0.816 -0.856 -0.908 -0.963 -1.017 -1.067 
-1.112 -1.151 -1.185 -1.214 -1.239 -1.259 -1.276 -1.291 -1.303 -1.314 
-1.324 -1.335 -1.348 -1.363 -1.381 -1.404 -1.431 -1.463 -1.500 -1.541 
-1.585 -1.632 -1.681 -1.730 -1.780 -1.829 -1.877 -1.924 -1.969 -2.012 
-2.053 -2.092 -2.129 -2.164 -2.196 -2.226 -2.254 -2.279 -2.302 -2.323 
-2.342 -2.359 -2.373 -2.385 -2.395 -2.403 -2.408 -2.412 -2.413 -2.412 
-2.406 
-2.507 -2.521 -2.516 -2.509 -2.500 -2.488 -2.474 -2.458 -2.439 -2.418 
-2.394 -2.367 -2.337 -2.304 -2.268 -2.229 -2.186 -2.139 -2.087 -2.032 
-1.971 -1.904 -1.832 -1.753 -1.667 -1.572 -1.468 -1.354 -1.231 -1.100 
-0.969 -0.852 -0.769 -0.738 -0.755 -0.793 -0.828 -0.865 -0.926 -1.014 
-1.109 -1.197 -1.274 -1.338 -1.392 -1.438 -1.475 -1.507 -1.533 -1.556 
-1.575 -1.592 -1.607 -1.623 -1.639 -1.657 -1.677 -1.699 -1.725 -1.753 
-1.784 -1.817 -1.853 -1.890 -1.929 -1.968 -2.008 -2.047 -2.086 -2.124 
-2.161 -2.196 -2.230 -2.263 -2.294 -2.323 -2.350 -2.375 -2.399 -2.420 
-2.439 -2.457 -2.472 -2.486 -2.497 -2.507 -2.515 -2.520 -2.524 -2.525 
-2.507 
-2.408 -2.393 -2.390 -2.386 -2.380 -2.372 -2.362 -2.350 -2.336 -2.320 
-2.301 -2.281 -2.258 -2.233 -2.206 -2.176 -2.143 -2.107 -2.067 -2.025 
-1.979 -1.929 -1.874 -1.815 -1.750 -1.680 -1.602 -1.517 -1.423 -1.320 
-1.209 -1.091 -0.973 -0.858 -0.740 -0.618 -0.512 -0.458 -0.478 -0.561 
-0.678 -0.800 -0.915 -1.018 -1.110 -1.191 -1.263 -1.327 -1.384 -1.436 
-1.483 -1.526 -1.565 -1.602 -1.636 -1.669 -1.701 -1.732 -1.762 -1.792 
-1.821 -1.851 -1.880 -1.910 -1.939 -1.968 -1.997 -2.025 -2.053 -2.080 
-2.106 -2.132 -2.157 -2.181 -2.204 -2.225 -2.246 -2.266 -2.284 -2.301 
-2.317 -2.331 -2.344 -2.356 -2.366 -2.374 -2.381 -2.387 -2.391 -2.393 
-2.408 
-2.487 -2.489 -2.488 -2.485 -2.480 -2.473 -2.464 -2.452 -2.439 -2.424 
-2.407 -2.387 -2.365 -2.340 -2.314 -2.284 -2.252 -2.217 -2.179 -2.138 
-2.094 -2.046 -1.994 -1.938 -1.878 -1.813 -1.742 -1.666 -1.582 -1.491 
-1.393 -1.287 -1.181 -1.087 -1.013 -0.946 -0.883 -0.845 -0.851 -0.894 
-0.953 -1.017 -1.080 -1.142 -1.200 -1.255 -1.306 -1.353 -1.396 -1.437 
-1.474 -1.510 -1.543 -1.575 -1.607 -1.637 -1.667 -1.697 -1.727 -1.757 
-1.787 -1.818 -1.849 -1.881 -1.913 -1.945 -1.978 -2.011 -2.045 -2.078 
-2.111 -2.143 -2.175 -2.206 -2.235 -2.263 -2.290 -2.315 -2.339 -2.361 
-2.382 -2.400 -2.417 -2.432 -2.446 -2.457 -2.467 -2.475 -2.481 -2.486 
-2.487 
-2.543 -2.570 -2.571 -2.570 -2.568 -2.563 -2.556 -2.546 -2.534 -2.520 
-2.503 -2.483 -2.461 -2.435 -2.407 -2.375 -2.339 -2.300 -2.257 -2.209 
-2.157 -2.099 -2.036 -1.965 -1.887 -1.801 -1.705 -1.597 -1.477 -1.344 
-1.200 -1.056 -0.936 -0.874 -0.890 -0.967 -1.070 -1.171 -1.261 -1.340 
-1.412 -1.478 -1.540 -1.596 -1.647 -1.693 -1.734 -1.769 -1.800 -1.827 
-1.850 -1.869 -1.884 -1.897 -1.906 -1.914 -1.919 -1.922 -1.925 -1.927 
-1.929 -1.933 -1.939 -1.947 -1.959 -1.975 -1.995 -2.019 -2.047 -2.077 
-2.110 -2.144 -2.179 -2.214 -2.248 -2.282 -2.313 -2.344 -2.372 -2.399 
-2.424 -2.447 -2.468 -2.487 -2.504 -2.519 -2.532 -2.544 -2.553 -2.560 
-2.541 
-2.381 -2.361 -2.360 -2.358 -2.355 -2.350 -2.343 -2.335 -2.324 -2.312 
-2.297 -2.280 -2.260 -2.238 -2.213 -2.184 -2.153 -2.118 -2.079 -2.035 
-1.988 -1.935 -1.876 -1.812 -1.741 -1.662 -1.575 -1.480 -1.376 -1.264 
-1.150 -1.043 -0.958 -0.916 -0.928 -0.985 -1.070 -1.171 -1.275 -1.376 
-1.470 -1.555 -1.632 -1.701 -1.763 -1.819 -1.868 -1.912 -1.952 -1.986 
-2.017 -2.045 -2.068 -2.089 -2.107 -2.123 -2.136 -2.147 -2.156 -2.165 
-2.172 -2.178 -2.185 -2.191 -2.198 -2.206 -2.214 -2.222 -2.231 -2.240 
-2.249 -2.258 -2.266 -2.274 -2.281 -2.288 -2.294 -2.300 -2.307 -2.312 
-2.318 -2.324 -2.330 -2.335 -2.340 -2.345 -2.349 -2.353 -2.357 -2.359 
-2.381 
-2.524 -2.529 -2.528 -2.524 -2.519 -2.512 -2.503 -2.492 -2.478 -2.463 
-2.445 -2.424 -2.401 -2.375 -2.347 -2.315 -2.280 -2.242 -2.200 -2.154 
-2.104 -2.049 -1.989 -1.923 -1.851 -1.771 -1.683 -1.585 -1.477 -1.358 
-1.234 -1.117 -1.027 -0.959 -0.911 -0.893 -0.917 -0.978 -1.064 -1.159 
-1.254 -1.342 -1.423 -1.495 -1.560 -1.618 -1.669 -1.715 -1.756 -1.793 
-1.826 -1.855 -1.882 -1.906 -1.928 -1.949 -1.968 -1.987 -2.005 -2.022 
-2.040 -2.058 -2.076 -2.095 -2.115 -2.136 -2.157 -2.180 -2.202 -2.225 
-2.248 -2.271 -2.293 -2.315 -2.336 -2.357 -2.376 -2.395 -2.413 -2.429 
-2.445 -2.459 -2.472 -2.484 -2.495 -2.504 -2.512 -2.519 -2.524 -2.527 
-2.524 
-2.750 -2.762 -2.760 -2.755 -2.748 -2.739 -2.727 -2.713 -2.695 -2.675 
-2.652 -2.626 -2.597 -2.565 -2.528 -2.488 -2.444 -2.395 -2.342 -2.283 
-2.218 -2.146 -2.067 -1.980 -1.883 -1.774 -1.653 -1.519 -1.370 -1.212 
-1.066 -0.972 -0.965 -1.033 -1.129 -1.222 -1.312 -1.404 -1.497 -1.585 
-1.665 -1.735 -1.797 -1.850 -1.895 -1.933 -1.966 -1.992 -2.014 -2.032 
-2.046 -2.057 -2.066 -2.073 -2.078 -2.083 -2.087 -2.092 -2.097 -2.103 
-2.111 -2.121 -2.133 -2.147 -2.165 -2.186 -2.210 -2.237 -2.267 -2.298 
-2.331 -2.365 -2.399 -2.433 -2.466 -2.498 -2.529 -2.559 -2.586 -2.612 
-2.636 -2.659 -2.679 -2.697 -2.713 -2.726 -2.738 -2.747 -2.754 -2.759 
-2.749 
-2.826 -2.821 -2.813 -2.803 -2.791 -2.776 -2.758 -2.737 -2.714 -2.688 
-2.659 -2.626 -2.590 -2.551 -2.508 -2.461 -2.410 -2.354 -2.294 -2.228 
-2.157 -2.080 -1.996 -1.906 -1.809 -1.708 -1.603 -1.499 -1.402 -1.317 
-1.251 -1.214 -1.223 -1.272 -1.338 -1.413 -1.490 -1.564 -1.631 -1.690 
-1.740 -1.782 -1.818 -1.847 -1.870 -1.888 -1.902 -1.912 -1.919 -1.924 
-1.927 -1.930 -1.934 -1.939 -1.947 -1.959 -1.974 -1.994 -2.018 -2.046 
-2.078 -2.112 -2.149 -2.187 -2.227 -2.266 -2.307 -2.347 -2.386 -2.425 
-2.463 -2.500 -2.535 -2.569 -2.601 -2.632 -2.660 -2.686 -2.710 -2.732 
-2.752 -2.770 -2.785 -2.798 -2.809 -2.817 -2.824 -2.828 -2.830 -2.829 
-2.828 
-2.863 -2.865 -2.863 -2.860 -2.854 -2.846 -2.835 -2.822 -2.807 -2.788 
-2.768 -2.744 -2.717 -2.687 -2.654 -2.618 -2.577 -2.533 -2.485 -2.432 
-2.374 -2.311 -2.242 -2.166 -2.084 -1.995 -1.900 -1.798 -1.693 -1.586 
-1.479 -1.375 -1.279 -1.207 -1.173 -1.189 -1.255 -1.353 -1.459 -1.559 
-1.649 -1.727 -1.795 -1.854 -1.904 -1.947 -1.983 -2.014 -2.040 -2.062 
-2.080 -2.095 -2.109 -2.120 -2.131 -2.142 -2.153 -2.165 -2.179 -2.193 
-2.209 -2.227 -2.246 -2.267 -2.290 -2.315 -2.341 -2.369 -2.398 -2.428 
-2.459 -2.490 -2.521 -2.552 -2.582 -2.612 -2.640 -2.667 -2.693 -2.718 
-2.741 -2.762 -2.781 -2.798 -2.814 -2.827 -2.838 -2.848 -2.855 -2.860 
-2.862 
-2.852 -2.861 -2.860 -2.858 -2.854 -2.848 -2.840 -2.831 -2.820 -2.808 
-2.793 -2.777 -2.759 -2.738 -2.715 -2.689 -2.660 -2.628 -2.592 -2.553 
-2.509 -2.460 -2.405 -2.345 -2.278 -2.204 -2.121 -2.029 -1.925 -1.809 
-1.680 -1.536 -1.384 -1.234 -1.112 -1.057 -1.088 -1.187 -1.313 -1.435 
-1.539 -1.625 -1.699 -1.769 -1.837 -1.902 -1.962 -2.015 -2.062 -2.102 
-2.136 -2.165 -2.189 -2.209 -2.226 -2.240 -2.252 -2.262 -2.271 -2.279 
-2.288 -2.297 -2.307 -2.320 -2.334 -2.350 -2.368 -2.389 -2.412 -2.437 
-2.464 -2.492 -2.521 -2.550 -2.579 -2.608 -2.637 -2.664 -2.690 -2.715 
-2.738 -2.759 -2.778 -2.795 -2.811 -2.824 -2.835 -2.845 -2.852 -2.857 
-2.850 
-2.743 -2.726 -2.712 -2.698 -2.685 -2.672 -2.659 -2.648 -2.637 -2.626 
-2.617 -2.608 -2.599 -2.590 -2.581 -2.572 -2.562 -2.551 -2.538 -2.524 
-2.507 -2.489 -2.467 -2.441 -2.412 -2.378 -2.339 -2.294 -2.242 -2.180 
-2.108 -2.022 -1.921 -1.807 -1.695 -1.621 -1.605 -1.616 -1.614 -1.594 
-1.567 -1.550 -1.555 -1.591 -1.654 -1.736 -1.827 -1.918 -2.006 -2.088 
-2.163 -2.231 -2.292 -2.348 -2.398 -2.442 -2.482 -2.518 -2.550 -2.578 
-2.604 -2.628 -2.650 -2.670 -2.689 -2.706 -2.723 -2.740 -2.755 -2.770 
-2.783 -2.796 -2.807 -2.817 -2.825 -2.832 -2.837 -2.840 -2.841 -2.840 
-2.838 -2.834 -2.829 -2.821 -2.813 -2.803 -2.792 -2.780 -2.768 -2.754 
-2.750 
-2.759 -2.747 -2.742 -2.737 -2.732 -2.726 -2.719 -2.712 -2.704 -2.695 
-2.685 -2.674 -2.662 -2.649 -2.635 -2.618 -2.600 -2.580 -2.558 -2.533 
-2.506 -2.476 -2.442 -2.405 -2.365 -2.320 -2.271 -2.218 -2.159 -2.096 
-2.029 -1.957 -1.884 -1.811 -1.743 -1.682 -1.630 -1.587 -1.557 -1.542 
-1.545 -1.569 -1.610 -1.668 -1.736 -1.809 -1.883 -1.955 -2.022 -2.085 
-2.143 -2.197 -2.247 -2.293 -2.336 -2.376 -2.413 -2.448 -2.480 -2.511 
-2.539 -2.565 -2.589 -2.611 -2.631 -2.650 -2.667 -2.682 -2.695 -2.708 
-2.718 -2.728 -2.736 -2.743 -2.749 -2.754 -2.758 -2.761 -2.764 -2.765 
-2.767 -2.767 -2.767 -2.767 -2.766 -2.765 -2.763 -2.760 -2.758 -2.755 
-2.759 
-2.910 -2.920 -2.915 -2.908 -2.899 -2.889 -2.876 -2.862 -2.846 -2.828 
-2.807 -2.784 -2.759 -2.732 -2.702 -2.669 -2.633 -2.594 -2.552 -2.507 
-2.458 -2.405 -2.348 -2.287 -2.221 -2.150 -2.074 -1.993 -1.908 -1.818 
-1.726 -1.634 -1.548 -1.473 -1.416 -1.385 -1.381 -1.400 -1.437 -1.484 
-1.538 -1.596 -1.654 -1.712 -1.768 -1.821 -1.871 -1.918 -1.962 -2.004 
-2.044 -2.082 -2.119 -2.156 -2.192 -2.227 -2.262 -2.297 -2.332 -2.366 
-2.400 -2.434 -2.467 -2.499 -2.531 -2.561 -2.591 -2.620 -2.648 -2.674 
-2.699 -2.723 -2.746 -2.768 -2.788 -2.807 -2.824 -2.840 -2.855 -2.869 
-2.881 -2.891 -2.901 -2.908 -2.915 -2.920 -2.924 -2.926 -2.927 -2.926 
-2.911 
-2.940 -2.937 -2.936 -2.933 -2.929 -2.922 -2.914 -2.903 -2.891 -2.876 
-2.859 -2.840 -2.818 -2.794 -2.767 -2.737 -2.704 -2.668 -2.629 -2.586 
-2.539 -2.489 -2.434 -2.374 -2.309 -2.239 -2.163 -2.082 -1.995 -1.902 
-1.806 -1.711 -1.623 -1.552 -1.507 -1.493 -1.511 -1.555 -1.617 -1.688 
-1.762 -1.834 -1.902 -1.966 -2.025 -2.078 -2.127 -2.172 -2.213 -2.250 
-2.284 -2.316 -2.345 -2.371 -2.396 -2.419 -2.441 -2.461 -2.481 -2.499 
-2.516 -2.533 -2.549 -2.565 -2.580 -2.596 -2.612 -2.627 -2.643 -2.660 
-2.677 -2.694 -2.711 -2.729 -2.746 -2.764 -2.781 -2.798 -2.815 -2.831 
-2.846 -2.860 -2.874 -2.886 -2.897 -2.907 -2.916 -2.923 -2.929 -2.933 
-2.939 
-2.975 -2.977 -2.977 -2.976 -2.972 -2.965 -2.957 -2.946 -2.933 -2.918 
-2.900 -2.880 -2.856 -2.831 -2.802 -2.770 -2.735 -2.697 -2.655 -2.610 
-2.561 -2.507 -2.448 -2.385 -2.316 -2.241 -2.159 -2.070 -1.974 -1.872 
-1.768 -1.669 -1.587 -1.537 -1.526 -1.553 -1.607 -1.674 -1.746 -1.819 
-1.890 -1.960 -2.026 -2.090 -2.149 -2.205 -2.256 -2.303 -2.345 -2.384 
-2.418 -2.448 -2.475 -2.499 -2.519 -2.537 -2.552 -2.564 -2.575 -2.584 
-2.592 -2.599 -2.606 -2.612 -2.618 -2.625 -2.633 -2.642 -2.652 -2.664 
-2.677 -2.692 -2.708 -2.726 -2.744 -2.763 -2.782 -2.802 -2.821 -2.840 
-2.859 -2.877 -2.893 -2.909 -2.923 -2.936 -2.947 -2.957 -2.965 -2.971 
-2.973 
-3.023 -3.010 -2.996 -2.981 -2.963 -2.943 -2.922 -2.898 -2.873 -2.845 
-2.815 -2.784 -2.750 -2.714 -2.676 -2.636 -2.593 -2.548 -2.500 -2.451 
-2.399 -2.344 -2.288 -2.229 -2.169 -2.108 -2.046 -1.984 -1.921 -1.858 
-1.794 -1.731 -1.671 -1.621 -1.583 -1.558 -1.546 -1.546 -1.559 -1.586 
-1.625 -1.675 -1.732 -1.793 -1.857 -1.921 -1.985 -2.047 -2.107 -2.164 
-2.220 -2.273 -2.324 -2.373 -2.420 -2.465 -2.507 -2.548 -2.587 -2.624 
-2.659 -2.691 -2.722 -2.751 -2.778 -2.803 -2.827 -2.850 -2.871 -2.891 
-2.911 -2.929 -2.946 -2.963 -2.978 -2.992 -3.005 -3.017 -3.027 -3.036 
-3.043 -3.049 -3.053 -3.055 -3.056 -3.055 -3.052 -3.047 -3.041 -3.032 
-3.028 
-3.083 -3.083 -3.066 -3.047 -3.026 -3.003 -2.978 -2.950 -2.921 -2.888 
-2.854 -2.817 -2.777 -2.735 -2.690 -2.642 -2.591 -2.537 -2.480 -2.420 
-2.358 -2.294 -2.228 -2.164 -2.101 -2.044 -1.992 -1.950 -1.918 -1.895 
-1.880 -1.871 -1.863 -1.856 -1.848 -1.840 -1.835 -1.837 -1.848 -1.871 
-1.903 -1.942 -1.983 -2.023 -2.062 -2.098 -2.132 -2.164 -2.195 -2.226 
-2.257 -2.290 -2.324 -2.361 -2.399 -2.439 -2.480 -2.522 -2.564 -2.607 
-2.649 -2.690 -2.731 -2.770 -2.807 -2.843 -2.876 -2.908 -2.938 -2.966 
-2.992 -3.016 -3.038 -3.058 -3.076 -3.091 -3.105 -3.117 -3.127 -3.135 
-3.141 -3.145 -3.148 -3.148 -3.147 -3.143 -3.138 -3.131 -3.122 -3.111 
-3.087 
-3.038 -3.007 -2.990 -2.972 -2.953 -2.933 -2.911 -2.888 -2.863 -2.838 
-2.811 -2.783 -2.753 -2.721 -2.688 -2.653 -2.617 -2.578 -2.537 -2.493 
-2.446 -2.397 -2.345 -2.291 -2.233 -2.175 -2.115 -2.057 -2.000 -1.948 
-1.900 -1.855 -1.810 -1.764 -1.716 -1.670 -1.633 -1.612 -1.613 -1.637 
-1.683 -1.745 -1.815 -1.887 -1.959 -2.027 -2.092 -2.153 -2.211 -2.267 
-2.320 -2.373 -2.424 -2.474 -2.522 -2.570 -2.615 -2.659 -2.701 -2.741 
-2.778 -2.814 -2.847 -2.878 -2.907 -2.934 -2.958 -2.981 -3.001 -3.020 
-3.036 -3.051 -3.063 -3.074 -3.084 -3.091 -3.097 -3.101 -3.104 -3.105 
-3.105 -3.103 -3.099 -3.095 -3.088 -3.081 -3.072 -3.061 -3.050 -3.037 
-3.044 
-3.220 -3.232 -3.213 -3.193 -3.170 -3.145 -3.118 -3.088 -3.056 -3.021 
-2.984 -2.943 -2.900 -2.853 -2.803 -2.749 -2.691 -2.628 -2.562 -2.491 
-2.415 -2.335 -2.252 -2.165 -2.077 -1.991 -1.908 -1.834 -1.771 -1.726 
-1.700 -1.694 -1.702 -1.719 -1.740 -1.760 -1.779 -1.797 -1.817 -1.841 
-1.868 -1.896 -1.923 -1.949 -1.974 -2.000 -2.027 -2.058 -2.093 -2.134 
-2.180 -2.231 -2.286 -2.345 -2.405 -2.467 -2.528 -2.588 -2.646 -2.703 
-2.757 -2.809 -2.858 -2.904 -2.947 -2.988 -3.026 -3.061 -3.094 -3.124 
-3.151 -3.177 -3.199 -3.220 -3.238 -3.254 -3.268 -3.280 -3.289 -3.297 
-3.302 -3.306 -3.307 -3.307 -3.304 -3.300 -3.293 -3.285 -3.275 -3.262 
-3.224 
-3.133 -3.123 -3.101 -3.077 -3.050 -3.021 -2.989 -2.955 -2.917 -2.877 
-2.834 -2.787 -2.737 -2.684 -2.626 -2.565 -2.500 -2.430 -2.357 -2.280 
-2.200 -2.118 -2.036 -1.957 -1.884 -1.821 -1.770 -1.735 -1.715 -1.707 
-1.711 -1.723 -1.740 -1.762 -1.786 -1.811 -1.837 -1.864 -1.889 -1.913 
-1.936 -1.957 -1.979 -2.002 -2.027 -2.056 -2.088 -2.124 -2.166 -2.211 
-2.260 -2.313 -2.367 -2.422 -2.478 -2.533 -2.587 -2.640 -2.690 -2.739 
-2.785 -2.829 -2.870 -2.909 -2.946 -2.980 -3.012 -3.041 -3.068 -3.093 
-3.115 -3.136 -3.154 -3.170 -3.184 -3.197 -3.207 -3.215 -3.221 -3.225 
-3.228 -3.228 -3.227 -3.223 -3.218 -3.210 -3.201 -3.190 -3.176 -3.161 
-3.140 
-2.984 -2.955 -2.938 -2.919 -2.898 -2.876 -2.853 -2.828 -2.801 -2.772 
-2.742 -2.709 -2.675 -2.639 -2.601 -2.560 -2.517 -2.472 -2.424 -2.374 
-2.320 -2.264 -2.206 -2.147 -2.087 -2.027 -1.970 -1.916 -1.865 -1.817 
-1.773 -1.734 -1.704 -1.685 -1.678 -1.685 -1.703 -1.730 -1.765 -1.808 
-1.859 -1.917 -1.978 -2.041 -2.102 -2.161 -2.218 -2.272 -2.324 -2.375 
-2.424 -2.471 -2.516 -2.559 -2.600 -2.639 -2.676 -2.711 -2.744 -2.775 
-2.804 -2.831 -2.856 -2.880 -2.902 -2.923 -2.941 -2.959 -2.974 -2.989 
-3.002 -3.013 -3.023 -3.031 -3.039 -3.045 -3.049 -3.052 -3.054 -3.055 
-3.054 -3.052 -3.048 -3.043 -3.037 -3.030 -3.021 -3.010 -2.999 -2.986 
-2.989 
-3.090 -3.074 -3.051 -3.026 -3.000 -2.973 -2.944 -2.913 -2.882 -2.849 
-2.815 -2.780 -2.745 -2.708 -2.671 -2.634 -2.596 -2.557 -2.517 -2.478 
-2.437 -2.395 -2.352 -2.308 -2.262 -2.214 -2.163 -2.110 -2.053 -1.995 
-1.934 -1.872 -1.812 -1.755 -1.702 -1.657 -1.621 -1.596 -1.587 -1.601 
-1.640 -1.703 -1.784 -1.874 -1.967 -2.060 -2.149 -2.233 -2.313 -2.388 
-2.458 -2.524 -2.585 -2.643 -2.697 -2.747 -2.794 -2.838 -2.879 -2.917 
-2.953 -2.986 -3.016 -3.045 -3.071 -3.094 -3.116 -3.136 -3.154 -3.169 
-3.183 -3.195 -3.205 -3.214 -3.220 -3.225 -3.228 -3.230 -3.229 -3.227 
-3.224 -3.218 -3.211 -3.203 -3.192 -3.180 -3.167 -3.151 -3.134 -3.116 
-3.097 
-3.273 -3.261 -3.241 -3.219 -3.195 -3.169 -3.142 -3.112 -3.080 -3.046 
-3.010 -2.971 -2.931 -2.888 -2.842 -2.794 -2.744 -2.691 -2.635 -2.576 
-2.514 -2.449 -2.382 -2.312 -2.241 -2.169 -2.097 -2.022 -1.946 -1.867 
-1.788 -1.709 -1.637 -1.575 -1.530 -1.508 -1.508 -1.528 -1.566 -1.617 
-1.678 -1.746 -1.818 -1.892 -1.965 -2.037 -2.110 -2.182 -2.253 -2.323 
-2.391 -2.457 -2.521 -2.582 -2.641 -2.696 -2.750 -2.801 -2.849 -2.894 
-2.938 -2.978 -3.017 -3.053 -3.087 -3.119 -3.149 -3.176 -3.202 -3.225 
-3.247 -3.266 -3.284 -3.299 -3.313 -3.324 -3.334 -3.342 -3.349 -3.353 
-3.355 -3.356 -3.355 -3.352 -3.347 -3.340 -3.332 -3.321 -3.309 -3.295 
-3.278 
-3.428 -3.416 -3.391 -3.363 -3.332 -3.299 -3.263 -3.224 -3.181 -3.136 
-3.087 -3.035 -2.979 -2.919 -2.855 -2.788 -2.717 -2.643 -2.567 -2.489 
-2.411 -2.334 -2.260 -2.192 -2.132 -2.082 -2.043 -2.015 -1.997 -1.984 
-1.974 -1.963 -1.950 -1.935 -1.923 -1.917 -1.919 -1.926 -1.936 -1.946 
-1.953 -1.958 -1.963 -1.970 -1.985 -2.012 -2.057 -2.118 -2.192 -2.274 
-2.359 -2.444 -2.527 -2.607 -2.683 -2.756 -2.824 -2.888 -2.949 -3.006 
-3.059 -3.109 -3.155 -3.199 -3.239 -3.276 -3.311 -3.343 -3.372 -3.399 
-3.423 -3.445 -3.464 -3.482 -3.497 -3.509 -3.520 -3.528 -3.534 -3.538 
-3.540 -3.540 -3.537 -3.533 -3.526 -3.517 -3.506 -3.493 -3.477 -3.459 
-3.435 
-3.496 -3.465 -3.434 -3.399 -3.361 -3.320 -3.276 -3.228 -3.177 -3.121 
-3.062 -2.999 -2.932 -2.860 -2.785 -2.707 -2.627 -2.545 -2.465 -2.390 
-2.324 -2.271 -2.234 -2.215 -2.209 -2.213 -2.224 -2.238 -2.255 -2.273 
-2.288 -2.301 -2.309 -2.312 -2.308 -2.297 -2.279 -2.253 -2.219 -2.178 
-2.129 -2.074 -2.018 -1.965 -1.928 -1.917 -1.943 -2.006 -2.097 -2.204 
-2.317 -2.429 -2.535 -2.636 -2.729 -2.816 -2.896 -2.971 -3.039 -3.103 
-3.162 -3.216 -3.266 -3.312 -3.355 -3.394 -3.429 -3.462 -3.491 -3.518 
-3.541 -3.562 -3.581 -3.597 -3.610 -3.621 -3.629 -3.635 -3.639 -3.640 
-3.639 -3.636 -3.630 -3.622 -3.611 -3.598 -3.582 -3.564 -3.544 -3.520 
-3.506 
-3.606 -3.596 -3.563 -3.526 -3.486 -3.442 -3.395 -3.343 -3.288 -3.227 
-3.162 -3.092 -3.017 -2.935 -2.848 -2.755 -2.656 -2.554 -2.452 -2.355 
-2.271 -2.210 -2.178 -2.176 -2.198 -2.235 -2.280 -2.325 -2.368 -2.406 
-2.437 -2.462 -2.479 -2.489 -2.490 -2.484 -2.471 -2.449 -2.420 -2.383 
-2.339 -2.291 -2.240 -2.192 -2.156 -2.143 -2.161 -2.212 -2.290 -2.385 
-2.489 -2.593 -2.695 -2.792 -2.883 -2.968 -3.047 -3.121 -3.189 -3.252 
-3.310 -3.364 -3.414 -3.460 -3.502 -3.541 -3.577 -3.609 -3.638 -3.664 
-3.688 -3.709 -3.727 -3.742 -3.755 -3.765 -3.773 -3.779 -3.782 -3.783 
-3.781 -3.777 -3.771 -3.762 -3.750 -3.736 -3.720 -3.701 -3.679 -3.654 
-3.614 
-3.562 -3.525 -3.495 -3.461 -3.425 -3.385 -3.342 -3.296 -3.245 -3.191 
-3.133 -3.070 -3.003 -2.931 -2.854 -2.772 -2.685 -2.595 -2.503 -2.411 
-2.324 -2.246 -2.183 -2.136 -2.108 -2.100 -2.112 -2.141 -2.178 -2.218 
-2.254 -2.286 -2.312 -2.331 -2.344 -2.350 -2.349 -2.343 -2.332 -2.317 
-2.299 -2.281 -2.264 -2.252 -2.249 -2.258 -2.283 -2.325 -2.381 -2.448 
-2.523 -2.600 -2.679 -2.758 -2.834 -2.907 -2.977 -3.043 -3.105 -3.164 
-3.218 -3.269 -3.317 -3.361 -3.402 -3.440 -3.475 -3.507 -3.536 -3.562 
-3.586 -3.607 -3.626 -3.642 -3.655 -3.667 -3.675 -3.682 -3.686 -3.688 
-3.688 -3.685 -3.680 -3.673 -3.663 -3.651 -3.636 -3.619 -3.600 -3.578 
-3.572 
-3.687 -3.672 -3.646 -3.616 -3.584 -3.549 -3.510 -3.468 -3.422 -3.373 
-3.319 -3.260 -3.197 -3.129 -3.055 -2.976 -2.890 -2.797 -2.697 -2.590 
-2.477 -2.358 -2.238 -2.123 -2.025 -1.956 -1.921 -1.920 -1.959 -2.031 
-2.113 -2.189 -2.254 -2.307 -2.349 -2.380 -2.402 -2.416 -2.422 -2.421 
-2.415 -2.405 -2.393 -2.381 -2.371 -2.368 -2.373 -2.390 -2.420 -2.464 
-2.520 -2.585 -2.657 -2.733 -2.810 -2.886 -2.961 -3.033 -3.101 -3.166 
-3.227 -3.284 -3.338 -3.388 -3.434 -3.478 -3.518 -3.555 -3.589 -3.620 
-3.649 -3.674 -3.697 -3.718 -3.736 -3.751 -3.764 -3.774 -3.783 -3.788 
-3.792 -3.793 -3.792 -3.788 -3.782 -3.774 -3.763 -3.750 -3.735 -3.716 
-3.693 
-3.777 -3.772 -3.748 -3.721 -3.692 -3.660 -3.624 -3.585 -3.543 -3.498 
-3.449 -3.395 -3.338 -3.275 -3.208 -3.135 -3.056 -2.971 -2.878 -2.776 
-2.666 -2.544 -2.412 -2.268 -2.115 -1.959 -1.819 -1.726 -1.714 -1.777 
-1.878 -1.983 -2.075 -2.148 -2.204 -2.245 -2.271 -2.286 -2.292 -2.292 
-2.290 -2.292 -2.301 -2.320 -2.345 -2.375 -2.408 -2.447 -2.491 -2.544 
-2.604 -2.671 -2.743 -2.817 -2.892 -2.966 -3.039 -3.108 -3.175 -3.239 
-3.299 -3.356 -3.409 -3.459 -3.505 -3.549 -3.589 -3.627 -3.661 -3.693 
-3.722 -3.748 -3.772 -3.793 -3.811 -3.828 -3.842 -3.853 -3.862 -3.869 
-3.874 -3.876 -3.876 -3.874 -3.870 -3.863 -3.854 -3.842 -3.828 -3.812 
-3.782 
-3.697 -3.662 -3.635 -3.604 -3.572 -3.536 -3.497 -3.456 -3.411 -3.363 
-3.312 -3.257 -3.199 -3.137 -3.071 -3.001 -2.926 -2.847 -2.764 -2.677 
-2.585 -2.492 -2.399 -2.313 -2.239 -2.173 -2.110 -2.060 -2.043 -2.058 
-2.080 -2.095 -2.100 -2.096 -2.084 -2.065 -2.038 -2.007 -1.973 -1.942 
-1.920 -1.915 -1.932 -1.973 -2.033 -2.108 -2.195 -2.294 -2.399 -2.506 
-2.609 -2.706 -2.798 -2.885 -2.966 -3.041 -3.112 -3.179 -3.241 -3.298 
-3.352 -3.402 -3.448 -3.492 -3.531 -3.568 -3.602 -3.633 -3.661 -3.686 
-3.709 -3.730 -3.748 -3.764 -3.777 -3.788 -3.797 -3.803 -3.808 -3.810 
-3.810 -3.808 -3.803 -3.797 -3.788 -3.777 -3.764 -3.748 -3.730 -3.710 
-3.706 
-3.707 -3.708 -3.677 -3.643 -3.606 -3.566 -3.523 -3.476 -3.425 -3.370 
-3.311 -3.248 -3.179 -3.105 -3.026 -2.940 -2.847 -2.747 -2.639 -2.524 
-2.403 -2.282 -2.172 -2.090 -2.050 -2.054 -2.089 -2.137 -2.186 -2.228 
-2.262 -2.287 -2.303 -2.310 -2.309 -2.300 -2.285 -2.263 -2.235 -2.204 
-2.171 -2.137 -2.102 -2.067 -2.039 -2.033 -2.066 -2.143 -2.255 -2.384 
-2.515 -2.640 -2.757 -2.865 -2.963 -3.053 -3.136 -3.211 -3.281 -3.345 
-3.404 -3.458 -3.508 -3.554 -3.596 -3.634 -3.670 -3.702 -3.731 -3.757 
-3.781 -3.801 -3.819 -3.835 -3.848 -3.859 -3.867 -3.873 -3.877 -3.878 
-3.877 -3.874 -3.868 -3.860 -3.850 -3.837 -3.822 -3.804 -3.784 -3.762 
-3.714 
-3.550 -3.500 -3.468 -3.432 -3.394 -3.353 -3.309 -3.262 -3.212 -3.159 
-3.102 -3.041 -2.978 -2.910 -2.840 -2.766 -2.689 -2.610 -2.528 -2.446 
-2.363 -2.283 -2.211 -2.154 -2.121 -2.111 -2.114 -2.122 -2.131 -2.138 
-2.142 -2.144 -2.142 -2.137 -2.129 -2.120 -2.111 -2.104 -2.101 -2.107 
-2.122 -2.146 -2.178 -2.215 -2.253 -2.295 -2.348 -2.413 -2.485 -2.558 
-2.632 -2.710 -2.792 -2.875 -2.954 -3.029 -3.099 -3.163 -3.222 -3.276 
-3.325 -3.371 -3.413 -3.452 -3.487 -3.519 -3.548 -3.575 -3.598 -3.620 
-3.638 -3.654 -3.668 -3.679 -3.689 -3.695 -3.700 -3.703 -3.703 -3.701 
-3.697 -3.690 -3.682 -3.671 -3.658 -3.642 -3.625 -3.605 -3.582 -3.557 
-3.562 
-3.719 -3.739 -3.709 -3.676 -3.641 -3.602 -3.559 -3.513 -3.463 -3.408 
-3.350 -3.286 -3.218 -3.143 -3.063 -2.976 -2.882 -2.779 -2.668 -2.550 
-2.426 -2.306 -2.206 -2.146 -2.136 -2.172 -2.233 -2.301 -2.363 -2.416 
-2.458 -2.491 -2.514 -2.530 -2.538 -2.542 -2.541 -2.538 -2.535 -2.533 
-2.534 -2.536 -2.537 -2.532 -2.518 -2.493 -2.458 -2.419 -2.386 -2.373 
-2.391 -2.442 -2.523 -2.621 -2.727 -2.834 -2.935 -3.031 -3.119 -3.201 
-3.275 -3.344 -3.407 -3.464 -3.517 -3.565 -3.609 -3.649 -3.685 -3.718 
-3.747 -3.774 -3.797 -3.817 -3.835 -3.850 -3.862 -3.871 -3.878 -3.883 
-3.885 -3.884 -3.881 -3.876 -3.867 -3.857 -3.844 -3.828 -3.810 -3.789 
-3.728 
