IRGRID 64 91
1e+308

0.025 0.03 0.035 0.04 0.045 0.05 0.055 0.06 0.065 0.07
0.075 0.08 0.085 0.09 0.095 0.1 0.11 0.12 0.13 0.14
0.15 0.16 0.17 0.18 0.19 0.2 0.21 0.22 0.23 0.24
0.25 0.26 0.27 0.28 0.29 0.3 0.31 0.32 0.33 0.34
0.35 0.36 0.37 0.38 0.39 0.4 0.41 0.42 0.43 0.44
0.45 0.46 0.47 0.48 0.49 0.5 0.51 0.52 0.53 0.54
0.55 0.56 0.57 0.58
0 4 8 12 16 20 24 28 32 36
40 44 48 52 56 60 64 68 72 76
80 84 88 92 96 100 104 108 112 116
120 124 128 132 136 140 144 148 152 156
160 164 168 172 176 180 184 188 192 196
200 204 208 212 216 220 224 228 232 236
240 244 248 252 256 260 264 268 272 276
280 284 288 292 296 300 304 308 312 316
320 324 328 332 336 340 344 348 352 356
360
-4.000 -4.000 -4.000 -4.000 -4.000 -4.000 -4.000 -4.000 -4.000 -4.000 
-4.000 -4.000 -4.000 -4.000 -4.000 -4.000 -4.000 -4.000 -4.000 -4.000 
-4.000 -4.000 -4.000 -4.000 -4.000 -4.000 -4.000 -4.000 -4.000 -4.000 
-4.000 -4.000 -4.000 -4.000 -4.000 -4.000 -4.000 -4.000 -4.000 -4.000 
-4.000 -4.000 -4.000 -4.000 -4.000 -4.000 -4.000 -4.000 -4.000 -4.000 
-4.000 -4.000 -4.000 -4.000 -4.000 -4.000 -4.000 -4.000 -4.000 -4.000 
-4.000 -4.000 -4.000 -4.000 -4.000 -4.000 -4.000 -4.000 -4.000 -3.955 
-3.924 -3.913 -3.923 -3.953 -3.997 -4.000 -4.000 -4.000 -4.000 -4.000 
-4.000 -4.000 -4.000 -4.000 -4.000 -4.000 -4.000 -4.000 -4.000 -4.000 
-4.000 
-3.899 -3.902 -3.890 -3.877 -3.863 -3.849 -3.834 -3.820 -3.807 -3.795 
-3.786 -3.780 -3.779 -3.781 -3.788 -3.798 -3.811 -3.827 -3.844 -3.862 
-3.881 -3.900 -3.921 -3.942 -3.964 -3.986 -4.000 -4.000 -4.000 -4.000 
-4.000 -4.000 -4.000 -4.000 -4.000 -4.000 -4.000 -4.000 -4.000 -4.000 
-4.000 -4.000 -4.000 -4.000 -4.000 -4.000 -4.000 -4.000 -4.000 -3.992 
-3.964 -3.933 -3.900 -3.864 -3.826 -3.788 -3.751 -3.718 -3.691 -3.674 
-3.669 -3.674 -3.687 -3.707 -3.729 -3.752 -3.772 -3.790 -3.805 -3.818 
-3.829 -3.842 -3.855 -3.870 -3.885 -3.899 -3.912 -3.923 -3.932 -3.939 
-3.945 -3.949 -3.951 -3.951 -3.950 -3.947 -3.943 -3.938 -3.931 -3.922 
-3.900 
-3.548 -3.531 -3.512 -3.489 -3.465 -3.439 -3.412 -3.386 -3.361 -3.339 
-3.321 -3.309 -3.303 -3.305 -3.313 -3.328 -3.348 -3.371 -3.397 -3.424 
-3.449 -3.473 -3.495 -3.514 -3.529 -3.540 -3.547 -3.551 -3.552 -3.551 
-3.547 -3.543 -3.538 -3.534 -3.531 -3.529 -3.528 -3.528 -3.530 -3.531 
-3.531 -3.530 -3.527 -3.521 -3.512 -3.499 -3.483 -3.462 -3.437 -3.407 
-3.373 -3.335 -3.293 -3.247 -3.199 -3.151 -3.105 -3.064 -3.032 -3.011 
-3.004 -3.009 -3.024 -3.045 -3.068 -3.089 -3.106 -3.120 -3.131 -3.142 
-3.158 -3.180 -3.209 -3.245 -3.286 -3.329 -3.371 -3.411 -3.447 -3.479 
-3.507 -3.531 -3.549 -3.564 -3.573 -3.579 -3.580 -3.578 -3.572 -3.562 
-3.557 
-3.342 -3.361 -3.367 -3.368 -3.366 -3.360 -3.351 -3.338 -3.322 -3.302 
-3.280 -3.256 -3.230 -3.203 -3.175 -3.150 -3.129 -3.114 -3.106 -3.106 
-3.112 -3.120 -3.127 -3.132 -3.132 -3.127 -3.117 -3.103 -3.086 -3.068 
-3.050 -3.032 -3.017 -3.005 -2.997 -2.994 -2.994 -2.999 -3.007 -3.018 
-3.031 -3.044 -3.058 -3.071 -3.082 -3.092 -3.100 -3.105 -3.107 -3.106 
-3.102 -3.094 -3.082 -3.065 -3.045 -3.021 -2.993 -2.962 -2.927 -2.888 
-2.846 -2.799 -2.747 -2.690 -2.628 -2.570 -2.523 -2.497 -2.492 -2.502 
-2.522 -2.551 -2.589 -2.636 -2.690 -2.749 -2.811 -2.872 -2.931 -2.988 
-3.041 -3.091 -3.136 -3.177 -3.214 -3.247 -3.276 -3.301 -3.322 -3.339 
-3.336 
-3.120 -3.102 -3.090 -3.074 -3.055 -3.031 -3.003 -2.971 -2.934 -2.894 
-2.851 -2.804 -2.756 -2.707 -2.661 -2.620 -2.588 -2.567 -2.560 -2.568 
-2.587 -2.616 -2.649 -2.685 -2.720 -2.755 -2.789 -2.822 -2.855 -2.887 
-2.918 -2.947 -2.975 -3.000 -3.024 -3.045 -3.064 -3.081 -3.097 -3.110 
-3.120 -3.128 -3.133 -3.135 -3.134 -3.129 -3.121 -3.109 -3.093 -3.072 
-3.047 -3.017 -2.982 -2.941 -2.894 -2.841 -2.779 -2.710 -2.631 -2.541 
-2.442 -2.333 -2.224 -2.129 -2.067 -2.039 -2.036 -2.059 -2.114 -2.192 
-2.283 -2.376 -2.465 -2.549 -2.626 -2.697 -2.761 -2.819 -2.871 -2.917 
-2.957 -2.993 -3.023 -3.049 -3.070 -3.087 -3.100 -3.108 -3.113 -3.113 
-3.123 
-3.046 -3.062 -3.061 -3.056 -3.048 -3.036 -3.022 -3.004 -2.983 -2.958 
-2.930 -2.899 -2.865 -2.829 -2.790 -2.751 -2.711 -2.673 -2.636 -2.600 
-2.566 -2.534 -2.505 -2.479 -2.458 -2.445 -2.439 -2.441 -2.449 -2.460 
-2.474 -2.487 -2.499 -2.508 -2.514 -2.517 -2.518 -2.518 -2.519 -2.520 
-2.522 -2.525 -2.529 -2.532 -2.534 -2.534 -2.531 -2.525 -2.516 -2.502 
-2.482 -2.458 -2.427 -2.390 -2.346 -2.294 -2.233 -2.163 -2.081 -1.989 
-1.885 -1.777 -1.677 -1.608 -1.596 -1.644 -1.734 -1.843 -1.958 -2.071 
-2.179 -2.279 -2.371 -2.455 -2.532 -2.601 -2.664 -2.721 -2.772 -2.818 
-2.860 -2.897 -2.930 -2.958 -2.983 -3.005 -3.023 -3.037 -3.048 -3.056 
-3.046 
-2.826 -2.836 -2.842 -2.846 -2.846 -2.844 -2.839 -2.831 -2.821 -2.809 
-2.795 -2.778 -2.760 -2.741 -2.721 -2.701 -2.681 -2.660 -2.640 -2.619 
-2.598 -2.576 -2.553 -2.528 -2.502 -2.475 -2.446 -2.415 -2.382 -2.347 
-2.310 -2.270 -2.230 -2.189 -2.150 -2.113 -2.081 -2.055 -2.034 -2.019 
-2.011 -2.008 -2.009 -2.012 -2.017 -2.021 -2.025 -2.027 -2.026 -2.021 
-2.012 -1.999 -1.980 -1.956 -1.926 -1.888 -1.843 -1.790 -1.726 -1.650 
-1.553 -1.419 -1.216 -1.071 -1.230 -1.378 -1.480 -1.574 -1.669 -1.766 
-1.863 -1.957 -2.045 -2.129 -2.206 -2.278 -2.345 -2.406 -2.462 -2.513 
-2.560 -2.603 -2.642 -2.676 -2.708 -2.736 -2.760 -2.782 -2.800 -2.815 
-2.820 
-2.611 -2.609 -2.604 -2.595 -2.584 -2.569 -2.552 -2.533 -2.512 -2.489 
-2.465 -2.441 -2.417 -2.395 -2.375 -2.358 -2.345 -2.338 -2.335 -2.338 
-2.345 -2.356 -2.370 -2.385 -2.400 -2.414 -2.427 -2.436 -2.442 -2.444 
-2.441 -2.433 -2.421 -2.405 -2.384 -2.361 -2.334 -2.305 -2.274 -2.241 
-2.205 -2.166 -2.123 -2.077 -2.028 -1.977 -1.924 -1.871 -1.819 -1.769 
-1.721 -1.673 -1.625 -1.574 -1.518 -1.454 -1.376 -1.282 -1.164 -1.013 
-0.813 -0.544 -0.233 -0.097 -0.362 -0.714 -1.009 -1.239 -1.424 -1.580 
-1.713 -1.828 -1.931 -2.021 -2.102 -2.174 -2.239 -2.297 -2.349 -2.395 
-2.436 -2.472 -2.503 -2.530 -2.553 -2.572 -2.587 -2.598 -2.606 -2.611 
-2.614 
-2.445 -2.467 -2.483 -2.497 -2.508 -2.516 -2.522 -2.525 -2.526 -2.524 
-2.520 -2.514 -2.506 -2.496 -2.485 -2.473 -2.459 -2.446 -2.431 -2.415 
-2.398 -2.379 -2.358 -2.335 -2.309 -2.280 -2.248 -2.213 -2.175 -2.135 
-2.093 -2.050 -2.006 -1.961 -1.917 -1.873 -1.828 -1.783 -1.736 -1.687 
-1.634 -1.578 -1.519 -1.456 -1.392 -1.327 -1.263 -1.201 -1.143 -1.088 
-1.037 -0.988 -0.941 -0.892 -0.839 -0.778 -0.706 -0.617 -0.504 -0.357 
-0.160 0.101 0.360 0.453 0.292 0.173 -0.238 -0.568 -0.810 -1.003 
-1.166 -1.306 -1.430 -1.540 -1.640 -1.730 -1.812 -1.888 -1.957 -2.020 
-2.079 -2.132 -2.182 -2.227 -2.268 -2.306 -2.341 -2.372 -2.400 -2.425 
-2.437 
-2.278 -2.282 -2.294 -2.304 -2.311 -2.316 -2.318 -2.318 -2.315 -2.310 
-2.302 -2.292 -2.279 -2.264 -2.247 -2.227 -2.204 -2.179 -2.152 -2.121 
-2.089 -2.053 -2.015 -1.975 -1.932 -1.888 -1.841 -1.793 -1.744 -1.694 
-1.645 -1.598 -1.553 -1.512 -1.476 -1.446 -1.422 -1.404 -1.392 -1.384 
-1.379 -1.376 -1.374 -1.370 -1.364 -1.356 -1.344 -1.328 -1.308 -1.285 
-1.258 -1.227 -1.191 -1.148 -1.097 -1.036 -0.962 -0.870 -0.754 -0.606 
-0.420 -0.212 -0.028 0.154 0.386 0.570 0.262 -0.204 -0.557 -0.808 
-1.002 -1.161 -1.296 -1.412 -1.514 -1.605 -1.687 -1.760 -1.826 -1.887 
-1.941 -1.991 -2.036 -2.077 -2.114 -2.148 -2.178 -2.205 -2.228 -2.249 
-2.272 
-1.974 -2.025 -2.021 -2.013 -2.004 -1.993 -1.980 -1.967 -1.954 -1.942 
-1.933 -1.925 -1.921 -1.919 -1.920 -1.922 -1.924 -1.926 -1.925 -1.922 
-1.915 -1.904 -1.888 -1.868 -1.843 -1.813 -1.780 -1.743 -1.702 -1.659 
-1.614 -1.568 -1.522 -1.477 -1.433 -1.393 -1.356 -1.325 -1.298 -1.276 
-1.259 -1.246 -1.235 -1.226 -1.218 -1.209 -1.197 -1.183 -1.164 -1.141 
-1.110 -1.073 -1.026 -0.970 -0.900 -0.816 -0.712 -0.583 -0.422 -0.224 
-0.004 0.161 0.199 0.209 0.052 0.058 -0.347 -0.659 -0.870 -1.033 
-1.166 -1.279 -1.378 -1.464 -1.541 -1.610 -1.671 -1.726 -1.775 -1.819 
-1.857 -1.892 -1.922 -1.948 -1.970 -1.988 -2.003 -2.014 -2.022 -2.026 
-1.972 
-1.540 -1.501 -1.483 -1.464 -1.443 -1.421 -1.400 -1.381 -1.363 -1.350 
-1.341 -1.337 -1.339 -1.348 -1.364 -1.384 -1.410 -1.439 -1.471 -1.504 
-1.537 -1.570 -1.601 -1.630 -1.657 -1.681 -1.702 -1.719 -1.733 -1.743 
-1.749 -1.751 -1.749 -1.744 -1.736 -1.726 -1.714 -1.701 -1.687 -1.673 
-1.658 -1.644 -1.628 -1.611 -1.591 -1.569 -1.543 -1.512 -1.477 -1.436 
-1.389 -1.334 -1.270 -1.197 -1.112 -1.012 -0.894 -0.750 -0.567 -0.318 
0.047 0.220 0.398 0.590 0.414 0.057 -0.272 -0.511 -0.693 -0.838 
-0.957 -1.057 -1.142 -1.215 -1.277 -1.331 -1.378 -1.418 -1.452 -1.480 
-1.504 -1.522 -1.537 -1.547 -1.553 -1.555 -1.554 -1.549 -1.542 -1.531 
-1.546 
-1.600 -1.596 -1.584 -1.572 -1.559 -1.546 -1.535 -1.526 -1.520 -1.517 
-1.518 -1.524 -1.534 -1.548 -1.566 -1.588 -1.613 -1.639 -1.666 -1.694 
-1.721 -1.748 -1.773 -1.796 -1.818 -1.837 -1.854 -1.868 -1.880 -1.889 
-1.895 -1.898 -1.899 -1.896 -1.890 -1.881 -1.869 -1.854 -1.835 -1.813 
-1.787 -1.757 -1.723 -1.685 -1.642 -1.595 -1.542 -1.484 -1.419 -1.348 
-1.270 -1.183 -1.087 -0.979 -0.859 -0.722 -0.565 -0.378 -0.137 0.213 
0.532 0.540 0.283 0.166 -0.088 -0.365 -0.560 -0.709 -0.832 -0.937 
-1.030 -1.112 -1.186 -1.252 -1.312 -1.365 -1.413 -1.455 -1.491 -1.523 
-1.550 -1.573 -1.591 -1.605 -1.615 -1.622 -1.625 -1.624 -1.621 -1.615 
-1.604 
-1.722 -1.741 -1.761 -1.779 -1.794 -1.807 -1.818 -1.829 -1.838 -1.846 
-1.855 -1.862 -1.870 -1.877 -1.883 -1.888 -1.892 -1.895 -1.896 -1.895 
-1.893 -1.888 -1.882 -1.875 -1.866 -1.855 -1.843 -1.830 -1.815 -1.799 
-1.782 -1.763 -1.743 -1.721 -1.696 -1.669 -1.640 -1.608 -1.573 -1.535 
-1.493 -1.448 -1.398 -1.345 -1.287 -1.225 -1.158 -1.085 -1.007 -0.923 
-0.833 -0.735 -0.630 -0.516 -0.393 -0.261 -0.120 0.025 0.165 0.290 
0.415 0.411 0.288 0.205 0.213 0.227 -0.031 -0.226 -0.368 -0.486 
-0.590 -0.685 -0.774 -0.858 -0.937 -1.011 -1.082 -1.149 -1.213 -1.273 
-1.329 -1.382 -1.432 -1.479 -1.523 -1.563 -1.600 -1.634 -1.665 -1.694 
-1.711 
-1.790 -1.803 -1.815 -1.825 -1.832 -1.837 -1.840 -1.840 -1.839 -1.835 
-1.830 -1.822 -1.813 -1.802 -1.789 -1.775 -1.760 -1.743 -1.726 -1.708 
-1.689 -1.670 -1.652 -1.633 -1.616 -1.599 -1.583 -1.568 -1.555 -1.544 
-1.533 -1.524 -1.516 -1.509 -1.502 -1.495 -1.487 -1.479 -1.470 -1.458 
-1.445 -1.429 -1.410 -1.388 -1.362 -1.332 -1.297 -1.257 -1.212 -1.161 
-1.103 -1.036 -0.962 -0.877 -0.780 -0.670 -0.544 -0.399 -0.228 -0.010 
0.295 0.389 0.206 0.314 0.582 0.680 0.408 0.030 -0.262 -0.475 
-0.642 -0.779 -0.896 -0.998 -1.089 -1.170 -1.243 -1.310 -1.371 -1.427 
-1.478 -1.524 -1.567 -1.606 -1.641 -1.673 -1.702 -1.728 -1.751 -1.771 
-1.786 
-1.812 -1.840 -1.857 -1.872 -1.886 -1.898 -1.909 -1.917 -1.925 -1.930 
-1.934 -1.936 -1.936 -1.935 -1.933 -1.929 -1.923 -1.916 -1.908 -1.898 
-1.887 -1.875 -1.862 -1.848 -1.832 -1.816 -1.800 -1.782 -1.764 -1.745 
-1.725 -1.704 -1.682 -1.659 -1.634 -1.608 -1.580 -1.551 -1.519 -1.485 
-1.449 -1.411 -1.370 -1.326 -1.280 -1.230 -1.176 -1.118 -1.056 -0.989 
-0.915 -0.835 -0.745 -0.644 -0.528 -0.394 -0.232 -0.031 0.234 0.591 
0.919 0.988 0.705 0.353 0.206 0.177 -0.138 -0.388 -0.567 -0.708 
-0.826 -0.928 -1.019 -1.101 -1.175 -1.242 -1.304 -1.362 -1.415 -1.464 
-1.510 -1.552 -1.592 -1.628 -1.663 -1.694 -1.724 -1.751 -1.776 -1.799 
-1.805 
-1.743 -1.740 -1.759 -1.776 -1.793 -1.808 -1.823 -1.836 -1.848 -1.859 
-1.869 -1.878 -1.886 -1.893 -1.898 -1.903 -1.906 -1.908 -1.909 -1.909 
-1.908 -1.905 -1.901 -1.895 -1.888 -1.880 -1.870 -1.859 -1.846 -1.831 
-1.815 -1.797 -1.778 -1.756 -1.733 -1.708 -1.680 -1.651 -1.619 -1.586 
-1.549 -1.511 -1.469 -1.425 -1.379 -1.328 -1.275 -1.217 -1.155 -1.089 
-1.016 -0.937 -0.849 -0.751 -0.640 -0.512 -0.361 -0.179 0.048 0.335 
0.652 0.784 0.647 0.425 0.127 -0.123 -0.320 -0.481 -0.616 -0.731 
-0.832 -0.921 -1.001 -1.073 -1.138 -1.198 -1.252 -1.303 -1.349 -1.393 
-1.433 -1.471 -1.506 -1.539 -1.569 -1.598 -1.626 -1.651 -1.675 -1.698 
-1.735 
-1.920 -1.963 -1.985 -2.005 -2.024 -2.040 -2.054 -2.067 -2.078 -2.087 
-2.094 -2.100 -2.104 -2.106 -2.107 -2.106 -2.103 -2.098 -2.092 -2.084 
-2.074 -2.062 -2.048 -2.033 -2.016 -1.996 -1.975 -1.952 -1.927 -1.900 
-1.871 -1.839 -1.806 -1.770 -1.733 -1.693 -1.651 -1.607 -1.561 -1.512 
-1.462 -1.409 -1.354 -1.298 -1.239 -1.179 -1.117 -1.054 -0.989 -0.923 
-0.855 -0.786 -0.714 -0.637 -0.555 -0.464 -0.359 -0.236 -0.085 0.107 
0.354 0.616 0.782 0.742 0.502 0.218 -0.029 -0.242 -0.425 -0.585 
-0.725 -0.849 -0.960 -1.061 -1.152 -1.235 -1.311 -1.381 -1.446 -1.506 
-1.562 -1.613 -1.661 -1.706 -1.747 -1.785 -1.821 -1.854 -1.885 -1.913 
-1.913 
-1.948 -1.960 -1.986 -2.011 -2.033 -2.052 -2.069 -2.084 -2.097 -2.107 
-2.116 -2.122 -2.126 -2.128 -2.128 -2.126 -2.122 -2.116 -2.107 -2.097 
-2.085 -2.070 -2.053 -2.035 -2.013 -1.990 -1.965 -1.937 -1.906 -1.874 
-1.838 -1.801 -1.760 -1.717 -1.672 -1.623 -1.572 -1.517 -1.460 -1.400 
-1.337 -1.271 -1.202 -1.131 -1.057 -0.982 -0.905 -0.828 -0.751 -0.673 
-0.597 -0.520 -0.444 -0.369 -0.299 -0.237 -0.181 -0.125 -0.058 0.027 
0.137 0.282 0.450 0.499 0.453 0.369 0.236 0.086 -0.055 -0.199 
-0.360 -0.522 -0.673 -0.808 -0.930 -1.039 -1.138 -1.228 -1.311 -1.388 
-1.458 -1.523 -1.583 -1.639 -1.691 -1.739 -1.784 -1.825 -1.863 -1.898 
-1.936 
-2.015 -2.063 -2.098 -2.130 -2.159 -2.186 -2.210 -2.231 -2.250 -2.267 
-2.281 -2.293 -2.303 -2.310 -2.315 -2.319 -2.320 -2.318 -2.315 -2.309 
-2.302 -2.292 -2.280 -2.265 -2.248 -2.229 -2.208 -2.184 -2.158 -2.129 
-2.097 -2.063 -2.026 -1.986 -1.943 -1.896 -1.847 -1.794 -1.737 -1.676 
-1.611 -1.542 -1.468 -1.389 -1.305 -1.215 -1.119 -1.015 -0.904 -0.785 
-0.657 -0.523 -0.387 -0.259 -0.156 -0.089 -0.062 -0.060 -0.067 -0.070 
-0.060 -0.035 0.005 0.055 0.096 0.118 0.141 0.173 0.178 0.111 
-0.032 -0.217 -0.408 -0.587 -0.748 -0.893 -1.022 -1.139 -1.246 -1.343 
-1.432 -1.514 -1.590 -1.660 -1.725 -1.785 -1.841 -1.892 -1.940 -1.985 
-2.003 
-1.933 -1.952 -1.986 -2.017 -2.046 -2.072 -2.096 -2.118 -2.137 -2.154 
-2.169 -2.182 -2.192 -2.201 -2.207 -2.212 -2.214 -2.215 -2.213 -2.209 
-2.204 -2.196 -2.186 -2.174 -2.160 -2.144 -2.125 -2.105 -2.082 -2.056 
-2.029 -1.999 -1.966 -1.931 -1.893 -1.852 -1.808 -1.761 -1.711 -1.658 
-1.601 -1.541 -1.476 -1.408 -1.335 -1.258 -1.176 -1.089 -0.998 -0.901 
-0.799 -0.693 -0.584 -0.476 -0.375 -0.288 -0.215 -0.154 -0.100 -0.054 
-0.019 0.005 0.015 0.012 -0.005 -0.032 -0.065 -0.101 -0.149 -0.233 
-0.353 -0.484 -0.611 -0.730 -0.841 -0.945 -1.043 -1.134 -1.220 -1.300 
-1.376 -1.447 -1.514 -1.576 -1.635 -1.690 -1.741 -1.790 -1.835 -1.877 
-1.919 
-1.977 -2.002 -2.036 -2.066 -2.094 -2.120 -2.142 -2.163 -2.181 -2.197 
-2.211 -2.222 -2.231 -2.238 -2.243 -2.246 -2.247 -2.245 -2.241 -2.236 
-2.228 -2.218 -2.205 -2.191 -2.174 -2.155 -2.133 -2.110 -2.083 -2.055 
-2.023 -1.990 -1.953 -1.914 -1.872 -1.827 -1.780 -1.729 -1.676 -1.620 
-1.561 -1.500 -1.435 -1.368 -1.298 -1.225 -1.150 -1.072 -0.991 -0.909 
-0.826 -0.745 -0.668 -0.597 -0.534 -0.480 -0.435 -0.396 -0.363 -0.333 
-0.303 -0.271 -0.230 -0.178 -0.139 -0.171 -0.249 -0.321 -0.387 -0.455 
-0.532 -0.618 -0.710 -0.807 -0.904 -1.000 -1.093 -1.182 -1.267 -1.348 
-1.424 -1.495 -1.563 -1.626 -1.685 -1.740 -1.792 -1.841 -1.886 -1.928 
-1.964 
-2.090 -2.130 -2.153 -2.174 -2.192 -2.209 -2.222 -2.234 -2.243 -2.251 
-2.256 -2.259 -2.259 -2.258 -2.255 -2.249 -2.242 -2.232 -2.221 -2.207 
-2.191 -2.173 -2.152 -2.130 -2.105 -2.078 -2.049 -2.017 -1.983 -1.947 
-1.908 -1.867 -1.823 -1.777 -1.729 -1.679 -1.627 -1.573 -1.518 -1.462 
-1.406 -1.351 -1.296 -1.243 -1.192 -1.143 -1.097 -1.053 -1.011 -0.970 
-0.928 -0.886 -0.842 -0.797 -0.750 -0.700 -0.645 -0.582 -0.507 -0.416 
-0.304 -0.166 -0.007 0.145 0.224 0.162 -0.019 -0.236 -0.434 -0.602 
-0.748 -0.877 -0.994 -1.103 -1.204 -1.297 -1.384 -1.465 -1.540 -1.609 
-1.674 -1.733 -1.789 -1.840 -1.888 -1.932 -1.972 -2.009 -2.044 -2.075 
-2.083 
-2.034 -2.041 -2.063 -2.084 -2.102 -2.118 -2.132 -2.145 -2.155 -2.164 
-2.171 -2.176 -2.179 -2.181 -2.181 -2.179 -2.176 -2.171 -2.164 -2.156 
-2.146 -2.134 -2.121 -2.106 -2.090 -2.071 -2.051 -2.030 -2.007 -1.982 
-1.955 -1.927 -1.897 -1.865 -1.832 -1.797 -1.760 -1.722 -1.682 -1.641 
-1.599 -1.556 -1.511 -1.466 -1.421 -1.375 -1.328 -1.281 -1.232 -1.182 
-1.129 -1.073 -1.012 -0.946 -0.873 -0.793 -0.703 -0.602 -0.490 -0.365 
-0.231 -0.100 0.005 0.059 0.044 -0.061 -0.229 -0.403 -0.563 -0.706 
-0.834 -0.949 -1.053 -1.148 -1.235 -1.315 -1.388 -1.457 -1.521 -1.580 
-1.635 -1.687 -1.735 -1.780 -1.821 -1.860 -1.897 -1.930 -1.961 -1.990 
-2.025 
-2.098 -2.135 -2.164 -2.191 -2.217 -2.240 -2.261 -2.281 -2.298 -2.314 
-2.327 -2.339 -2.349 -2.357 -2.364 -2.369 -2.371 -2.373 -2.372 -2.369 
-2.365 -2.359 -2.352 -2.342 -2.331 -2.318 -2.304 -2.287 -2.269 -2.249 
-2.227 -2.203 -2.178 -2.150 -2.121 -2.089 -2.056 -2.020 -1.982 -1.942 
-1.900 -1.856 -1.808 -1.759 -1.706 -1.650 -1.591 -1.529 -1.463 -1.392 
-1.317 -1.237 -1.151 -1.058 -0.958 -0.849 -0.732 -0.606 -0.473 -0.339 
-0.213 -0.115 -0.067 -0.087 -0.171 -0.295 -0.432 -0.566 -0.690 -0.805 
-0.910 -1.008 -1.098 -1.182 -1.262 -1.336 -1.408 -1.475 -1.539 -1.601 
-1.659 -1.715 -1.768 -1.818 -1.866 -1.911 -1.954 -1.995 -2.033 -2.069 
-2.088 
-2.128 -2.144 -2.181 -2.216 -2.248 -2.278 -2.307 -2.333 -2.357 -2.379 
-2.398 -2.416 -2.432 -2.446 -2.458 -2.468 -2.476 -2.482 -2.486 -2.488 
-2.489 -2.487 -2.483 -2.478 -2.470 -2.461 -2.449 -2.435 -2.420 -2.402 
-2.382 -2.359 -2.334 -2.307 -2.278 -2.246 -2.211 -2.174 -2.134 -2.090 
-2.044 -1.994 -1.941 -1.884 -1.822 -1.757 -1.687 -1.612 -1.532 -1.446 
-1.354 -1.257 -1.153 -1.045 -0.932 -0.816 -0.698 -0.582 -0.474 -0.387 
-0.332 -0.313 -0.333 -0.389 -0.470 -0.560 -0.648 -0.732 -0.812 -0.887 
-0.959 -1.029 -1.097 -1.163 -1.228 -1.292 -1.356 -1.418 -1.480 -1.541 
-1.601 -1.660 -1.717 -1.772 -1.826 -1.878 -1.928 -1.975 -2.021 -2.064 
-2.112 
-2.355 -2.400 -2.432 -2.462 -2.490 -2.515 -2.538 -2.559 -2.577 -2.593 
-2.607 -2.619 -2.628 -2.635 -2.641 -2.644 -2.645 -2.643 -2.640 -2.634 
-2.627 -2.617 -2.605 -2.591 -2.574 -2.555 -2.534 -2.511 -2.485 -2.457 
-2.426 -2.393 -2.358 -2.320 -2.280 -2.237 -2.192 -2.144 -2.094 -2.042 
-1.986 -1.928 -1.867 -1.802 -1.733 -1.660 -1.581 -1.497 -1.407 -1.311 
-1.211 -1.107 -1.003 -0.901 -0.807 -0.725 -0.658 -0.607 -0.570 -0.546 
-0.536 -0.537 -0.543 -0.543 -0.541 -0.578 -0.664 -0.760 -0.852 -0.944 
-1.037 -1.130 -1.222 -1.312 -1.400 -1.485 -1.567 -1.645 -1.719 -1.790 
-1.858 -1.922 -1.984 -2.042 -2.096 -2.148 -2.197 -2.243 -2.286 -2.327 
-2.344 
-2.506 -2.539 -2.561 -2.581 -2.598 -2.613 -2.626 -2.636 -2.644 -2.650 
-2.654 -2.655 -2.654 -2.651 -2.646 -2.638 -2.629 -2.617 -2.603 -2.587 
-2.569 -2.549 -2.526 -2.501 -2.475 -2.445 -2.414 -2.381 -2.345 -2.308 
-2.268 -2.227 -2.185 -2.141 -2.096 -2.050 -2.004 -1.958 -1.912 -1.868 
-1.824 -1.783 -1.742 -1.703 -1.665 -1.627 -1.587 -1.546 -1.501 -1.452 
-1.397 -1.338 -1.274 -1.208 -1.143 -1.082 -1.026 -0.977 -0.929 -0.875 
-0.805 -0.711 -0.584 -0.438 -0.332 -0.344 -0.485 -0.684 -0.878 -1.048 
-1.194 -1.323 -1.440 -1.546 -1.643 -1.733 -1.817 -1.894 -1.966 -2.033 
-2.096 -2.154 -2.207 -2.257 -2.304 -2.347 -2.386 -2.422 -2.456 -2.486 
-2.499 
-2.498 -2.504 -2.533 -2.559 -2.583 -2.605 -2.624 -2.641 -2.656 -2.669 
-2.680 -2.689 -2.695 -2.699 -2.702 -2.702 -2.700 -2.696 -2.690 -2.682 
-2.672 -2.659 -2.645 -2.628 -2.609 -2.588 -2.564 -2.539 -2.510 -2.480 
-2.447 -2.412 -2.374 -2.334 -2.291 -2.246 -2.199 -2.149 -2.096 -2.041 
-1.983 -1.922 -1.858 -1.790 -1.717 -1.640 -1.558 -1.472 -1.384 -1.296 
-1.213 -1.136 -1.064 -0.998 -0.939 -0.890 -0.853 -0.830 -0.818 -0.814 
-0.813 -0.810 -0.796 -0.765 -0.727 -0.741 -0.814 -0.880 -0.944 -1.043 
-1.162 -1.276 -1.379 -1.474 -1.563 -1.647 -1.726 -1.801 -1.873 -1.941 
-2.005 -2.066 -2.123 -2.177 -2.228 -2.276 -2.321 -2.363 -2.402 -2.439 
-2.485 
-2.722 -2.782 -2.815 -2.844 -2.871 -2.895 -2.916 -2.935 -2.952 -2.966 
-2.978 -2.987 -2.994 -2.999 -3.002 -3.003 -3.001 -2.997 -2.991 -2.982 
-2.972 -2.959 -2.943 -2.925 -2.905 -2.882 -2.857 -2.829 -2.798 -2.764 
-2.727 -2.687 -2.643 -2.596 -2.546 -2.491 -2.431 -2.368 -2.299 -2.224 
-2.144 -2.057 -1.963 -1.863 -1.754 -1.640 -1.521 -1.402 -1.291 -1.199 
-1.134 -1.100 -1.091 -1.098 -1.111 -1.124 -1.135 -1.143 -1.147 -1.146 
-1.138 -1.120 -1.088 -1.039 -0.968 -0.871 -0.760 -0.667 -0.650 -0.738 
-0.898 -1.075 -1.244 -1.401 -1.547 -1.680 -1.801 -1.912 -2.012 -2.104 
-2.189 -2.266 -2.338 -2.404 -2.465 -2.522 -2.574 -2.623 -2.668 -2.709 
-2.713 
-2.701 -2.732 -2.770 -2.804 -2.836 -2.865 -2.891 -2.914 -2.935 -2.954 
-2.969 -2.983 -2.994 -3.003 -3.009 -3.014 -3.016 -3.015 -3.013 -3.008 
-3.001 -2.991 -2.980 -2.965 -2.949 -2.930 -2.908 -2.884 -2.858 -2.828 
-2.796 -2.761 -2.722 -2.680 -2.635 -2.587 -2.534 -2.477 -2.416 -2.351 
-2.280 -2.204 -2.123 -2.035 -1.941 -1.842 -1.737 -1.629 -1.522 -1.422 
-1.337 -1.272 -1.229 -1.207 -1.203 -1.212 -1.227 -1.244 -1.257 -1.266 
-1.268 -1.262 -1.246 -1.220 -1.180 -1.126 -1.058 -0.987 -0.943 -0.944 
-0.970 -1.018 -1.098 -1.209 -1.338 -1.472 -1.603 -1.726 -1.841 -1.946 
-2.044 -2.134 -2.216 -2.293 -2.364 -2.429 -2.490 -2.546 -2.598 -2.647 
-2.686 
-2.629 -2.658 -2.695 -2.729 -2.761 -2.790 -2.816 -2.841 -2.862 -2.881 
-2.898 -2.913 -2.926 -2.936 -2.944 -2.950 -2.954 -2.956 -2.956 -2.953 
-2.949 -2.942 -2.933 -2.922 -2.909 -2.894 -2.876 -2.856 -2.834 -2.809 
-2.782 -2.753 -2.720 -2.685 -2.648 -2.607 -2.563 -2.517 -2.467 -2.413 
-2.356 -2.295 -2.231 -2.162 -2.090 -2.013 -1.933 -1.849 -1.762 -1.673 
-1.586 -1.502 -1.425 -1.354 -1.291 -1.232 -1.176 -1.122 -1.080 -1.063 
-1.071 -1.086 -1.099 -1.107 -1.114 -1.119 -1.127 -1.139 -1.156 -1.181 
-1.217 -1.269 -1.340 -1.425 -1.516 -1.607 -1.698 -1.785 -1.870 -1.952 
-2.031 -2.106 -2.177 -2.245 -2.309 -2.369 -2.425 -2.478 -2.528 -2.574 
-2.615 
-2.671 -2.703 -2.750 -2.794 -2.835 -2.873 -2.908 -2.940 -2.970 -2.997 
-3.021 -3.043 -3.062 -3.079 -3.094 -3.106 -3.116 -3.124 -3.130 -3.133 
-3.134 -3.133 -3.129 -3.124 -3.116 -3.106 -3.093 -3.079 -3.061 -3.042 
-3.020 -2.995 -2.968 -2.938 -2.905 -2.869 -2.830 -2.788 -2.742 -2.693 
-2.640 -2.583 -2.522 -2.457 -2.387 -2.312 -2.232 -2.146 -2.055 -1.958 
-1.857 -1.750 -1.639 -1.522 -1.396 -1.258 -1.110 -0.971 -0.876 -0.855 
-0.903 -0.986 -1.072 -1.145 -1.202 -1.245 -1.278 -1.306 -1.335 -1.368 
-1.405 -1.446 -1.487 -1.530 -1.576 -1.626 -1.683 -1.747 -1.816 -1.891 
-1.969 -2.047 -2.125 -2.202 -2.276 -2.348 -2.416 -2.480 -2.541 -2.599 
-2.651 
-2.768 -2.842 -2.885 -2.925 -2.961 -2.994 -3.025 -3.052 -3.077 -3.099 
-3.118 -3.135 -3.149 -3.161 -3.171 -3.178 -3.183 -3.186 -3.186 -3.184 
-3.180 -3.173 -3.165 -3.153 -3.140 -3.124 -3.106 -3.085 -3.061 -3.035 
-3.006 -2.975 -2.940 -2.903 -2.862 -2.818 -2.771 -2.719 -2.665 -2.606 
-2.542 -2.474 -2.402 -2.324 -2.242 -2.154 -2.060 -1.962 -1.861 -1.757 
-1.653 -1.552 -1.458 -1.372 -1.291 -1.208 -1.123 -1.070 -1.071 -1.103 
-1.148 -1.187 -1.212 -1.220 -1.216 -1.204 -1.192 -1.190 -1.206 -1.247 
-1.311 -1.393 -1.480 -1.566 -1.644 -1.715 -1.782 -1.851 -1.925 -2.007 
-2.092 -2.180 -2.265 -2.348 -2.425 -2.499 -2.567 -2.630 -2.690 -2.744 
-2.758 
-2.605 -2.630 -2.686 -2.737 -2.785 -2.829 -2.869 -2.907 -2.940 -2.971 
-2.999 -3.024 -3.047 -3.067 -3.084 -3.098 -3.110 -3.120 -3.127 -3.132 
-3.135 -3.135 -3.133 -3.128 -3.121 -3.112 -3.100 -3.086 -3.069 -3.049 
-3.027 -3.003 -2.975 -2.945 -2.911 -2.875 -2.835 -2.791 -2.744 -2.693 
-2.638 -2.579 -2.515 -2.446 -2.371 -2.291 -2.204 -2.111 -2.010 -1.901 
-1.784 -1.656 -1.515 -1.356 -1.176 -0.985 -0.827 -0.768 -0.826 -0.951 
-1.082 -1.190 -1.271 -1.328 -1.364 -1.385 -1.394 -1.397 -1.399 -1.405 
-1.415 -1.426 -1.436 -1.441 -1.443 -1.446 -1.459 -1.489 -1.542 -1.615 
-1.704 -1.802 -1.903 -2.003 -2.100 -2.192 -2.279 -2.359 -2.435 -2.505 
-2.579 
-2.718 -2.765 -2.807 -2.847 -2.883 -2.916 -2.946 -2.973 -2.998 -3.020 
-3.039 -3.056 -3.071 -3.083 -3.093 -3.100 -3.106 -3.109 -3.109 -3.108 
-3.104 -3.098 -3.090 -3.080 -3.067 -3.052 -3.035 -3.015 -2.992 -2.968 
-2.940 -2.910 -2.877 -2.842 -2.803 -2.761 -2.716 -2.668 -2.616 -2.560 
-2.500 -2.437 -2.369 -2.297 -2.220 -2.138 -2.052 -1.962 -1.868 -1.772 
-1.676 -1.585 -1.503 -1.430 -1.363 -1.291 -1.217 -1.184 -1.217 -1.270 
-1.310 -1.333 -1.342 -1.340 -1.328 -1.309 -1.284 -1.258 -1.237 -1.227 
-1.237 -1.270 -1.328 -1.403 -1.487 -1.574 -1.660 -1.745 -1.833 -1.923 
-2.014 -2.104 -2.192 -2.275 -2.353 -2.426 -2.493 -2.556 -2.614 -2.669 
-2.704 
-2.822 -2.866 -2.904 -2.938 -2.970 -2.999 -3.025 -3.049 -3.071 -3.090 
-3.107 -3.121 -3.133 -3.143 -3.151 -3.156 -3.159 -3.160 -3.158 -3.155 
-3.149 -3.141 -3.130 -3.118 -3.102 -3.085 -3.065 -3.042 -3.017 -2.989 
-2.959 -2.925 -2.888 -2.849 -2.805 -2.759 -2.708 -2.654 -2.595 -2.532 
-2.464 -2.391 -2.311 -2.226 -2.134 -2.036 -1.930 -1.818 -1.701 -1.582 
-1.469 -1.370 -1.296 -1.255 -1.245 -1.257 -1.279 -1.305 -1.332 -1.360 
-1.386 -1.408 -1.424 -1.432 -1.433 -1.429 -1.422 -1.416 -1.415 -1.424 
-1.450 -1.494 -1.556 -1.633 -1.720 -1.810 -1.902 -1.991 -2.078 -2.161 
-2.240 -2.315 -2.387 -2.454 -2.518 -2.577 -2.634 -2.687 -2.736 -2.783 
-2.810 
-2.728 -2.772 -2.816 -2.859 -2.898 -2.935 -2.970 -3.002 -3.032 -3.059 
-3.084 -3.106 -3.127 -3.145 -3.160 -3.174 -3.185 -3.194 -3.201 -3.206 
-3.209 -3.209 -3.207 -3.203 -3.197 -3.189 -3.178 -3.165 -3.150 -3.132 
-3.111 -3.089 -3.063 -3.035 -3.003 -2.969 -2.932 -2.891 -2.846 -2.798 
-2.746 -2.689 -2.627 -2.561 -2.488 -2.410 -2.324 -2.232 -2.134 -2.030 
-1.923 -1.818 -1.721 -1.633 -1.552 -1.471 -1.395 -1.332 -1.295 -1.290 
-1.316 -1.364 -1.423 -1.483 -1.538 -1.586 -1.627 -1.662 -1.693 -1.723 
-1.753 -1.787 -1.823 -1.861 -1.900 -1.941 -1.984 -2.028 -2.074 -2.123 
-2.175 -2.229 -2.285 -2.342 -2.400 -2.457 -2.514 -2.570 -2.623 -2.675 
-2.713 
-2.619 -2.653 -2.708 -2.760 -2.810 -2.856 -2.900 -2.941 -2.979 -3.014 
-3.046 -3.076 -3.104 -3.129 -3.151 -3.171 -3.189 -3.204 -3.217 -3.228 
-3.236 -3.242 -3.246 -3.248 -3.248 -3.245 -3.240 -3.233 -3.223 -3.211 
-3.197 -3.180 -3.161 -3.139 -3.115 -3.087 -3.057 -3.024 -2.988 -2.948 
-2.905 -2.858 -2.807 -2.752 -2.692 -2.628 -2.557 -2.480 -2.396 -2.304 
-2.203 -2.091 -1.968 -1.833 -1.691 -1.555 -1.446 -1.366 -1.302 -1.260 
-1.255 -1.290 -1.354 -1.431 -1.507 -1.575 -1.635 -1.684 -1.724 -1.755 
-1.779 -1.796 -1.809 -1.818 -1.827 -1.836 -1.850 -1.870 -1.898 -1.933 
-1.977 -2.027 -2.083 -2.144 -2.208 -2.274 -2.340 -2.406 -2.471 -2.534 
-2.597 
-2.706 -2.758 -2.812 -2.863 -2.910 -2.954 -2.994 -3.031 -3.066 -3.097 
-3.126 -3.152 -3.175 -3.196 -3.215 -3.230 -3.244 -3.255 -3.264 -3.270 
-3.274 -3.276 -3.276 -3.273 -3.268 -3.260 -3.251 -3.239 -3.224 -3.207 
-3.187 -3.165 -3.140 -3.112 -3.082 -3.048 -3.011 -2.971 -2.927 -2.880 
-2.828 -2.772 -2.711 -2.645 -2.573 -2.495 -2.409 -2.315 -2.212 -2.097 
-1.970 -1.827 -1.670 -1.502 -1.337 -1.208 -1.149 -1.167 -1.232 -1.308 
-1.379 -1.445 -1.506 -1.559 -1.603 -1.639 -1.666 -1.686 -1.700 -1.709 
-1.714 -1.714 -1.712 -1.708 -1.707 -1.711 -1.727 -1.758 -1.805 -1.867 
-1.940 -2.020 -2.104 -2.189 -2.272 -2.352 -2.430 -2.503 -2.573 -2.639 
-2.687 
-2.831 -2.864 -2.908 -2.948 -2.986 -3.021 -3.054 -3.084 -3.111 -3.136 
-3.158 -3.179 -3.197 -3.212 -3.226 -3.237 -3.246 -3.253 -3.258 -3.261 
-3.262 -3.260 -3.257 -3.251 -3.244 -3.234 -3.222 -3.208 -3.192 -3.173 
-3.152 -3.129 -3.103 -3.075 -3.045 -3.011 -2.975 -2.936 -2.894 -2.849 
-2.800 -2.748 -2.692 -2.632 -2.567 -2.498 -2.423 -2.342 -2.254 -2.158 
-2.053 -1.938 -1.820 -1.708 -1.613 -1.535 -1.483 -1.462 -1.452 -1.441 
-1.429 -1.420 -1.415 -1.416 -1.421 -1.430 -1.442 -1.458 -1.478 -1.502 
-1.530 -1.561 -1.590 -1.617 -1.648 -1.701 -1.781 -1.873 -1.966 -2.056 
-2.143 -2.228 -2.309 -2.386 -2.460 -2.529 -2.594 -2.655 -2.713 -2.766 
-2.815 
-3.071 -3.130 -3.178 -3.222 -3.263 -3.301 -3.335 -3.367 -3.395 -3.421 
-3.444 -3.464 -3.482 -3.498 -3.511 -3.521 -3.530 -3.536 -3.539 -3.541 
-3.540 -3.536 -3.531 -3.523 -3.513 -3.500 -3.485 -3.468 -3.448 -3.425 
-3.400 -3.372 -3.341 -3.307 -3.269 -3.229 -3.184 -3.136 -3.084 -3.027 
-2.966 -2.899 -2.826 -2.746 -2.659 -2.563 -2.457 -2.340 -2.209 -2.065 
-1.908 -1.746 -1.601 -1.505 -1.480 -1.515 -1.579 -1.643 -1.697 -1.738 
-1.767 -1.788 -1.803 -1.812 -1.816 -1.813 -1.804 -1.788 -1.763 -1.727 
-1.680 -1.620 -1.549 -1.477 -1.438 -1.469 -1.578 -1.735 -1.903 -2.064 
-2.209 -2.339 -2.455 -2.560 -2.655 -2.741 -2.820 -2.893 -2.959 -3.021 
-3.054 
-3.191 -3.236 -3.282 -3.324 -3.363 -3.399 -3.431 -3.461 -3.488 -3.513 
-3.535 -3.554 -3.571 -3.585 -3.597 -3.607 -3.615 -3.620 -3.623 -3.624 
-3.622 -3.618 -3.612 -3.604 -3.593 -3.580 -3.565 -3.547 -3.527 -3.504 
-3.478 -3.450 -3.419 -3.385 -3.348 -3.308 -3.264 -3.217 -3.166 -3.111 
-3.052 -2.988 -2.919 -2.844 -2.764 -2.677 -2.582 -2.480 -2.370 -2.250 
-2.121 -1.987 -1.854 -1.741 -1.661 -1.615 -1.596 -1.602 -1.625 -1.659 
-1.695 -1.727 -1.751 -1.765 -1.768 -1.760 -1.743 -1.716 -1.685 -1.653 
-1.630 -1.622 -1.636 -1.668 -1.719 -1.801 -1.919 -2.054 -2.187 -2.311 
-2.426 -2.531 -2.628 -2.718 -2.801 -2.878 -2.949 -3.016 -3.077 -3.134 
-3.175 
-3.161 -3.203 -3.246 -3.287 -3.325 -3.360 -3.392 -3.422 -3.449 -3.473 
-3.495 -3.515 -3.532 -3.547 -3.560 -3.570 -3.578 -3.585 -3.589 -3.591 
-3.590 -3.588 -3.584 -3.577 -3.568 -3.557 -3.544 -3.528 -3.511 -3.491 
-3.468 -3.443 -3.416 -3.385 -3.352 -3.316 -3.278 -3.235 -3.190 -3.141 
-3.087 -3.030 -2.968 -2.902 -2.829 -2.752 -2.667 -2.577 -2.479 -2.374 
-2.263 -2.149 -2.036 -1.932 -1.848 -1.794 -1.773 -1.783 -1.811 -1.847 
-1.880 -1.907 -1.924 -1.933 -1.936 -1.938 -1.942 -1.948 -1.955 -1.962 
-1.969 -1.982 -2.006 -2.042 -2.089 -2.144 -2.206 -2.273 -2.345 -2.421 
-2.499 -2.577 -2.653 -2.728 -2.799 -2.868 -2.932 -2.993 -3.051 -3.105 
-3.144 
-3.031 -3.075 -3.112 -3.147 -3.179 -3.208 -3.236 -3.260 -3.283 -3.304 
-3.322 -3.338 -3.353 -3.365 -3.376 -3.384 -3.391 -3.396 -3.399 -3.400 
-3.400 -3.397 -3.393 -3.387 -3.380 -3.370 -3.359 -3.346 -3.331 -3.315 
-3.296 -3.276 -3.254 -3.230 -3.204 -3.176 -3.146 -3.114 -3.080 -3.043 
-3.005 -2.963 -2.920 -2.873 -2.824 -2.772 -2.716 -2.656 -2.592 -2.524 
-2.450 -2.371 -2.287 -2.202 -2.117 -2.039 -1.972 -1.919 -1.882 -1.852 
-1.820 -1.782 -1.740 -1.700 -1.670 -1.656 -1.665 -1.697 -1.748 -1.812 
-1.883 -1.955 -2.027 -2.094 -2.158 -2.219 -2.277 -2.334 -2.390 -2.447 
-2.504 -2.562 -2.621 -2.679 -2.737 -2.793 -2.847 -2.898 -2.946 -2.992 
-3.020 
-2.881 -2.912 -2.966 -3.018 -3.066 -3.111 -3.153 -3.192 -3.228 -3.261 
-3.292 -3.319 -3.344 -3.367 -3.387 -3.404 -3.419 -3.432 -3.443 -3.451 
-3.457 -3.460 -3.462 -3.461 -3.458 -3.453 -3.446 -3.436 -3.424 -3.410 
-3.393 -3.374 -3.352 -3.328 -3.301 -3.272 -3.240 -3.204 -3.166 -3.124 
-3.079 -3.030 -2.976 -2.919 -2.856 -2.788 -2.715 -2.634 -2.546 -2.450 
-2.345 -2.231 -2.109 -1.983 -1.862 -1.756 -1.673 -1.624 -1.617 -1.648 
-1.702 -1.762 -1.817 -1.862 -1.897 -1.928 -1.958 -1.990 -2.023 -2.054 
-2.081 -2.102 -2.117 -2.126 -2.132 -2.136 -2.142 -2.151 -2.168 -2.193 
-2.229 -2.275 -2.329 -2.390 -2.456 -2.525 -2.594 -2.662 -2.728 -2.792 
-2.857 
-2.910 -2.975 -3.033 -3.088 -3.139 -3.188 -3.233 -3.274 -3.313 -3.349 
-3.382 -3.411 -3.439 -3.463 -3.485 -3.504 -3.521 -3.535 -3.547 -3.556 
-3.563 -3.567 -3.570 -3.569 -3.566 -3.561 -3.554 -3.544 -3.531 -3.516 
-3.498 -3.477 -3.454 -3.427 -3.398 -3.365 -3.329 -3.290 -3.246 -3.199 
-3.147 -3.091 -3.029 -2.962 -2.888 -2.807 -2.719 -2.622 -2.515 -2.397 
-2.270 -2.134 -1.997 -1.875 -1.787 -1.748 -1.755 -1.789 -1.837 -1.894 
-1.956 -2.022 -2.088 -2.149 -2.202 -2.247 -2.283 -2.310 -2.330 -2.342 
-2.348 -2.347 -2.342 -2.333 -2.321 -2.308 -2.297 -2.291 -2.291 -2.300 
-2.321 -2.354 -2.398 -2.451 -2.512 -2.578 -2.646 -2.715 -2.784 -2.850 
-2.892 
-2.856 -2.893 -2.952 -3.008 -3.061 -3.110 -3.157 -3.201 -3.242 -3.280 
-3.316 -3.348 -3.378 -3.405 -3.429 -3.451 -3.470 -3.487 -3.502 -3.514 
-3.524 -3.531 -3.536 -3.539 -3.539 -3.538 -3.533 -3.527 -3.518 -3.507 
-3.493 -3.476 -3.458 -3.436 -3.412 -3.385 -3.355 -3.322 -3.286 -3.247 
-3.204 -3.158 -3.107 -3.053 -2.994 -2.930 -2.861 -2.787 -2.706 -2.619 
-2.524 -2.423 -2.316 -2.210 -2.112 -2.031 -1.960 -1.892 -1.832 -1.794 
-1.788 -1.815 -1.864 -1.923 -1.983 -2.037 -2.084 -2.122 -2.153 -2.176 
-2.193 -2.204 -2.212 -2.217 -2.221 -2.226 -2.231 -2.239 -2.250 -2.266 
-2.288 -2.318 -2.356 -2.402 -2.455 -2.513 -2.575 -2.639 -2.704 -2.769 
-2.832 
-2.934 -2.979 -3.026 -3.071 -3.113 -3.152 -3.188 -3.221 -3.252 -3.280 
-3.305 -3.328 -3.349 -3.367 -3.383 -3.396 -3.408 -3.417 -3.424 -3.428 
-3.431 -3.431 -3.429 -3.425 -3.419 -3.410 -3.400 -3.387 -3.371 -3.354 
-3.334 -3.311 -3.286 -3.259 -3.229 -3.196 -3.161 -3.123 -3.082 -3.037 
-2.990 -2.939 -2.886 -2.829 -2.768 -2.705 -2.638 -2.568 -2.497 -2.423 
-2.350 -2.277 -2.208 -2.143 -2.084 -2.034 -1.992 -1.959 -1.935 -1.922 
-1.923 -1.935 -1.953 -1.972 -1.988 -2.001 -2.010 -2.014 -2.016 -2.015 
-2.014 -2.013 -2.016 -2.024 -2.040 -2.065 -2.100 -2.143 -2.194 -2.251 
-2.312 -2.375 -2.440 -2.505 -2.570 -2.635 -2.698 -2.759 -2.818 -2.874 
-2.918 
-2.997 -3.051 -3.097 -3.140 -3.180 -3.217 -3.252 -3.284 -3.313 -3.340 
-3.365 -3.387 -3.407 -3.425 -3.440 -3.453 -3.464 -3.473 -3.480 -3.484 
-3.487 -3.487 -3.486 -3.482 -3.476 -3.468 -3.458 -3.445 -3.431 -3.414 
-3.394 -3.373 -3.349 -3.323 -3.294 -3.262 -3.228 -3.191 -3.151 -3.108 
-3.062 -3.013 -2.961 -2.905 -2.845 -2.782 -2.715 -2.645 -2.571 -2.493 
-2.414 -2.332 -2.249 -2.168 -2.093 -2.026 -1.976 -1.943 -1.929 -1.927 
-1.936 -1.951 -1.970 -1.991 -2.011 -2.031 -2.049 -2.066 -2.081 -2.095 
-2.109 -2.124 -2.141 -2.161 -2.185 -2.212 -2.244 -2.280 -2.319 -2.363 
-2.411 -2.464 -2.523 -2.585 -2.649 -2.714 -2.777 -2.837 -2.895 -2.950 
-2.983 
-2.931 -2.970 -3.032 -3.090 -3.145 -3.195 -3.242 -3.285 -3.325 -3.361 
-3.395 -3.425 -3.453 -3.478 -3.500 -3.519 -3.536 -3.551 -3.563 -3.573 
-3.580 -3.585 -3.587 -3.588 -3.586 -3.581 -3.574 -3.565 -3.554 -3.540 
-3.523 -3.504 -3.482 -3.458 -3.431 -3.401 -3.368 -3.331 -3.292 -3.249 
-3.202 -3.152 -3.097 -3.038 -2.974 -2.905 -2.830 -2.749 -2.662 -2.568 
-2.466 -2.358 -2.246 -2.133 -2.027 -1.942 -1.889 -1.875 -1.895 -1.936 
-1.988 -2.041 -2.090 -2.135 -2.173 -2.205 -2.231 -2.250 -2.264 -2.272 
-2.275 -2.273 -2.267 -2.257 -2.243 -2.228 -2.211 -2.197 -2.189 -2.191 
-2.208 -2.242 -2.293 -2.358 -2.434 -2.514 -2.597 -2.678 -2.757 -2.832 
-2.904 
-3.004 -3.065 -3.117 -3.166 -3.212 -3.255 -3.295 -3.332 -3.367 -3.398 
-3.427 -3.454 -3.478 -3.500 -3.519 -3.536 -3.551 -3.564 -3.574 -3.582 
-3.588 -3.592 -3.593 -3.592 -3.590 -3.585 -3.578 -3.568 -3.557 -3.543 
-3.526 -3.508 -3.487 -3.463 -3.437 -3.409 -3.377 -3.343 -3.306 -3.266 
-3.223 -3.176 -3.126 -3.072 -3.015 -2.953 -2.888 -2.818 -2.743 -2.664 
-2.581 -2.494 -2.405 -2.315 -2.228 -2.151 -2.091 -2.051 -2.031 -2.026 
-2.033 -2.047 -2.066 -2.088 -2.110 -2.131 -2.149 -2.164 -2.177 -2.186 
-2.192 -2.198 -2.202 -2.208 -2.216 -2.227 -2.244 -2.266 -2.296 -2.332 
-2.377 -2.429 -2.489 -2.554 -2.622 -2.691 -2.759 -2.826 -2.890 -2.952 
-2.988 
-2.972 -3.004 -3.051 -3.096 -3.137 -3.177 -3.213 -3.247 -3.279 -3.308 
-3.334 -3.358 -3.380 -3.400 -3.417 -3.432 -3.445 -3.456 -3.465 -3.471 
-3.475 -3.477 -3.477 -3.475 -3.471 -3.464 -3.456 -3.445 -3.432 -3.416 
-3.398 -3.378 -3.356 -3.330 -3.303 -3.272 -3.239 -3.203 -3.164 -3.122 
-3.076 -3.027 -2.975 -2.919 -2.858 -2.794 -2.726 -2.653 -2.576 -2.495 
-2.411 -2.324 -2.237 -2.151 -2.071 -2.001 -1.943 -1.900 -1.871 -1.855 
-1.854 -1.871 -1.904 -1.943 -1.982 -2.017 -2.047 -2.072 -2.093 -2.109 
-2.121 -2.132 -2.140 -2.148 -2.156 -2.166 -2.180 -2.200 -2.230 -2.272 
-2.327 -2.391 -2.458 -2.527 -2.595 -2.661 -2.725 -2.786 -2.845 -2.900 
-2.954 
-3.035 -3.094 -3.160 -3.221 -3.277 -3.330 -3.378 -3.423 -3.465 -3.503 
-3.538 -3.570 -3.599 -3.626 -3.650 -3.671 -3.690 -3.706 -3.720 -3.731 
-3.740 -3.747 -3.752 -3.754 -3.754 -3.752 -3.747 -3.740 -3.731 -3.720 
-3.706 -3.689 -3.670 -3.649 -3.625 -3.598 -3.569 -3.536 -3.501 -3.463 
-3.421 -3.375 -3.326 -3.274 -3.216 -3.155 -3.089 -3.018 -2.941 -2.859 
-2.771 -2.677 -2.576 -2.469 -2.355 -2.234 -2.105 -1.971 -1.839 -1.732 
-1.676 -1.677 -1.723 -1.791 -1.865 -1.932 -1.988 -2.032 -2.063 -2.082 
-2.090 -2.088 -2.076 -2.056 -2.030 -2.001 -1.977 -1.966 -1.976 -2.015 
-2.081 -2.169 -2.270 -2.377 -2.484 -2.588 -2.687 -2.780 -2.867 -2.948 
-3.009 
-2.995 -3.091 -3.168 -3.240 -3.307 -3.369 -3.427 -3.480 -3.529 -3.575 
-3.616 -3.655 -3.690 -3.722 -3.751 -3.777 -3.800 -3.821 -3.839 -3.854 
-3.867 -3.878 -3.886 -3.891 -3.894 -3.895 -3.894 -3.890 -3.883 -3.875 
-3.863 -3.850 -3.833 -3.814 -3.793 -3.768 -3.741 -3.711 -3.677 -3.640 
-3.600 -3.556 -3.508 -3.456 -3.399 -3.338 -3.270 -3.197 -3.116 -3.028 
-2.931 -2.823 -2.703 -2.569 -2.417 -2.246 -2.062 -1.887 -1.759 -1.692 
-1.697 -1.769 -1.876 -1.988 -2.089 -2.174 -2.243 -2.297 -2.338 -2.365 
-2.382 -2.388 -2.385 -2.373 -2.354 -2.330 -2.305 -2.285 -2.275 -2.279 
-2.299 -2.332 -2.376 -2.429 -2.490 -2.562 -2.644 -2.734 -2.828 -2.920 
-2.975 
-2.725 -2.814 -2.917 -3.012 -3.100 -3.180 -3.253 -3.320 -3.381 -3.437 
-3.489 -3.536 -3.578 -3.617 -3.653 -3.685 -3.714 -3.739 -3.762 -3.781 
-3.798 -3.812 -3.823 -3.831 -3.837 -3.841 -3.841 -3.839 -3.835 -3.827 
-3.818 -3.805 -3.790 -3.771 -3.750 -3.726 -3.698 -3.668 -3.634 -3.596 
-3.554 -3.508 -3.457 -3.402 -3.341 -3.274 -3.200 -3.118 -3.028 -2.927 
-2.814 -2.685 -2.539 -2.372 -2.183 -1.985 -1.807 -1.691 -1.684 -1.773 
-1.908 -2.054 -2.189 -2.305 -2.402 -2.481 -2.545 -2.595 -2.633 -2.661 
-2.679 -2.688 -2.688 -2.680 -2.664 -2.640 -2.609 -2.572 -2.528 -2.479 
-2.426 -2.372 -2.320 -2.279 -2.258 -2.263 -2.299 -2.367 -2.468 -2.584 
-2.688 
-2.649 -2.738 -2.871 -2.990 -3.097 -3.193 -3.278 -3.355 -3.425 -3.488 
-3.545 -3.597 -3.643 -3.686 -3.724 -3.758 -3.788 -3.815 -3.838 -3.859 
-3.876 -3.890 -3.901 -3.909 -3.915 -3.918 -3.918 -3.915 -3.909 -3.900 
-3.889 -3.875 -3.858 -3.837 -3.814 -3.787 -3.757 -3.723 -3.685 -3.643 
-3.597 -3.546 -3.490 -3.428 -3.359 -3.284 -3.201 -3.108 -3.005 -2.890 
-2.760 -2.613 -2.449 -2.271 -2.098 -1.972 -1.931 -1.966 -2.065 -2.209 
-2.355 -2.481 -2.586 -2.671 -2.740 -2.796 -2.839 -2.872 -2.895 -2.909 
-2.913 -2.909 -2.895 -2.873 -2.841 -2.799 -2.748 -2.690 -2.629 -2.574 
-2.530 -2.496 -2.458 -2.403 -2.331 -2.256 -2.209 -2.224 -2.309 -2.443 
-2.585 
-2.910 -3.031 -3.122 -3.203 -3.277 -3.342 -3.402 -3.456 -3.505 -3.550 
-3.590 -3.627 -3.660 -3.689 -3.716 -3.739 -3.759 -3.777 -3.791 -3.803 
-3.812 -3.819 -3.823 -3.825 -3.824 -3.820 -3.814 -3.805 -3.793 -3.779 
-3.763 -3.743 -3.720 -3.695 -3.666 -3.635 -3.600 -3.561 -3.518 -3.472 
-3.421 -3.366 -3.305 -3.239 -3.167 -3.089 -3.003 -2.909 -2.806 -2.694 
-2.572 -2.442 -2.309 -2.181 -2.074 -2.008 -2.001 -2.047 -2.117 -2.194 
-2.269 -2.339 -2.401 -2.454 -2.496 -2.529 -2.552 -2.565 -2.569 -2.564 
-2.550 -2.525 -2.491 -2.447 -2.393 -2.329 -2.257 -2.183 -2.115 -2.070 
-2.062 -2.100 -2.178 -2.277 -2.376 -2.460 -2.528 -2.603 -2.704 -2.818 
-2.889 
-3.042 -3.096 -3.173 -3.243 -3.308 -3.368 -3.423 -3.474 -3.521 -3.563 
-3.602 -3.638 -3.670 -3.699 -3.726 -3.749 -3.769 -3.787 -3.802 -3.815 
-3.825 -3.832 -3.837 -3.840 -3.840 -3.838 -3.833 -3.825 -3.816 -3.803 
-3.788 -3.771 -3.750 -3.727 -3.701 -3.672 -3.640 -3.604 -3.565 -3.523 
-3.476 -3.426 -3.371 -3.312 -3.247 -3.178 -3.102 -3.021 -2.934 -2.842 
-2.744 -2.642 -2.537 -2.433 -2.334 -2.250 -2.185 -2.144 -2.128 -2.140 
-2.175 -2.224 -2.277 -2.329 -2.374 -2.411 -2.440 -2.459 -2.468 -2.468 
-2.458 -2.438 -2.407 -2.366 -2.314 -2.251 -2.180 -2.107 -2.045 -2.008 
-2.006 -2.046 -2.124 -2.231 -2.354 -2.479 -2.601 -2.716 -2.823 -2.922 
-3.009 
-3.087 -3.193 -3.264 -3.329 -3.389 -3.445 -3.496 -3.543 -3.586 -3.625 
-3.661 -3.693 -3.722 -3.748 -3.771 -3.791 -3.808 -3.823 -3.835 -3.844 
-3.850 -3.855 -3.856 -3.855 -3.852 -3.846 -3.837 -3.826 -3.812 -3.795 
-3.776 -3.754 -3.729 -3.700 -3.669 -3.635 -3.597 -3.555 -3.510 -3.460 
-3.407 -3.349 -3.287 -3.219 -3.147 -3.070 -2.989 -2.904 -2.818 -2.732 
-2.652 -2.582 -2.527 -2.489 -2.468 -2.457 -2.454 -2.456 -2.465 -2.484 
-2.510 -2.538 -2.566 -2.590 -2.607 -2.619 -2.623 -2.620 -2.608 -2.587 
-2.556 -2.514 -2.460 -2.394 -2.314 -2.224 -2.129 -2.047 -2.003 -2.016 
-2.084 -2.186 -2.302 -2.419 -2.534 -2.644 -2.750 -2.850 -2.945 -3.034 
-3.070 
-2.865 -2.902 -2.979 -3.051 -3.119 -3.182 -3.240 -3.295 -3.345 -3.392 
-3.435 -3.474 -3.510 -3.543 -3.573 -3.600 -3.624 -3.645 -3.664 -3.680 
-3.693 -3.704 -3.713 -3.718 -3.722 -3.723 -3.722 -3.718 -3.711 -3.703 
-3.691 -3.678 -3.661 -3.642 -3.620 -3.596 -3.568 -3.538 -3.504 -3.468 
-3.428 -3.385 -3.339 -3.289 -3.236 -3.179 -3.120 -3.059 -2.997 -2.935 
-2.874 -2.818 -2.767 -2.722 -2.683 -2.649 -2.616 -2.586 -2.559 -2.537 
-2.520 -2.510 -2.507 -2.508 -2.513 -2.520 -2.525 -2.529 -2.530 -2.526 
-2.516 -2.500 -2.478 -2.447 -2.409 -2.363 -2.311 -2.259 -2.218 -2.201 
-2.205 -2.221 -2.246 -2.283 -2.335 -2.401 -2.478 -2.562 -2.649 -2.736 
-2.830 
-2.976 -3.049 -3.115 -3.176 -3.233 -3.285 -3.333 -3.377 -3.417 -3.454 
-3.487 -3.517 -3.544 -3.568 -3.589 -3.608 -3.623 -3.636 -3.647 -3.655 
-3.660 -3.663 -3.663 -3.661 -3.657 -3.650 -3.640 -3.628 -3.613 -3.596 
-3.576 -3.554 -3.528 -3.500 -3.469 -3.435 -3.398 -3.358 -3.315 -3.269 
-3.220 -3.168 -3.113 -3.055 -2.996 -2.936 -2.876 -2.818 -2.763 -2.714 
-2.673 -2.640 -2.617 -2.601 -2.593 -2.588 -2.586 -2.583 -2.579 -2.574 
-2.568 -2.562 -2.555 -2.550 -2.544 -2.537 -2.528 -2.516 -2.500 -2.479 
-2.453 -2.420 -2.382 -2.338 -2.290 -2.239 -2.191 -2.150 -2.124 -2.123 
-2.150 -2.204 -2.278 -2.365 -2.457 -2.550 -2.643 -2.734 -2.820 -2.902 
-2.955 
-3.014 -3.079 -3.145 -3.206 -3.263 -3.316 -3.366 -3.411 -3.453 -3.492 
-3.528 -3.561 -3.591 -3.618 -3.642 -3.664 -3.684 -3.701 -3.715 -3.727 
-3.737 -3.745 -3.750 -3.753 -3.754 -3.752 -3.748 -3.742 -3.734 -3.723 
-3.710 -3.695 -3.677 -3.657 -3.634 -3.609 -3.581 -3.550 -3.517 -3.480 
-3.441 -3.398 -3.353 -3.304 -3.252 -3.198 -3.141 -3.082 -3.020 -2.958 
-2.893 -2.828 -2.760 -2.689 -2.617 -2.546 -2.483 -2.432 -2.392 -2.358 
-2.326 -2.297 -2.271 -2.249 -2.233 -2.219 -2.208 -2.197 -2.184 -2.170 
-2.152 -2.130 -2.106 -2.081 -2.058 -2.040 -2.032 -2.038 -2.061 -2.101 
-2.157 -2.226 -2.304 -2.390 -2.483 -2.578 -2.672 -2.764 -2.850 -2.932 
-2.992 
-2.954 -3.006 -3.087 -3.161 -3.230 -3.294 -3.353 -3.407 -3.457 -3.502 
-3.544 -3.583 -3.618 -3.649 -3.678 -3.704 -3.726 -3.747 -3.764 -3.779 
-3.791 -3.800 -3.807 -3.812 -3.814 -3.814 -3.811 -3.806 -3.799 -3.788 
-3.776 -3.760 -3.743 -3.722 -3.698 -3.672 -3.643 -3.610 -3.575 -3.535 
-3.492 -3.446 -3.395 -3.339 -3.279 -3.213 -3.142 -3.064 -2.980 -2.888 
-2.789 -2.682 -2.570 -2.455 -2.345 -2.252 -2.188 -2.162 -2.174 -2.211 
-2.261 -2.311 -2.357 -2.395 -2.425 -2.449 -2.467 -2.478 -2.483 -2.482 
-2.475 -2.461 -2.442 -2.418 -2.390 -2.360 -2.330 -2.300 -2.271 -2.243 
-2.218 -2.205 -2.214 -2.252 -2.319 -2.409 -2.512 -2.619 -2.724 -2.824 
-2.904 
