IRGRID 64 91
1e+308

0.025 0.03 0.035 0.04 0.045 0.05 0.055 0.06 0.065 0.07
0.075 0.08 0.085 0.09 0.095 0.1 0.11 0.12 0.13 0.14
0.15 0.16 0.17 0.18 0.19 0.2 0.21 0.22 0.23 0.24
0.25 0.26 0.27 0.28 0.29 0.3 0.31 0.32 0.33 0.34
0.35 0.36 0.37 0.38 0.39 0.4 0.41 0.42 0.43 0.44
0.45 0.46 0.47 0.48 0.49 0.5 0.51 0.52 0.53 0.54
0.55 0.56 0.57 0.58
0 4 8 12 16 20 24 28 32 36
40 44 48 52 56 60 64 68 72 76
80 84 88 92 96 100 104 108 112 116
120 124 128 132 136 140 144 148 152 156
160 164 168 172 176 180 184 188 192 196
200 204 208 212 216 220 224 228 232 236
240 244 248 252 256 260 264 268 272 276
280 284 288 292 296 300 304 308 312 316
320 324 328 332 336 340 344 348 352 356
360
-2.819 -2.896 -2.919 -2.944 -2.969 -2.995 -3.022 -3.050 -3.077 -3.104 
-3.131 -3.156 -3.180 -3.202 -3.222 -3.240 -3.256 -3.270 -3.281 -3.290 
-3.297 -3.301 -3.303 -3.302 -3.299 -3.294 -3.287 -3.277 -3.265 -3.250 
-3.234 -3.215 -3.194 -3.171 -3.146 -3.119 -3.091 -3.061 -3.030 -2.998 
-2.966 -2.932 -2.899 -2.866 -2.833 -2.800 -2.767 -2.734 -2.699 -2.663 
-2.624 -2.583 -2.542 -2.504 -2.474 -2.460 -2.464 -2.484 -2.516 -2.554 
-2.592 -2.627 -2.658 -2.684 -2.704 -2.719 -2.729 -2.734 -2.735 -2.732 
-2.726 -2.718 -2.708 -2.696 -2.684 -2.673 -2.664 -2.658 -2.655 -2.657 
-2.664 -2.675 -2.691 -2.711 -2.732 -2.756 -2.780 -2.803 -2.827 -2.850 
-2.806 
-2.463 -2.479 -2.493 -2.511 -2.531 -2.555 -2.581 -2.609 -2.639 -2.669 
-2.700 -2.731 -2.761 -2.790 -2.817 -2.843 -2.867 -2.889 -2.908 -2.926 
-2.941 -2.954 -2.964 -2.972 -2.978 -2.981 -2.981 -2.979 -2.975 -2.968 
-2.958 -2.946 -2.931 -2.913 -2.893 -2.869 -2.843 -2.814 -2.781 -2.745 
-2.706 -2.663 -2.617 -2.566 -2.512 -2.453 -2.389 -2.321 -2.249 -2.172 
-2.092 -2.012 -1.934 -1.863 -1.806 -1.768 -1.752 -1.758 -1.782 -1.820 
-1.866 -1.914 -1.963 -2.009 -2.052 -2.090 -2.123 -2.152 -2.176 -2.196 
-2.212 -2.226 -2.236 -2.246 -2.254 -2.263 -2.273 -2.284 -2.297 -2.312 
-2.328 -2.346 -2.364 -2.381 -2.397 -2.411 -2.424 -2.435 -2.445 -2.456 
-2.463 
-2.190 -2.220 -2.252 -2.282 -2.310 -2.335 -2.358 -2.378 -2.396 -2.411 
-2.424 -2.435 -2.444 -2.451 -2.456 -2.459 -2.461 -2.462 -2.462 -2.461 
-2.459 -2.457 -2.454 -2.451 -2.448 -2.444 -2.439 -2.434 -2.428 -2.421 
-2.412 -2.402 -2.390 -2.377 -2.361 -2.343 -2.322 -2.299 -2.273 -2.243 
-2.210 -2.173 -2.132 -2.087 -2.038 -1.984 -1.925 -1.861 -1.793 -1.719 
-1.641 -1.559 -1.476 -1.394 -1.316 -1.245 -1.181 -1.119 -1.053 -0.975 
-0.904 -0.897 -0.978 -1.097 -1.209 -1.301 -1.375 -1.433 -1.478 -1.515 
-1.544 -1.568 -1.587 -1.605 -1.621 -1.638 -1.656 -1.678 -1.703 -1.732 
-1.766 -1.804 -1.844 -1.888 -1.932 -1.977 -2.022 -2.066 -2.108 -2.147 
-2.174 
-1.866 -1.883 -1.873 -1.859 -1.841 -1.819 -1.795 -1.769 -1.742 -1.715 
-1.692 -1.675 -1.666 -1.667 -1.675 -1.689 -1.707 -1.725 -1.743 -1.759 
-1.772 -1.783 -1.793 -1.801 -1.807 -1.813 -1.818 -1.822 -1.825 -1.828 
-1.829 -1.830 -1.829 -1.828 -1.824 -1.820 -1.813 -1.804 -1.793 -1.780 
-1.764 -1.745 -1.723 -1.697 -1.668 -1.635 -1.597 -1.555 -1.507 -1.453 
-1.393 -1.325 -1.249 -1.163 -1.067 -0.957 -0.832 -0.688 -0.525 -0.354 
-0.198 -0.096 -0.176 -0.384 -0.585 -0.761 -0.910 -1.037 -1.147 -1.241 
-1.324 -1.396 -1.459 -1.515 -1.564 -1.608 -1.648 -1.684 -1.717 -1.747 
-1.774 -1.799 -1.822 -1.842 -1.858 -1.872 -1.883 -1.890 -1.894 -1.894 
-1.865 
-1.449 -1.446 -1.427 -1.402 -1.371 -1.336 -1.297 -1.256 -1.215 -1.178 
-1.148 -1.128 -1.122 -1.132 -1.155 -1.192 -1.237 -1.287 -1.340 -1.393 
-1.444 -1.492 -1.536 -1.577 -1.614 -1.646 -1.675 -1.700 -1.721 -1.739 
-1.754 -1.765 -1.773 -1.777 -1.778 -1.776 -1.771 -1.762 -1.750 -1.734 
-1.715 -1.692 -1.665 -1.634 -1.598 -1.558 -1.512 -1.461 -1.404 -1.340 
-1.269 -1.188 -1.098 -0.996 -0.880 -0.747 -0.594 -0.418 -0.217 0.002 
0.213 0.343 0.276 0.053 -0.189 -0.383 -0.534 -0.655 -0.755 -0.838 
-0.909 -0.970 -1.023 -1.071 -1.113 -1.152 -1.189 -1.224 -1.257 -1.289 
-1.320 -1.349 -1.377 -1.402 -1.423 -1.442 -1.456 -1.465 -1.469 -1.467 
-1.459 
-1.240 -1.253 -1.288 -1.319 -1.347 -1.371 -1.391 -1.406 -1.418 -1.427 
-1.434 -1.442 -1.453 -1.468 -1.487 -1.509 -1.532 -1.554 -1.575 -1.593 
-1.608 -1.619 -1.627 -1.631 -1.633 -1.631 -1.626 -1.618 -1.607 -1.594 
-1.578 -1.559 -1.538 -1.514 -1.488 -1.459 -1.428 -1.394 -1.358 -1.320 
-1.280 -1.237 -1.191 -1.144 -1.093 -1.040 -0.983 -0.923 -0.859 -0.789 
-0.713 -0.629 -0.536 -0.432 -0.314 -0.180 -0.026 0.146 0.326 0.486 
0.582 0.605 0.588 0.649 0.750 0.546 0.272 0.071 -0.073 -0.182 
-0.268 -0.339 -0.399 -0.452 -0.499 -0.543 -0.586 -0.627 -0.669 -0.712 
-0.757 -0.802 -0.849 -0.896 -0.944 -0.992 -1.039 -1.086 -1.131 -1.174 
-1.222 
-1.298 -1.326 -1.351 -1.374 -1.394 -1.412 -1.428 -1.442 -1.453 -1.462 
-1.469 -1.474 -1.477 -1.477 -1.476 -1.473 -1.467 -1.460 -1.450 -1.439 
-1.426 -1.410 -1.393 -1.373 -1.352 -1.329 -1.303 -1.276 -1.247 -1.216 
-1.183 -1.148 -1.112 -1.074 -1.034 -0.993 -0.951 -0.908 -0.864 -0.820 
-0.775 -0.731 -0.686 -0.642 -0.598 -0.555 -0.511 -0.467 -0.423 -0.377 
-0.329 -0.278 -0.224 -0.164 -0.097 -0.021 0.067 0.170 0.291 0.431 
0.584 0.766 1.011 1.276 1.391 1.222 0.907 0.599 0.353 0.155 
-0.008 -0.147 -0.268 -0.374 -0.468 -0.553 -0.630 -0.700 -0.765 -0.826 
-0.883 -0.936 -0.987 -1.035 -1.080 -1.123 -1.163 -1.201 -1.236 -1.268 
-1.290 
-1.396 -1.405 -1.423 -1.438 -1.450 -1.460 -1.468 -1.474 -1.478 -1.479 
-1.478 -1.475 -1.470 -1.462 -1.453 -1.441 -1.427 -1.410 -1.392 -1.371 
-1.347 -1.321 -1.293 -1.262 -1.229 -1.192 -1.153 -1.112 -1.068 -1.021 
-0.973 -0.924 -0.874 -0.826 -0.780 -0.738 -0.698 -0.661 -0.626 -0.590 
-0.555 -0.521 -0.487 -0.454 -0.422 -0.392 -0.363 -0.334 -0.305 -0.274 
-0.242 -0.206 -0.166 -0.119 -0.065 -0.002 0.074 0.165 0.276 0.414 
0.588 0.807 1.051 1.228 1.218 0.975 0.664 0.399 0.182 0.001 
-0.153 -0.287 -0.406 -0.512 -0.607 -0.694 -0.772 -0.844 -0.910 -0.971 
-1.027 -1.079 -1.126 -1.170 -1.210 -1.246 -1.280 -1.311 -1.338 -1.363 
-1.389 
-1.527 -1.567 -1.578 -1.586 -1.591 -1.594 -1.595 -1.593 -1.588 -1.581 
-1.572 -1.560 -1.545 -1.528 -1.508 -1.485 -1.460 -1.432 -1.400 -1.366 
-1.328 -1.287 -1.243 -1.195 -1.143 -1.088 -1.029 -0.967 -0.902 -0.836 
-0.769 -0.704 -0.645 -0.594 -0.554 -0.529 -0.517 -0.517 -0.526 -0.540 
-0.556 -0.572 -0.585 -0.594 -0.600 -0.601 -0.599 -0.592 -0.580 -0.564 
-0.542 -0.515 -0.480 -0.438 -0.386 -0.324 -0.250 -0.159 -0.050 0.085 
0.250 0.453 0.697 0.942 0.844 0.536 0.264 0.036 -0.156 -0.319 
-0.460 -0.584 -0.693 -0.790 -0.878 -0.957 -1.029 -1.095 -1.154 -1.209 
-1.258 -1.304 -1.345 -1.382 -1.416 -1.447 -1.474 -1.499 -1.520 -1.538 
-1.524 
-1.303 -1.321 -1.334 -1.345 -1.354 -1.361 -1.366 -1.369 -1.371 -1.370 
-1.368 -1.365 -1.359 -1.352 -1.342 -1.331 -1.318 -1.302 -1.285 -1.266 
-1.244 -1.221 -1.195 -1.167 -1.137 -1.106 -1.072 -1.036 -0.999 -0.960 
-0.921 -0.881 -0.843 -0.807 -0.774 -0.747 -0.724 -0.706 -0.691 -0.678 
-0.666 -0.654 -0.642 -0.628 -0.613 -0.597 -0.578 -0.557 -0.532 -0.503 
-0.470 -0.431 -0.385 -0.332 -0.270 -0.197 -0.110 -0.006 0.121 0.280 
0.484 0.761 1.118 1.388 1.284 0.942 0.577 0.301 0.087 -0.087 
-0.232 -0.358 -0.467 -0.563 -0.650 -0.727 -0.797 -0.860 -0.917 -0.969 
-1.017 -1.060 -1.100 -1.136 -1.169 -1.198 -1.225 -1.249 -1.271 -1.290 
-1.298 
-1.143 -1.129 -1.142 -1.154 -1.165 -1.176 -1.186 -1.196 -1.205 -1.214 
-1.222 -1.229 -1.237 -1.243 -1.249 -1.255 -1.259 -1.263 -1.266 -1.267 
-1.268 -1.267 -1.265 -1.262 -1.257 -1.250 -1.242 -1.233 -1.222 -1.210 
-1.196 -1.181 -1.165 -1.148 -1.131 -1.113 -1.094 -1.075 -1.055 -1.035 
-1.014 -0.991 -0.968 -0.943 -0.916 -0.887 -0.854 -0.819 -0.779 -0.735 
-0.685 -0.629 -0.566 -0.495 -0.414 -0.321 -0.213 -0.085 0.068 0.258 
0.500 0.811 1.126 1.329 1.165 0.806 0.484 0.242 0.055 -0.098 
-0.224 -0.333 -0.426 -0.508 -0.581 -0.645 -0.703 -0.754 -0.801 -0.843 
-0.881 -0.915 -0.947 -0.975 -1.001 -1.024 -1.046 -1.065 -1.083 -1.100 
-1.137 
-1.415 -1.452 -1.463 -1.472 -1.480 -1.486 -1.490 -1.493 -1.495 -1.495 
-1.494 -1.491 -1.487 -1.481 -1.474 -1.465 -1.455 -1.443 -1.429 -1.415 
-1.398 -1.380 -1.361 -1.340 -1.318 -1.295 -1.271 -1.247 -1.222 -1.197 
-1.171 -1.146 -1.121 -1.097 -1.074 -1.051 -1.029 -1.007 -0.986 -0.965 
-0.945 -0.923 -0.902 -0.878 -0.853 -0.826 -0.796 -0.763 -0.726 -0.684 
-0.636 -0.581 -0.518 -0.446 -0.362 -0.263 -0.144 0.000 0.180 0.412 
0.713 1.064 1.029 0.927 0.635 0.314 0.066 -0.130 -0.290 -0.425 
-0.541 -0.643 -0.733 -0.813 -0.885 -0.950 -1.009 -1.062 -1.111 -1.155 
-1.196 -1.232 -1.266 -1.296 -1.324 -1.349 -1.371 -1.391 -1.410 -1.426 
-1.412 
-1.577 -1.594 -1.600 -1.604 -1.607 -1.609 -1.609 -1.609 -1.609 -1.609 
-1.610 -1.611 -1.614 -1.617 -1.621 -1.626 -1.631 -1.635 -1.638 -1.641 
-1.641 -1.641 -1.639 -1.635 -1.629 -1.622 -1.613 -1.603 -1.592 -1.579 
-1.565 -1.550 -1.534 -1.517 -1.499 -1.481 -1.462 -1.441 -1.420 -1.398 
-1.375 -1.350 -1.323 -1.293 -1.261 -1.226 -1.187 -1.143 -1.095 -1.042 
-0.981 -0.913 -0.836 -0.748 -0.646 -0.527 -0.383 -0.205 0.029 0.368 
0.902 1.281 1.285 0.630 0.198 -0.084 -0.295 -0.462 -0.601 -0.719 
-0.821 -0.910 -0.990 -1.060 -1.123 -1.180 -1.231 -1.278 -1.320 -1.358 
-1.392 -1.424 -1.452 -1.477 -1.500 -1.520 -1.538 -1.553 -1.566 -1.578 
-1.573 
-1.524 -1.495 -1.481 -1.465 -1.448 -1.430 -1.413 -1.398 -1.385 -1.375 
-1.371 -1.371 -1.377 -1.389 -1.406 -1.428 -1.453 -1.480 -1.510 -1.539 
-1.569 -1.597 -1.624 -1.649 -1.672 -1.692 -1.710 -1.724 -1.736 -1.745 
-1.750 -1.752 -1.750 -1.745 -1.736 -1.724 -1.707 -1.687 -1.662 -1.632 
-1.597 -1.558 -1.513 -1.464 -1.409 -1.349 -1.286 -1.219 -1.151 -1.083 
-1.015 -0.949 -0.885 -0.819 -0.749 -0.670 -0.574 -0.452 -0.290 -0.056 
0.332 1.176 1.577 1.116 0.510 0.342 0.042 -0.246 -0.472 -0.651 
-0.795 -0.915 -1.016 -1.102 -1.176 -1.240 -1.295 -1.343 -1.384 -1.419 
-1.448 -1.472 -1.492 -1.507 -1.518 -1.525 -1.528 -1.528 -1.524 -1.517 
-1.530 
-1.705 -1.747 -1.758 -1.765 -1.770 -1.773 -1.773 -1.772 -1.771 -1.769 
-1.768 -1.768 -1.769 -1.771 -1.774 -1.777 -1.780 -1.782 -1.782 -1.781 
-1.778 -1.772 -1.765 -1.755 -1.743 -1.730 -1.714 -1.696 -1.677 -1.655 
-1.631 -1.605 -1.575 -1.543 -1.507 -1.468 -1.425 -1.377 -1.325 -1.268 
-1.207 -1.141 -1.070 -0.996 -0.917 -0.836 -0.754 -0.671 -0.591 -0.515 
-0.445 -0.382 -0.326 -0.277 -0.231 -0.184 -0.134 -0.075 -0.001 0.096 
0.230 0.444 1.105 1.059 1.006 0.953 0.711 0.385 0.093 -0.145 
-0.343 -0.511 -0.656 -0.784 -0.897 -0.999 -1.090 -1.173 -1.248 -1.316 
-1.378 -1.435 -1.485 -1.531 -1.573 -1.610 -1.642 -1.671 -1.695 -1.716 
-1.698 
-1.566 -1.575 -1.584 -1.591 -1.595 -1.597 -1.598 -1.596 -1.592 -1.587 
-1.579 -1.571 -1.560 -1.548 -1.535 -1.521 -1.506 -1.490 -1.473 -1.456 
-1.439 -1.421 -1.404 -1.387 -1.371 -1.356 -1.342 -1.328 -1.316 -1.304 
-1.293 -1.283 -1.274 -1.264 -1.254 -1.244 -1.233 -1.220 -1.206 -1.190 
-1.172 -1.151 -1.126 -1.098 -1.065 -1.029 -0.988 -0.943 -0.895 -0.845 
-0.793 -0.739 -0.685 -0.628 -0.567 -0.498 -0.418 -0.322 -0.202 -0.049 
0.159 0.477 1.022 1.408 1.171 0.802 0.427 0.119 -0.121 -0.313 
-0.472 -0.607 -0.723 -0.825 -0.915 -0.995 -1.067 -1.131 -1.190 -1.243 
-1.290 -1.333 -1.372 -1.408 -1.439 -1.467 -1.492 -1.514 -1.533 -1.550 
-1.563 
-1.406 -1.423 -1.440 -1.455 -1.469 -1.480 -1.489 -1.497 -1.502 -1.506 
-1.508 -1.508 -1.507 -1.504 -1.500 -1.494 -1.487 -1.479 -1.469 -1.458 
-1.446 -1.433 -1.419 -1.404 -1.389 -1.373 -1.356 -1.339 -1.322 -1.304 
-1.286 -1.267 -1.248 -1.228 -1.209 -1.188 -1.168 -1.147 -1.125 -1.102 
-1.079 -1.055 -1.030 -1.004 -0.976 -0.946 -0.915 -0.881 -0.844 -0.805 
-0.761 -0.714 -0.662 -0.604 -0.539 -0.465 -0.382 -0.287 -0.175 -0.042 
0.121 0.328 0.617 1.059 1.073 1.024 0.776 0.473 0.214 0.006 
-0.165 -0.310 -0.434 -0.544 -0.641 -0.728 -0.806 -0.877 -0.942 -1.001 
-1.056 -1.106 -1.151 -1.193 -1.232 -1.268 -1.300 -1.330 -1.357 -1.381 
-1.400 
-1.325 -1.338 -1.363 -1.386 -1.407 -1.426 -1.443 -1.458 -1.472 -1.484 
-1.494 -1.503 -1.510 -1.515 -1.519 -1.522 -1.523 -1.522 -1.520 -1.517 
-1.512 -1.506 -1.499 -1.490 -1.480 -1.468 -1.456 -1.442 -1.426 -1.410 
-1.392 -1.373 -1.353 -1.331 -1.308 -1.284 -1.259 -1.232 -1.204 -1.174 
-1.142 -1.109 -1.075 -1.038 -0.999 -0.958 -0.914 -0.868 -0.818 -0.765 
-0.709 -0.648 -0.582 -0.511 -0.433 -0.348 -0.255 -0.151 -0.034 0.100 
0.255 0.441 0.666 0.923 1.130 1.137 0.933 0.667 0.425 0.223 
0.051 -0.097 -0.226 -0.341 -0.443 -0.536 -0.621 -0.698 -0.769 -0.835 
-0.896 -0.952 -1.004 -1.053 -1.098 -1.140 -1.180 -1.216 -1.250 -1.282 
-1.315 
-1.426 -1.450 -1.484 -1.516 -1.545 -1.572 -1.596 -1.618 -1.639 -1.657 
-1.673 -1.686 -1.698 -1.709 -1.717 -1.723 -1.727 -1.730 -1.730 -1.729 
-1.726 -1.721 -1.714 -1.706 -1.695 -1.683 -1.669 -1.653 -1.634 -1.614 
-1.592 -1.567 -1.541 -1.512 -1.481 -1.447 -1.411 -1.373 -1.331 -1.287 
-1.240 -1.189 -1.135 -1.078 -1.016 -0.950 -0.880 -0.805 -0.725 -0.641 
-0.554 -0.466 -0.378 -0.293 -0.209 -0.124 -0.034 0.065 0.175 0.298 
0.435 0.589 0.758 0.931 1.071 1.102 1.027 0.945 0.730 0.481 
0.277 0.104 -0.048 -0.184 -0.308 -0.420 -0.524 -0.620 -0.709 -0.792 
-0.869 -0.941 -1.009 -1.072 -1.131 -1.186 -1.238 -1.287 -1.332 -1.374 
-1.412 
-1.651 -1.712 -1.746 -1.778 -1.807 -1.833 -1.857 -1.878 -1.897 -1.914 
-1.928 -1.940 -1.950 -1.957 -1.963 -1.966 -1.967 -1.966 -1.963 -1.957 
-1.950 -1.940 -1.928 -1.913 -1.897 -1.878 -1.856 -1.833 -1.806 -1.777 
-1.745 -1.711 -1.673 -1.633 -1.589 -1.542 -1.491 -1.437 -1.378 -1.316 
-1.248 -1.176 -1.099 -1.016 -0.927 -0.833 -0.733 -0.627 -0.518 -0.406 
-0.297 -0.196 -0.108 -0.039 0.009 0.042 0.066 0.088 0.116 0.157 
0.214 0.293 0.398 0.529 0.680 0.851 1.062 1.203 1.045 0.715 
0.386 0.122 -0.093 -0.276 -0.434 -0.573 -0.698 -0.811 -0.913 -1.007 
-1.093 -1.173 -1.247 -1.315 -1.378 -1.437 -1.492 -1.543 -1.590 -1.634 
-1.641 
-1.557 -1.588 -1.623 -1.655 -1.685 -1.712 -1.736 -1.758 -1.777 -1.794 
-1.809 -1.821 -1.831 -1.839 -1.844 -1.848 -1.849 -1.848 -1.845 -1.840 
-1.833 -1.823 -1.811 -1.798 -1.781 -1.763 -1.742 -1.719 -1.693 -1.665 
-1.634 -1.601 -1.564 -1.525 -1.483 -1.438 -1.390 -1.339 -1.284 -1.226 
-1.164 -1.098 -1.029 -0.955 -0.878 -0.798 -0.714 -0.627 -0.539 -0.449 
-0.361 -0.276 -0.196 -0.126 -0.066 -0.016 0.026 0.062 0.097 0.133 
0.175 0.226 0.291 0.374 0.479 0.612 0.773 0.916 0.853 0.697 
0.500 0.287 0.085 -0.097 -0.260 -0.405 -0.536 -0.654 -0.761 -0.859 
-0.949 -1.032 -1.109 -1.180 -1.245 -1.306 -1.362 -1.415 -1.463 -1.508 
-1.543 
-1.431 -1.454 -1.487 -1.517 -1.544 -1.568 -1.590 -1.609 -1.626 -1.641 
-1.653 -1.664 -1.672 -1.678 -1.681 -1.683 -1.682 -1.679 -1.674 -1.667 
-1.658 -1.647 -1.633 -1.618 -1.600 -1.579 -1.557 -1.532 -1.504 -1.475 
-1.442 -1.407 -1.369 -1.329 -1.286 -1.239 -1.190 -1.138 -1.083 -1.024 
-0.963 -0.899 -0.832 -0.762 -0.691 -0.618 -0.546 -0.474 -0.405 -0.340 
-0.280 -0.226 -0.179 -0.138 -0.101 -0.069 -0.038 -0.006 0.028 0.067 
0.115 0.172 0.243 0.328 0.428 0.540 0.648 0.720 0.715 0.617 
0.456 0.275 0.097 -0.068 -0.216 -0.350 -0.471 -0.581 -0.682 -0.774 
-0.858 -0.936 -1.007 -1.074 -1.135 -1.192 -1.245 -1.294 -1.339 -1.380 
-1.418 
-1.433 -1.455 -1.487 -1.518 -1.545 -1.571 -1.594 -1.614 -1.633 -1.649 
-1.663 -1.675 -1.684 -1.692 -1.698 -1.702 -1.704 -1.704 -1.702 -1.698 
-1.692 -1.684 -1.674 -1.663 -1.649 -1.634 -1.616 -1.597 -1.575 -1.551 
-1.526 -1.498 -1.468 -1.436 -1.402 -1.366 -1.328 -1.287 -1.244 -1.199 
-1.151 -1.101 -1.049 -0.995 -0.939 -0.881 -0.821 -0.761 -0.699 -0.637 
-0.575 -0.512 -0.448 -0.383 -0.316 -0.248 -0.183 -0.124 -0.070 -0.018 
0.039 0.107 0.188 0.286 0.399 0.518 0.619 0.667 0.635 0.532 
0.387 0.225 0.060 -0.096 -0.240 -0.370 -0.488 -0.595 -0.693 -0.782 
-0.865 -0.941 -1.011 -1.076 -1.137 -1.193 -1.245 -1.294 -1.338 -1.380 
-1.420 
-1.567 -1.611 -1.652 -1.690 -1.725 -1.757 -1.787 -1.813 -1.837 -1.859 
-1.878 -1.895 -1.909 -1.921 -1.931 -1.939 -1.944 -1.948 -1.949 -1.948 
-1.945 -1.940 -1.933 -1.924 -1.912 -1.899 -1.883 -1.865 -1.845 -1.822 
-1.797 -1.770 -1.740 -1.707 -1.672 -1.634 -1.593 -1.549 -1.502 -1.452 
-1.398 -1.340 -1.278 -1.212 -1.141 -1.065 -0.984 -0.896 -0.802 -0.700 
-0.591 -0.475 -0.353 -0.227 -0.104 0.010 0.103 0.170 0.207 0.222 
0.225 0.226 0.234 0.256 0.295 0.351 0.417 0.478 0.515 0.518 
0.473 0.373 0.235 0.081 -0.076 -0.232 -0.380 -0.518 -0.646 -0.762 
-0.869 -0.966 -1.056 -1.138 -1.215 -1.285 -1.350 -1.411 -1.467 -1.519 
-1.552 
-1.655 -1.695 -1.743 -1.788 -1.830 -1.868 -1.903 -1.935 -1.964 -1.991 
-2.015 -2.036 -2.055 -2.072 -2.086 -2.097 -2.107 -2.114 -2.119 -2.121 
-2.122 -2.120 -2.116 -2.109 -2.101 -2.090 -2.077 -2.061 -2.043 -2.023 
-2.000 -1.974 -1.946 -1.915 -1.881 -1.844 -1.805 -1.761 -1.715 -1.664 
-1.610 -1.552 -1.489 -1.422 -1.350 -1.272 -1.188 -1.098 -1.002 -0.899 
-0.788 -0.672 -0.551 -0.429 -0.312 -0.205 -0.118 -0.057 -0.024 -0.017 
-0.027 -0.043 -0.058 -0.066 -0.062 -0.045 -0.012 0.033 0.088 0.139 
0.174 0.187 0.174 0.123 0.029 -0.101 -0.250 -0.403 -0.551 -0.688 
-0.815 -0.932 -1.038 -1.137 -1.227 -1.310 -1.387 -1.459 -1.525 -1.586 
-1.636 
-1.732 -1.782 -1.827 -1.869 -1.907 -1.943 -1.975 -2.004 -2.031 -2.055 
-2.076 -2.095 -2.111 -2.125 -2.136 -2.145 -2.152 -2.157 -2.159 -2.159 
-2.157 -2.153 -2.146 -2.137 -2.126 -2.113 -2.097 -2.078 -2.057 -2.034 
-2.008 -1.979 -1.948 -1.914 -1.876 -1.836 -1.792 -1.745 -1.694 -1.639 
-1.581 -1.517 -1.450 -1.377 -1.299 -1.215 -1.125 -1.029 -0.927 -0.819 
-0.706 -0.591 -0.478 -0.373 -0.287 -0.227 -0.194 -0.185 -0.194 -0.213 
-0.233 -0.250 -0.259 -0.258 -0.243 -0.215 -0.171 -0.112 -0.038 0.046 
0.128 0.179 0.169 0.084 -0.057 -0.224 -0.393 -0.552 -0.699 -0.833 
-0.954 -1.065 -1.166 -1.259 -1.344 -1.422 -1.494 -1.561 -1.623 -1.680 
-1.716 
-1.732 -1.755 -1.797 -1.835 -1.870 -1.902 -1.932 -1.959 -1.983 -2.004 
-2.023 -2.040 -2.054 -2.066 -2.076 -2.083 -2.089 -2.092 -2.093 -2.091 
-2.088 -2.082 -2.074 -2.064 -2.052 -2.037 -2.020 -2.001 -1.980 -1.955 
-1.929 -1.900 -1.868 -1.834 -1.796 -1.756 -1.713 -1.667 -1.617 -1.564 
-1.508 -1.448 -1.385 -1.317 -1.247 -1.172 -1.095 -1.014 -0.931 -0.847 
-0.762 -0.678 -0.598 -0.523 -0.459 -0.407 -0.373 -0.355 -0.350 -0.351 
-0.352 -0.348 -0.339 -0.321 -0.294 -0.259 -0.215 -0.165 -0.114 -0.068 
-0.038 -0.037 -0.081 -0.173 -0.296 -0.429 -0.561 -0.687 -0.805 -0.916 
-1.018 -1.113 -1.201 -1.283 -1.358 -1.428 -1.494 -1.554 -1.610 -1.662 
-1.715 
-1.839 -1.900 -1.943 -1.983 -2.020 -2.054 -2.086 -2.115 -2.141 -2.164 
-2.185 -2.204 -2.220 -2.234 -2.246 -2.256 -2.263 -2.268 -2.271 -2.272 
-2.271 -2.267 -2.261 -2.254 -2.243 -2.231 -2.217 -2.200 -2.180 -2.159 
-2.135 -2.108 -2.079 -2.047 -2.012 -1.975 -1.934 -1.890 -1.843 -1.793 
-1.739 -1.681 -1.619 -1.552 -1.481 -1.405 -1.324 -1.238 -1.146 -1.048 
-0.944 -0.834 -0.720 -0.605 -0.495 -0.401 -0.334 -0.301 -0.299 -0.318 
-0.346 -0.373 -0.394 -0.406 -0.410 -0.406 -0.395 -0.379 -0.362 -0.350 
-0.349 -0.367 -0.408 -0.471 -0.553 -0.648 -0.751 -0.856 -0.960 -1.061 
-1.157 -1.249 -1.335 -1.416 -1.492 -1.563 -1.629 -1.691 -1.749 -1.803 
-1.825 
-1.776 -1.796 -1.837 -1.875 -1.910 -1.943 -1.973 -2.000 -2.025 -2.048 
-2.068 -2.086 -2.102 -2.116 -2.127 -2.137 -2.144 -2.149 -2.153 -2.154 
-2.153 -2.150 -2.145 -2.138 -2.129 -2.118 -2.104 -2.089 -2.071 -2.052 
-2.030 -2.005 -1.979 -1.950 -1.918 -1.884 -1.847 -1.808 -1.766 -1.721 
-1.673 -1.621 -1.566 -1.508 -1.446 -1.379 -1.308 -1.232 -1.149 -1.058 
-0.958 -0.847 -0.730 -0.627 -0.565 -0.538 -0.519 -0.500 -0.482 -0.464 
-0.444 -0.424 -0.401 -0.378 -0.355 -0.333 -0.315 -0.302 -0.299 -0.307 
-0.329 -0.365 -0.411 -0.465 -0.528 -0.605 -0.698 -0.800 -0.903 -1.002 
-1.095 -1.182 -1.264 -1.340 -1.412 -1.478 -1.541 -1.599 -1.653 -1.704 
-1.759 
-1.841 -1.901 -1.948 -1.992 -2.032 -2.069 -2.103 -2.134 -2.162 -2.187 
-2.210 -2.231 -2.248 -2.264 -2.277 -2.288 -2.296 -2.302 -2.306 -2.308 
-2.307 -2.304 -2.299 -2.292 -2.282 -2.270 -2.256 -2.239 -2.219 -2.198 
-2.173 -2.146 -2.116 -2.083 -2.047 -2.007 -1.964 -1.918 -1.867 -1.812 
-1.752 -1.687 -1.616 -1.538 -1.453 -1.359 -1.255 -1.139 -1.008 -0.860 
-0.695 -0.519 -0.353 -0.236 -0.205 -0.255 -0.346 -0.438 -0.510 -0.561 
-0.595 -0.616 -0.628 -0.634 -0.634 -0.628 -0.618 -0.604 -0.585 -0.560 
-0.529 -0.490 -0.445 -0.406 -0.392 -0.425 -0.509 -0.629 -0.764 -0.899 
-1.027 -1.145 -1.253 -1.351 -1.441 -1.524 -1.600 -1.670 -1.735 -1.794 
-1.825 
-1.810 -1.825 -1.867 -1.905 -1.942 -1.976 -2.007 -2.036 -2.062 -2.086 
-2.108 -2.128 -2.145 -2.161 -2.174 -2.185 -2.194 -2.201 -2.205 -2.208 
-2.209 -2.207 -2.204 -2.198 -2.190 -2.181 -2.169 -2.154 -2.138 -2.119 
-2.098 -2.074 -2.048 -2.019 -1.988 -1.954 -1.916 -1.876 -1.832 -1.785 
-1.735 -1.680 -1.621 -1.557 -1.489 -1.415 -1.336 -1.251 -1.161 -1.065 
-0.963 -0.855 -0.745 -0.650 -0.599 -0.585 -0.573 -0.551 -0.521 -0.492 
-0.469 -0.454 -0.448 -0.448 -0.454 -0.462 -0.472 -0.485 -0.501 -0.525 
-0.555 -0.588 -0.620 -0.651 -0.688 -0.742 -0.816 -0.903 -0.993 -1.079 
-1.162 -1.240 -1.314 -1.384 -1.451 -1.514 -1.573 -1.630 -1.683 -1.733 
-1.792 
-2.039 -2.098 -2.134 -2.167 -2.197 -2.225 -2.250 -2.272 -2.293 -2.310 
-2.325 -2.338 -2.349 -2.357 -2.364 -2.367 -2.369 -2.369 -2.366 -2.361 
-2.354 -2.344 -2.332 -2.318 -2.301 -2.282 -2.261 -2.237 -2.210 -2.181 
-2.149 -2.114 -2.076 -2.034 -1.990 -1.942 -1.890 -1.834 -1.775 -1.711 
-1.643 -1.570 -1.492 -1.409 -1.322 -1.230 -1.136 -1.040 -0.946 -0.859 
-0.783 -0.725 -0.685 -0.663 -0.654 -0.654 -0.655 -0.655 -0.650 -0.642 
-0.629 -0.611 -0.588 -0.560 -0.525 -0.485 -0.444 -0.409 -0.390 -0.398 
-0.443 -0.528 -0.642 -0.765 -0.888 -1.003 -1.112 -1.213 -1.307 -1.395 
-1.477 -1.554 -1.626 -1.694 -1.757 -1.817 -1.872 -1.924 -1.972 -2.017 
-2.029 
-2.089 -2.124 -2.161 -2.195 -2.227 -2.255 -2.280 -2.303 -2.323 -2.341 
-2.356 -2.369 -2.380 -2.388 -2.394 -2.398 -2.399 -2.399 -2.396 -2.390 
-2.383 -2.374 -2.362 -2.348 -2.331 -2.313 -2.292 -2.268 -2.243 -2.214 
-2.184 -2.150 -2.114 -2.076 -2.034 -1.990 -1.943 -1.894 -1.841 -1.786 
-1.727 -1.667 -1.603 -1.538 -1.470 -1.401 -1.332 -1.262 -1.194 -1.129 
-1.070 -1.018 -0.976 -0.945 -0.924 -0.910 -0.902 -0.896 -0.887 -0.874 
-0.854 -0.826 -0.788 -0.739 -0.679 -0.606 -0.521 -0.429 -0.341 -0.280 
-0.273 -0.334 -0.447 -0.583 -0.718 -0.847 -0.973 -1.095 -1.212 -1.321 
-1.422 -1.516 -1.601 -1.680 -1.753 -1.820 -1.881 -1.938 -1.990 -2.038 
-2.076 
-1.979 -2.037 -2.089 -2.137 -2.182 -2.222 -2.259 -2.292 -2.323 -2.350 
-2.375 -2.396 -2.416 -2.432 -2.446 -2.457 -2.466 -2.472 -2.476 -2.478 
-2.477 -2.474 -2.469 -2.461 -2.451 -2.439 -2.424 -2.406 -2.386 -2.364 
-2.338 -2.310 -2.280 -2.246 -2.210 -2.170 -2.127 -2.081 -2.031 -1.978 
-1.920 -1.859 -1.794 -1.724 -1.650 -1.572 -1.488 -1.400 -1.308 -1.212 
-1.113 -1.015 -0.921 -0.835 -0.763 -0.719 -0.720 -0.755 -0.800 -0.842 
-0.876 -0.900 -0.914 -0.916 -0.907 -0.884 -0.848 -0.798 -0.739 -0.681 
-0.642 -0.628 -0.624 -0.625 -0.640 -0.684 -0.757 -0.850 -0.950 -1.049 
-1.143 -1.237 -1.332 -1.428 -1.523 -1.613 -1.698 -1.777 -1.850 -1.918 
-1.962 
-1.851 -1.889 -1.958 -2.021 -2.079 -2.133 -2.183 -2.228 -2.270 -2.307 
-2.342 -2.373 -2.401 -2.427 -2.449 -2.468 -2.485 -2.499 -2.511 -2.520 
-2.526 -2.530 -2.532 -2.531 -2.527 -2.521 -2.513 -2.502 -2.488 -2.472 
-2.453 -2.431 -2.407 -2.379 -2.348 -2.314 -2.277 -2.236 -2.191 -2.142 
-2.089 -2.031 -1.968 -1.899 -1.824 -1.742 -1.653 -1.554 -1.446 -1.327 
-1.195 -1.048 -0.888 -0.722 -0.573 -0.481 -0.478 -0.550 -0.656 -0.763 
-0.859 -0.940 -1.007 -1.059 -1.099 -1.127 -1.144 -1.150 -1.145 -1.131 
-1.108 -1.078 -1.043 -1.010 -0.985 -0.969 -0.959 -0.949 -0.939 -0.935 
-0.949 -0.990 -1.057 -1.146 -1.247 -1.352 -1.455 -1.554 -1.647 -1.734 
-1.819 
-2.005 -2.068 -2.127 -2.181 -2.231 -2.277 -2.320 -2.359 -2.395 -2.428 
-2.458 -2.486 -2.510 -2.532 -2.551 -2.568 -2.582 -2.594 -2.604 -2.611 
-2.616 -2.618 -2.618 -2.616 -2.612 -2.605 -2.595 -2.584 -2.570 -2.553 
-2.534 -2.513 -2.488 -2.461 -2.431 -2.399 -2.363 -2.323 -2.281 -2.234 
-2.184 -2.130 -2.071 -2.007 -1.938 -1.864 -1.783 -1.696 -1.601 -1.498 
-1.386 -1.264 -1.134 -0.998 -0.867 -0.762 -0.708 -0.696 -0.713 -0.749 
-0.798 -0.852 -0.902 -0.947 -0.984 -1.011 -1.029 -1.038 -1.039 -1.032 
-1.018 -0.999 -0.978 -0.958 -0.944 -0.940 -0.952 -0.983 -1.031 -1.092 
-1.163 -1.244 -1.333 -1.427 -1.522 -1.615 -1.703 -1.787 -1.865 -1.938 
-1.987 
-2.176 -2.229 -2.288 -2.342 -2.392 -2.438 -2.481 -2.520 -2.556 -2.589 
-2.618 -2.645 -2.669 -2.690 -2.709 -2.725 -2.739 -2.750 -2.759 -2.765 
-2.769 -2.771 -2.770 -2.767 -2.762 -2.754 -2.744 -2.731 -2.716 -2.699 
-2.679 -2.656 -2.630 -2.602 -2.570 -2.536 -2.498 -2.457 -2.412 -2.364 
-2.311 -2.255 -2.193 -2.127 -2.054 -1.976 -1.892 -1.800 -1.701 -1.593 
-1.476 -1.350 -1.215 -1.074 -0.946 -0.881 -0.875 -0.892 -0.926 -0.972 
-1.025 -1.077 -1.123 -1.161 -1.190 -1.208 -1.217 -1.215 -1.204 -1.183 
-1.152 -1.112 -1.065 -1.013 -0.964 -0.925 -0.906 -0.909 -0.933 -1.000 
-1.126 -1.271 -1.410 -1.536 -1.651 -1.756 -1.852 -1.940 -2.021 -2.096 
-2.154 
-2.326 -2.387 -2.454 -2.515 -2.571 -2.622 -2.669 -2.712 -2.751 -2.786 
-2.818 -2.847 -2.873 -2.896 -2.915 -2.933 -2.947 -2.959 -2.968 -2.975 
-2.979 -2.981 -2.980 -2.977 -2.971 -2.963 -2.952 -2.938 -2.922 -2.903 
-2.882 -2.857 -2.829 -2.799 -2.765 -2.727 -2.686 -2.642 -2.593 -2.539 
-2.481 -2.417 -2.348 -2.272 -2.188 -2.096 -1.995 -1.883 -1.758 -1.617 
-1.459 -1.279 -1.076 -0.868 -0.714 -0.692 -0.801 -0.956 -1.101 -1.220 
-1.314 -1.390 -1.448 -1.492 -1.522 -1.540 -1.545 -1.538 -1.519 -1.487 
-1.440 -1.378 -1.300 -1.207 -1.109 -1.025 -0.946 -0.845 -0.754 -0.758 
-0.891 -1.098 -1.311 -1.501 -1.666 -1.808 -1.934 -2.044 -2.144 -2.233 
-2.299 
-2.459 -2.517 -2.573 -2.624 -2.671 -2.714 -2.753 -2.788 -2.821 -2.850 
-2.876 -2.899 -2.919 -2.936 -2.951 -2.963 -2.973 -2.980 -2.985 -2.987 
-2.987 -2.984 -2.979 -2.971 -2.961 -2.949 -2.933 -2.915 -2.895 -2.871 
-2.845 -2.816 -2.783 -2.748 -2.709 -2.666 -2.619 -2.569 -2.514 -2.454 
-2.389 -2.318 -2.241 -2.158 -2.067 -1.967 -1.859 -1.741 -1.615 -1.480 
-1.342 -1.209 -1.092 -1.001 -0.950 -0.976 -1.072 -1.177 -1.268 -1.343 
-1.401 -1.446 -1.476 -1.494 -1.499 -1.492 -1.472 -1.439 -1.391 -1.327 
-1.245 -1.143 -1.025 -0.901 -0.806 -0.780 -0.838 -0.940 -1.037 -1.146 
-1.312 -1.496 -1.662 -1.807 -1.934 -2.045 -2.145 -2.234 -2.315 -2.389 
-2.440 
-2.513 -2.564 -2.624 -2.679 -2.729 -2.775 -2.817 -2.855 -2.890 -2.921 
-2.950 -2.975 -2.997 -3.017 -3.034 -3.048 -3.060 -3.069 -3.075 -3.079 
-3.080 -3.079 -3.076 -3.070 -3.061 -3.050 -3.037 -3.020 -3.001 -2.979 
-2.955 -2.927 -2.896 -2.862 -2.824 -2.783 -2.738 -2.689 -2.636 -2.577 
-2.513 -2.444 -2.368 -2.285 -2.193 -2.093 -1.981 -1.858 -1.720 -1.566 
-1.396 -1.214 -1.035 -0.910 -0.904 -0.988 -1.107 -1.229 -1.339 -1.430 
-1.504 -1.562 -1.606 -1.636 -1.653 -1.659 -1.653 -1.634 -1.603 -1.558 
-1.498 -1.421 -1.327 -1.219 -1.108 -1.020 -0.969 -0.955 -1.007 -1.149 
-1.331 -1.510 -1.673 -1.819 -1.948 -2.065 -2.169 -2.264 -2.349 -2.428 
-2.490 
-2.586 -2.639 -2.703 -2.762 -2.815 -2.864 -2.909 -2.949 -2.986 -3.020 
-3.050 -3.077 -3.101 -3.122 -3.140 -3.155 -3.168 -3.178 -3.185 -3.190 
-3.193 -3.193 -3.190 -3.185 -3.177 -3.166 -3.153 -3.137 -3.119 -3.097 
-3.073 -3.046 -3.015 -2.981 -2.944 -2.903 -2.858 -2.808 -2.754 -2.695 
-2.630 -2.559 -2.481 -2.395 -2.300 -2.194 -2.074 -1.939 -1.784 -1.603 
-1.390 -1.143 -0.901 -0.756 -0.793 -0.957 -1.149 -1.316 -1.451 -1.559 
-1.644 -1.710 -1.760 -1.795 -1.818 -1.829 -1.827 -1.814 -1.789 -1.750 
-1.696 -1.625 -1.534 -1.417 -1.267 -1.076 -0.877 -0.797 -0.818 -0.960 
-1.185 -1.419 -1.626 -1.804 -1.957 -2.090 -2.208 -2.313 -2.407 -2.492 
-2.560 
-2.677 -2.748 -2.809 -2.865 -2.916 -2.962 -3.005 -3.044 -3.079 -3.111 
-3.139 -3.165 -3.188 -3.208 -3.225 -3.239 -3.251 -3.260 -3.267 -3.271 
-3.272 -3.272 -3.268 -3.262 -3.254 -3.243 -3.229 -3.213 -3.194 -3.173 
-3.148 -3.121 -3.090 -3.056 -3.019 -2.978 -2.933 -2.884 -2.830 -2.772 
-2.709 -2.639 -2.564 -2.481 -2.389 -2.289 -2.177 -2.052 -1.913 -1.756 
-1.579 -1.384 -1.184 -1.039 -1.029 -1.117 -1.244 -1.375 -1.490 -1.587 
-1.664 -1.725 -1.769 -1.800 -1.817 -1.822 -1.814 -1.792 -1.756 -1.705 
-1.634 -1.541 -1.418 -1.254 -1.036 -0.779 -0.600 -0.651 -0.864 -1.135 
-1.394 -1.618 -1.807 -1.969 -2.109 -2.232 -2.342 -2.440 -2.529 -2.609 
-2.658 
-2.605 -2.652 -2.714 -2.771 -2.823 -2.871 -2.914 -2.953 -2.989 -3.022 
-3.051 -3.077 -3.100 -3.121 -3.138 -3.153 -3.165 -3.175 -3.182 -3.186 
-3.188 -3.187 -3.184 -3.179 -3.171 -3.160 -3.147 -3.131 -3.112 -3.091 
-3.066 -3.039 -3.009 -2.975 -2.938 -2.898 -2.853 -2.805 -2.752 -2.695 
-2.633 -2.565 -2.492 -2.412 -2.325 -2.230 -2.126 -2.015 -1.894 -1.767 
-1.638 -1.514 -1.408 -1.338 -1.323 -1.366 -1.440 -1.521 -1.598 -1.665 
-1.721 -1.767 -1.801 -1.824 -1.836 -1.838 -1.830 -1.810 -1.777 -1.732 
-1.671 -1.593 -1.495 -1.370 -1.216 -1.035 -0.867 -0.844 -0.924 -1.082 
-1.289 -1.499 -1.687 -1.852 -1.996 -2.123 -2.235 -2.336 -2.427 -2.509 
-2.579 
-2.596 -2.647 -2.706 -2.760 -2.809 -2.854 -2.895 -2.933 -2.967 -2.998 
-3.025 -3.050 -3.072 -3.090 -3.107 -3.120 -3.131 -3.140 -3.146 -3.149 
-3.150 -3.148 -3.144 -3.138 -3.129 -3.118 -3.103 -3.087 -3.067 -3.045 
-3.020 -2.992 -2.961 -2.927 -2.889 -2.848 -2.803 -2.754 -2.701 -2.644 
-2.581 -2.513 -2.439 -2.359 -2.271 -2.176 -2.073 -1.961 -1.842 -1.715 
-1.587 -1.464 -1.358 -1.281 -1.249 -1.277 -1.346 -1.427 -1.502 -1.569 
-1.623 -1.666 -1.698 -1.718 -1.727 -1.725 -1.711 -1.685 -1.646 -1.592 
-1.522 -1.432 -1.322 -1.189 -1.045 -0.923 -0.870 -0.903 -0.982 -1.130 
-1.354 -1.566 -1.746 -1.900 -2.034 -2.152 -2.256 -2.350 -2.436 -2.513 
-2.574 
-2.653 -2.707 -2.774 -2.835 -2.890 -2.941 -2.987 -3.030 -3.068 -3.103 
-3.134 -3.163 -3.188 -3.210 -3.229 -3.246 -3.259 -3.270 -3.279 -3.285 
-3.288 -3.289 -3.287 -3.283 -3.276 -3.267 -3.255 -3.240 -3.223 -3.203 
-3.180 -3.154 -3.125 -3.093 -3.057 -3.018 -2.975 -2.928 -2.876 -2.820 
-2.758 -2.691 -2.618 -2.538 -2.449 -2.352 -2.244 -2.125 -1.991 -1.843 
-1.681 -1.508 -1.337 -1.190 -1.109 -1.132 -1.240 -1.379 -1.509 -1.619 
-1.708 -1.778 -1.831 -1.870 -1.896 -1.909 -1.911 -1.900 -1.877 -1.840 
-1.789 -1.722 -1.635 -1.526 -1.395 -1.247 -1.098 -0.942 -0.816 -0.854 
-1.072 -1.350 -1.599 -1.805 -1.977 -2.123 -2.251 -2.363 -2.463 -2.552 
-2.625 
-2.732 -2.810 -2.872 -2.929 -2.981 -3.028 -3.071 -3.110 -3.145 -3.178 
-3.206 -3.232 -3.254 -3.274 -3.291 -3.305 -3.316 -3.325 -3.331 -3.335 
-3.336 -3.334 -3.330 -3.324 -3.314 -3.302 -3.288 -3.270 -3.250 -3.227 
-3.201 -3.172 -3.139 -3.103 -3.063 -3.020 -2.972 -2.920 -2.863 -2.801 
-2.733 -2.658 -2.576 -2.486 -2.387 -2.277 -2.155 -2.019 -1.870 -1.710 
-1.551 -1.415 -1.331 -1.311 -1.344 -1.429 -1.546 -1.662 -1.762 -1.844 
-1.909 -1.960 -1.998 -2.024 -2.039 -2.042 -2.036 -2.018 -1.989 -1.949 
-1.896 -1.830 -1.749 -1.656 -1.553 -1.454 -1.372 -1.310 -1.260 -1.320 
-1.496 -1.674 -1.844 -2.004 -2.148 -2.276 -2.390 -2.492 -2.584 -2.667 
-2.714 
-2.668 -2.706 -2.779 -2.845 -2.906 -2.961 -3.011 -3.056 -3.097 -3.134 
-3.168 -3.198 -3.225 -3.248 -3.268 -3.286 -3.300 -3.312 -3.321 -3.327 
-3.331 -3.332 -3.330 -3.325 -3.318 -3.308 -3.296 -3.280 -3.262 -3.240 
-3.216 -3.188 -3.157 -3.122 -3.084 -3.041 -2.995 -2.944 -2.887 -2.825 
-2.757 -2.683 -2.600 -2.508 -2.405 -2.289 -2.155 -1.998 -1.820 -1.687 
-1.629 -1.571 -1.535 -1.555 -1.622 -1.715 -1.812 -1.903 -1.984 -2.053 
-2.110 -2.157 -2.193 -2.220 -2.238 -2.247 -2.247 -2.238 -2.220 -2.192 
-2.154 -2.105 -2.043 -1.969 -1.882 -1.785 -1.683 -1.578 -1.453 -1.291 
-1.310 -1.429 -1.571 -1.738 -1.905 -2.061 -2.200 -2.325 -2.436 -2.535 
-2.632 
-2.817 -2.936 -3.006 -3.070 -3.128 -3.180 -3.228 -3.272 -3.311 -3.346 
-3.378 -3.406 -3.431 -3.453 -3.472 -3.487 -3.500 -3.510 -3.517 -3.522 
-3.523 -3.522 -3.518 -3.512 -3.502 -3.490 -3.475 -3.456 -3.435 -3.410 
-3.382 -3.350 -3.315 -3.275 -3.231 -3.182 -3.128 -3.068 -3.002 -2.928 
-2.845 -2.751 -2.644 -2.521 -2.376 -2.202 -1.990 -1.738 -1.508 -1.414 
-1.506 -1.654 -1.751 -1.802 -1.855 -1.933 -2.027 -2.121 -2.206 -2.279 
-2.339 -2.388 -2.426 -2.454 -2.472 -2.481 -2.482 -2.473 -2.455 -2.428 
-2.391 -2.342 -2.280 -2.204 -2.108 -1.987 -1.828 -1.603 -1.285 -1.032 
-1.112 -1.418 -1.732 -1.966 -2.155 -2.313 -2.450 -2.571 -2.677 -2.773 
-2.802 
-2.622 -2.654 -2.722 -2.784 -2.841 -2.893 -2.941 -2.985 -3.025 -3.062 
-3.095 -3.124 -3.151 -3.174 -3.195 -3.213 -3.228 -3.240 -3.250 -3.257 
-3.261 -3.263 -3.262 -3.259 -3.253 -3.245 -3.234 -3.220 -3.203 -3.184 
-3.161 -3.136 -3.107 -3.075 -3.040 -3.001 -2.958 -2.910 -2.858 -2.801 
-2.739 -2.670 -2.593 -2.508 -2.413 -2.304 -2.177 -2.025 -1.850 -1.716 
-1.649 -1.552 -1.443 -1.368 -1.357 -1.406 -1.494 -1.596 -1.696 -1.784 
-1.860 -1.923 -1.973 -2.013 -2.042 -2.061 -2.071 -2.072 -2.064 -2.047 
-2.021 -1.985 -1.939 -1.883 -1.817 -1.741 -1.657 -1.568 -1.467 -1.340 
-1.411 -1.579 -1.718 -1.851 -1.979 -2.100 -2.212 -2.316 -2.412 -2.500 
-2.590 
-2.719 -2.792 -2.861 -2.923 -2.980 -3.032 -3.080 -3.123 -3.163 -3.199 
-3.231 -3.260 -3.286 -3.309 -3.329 -3.346 -3.360 -3.372 -3.381 -3.388 
-3.391 -3.393 -3.391 -3.387 -3.381 -3.372 -3.360 -3.346 -3.328 -3.308 
-3.286 -3.260 -3.230 -3.198 -3.162 -3.122 -3.079 -3.031 -2.979 -2.922 
-2.860 -2.791 -2.716 -2.634 -2.543 -2.442 -2.330 -2.206 -2.067 -1.915 
-1.754 -1.603 -1.490 -1.448 -1.480 -1.562 -1.661 -1.759 -1.846 -1.922 
-1.986 -2.038 -2.080 -2.111 -2.133 -2.144 -2.146 -2.137 -2.119 -2.089 
-2.048 -1.994 -1.924 -1.838 -1.734 -1.619 -1.510 -1.431 -1.383 -1.377 
-1.446 -1.583 -1.750 -1.917 -2.071 -2.209 -2.333 -2.444 -2.545 -2.635 
-2.695 
-2.790 -2.844 -2.908 -2.966 -3.019 -3.068 -3.112 -3.153 -3.191 -3.225 
-3.255 -3.283 -3.308 -3.329 -3.349 -3.365 -3.379 -3.390 -3.399 -3.405 
-3.409 -3.411 -3.410 -3.407 -3.401 -3.393 -3.382 -3.369 -3.353 -3.335 
-3.314 -3.291 -3.264 -3.235 -3.202 -3.167 -3.128 -3.085 -3.039 -2.989 
-2.935 -2.876 -2.812 -2.743 -2.668 -2.587 -2.499 -2.403 -2.298 -2.185 
-2.064 -1.940 -1.827 -1.741 -1.678 -1.638 -1.638 -1.674 -1.721 -1.768 
-1.813 -1.852 -1.884 -1.908 -1.922 -1.927 -1.921 -1.903 -1.874 -1.832 
-1.774 -1.700 -1.607 -1.494 -1.366 -1.243 -1.165 -1.174 -1.262 -1.383 
-1.527 -1.701 -1.878 -2.040 -2.183 -2.310 -2.423 -2.525 -2.616 -2.700 
-2.767 
-2.815 -2.890 -2.962 -3.028 -3.089 -3.144 -3.195 -3.241 -3.283 -3.321 
-3.356 -3.387 -3.416 -3.441 -3.463 -3.482 -3.499 -3.513 -3.524 -3.532 
-3.538 -3.542 -3.543 -3.541 -3.537 -3.531 -3.522 -3.510 -3.496 -3.479 
-3.459 -3.436 -3.410 -3.382 -3.350 -3.315 -3.276 -3.234 -3.187 -3.137 
-3.081 -3.021 -2.956 -2.884 -2.806 -2.721 -2.627 -2.525 -2.414 -2.292 
-2.160 -2.017 -1.864 -1.701 -1.547 -1.451 -1.455 -1.547 -1.674 -1.796 
-1.899 -1.983 -2.049 -2.100 -2.137 -2.161 -2.173 -2.174 -2.162 -2.139 
-2.103 -2.052 -1.985 -1.900 -1.796 -1.679 -1.569 -1.486 -1.416 -1.368 
-1.402 -1.539 -1.729 -1.924 -2.101 -2.257 -2.395 -2.516 -2.625 -2.722 
-2.788 
-2.723 -2.784 -2.854 -2.918 -2.976 -3.030 -3.079 -3.123 -3.164 -3.201 
-3.234 -3.264 -3.291 -3.314 -3.335 -3.353 -3.368 -3.380 -3.390 -3.397 
-3.401 -3.403 -3.402 -3.399 -3.393 -3.384 -3.373 -3.359 -3.342 -3.322 
-3.300 -3.274 -3.246 -3.214 -3.179 -3.140 -3.097 -3.050 -2.999 -2.943 
-2.883 -2.816 -2.744 -2.666 -2.580 -2.487 -2.386 -2.278 -2.163 -2.046 
-1.932 -1.829 -1.747 -1.689 -1.655 -1.656 -1.708 -1.800 -1.897 -1.983 
-2.055 -2.114 -2.160 -2.195 -2.220 -2.235 -2.241 -2.238 -2.226 -2.204 
-2.173 -2.131 -2.078 -2.014 -1.937 -1.847 -1.748 -1.645 -1.553 -1.497 
-1.514 -1.609 -1.750 -1.903 -2.052 -2.189 -2.314 -2.427 -2.530 -2.622 
-2.697 
-2.668 -2.731 -2.807 -2.877 -2.940 -2.998 -3.050 -3.099 -3.143 -3.183 
-3.219 -3.252 -3.281 -3.307 -3.331 -3.351 -3.368 -3.383 -3.395 -3.404 
-3.411 -3.415 -3.416 -3.415 -3.411 -3.405 -3.396 -3.384 -3.370 -3.353 
-3.333 -3.310 -3.284 -3.255 -3.223 -3.187 -3.147 -3.104 -3.056 -3.004 
-2.947 -2.885 -2.817 -2.742 -2.661 -2.571 -2.472 -2.364 -2.244 -2.113 
-1.971 -1.820 -1.670 -1.539 -1.462 -1.462 -1.531 -1.637 -1.749 -1.852 
-1.941 -2.015 -2.075 -2.123 -2.159 -2.185 -2.200 -2.205 -2.201 -2.187 
-2.162 -2.128 -2.081 -2.023 -1.950 -1.863 -1.761 -1.646 -1.531 -1.441 
-1.412 -1.468 -1.594 -1.755 -1.920 -2.075 -2.215 -2.341 -2.454 -2.556 
-2.637 
-2.686 -2.752 -2.828 -2.898 -2.962 -3.020 -3.073 -3.122 -3.166 -3.206 
-3.243 -3.276 -3.305 -3.332 -3.355 -3.375 -3.393 -3.407 -3.419 -3.428 
-3.435 -3.438 -3.440 -3.438 -3.434 -3.427 -3.418 -3.406 -3.391 -3.373 
-3.352 -3.328 -3.301 -3.271 -3.237 -3.200 -3.158 -3.112 -3.062 -3.006 
-2.945 -2.877 -2.802 -2.718 -2.625 -2.519 -2.400 -2.266 -2.120 -1.982 
-1.874 -1.775 -1.653 -1.530 -1.456 -1.466 -1.549 -1.668 -1.789 -1.899 
-1.992 -2.069 -2.132 -2.182 -2.219 -2.247 -2.264 -2.271 -2.269 -2.257 
-2.236 -2.205 -2.163 -2.110 -2.045 -1.966 -1.875 -1.774 -1.670 -1.583 
-1.542 -1.573 -1.671 -1.808 -1.957 -2.103 -2.238 -2.362 -2.474 -2.576 
-2.656 
-2.765 -2.826 -2.902 -2.971 -3.033 -3.089 -3.141 -3.187 -3.229 -3.267 
-3.301 -3.331 -3.358 -3.382 -3.402 -3.419 -3.433 -3.444 -3.453 -3.458 
-3.461 -3.461 -3.458 -3.452 -3.443 -3.431 -3.417 -3.399 -3.378 -3.354 
-3.326 -3.295 -3.260 -3.221 -3.178 -3.130 -3.077 -3.018 -2.953 -2.881 
-2.801 -2.712 -2.612 -2.499 -2.372 -2.227 -2.063 -1.886 -1.712 -1.583 
-1.537 -1.587 -1.697 -1.795 -1.865 -1.944 -2.044 -2.148 -2.240 -2.318 
-2.382 -2.433 -2.473 -2.502 -2.523 -2.534 -2.538 -2.533 -2.520 -2.499 
-2.469 -2.430 -2.381 -2.321 -2.249 -2.164 -2.064 -1.952 -1.831 -1.719 
-1.644 -1.638 -1.714 -1.848 -2.005 -2.160 -2.303 -2.431 -2.546 -2.650 
-2.734 
-2.935 -3.025 -3.105 -3.177 -3.242 -3.301 -3.354 -3.402 -3.446 -3.485 
-3.520 -3.552 -3.579 -3.604 -3.625 -3.643 -3.658 -3.669 -3.678 -3.684 
-3.688 -3.688 -3.685 -3.680 -3.672 -3.660 -3.646 -3.629 -3.609 -3.585 
-3.558 -3.527 -3.493 -3.454 -3.412 -3.364 -3.312 -3.254 -3.190 -3.120 
-3.041 -2.954 -2.857 -2.748 -2.625 -2.485 -2.326 -2.146 -1.945 -1.745 
-1.603 -1.595 -1.730 -1.923 -2.106 -2.257 -2.380 -2.480 -2.563 -2.630 
-2.685 -2.729 -2.763 -2.789 -2.806 -2.815 -2.817 -2.811 -2.798 -2.776 
-2.747 -2.708 -2.660 -2.601 -2.530 -2.445 -2.345 -2.229 -2.097 -1.959 
-1.841 -1.786 -1.827 -1.956 -2.126 -2.299 -2.459 -2.601 -2.726 -2.837 
-2.907 
-2.916 -2.985 -3.061 -3.130 -3.192 -3.249 -3.300 -3.346 -3.388 -3.426 
-3.460 -3.490 -3.516 -3.540 -3.560 -3.576 -3.590 -3.601 -3.609 -3.614 
-3.617 -3.616 -3.613 -3.607 -3.597 -3.585 -3.570 -3.552 -3.531 -3.506 
-3.479 -3.447 -3.412 -3.372 -3.329 -3.281 -3.227 -3.169 -3.104 -3.033 
-2.955 -2.868 -2.773 -2.668 -2.554 -2.430 -2.302 -2.176 -2.067 -1.982 
-1.926 -1.938 -2.019 -2.082 -2.098 -2.121 -2.205 -2.319 -2.423 -2.508 
-2.576 -2.628 -2.668 -2.697 -2.717 -2.728 -2.730 -2.725 -2.711 -2.690 
-2.660 -2.620 -2.572 -2.512 -2.441 -2.358 -2.261 -2.152 -2.037 -1.930 
-1.852 -1.833 -1.891 -2.014 -2.166 -2.319 -2.461 -2.589 -2.705 -2.808 
-2.888 
-2.854 -2.926 -3.014 -3.093 -3.164 -3.230 -3.289 -3.343 -3.392 -3.437 
-3.477 -3.514 -3.547 -3.576 -3.602 -3.625 -3.645 -3.662 -3.676 -3.687 
-3.696 -3.702 -3.704 -3.705 -3.702 -3.697 -3.689 -3.679 -3.665 -3.649 
-3.629 -3.606 -3.581 -3.551 -3.519 -3.482 -3.442 -3.397 -3.347 -3.292 
-3.232 -3.165 -3.091 -3.009 -2.919 -2.819 -2.712 -2.598 -2.485 -2.378 
-2.270 -2.143 -1.984 -1.810 -1.669 -1.623 -1.692 -1.830 -1.983 -2.120 
-2.235 -2.329 -2.406 -2.466 -2.514 -2.549 -2.574 -2.589 -2.594 -2.589 
-2.575 -2.552 -2.518 -2.473 -2.417 -2.347 -2.262 -2.162 -2.048 -1.927 
-1.819 -1.752 -1.747 -1.806 -1.942 -2.126 -2.303 -2.460 -2.598 -2.720 
-2.818 
-2.789 -2.913 -3.023 -3.120 -3.207 -3.284 -3.355 -3.418 -3.475 -3.527 
-3.574 -3.616 -3.654 -3.689 -3.719 -3.746 -3.770 -3.790 -3.808 -3.822 
-3.834 -3.843 -3.848 -3.851 -3.852 -3.849 -3.844 -3.836 -3.825 -3.811 
-3.794 -3.774 -3.751 -3.725 -3.695 -3.662 -3.625 -3.584 -3.538 -3.488 
-3.432 -3.371 -3.304 -3.230 -3.147 -3.056 -2.953 -2.838 -2.707 -2.558 
-2.387 -2.194 -1.996 -1.872 -1.853 -1.898 -2.010 -2.153 -2.292 -2.414 
-2.516 -2.601 -2.671 -2.728 -2.774 -2.809 -2.834 -2.851 -2.858 -2.858 
-2.848 -2.830 -2.803 -2.766 -2.718 -2.657 -2.583 -2.492 -2.381 -2.249 
-2.095 -1.924 -1.761 -1.672 -1.738 -1.915 -2.114 -2.305 -2.485 -2.646 
-2.753 
-2.637 -2.718 -2.847 -2.961 -3.062 -3.152 -3.232 -3.304 -3.369 -3.427 
-3.480 -3.528 -3.570 -3.608 -3.642 -3.673 -3.699 -3.722 -3.742 -3.758 
-3.771 -3.781 -3.788 -3.792 -3.793 -3.791 -3.786 -3.778 -3.767 -3.753 
-3.736 -3.715 -3.691 -3.664 -3.632 -3.597 -3.557 -3.513 -3.464 -3.409 
-3.348 -3.280 -3.205 -3.120 -3.025 -2.916 -2.792 -2.647 -2.478 -2.282 
-2.066 -1.854 -1.677 -1.627 -1.753 -1.962 -2.165 -2.336 -2.477 -2.592 
-2.686 -2.765 -2.830 -2.883 -2.925 -2.959 -2.984 -3.001 -3.011 -3.014 
-3.009 -2.997 -2.977 -2.949 -2.912 -2.865 -2.808 -2.737 -2.652 -2.547 
-2.420 -2.270 -2.110 -1.991 -1.957 -1.950 -1.978 -2.080 -2.237 -2.409 
-2.569 
-2.860 -2.984 -3.085 -3.175 -3.255 -3.326 -3.390 -3.448 -3.499 -3.546 
-3.588 -3.625 -3.658 -3.687 -3.713 -3.735 -3.754 -3.769 -3.782 -3.791 
-3.797 -3.801 -3.801 -3.799 -3.793 -3.785 -3.773 -3.759 -3.741 -3.720 
-3.695 -3.667 -3.636 -3.600 -3.560 -3.516 -3.467 -3.412 -3.352 -3.285 
-3.211 -3.129 -3.038 -2.935 -2.820 -2.690 -2.544 -2.378 -2.195 -2.007 
-1.863 -1.820 -1.864 -1.960 -2.134 -2.314 -2.462 -2.581 -2.677 -2.756 
-2.820 -2.871 -2.912 -2.944 -2.967 -2.983 -2.990 -2.990 -2.982 -2.967 
-2.944 -2.912 -2.871 -2.819 -2.756 -2.679 -2.587 -2.478 -2.351 -2.216 
-2.089 -1.981 -1.906 -1.910 -2.006 -2.142 -2.280 -2.432 -2.590 -2.738 
-2.830 
-2.977 -3.046 -3.122 -3.190 -3.252 -3.308 -3.358 -3.404 -3.445 -3.482 
-3.515 -3.545 -3.571 -3.593 -3.613 -3.629 -3.642 -3.653 -3.660 -3.665 
-3.666 -3.665 -3.661 -3.654 -3.645 -3.632 -3.617 -3.598 -3.576 -3.551 
-3.523 -3.491 -3.455 -3.415 -3.371 -3.323 -3.269 -3.210 -3.146 -3.075 
-2.997 -2.911 -2.817 -2.714 -2.602 -2.482 -2.359 -2.240 -2.137 -2.059 
-2.015 -2.024 -2.089 -2.179 -2.279 -2.377 -2.465 -2.542 -2.607 -2.661 
-2.705 -2.740 -2.766 -2.785 -2.795 -2.799 -2.794 -2.783 -2.763 -2.736 
-2.699 -2.654 -2.597 -2.529 -2.447 -2.350 -2.236 -2.106 -1.969 -1.852 
-1.794 -1.819 -1.908 -2.036 -2.195 -2.359 -2.510 -2.644 -2.763 -2.868 
-2.949 
-2.984 -3.046 -3.126 -3.199 -3.265 -3.325 -3.380 -3.430 -3.475 -3.516 
-3.553 -3.586 -3.615 -3.642 -3.664 -3.684 -3.701 -3.715 -3.726 -3.734 
-3.739 -3.742 -3.741 -3.738 -3.733 -3.724 -3.712 -3.698 -3.681 -3.660 
-3.637 -3.610 -3.579 -3.545 -3.507 -3.466 -3.419 -3.368 -3.312 -3.250 
-3.182 -3.107 -3.024 -2.933 -2.833 -2.723 -2.604 -2.479 -2.352 -2.228 
-2.113 -2.018 -1.968 -1.982 -2.054 -2.160 -2.272 -2.377 -2.469 -2.547 
-2.613 -2.667 -2.710 -2.744 -2.769 -2.785 -2.793 -2.794 -2.786 -2.771 
-2.747 -2.715 -2.673 -2.621 -2.558 -2.482 -2.393 -2.290 -2.178 -2.069 
-1.993 -1.977 -2.021 -2.111 -2.233 -2.369 -2.506 -2.635 -2.753 -2.861 
-2.936 
