IRGRID 64 91
1e+308

0.025 0.03 0.035 0.04 0.045 0.05 0.055 0.06 0.065 0.07
0.075 0.08 0.085 0.09 0.095 0.1 0.11 0.12 0.13 0.14
0.15 0.16 0.17 0.18 0.19 0.2 0.21 0.22 0.23 0.24
0.25 0.26 0.27 0.28 0.29 0.3 0.31 0.32 0.33 0.34
0.35 0.36 0.37 0.38 0.39 0.4 0.41 0.42 0.43 0.44
0.45 0.46 0.47 0.48 0.49 0.5 0.51 0.52 0.53 0.54
0.55 0.56 0.57 0.58
0 4 8 12 16 20 24 28 32 36
40 44 48 52 56 60 64 68 72 76
80 84 88 92 96 100 104 108 112 116
120 124 128 132 136 140 144 148 152 156
160 164 168 172 176 180 184 188 192 196
200 204 208 212 216 220 224 228 232 236
240 244 248 252 256 260 264 268 272 276
280 284 288 292 296 300 304 308 312 316
320 324 328 332 336 340 344 348 352 356
360
-3.812 -3.847 -3.846 -3.843 -3.839 -3.834 -3.827 -3.820 -3.811 -3.802 
-3.793 -3.783 -3.773 -3.764 -3.754 -3.745 -3.736 -3.728 -3.720 -3.712 
-3.704 -3.696 -3.688 -3.680 -3.670 -3.659 -3.647 -3.633 -3.617 -3.600 
-3.580 -3.558 -3.534 -3.508 -3.481 -3.452 -3.422 -3.391 -3.360 -3.329 
-3.299 -3.269 -3.239 -3.210 -3.180 -3.148 -3.115 -3.079 -3.038 -2.992 
-2.938 -2.875 -2.800 -2.711 -2.607 -2.488 -2.368 -2.276 -2.246 -2.289 
-2.381 -2.485 -2.584 -2.676 -2.763 -2.849 -2.934 -3.017 -3.097 -3.173 
-3.244 -3.310 -3.372 -3.429 -3.481 -3.529 -3.573 -3.613 -3.649 -3.681 
-3.710 -3.736 -3.759 -3.778 -3.795 -3.810 -3.822 -3.831 -3.838 -3.843 
-3.814 
-3.396 -3.452 -3.465 -3.476 -3.485 -3.492 -3.496 -3.498 -3.498 -3.497 
-3.493 -3.487 -3.479 -3.469 -3.457 -3.443 -3.428 -3.410 -3.391 -3.370 
-3.347 -3.322 -3.295 -3.266 -3.236 -3.204 -3.170 -3.135 -3.099 -3.061 
-3.024 -2.985 -2.947 -2.910 -2.873 -2.837 -2.804 -2.771 -2.741 -2.714 
-2.688 -2.665 -2.643 -2.624 -2.606 -2.588 -2.571 -2.554 -2.535 -2.515 
-2.493 -2.468 -2.439 -2.406 -2.368 -2.325 -2.278 -2.232 -2.195 -2.172 
-2.158 -2.149 -2.145 -2.146 -2.148 -2.150 -2.153 -2.169 -2.208 -2.274 
-2.360 -2.454 -2.549 -2.641 -2.726 -2.806 -2.879 -2.946 -3.008 -3.064 
-3.116 -3.164 -3.207 -3.247 -3.283 -3.316 -3.346 -3.372 -3.396 -3.417 
-3.392 
-2.872 -2.890 -2.903 -2.914 -2.922 -2.928 -2.932 -2.933 -2.933 -2.931 
-2.926 -2.920 -2.912 -2.902 -2.890 -2.876 -2.861 -2.844 -2.826 -2.806 
-2.784 -2.761 -2.737 -2.711 -2.684 -2.656 -2.627 -2.598 -2.568 -2.538 
-2.509 -2.480 -2.452 -2.426 -2.401 -2.379 -2.360 -2.343 -2.328 -2.316 
-2.306 -2.297 -2.290 -2.282 -2.275 -2.267 -2.258 -2.247 -2.234 -2.220 
-2.203 -2.184 -2.163 -2.140 -2.115 -2.088 -2.060 -2.030 -1.997 -1.961 
-1.921 -1.875 -1.822 -1.762 -1.699 -1.638 -1.592 -1.572 -1.590 -1.645 
-1.727 -1.825 -1.927 -2.027 -2.122 -2.209 -2.290 -2.363 -2.430 -2.490 
-2.546 -2.596 -2.642 -2.683 -2.720 -2.754 -2.784 -2.811 -2.835 -2.856 
-2.865 
-2.432 -2.468 -2.474 -2.479 -2.482 -2.484 -2.484 -2.484 -2.482 -2.479 
-2.475 -2.470 -2.464 -2.457 -2.449 -2.440 -2.431 -2.420 -2.408 -2.396 
-2.383 -2.370 -2.356 -2.341 -2.326 -2.311 -2.296 -2.280 -2.264 -2.248 
-2.231 -2.215 -2.198 -2.182 -2.165 -2.148 -2.130 -2.112 -2.094 -2.075 
-2.055 -2.034 -2.012 -1.989 -1.963 -1.936 -1.907 -1.876 -1.843 -1.808 
-1.770 -1.731 -1.690 -1.646 -1.601 -1.554 -1.506 -1.459 -1.417 -1.388 
-1.381 -1.399 -1.439 -1.492 -1.546 -1.598 -1.646 -1.693 -1.744 -1.801 
-1.862 -1.923 -1.981 -2.034 -2.083 -2.127 -2.168 -2.205 -2.238 -2.269 
-2.297 -2.322 -2.346 -2.367 -2.385 -2.402 -2.417 -2.431 -2.442 -2.453 
-2.431 
-2.118 -2.094 -2.105 -2.114 -2.123 -2.131 -2.138 -2.145 -2.151 -2.156 
-2.161 -2.166 -2.170 -2.173 -2.176 -2.178 -2.179 -2.180 -2.180 -2.179 
-2.177 -2.175 -2.172 -2.167 -2.162 -2.156 -2.149 -2.141 -2.132 -2.121 
-2.110 -2.097 -2.083 -2.067 -2.050 -2.032 -2.012 -1.991 -1.968 -1.942 
-1.915 -1.886 -1.854 -1.819 -1.782 -1.741 -1.697 -1.649 -1.596 -1.540 
-1.478 -1.410 -1.336 -1.256 -1.169 -1.076 -0.978 -0.875 -0.766 -0.638 
-0.461 -0.429 -0.641 -0.813 -0.944 -1.055 -1.154 -1.244 -1.326 -1.401 
-1.469 -1.531 -1.587 -1.639 -1.687 -1.730 -1.770 -1.807 -1.840 -1.871 
-1.900 -1.926 -1.950 -1.972 -1.992 -2.011 -2.028 -2.043 -2.058 -2.071 
-2.113 
-2.234 -2.299 -2.313 -2.325 -2.336 -2.345 -2.352 -2.358 -2.363 -2.365 
-2.367 -2.367 -2.365 -2.363 -2.358 -2.353 -2.346 -2.337 -2.328 -2.317 
-2.304 -2.291 -2.276 -2.260 -2.242 -2.224 -2.204 -2.184 -2.162 -2.140 
-2.117 -2.093 -2.068 -2.043 -2.017 -1.990 -1.962 -1.934 -1.905 -1.874 
-1.843 -1.810 -1.776 -1.740 -1.702 -1.661 -1.618 -1.571 -1.520 -1.465 
-1.405 -1.338 -1.263 -1.179 -1.083 -0.972 -0.838 -0.673 -0.458 -0.175 
0.084 0.139 -0.030 -0.175 -0.289 -0.479 -0.689 -0.878 -1.040 -1.179 
-1.299 -1.406 -1.500 -1.585 -1.661 -1.730 -1.794 -1.852 -1.905 -1.953 
-1.998 -2.039 -2.077 -2.112 -2.143 -2.173 -2.199 -2.223 -2.245 -2.265 
-2.231 
-1.575 -1.654 -1.668 -1.681 -1.693 -1.703 -1.712 -1.719 -1.726 -1.731 
-1.736 -1.740 -1.742 -1.745 -1.746 -1.746 -1.746 -1.745 -1.744 -1.741 
-1.738 -1.734 -1.729 -1.723 -1.716 -1.708 -1.699 -1.689 -1.677 -1.664 
-1.650 -1.634 -1.617 -1.598 -1.577 -1.555 -1.531 -1.505 -1.477 -1.448 
-1.416 -1.382 -1.347 -1.309 -1.268 -1.225 -1.179 -1.130 -1.078 -1.022 
-0.961 -0.895 -0.823 -0.744 -0.655 -0.553 -0.436 -0.297 -0.126 0.096 
0.400 0.777 0.805 0.574 0.438 0.262 0.051 -0.152 -0.328 -0.479 
-0.609 -0.723 -0.824 -0.914 -0.995 -1.069 -1.135 -1.195 -1.251 -1.301 
-1.347 -1.389 -1.428 -1.464 -1.496 -1.525 -1.552 -1.577 -1.599 -1.619 
-1.571 
-1.103 -1.072 -1.082 -1.090 -1.098 -1.104 -1.110 -1.114 -1.118 -1.122 
-1.125 -1.127 -1.129 -1.131 -1.133 -1.134 -1.134 -1.135 -1.135 -1.134 
-1.134 -1.133 -1.131 -1.129 -1.126 -1.122 -1.117 -1.112 -1.105 -1.098 
-1.089 -1.078 -1.067 -1.053 -1.039 -1.022 -1.003 -0.983 -0.961 -0.936 
-0.910 -0.881 -0.850 -0.816 -0.780 -0.740 -0.698 -0.651 -0.600 -0.545 
-0.484 -0.415 -0.339 -0.253 -0.154 -0.039 0.096 0.261 0.468 0.746 
1.118 1.431 1.437 1.136 0.777 0.500 0.284 0.110 -0.035 -0.157 
-0.263 -0.355 -0.437 -0.509 -0.574 -0.632 -0.685 -0.732 -0.776 -0.815 
-0.850 -0.882 -0.911 -0.938 -0.962 -0.983 -1.002 -1.020 -1.035 -1.049 
-1.098 
-1.378 -1.429 -1.443 -1.456 -1.468 -1.477 -1.485 -1.491 -1.496 -1.500 
-1.502 -1.503 -1.503 -1.501 -1.498 -1.493 -1.488 -1.480 -1.472 -1.462 
-1.451 -1.438 -1.423 -1.407 -1.390 -1.370 -1.349 -1.326 -1.301 -1.275 
-1.246 -1.216 -1.184 -1.151 -1.115 -1.079 -1.041 -1.002 -0.962 -0.921 
-0.879 -0.837 -0.794 -0.751 -0.707 -0.663 -0.617 -0.570 -0.521 -0.469 
-0.413 -0.353 -0.287 -0.213 -0.129 -0.033 0.080 0.213 0.375 0.573 
0.814 1.081 1.114 0.897 0.644 0.398 0.185 0.005 -0.149 -0.283 
-0.401 -0.507 -0.601 -0.687 -0.765 -0.836 -0.901 -0.961 -1.016 -1.067 
-1.113 -1.156 -1.196 -1.232 -1.266 -1.296 -1.324 -1.349 -1.372 -1.393 
-1.373 
-1.462 -1.502 -1.530 -1.555 -1.578 -1.599 -1.618 -1.636 -1.651 -1.664 
-1.676 -1.685 -1.693 -1.698 -1.702 -1.704 -1.704 -1.702 -1.698 -1.692 
-1.684 -1.675 -1.664 -1.650 -1.635 -1.618 -1.599 -1.578 -1.556 -1.531 
-1.504 -1.476 -1.446 -1.413 -1.379 -1.343 -1.305 -1.266 -1.224 -1.181 
-1.136 -1.089 -1.039 -0.988 -0.935 -0.879 -0.821 -0.759 -0.694 -0.625 
-0.551 -0.471 -0.384 -0.288 -0.182 -0.062 0.076 0.239 0.440 0.706 
0.898 0.900 0.868 0.721 0.514 0.310 0.129 -0.029 -0.167 -0.290 
-0.399 -0.497 -0.586 -0.667 -0.742 -0.811 -0.874 -0.934 -0.989 -1.041 
-1.090 -1.136 -1.181 -1.223 -1.264 -1.303 -1.340 -1.376 -1.410 -1.443 
-1.454 
-1.286 -1.306 -1.348 -1.389 -1.428 -1.465 -1.500 -1.534 -1.565 -1.595 
-1.622 -1.648 -1.671 -1.692 -1.712 -1.729 -1.744 -1.757 -1.768 -1.777 
-1.784 -1.789 -1.792 -1.793 -1.791 -1.788 -1.782 -1.774 -1.765 -1.753 
-1.738 -1.722 -1.703 -1.681 -1.658 -1.632 -1.603 -1.571 -1.537 -1.500 
-1.460 -1.416 -1.369 -1.319 -1.264 -1.205 -1.142 -1.073 -0.998 -0.916 
-0.827 -0.728 -0.617 -0.492 -0.347 -0.176 0.034 0.308 0.687 1.091 
1.328 0.956 0.628 0.372 0.165 -0.003 -0.139 -0.250 -0.343 -0.419 
-0.483 -0.537 -0.580 -0.615 -0.642 -0.660 -0.670 -0.672 -0.670 -0.673 
-0.696 -0.745 -0.811 -0.881 -0.948 -1.009 -1.066 -1.119 -1.169 -1.216 
-1.270 
-1.321 -1.387 -1.453 -1.514 -1.571 -1.624 -1.674 -1.721 -1.765 -1.805 
-1.843 -1.878 -1.910 -1.940 -1.967 -1.991 -2.013 -2.033 -2.050 -2.065 
-2.077 -2.087 -2.095 -2.100 -2.103 -2.104 -2.102 -2.099 -2.092 -2.084 
-2.073 -2.060 -2.044 -2.025 -2.004 -1.980 -1.953 -1.923 -1.890 -1.854 
-1.815 -1.771 -1.724 -1.672 -1.616 -1.554 -1.487 -1.413 -1.332 -1.242 
-1.143 -1.031 -0.904 -0.758 -0.586 -0.376 -0.114 0.199 0.608 1.198 
1.510 1.037 0.361 0.056 -0.141 -0.281 -0.385 -0.462 -0.518 -0.556 
-0.579 -0.588 -0.582 -0.562 -0.529 -0.482 -0.423 -0.359 -0.301 -0.268 
-0.279 -0.344 -0.450 -0.579 -0.713 -0.839 -0.955 -1.060 -1.154 -1.239 
-1.293 
-1.268 -1.299 -1.340 -1.382 -1.426 -1.469 -1.512 -1.554 -1.594 -1.634 
-1.671 -1.707 -1.740 -1.772 -1.801 -1.828 -1.852 -1.874 -1.894 -1.912 
-1.927 -1.940 -1.950 -1.958 -1.964 -1.967 -1.968 -1.967 -1.963 -1.957 
-1.948 -1.937 -1.923 -1.906 -1.886 -1.864 -1.839 -1.810 -1.778 -1.743 
-1.703 -1.660 -1.612 -1.560 -1.502 -1.438 -1.368 -1.290 -1.204 -1.107 
-0.997 -0.871 -0.724 -0.550 -0.337 -0.070 0.234 0.461 0.484 0.580 
0.924 0.207 -0.107 -0.313 -0.464 -0.581 -0.672 -0.745 -0.803 -0.849 
-0.883 -0.908 -0.923 -0.929 -0.925 -0.912 -0.889 -0.858 -0.826 -0.805 
-0.812 -0.851 -0.911 -0.972 -1.026 -1.072 -1.112 -1.149 -1.185 -1.222 
-1.257 
-1.291 -1.316 -1.364 -1.411 -1.457 -1.502 -1.545 -1.586 -1.625 -1.662 
-1.697 -1.729 -1.760 -1.788 -1.813 -1.837 -1.858 -1.877 -1.893 -1.907 
-1.919 -1.929 -1.937 -1.942 -1.945 -1.945 -1.944 -1.940 -1.934 -1.925 
-1.914 -1.901 -1.885 -1.867 -1.846 -1.822 -1.795 -1.766 -1.733 -1.697 
-1.657 -1.614 -1.567 -1.515 -1.459 -1.398 -1.331 -1.257 -1.177 -1.088 
-0.990 -0.879 -0.755 -0.613 -0.447 -0.248 -0.004 0.274 0.525 0.770 
0.834 0.643 0.384 0.168 0.005 -0.118 -0.213 -0.288 -0.350 -0.405 
-0.458 -0.512 -0.567 -0.622 -0.673 -0.720 -0.760 -0.795 -0.826 -0.855 
-0.882 -0.909 -0.939 -0.971 -1.006 -1.044 -1.085 -1.128 -1.173 -1.220 
-1.272 
-1.534 -1.601 -1.647 -1.691 -1.732 -1.770 -1.806 -1.839 -1.869 -1.898 
-1.923 -1.946 -1.967 -1.986 -2.002 -2.016 -2.028 -2.037 -2.044 -2.049 
-2.052 -2.052 -2.051 -2.047 -2.041 -2.033 -2.022 -2.009 -1.994 -1.977 
-1.957 -1.934 -1.909 -1.881 -1.851 -1.817 -1.781 -1.742 -1.699 -1.652 
-1.602 -1.549 -1.490 -1.427 -1.360 -1.286 -1.207 -1.121 -1.027 -0.925 
-0.813 -0.689 -0.552 -0.399 -0.228 -0.036 0.184 0.443 0.743 0.998 
1.060 0.907 0.695 0.517 0.385 0.289 0.217 0.161 0.112 0.062 
0.005 -0.063 -0.144 -0.237 -0.338 -0.442 -0.546 -0.647 -0.743 -0.834 
-0.919 -0.998 -1.073 -1.143 -1.209 -1.273 -1.334 -1.392 -1.448 -1.502 
-1.521 
-1.606 -1.629 -1.669 -1.706 -1.740 -1.772 -1.801 -1.828 -1.852 -1.875 
-1.895 -1.912 -1.928 -1.941 -1.952 -1.961 -1.968 -1.973 -1.976 -1.976 
-1.975 -1.971 -1.965 -1.957 -1.947 -1.934 -1.920 -1.903 -1.883 -1.862 
-1.837 -1.810 -1.781 -1.749 -1.714 -1.676 -1.634 -1.590 -1.542 -1.490 
-1.434 -1.374 -1.309 -1.239 -1.164 -1.083 -0.995 -0.900 -0.796 -0.684 
-0.562 -0.430 -0.287 -0.137 0.014 0.156 0.271 0.350 0.415 0.507 
0.514 0.368 0.223 0.112 0.026 -0.043 -0.103 -0.156 -0.206 -0.255 
-0.308 -0.365 -0.427 -0.495 -0.567 -0.640 -0.715 -0.790 -0.865 -0.938 
-1.010 -1.080 -1.147 -1.212 -1.274 -1.333 -1.390 -1.443 -1.494 -1.542 
-1.590 
-1.748 -1.781 -1.814 -1.844 -1.872 -1.897 -1.920 -1.940 -1.959 -1.975 
-1.988 -2.000 -2.009 -2.017 -2.022 -2.025 -2.026 -2.024 -2.021 -2.016 
-2.008 -1.998 -1.986 -1.972 -1.955 -1.937 -1.916 -1.892 -1.866 -1.837 
-1.806 -1.772 -1.735 -1.695 -1.652 -1.605 -1.555 -1.501 -1.443 -1.381 
-1.314 -1.242 -1.165 -1.081 -0.989 -0.890 -0.780 -0.658 -0.520 -0.359 
-0.170 0.017 0.102 0.142 0.216 0.297 0.355 0.376 0.362 0.324 
0.276 0.224 0.172 0.119 0.064 0.005 -0.059 -0.127 -0.199 -0.278 
-0.366 -0.460 -0.557 -0.653 -0.747 -0.836 -0.922 -1.003 -1.081 -1.155 
-1.226 -1.293 -1.356 -1.416 -1.473 -1.526 -1.576 -1.623 -1.667 -1.708 
-1.737 
-1.874 -1.929 -1.963 -1.995 -2.024 -2.050 -2.073 -2.094 -2.112 -2.128 
-2.142 -2.154 -2.163 -2.170 -2.174 -2.177 -2.177 -2.174 -2.170 -2.163 
-2.154 -2.143 -2.130 -2.114 -2.095 -2.074 -2.050 -2.024 -1.995 -1.963 
-1.928 -1.890 -1.848 -1.803 -1.754 -1.701 -1.643 -1.581 -1.513 -1.439 
-1.359 -1.271 -1.174 -1.067 -0.947 -0.812 -0.657 -0.477 -0.262 -0.009 
0.261 0.458 0.485 0.388 0.289 0.195 0.097 0.016 -0.050 -0.105 
-0.150 -0.184 -0.207 -0.220 -0.222 -0.214 -0.201 -0.188 -0.188 -0.216 
-0.279 -0.373 -0.488 -0.609 -0.730 -0.846 -0.955 -1.056 -1.151 -1.239 
-1.321 -1.398 -1.470 -1.536 -1.599 -1.657 -1.711 -1.761 -1.808 -1.852 
-1.864 
-1.648 -1.695 -1.736 -1.774 -1.808 -1.840 -1.870 -1.896 -1.920 -1.942 
-1.961 -1.978 -1.992 -2.004 -2.014 -2.021 -2.027 -2.029 -2.030 -2.029 
-2.025 -2.018 -2.010 -1.999 -1.986 -1.970 -1.952 -1.932 -1.909 -1.883 
-1.854 -1.822 -1.788 -1.750 -1.708 -1.663 -1.615 -1.562 -1.504 -1.442 
-1.374 -1.300 -1.219 -1.131 -1.033 -0.925 -0.803 -0.665 -0.506 -0.319 
-0.100 0.126 0.291 0.440 0.562 0.642 0.531 0.284 0.100 -0.037 
-0.142 -0.223 -0.285 -0.332 -0.366 -0.391 -0.408 -0.421 -0.437 -0.463 
-0.501 -0.551 -0.607 -0.665 -0.724 -0.783 -0.842 -0.900 -0.959 -1.019 
-1.079 -1.141 -1.204 -1.267 -1.329 -1.389 -1.447 -1.503 -1.555 -1.605 
-1.636 
-1.444 -1.467 -1.517 -1.564 -1.608 -1.648 -1.686 -1.720 -1.751 -1.780 
-1.805 -1.828 -1.848 -1.866 -1.881 -1.894 -1.904 -1.912 -1.918 -1.921 
-1.922 -1.921 -1.917 -1.911 -1.902 -1.891 -1.878 -1.863 -1.844 -1.824 
-1.800 -1.774 -1.746 -1.714 -1.679 -1.641 -1.600 -1.555 -1.506 -1.454 
-1.397 -1.335 -1.268 -1.195 -1.115 -1.028 -0.932 -0.826 -0.706 -0.571 
-0.415 -0.231 -0.007 0.276 0.635 0.921 0.881 0.583 0.272 0.058 
-0.097 -0.218 -0.315 -0.394 -0.460 -0.513 -0.557 -0.593 -0.621 -0.643 
-0.660 -0.672 -0.681 -0.688 -0.692 -0.697 -0.705 -0.717 -0.737 -0.766 
-0.805 -0.853 -0.909 -0.971 -1.036 -1.102 -1.169 -1.234 -1.296 -1.356 
-1.421 
-1.563 -1.589 -1.617 -1.642 -1.665 -1.686 -1.704 -1.721 -1.735 -1.747 
-1.757 -1.766 -1.772 -1.776 -1.779 -1.780 -1.778 -1.775 -1.770 -1.763 
-1.754 -1.743 -1.731 -1.716 -1.699 -1.681 -1.660 -1.637 -1.612 -1.584 
-1.555 -1.523 -1.488 -1.451 -1.412 -1.369 -1.324 -1.276 -1.224 -1.169 
-1.110 -1.047 -0.980 -0.907 -0.830 -0.747 -0.658 -0.561 -0.456 -0.342 
-0.219 -0.088 0.047 0.177 0.315 0.511 0.494 0.349 0.252 0.161 
0.068 -0.022 -0.108 -0.188 -0.264 -0.336 -0.407 -0.478 -0.547 -0.614 
-0.678 -0.738 -0.794 -0.845 -0.892 -0.936 -0.977 -1.016 -1.056 -1.097 
-1.140 -1.185 -1.231 -1.278 -1.324 -1.369 -1.412 -1.453 -1.491 -1.526 
-1.555 
-1.872 -1.910 -1.936 -1.960 -1.982 -2.001 -2.018 -2.033 -2.046 -2.057 
-2.066 -2.072 -2.077 -2.080 -2.080 -2.078 -2.075 -2.069 -2.061 -2.051 
-2.039 -2.025 -2.008 -1.989 -1.968 -1.944 -1.918 -1.889 -1.858 -1.824 
-1.786 -1.746 -1.702 -1.655 -1.603 -1.548 -1.488 -1.423 -1.352 -1.276 
-1.192 -1.101 -1.002 -0.895 -0.781 -0.664 -0.549 -0.440 -0.331 -0.210 
-0.070 0.080 0.216 0.308 0.337 0.314 0.261 0.200 0.140 0.087 
0.043 0.007 -0.028 -0.069 -0.119 -0.178 -0.246 -0.325 -0.414 -0.509 
-0.607 -0.707 -0.805 -0.899 -0.990 -1.076 -1.158 -1.234 -1.306 -1.374 
-1.437 -1.496 -1.552 -1.604 -1.652 -1.698 -1.740 -1.779 -1.816 -1.850 
-1.862 
-2.123 -2.156 -2.176 -2.194 -2.209 -2.222 -2.233 -2.241 -2.248 -2.251 
-2.253 -2.252 -2.249 -2.243 -2.235 -2.225 -2.213 -2.198 -2.180 -2.160 
-2.138 -2.113 -2.085 -2.054 -2.020 -1.983 -1.942 -1.898 -1.851 -1.799 
-1.743 -1.682 -1.616 -1.544 -1.466 -1.380 -1.287 -1.183 -1.067 -0.938 
-0.792 -0.630 -0.468 -0.348 -0.284 -0.228 -0.171 -0.131 -0.121 -0.132 
-0.146 -0.146 -0.128 -0.107 -0.105 -0.121 -0.137 -0.140 -0.124 -0.094 
-0.057 -0.027 -0.022 -0.055 -0.131 -0.247 -0.382 -0.521 -0.655 -0.782 
-0.901 -1.014 -1.119 -1.217 -1.309 -1.394 -1.473 -1.547 -1.616 -1.679 
-1.739 -1.794 -1.845 -1.892 -1.936 -1.976 -2.013 -2.048 -2.079 -2.107 
-2.117 
-2.128 -2.156 -2.175 -2.192 -2.206 -2.217 -2.227 -2.233 -2.237 -2.239 
-2.238 -2.235 -2.229 -2.221 -2.211 -2.198 -2.182 -2.163 -2.142 -2.118 
-2.092 -2.062 -2.029 -1.993 -1.953 -1.909 -1.862 -1.810 -1.753 -1.692 
-1.625 -1.552 -1.471 -1.383 -1.286 -1.177 -1.056 -0.920 -0.766 -0.590 
-0.393 -0.187 -0.014 0.070 0.043 -0.048 -0.142 -0.222 -0.298 -0.371 
-0.436 -0.489 -0.527 -0.550 -0.559 -0.552 -0.531 -0.494 -0.441 -0.372 
-0.289 -0.197 -0.113 -0.063 -0.079 -0.173 -0.321 -0.486 -0.643 -0.783 
-0.906 -1.016 -1.116 -1.210 -1.299 -1.384 -1.464 -1.539 -1.609 -1.675 
-1.736 -1.793 -1.845 -1.893 -1.938 -1.978 -2.016 -2.050 -2.081 -2.109 
-2.121 
-2.011 -2.026 -2.055 -2.081 -2.104 -2.124 -2.142 -2.157 -2.170 -2.180 
-2.188 -2.193 -2.196 -2.196 -2.194 -2.190 -2.183 -2.173 -2.161 -2.147 
-2.129 -2.109 -2.086 -2.060 -2.031 -1.999 -1.964 -1.925 -1.881 -1.834 
-1.783 -1.726 -1.664 -1.596 -1.522 -1.439 -1.347 -1.245 -1.129 -0.997 
-0.847 -0.678 -0.509 -0.383 -0.313 -0.248 -0.190 -0.172 -0.207 -0.284 
-0.381 -0.479 -0.566 -0.639 -0.697 -0.741 -0.771 -0.787 -0.790 -0.778 
-0.751 -0.707 -0.653 -0.607 -0.600 -0.638 -0.689 -0.729 -0.756 -0.779 
-0.808 -0.846 -0.896 -0.958 -1.029 -1.106 -1.186 -1.265 -1.343 -1.418 
-1.489 -1.557 -1.621 -1.680 -1.736 -1.788 -1.836 -1.881 -1.922 -1.960 
-1.998 
-2.041 -2.065 -2.093 -2.118 -2.141 -2.161 -2.179 -2.194 -2.207 -2.217 
-2.225 -2.231 -2.235 -2.236 -2.235 -2.231 -2.226 -2.218 -2.207 -2.194 
-2.179 -2.161 -2.141 -2.117 -2.092 -2.063 -2.031 -1.996 -1.958 -1.916 
-1.871 -1.822 -1.768 -1.710 -1.647 -1.579 -1.504 -1.423 -1.334 -1.236 
-1.129 -1.011 -0.881 -0.738 -0.583 -0.423 -0.274 -0.161 -0.108 -0.126 
-0.196 -0.293 -0.392 -0.483 -0.561 -0.626 -0.678 -0.718 -0.749 -0.771 
-0.785 -0.792 -0.794 -0.792 -0.788 -0.785 -0.784 -0.789 -0.803 -0.828 
-0.865 -0.914 -0.974 -1.042 -1.115 -1.192 -1.268 -1.344 -1.417 -1.488 
-1.555 -1.618 -1.678 -1.734 -1.787 -1.836 -1.882 -1.925 -1.964 -2.001 
-2.030 
-2.125 -2.152 -2.174 -2.194 -2.211 -2.227 -2.240 -2.250 -2.259 -2.265 
-2.270 -2.271 -2.271 -2.269 -2.264 -2.257 -2.248 -2.236 -2.223 -2.206 
-2.188 -2.167 -2.143 -2.116 -2.087 -2.055 -2.020 -1.982 -1.940 -1.895 
-1.847 -1.794 -1.737 -1.675 -1.608 -1.536 -1.458 -1.373 -1.281 -1.181 
-1.072 -0.953 -0.823 -0.681 -0.527 -0.366 -0.215 -0.105 -0.068 -0.108 
-0.199 -0.306 -0.408 -0.498 -0.573 -0.635 -0.686 -0.727 -0.760 -0.787 
-0.809 -0.828 -0.846 -0.864 -0.885 -0.909 -0.938 -0.972 -1.013 -1.061 
-1.115 -1.174 -1.236 -1.302 -1.368 -1.434 -1.499 -1.561 -1.622 -1.679 
-1.734 -1.786 -1.835 -1.881 -1.925 -1.965 -2.003 -2.038 -2.070 -2.100 
-2.117 
-2.127 -2.145 -2.164 -2.180 -2.194 -2.206 -2.215 -2.223 -2.228 -2.231 
-2.232 -2.231 -2.228 -2.223 -2.215 -2.206 -2.194 -2.180 -2.163 -2.144 
-2.123 -2.099 -2.073 -2.044 -2.013 -1.978 -1.941 -1.900 -1.857 -1.810 
-1.759 -1.704 -1.646 -1.583 -1.515 -1.443 -1.366 -1.285 -1.198 -1.108 
-1.014 -0.920 -0.827 -0.740 -0.661 -0.591 -0.532 -0.491 -0.487 -0.523 
-0.579 -0.636 -0.686 -0.728 -0.761 -0.788 -0.809 -0.825 -0.838 -0.848 
-0.857 -0.867 -0.879 -0.896 -0.919 -0.949 -0.986 -1.032 -1.083 -1.140 
-1.201 -1.264 -1.328 -1.392 -1.455 -1.516 -1.575 -1.631 -1.685 -1.736 
-1.785 -1.830 -1.873 -1.914 -1.951 -1.986 -2.019 -2.049 -2.077 -2.102 
-2.120 
-2.056 -2.078 -2.095 -2.111 -2.125 -2.136 -2.147 -2.155 -2.162 -2.167 
-2.170 -2.171 -2.171 -2.169 -2.165 -2.159 -2.151 -2.142 -2.130 -2.117 
-2.102 -2.084 -2.065 -2.044 -2.021 -1.995 -1.967 -1.938 -1.906 -1.871 
-1.834 -1.795 -1.753 -1.709 -1.662 -1.612 -1.560 -1.505 -1.447 -1.387 
-1.325 -1.262 -1.200 -1.140 -1.087 -1.042 -1.007 -0.981 -0.962 -0.946 
-0.933 -0.921 -0.911 -0.905 -0.903 -0.907 -0.918 -0.935 -0.956 -0.979 
-1.005 -1.032 -1.060 -1.089 -1.121 -1.155 -1.192 -1.232 -1.273 -1.317 
-1.361 -1.406 -1.450 -1.495 -1.539 -1.581 -1.623 -1.664 -1.704 -1.742 
-1.779 -1.814 -1.848 -1.880 -1.911 -1.940 -1.967 -1.993 -2.017 -2.039 
-2.050 
-1.985 -1.981 -2.002 -2.021 -2.039 -2.055 -2.070 -2.083 -2.095 -2.105 
-2.113 -2.120 -2.125 -2.128 -2.130 -2.130 -2.129 -2.125 -2.120 -2.114 
-2.105 -2.095 -2.082 -2.068 -2.052 -2.034 -2.014 -1.992 -1.968 -1.942 
-1.913 -1.883 -1.850 -1.815 -1.777 -1.737 -1.695 -1.650 -1.602 -1.552 
-1.499 -1.443 -1.385 -1.323 -1.259 -1.192 -1.123 -1.051 -0.977 -0.902 
-0.828 -0.758 -0.696 -0.647 -0.616 -0.607 -0.619 -0.649 -0.692 -0.744 
-0.799 -0.855 -0.911 -0.965 -1.017 -1.067 -1.115 -1.162 -1.206 -1.250 
-1.292 -1.333 -1.373 -1.413 -1.452 -1.490 -1.527 -1.564 -1.600 -1.635 
-1.670 -1.703 -1.736 -1.768 -1.799 -1.829 -1.857 -1.885 -1.911 -1.936 
-1.975 
-2.269 -2.303 -2.318 -2.331 -2.342 -2.352 -2.360 -2.366 -2.371 -2.374 
-2.375 -2.374 -2.372 -2.368 -2.362 -2.354 -2.345 -2.334 -2.321 -2.306 
-2.290 -2.271 -2.251 -2.229 -2.205 -2.179 -2.151 -2.121 -2.089 -2.055 
-2.018 -1.979 -1.938 -1.894 -1.848 -1.799 -1.746 -1.690 -1.629 -1.564 
-1.492 -1.413 -1.325 -1.234 -1.152 -1.094 -1.053 -1.008 -0.950 -0.882 
-0.807 -0.731 -0.662 -0.608 -0.576 -0.573 -0.602 -0.656 -0.728 -0.809 
-0.894 -0.978 -1.057 -1.132 -1.200 -1.263 -1.321 -1.377 -1.432 -1.489 
-1.546 -1.604 -1.660 -1.714 -1.766 -1.815 -1.861 -1.904 -1.946 -1.984 
-2.021 -2.056 -2.089 -2.120 -2.149 -2.176 -2.202 -2.225 -2.247 -2.268 
-2.265 
-2.632 -2.670 -2.690 -2.709 -2.725 -2.738 -2.749 -2.757 -2.764 -2.768 
-2.770 -2.769 -2.767 -2.762 -2.755 -2.745 -2.734 -2.720 -2.703 -2.685 
-2.663 -2.640 -2.613 -2.584 -2.552 -2.517 -2.478 -2.436 -2.391 -2.341 
-2.287 -2.228 -2.163 -2.093 -2.014 -1.928 -1.832 -1.724 -1.603 -1.469 
-1.327 -1.188 -1.058 -0.940 -0.857 -0.840 -0.888 -0.972 -1.056 -1.123 
-1.165 -1.184 -1.185 -1.178 -1.175 -1.184 -1.210 -1.247 -1.289 -1.327 
-1.355 -1.372 -1.376 -1.370 -1.358 -1.344 -1.335 -1.339 -1.359 -1.398 
-1.454 -1.523 -1.603 -1.689 -1.777 -1.864 -1.947 -2.026 -2.100 -2.169 
-2.233 -2.292 -2.346 -2.396 -2.442 -2.484 -2.523 -2.558 -2.591 -2.620 
-2.624 
-2.686 -2.729 -2.756 -2.779 -2.800 -2.817 -2.832 -2.844 -2.854 -2.861 
-2.865 -2.867 -2.866 -2.862 -2.856 -2.847 -2.835 -2.820 -2.803 -2.783 
-2.760 -2.733 -2.703 -2.670 -2.633 -2.592 -2.547 -2.497 -2.442 -2.382 
-2.316 -2.243 -2.162 -2.072 -1.972 -1.860 -1.734 -1.593 -1.438 -1.278 
-1.136 -1.043 -1.013 -1.019 -1.035 -1.080 -1.168 -1.277 -1.385 -1.480 
-1.562 -1.629 -1.684 -1.728 -1.761 -1.785 -1.801 -1.808 -1.808 -1.800 
-1.785 -1.763 -1.735 -1.701 -1.663 -1.621 -1.579 -1.540 -1.506 -1.483 
-1.477 -1.493 -1.534 -1.599 -1.679 -1.769 -1.861 -1.951 -2.037 -2.119 
-2.195 -2.266 -2.331 -2.392 -2.448 -2.500 -2.547 -2.591 -2.630 -2.667 
-2.677 
-2.509 -2.519 -2.546 -2.570 -2.592 -2.611 -2.627 -2.640 -2.652 -2.660 
-2.666 -2.670 -2.671 -2.670 -2.666 -2.660 -2.651 -2.640 -2.626 -2.609 
-2.590 -2.567 -2.542 -2.514 -2.482 -2.447 -2.408 -2.366 -2.319 -2.268 
-2.212 -2.150 -2.083 -2.009 -1.927 -1.837 -1.737 -1.625 -1.501 -1.364 
-1.218 -1.071 -0.930 -0.802 -0.707 -0.672 -0.708 -0.814 -0.945 -1.069 
-1.175 -1.265 -1.339 -1.400 -1.449 -1.487 -1.517 -1.538 -1.552 -1.559 
-1.559 -1.554 -1.544 -1.529 -1.510 -1.490 -1.469 -1.449 -1.434 -1.426 
-1.430 -1.448 -1.482 -1.531 -1.592 -1.660 -1.732 -1.804 -1.876 -1.945 
-2.012 -2.075 -2.135 -2.191 -2.244 -2.293 -2.339 -2.381 -2.420 -2.456 
-2.498 
-2.514 -2.549 -2.579 -2.606 -2.630 -2.652 -2.670 -2.687 -2.700 -2.711 
-2.720 -2.726 -2.730 -2.732 -2.731 -2.727 -2.721 -2.713 -2.702 -2.688 
-2.672 -2.653 -2.632 -2.607 -2.579 -2.549 -2.515 -2.477 -2.436 -2.390 
-2.341 -2.287 -2.227 -2.162 -2.091 -2.012 -1.926 -1.830 -1.722 -1.602 
-1.467 -1.313 -1.139 -0.947 -0.754 -0.599 -0.545 -0.618 -0.761 -0.913 
-1.047 -1.161 -1.257 -1.336 -1.402 -1.455 -1.497 -1.530 -1.553 -1.568 
-1.574 -1.574 -1.566 -1.551 -1.530 -1.504 -1.473 -1.440 -1.409 -1.383 
-1.368 -1.371 -1.395 -1.440 -1.503 -1.580 -1.662 -1.747 -1.831 -1.912 
-1.988 -2.060 -2.128 -2.190 -2.248 -2.302 -2.352 -2.399 -2.441 -2.481 
-2.502 
-2.472 -2.485 -2.508 -2.529 -2.548 -2.565 -2.580 -2.593 -2.604 -2.613 
-2.620 -2.625 -2.628 -2.628 -2.627 -2.624 -2.618 -2.610 -2.600 -2.588 
-2.574 -2.557 -2.537 -2.515 -2.491 -2.464 -2.433 -2.400 -2.364 -2.324 
-2.281 -2.234 -2.183 -2.128 -2.068 -2.002 -1.931 -1.854 -1.769 -1.677 
-1.576 -1.465 -1.344 -1.211 -1.070 -0.935 -0.850 -0.840 -0.869 -0.921 
-0.992 -1.074 -1.157 -1.236 -1.309 -1.374 -1.432 -1.483 -1.526 -1.564 
-1.597 -1.625 -1.648 -1.668 -1.684 -1.696 -1.705 -1.712 -1.718 -1.724 
-1.733 -1.748 -1.773 -1.807 -1.848 -1.893 -1.940 -1.987 -2.032 -2.076 
-2.119 -2.160 -2.200 -2.238 -2.275 -2.310 -2.343 -2.375 -2.405 -2.434 
-2.464 
-2.539 -2.559 -2.586 -2.612 -2.635 -2.657 -2.676 -2.693 -2.709 -2.722 
-2.733 -2.742 -2.748 -2.752 -2.754 -2.754 -2.751 -2.746 -2.739 -2.729 
-2.716 -2.701 -2.683 -2.663 -2.639 -2.612 -2.583 -2.549 -2.513 -2.472 
-2.428 -2.378 -2.325 -2.265 -2.200 -2.129 -2.050 -1.963 -1.868 -1.764 
-1.654 -1.546 -1.450 -1.372 -1.306 -1.256 -1.231 -1.237 -1.273 -1.334 
-1.410 -1.491 -1.569 -1.641 -1.707 -1.765 -1.815 -1.859 -1.897 -1.929 
-1.955 -1.977 -1.994 -2.006 -2.014 -2.019 -2.020 -2.018 -2.014 -2.009 
-2.004 -2.004 -2.009 -2.021 -2.040 -2.063 -2.088 -2.115 -2.143 -2.172 
-2.203 -2.234 -2.266 -2.300 -2.334 -2.368 -2.402 -2.435 -2.468 -2.500 
-2.529 
-2.710 -2.746 -2.775 -2.801 -2.824 -2.844 -2.862 -2.877 -2.889 -2.899 
-2.906 -2.911 -2.913 -2.912 -2.909 -2.903 -2.895 -2.884 -2.870 -2.853 
-2.833 -2.811 -2.785 -2.755 -2.723 -2.686 -2.646 -2.601 -2.552 -2.498 
-2.438 -2.373 -2.300 -2.221 -2.133 -2.035 -1.927 -1.807 -1.677 -1.540 
-1.407 -1.297 -1.235 -1.227 -1.259 -1.306 -1.364 -1.432 -1.510 -1.589 
-1.663 -1.729 -1.786 -1.834 -1.872 -1.902 -1.924 -1.939 -1.946 -1.947 
-1.941 -1.929 -1.911 -1.888 -1.862 -1.832 -1.801 -1.771 -1.743 -1.720 
-1.705 -1.702 -1.715 -1.747 -1.796 -1.858 -1.929 -2.003 -2.078 -2.151 
-2.221 -2.287 -2.348 -2.406 -2.461 -2.511 -2.558 -2.602 -2.643 -2.680 
-2.699 
-2.783 -2.806 -2.831 -2.853 -2.872 -2.889 -2.903 -2.915 -2.924 -2.931 
-2.936 -2.938 -2.938 -2.935 -2.930 -2.922 -2.913 -2.900 -2.885 -2.868 
-2.848 -2.825 -2.799 -2.770 -2.738 -2.703 -2.665 -2.623 -2.577 -2.528 
-2.473 -2.415 -2.351 -2.281 -2.205 -2.123 -2.033 -1.935 -1.828 -1.713 
-1.593 -1.472 -1.361 -1.265 -1.183 -1.127 -1.111 -1.137 -1.195 -1.267 
-1.341 -1.410 -1.469 -1.519 -1.559 -1.590 -1.612 -1.626 -1.632 -1.632 
-1.625 -1.614 -1.598 -1.580 -1.563 -1.549 -1.542 -1.545 -1.561 -1.591 
-1.634 -1.687 -1.750 -1.819 -1.892 -1.969 -2.045 -2.120 -2.193 -2.262 
-2.327 -2.389 -2.446 -2.500 -2.550 -2.596 -2.639 -2.679 -2.715 -2.748 
-2.773 
-2.775 -2.801 -2.820 -2.838 -2.853 -2.866 -2.876 -2.885 -2.891 -2.895 
-2.896 -2.896 -2.893 -2.888 -2.881 -2.871 -2.859 -2.845 -2.828 -2.809 
-2.787 -2.763 -2.736 -2.706 -2.672 -2.636 -2.597 -2.554 -2.508 -2.458 
-2.403 -2.345 -2.282 -2.214 -2.142 -2.064 -1.982 -1.894 -1.802 -1.708 
-1.612 -1.519 -1.433 -1.363 -1.317 -1.304 -1.323 -1.367 -1.423 -1.483 
-1.541 -1.593 -1.638 -1.676 -1.708 -1.733 -1.752 -1.765 -1.774 -1.778 
-1.778 -1.776 -1.772 -1.768 -1.765 -1.766 -1.771 -1.785 -1.807 -1.839 
-1.879 -1.927 -1.980 -2.037 -2.095 -2.153 -2.211 -2.267 -2.322 -2.374 
-2.423 -2.471 -2.515 -2.557 -2.596 -2.633 -2.667 -2.699 -2.728 -2.755 
-2.767 
-2.705 -2.705 -2.720 -2.733 -2.744 -2.754 -2.761 -2.767 -2.771 -2.773 
-2.773 -2.771 -2.767 -2.761 -2.752 -2.742 -2.729 -2.715 -2.697 -2.678 
-2.656 -2.631 -2.603 -2.573 -2.540 -2.503 -2.463 -2.420 -2.372 -2.321 
-2.265 -2.205 -2.139 -2.067 -1.989 -1.904 -1.812 -1.712 -1.604 -1.489 
-1.369 -1.252 -1.146 -1.068 -1.033 -1.048 -1.107 -1.192 -1.285 -1.376 
-1.461 -1.537 -1.604 -1.663 -1.715 -1.761 -1.801 -1.837 -1.867 -1.895 
-1.919 -1.941 -1.961 -1.980 -1.999 -2.017 -2.037 -2.058 -2.081 -2.106 
-2.132 -2.161 -2.191 -2.222 -2.254 -2.286 -2.318 -2.350 -2.382 -2.413 
-2.444 -2.474 -2.503 -2.531 -2.557 -2.583 -2.607 -2.630 -2.651 -2.671 
-2.698 
-2.816 -2.831 -2.841 -2.850 -2.857 -2.861 -2.864 -2.865 -2.864 -2.860 
-2.855 -2.848 -2.838 -2.826 -2.812 -2.796 -2.778 -2.757 -2.733 -2.707 
-2.678 -2.647 -2.613 -2.575 -2.534 -2.490 -2.443 -2.391 -2.336 -2.276 
-2.211 -2.142 -2.067 -1.986 -1.899 -1.806 -1.706 -1.601 -1.491 -1.382 
-1.278 -1.193 -1.135 -1.113 -1.128 -1.173 -1.240 -1.315 -1.389 -1.458 
-1.520 -1.576 -1.626 -1.670 -1.709 -1.745 -1.778 -1.809 -1.839 -1.868 
-1.897 -1.927 -1.957 -1.989 -2.021 -2.055 -2.089 -2.125 -2.162 -2.200 
-2.238 -2.276 -2.314 -2.352 -2.389 -2.426 -2.462 -2.497 -2.531 -2.564 
-2.595 -2.625 -2.653 -2.680 -2.705 -2.728 -2.750 -2.770 -2.788 -2.804 
-2.811 
-2.872 -2.896 -2.901 -2.905 -2.907 -2.907 -2.905 -2.902 -2.896 -2.889 
-2.880 -2.870 -2.857 -2.842 -2.826 -2.807 -2.786 -2.763 -2.738 -2.711 
-2.681 -2.648 -2.613 -2.575 -2.534 -2.490 -2.443 -2.392 -2.338 -2.280 
-2.219 -2.154 -2.085 -2.013 -1.939 -1.862 -1.784 -1.707 -1.632 -1.563 
-1.502 -1.453 -1.422 -1.411 -1.416 -1.432 -1.452 -1.471 -1.488 -1.503 
-1.522 -1.545 -1.575 -1.608 -1.643 -1.679 -1.716 -1.752 -1.790 -1.829 
-1.870 -1.913 -1.958 -2.004 -2.052 -2.101 -2.150 -2.199 -2.248 -2.296 
-2.342 -2.388 -2.432 -2.474 -2.514 -2.553 -2.589 -2.623 -2.656 -2.686 
-2.714 -2.741 -2.765 -2.787 -2.807 -2.826 -2.842 -2.856 -2.869 -2.880 
-2.870 
-2.750 -2.735 -2.737 -2.738 -2.738 -2.737 -2.735 -2.732 -2.728 -2.723 
-2.717 -2.710 -2.703 -2.694 -2.684 -2.673 -2.660 -2.647 -2.633 -2.617 
-2.599 -2.581 -2.560 -2.538 -2.515 -2.489 -2.461 -2.432 -2.399 -2.365 
-2.327 -2.287 -2.244 -2.197 -2.148 -2.095 -2.040 -1.983 -1.924 -1.864 
-1.805 -1.746 -1.687 -1.628 -1.569 -1.509 -1.449 -1.392 -1.343 -1.309 
-1.296 -1.308 -1.344 -1.399 -1.465 -1.537 -1.610 -1.681 -1.749 -1.815 
-1.878 -1.939 -1.996 -2.052 -2.104 -2.155 -2.203 -2.248 -2.291 -2.331 
-2.370 -2.405 -2.439 -2.470 -2.499 -2.526 -2.551 -2.574 -2.595 -2.615 
-2.632 -2.649 -2.663 -2.676 -2.688 -2.698 -2.707 -2.715 -2.722 -2.727 
-2.749 
-2.892 -2.905 -2.911 -2.916 -2.919 -2.920 -2.919 -2.917 -2.914 -2.908 
-2.901 -2.892 -2.882 -2.870 -2.856 -2.840 -2.823 -2.804 -2.782 -2.759 
-2.734 -2.707 -2.677 -2.645 -2.611 -2.575 -2.536 -2.494 -2.450 -2.403 
-2.353 -2.300 -2.245 -2.186 -2.125 -2.061 -1.995 -1.926 -1.855 -1.783 
-1.710 -1.638 -1.569 -1.504 -1.445 -1.394 -1.354 -1.325 -1.308 -1.302 
-1.310 -1.329 -1.359 -1.397 -1.441 -1.490 -1.541 -1.595 -1.651 -1.709 
-1.768 -1.828 -1.889 -1.949 -2.009 -2.067 -2.125 -2.181 -2.235 -2.287 
-2.337 -2.385 -2.431 -2.475 -2.517 -2.556 -2.593 -2.628 -2.660 -2.691 
-2.719 -2.746 -2.770 -2.792 -2.813 -2.832 -2.848 -2.863 -2.876 -2.888 
-2.889 
-3.013 -3.040 -3.047 -3.052 -3.055 -3.057 -3.056 -3.054 -3.050 -3.043 
-3.035 -3.025 -3.014 -3.000 -2.984 -2.966 -2.946 -2.924 -2.900 -2.874 
-2.845 -2.814 -2.781 -2.746 -2.709 -2.669 -2.627 -2.582 -2.536 -2.487 
-2.435 -2.382 -2.327 -2.270 -2.212 -2.153 -2.094 -2.035 -1.977 -1.921 
-1.866 -1.815 -1.767 -1.724 -1.686 -1.654 -1.629 -1.610 -1.599 -1.594 
-1.594 -1.601 -1.612 -1.629 -1.652 -1.680 -1.715 -1.755 -1.800 -1.851 
-1.905 -1.962 -2.021 -2.080 -2.139 -2.198 -2.255 -2.310 -2.364 -2.415 
-2.465 -2.512 -2.557 -2.600 -2.641 -2.680 -2.717 -2.752 -2.785 -2.816 
-2.845 -2.872 -2.897 -2.920 -2.942 -2.961 -2.979 -2.995 -3.009 -3.021 
-3.010 
-2.860 -2.866 -2.878 -2.890 -2.899 -2.907 -2.914 -2.919 -2.922 -2.924 
-2.924 -2.923 -2.919 -2.914 -2.907 -2.899 -2.888 -2.876 -2.861 -2.845 
-2.827 -2.806 -2.784 -2.759 -2.733 -2.704 -2.672 -2.639 -2.603 -2.564 
-2.523 -2.480 -2.434 -2.385 -2.334 -2.281 -2.226 -2.168 -2.110 -2.051 
-1.993 -1.939 -1.892 -1.857 -1.833 -1.819 -1.813 -1.812 -1.817 -1.826 
-1.839 -1.856 -1.875 -1.898 -1.923 -1.951 -1.980 -2.011 -2.043 -2.076 
-2.108 -2.141 -2.174 -2.205 -2.236 -2.266 -2.295 -2.324 -2.352 -2.379 
-2.406 -2.433 -2.459 -2.485 -2.510 -2.535 -2.560 -2.585 -2.609 -2.633 
-2.656 -2.679 -2.702 -2.724 -2.745 -2.765 -2.785 -2.803 -2.821 -2.837 
-2.855 
-2.817 -2.817 -2.833 -2.848 -2.861 -2.873 -2.884 -2.892 -2.899 -2.904 
-2.908 -2.909 -2.908 -2.906 -2.901 -2.894 -2.885 -2.874 -2.860 -2.844 
-2.826 -2.805 -2.781 -2.755 -2.726 -2.694 -2.659 -2.620 -2.579 -2.534 
-2.485 -2.432 -2.376 -2.315 -2.249 -2.180 -2.105 -2.027 -1.945 -1.863 
-1.785 -1.717 -1.668 -1.645 -1.651 -1.681 -1.728 -1.784 -1.841 -1.898 
-1.951 -2.000 -2.046 -2.088 -2.127 -2.164 -2.198 -2.230 -2.260 -2.288 
-2.315 -2.340 -2.363 -2.384 -2.404 -2.422 -2.438 -2.453 -2.467 -2.479 
-2.491 -2.502 -2.512 -2.523 -2.533 -2.545 -2.556 -2.569 -2.583 -2.597 
-2.613 -2.630 -2.648 -2.667 -2.686 -2.705 -2.725 -2.744 -2.764 -2.782 
-2.810 
-2.980 -3.005 -3.010 -3.014 -3.017 -3.017 -3.016 -3.012 -3.007 -3.000 
-2.992 -2.981 -2.968 -2.953 -2.937 -2.918 -2.897 -2.874 -2.849 -2.822 
-2.793 -2.762 -2.728 -2.693 -2.655 -2.614 -2.572 -2.527 -2.480 -2.431 
-2.380 -2.327 -2.272 -2.216 -2.159 -2.102 -2.044 -1.987 -1.931 -1.876 
-1.824 -1.776 -1.735 -1.703 -1.683 -1.676 -1.684 -1.705 -1.735 -1.771 
-1.808 -1.845 -1.881 -1.916 -1.950 -1.985 -2.019 -2.055 -2.092 -2.130 
-2.169 -2.209 -2.250 -2.291 -2.333 -2.374 -2.415 -2.454 -2.493 -2.531 
-2.566 -2.601 -2.634 -2.665 -2.694 -2.723 -2.749 -2.775 -2.799 -2.822 
-2.844 -2.865 -2.884 -2.903 -2.921 -2.937 -2.952 -2.965 -2.977 -2.988 
-2.978 
-3.000 -2.992 -2.991 -2.989 -2.985 -2.979 -2.972 -2.963 -2.953 -2.941 
-2.928 -2.913 -2.896 -2.878 -2.859 -2.837 -2.814 -2.790 -2.764 -2.736 
-2.706 -2.674 -2.641 -2.605 -2.568 -2.529 -2.487 -2.444 -2.398 -2.350 
-2.299 -2.245 -2.189 -2.130 -2.069 -2.004 -1.935 -1.864 -1.790 -1.714 
-1.637 -1.560 -1.488 -1.424 -1.375 -1.348 -1.348 -1.376 -1.428 -1.495 
-1.572 -1.652 -1.732 -1.809 -1.882 -1.951 -2.016 -2.078 -2.136 -2.192 
-2.244 -2.295 -2.343 -2.389 -2.434 -2.476 -2.516 -2.555 -2.592 -2.627 
-2.661 -2.692 -2.722 -2.751 -2.778 -2.803 -2.826 -2.848 -2.869 -2.887 
-2.905 -2.920 -2.934 -2.947 -2.958 -2.967 -2.975 -2.982 -2.987 -2.990 
-3.000 
-3.038 -3.053 -3.057 -3.059 -3.060 -3.059 -3.056 -3.052 -3.047 -3.039 
-3.030 -3.020 -3.007 -2.993 -2.977 -2.960 -2.940 -2.919 -2.895 -2.870 
-2.843 -2.813 -2.781 -2.747 -2.711 -2.673 -2.631 -2.588 -2.541 -2.492 
-2.440 -2.385 -2.326 -2.264 -2.199 -2.131 -2.061 -1.988 -1.915 -1.844 
-1.780 -1.726 -1.686 -1.662 -1.657 -1.669 -1.697 -1.741 -1.796 -1.858 
-1.922 -1.986 -2.047 -2.104 -2.157 -2.207 -2.254 -2.297 -2.337 -2.376 
-2.411 -2.446 -2.478 -2.509 -2.539 -2.568 -2.596 -2.624 -2.650 -2.677 
-2.702 -2.727 -2.752 -2.776 -2.800 -2.822 -2.845 -2.866 -2.886 -2.906 
-2.925 -2.943 -2.959 -2.975 -2.989 -3.002 -3.014 -3.025 -3.034 -3.042 
-3.035 
-2.956 -2.951 -2.950 -2.947 -2.944 -2.939 -2.933 -2.925 -2.917 -2.906 
-2.895 -2.882 -2.867 -2.851 -2.834 -2.815 -2.794 -2.772 -2.748 -2.722 
-2.695 -2.667 -2.636 -2.604 -2.570 -2.535 -2.498 -2.460 -2.421 -2.380 
-2.339 -2.296 -2.254 -2.211 -2.169 -2.127 -2.086 -2.046 -2.008 -1.973 
-1.942 -1.919 -1.909 -1.914 -1.933 -1.965 -2.003 -2.045 -2.087 -2.130 
-2.171 -2.211 -2.250 -2.287 -2.323 -2.358 -2.391 -2.423 -2.453 -2.483 
-2.512 -2.539 -2.566 -2.591 -2.616 -2.639 -2.662 -2.684 -2.705 -2.725 
-2.745 -2.764 -2.781 -2.798 -2.814 -2.830 -2.844 -2.858 -2.870 -2.882 
-2.893 -2.903 -2.912 -2.920 -2.928 -2.934 -2.939 -2.944 -2.947 -2.949 
-2.956 
-2.985 -2.974 -2.978 -2.981 -2.984 -2.985 -2.985 -2.984 -2.982 -2.978 
-2.973 -2.966 -2.958 -2.947 -2.935 -2.920 -2.904 -2.885 -2.864 -2.841 
-2.815 -2.787 -2.757 -2.724 -2.690 -2.654 -2.617 -2.578 -2.538 -2.496 
-2.452 -2.406 -2.356 -2.303 -2.246 -2.183 -2.115 -2.043 -1.968 -1.893 
-1.825 -1.772 -1.743 -1.743 -1.769 -1.815 -1.870 -1.925 -1.979 -2.033 
-2.090 -2.153 -2.219 -2.285 -2.348 -2.406 -2.459 -2.507 -2.549 -2.588 
-2.623 -2.654 -2.683 -2.708 -2.731 -2.752 -2.771 -2.788 -2.803 -2.817 
-2.829 -2.840 -2.850 -2.860 -2.868 -2.876 -2.884 -2.891 -2.897 -2.904 
-2.910 -2.917 -2.923 -2.929 -2.935 -2.942 -2.948 -2.954 -2.960 -2.965 
-2.983 
-3.278 -3.309 -3.302 -3.293 -3.282 -3.269 -3.254 -3.237 -3.217 -3.195 
-3.170 -3.143 -3.113 -3.080 -3.044 -3.006 -2.965 -2.922 -2.877 -2.829 
-2.780 -2.730 -2.679 -2.629 -2.580 -2.534 -2.490 -2.451 -2.415 -2.384 
-2.357 -2.332 -2.309 -2.287 -2.263 -2.236 -2.205 -2.168 -2.125 -2.075 
-2.021 -1.964 -1.908 -1.856 -1.811 -1.777 -1.756 -1.745 -1.744 -1.759 
-1.796 -1.860 -1.944 -2.040 -2.141 -2.241 -2.336 -2.425 -2.508 -2.584 
-2.654 -2.718 -2.777 -2.831 -2.881 -2.926 -2.968 -3.007 -3.042 -3.074 
-3.104 -3.131 -3.155 -3.178 -3.198 -3.216 -3.233 -3.248 -3.261 -3.273 
-3.283 -3.293 -3.300 -3.307 -3.312 -3.316 -3.318 -3.320 -3.319 -3.317 
-3.281 
-3.310 -3.304 -3.304 -3.302 -3.298 -3.293 -3.286 -3.277 -3.267 -3.255 
-3.241 -3.225 -3.207 -3.188 -3.166 -3.143 -3.117 -3.089 -3.059 -3.028 
-2.994 -2.958 -2.921 -2.883 -2.843 -2.803 -2.762 -2.721 -2.679 -2.637 
-2.593 -2.548 -2.501 -2.449 -2.393 -2.332 -2.264 -2.190 -2.107 -2.016 
-1.917 -1.813 -1.708 -1.613 -1.542 -1.510 -1.521 -1.569 -1.639 -1.717 
-1.799 -1.881 -1.963 -2.045 -2.125 -2.201 -2.275 -2.344 -2.409 -2.471 
-2.529 -2.584 -2.635 -2.684 -2.730 -2.773 -2.814 -2.853 -2.891 -2.926 
-2.959 -2.991 -3.021 -3.049 -3.076 -3.101 -3.125 -3.148 -3.168 -3.188 
-3.206 -3.222 -3.237 -3.250 -3.262 -3.273 -3.282 -3.289 -3.295 -3.300 
-3.309 
-3.339 -3.329 -3.324 -3.318 -3.310 -3.300 -3.288 -3.275 -3.260 -3.244 
-3.226 -3.206 -3.185 -3.163 -3.138 -3.113 -3.086 -3.058 -3.028 -2.997 
-2.965 -2.932 -2.898 -2.863 -2.827 -2.791 -2.753 -2.714 -2.674 -2.634 
-2.592 -2.549 -2.506 -2.463 -2.421 -2.380 -2.341 -2.302 -2.263 -2.221 
-2.174 -2.122 -2.064 -2.005 -1.952 -1.915 -1.898 -1.895 -1.898 -1.903 
-1.913 -1.932 -1.964 -2.008 -2.063 -2.127 -2.196 -2.267 -2.338 -2.408 
-2.476 -2.542 -2.604 -2.664 -2.721 -2.775 -2.825 -2.873 -2.918 -2.960 
-2.999 -3.036 -3.071 -3.103 -3.132 -3.160 -3.185 -3.208 -3.229 -3.248 
-3.265 -3.280 -3.293 -3.304 -3.314 -3.321 -3.327 -3.331 -3.333 -3.333 
-3.340 
-3.500 -3.516 -3.514 -3.509 -3.502 -3.493 -3.483 -3.470 -3.454 -3.437 
-3.418 -3.396 -3.372 -3.346 -3.317 -3.286 -3.253 -3.216 -3.178 -3.136 
-3.092 -3.044 -2.994 -2.940 -2.883 -2.822 -2.758 -2.690 -2.619 -2.546 
-2.471 -2.395 -2.322 -2.254 -2.195 -2.148 -2.116 -2.100 -2.098 -2.107 
-2.124 -2.143 -2.162 -2.180 -2.194 -2.204 -2.211 -2.215 -2.216 -2.218 
-2.223 -2.232 -2.247 -2.268 -2.295 -2.328 -2.365 -2.406 -2.451 -2.499 
-2.550 -2.603 -2.658 -2.713 -2.768 -2.823 -2.877 -2.929 -2.979 -3.028 
-3.074 -3.118 -3.160 -3.199 -3.236 -3.271 -3.303 -3.332 -3.360 -3.385 
-3.408 -3.428 -3.447 -3.463 -3.477 -3.489 -3.499 -3.506 -3.512 -3.515 
-3.500 
-3.452 -3.463 -3.467 -3.468 -3.468 -3.465 -3.460 -3.452 -3.442 -3.430 
-3.415 -3.398 -3.378 -3.355 -3.330 -3.302 -3.271 -3.237 -3.200 -3.160 
-3.116 -3.069 -3.018 -2.963 -2.903 -2.840 -2.772 -2.700 -2.623 -2.541 
-2.457 -2.370 -2.284 -2.201 -2.126 -2.064 -2.019 -1.991 -1.978 -1.973 
-1.975 -1.994 -2.034 -2.089 -2.145 -2.197 -2.242 -2.279 -2.310 -2.335 
-2.357 -2.375 -2.390 -2.405 -2.419 -2.433 -2.450 -2.468 -2.490 -2.514 
-2.542 -2.573 -2.606 -2.642 -2.679 -2.717 -2.756 -2.795 -2.833 -2.872 
-2.910 -2.948 -2.986 -3.023 -3.061 -3.098 -3.135 -3.170 -3.204 -3.237 
-3.268 -3.297 -3.323 -3.348 -3.370 -3.390 -3.408 -3.424 -3.437 -3.448 
-3.450 
-3.327 -3.333 -3.350 -3.365 -3.377 -3.386 -3.394 -3.398 -3.401 -3.401 
-3.398 -3.393 -3.386 -3.376 -3.363 -3.347 -3.329 -3.308 -3.284 -3.256 
-3.226 -3.192 -3.154 -3.113 -3.067 -3.017 -2.962 -2.903 -2.838 -2.767 
-2.690 -2.606 -2.516 -2.419 -2.316 -2.206 -2.089 -1.968 -1.852 -1.756 
-1.695 -1.682 -1.723 -1.807 -1.909 -2.013 -2.109 -2.193 -2.266 -2.329 
-2.382 -2.426 -2.464 -2.495 -2.521 -2.542 -2.559 -2.573 -2.584 -2.592 
-2.598 -2.603 -2.606 -2.608 -2.610 -2.612 -2.615 -2.620 -2.627 -2.639 
-2.654 -2.674 -2.699 -2.728 -2.761 -2.797 -2.836 -2.876 -2.918 -2.959 
-3.000 -3.040 -3.078 -3.115 -3.150 -3.183 -3.214 -3.243 -3.269 -3.293 
-3.318 
-3.296 -3.311 -3.319 -3.324 -3.327 -3.328 -3.327 -3.323 -3.318 -3.310 
-3.301 -3.290 -3.278 -3.264 -3.248 -3.231 -3.212 -3.191 -3.168 -3.142 
-3.115 -3.084 -3.050 -3.013 -2.971 -2.925 -2.874 -2.817 -2.754 -2.683 
-2.604 -2.515 -2.416 -2.305 -2.181 -2.046 -1.904 -1.772 -1.674 -1.635 
-1.658 -1.726 -1.818 -1.915 -2.007 -2.091 -2.167 -2.237 -2.301 -2.360 
-2.412 -2.457 -2.496 -2.529 -2.556 -2.577 -2.594 -2.606 -2.615 -2.620 
-2.623 -2.625 -2.625 -2.626 -2.628 -2.632 -2.638 -2.648 -2.662 -2.680 
-2.703 -2.730 -2.761 -2.795 -2.831 -2.869 -2.908 -2.947 -2.986 -3.023 
-3.059 -3.094 -3.126 -3.157 -3.185 -3.211 -3.234 -3.254 -3.272 -3.288 
-3.291 
-3.224 -3.204 -3.189 -3.172 -3.155 -3.136 -3.118 -3.098 -3.079 -3.060 
-3.041 -3.022 -3.004 -2.986 -2.970 -2.954 -2.938 -2.924 -2.910 -2.896 
-2.882 -2.868 -2.853 -2.838 -2.820 -2.801 -2.780 -2.756 -2.729 -2.698 
-2.662 -2.621 -2.573 -2.518 -2.454 -2.379 -2.293 -2.203 -2.121 -2.066 
-2.036 -2.008 -1.967 -1.922 -1.902 -1.930 -1.990 -2.065 -2.146 -2.230 
-2.314 -2.396 -2.473 -2.544 -2.610 -2.670 -2.725 -2.774 -2.818 -2.857 
-2.892 -2.923 -2.950 -2.975 -2.997 -3.018 -3.038 -3.057 -3.077 -3.096 
-3.116 -3.136 -3.155 -3.174 -3.192 -3.208 -3.223 -3.236 -3.247 -3.256 
-3.263 -3.267 -3.270 -3.270 -3.268 -3.264 -3.258 -3.251 -3.241 -3.230 
-3.232 
-3.278 -3.287 -3.288 -3.287 -3.286 -3.285 -3.282 -3.279 -3.274 -3.269 
-3.263 -3.256 -3.248 -3.239 -3.229 -3.219 -3.207 -3.195 -3.182 -3.167 
-3.151 -3.133 -3.113 -3.091 -3.068 -3.041 -3.012 -2.979 -2.943 -2.903 
-2.859 -2.811 -2.756 -2.696 -2.629 -2.554 -2.471 -2.376 -2.269 -2.148 
-2.012 -1.862 -1.712 -1.593 -1.548 -1.596 -1.713 -1.857 -1.999 -2.129 
-2.245 -2.348 -2.440 -2.523 -2.597 -2.663 -2.723 -2.777 -2.826 -2.871 
-2.911 -2.948 -2.981 -3.011 -3.039 -3.063 -3.086 -3.106 -3.125 -3.141 
-3.156 -3.170 -3.182 -3.193 -3.203 -3.212 -3.220 -3.228 -3.235 -3.241 
-3.247 -3.253 -3.258 -3.263 -3.267 -3.271 -3.275 -3.278 -3.281 -3.284 
-3.276 
-3.242 -3.243 -3.245 -3.246 -3.247 -3.246 -3.245 -3.243 -3.239 -3.235 
-3.229 -3.222 -3.214 -3.205 -3.194 -3.181 -3.167 -3.152 -3.134 -3.115 
-3.094 -3.071 -3.045 -3.017 -2.987 -2.954 -2.918 -2.879 -2.837 -2.791 
-2.741 -2.686 -2.627 -2.563 -2.493 -2.417 -2.334 -2.244 -2.145 -2.037 
-1.919 -1.794 -1.669 -1.567 -1.521 -1.549 -1.638 -1.758 -1.885 -2.007 
-2.119 -2.219 -2.309 -2.390 -2.463 -2.529 -2.588 -2.642 -2.692 -2.737 
-2.778 -2.816 -2.850 -2.882 -2.912 -2.939 -2.964 -2.988 -3.009 -3.029 
-3.048 -3.065 -3.081 -3.096 -3.110 -3.123 -3.136 -3.147 -3.158 -3.168 
-3.178 -3.186 -3.195 -3.202 -3.210 -3.216 -3.222 -3.228 -3.233 -3.237 
-3.241 
-3.205 -3.198 -3.193 -3.187 -3.180 -3.172 -3.164 -3.155 -3.146 -3.135 
-3.124 -3.112 -3.099 -3.084 -3.069 -3.052 -3.034 -3.015 -2.994 -2.972 
-2.948 -2.922 -2.894 -2.863 -2.831 -2.796 -2.758 -2.717 -2.674 -2.627 
-2.577 -2.523 -2.466 -2.405 -2.342 -2.277 -2.211 -2.147 -2.088 -2.036 
-1.994 -1.960 -1.932 -1.913 -1.916 -1.959 -2.038 -2.132 -2.226 -2.315 
-2.397 -2.471 -2.539 -2.601 -2.657 -2.709 -2.757 -2.801 -2.842 -2.879 
-2.914 -2.946 -2.975 -3.002 -3.027 -3.049 -3.070 -3.089 -3.107 -3.122 
-3.137 -3.150 -3.161 -3.172 -3.181 -3.189 -3.196 -3.201 -3.206 -3.210 
-3.213 -3.216 -3.217 -3.218 -3.218 -3.217 -3.215 -3.213 -3.210 -3.207 
-3.208 
