IRGRID 64 91
1e+308

0.025 0.03 0.035 0.04 0.045 0.05 0.055 0.06 0.065 0.07
0.075 0.08 0.085 0.09 0.095 0.1 0.11 0.12 0.13 0.14
0.15 0.16 0.17 0.18 0.19 0.2 0.21 0.22 0.23 0.24
0.25 0.26 0.27 0.28 0.29 0.3 0.31 0.32 0.33 0.34
0.35 0.36 0.37 0.38 0.39 0.4 0.41 0.42 0.43 0.44
0.45 0.46 0.47 0.48 0.49 0.5 0.51 0.52 0.53 0.54
0.55 0.56 0.57 0.58
0 4 8 12 16 20 24 28 32 36
40 44 48 52 56 60 64 68 72 76
80 84 88 92 96 100 104 108 112 116
120 124 128 132 136 140 144 148 152 156
160 164 168 172 176 180 184 188 192 196
200 204 208 212 216 220 224 228 232 236
240 244 248 252 256 260 264 268 272 276
280 284 288 292 296 300 304 308 312 316
320 324 328 332 336 340 344 348 352 356
360
-4.000 -4.000 -4.000 -4.000 -4.000 -4.000 -4.000 -4.000 -4.000 -4.000 
-4.000 -4.000 -4.000 -4.000 -4.000 -4.000 -4.000 -4.000 -4.000 -4.000 
-4.000 -4.000 -4.000 -4.000 -4.000 -4.000 -4.000 -4.000 -4.000 -4.000 
-4.000 -4.000 -4.000 -4.000 -4.000 -4.000 -4.000 -4.000 -4.000 -4.000 
-4.000 -4.000 -4.000 -4.000 -4.000 -4.000 -4.000 -4.000 -4.000 -4.000 
-4.000 -4.000 -4.000 -4.000 -4.000 -4.000 -4.000 -4.000 -3.900 -3.815 
-3.707 -3.514 -3.371 -3.469 -3.750 -4.000 -4.000 -4.000 -4.000 -4.000 
-4.000 -4.000 -4.000 -4.000 -4.000 -4.000 -4.000 -4.000 -4.000 -4.000 
-4.000 -4.000 -4.000 -4.000 -4.000 -4.000 -4.000 -4.000 -4.000 -4.000 
-4.000 
-4.000 -4.000 -4.000 -4.000 -4.000 -4.000 -4.000 -4.000 -4.000 -4.000 
-4.000 -4.000 -4.000 -4.000 -4.000 -4.000 -4.000 -4.000 -4.000 -4.000 
-4.000 -4.000 -4.000 -3.970 -3.892 -3.809 -3.728 -3.662 -3.623 -3.618 
-3.644 -3.691 -3.748 -3.803 -3.851 -3.890 -3.919 -3.937 -3.947 -3.949 
-3.943 -3.931 -3.912 -3.888 -3.859 -3.825 -3.788 -3.747 -3.704 -3.660 
-3.615 -3.571 -3.528 -3.485 -3.441 -3.392 -3.338 -3.282 -3.243 -3.246 
-3.296 -3.366 -3.417 -3.521 -3.638 -3.724 -3.790 -3.844 -3.890 -3.928 
-3.961 -3.989 -4.000 -4.000 -4.000 -4.000 -4.000 -4.000 -4.000 -4.000 
-4.000 -4.000 -4.000 -4.000 -4.000 -4.000 -4.000 -4.000 -4.000 -4.000 
-4.000 
-3.319 -3.318 -3.333 -3.350 -3.368 -3.387 -3.407 -3.427 -3.448 -3.468 
-3.488 -3.508 -3.526 -3.544 -3.561 -3.577 -3.591 -3.604 -3.615 -3.624 
-3.631 -3.635 -3.637 -3.636 -3.632 -3.624 -3.612 -3.600 -3.589 -3.582 
-3.578 -3.574 -3.567 -3.557 -3.543 -3.525 -3.504 -3.480 -3.453 -3.422 
-3.388 -3.352 -3.313 -3.270 -3.226 -3.179 -3.131 -3.081 -3.030 -2.980 
-2.930 -2.882 -2.835 -2.786 -2.733 -2.677 -2.639 -2.651 -2.706 -2.775 
-2.842 -2.903 -2.957 -3.006 -3.049 -3.088 -3.122 -3.153 -3.180 -3.204 
-3.225 -3.243 -3.258 -3.271 -3.281 -3.289 -3.294 -3.297 -3.299 -3.299 
-3.298 -3.295 -3.292 -3.289 -3.286 -3.284 -3.283 -3.284 -3.288 -3.295 
-3.317 
-3.218 -3.227 -3.265 -3.307 -3.353 -3.399 -3.446 -3.492 -3.536 -3.579 
-3.619 -3.657 -3.693 -3.726 -3.756 -3.784 -3.809 -3.832 -3.852 -3.870 
-3.886 -3.899 -3.909 -3.917 -3.923 -3.926 -3.926 -3.925 -3.920 -3.913 
-3.904 -3.892 -3.877 -3.859 -3.839 -3.815 -3.789 -3.759 -3.726 -3.689 
-3.648 -3.603 -3.553 -3.499 -3.439 -3.373 -3.300 -3.219 -3.129 -3.028 
-2.916 -2.794 -2.667 -2.540 -2.410 -2.288 -2.214 -2.226 -2.318 -2.449 
-2.584 -2.705 -2.810 -2.899 -2.974 -3.038 -3.091 -3.136 -3.174 -3.204 
-3.228 -3.247 -3.260 -3.268 -3.272 -3.271 -3.267 -3.259 -3.248 -3.234 
-3.219 -3.203 -3.187 -3.171 -3.158 -3.148 -3.143 -3.144 -3.153 -3.170 
-3.207 
-3.350 -3.420 -3.448 -3.474 -3.498 -3.519 -3.538 -3.555 -3.571 -3.587 
-3.603 -3.621 -3.641 -3.662 -3.685 -3.710 -3.735 -3.760 -3.785 -3.809 
-3.832 -3.853 -3.872 -3.888 -3.903 -3.914 -3.922 -3.928 -3.931 -3.930 
-3.926 -3.919 -3.909 -3.894 -3.876 -3.855 -3.829 -3.798 -3.763 -3.723 
-3.677 -3.626 -3.567 -3.501 -3.427 -3.343 -3.248 -3.141 -3.021 -2.888 
-2.748 -2.616 -2.516 -2.472 -2.482 -2.516 -2.556 -2.620 -2.712 -2.807 
-2.887 -2.950 -2.999 -3.040 -3.076 -3.108 -3.138 -3.166 -3.192 -3.213 
-3.231 -3.245 -3.254 -3.258 -3.259 -3.255 -3.248 -3.239 -3.229 -3.220 
-3.213 -3.210 -3.211 -3.219 -3.232 -3.251 -3.275 -3.301 -3.330 -3.360 
-3.339 
-3.110 -3.083 -3.072 -3.060 -3.048 -3.036 -3.025 -3.017 -3.011 -3.009 
-3.011 -3.018 -3.029 -3.045 -3.064 -3.086 -3.111 -3.137 -3.163 -3.190 
-3.216 -3.241 -3.264 -3.286 -3.305 -3.323 -3.338 -3.351 -3.361 -3.369 
-3.375 -3.378 -3.379 -3.378 -3.374 -3.368 -3.360 -3.350 -3.338 -3.323 
-3.305 -3.286 -3.263 -3.238 -3.210 -3.178 -3.142 -3.101 -3.054 -3.000 
-2.939 -2.873 -2.811 -2.769 -2.747 -2.732 -2.711 -2.683 -2.651 -2.619 
-2.592 -2.572 -2.562 -2.563 -2.575 -2.597 -2.627 -2.664 -2.704 -2.746 
-2.788 -2.829 -2.868 -2.904 -2.937 -2.967 -2.994 -3.017 -3.037 -3.054 
-3.068 -3.080 -3.090 -3.097 -3.103 -3.107 -3.109 -3.108 -3.105 -3.100 
-3.116 
-3.001 -3.032 -3.028 -3.021 -3.012 -3.001 -2.989 -2.976 -2.963 -2.950 
-2.939 -2.930 -2.923 -2.920 -2.920 -2.924 -2.930 -2.940 -2.950 -2.961 
-2.973 -2.983 -2.992 -2.999 -3.005 -3.008 -3.009 -3.008 -3.005 -3.001 
-2.994 -2.986 -2.976 -2.964 -2.951 -2.936 -2.920 -2.902 -2.883 -2.862 
-2.839 -2.815 -2.789 -2.761 -2.732 -2.700 -2.665 -2.628 -2.589 -2.546 
-2.501 -2.452 -2.400 -2.346 -2.291 -2.237 -2.187 -2.148 -2.121 -2.109 
-2.109 -2.119 -2.137 -2.164 -2.199 -2.241 -2.288 -2.340 -2.394 -2.448 
-2.502 -2.554 -2.604 -2.652 -2.697 -2.740 -2.779 -2.816 -2.849 -2.880 
-2.908 -2.933 -2.955 -2.975 -2.992 -3.005 -3.017 -3.025 -3.031 -3.034 
-2.997 
-2.531 -2.550 -2.542 -2.532 -2.519 -2.503 -2.485 -2.466 -2.446 -2.426 
-2.408 -2.394 -2.383 -2.378 -2.378 -2.384 -2.396 -2.412 -2.433 -2.455 
-2.480 -2.505 -2.530 -2.553 -2.575 -2.594 -2.611 -2.625 -2.637 -2.644 
-2.649 -2.650 -2.647 -2.640 -2.629 -2.614 -2.594 -2.569 -2.539 -2.503 
-2.461 -2.411 -2.354 -2.289 -2.216 -2.139 -2.062 -1.995 -1.950 -1.931 
-1.932 -1.937 -1.931 -1.910 -1.876 -1.834 -1.795 -1.772 -1.771 -1.797 
-1.844 -1.905 -1.974 -2.044 -2.112 -2.176 -2.236 -2.290 -2.340 -2.384 
-2.424 -2.458 -2.487 -2.512 -2.532 -2.548 -2.560 -2.569 -2.574 -2.577 
-2.578 -2.577 -2.575 -2.572 -2.570 -2.567 -2.565 -2.564 -2.562 -2.560 
-2.537 
-2.233 -2.224 -2.250 -2.276 -2.301 -2.326 -2.349 -2.370 -2.388 -2.404 
-2.418 -2.430 -2.441 -2.449 -2.457 -2.463 -2.468 -2.472 -2.474 -2.475 
-2.473 -2.468 -2.462 -2.453 -2.443 -2.430 -2.416 -2.401 -2.384 -2.367 
-2.348 -2.327 -2.304 -2.279 -2.250 -2.217 -2.180 -2.137 -2.088 -2.032 
-1.968 -1.897 -1.816 -1.728 -1.634 -1.538 -1.449 -1.379 -1.340 -1.342 
-1.379 -1.439 -1.508 -1.572 -1.623 -1.657 -1.669 -1.657 -1.617 -1.541 
-1.429 -1.311 -1.282 -1.390 -1.557 -1.711 -1.835 -1.931 -2.004 -2.059 
-2.100 -2.130 -2.151 -2.164 -2.172 -2.174 -2.173 -2.168 -2.160 -2.152 
-2.143 -2.134 -2.127 -2.123 -2.121 -2.124 -2.131 -2.142 -2.158 -2.177 
-2.222 
-2.351 -2.390 -2.398 -2.404 -2.408 -2.409 -2.408 -2.404 -2.397 -2.388 
-2.376 -2.361 -2.343 -2.323 -2.300 -2.275 -2.247 -2.217 -2.184 -2.150 
-2.113 -2.075 -2.036 -1.995 -1.954 -1.913 -1.873 -1.837 -1.807 -1.784 
-1.770 -1.766 -1.771 -1.781 -1.795 -1.810 -1.824 -1.835 -1.844 -1.849 
-1.849 -1.844 -1.833 -1.815 -1.790 -1.757 -1.720 -1.683 -1.652 -1.633 
-1.620 -1.605 -1.580 -1.540 -1.485 -1.412 -1.321 -1.208 -1.072 -0.911 
-0.739 -0.602 -0.562 -0.639 -0.776 -0.921 -1.069 -1.218 -1.360 -1.489 
-1.602 -1.702 -1.791 -1.868 -1.937 -1.997 -2.050 -2.097 -2.137 -2.173 
-2.204 -2.231 -2.254 -2.275 -2.294 -2.311 -2.327 -2.342 -2.355 -2.368 
-2.350 
-2.021 -2.087 -2.111 -2.132 -2.149 -2.162 -2.171 -2.175 -2.174 -2.169 
-2.160 -2.146 -2.128 -2.106 -2.080 -2.049 -2.014 -1.975 -1.932 -1.884 
-1.833 -1.777 -1.718 -1.656 -1.592 -1.529 -1.468 -1.413 -1.369 -1.338 
-1.323 -1.325 -1.342 -1.371 -1.407 -1.447 -1.488 -1.528 -1.565 -1.599 
-1.628 -1.652 -1.672 -1.686 -1.695 -1.699 -1.697 -1.690 -1.676 -1.657 
-1.631 -1.597 -1.555 -1.503 -1.440 -1.362 -1.264 -1.138 -0.962 -0.687 
-0.204 -0.130 -0.473 -0.565 -0.578 -0.605 -0.685 -0.809 -0.950 -1.088 
-1.213 -1.323 -1.420 -1.504 -1.576 -1.638 -1.691 -1.736 -1.774 -1.806 
-1.832 -1.854 -1.874 -1.892 -1.911 -1.931 -1.953 -1.978 -2.005 -2.033 
-2.019 
-1.571 -1.598 -1.642 -1.686 -1.729 -1.770 -1.809 -1.845 -1.880 -1.912 
-1.942 -1.971 -1.997 -2.021 -2.042 -2.061 -2.077 -2.090 -2.099 -2.104 
-2.104 -2.099 -2.088 -2.072 -2.051 -2.025 -1.996 -1.967 -1.942 -1.922 
-1.913 -1.913 -1.923 -1.938 -1.957 -1.974 -1.990 -2.001 -2.007 -2.007 
-2.002 -1.992 -1.976 -1.954 -1.926 -1.892 -1.853 -1.807 -1.754 -1.693 
-1.624 -1.546 -1.456 -1.353 -1.233 -1.091 -0.918 -0.698 -0.396 0.064 
0.468 0.523 0.306 0.403 -0.064 -0.407 -0.621 -0.781 -0.908 -1.010 
-1.093 -1.160 -1.214 -1.257 -1.291 -1.317 -1.336 -1.348 -1.356 -1.361 
-1.362 -1.363 -1.365 -1.370 -1.378 -1.392 -1.413 -1.440 -1.473 -1.512 
-1.552 
-1.466 -1.453 -1.461 -1.469 -1.477 -1.486 -1.495 -1.506 -1.518 -1.531 
-1.545 -1.560 -1.576 -1.591 -1.607 -1.622 -1.635 -1.648 -1.658 -1.667 
-1.673 -1.678 -1.682 -1.685 -1.689 -1.694 -1.700 -1.708 -1.718 -1.729 
-1.740 -1.750 -1.759 -1.767 -1.772 -1.775 -1.775 -1.772 -1.766 -1.756 
-1.744 -1.728 -1.709 -1.686 -1.659 -1.628 -1.592 -1.552 -1.507 -1.457 
-1.400 -1.336 -1.265 -1.184 -1.092 -0.986 -0.862 -0.714 -0.530 -0.282 
0.099 0.387 0.794 1.037 0.685 0.203 -0.145 -0.383 -0.561 -0.702 
-0.817 -0.913 -0.994 -1.063 -1.121 -1.172 -1.215 -1.252 -1.283 -1.309 
-1.331 -1.349 -1.364 -1.378 -1.389 -1.399 -1.409 -1.419 -1.428 -1.437 
-1.465 
-1.489 -1.574 -1.593 -1.614 -1.635 -1.654 -1.670 -1.682 -1.690 -1.692 
-1.690 -1.683 -1.672 -1.656 -1.636 -1.612 -1.585 -1.555 -1.522 -1.488 
-1.454 -1.422 -1.393 -1.368 -1.350 -1.338 -1.334 -1.338 -1.348 -1.364 
-1.384 -1.406 -1.430 -1.453 -1.475 -1.496 -1.514 -1.529 -1.541 -1.550 
-1.555 -1.556 -1.553 -1.546 -1.535 -1.519 -1.498 -1.472 -1.440 -1.403 
-1.358 -1.306 -1.246 -1.176 -1.093 -0.997 -0.883 -0.744 -0.571 -0.343 
-0.009 0.654 0.935 0.977 0.509 -0.040 -0.360 -0.586 -0.760 -0.901 
-1.017 -1.116 -1.199 -1.272 -1.333 -1.387 -1.432 -1.470 -1.501 -1.527 
-1.546 -1.560 -1.569 -1.573 -1.572 -1.569 -1.563 -1.557 -1.554 -1.554 
-1.489 
-1.135 -1.115 -1.154 -1.204 -1.260 -1.320 -1.381 -1.438 -1.491 -1.539 
-1.580 -1.615 -1.644 -1.668 -1.688 -1.705 -1.720 -1.734 -1.747 -1.757 
-1.766 -1.774 -1.779 -1.784 -1.789 -1.796 -1.804 -1.814 -1.827 -1.840 
-1.855 -1.868 -1.881 -1.891 -1.899 -1.904 -1.906 -1.904 -1.899 -1.889 
-1.876 -1.859 -1.837 -1.812 -1.781 -1.745 -1.704 -1.658 -1.605 -1.545 
-1.477 -1.400 -1.313 -1.212 -1.095 -0.956 -0.785 -0.563 -0.239 0.226 
0.577 1.047 1.030 0.644 -0.003 -0.332 -0.551 -0.712 -0.837 -0.937 
-1.018 -1.084 -1.137 -1.179 -1.213 -1.237 -1.254 -1.264 -1.267 -1.263 
-1.254 -1.239 -1.220 -1.196 -1.170 -1.142 -1.116 -1.095 -1.081 -1.078 
-1.126 
-1.507 -1.563 -1.569 -1.575 -1.579 -1.578 -1.571 -1.558 -1.541 -1.520 
-1.496 -1.472 -1.450 -1.432 -1.419 -1.413 -1.415 -1.424 -1.439 -1.460 
-1.485 -1.512 -1.539 -1.566 -1.591 -1.613 -1.632 -1.649 -1.662 -1.672 
-1.679 -1.685 -1.688 -1.690 -1.691 -1.690 -1.688 -1.685 -1.680 -1.672 
-1.662 -1.649 -1.633 -1.612 -1.587 -1.557 -1.521 -1.478 -1.429 -1.371 
-1.304 -1.225 -1.131 -1.020 -0.883 -0.711 -0.482 -0.147 0.339 0.672 
0.469 0.503 0.361 -0.060 0.072 -0.217 -0.572 -0.813 -0.984 -1.115 
-1.219 -1.304 -1.375 -1.435 -1.485 -1.527 -1.561 -1.588 -1.609 -1.624 
-1.634 -1.638 -1.637 -1.631 -1.622 -1.610 -1.595 -1.581 -1.570 -1.562 
-1.511 
-1.895 -1.903 -1.906 -1.906 -1.904 -1.898 -1.889 -1.878 -1.864 -1.849 
-1.831 -1.812 -1.793 -1.775 -1.757 -1.740 -1.725 -1.711 -1.697 -1.682 
-1.666 -1.648 -1.627 -1.605 -1.580 -1.554 -1.526 -1.499 -1.471 -1.445 
-1.421 -1.399 -1.380 -1.365 -1.352 -1.343 -1.336 -1.331 -1.328 -1.326 
-1.324 -1.321 -1.317 -1.312 -1.304 -1.295 -1.282 -1.265 -1.244 -1.219 
-1.188 -1.150 -1.105 -1.050 -0.982 -0.898 -0.787 -0.627 -0.351 0.092 
-0.122 -0.136 0.113 0.469 0.696 0.545 0.251 -0.104 -0.390 -0.609 
-0.785 -0.932 -1.056 -1.163 -1.258 -1.341 -1.415 -1.482 -1.542 -1.595 
-1.643 -1.686 -1.725 -1.759 -1.790 -1.816 -1.839 -1.858 -1.874 -1.887 
-1.891 
-1.967 -1.993 -2.010 -2.025 -2.038 -2.048 -2.056 -2.062 -2.066 -2.068 
-2.068 -2.065 -2.061 -2.054 -2.046 -2.036 -2.024 -2.010 -1.994 -1.976 
-1.957 -1.935 -1.912 -1.888 -1.862 -1.835 -1.807 -1.778 -1.748 -1.719 
-1.689 -1.659 -1.631 -1.602 -1.575 -1.548 -1.523 -1.498 -1.474 -1.451 
-1.428 -1.407 -1.386 -1.366 -1.346 -1.326 -1.306 -1.284 -1.262 -1.237 
-1.210 -1.179 -1.144 -1.104 -1.058 -1.005 -0.943 -0.870 -0.784 -0.681 
-0.555 -0.396 -0.189 0.097 0.422 0.563 0.587 0.301 -0.046 -0.331 
-0.555 -0.736 -0.888 -1.018 -1.132 -1.232 -1.322 -1.402 -1.475 -1.541 
-1.601 -1.656 -1.706 -1.752 -1.793 -1.831 -1.866 -1.897 -1.925 -1.951 
-1.960 
-1.876 -1.894 -1.913 -1.929 -1.944 -1.958 -1.969 -1.979 -1.988 -1.995 
-2.000 -2.005 -2.008 -2.010 -2.011 -2.011 -2.010 -2.008 -2.005 -2.001 
-1.996 -1.991 -1.984 -1.977 -1.970 -1.961 -1.952 -1.942 -1.931 -1.920 
-1.907 -1.894 -1.880 -1.865 -1.849 -1.832 -1.815 -1.797 -1.778 -1.758 
-1.738 -1.717 -1.695 -1.671 -1.647 -1.622 -1.594 -1.564 -1.532 -1.497 
-1.459 -1.417 -1.370 -1.318 -1.259 -1.194 -1.120 -1.036 -0.940 -0.828 
-0.696 -0.536 -0.336 -0.076 0.269 0.599 0.688 0.411 0.028 -0.280 
-0.509 -0.689 -0.838 -0.964 -1.073 -1.168 -1.253 -1.329 -1.397 -1.459 
-1.516 -1.567 -1.614 -1.658 -1.697 -1.733 -1.767 -1.797 -1.825 -1.850 
-1.869 
-1.779 -1.799 -1.826 -1.852 -1.875 -1.897 -1.918 -1.937 -1.955 -1.971 
-1.986 -1.999 -2.011 -2.021 -2.031 -2.039 -2.045 -2.051 -2.055 -2.058 
-2.060 -2.060 -2.059 -2.057 -2.054 -2.050 -2.044 -2.037 -2.029 -2.020 
-2.009 -1.997 -1.983 -1.968 -1.952 -1.934 -1.914 -1.893 -1.870 -1.845 
-1.818 -1.789 -1.758 -1.725 -1.689 -1.651 -1.610 -1.566 -1.518 -1.467 
-1.412 -1.352 -1.287 -1.216 -1.139 -1.054 -0.959 -0.853 -0.733 -0.594 
-0.432 -0.240 -0.012 0.256 0.524 0.672 0.571 0.251 -0.051 -0.282 
-0.465 -0.614 -0.741 -0.851 -0.947 -1.034 -1.112 -1.183 -1.249 -1.309 
-1.366 -1.418 -1.468 -1.514 -1.557 -1.598 -1.637 -1.673 -1.708 -1.740 
-1.769 
-1.776 -1.796 -1.830 -1.863 -1.894 -1.923 -1.951 -1.977 -2.001 -2.024 
-2.045 -2.064 -2.082 -2.098 -2.112 -2.125 -2.136 -2.146 -2.154 -2.160 
-2.165 -2.168 -2.169 -2.169 -2.167 -2.163 -2.158 -2.151 -2.142 -2.132 
-2.119 -2.105 -2.089 -2.071 -2.051 -2.029 -2.005 -1.979 -1.951 -1.920 
-1.887 -1.851 -1.813 -1.771 -1.727 -1.680 -1.629 -1.574 -1.516 -1.452 
-1.385 -1.311 -1.232 -1.145 -1.051 -0.947 -0.831 -0.703 -0.558 -0.393 
-0.208 -0.005 0.189 0.324 0.374 0.351 0.165 -0.046 -0.217 -0.359 
-0.481 -0.588 -0.686 -0.777 -0.862 -0.943 -1.019 -1.092 -1.160 -1.225 
-1.286 -1.344 -1.399 -1.452 -1.502 -1.550 -1.596 -1.640 -1.682 -1.721 
-1.762 
-1.897 -1.955 -2.002 -2.046 -2.088 -2.127 -2.163 -2.197 -2.228 -2.258 
-2.285 -2.310 -2.332 -2.353 -2.371 -2.388 -2.402 -2.415 -2.425 -2.434 
-2.440 -2.445 -2.447 -2.448 -2.446 -2.443 -2.438 -2.431 -2.421 -2.410 
-2.396 -2.381 -2.363 -2.343 -2.321 -2.296 -2.269 -2.240 -2.208 -2.173 
-2.136 -2.095 -2.052 -2.005 -1.954 -1.900 -1.842 -1.780 -1.713 -1.641 
-1.564 -1.481 -1.390 -1.292 -1.186 -1.069 -0.941 -0.799 -0.641 -0.465 
-0.269 -0.055 0.156 0.322 0.398 0.395 0.299 0.142 -0.001 -0.124 
-0.234 -0.336 -0.437 -0.537 -0.637 -0.739 -0.840 -0.939 -1.036 -1.130 
-1.220 -1.306 -1.388 -1.466 -1.540 -1.609 -1.675 -1.738 -1.797 -1.853 
-1.881 
-1.857 -1.890 -1.937 -1.982 -2.025 -2.066 -2.105 -2.141 -2.176 -2.208 
-2.238 -2.266 -2.292 -2.316 -2.338 -2.358 -2.376 -2.392 -2.406 -2.418 
-2.428 -2.436 -2.442 -2.447 -2.449 -2.450 -2.448 -2.445 -2.439 -2.432 
-2.423 -2.411 -2.398 -2.382 -2.364 -2.344 -2.322 -2.297 -2.270 -2.241 
-2.209 -2.174 -2.137 -2.096 -2.053 -2.006 -1.956 -1.902 -1.844 -1.781 
-1.714 -1.642 -1.565 -1.481 -1.389 -1.290 -1.181 -1.061 -0.928 -0.778 
-0.609 -0.414 -0.193 0.052 0.302 0.479 0.457 0.271 0.055 -0.126 
-0.278 -0.410 -0.527 -0.635 -0.734 -0.827 -0.916 -0.999 -1.079 -1.155 
-1.229 -1.300 -1.368 -1.434 -1.498 -1.560 -1.620 -1.678 -1.734 -1.788 
-1.839 
-1.871 -1.915 -1.963 -2.008 -2.051 -2.091 -2.129 -2.164 -2.197 -2.228 
-2.256 -2.282 -2.305 -2.327 -2.347 -2.364 -2.379 -2.393 -2.404 -2.414 
-2.421 -2.426 -2.430 -2.432 -2.431 -2.429 -2.425 -2.418 -2.410 -2.400 
-2.388 -2.373 -2.357 -2.338 -2.318 -2.295 -2.270 -2.242 -2.213 -2.180 
-2.146 -2.108 -2.068 -2.025 -1.980 -1.931 -1.878 -1.823 -1.764 -1.701 
-1.634 -1.563 -1.487 -1.406 -1.320 -1.228 -1.129 -1.024 -0.910 -0.788 
-0.657 -0.514 -0.359 -0.191 -0.006 0.169 0.224 0.194 0.134 0.041 
-0.076 -0.201 -0.326 -0.449 -0.566 -0.679 -0.787 -0.891 -0.989 -1.083 
-1.173 -1.259 -1.340 -1.418 -1.492 -1.562 -1.629 -1.692 -1.752 -1.809 
-1.853 
-1.871 -1.911 -1.952 -1.990 -2.026 -2.059 -2.091 -2.120 -2.148 -2.173 
-2.196 -2.218 -2.238 -2.256 -2.272 -2.286 -2.298 -2.309 -2.318 -2.325 
-2.330 -2.334 -2.336 -2.336 -2.334 -2.330 -2.325 -2.317 -2.308 -2.297 
-2.284 -2.269 -2.252 -2.232 -2.211 -2.188 -2.162 -2.135 -2.105 -2.072 
-2.037 -2.000 -1.960 -1.917 -1.872 -1.823 -1.772 -1.717 -1.659 -1.597 
-1.532 -1.463 -1.389 -1.311 -1.228 -1.140 -1.046 -0.947 -0.840 -0.726 
-0.604 -0.475 -0.338 -0.199 -0.070 0.030 0.080 0.071 0.006 -0.097 
-0.220 -0.347 -0.472 -0.592 -0.706 -0.814 -0.915 -1.011 -1.102 -1.188 
-1.268 -1.345 -1.417 -1.486 -1.550 -1.611 -1.669 -1.723 -1.774 -1.823 
-1.856 
-1.846 -1.857 -1.885 -1.912 -1.938 -1.963 -1.987 -2.010 -2.032 -2.053 
-2.073 -2.092 -2.109 -2.125 -2.141 -2.155 -2.167 -2.179 -2.189 -2.197 
-2.204 -2.210 -2.215 -2.217 -2.218 -2.218 -2.216 -2.212 -2.207 -2.199 
-2.190 -2.179 -2.166 -2.151 -2.134 -2.115 -2.094 -2.070 -2.045 -2.016 
-1.986 -1.953 -1.918 -1.881 -1.840 -1.798 -1.753 -1.705 -1.654 -1.601 
-1.545 -1.486 -1.424 -1.358 -1.286 -1.210 -1.127 -1.036 -0.937 -0.825 
-0.701 -0.563 -0.413 -0.261 -0.135 -0.074 -0.096 -0.185 -0.310 -0.447 
-0.581 -0.706 -0.820 -0.923 -1.017 -1.102 -1.180 -1.251 -1.316 -1.376 
-1.431 -1.483 -1.531 -1.575 -1.617 -1.657 -1.695 -1.730 -1.764 -1.796 
-1.836 
-2.021 -2.061 -2.088 -2.113 -2.136 -2.157 -2.176 -2.194 -2.209 -2.223 
-2.235 -2.245 -2.253 -2.260 -2.265 -2.268 -2.270 -2.270 -2.268 -2.265 
-2.260 -2.253 -2.245 -2.235 -2.224 -2.210 -2.195 -2.178 -2.160 -2.139 
-2.116 -2.092 -2.066 -2.037 -2.006 -1.974 -1.939 -1.902 -1.863 -1.821 
-1.778 -1.733 -1.686 -1.637 -1.586 -1.534 -1.482 -1.428 -1.373 -1.318 
-1.263 -1.207 -1.151 -1.094 -1.035 -0.975 -0.912 -0.844 -0.772 -0.692 
-0.604 -0.507 -0.401 -0.289 -0.185 -0.110 -0.074 -0.089 -0.224 -0.397 
-0.560 -0.710 -0.847 -0.970 -1.083 -1.185 -1.278 -1.363 -1.442 -1.514 
-1.580 -1.642 -1.699 -1.752 -1.801 -1.846 -1.889 -1.928 -1.965 -1.999 
-2.011 
-2.081 -2.101 -2.122 -2.140 -2.156 -2.170 -2.182 -2.192 -2.200 -2.207 
-2.212 -2.216 -2.218 -2.219 -2.219 -2.218 -2.217 -2.214 -2.210 -2.206 
-2.201 -2.196 -2.190 -2.184 -2.177 -2.170 -2.163 -2.155 -2.147 -2.139 
-2.129 -2.120 -2.109 -2.098 -2.085 -2.072 -2.057 -2.040 -2.022 -2.003 
-1.981 -1.957 -1.931 -1.903 -1.873 -1.840 -1.804 -1.767 -1.727 -1.685 
-1.640 -1.593 -1.544 -1.491 -1.436 -1.377 -1.313 -1.245 -1.169 -1.086 
-0.992 -0.886 -0.765 -0.622 -0.449 -0.236 -0.015 0.088 -0.048 -0.302 
-0.548 -0.747 -0.911 -1.051 -1.172 -1.279 -1.374 -1.460 -1.538 -1.609 
-1.674 -1.732 -1.786 -1.835 -1.880 -1.922 -1.959 -1.993 -2.025 -2.053 
-2.074 
-2.078 -2.104 -2.138 -2.169 -2.198 -2.225 -2.249 -2.271 -2.291 -2.309 
-2.325 -2.340 -2.352 -2.362 -2.371 -2.378 -2.383 -2.387 -2.389 -2.390 
-2.389 -2.387 -2.383 -2.378 -2.372 -2.364 -2.355 -2.344 -2.332 -2.319 
-2.304 -2.287 -2.269 -2.249 -2.228 -2.204 -2.179 -2.152 -2.124 -2.093 
-2.060 -2.025 -1.988 -1.948 -1.906 -1.863 -1.816 -1.767 -1.716 -1.663 
-1.606 -1.547 -1.486 -1.421 -1.353 -1.283 -1.208 -1.131 -1.050 -0.966 
-0.879 -0.789 -0.698 -0.607 -0.515 -0.422 -0.320 -0.255 -0.338 -0.454 
-0.564 -0.674 -0.784 -0.892 -0.997 -1.099 -1.195 -1.285 -1.371 -1.452 
-1.527 -1.598 -1.665 -1.728 -1.786 -1.841 -1.893 -1.941 -1.986 -2.028 
-2.064 
-2.134 -2.169 -2.212 -2.253 -2.291 -2.326 -2.358 -2.388 -2.416 -2.441 
-2.465 -2.485 -2.504 -2.521 -2.535 -2.548 -2.558 -2.567 -2.573 -2.578 
-2.580 -2.581 -2.580 -2.576 -2.571 -2.564 -2.555 -2.543 -2.530 -2.515 
-2.498 -2.479 -2.457 -2.434 -2.408 -2.380 -2.349 -2.317 -2.282 -2.244 
-2.204 -2.161 -2.115 -2.066 -2.015 -1.960 -1.902 -1.840 -1.775 -1.707 
-1.634 -1.558 -1.477 -1.393 -1.305 -1.213 -1.118 -1.022 -0.924 -0.829 
-0.737 -0.652 -0.577 -0.514 -0.463 -0.428 -0.409 -0.408 -0.428 -0.469 
-0.527 -0.601 -0.687 -0.783 -0.883 -0.985 -1.087 -1.187 -1.284 -1.377 
-1.465 -1.549 -1.629 -1.704 -1.775 -1.842 -1.905 -1.965 -2.021 -2.073 
-2.116 
-2.253 -2.285 -2.323 -2.358 -2.390 -2.421 -2.449 -2.475 -2.498 -2.520 
-2.539 -2.556 -2.572 -2.585 -2.596 -2.605 -2.613 -2.618 -2.621 -2.623 
-2.622 -2.620 -2.616 -2.609 -2.601 -2.590 -2.578 -2.564 -2.547 -2.529 
-2.508 -2.486 -2.461 -2.434 -2.404 -2.373 -2.339 -2.303 -2.264 -2.223 
-2.180 -2.134 -2.086 -2.036 -1.983 -1.927 -1.869 -1.808 -1.744 -1.677 
-1.607 -1.532 -1.454 -1.372 -1.286 -1.198 -1.107 -1.016 -0.928 -0.846 
-0.775 -0.718 -0.678 -0.656 -0.651 -0.659 -0.676 -0.697 -0.723 -0.763 
-0.826 -0.912 -1.006 -1.101 -1.194 -1.284 -1.372 -1.456 -1.537 -1.614 
-1.687 -1.757 -1.824 -1.887 -1.947 -2.004 -2.058 -2.109 -2.157 -2.202 
-2.240 
-2.429 -2.468 -2.501 -2.531 -2.559 -2.584 -2.606 -2.626 -2.644 -2.660 
-2.673 -2.684 -2.692 -2.699 -2.704 -2.706 -2.706 -2.705 -2.701 -2.695 
-2.687 -2.677 -2.665 -2.650 -2.634 -2.616 -2.595 -2.573 -2.548 -2.521 
-2.492 -2.461 -2.428 -2.393 -2.356 -2.317 -2.276 -2.233 -2.189 -2.144 
-2.098 -2.051 -2.004 -1.956 -1.910 -1.864 -1.819 -1.775 -1.733 -1.693 
-1.653 -1.614 -1.574 -1.534 -1.492 -1.448 -1.400 -1.349 -1.294 -1.238 
-1.180 -1.124 -1.068 -1.011 -0.946 -0.869 -0.778 -0.679 -0.599 -0.575 
-0.633 -0.759 -0.915 -1.075 -1.225 -1.361 -1.483 -1.594 -1.694 -1.786 
-1.870 -1.948 -2.019 -2.085 -2.147 -2.204 -2.257 -2.306 -2.351 -2.393 
-2.417 
-2.459 -2.506 -2.543 -2.577 -2.608 -2.637 -2.662 -2.685 -2.706 -2.724 
-2.740 -2.754 -2.765 -2.774 -2.781 -2.786 -2.789 -2.789 -2.787 -2.784 
-2.778 -2.770 -2.760 -2.748 -2.734 -2.718 -2.699 -2.679 -2.656 -2.631 
-2.604 -2.574 -2.542 -2.509 -2.472 -2.434 -2.393 -2.350 -2.305 -2.258 
-2.209 -2.158 -2.105 -2.051 -1.996 -1.941 -1.885 -1.829 -1.773 -1.718 
-1.664 -1.612 -1.561 -1.512 -1.464 -1.418 -1.372 -1.327 -1.282 -1.237 
-1.188 -1.135 -1.074 -1.002 -0.918 -0.818 -0.706 -0.594 -0.512 -0.498 
-0.570 -0.706 -0.864 -1.018 -1.161 -1.293 -1.417 -1.532 -1.640 -1.741 
-1.834 -1.921 -2.002 -2.076 -2.145 -2.209 -2.269 -2.324 -2.375 -2.422 
-2.447 
-2.360 -2.379 -2.425 -2.467 -2.506 -2.542 -2.575 -2.605 -2.633 -2.658 
-2.681 -2.701 -2.719 -2.735 -2.748 -2.759 -2.768 -2.774 -2.779 -2.781 
-2.781 -2.779 -2.775 -2.769 -2.760 -2.750 -2.737 -2.722 -2.705 -2.686 
-2.664 -2.640 -2.614 -2.585 -2.554 -2.520 -2.483 -2.444 -2.402 -2.358 
-2.310 -2.260 -2.207 -2.150 -2.091 -2.029 -1.964 -1.895 -1.825 -1.751 
-1.676 -1.599 -1.521 -1.443 -1.367 -1.294 -1.226 -1.165 -1.112 -1.067 
-1.029 -0.997 -0.968 -0.943 -0.920 -0.898 -0.873 -0.842 -0.812 -0.802 
-0.822 -0.857 -0.898 -0.949 -1.015 -1.097 -1.191 -1.293 -1.398 -1.501 
-1.601 -1.696 -1.787 -1.872 -1.951 -2.026 -2.095 -2.160 -2.221 -2.277 
-2.339 
-2.464 -2.523 -2.559 -2.593 -2.624 -2.652 -2.678 -2.701 -2.723 -2.741 
-2.758 -2.772 -2.784 -2.794 -2.802 -2.808 -2.812 -2.814 -2.814 -2.812 
-2.807 -2.801 -2.793 -2.782 -2.770 -2.756 -2.739 -2.720 -2.700 -2.677 
-2.652 -2.624 -2.595 -2.563 -2.528 -2.491 -2.452 -2.410 -2.366 -2.319 
-2.269 -2.217 -2.162 -2.104 -2.043 -1.980 -1.915 -1.846 -1.776 -1.704 
-1.630 -1.555 -1.479 -1.403 -1.327 -1.253 -1.180 -1.110 -1.042 -0.977 
-0.917 -0.862 -0.817 -0.787 -0.778 -0.793 -0.834 -0.894 -0.965 -1.040 
-1.111 -1.179 -1.245 -1.313 -1.388 -1.469 -1.554 -1.642 -1.729 -1.814 
-1.895 -1.972 -2.045 -2.113 -2.178 -2.238 -2.294 -2.346 -2.395 -2.441 
-2.454 
-2.407 -2.423 -2.466 -2.506 -2.543 -2.578 -2.610 -2.639 -2.666 -2.691 
-2.713 -2.733 -2.750 -2.766 -2.779 -2.790 -2.799 -2.806 -2.811 -2.814 
-2.815 -2.814 -2.811 -2.806 -2.798 -2.789 -2.778 -2.764 -2.749 -2.731 
-2.711 -2.689 -2.665 -2.639 -2.610 -2.579 -2.545 -2.510 -2.471 -2.431 
-2.387 -2.341 -2.293 -2.242 -2.188 -2.132 -2.074 -2.013 -1.950 -1.886 
-1.821 -1.754 -1.688 -1.623 -1.559 -1.499 -1.443 -1.391 -1.343 -1.300 
-1.260 -1.224 -1.192 -1.167 -1.150 -1.144 -1.147 -1.154 -1.163 -1.173 
-1.183 -1.199 -1.222 -1.256 -1.301 -1.358 -1.425 -1.498 -1.576 -1.655 
-1.735 -1.813 -1.889 -1.962 -2.031 -2.098 -2.160 -2.219 -2.275 -2.328 
-2.388 
-2.580 -2.638 -2.680 -2.720 -2.757 -2.792 -2.824 -2.853 -2.879 -2.904 
-2.925 -2.945 -2.962 -2.977 -2.990 -3.001 -3.009 -3.015 -3.020 -3.022 
-3.022 -3.020 -3.016 -3.009 -3.001 -2.990 -2.978 -2.963 -2.946 -2.926 
-2.905 -2.880 -2.854 -2.825 -2.793 -2.759 -2.722 -2.682 -2.639 -2.593 
-2.544 -2.492 -2.436 -2.377 -2.313 -2.246 -2.176 -2.101 -2.022 -1.940 
-1.855 -1.768 -1.680 -1.593 -1.510 -1.434 -1.370 -1.321 -1.291 -1.277 
-1.275 -1.280 -1.287 -1.293 -1.298 -1.300 -1.299 -1.298 -1.297 -1.300 
-1.309 -1.328 -1.360 -1.404 -1.462 -1.531 -1.608 -1.690 -1.774 -1.859 
-1.942 -2.023 -2.100 -2.175 -2.245 -2.312 -2.375 -2.434 -2.490 -2.542 
-2.567 
-2.597 -2.648 -2.692 -2.733 -2.772 -2.807 -2.840 -2.870 -2.898 -2.923 
-2.945 -2.966 -2.983 -2.999 -3.012 -3.023 -3.032 -3.039 -3.044 -3.046 
-3.047 -3.045 -3.041 -3.035 -3.026 -3.016 -3.003 -2.988 -2.971 -2.951 
-2.929 -2.905 -2.878 -2.848 -2.816 -2.780 -2.742 -2.701 -2.656 -2.609 
-2.557 -2.502 -2.443 -2.379 -2.311 -2.238 -2.159 -2.075 -1.986 -1.889 
-1.787 -1.679 -1.565 -1.448 -1.333 -1.226 -1.137 -1.076 -1.048 -1.050 
-1.074 -1.111 -1.153 -1.195 -1.234 -1.269 -1.300 -1.329 -1.357 -1.385 
-1.417 -1.453 -1.495 -1.543 -1.595 -1.652 -1.712 -1.773 -1.835 -1.900 
-1.967 -2.036 -2.106 -2.176 -2.246 -2.312 -2.377 -2.437 -2.495 -2.549 
-2.583 
-2.486 -2.517 -2.574 -2.628 -2.678 -2.724 -2.767 -2.806 -2.843 -2.876 
-2.906 -2.934 -2.959 -2.981 -3.001 -3.018 -3.032 -3.045 -3.055 -3.062 
-3.067 -3.070 -3.070 -3.068 -3.064 -3.058 -3.049 -3.037 -3.024 -3.007 
-2.989 -2.967 -2.943 -2.916 -2.887 -2.854 -2.819 -2.780 -2.737 -2.692 
-2.642 -2.588 -2.530 -2.467 -2.400 -2.327 -2.248 -2.163 -2.071 -1.973 
-1.867 -1.754 -1.636 -1.515 -1.398 -1.297 -1.226 -1.194 -1.203 -1.241 
-1.294 -1.353 -1.408 -1.457 -1.498 -1.530 -1.554 -1.571 -1.580 -1.583 
-1.580 -1.574 -1.568 -1.564 -1.566 -1.575 -1.588 -1.608 -1.635 -1.673 
-1.722 -1.783 -1.854 -1.931 -2.011 -2.092 -2.171 -2.248 -2.321 -2.390 
-2.461 
-2.606 -2.664 -2.714 -2.760 -2.802 -2.841 -2.877 -2.911 -2.941 -2.968 
-2.993 -3.015 -3.034 -3.051 -3.066 -3.078 -3.088 -3.096 -3.101 -3.104 
-3.105 -3.103 -3.099 -3.093 -3.085 -3.074 -3.062 -3.046 -3.029 -3.008 
-2.986 -2.961 -2.933 -2.902 -2.869 -2.832 -2.793 -2.751 -2.705 -2.656 
-2.603 -2.546 -2.486 -2.421 -2.352 -2.280 -2.202 -2.121 -2.037 -1.949 
-1.860 -1.771 -1.685 -1.605 -1.535 -1.478 -1.440 -1.423 -1.425 -1.440 
-1.459 -1.477 -1.491 -1.499 -1.501 -1.495 -1.482 -1.461 -1.434 -1.402 
-1.369 -1.339 -1.321 -1.322 -1.349 -1.402 -1.476 -1.564 -1.658 -1.754 
-1.848 -1.941 -2.031 -2.118 -2.202 -2.281 -2.356 -2.426 -2.492 -2.554 
-2.590 
-2.621 -2.666 -2.713 -2.756 -2.796 -2.833 -2.866 -2.897 -2.926 -2.951 
-2.974 -2.995 -3.013 -3.029 -3.042 -3.053 -3.062 -3.069 -3.073 -3.075 
-3.075 -3.073 -3.069 -3.062 -3.053 -3.042 -3.029 -3.013 -2.995 -2.975 
-2.952 -2.927 -2.899 -2.868 -2.835 -2.798 -2.759 -2.717 -2.671 -2.623 
-2.570 -2.514 -2.455 -2.391 -2.324 -2.252 -2.176 -2.097 -2.014 -1.928 
-1.841 -1.755 -1.671 -1.593 -1.523 -1.464 -1.417 -1.383 -1.363 -1.359 
-1.369 -1.385 -1.403 -1.417 -1.427 -1.431 -1.429 -1.423 -1.413 -1.402 
-1.392 -1.386 -1.387 -1.399 -1.423 -1.460 -1.514 -1.585 -1.671 -1.768 
-1.867 -1.964 -2.058 -2.145 -2.228 -2.304 -2.376 -2.443 -2.505 -2.563 
-2.605 
-2.592 -2.626 -2.684 -2.738 -2.788 -2.834 -2.876 -2.916 -2.951 -2.984 
-3.014 -3.041 -3.065 -3.087 -3.106 -3.123 -3.137 -3.148 -3.158 -3.165 
-3.169 -3.172 -3.172 -3.170 -3.165 -3.158 -3.149 -3.137 -3.124 -3.107 
-3.088 -3.067 -3.043 -3.016 -2.987 -2.954 -2.919 -2.880 -2.838 -2.793 
-2.744 -2.690 -2.633 -2.571 -2.505 -2.433 -2.356 -2.272 -2.182 -2.085 
-1.982 -1.871 -1.754 -1.636 -1.521 -1.416 -1.324 -1.247 -1.195 -1.178 
-1.193 -1.230 -1.276 -1.320 -1.358 -1.385 -1.402 -1.407 -1.401 -1.383 
-1.356 -1.321 -1.281 -1.243 -1.216 -1.206 -1.223 -1.273 -1.357 -1.467 
-1.589 -1.715 -1.838 -1.954 -2.062 -2.163 -2.256 -2.342 -2.421 -2.495 
-2.566 
-2.809 -2.871 -2.923 -2.971 -3.015 -3.056 -3.094 -3.128 -3.159 -3.187 
-3.213 -3.235 -3.255 -3.273 -3.288 -3.300 -3.310 -3.318 -3.323 -3.326 
-3.327 -3.325 -3.321 -3.315 -3.306 -3.295 -3.281 -3.265 -3.246 -3.225 
-3.201 -3.174 -3.144 -3.112 -3.076 -3.037 -2.995 -2.948 -2.898 -2.844 
-2.785 -2.722 -2.653 -2.578 -2.497 -2.410 -2.314 -2.210 -2.097 -1.974 
-1.842 -1.704 -1.567 -1.442 -1.347 -1.295 -1.287 -1.309 -1.346 -1.389 
-1.436 -1.481 -1.520 -1.548 -1.564 -1.567 -1.557 -1.532 -1.494 -1.444 
-1.383 -1.319 -1.265 -1.238 -1.251 -1.307 -1.397 -1.512 -1.642 -1.777 
-1.909 -2.035 -2.152 -2.260 -2.360 -2.452 -2.537 -2.614 -2.686 -2.753 
-2.793 
-3.015 -3.068 -3.123 -3.173 -3.219 -3.261 -3.300 -3.335 -3.368 -3.397 
-3.423 -3.447 -3.468 -3.486 -3.501 -3.514 -3.525 -3.533 -3.539 -3.543 
-3.544 -3.542 -3.539 -3.533 -3.524 -3.514 -3.500 -3.484 -3.466 -3.445 
-3.421 -3.395 -3.366 -3.333 -3.298 -3.259 -3.217 -3.171 -3.121 -3.067 
-3.009 -2.945 -2.877 -2.802 -2.721 -2.634 -2.539 -2.435 -2.322 -2.200 
-2.069 -1.932 -1.795 -1.669 -1.572 -1.519 -1.515 -1.552 -1.613 -1.680 
-1.744 -1.797 -1.839 -1.867 -1.883 -1.885 -1.875 -1.851 -1.813 -1.762 
-1.697 -1.620 -1.536 -1.456 -1.397 -1.383 -1.436 -1.552 -1.705 -1.868 
-2.025 -2.170 -2.301 -2.421 -2.529 -2.628 -2.718 -2.800 -2.876 -2.946 
-2.995 
-3.081 -3.140 -3.197 -3.249 -3.297 -3.341 -3.381 -3.418 -3.452 -3.482 
-3.510 -3.535 -3.557 -3.576 -3.593 -3.607 -3.619 -3.628 -3.635 -3.640 
-3.642 -3.642 -3.639 -3.634 -3.627 -3.617 -3.604 -3.590 -3.572 -3.552 
-3.530 -3.504 -3.476 -3.444 -3.410 -3.372 -3.331 -3.286 -3.237 -3.184 
-3.126 -3.063 -2.995 -2.921 -2.840 -2.751 -2.654 -2.547 -2.429 -2.299 
-2.160 -2.017 -1.884 -1.770 -1.672 -1.589 -1.541 -1.542 -1.589 -1.660 
-1.735 -1.803 -1.859 -1.900 -1.927 -1.939 -1.936 -1.919 -1.887 -1.839 
-1.773 -1.689 -1.590 -1.483 -1.392 -1.353 -1.396 -1.518 -1.687 -1.867 
-2.039 -2.195 -2.336 -2.463 -2.577 -2.681 -2.775 -2.861 -2.940 -3.012 
-3.061 
-3.024 -3.067 -3.124 -3.177 -3.225 -3.268 -3.308 -3.345 -3.378 -3.408 
-3.434 -3.458 -3.479 -3.497 -3.512 -3.525 -3.535 -3.543 -3.548 -3.550 
-3.550 -3.548 -3.543 -3.536 -3.525 -3.513 -3.498 -3.480 -3.459 -3.435 
-3.409 -3.379 -3.346 -3.310 -3.270 -3.226 -3.179 -3.126 -3.070 -3.008 
-2.940 -2.866 -2.785 -2.696 -2.599 -2.491 -2.372 -2.241 -2.097 -1.944 
-1.790 -1.655 -1.566 -1.544 -1.581 -1.647 -1.719 -1.792 -1.868 -1.940 
-2.004 -2.055 -2.093 -2.118 -2.131 -2.132 -2.121 -2.098 -2.062 -2.012 
-1.947 -1.865 -1.765 -1.649 -1.528 -1.427 -1.377 -1.400 -1.512 -1.693 
-1.884 -2.061 -2.217 -2.356 -2.480 -2.590 -2.690 -2.780 -2.862 -2.936 
-3.001 
-3.056 -3.109 -3.168 -3.222 -3.271 -3.316 -3.356 -3.393 -3.427 -3.457 
-3.484 -3.508 -3.529 -3.547 -3.562 -3.574 -3.584 -3.592 -3.596 -3.599 
-3.598 -3.595 -3.590 -3.582 -3.571 -3.558 -3.542 -3.523 -3.501 -3.477 
-3.449 -3.418 -3.384 -3.347 -3.306 -3.260 -3.211 -3.157 -3.098 -3.034 
-2.964 -2.887 -2.803 -2.711 -2.610 -2.500 -2.379 -2.249 -2.114 -1.980 
-1.864 -1.781 -1.744 -1.752 -1.793 -1.850 -1.916 -1.985 -2.051 -2.110 
-2.159 -2.197 -2.224 -2.240 -2.244 -2.237 -2.218 -2.187 -2.143 -2.083 
-2.009 -1.920 -1.824 -1.731 -1.645 -1.540 -1.412 -1.327 -1.371 -1.547 
-1.776 -1.994 -2.182 -2.343 -2.482 -2.604 -2.712 -2.808 -2.895 -2.973 
-3.032 
-3.104 -3.149 -3.200 -3.247 -3.291 -3.330 -3.367 -3.399 -3.429 -3.456 
-3.480 -3.502 -3.521 -3.537 -3.550 -3.562 -3.570 -3.577 -3.581 -3.582 
-3.581 -3.578 -3.573 -3.565 -3.554 -3.542 -3.526 -3.508 -3.488 -3.465 
-3.439 -3.410 -3.379 -3.344 -3.306 -3.264 -3.219 -3.170 -3.117 -3.059 
-2.997 -2.929 -2.855 -2.776 -2.689 -2.594 -2.491 -2.379 -2.257 -2.129 
-1.996 -1.865 -1.742 -1.636 -1.565 -1.541 -1.558 -1.603 -1.661 -1.721 
-1.773 -1.815 -1.844 -1.861 -1.864 -1.852 -1.827 -1.786 -1.728 -1.654 
-1.564 -1.464 -1.373 -1.318 -1.323 -1.397 -1.515 -1.623 -1.753 -1.935 
-2.115 -2.272 -2.408 -2.528 -2.634 -2.730 -2.816 -2.895 -2.967 -3.033 
-3.086 
-3.143 -3.200 -3.254 -3.304 -3.349 -3.391 -3.429 -3.464 -3.495 -3.524 
-3.549 -3.572 -3.592 -3.609 -3.624 -3.636 -3.645 -3.652 -3.657 -3.659 
-3.659 -3.656 -3.651 -3.643 -3.633 -3.621 -3.606 -3.588 -3.568 -3.545 
-3.519 -3.490 -3.459 -3.424 -3.385 -3.343 -3.298 -3.248 -3.194 -3.135 
-3.071 -3.001 -2.926 -2.843 -2.753 -2.653 -2.544 -2.423 -2.288 -2.139 
-1.976 -1.804 -1.637 -1.507 -1.448 -1.475 -1.561 -1.664 -1.762 -1.846 
-1.914 -1.965 -2.002 -2.024 -2.031 -2.025 -2.004 -1.967 -1.914 -1.841 
-1.748 -1.633 -1.498 -1.363 -1.270 -1.280 -1.403 -1.572 -1.723 -1.880 
-2.060 -2.235 -2.389 -2.524 -2.642 -2.747 -2.842 -2.927 -3.005 -3.076 
-3.125 
-3.098 -3.153 -3.219 -3.280 -3.335 -3.386 -3.432 -3.474 -3.512 -3.547 
-3.578 -3.607 -3.632 -3.654 -3.673 -3.690 -3.703 -3.714 -3.723 -3.729 
-3.732 -3.733 -3.732 -3.727 -3.721 -3.711 -3.700 -3.685 -3.668 -3.648 
-3.625 -3.599 -3.570 -3.538 -3.502 -3.463 -3.420 -3.373 -3.321 -3.265 
-3.203 -3.136 -3.062 -2.981 -2.892 -2.793 -2.684 -2.561 -2.422 -2.266 
-2.091 -1.900 -1.711 -1.553 -1.464 -1.488 -1.605 -1.755 -1.896 -2.013 
-2.107 -2.181 -2.238 -2.278 -2.305 -2.319 -2.319 -2.307 -2.281 -2.240 
-2.182 -2.103 -2.002 -1.879 -1.753 -1.668 -1.597 -1.494 -1.422 -1.485 
-1.667 -1.887 -2.097 -2.281 -2.442 -2.581 -2.704 -2.814 -2.912 -3.000 
-3.071 
-3.062 -3.126 -3.192 -3.253 -3.309 -3.359 -3.406 -3.448 -3.486 -3.521 
-3.552 -3.580 -3.605 -3.627 -3.646 -3.662 -3.676 -3.687 -3.695 -3.701 
-3.704 -3.704 -3.702 -3.697 -3.690 -3.680 -3.668 -3.652 -3.634 -3.613 
-3.589 -3.562 -3.532 -3.498 -3.461 -3.420 -3.375 -3.325 -3.271 -3.211 
-3.146 -3.074 -2.995 -2.908 -2.811 -2.703 -2.582 -2.444 -2.290 -2.116 
-1.932 -1.764 -1.653 -1.628 -1.668 -1.754 -1.858 -1.949 -2.026 -2.098 
-2.166 -2.228 -2.279 -2.319 -2.347 -2.364 -2.369 -2.363 -2.345 -2.315 
-2.271 -2.213 -2.139 -2.044 -1.927 -1.781 -1.607 -1.429 -1.323 -1.385 
-1.587 -1.832 -2.055 -2.246 -2.409 -2.551 -2.675 -2.785 -2.884 -2.972 
-3.037 
-2.963 -3.022 -3.085 -3.143 -3.197 -3.246 -3.292 -3.334 -3.372 -3.408 
-3.440 -3.469 -3.495 -3.519 -3.540 -3.558 -3.574 -3.587 -3.598 -3.606 
-3.613 -3.616 -3.618 -3.617 -3.614 -3.608 -3.600 -3.590 -3.577 -3.562 
-3.544 -3.523 -3.500 -3.474 -3.446 -3.414 -3.379 -3.341 -3.299 -3.253 
-3.204 -3.149 -3.090 -3.026 -2.956 -2.878 -2.793 -2.698 -2.591 -2.471 
-2.336 -2.197 -2.077 -1.999 -1.934 -1.853 -1.771 -1.711 -1.690 -1.705 
-1.742 -1.787 -1.830 -1.869 -1.901 -1.925 -1.941 -1.949 -1.947 -1.937 
-1.916 -1.885 -1.843 -1.788 -1.722 -1.649 -1.582 -1.537 -1.536 -1.628 
-1.788 -1.957 -2.115 -2.259 -2.389 -2.507 -2.613 -2.710 -2.798 -2.879 
-2.939 
-2.884 -2.915 -2.969 -3.019 -3.065 -3.109 -3.149 -3.186 -3.221 -3.253 
-3.282 -3.309 -3.333 -3.355 -3.374 -3.391 -3.406 -3.418 -3.429 -3.437 
-3.443 -3.447 -3.448 -3.448 -3.446 -3.441 -3.434 -3.425 -3.414 -3.400 
-3.384 -3.366 -3.346 -3.323 -3.298 -3.270 -3.240 -3.206 -3.170 -3.131 
-3.089 -3.044 -2.995 -2.943 -2.887 -2.827 -2.763 -2.694 -2.620 -2.541 
-2.457 -2.367 -2.271 -2.171 -2.068 -1.966 -1.871 -1.791 -1.728 -1.682 
-1.648 -1.625 -1.613 -1.610 -1.615 -1.623 -1.633 -1.642 -1.649 -1.656 
-1.661 -1.667 -1.676 -1.688 -1.705 -1.727 -1.756 -1.797 -1.860 -1.945 
-2.043 -2.143 -2.242 -2.336 -2.425 -2.509 -2.588 -2.662 -2.732 -2.797 
-2.862 
-3.001 -3.068 -3.125 -3.179 -3.229 -3.274 -3.317 -3.356 -3.392 -3.425 
-3.455 -3.482 -3.507 -3.529 -3.548 -3.565 -3.580 -3.592 -3.601 -3.609 
-3.614 -3.616 -3.617 -3.615 -3.611 -3.604 -3.596 -3.585 -3.571 -3.555 
-3.537 -3.515 -3.492 -3.465 -3.436 -3.404 -3.369 -3.331 -3.289 -3.244 
-3.196 -3.143 -3.086 -3.025 -2.959 -2.889 -2.813 -2.732 -2.645 -2.552 
-2.454 -2.352 -2.247 -2.140 -2.039 -1.949 -1.883 -1.848 -1.842 -1.858 
-1.884 -1.913 -1.942 -1.968 -1.991 -2.009 -2.022 -2.029 -2.031 -2.027 
-2.017 -2.004 -1.988 -1.971 -1.956 -1.948 -1.951 -1.970 -2.010 -2.071 
-2.150 -2.241 -2.338 -2.436 -2.531 -2.623 -2.710 -2.792 -2.868 -2.940 
-2.981 
-2.969 -3.017 -3.071 -3.120 -3.166 -3.209 -3.248 -3.283 -3.316 -3.346 
-3.372 -3.397 -3.418 -3.437 -3.453 -3.467 -3.478 -3.487 -3.493 -3.498 
-3.500 -3.499 -3.496 -3.491 -3.484 -3.474 -3.461 -3.447 -3.429 -3.410 
-3.387 -3.362 -3.335 -3.304 -3.271 -3.234 -3.194 -3.151 -3.105 -3.055 
-3.001 -2.943 -2.881 -2.815 -2.744 -2.670 -2.590 -2.508 -2.422 -2.334 
-2.245 -2.159 -2.078 -2.005 -1.946 -1.909 -1.900 -1.915 -1.945 -1.981 
-2.018 -2.050 -2.077 -2.098 -2.111 -2.116 -2.115 -2.106 -2.091 -2.070 
-2.044 -2.016 -1.987 -1.963 -1.947 -1.944 -1.958 -1.990 -2.039 -2.102 
-2.176 -2.257 -2.343 -2.431 -2.518 -2.602 -2.683 -2.759 -2.831 -2.897 
-2.950 
-2.926 -2.971 -3.036 -3.096 -3.151 -3.202 -3.250 -3.293 -3.333 -3.370 
-3.403 -3.433 -3.460 -3.485 -3.506 -3.525 -3.541 -3.554 -3.565 -3.574 
-3.580 -3.583 -3.584 -3.583 -3.579 -3.573 -3.564 -3.552 -3.538 -3.522 
-3.502 -3.480 -3.456 -3.428 -3.397 -3.363 -3.325 -3.284 -3.239 -3.190 
-3.137 -3.080 -3.017 -2.949 -2.875 -2.795 -2.707 -2.612 -2.508 -2.395 
-2.272 -2.140 -2.003 -1.871 -1.764 -1.706 -1.710 -1.766 -1.850 -1.939 
-2.023 -2.095 -2.156 -2.205 -2.242 -2.270 -2.288 -2.297 -2.298 -2.290 
-2.276 -2.254 -2.228 -2.198 -2.166 -2.135 -2.109 -2.089 -2.080 -2.087 
-2.113 -2.159 -2.224 -2.304 -2.392 -2.483 -2.575 -2.663 -2.748 -2.827 
-2.899 
-3.032 -3.092 -3.155 -3.214 -3.268 -3.318 -3.365 -3.407 -3.446 -3.482 
-3.514 -3.543 -3.570 -3.593 -3.614 -3.632 -3.647 -3.660 -3.671 -3.679 
-3.684 -3.687 -3.687 -3.685 -3.681 -3.674 -3.665 -3.653 -3.638 -3.621 
-3.601 -3.579 -3.553 -3.525 -3.493 -3.458 -3.420 -3.378 -3.332 -3.282 
-3.228 -3.168 -3.103 -3.033 -2.955 -2.871 -2.778 -2.677 -2.565 -2.443 
-2.311 -2.171 -2.032 -1.902 -1.793 -1.725 -1.717 -1.765 -1.847 -1.940 
-2.028 -2.106 -2.171 -2.224 -2.265 -2.295 -2.315 -2.324 -2.324 -2.315 
-2.297 -2.270 -2.236 -2.195 -2.149 -2.103 -2.060 -2.028 -2.015 -2.033 
-2.089 -2.176 -2.279 -2.386 -2.492 -2.595 -2.693 -2.784 -2.870 -2.950 
-3.009 
-3.123 -3.195 -3.263 -3.326 -3.383 -3.436 -3.484 -3.527 -3.567 -3.603 
-3.636 -3.666 -3.692 -3.715 -3.735 -3.753 -3.768 -3.780 -3.789 -3.796 
-3.800 -3.801 -3.800 -3.797 -3.790 -3.782 -3.770 -3.756 -3.739 -3.719 
-3.697 -3.671 -3.642 -3.610 -3.574 -3.535 -3.492 -3.444 -3.393 -3.336 
-3.274 -3.206 -3.132 -3.050 -2.960 -2.862 -2.753 -2.633 -2.502 -2.362 
-2.219 -2.088 -1.985 -1.924 -1.910 -1.946 -2.020 -2.112 -2.208 -2.296 
-2.372 -2.436 -2.487 -2.527 -2.555 -2.573 -2.582 -2.580 -2.570 -2.549 
-2.518 -2.477 -2.425 -2.360 -2.283 -2.193 -2.093 -1.992 -1.912 -1.884 
-1.929 -2.038 -2.182 -2.335 -2.481 -2.615 -2.737 -2.847 -2.947 -3.037 
-3.099 
-3.048 -3.113 -3.185 -3.251 -3.311 -3.366 -3.417 -3.464 -3.506 -3.545 
-3.580 -3.611 -3.640 -3.665 -3.688 -3.707 -3.724 -3.738 -3.749 -3.758 
-3.764 -3.768 -3.769 -3.767 -3.763 -3.756 -3.747 -3.735 -3.721 -3.703 
-3.683 -3.660 -3.634 -3.604 -3.572 -3.536 -3.496 -3.452 -3.404 -3.352 
-3.294 -3.232 -3.163 -3.087 -3.004 -2.913 -2.812 -2.699 -2.574 -2.434 
-2.278 -2.110 -1.940 -1.795 -1.719 -1.739 -1.835 -1.961 -2.082 -2.189 
-2.279 -2.354 -2.414 -2.462 -2.499 -2.525 -2.541 -2.547 -2.545 -2.532 
-2.511 -2.480 -2.438 -2.386 -2.323 -2.249 -2.166 -2.077 -1.997 -1.947 
-1.950 -2.011 -2.116 -2.247 -2.383 -2.515 -2.638 -2.751 -2.854 -2.949 
-3.020 
-2.970 -3.018 -3.084 -3.146 -3.202 -3.254 -3.302 -3.347 -3.387 -3.424 
-3.458 -3.488 -3.516 -3.541 -3.562 -3.581 -3.598 -3.612 -3.623 -3.631 
-3.638 -3.641 -3.643 -3.641 -3.638 -3.631 -3.623 -3.612 -3.598 -3.581 
-3.562 -3.540 -3.515 -3.488 -3.457 -3.423 -3.385 -3.344 -3.299 -3.250 
-3.197 -3.139 -3.075 -3.006 -2.931 -2.849 -2.760 -2.661 -2.554 -2.436 
-2.310 -2.181 -2.064 -1.969 -1.907 -1.894 -1.920 -1.968 -2.029 -2.094 
-2.158 -2.216 -2.266 -2.309 -2.342 -2.367 -2.383 -2.391 -2.391 -2.384 
-2.368 -2.345 -2.315 -2.279 -2.238 -2.193 -2.149 -2.109 -2.078 -2.063 
-2.068 -2.101 -2.166 -2.264 -2.376 -2.488 -2.594 -2.693 -2.784 -2.868 
-2.944 
-3.080 -3.148 -3.227 -3.299 -3.364 -3.423 -3.477 -3.527 -3.571 -3.612 
-3.648 -3.681 -3.711 -3.737 -3.761 -3.781 -3.798 -3.813 -3.824 -3.833 
-3.840 -3.843 -3.844 -3.843 -3.839 -3.832 -3.822 -3.810 -3.794 -3.776 
-3.756 -3.731 -3.704 -3.674 -3.640 -3.602 -3.560 -3.514 -3.464 -3.408 
-3.347 -3.280 -3.206 -3.124 -3.033 -2.932 -2.818 -2.690 -2.547 -2.389 
-2.228 -2.091 -2.015 -2.018 -2.073 -2.135 -2.176 -2.193 -2.208 -2.247 
-2.310 -2.381 -2.447 -2.502 -2.545 -2.576 -2.596 -2.605 -2.604 -2.593 
-2.573 -2.544 -2.508 -2.467 -2.423 -2.382 -2.342 -2.298 -2.241 -2.166 
-2.083 -2.027 -2.041 -2.136 -2.282 -2.442 -2.594 -2.732 -2.854 -2.963 
-3.046 
-3.242 -3.322 -3.387 -3.446 -3.501 -3.551 -3.597 -3.640 -3.678 -3.714 
-3.746 -3.775 -3.801 -3.825 -3.845 -3.863 -3.879 -3.891 -3.902 -3.910 
-3.915 -3.918 -3.919 -3.917 -3.913 -3.907 -3.898 -3.886 -3.872 -3.856 
-3.836 -3.815 -3.790 -3.762 -3.732 -3.698 -3.661 -3.620 -3.575 -3.526 
-3.473 -3.415 -3.352 -3.282 -3.206 -3.122 -3.029 -2.925 -2.809 -2.681 
-2.542 -2.404 -2.293 -2.219 -2.151 -2.057 -1.939 -1.829 -1.764 -1.764 
-1.817 -1.896 -1.978 -2.051 -2.109 -2.153 -2.181 -2.196 -2.198 -2.187 
-2.165 -2.134 -2.098 -2.061 -2.034 -2.026 -2.045 -2.091 -2.154 -2.219 
-2.277 -2.331 -2.406 -2.517 -2.646 -2.773 -2.889 -2.993 -3.087 -3.173 
-3.224 
-3.217 -3.267 -3.337 -3.400 -3.458 -3.512 -3.561 -3.605 -3.646 -3.683 
-3.717 -3.747 -3.774 -3.799 -3.820 -3.838 -3.854 -3.866 -3.877 -3.884 
-3.889 -3.892 -3.891 -3.889 -3.883 -3.875 -3.865 -3.851 -3.835 -3.817 
-3.795 -3.770 -3.742 -3.711 -3.677 -3.639 -3.597 -3.551 -3.500 -3.445 
-3.384 -3.317 -3.244 -3.164 -3.076 -2.978 -2.869 -2.749 -2.616 -2.472 
-2.322 -2.182 -2.078 -2.030 -2.036 -2.070 -2.111 -2.145 -2.177 -2.225 
-2.294 -2.368 -2.436 -2.491 -2.534 -2.564 -2.583 -2.590 -2.587 -2.574 
-2.552 -2.520 -2.480 -2.435 -2.387 -2.341 -2.299 -2.260 -2.227 -2.208 
-2.217 -2.265 -2.350 -2.461 -2.581 -2.701 -2.815 -2.921 -3.019 -3.109 
-3.187 
-3.249 -3.309 -3.373 -3.433 -3.488 -3.539 -3.585 -3.628 -3.667 -3.703 
-3.736 -3.765 -3.791 -3.815 -3.836 -3.854 -3.869 -3.882 -3.892 -3.900 
-3.905 -3.907 -3.908 -3.905 -3.901 -3.893 -3.884 -3.871 -3.856 -3.839 
-3.818 -3.795 -3.769 -3.740 -3.707 -3.671 -3.632 -3.589 -3.542 -3.490 
-3.434 -3.373 -3.306 -3.232 -3.152 -3.064 -2.967 -2.860 -2.742 -2.611 
-2.469 -2.321 -2.177 -2.052 -1.959 -1.913 -1.927 -1.994 -2.089 -2.189 
-2.281 -2.360 -2.426 -2.478 -2.518 -2.547 -2.565 -2.573 -2.572 -2.561 
-2.542 -2.514 -2.477 -2.434 -2.387 -2.338 -2.293 -2.261 -2.249 -2.262 
-2.305 -2.377 -2.472 -2.579 -2.689 -2.796 -2.897 -2.993 -3.081 -3.163 
-3.215 
