IRGRID 64 91
1e+308

0.025 0.03 0.035 0.04 0.045 0.05 0.055 0.06 0.065 0.07
0.075 0.08 0.085 0.09 0.095 0.1 0.11 0.12 0.13 0.14
0.15 0.16 0.17 0.18 0.19 0.2 0.21 0.22 0.23 0.24
0.25 0.26 0.27 0.28 0.29 0.3 0.31 0.32 0.33 0.34
0.35 0.36 0.37 0.38 0.39 0.4 0.41 0.42 0.43 0.44
0.45 0.46 0.47 0.48 0.49 0.5 0.51 0.52 0.53 0.54
0.55 0.56 0.57 0.58
0 4 8 12 16 20 24 28 32 36
40 44 48 52 56 60 64 68 72 76
80 84 88 92 96 100 104 108 112 116
120 124 128 132 136 140 144 148 152 156
160 164 168 172 176 180 184 188 192 196
200 204 208 212 216 220 224 228 232 236
240 244 248 252 256 260 264 268 272 276
280 284 288 292 296 300 304 308 312 316
320 324 328 332 336 340 344 348 352 356
360
-4.000 -4.000 -4.000 -4.000 -4.000 -4.000 -4.000 -4.000 -4.000 -4.000 
-4.000 -4.000 -4.000 -4.000 -4.000 -4.000 -4.000 -4.000 -4.000 -4.000 
-4.000 -4.000 -4.000 -4.000 -4.000 -4.000 -4.000 -4.000 -4.000 -4.000 
-4.000 -4.000 -4.000 -4.000 -4.000 -4.000 -4.000 -4.000 -4.000 -4.000 
-4.000 -4.000 -4.000 -4.000 -4.000 -4.000 -4.000 -4.000 -4.000 -4.000 
-4.000 -4.000 -4.000 -4.000 -4.000 -4.000 -4.000 -4.000 -4.000 -4.000 
-4.000 -4.000 -4.000 -4.000 -4.000 -4.000 -4.000 -4.000 -4.000 -4.000 
-4.000 -4.000 -4.000 -4.000 -4.000 -4.000 -4.000 -4.000 -4.000 -4.000 
-4.000 -4.000 -4.000 -4.000 -4.000 -4.000 -4.000 -4.000 -4.000 -4.000 
-4.000 
-3.932 -3.913 -3.840 -3.764 -3.710 -3.712 -3.777 -3.875 -3.978 -4.000 
-4.000 -4.000 -4.000 -4.000 -4.000 -4.000 -4.000 -4.000 -4.000 -4.000 
-4.000 -4.000 -4.000 -4.000 -4.000 -4.000 -4.000 -4.000 -4.000 -4.000 
-4.000 -4.000 -4.000 -4.000 -4.000 -4.000 -4.000 -4.000 -4.000 -4.000 
-3.997 -3.952 -3.916 -3.893 -3.885 -3.891 -3.910 -3.935 -3.962 -3.985 
-3.998 -3.996 -3.978 -3.945 -3.908 -3.886 -3.898 -3.944 -4.000 -4.000 
-4.000 -4.000 -4.000 -4.000 -4.000 -4.000 -4.000 -4.000 -4.000 -4.000 
-4.000 -4.000 -4.000 -4.000 -4.000 -4.000 -4.000 -4.000 -4.000 -4.000 
-4.000 -4.000 -4.000 -4.000 -4.000 -4.000 -4.000 -4.000 -4.000 -4.000 
-3.934 
-3.470 -3.354 -3.236 -3.128 -3.058 -3.054 -3.121 -3.234 -3.363 -3.487 
-3.599 -3.695 -3.777 -3.846 -3.903 -3.950 -3.988 -4.000 -4.000 -4.000 
-4.000 -4.000 -4.000 -4.000 -4.000 -4.000 -4.000 -4.000 -4.000 -4.000 
-4.000 -4.000 -4.000 -4.000 -3.992 -3.975 -3.956 -3.936 -3.914 -3.891 
-3.866 -3.841 -3.814 -3.788 -3.760 -3.731 -3.699 -3.663 -3.619 -3.568 
-3.507 -3.437 -3.360 -3.281 -3.214 -3.174 -3.172 -3.209 -3.270 -3.342 
-3.415 -3.481 -3.542 -3.596 -3.645 -3.690 -3.730 -3.767 -3.802 -3.833 
-3.861 -3.886 -3.908 -3.927 -3.943 -3.956 -3.964 -3.969 -3.970 -3.966 
-3.957 -3.944 -3.924 -3.899 -3.866 -3.826 -3.777 -3.718 -3.647 -3.563 
-3.520 
-3.579 -3.570 -3.538 -3.498 -3.467 -3.466 -3.497 -3.540 -3.578 -3.605 
-3.622 -3.632 -3.635 -3.635 -3.632 -3.626 -3.618 -3.608 -3.598 -3.586 
-3.573 -3.559 -3.545 -3.530 -3.515 -3.499 -3.484 -3.468 -3.452 -3.436 
-3.420 -3.403 -3.387 -3.371 -3.355 -3.338 -3.321 -3.304 -3.286 -3.267 
-3.248 -3.227 -3.206 -3.183 -3.158 -3.132 -3.105 -3.076 -3.047 -3.019 
-2.992 -2.969 -2.951 -2.939 -2.933 -2.933 -2.941 -2.956 -2.975 -2.997 
-3.020 -3.043 -3.068 -3.095 -3.122 -3.150 -3.179 -3.209 -3.238 -3.267 
-3.296 -3.325 -3.352 -3.379 -3.404 -3.429 -3.452 -3.475 -3.496 -3.515 
-3.534 -3.551 -3.566 -3.580 -3.591 -3.601 -3.608 -3.611 -3.611 -3.605 
-3.577 
-3.415 -3.464 -3.479 -3.492 -3.505 -3.516 -3.527 -3.538 -3.547 -3.556 
-3.565 -3.573 -3.581 -3.589 -3.596 -3.602 -3.608 -3.613 -3.618 -3.621 
-3.623 -3.623 -3.622 -3.620 -3.616 -3.610 -3.602 -3.593 -3.581 -3.567 
-3.552 -3.534 -3.514 -3.491 -3.466 -3.438 -3.408 -3.374 -3.338 -3.298 
-3.255 -3.208 -3.157 -3.103 -3.046 -2.986 -2.924 -2.862 -2.802 -2.748 
-2.703 -2.669 -2.651 -2.648 -2.659 -2.682 -2.711 -2.744 -2.778 -2.809 
-2.835 -2.855 -2.868 -2.871 -2.865 -2.850 -2.829 -2.809 -2.798 -2.803 
-2.826 -2.864 -2.910 -2.959 -3.007 -3.052 -3.094 -3.132 -3.166 -3.199 
-3.229 -3.257 -3.283 -3.308 -3.331 -3.354 -3.375 -3.395 -3.414 -3.432 
-3.410 
-3.066 -3.050 -3.057 -3.063 -3.068 -3.071 -3.075 -3.077 -3.079 -3.082 
-3.084 -3.085 -3.087 -3.088 -3.088 -3.087 -3.084 -3.079 -3.073 -3.063 
-3.052 -3.038 -3.024 -3.010 -2.998 -2.989 -2.984 -2.984 -2.988 -2.997 
-3.008 -3.022 -3.036 -3.050 -3.062 -3.073 -3.081 -3.085 -3.087 -3.085 
-3.079 -3.069 -3.055 -3.037 -3.013 -2.985 -2.952 -2.915 -2.872 -2.826 
-2.775 -2.721 -2.663 -2.600 -2.531 -2.460 -2.394 -2.349 -2.338 -2.361 
-2.402 -2.437 -2.451 -2.439 -2.404 -2.354 -2.299 -2.252 -2.222 -2.218 
-2.242 -2.288 -2.349 -2.417 -2.486 -2.553 -2.616 -2.674 -2.726 -2.774 
-2.816 -2.854 -2.888 -2.918 -2.944 -2.967 -2.987 -3.005 -3.019 -3.032 
-3.061 
-3.031 -3.041 -3.026 -3.009 -2.988 -2.963 -2.936 -2.905 -2.870 -2.834 
-2.796 -2.759 -2.725 -2.694 -2.669 -2.648 -2.628 -2.607 -2.584 -2.556 
-2.526 -2.493 -2.461 -2.430 -2.404 -2.384 -2.370 -2.364 -2.365 -2.373 
-2.386 -2.401 -2.419 -2.437 -2.455 -2.471 -2.484 -2.495 -2.502 -2.505 
-2.504 -2.498 -2.488 -2.473 -2.452 -2.426 -2.394 -2.355 -2.308 -2.254 
-2.191 -2.118 -2.035 -1.941 -1.835 -1.717 -1.576 -1.404 -1.395 -1.571 
-1.724 -1.859 -1.985 -2.099 -2.199 -2.283 -2.352 -2.408 -2.457 -2.504 
-2.555 -2.609 -2.665 -2.719 -2.771 -2.818 -2.861 -2.899 -2.932 -2.962 
-2.987 -3.009 -3.026 -3.041 -3.052 -3.060 -3.064 -3.066 -3.064 -3.060 
-3.033 
-2.817 -2.798 -2.767 -2.732 -2.693 -2.650 -2.603 -2.553 -2.500 -2.448 
-2.397 -2.352 -2.317 -2.296 -2.290 -2.301 -2.325 -2.359 -2.399 -2.439 
-2.478 -2.514 -2.544 -2.570 -2.592 -2.612 -2.629 -2.645 -2.660 -2.676 
-2.690 -2.703 -2.715 -2.725 -2.732 -2.736 -2.737 -2.735 -2.728 -2.718 
-2.704 -2.686 -2.663 -2.635 -2.602 -2.563 -2.517 -2.464 -2.403 -2.332 
-2.250 -2.153 -2.037 -1.897 -1.720 -1.487 -1.189 -0.937 -0.915 -1.109 
-1.263 -1.315 -1.452 -1.657 -1.849 -2.010 -2.144 -2.257 -2.353 -2.437 
-2.510 -2.573 -2.629 -2.678 -2.721 -2.759 -2.791 -2.819 -2.842 -2.861 
-2.877 -2.888 -2.896 -2.900 -2.900 -2.897 -2.890 -2.879 -2.864 -2.846 
-2.828 
-2.443 -2.493 -2.500 -2.505 -2.508 -2.508 -2.506 -2.501 -2.494 -2.485 
-2.475 -2.465 -2.455 -2.448 -2.444 -2.445 -2.448 -2.453 -2.459 -2.464 
-2.468 -2.472 -2.474 -2.475 -2.475 -2.474 -2.472 -2.469 -2.465 -2.459 
-2.452 -2.443 -2.433 -2.421 -2.407 -2.392 -2.374 -2.353 -2.331 -2.306 
-2.279 -2.249 -2.216 -2.181 -2.143 -2.101 -2.057 -2.009 -1.958 -1.902 
-1.842 -1.777 -1.706 -1.626 -1.536 -1.430 -1.295 -1.123 -1.004 -0.898 
-0.753 -0.678 -0.744 -0.896 -1.053 -1.186 -1.298 -1.398 -1.490 -1.576 
-1.657 -1.734 -1.806 -1.873 -1.937 -1.996 -2.051 -2.103 -2.150 -2.195 
-2.236 -2.273 -2.308 -2.340 -2.368 -2.394 -2.417 -2.437 -2.455 -2.470 
-2.442 
-2.038 -2.037 -2.056 -2.074 -2.089 -2.102 -2.114 -2.123 -2.130 -2.135 
-2.138 -2.140 -2.139 -2.137 -2.134 -2.128 -2.121 -2.113 -2.104 -2.094 
-2.083 -2.071 -2.059 -2.046 -2.034 -2.021 -2.007 -1.994 -1.980 -1.965 
-1.950 -1.934 -1.916 -1.897 -1.877 -1.854 -1.830 -1.804 -1.775 -1.745 
-1.712 -1.676 -1.639 -1.599 -1.556 -1.511 -1.463 -1.413 -1.359 -1.303 
-1.242 -1.178 -1.108 -1.031 -0.945 -0.841 -0.704 -0.487 -0.061 0.177 
-0.302 -0.476 -0.549 -0.601 -0.650 -0.703 -0.765 -0.833 -0.905 -0.980 
-1.055 -1.128 -1.200 -1.269 -1.335 -1.398 -1.459 -1.516 -1.570 -1.621 
-1.670 -1.716 -1.759 -1.799 -1.837 -1.873 -1.906 -1.936 -1.965 -1.991 
-2.028 
-1.705 -1.763 -1.766 -1.771 -1.778 -1.786 -1.795 -1.804 -1.812 -1.818 
-1.821 -1.822 -1.819 -1.814 -1.805 -1.795 -1.782 -1.767 -1.752 -1.736 
-1.720 -1.704 -1.689 -1.675 -1.662 -1.651 -1.642 -1.634 -1.627 -1.622 
-1.618 -1.614 -1.610 -1.606 -1.601 -1.595 -1.587 -1.578 -1.566 -1.552 
-1.534 -1.514 -1.490 -1.462 -1.430 -1.393 -1.351 -1.303 -1.247 -1.184 
-1.111 -1.027 -0.927 -0.808 -0.660 -0.470 -0.205 0.213 0.650 0.811 
0.480 0.386 0.017 -0.367 -0.600 -0.766 -0.896 -1.006 -1.102 -1.187 
-1.264 -1.333 -1.396 -1.452 -1.503 -1.549 -1.589 -1.625 -1.656 -1.682 
-1.705 -1.723 -1.738 -1.749 -1.757 -1.762 -1.764 -1.765 -1.764 -1.763 
-1.705 
-1.293 -1.260 -1.266 -1.279 -1.298 -1.323 -1.353 -1.388 -1.426 -1.465 
-1.505 -1.545 -1.584 -1.621 -1.655 -1.687 -1.716 -1.742 -1.765 -1.785 
-1.802 -1.817 -1.829 -1.839 -1.847 -1.853 -1.858 -1.861 -1.862 -1.862 
-1.861 -1.858 -1.853 -1.846 -1.837 -1.826 -1.812 -1.796 -1.777 -1.755 
-1.730 -1.701 -1.669 -1.634 -1.594 -1.550 -1.501 -1.446 -1.385 -1.318 
-1.243 -1.159 -1.063 -0.954 -0.827 -0.677 -0.491 -0.243 0.143 0.444 
0.639 0.920 0.689 0.252 -0.114 -0.354 -0.532 -0.671 -0.785 -0.880 
-0.960 -1.028 -1.086 -1.135 -1.177 -1.213 -1.242 -1.265 -1.284 -1.297 
-1.306 -1.311 -1.312 -1.309 -1.304 -1.297 -1.288 -1.278 -1.270 -1.263 
-1.294 
-1.527 -1.561 -1.578 -1.597 -1.617 -1.638 -1.660 -1.683 -1.706 -1.728 
-1.749 -1.769 -1.787 -1.803 -1.817 -1.830 -1.841 -1.849 -1.856 -1.861 
-1.864 -1.865 -1.865 -1.862 -1.858 -1.852 -1.844 -1.835 -1.823 -1.810 
-1.795 -1.778 -1.758 -1.737 -1.714 -1.689 -1.661 -1.631 -1.599 -1.564 
-1.526 -1.486 -1.442 -1.395 -1.344 -1.289 -1.230 -1.165 -1.096 -1.019 
-0.936 -0.844 -0.741 -0.626 -0.496 -0.347 -0.174 0.028 0.261 0.494 
0.648 0.712 0.456 0.169 -0.053 -0.231 -0.377 -0.500 -0.607 -0.700 
-0.783 -0.858 -0.926 -0.988 -1.045 -1.098 -1.147 -1.192 -1.234 -1.274 
-1.310 -1.344 -1.375 -1.403 -1.429 -1.452 -1.474 -1.493 -1.511 -1.528 
-1.521 
-1.855 -1.882 -1.912 -1.940 -1.966 -1.991 -2.013 -2.034 -2.053 -2.071 
-2.087 -2.101 -2.113 -2.123 -2.132 -2.139 -2.145 -2.149 -2.151 -2.151 
-2.149 -2.146 -2.141 -2.134 -2.125 -2.115 -2.102 -2.088 -2.071 -2.053 
-2.032 -2.009 -1.983 -1.956 -1.925 -1.892 -1.857 -1.818 -1.776 -1.730 
-1.681 -1.627 -1.569 -1.505 -1.434 -1.357 -1.270 -1.174 -1.067 -0.953 
-0.845 -0.757 -0.684 -0.601 -0.494 -0.362 -0.214 -0.066 0.061 0.156 
0.202 0.113 -0.057 -0.215 -0.346 -0.453 -0.538 -0.603 -0.652 -0.695 
-0.754 -0.834 -0.921 -1.005 -1.081 -1.150 -1.214 -1.274 -1.331 -1.385 
-1.437 -1.486 -1.534 -1.580 -1.624 -1.667 -1.707 -1.746 -1.783 -1.818 
-1.844 
-2.212 -2.273 -2.307 -2.339 -2.368 -2.395 -2.419 -2.441 -2.460 -2.477 
-2.492 -2.505 -2.515 -2.524 -2.530 -2.534 -2.535 -2.535 -2.532 -2.527 
-2.520 -2.510 -2.498 -2.484 -2.468 -2.448 -2.427 -2.402 -2.375 -2.345 
-2.312 -2.276 -2.236 -2.193 -2.145 -2.094 -2.038 -1.977 -1.911 -1.839 
-1.760 -1.673 -1.578 -1.473 -1.356 -1.227 -1.084 -0.928 -0.764 -0.610 
-0.493 -0.439 -0.450 -0.495 -0.536 -0.544 -0.507 -0.436 -0.362 -0.325 
-0.335 -0.370 -0.404 -0.424 -0.427 -0.418 -0.402 -0.383 -0.367 -0.371 
-0.423 -0.532 -0.680 -0.840 -0.994 -1.135 -1.263 -1.378 -1.482 -1.576 
-1.662 -1.741 -1.813 -1.881 -1.943 -2.001 -2.055 -2.105 -2.152 -2.195 
-2.202 
-2.135 -2.211 -2.250 -2.286 -2.319 -2.351 -2.380 -2.407 -2.432 -2.455 
-2.475 -2.493 -2.509 -2.523 -2.535 -2.544 -2.551 -2.557 -2.559 -2.560 
-2.558 -2.555 -2.549 -2.540 -2.530 -2.517 -2.502 -2.484 -2.464 -2.441 
-2.415 -2.387 -2.356 -2.321 -2.284 -2.243 -2.199 -2.150 -2.098 -2.041 
-1.979 -1.912 -1.838 -1.758 -1.670 -1.572 -1.464 -1.345 -1.214 -1.078 
-0.953 -0.855 -0.774 -0.677 -0.546 -0.381 -0.189 0.030 0.243 0.223 
0.160 0.120 0.089 0.066 0.050 0.030 -0.008 -0.077 -0.179 -0.305 
-0.448 -0.602 -0.758 -0.906 -1.042 -1.166 -1.277 -1.378 -1.468 -1.551 
-1.627 -1.697 -1.762 -1.823 -1.880 -1.935 -1.987 -2.036 -2.083 -2.128 
-2.126 
-1.800 -1.801 -1.839 -1.876 -1.912 -1.946 -1.978 -2.009 -2.038 -2.064 
-2.089 -2.112 -2.133 -2.152 -2.169 -2.184 -2.196 -2.207 -2.216 -2.222 
-2.227 -2.229 -2.229 -2.227 -2.223 -2.217 -2.208 -2.197 -2.184 -2.168 
-2.150 -2.130 -2.106 -2.080 -2.052 -2.020 -1.986 -1.948 -1.907 -1.862 
-1.813 -1.761 -1.704 -1.642 -1.575 -1.503 -1.425 -1.340 -1.247 -1.146 
-1.036 -0.913 -0.777 -0.622 -0.442 -0.223 0.061 0.400 0.630 0.534 
0.283 0.062 -0.089 -0.203 -0.294 -0.373 -0.450 -0.536 -0.635 -0.740 
-0.841 -0.930 -1.007 -1.073 -1.129 -1.178 -1.221 -1.261 -1.298 -1.335 
-1.370 -1.407 -1.444 -1.481 -1.520 -1.560 -1.600 -1.640 -1.681 -1.722 
-1.783 
-1.965 -2.009 -2.040 -2.069 -2.095 -2.119 -2.141 -2.161 -2.179 -2.195 
-2.209 -2.220 -2.229 -2.237 -2.242 -2.245 -2.246 -2.245 -2.242 -2.237 
-2.229 -2.220 -2.208 -2.194 -2.178 -2.160 -2.139 -2.116 -2.091 -2.063 
-2.033 -2.000 -1.965 -1.926 -1.885 -1.841 -1.794 -1.743 -1.690 -1.632 
-1.571 -1.506 -1.437 -1.364 -1.286 -1.203 -1.116 -1.024 -0.926 -0.823 
-0.715 -0.601 -0.483 -0.359 -0.232 -0.101 0.035 0.188 0.350 0.337 
0.290 0.246 0.182 0.096 -0.011 -0.133 -0.262 -0.392 -0.517 -0.637 
-0.749 -0.855 -0.953 -1.045 -1.131 -1.210 -1.285 -1.354 -1.418 -1.479 
-1.536 -1.591 -1.642 -1.691 -1.738 -1.783 -1.825 -1.866 -1.905 -1.942 
-1.956 
-2.121 -2.147 -2.174 -2.199 -2.221 -2.241 -2.258 -2.274 -2.287 -2.298 
-2.307 -2.314 -2.319 -2.321 -2.322 -2.321 -2.317 -2.312 -2.304 -2.294 
-2.283 -2.269 -2.253 -2.234 -2.214 -2.191 -2.166 -2.139 -2.109 -2.077 
-2.042 -2.004 -1.964 -1.921 -1.875 -1.826 -1.774 -1.719 -1.661 -1.599 
-1.534 -1.465 -1.394 -1.318 -1.240 -1.158 -1.074 -0.987 -0.899 -0.809 
-0.717 -0.626 -0.535 -0.445 -0.356 -0.269 -0.183 -0.100 -0.020 0.054 
0.118 0.172 0.203 0.190 0.120 0.003 -0.142 -0.297 -0.450 -0.596 
-0.732 -0.859 -0.976 -1.085 -1.185 -1.279 -1.366 -1.447 -1.523 -1.593 
-1.659 -1.721 -1.778 -1.832 -1.882 -1.929 -1.973 -2.013 -2.051 -2.086 
-2.111 
-2.164 -2.193 -2.218 -2.240 -2.259 -2.277 -2.292 -2.304 -2.315 -2.323 
-2.330 -2.334 -2.336 -2.335 -2.333 -2.329 -2.322 -2.313 -2.303 -2.290 
-2.275 -2.257 -2.238 -2.216 -2.192 -2.165 -2.136 -2.105 -2.071 -2.035 
-1.996 -1.954 -1.909 -1.862 -1.811 -1.758 -1.702 -1.643 -1.581 -1.516 
-1.449 -1.379 -1.307 -1.234 -1.160 -1.086 -1.013 -0.941 -0.871 -0.802 
-0.736 -0.671 -0.605 -0.539 -0.470 -0.398 -0.323 -0.245 -0.161 -0.069 
0.033 0.135 0.207 0.205 0.112 -0.043 -0.219 -0.389 -0.546 -0.690 
-0.822 -0.945 -1.060 -1.166 -1.265 -1.357 -1.442 -1.522 -1.596 -1.665 
-1.729 -1.789 -1.844 -1.896 -1.944 -1.989 -2.030 -2.069 -2.104 -2.136 
-2.156 
-2.152 -2.170 -2.203 -2.233 -2.261 -2.286 -2.309 -2.329 -2.347 -2.362 
-2.376 -2.387 -2.396 -2.403 -2.407 -2.410 -2.410 -2.409 -2.405 -2.398 
-2.390 -2.380 -2.367 -2.352 -2.335 -2.315 -2.293 -2.268 -2.241 -2.212 
-2.179 -2.144 -2.106 -2.065 -2.021 -1.973 -1.922 -1.867 -1.809 -1.746 
-1.678 -1.606 -1.529 -1.446 -1.356 -1.260 -1.157 -1.049 -0.943 -0.850 
-0.775 -0.709 -0.636 -0.550 -0.453 -0.356 -0.266 -0.193 -0.141 -0.108 
-0.087 -0.072 -0.063 -0.079 -0.131 -0.197 -0.261 -0.324 -0.395 -0.485 
-0.595 -0.714 -0.832 -0.947 -1.056 -1.160 -1.258 -1.350 -1.436 -1.518 
-1.594 -1.666 -1.733 -1.796 -1.855 -1.910 -1.961 -2.009 -2.054 -2.096 
-2.138 
-2.222 -2.270 -2.302 -2.330 -2.356 -2.380 -2.400 -2.419 -2.435 -2.448 
-2.459 -2.468 -2.474 -2.478 -2.480 -2.479 -2.476 -2.471 -2.464 -2.454 
-2.442 -2.427 -2.410 -2.390 -2.368 -2.343 -2.316 -2.285 -2.252 -2.215 
-2.175 -2.131 -2.084 -2.033 -1.977 -1.917 -1.852 -1.782 -1.705 -1.622 
-1.531 -1.433 -1.325 -1.207 -1.079 -0.942 -0.798 -0.657 -0.535 -0.453 
-0.424 -0.442 -0.486 -0.535 -0.572 -0.593 -0.597 -0.591 -0.583 -0.576 
-0.570 -0.561 -0.545 -0.519 -0.479 -0.426 -0.364 -0.311 -0.298 -0.353 
-0.470 -0.622 -0.781 -0.932 -1.070 -1.197 -1.312 -1.418 -1.514 -1.603 
-1.685 -1.761 -1.831 -1.896 -1.957 -2.013 -2.064 -2.112 -2.157 -2.198 
-2.212 
-2.131 -2.144 -2.174 -2.201 -2.226 -2.247 -2.267 -2.284 -2.298 -2.310 
-2.320 -2.327 -2.333 -2.336 -2.336 -2.335 -2.331 -2.325 -2.316 -2.305 
-2.292 -2.277 -2.259 -2.238 -2.215 -2.189 -2.161 -2.129 -2.095 -2.057 
-2.016 -1.972 -1.924 -1.872 -1.815 -1.755 -1.689 -1.619 -1.542 -1.460 
-1.372 -1.277 -1.175 -1.068 -0.956 -0.843 -0.732 -0.627 -0.536 -0.468 
-0.435 -0.436 -0.464 -0.507 -0.555 -0.602 -0.643 -0.675 -0.699 -0.715 
-0.721 -0.719 -0.709 -0.692 -0.670 -0.644 -0.619 -0.600 -0.605 -0.648 
-0.725 -0.817 -0.913 -1.010 -1.106 -1.199 -1.289 -1.374 -1.456 -1.532 
-1.605 -1.673 -1.736 -1.796 -1.851 -1.903 -1.951 -1.996 -2.038 -2.076 
-2.118 
-2.184 -2.211 -2.238 -2.262 -2.283 -2.302 -2.318 -2.331 -2.343 -2.352 
-2.358 -2.362 -2.364 -2.363 -2.360 -2.355 -2.347 -2.337 -2.324 -2.309 
-2.292 -2.272 -2.249 -2.223 -2.195 -2.164 -2.130 -2.092 -2.051 -2.007 
-1.959 -1.906 -1.850 -1.789 -1.724 -1.653 -1.577 -1.496 -1.408 -1.315 
-1.216 -1.113 -1.007 -0.903 -0.806 -0.724 -0.664 -0.630 -0.622 -0.632 
-0.656 -0.689 -0.727 -0.766 -0.800 -0.828 -0.848 -0.859 -0.860 -0.852 
-0.836 -0.810 -0.777 -0.738 -0.696 -0.656 -0.628 -0.621 -0.642 -0.694 
-0.772 -0.868 -0.972 -1.079 -1.183 -1.283 -1.377 -1.466 -1.548 -1.626 
-1.698 -1.764 -1.826 -1.884 -1.937 -1.987 -2.033 -2.075 -2.114 -2.149 
-2.174 
-2.270 -2.289 -2.313 -2.335 -2.354 -2.370 -2.384 -2.395 -2.404 -2.411 
-2.415 -2.416 -2.416 -2.413 -2.407 -2.400 -2.390 -2.377 -2.362 -2.344 
-2.324 -2.302 -2.276 -2.248 -2.217 -2.183 -2.146 -2.105 -2.062 -2.014 
-1.963 -1.908 -1.849 -1.786 -1.719 -1.647 -1.570 -1.490 -1.405 -1.319 
-1.231 -1.145 -1.065 -0.995 -0.938 -0.898 -0.877 -0.873 -0.884 -0.905 
-0.930 -0.954 -0.974 -0.989 -0.998 -0.999 -0.994 -0.981 -0.961 -0.936 
-0.905 -0.872 -0.836 -0.798 -0.758 -0.718 -0.685 -0.674 -0.694 -0.751 
-0.838 -0.944 -1.058 -1.172 -1.282 -1.385 -1.481 -1.571 -1.653 -1.730 
-1.800 -1.865 -1.925 -1.981 -2.032 -2.079 -2.122 -2.162 -2.199 -2.232 
-2.260 
-2.403 -2.429 -2.450 -2.468 -2.484 -2.498 -2.509 -2.518 -2.525 -2.530 
-2.532 -2.532 -2.530 -2.526 -2.520 -2.512 -2.501 -2.488 -2.473 -2.456 
-2.436 -2.414 -2.390 -2.363 -2.333 -2.301 -2.266 -2.229 -2.188 -2.145 
-2.099 -2.049 -1.996 -1.940 -1.880 -1.817 -1.750 -1.680 -1.608 -1.532 
-1.455 -1.378 -1.302 -1.230 -1.163 -1.103 -1.050 -1.003 -0.962 -0.926 
-0.894 -0.867 -0.845 -0.826 -0.809 -0.791 -0.771 -0.747 -0.722 -0.698 
-0.679 -0.673 -0.685 -0.716 -0.766 -0.828 -0.895 -0.965 -1.041 -1.127 
-1.221 -1.319 -1.416 -1.510 -1.598 -1.680 -1.757 -1.829 -1.896 -1.959 
-2.017 -2.071 -2.121 -2.167 -2.210 -2.250 -2.287 -2.321 -2.352 -2.381 
-2.396 
-2.479 -2.502 -2.527 -2.550 -2.570 -2.588 -2.603 -2.617 -2.628 -2.637 
-2.644 -2.648 -2.651 -2.651 -2.649 -2.645 -2.639 -2.631 -2.621 -2.608 
-2.593 -2.576 -2.556 -2.534 -2.510 -2.483 -2.453 -2.421 -2.387 -2.349 
-2.308 -2.265 -2.218 -2.168 -2.115 -2.058 -1.998 -1.934 -1.867 -1.796 
-1.722 -1.644 -1.564 -1.482 -1.397 -1.310 -1.223 -1.136 -1.050 -0.969 
-0.899 -0.844 -0.809 -0.795 -0.798 -0.811 -0.828 -0.846 -0.862 -0.876 
-0.890 -0.906 -0.930 -0.962 -1.003 -1.051 -1.105 -1.163 -1.225 -1.292 
-1.361 -1.434 -1.507 -1.582 -1.655 -1.727 -1.798 -1.865 -1.930 -1.992 
-2.051 -2.107 -2.159 -2.209 -2.255 -2.299 -2.339 -2.377 -2.412 -2.445 
-2.469 
-2.559 -2.565 -2.583 -2.599 -2.613 -2.624 -2.634 -2.641 -2.645 -2.648 
-2.649 -2.647 -2.644 -2.638 -2.630 -2.620 -2.608 -2.593 -2.576 -2.557 
-2.536 -2.512 -2.486 -2.458 -2.427 -2.393 -2.356 -2.317 -2.274 -2.229 
-2.180 -2.128 -2.072 -2.013 -1.949 -1.881 -1.809 -1.732 -1.650 -1.566 
-1.484 -1.414 -1.357 -1.308 -1.260 -1.212 -1.165 -1.121 -1.081 -1.045 
-1.014 -0.989 -0.969 -0.956 -0.946 -0.939 -0.933 -0.928 -0.925 -0.927 
-0.936 -0.954 -0.982 -1.019 -1.057 -1.092 -1.128 -1.195 -1.296 -1.402 
-1.502 -1.593 -1.678 -1.757 -1.832 -1.902 -1.969 -2.031 -2.089 -2.144 
-2.196 -2.244 -2.289 -2.331 -2.369 -2.405 -2.438 -2.469 -2.497 -2.522 
-2.552 
-2.787 -2.842 -2.861 -2.877 -2.891 -2.903 -2.911 -2.918 -2.922 -2.924 
-2.923 -2.920 -2.914 -2.906 -2.896 -2.883 -2.868 -2.850 -2.830 -2.806 
-2.780 -2.751 -2.719 -2.684 -2.645 -2.603 -2.557 -2.506 -2.452 -2.392 
-2.326 -2.255 -2.177 -2.092 -1.997 -1.894 -1.780 -1.658 -1.529 -1.406 
-1.304 -1.244 -1.234 -1.263 -1.309 -1.354 -1.391 -1.418 -1.439 -1.455 
-1.466 -1.474 -1.478 -1.478 -1.473 -1.464 -1.449 -1.431 -1.408 -1.380 
-1.348 -1.307 -1.253 -1.177 -1.079 -0.974 -0.912 -0.948 -1.080 -1.258 
-1.435 -1.594 -1.734 -1.856 -1.965 -2.063 -2.151 -2.230 -2.303 -2.370 
-2.431 -2.487 -2.539 -2.586 -2.630 -2.670 -2.706 -2.739 -2.769 -2.796 
-2.781 
-2.724 -2.716 -2.736 -2.754 -2.770 -2.783 -2.793 -2.802 -2.808 -2.811 
-2.813 -2.812 -2.809 -2.804 -2.796 -2.786 -2.774 -2.759 -2.742 -2.722 
-2.700 -2.675 -2.648 -2.618 -2.584 -2.548 -2.509 -2.466 -2.420 -2.370 
-2.316 -2.258 -2.195 -2.127 -2.055 -1.976 -1.891 -1.800 -1.704 -1.604 
-1.509 -1.427 -1.364 -1.318 -1.287 -1.267 -1.257 -1.256 -1.263 -1.275 
-1.290 -1.305 -1.317 -1.325 -1.328 -1.324 -1.311 -1.289 -1.256 -1.207 
-1.139 -1.060 -1.020 -1.060 -1.110 -1.134 -1.154 -1.209 -1.304 -1.411 
-1.515 -1.615 -1.711 -1.802 -1.888 -1.969 -2.045 -2.116 -2.183 -2.245 
-2.303 -2.357 -2.408 -2.454 -2.498 -2.538 -2.574 -2.608 -2.639 -2.668 
-2.714 
-2.941 -2.989 -3.005 -3.019 -3.031 -3.040 -3.047 -3.052 -3.054 -3.054 
-3.052 -3.047 -3.040 -3.030 -3.019 -3.004 -2.988 -2.969 -2.947 -2.922 
-2.895 -2.865 -2.832 -2.796 -2.756 -2.714 -2.667 -2.617 -2.563 -2.504 
-2.440 -2.372 -2.298 -2.218 -2.131 -2.038 -1.937 -1.829 -1.714 -1.594 
-1.475 -1.365 -1.277 -1.221 -1.200 -1.209 -1.237 -1.272 -1.306 -1.336 
-1.358 -1.371 -1.374 -1.366 -1.344 -1.307 -1.252 -1.177 -1.075 -0.943 
-0.787 -0.649 -0.609 -0.716 -0.912 -1.119 -1.302 -1.460 -1.599 -1.726 
-1.841 -1.948 -2.047 -2.139 -2.224 -2.303 -2.376 -2.444 -2.507 -2.565 
-2.619 -2.669 -2.715 -2.758 -2.797 -2.833 -2.866 -2.896 -2.923 -2.948 
-2.937 
-2.846 -2.884 -2.904 -2.922 -2.937 -2.950 -2.961 -2.970 -2.976 -2.980 
-2.982 -2.982 -2.979 -2.974 -2.967 -2.958 -2.946 -2.932 -2.915 -2.896 
-2.874 -2.850 -2.823 -2.793 -2.760 -2.724 -2.685 -2.643 -2.597 -2.548 
-2.495 -2.438 -2.377 -2.312 -2.242 -2.168 -2.089 -2.006 -1.919 -1.829 
-1.738 -1.651 -1.574 -1.513 -1.470 -1.443 -1.423 -1.405 -1.380 -1.343 
-1.291 -1.232 -1.195 -1.202 -1.236 -1.266 -1.277 -1.263 -1.227 -1.168 
-1.087 -0.999 -0.955 -0.996 -1.078 -1.178 -1.294 -1.419 -1.545 -1.664 
-1.776 -1.878 -1.972 -2.058 -2.136 -2.209 -2.276 -2.338 -2.397 -2.452 
-2.503 -2.551 -2.596 -2.638 -2.678 -2.715 -2.749 -2.781 -2.811 -2.838 
-2.840 
-2.594 -2.597 -2.623 -2.648 -2.671 -2.691 -2.710 -2.727 -2.742 -2.755 
-2.766 -2.776 -2.783 -2.788 -2.791 -2.792 -2.791 -2.788 -2.783 -2.776 
-2.767 -2.756 -2.742 -2.726 -2.707 -2.686 -2.663 -2.637 -2.608 -2.577 
-2.542 -2.504 -2.463 -2.419 -2.370 -2.319 -2.263 -2.202 -2.138 -2.069 
-1.996 -1.918 -1.836 -1.750 -1.657 -1.557 -1.445 -1.321 -1.181 -1.029 
-0.877 -0.750 -0.682 -0.694 -0.770 -0.879 -0.991 -1.093 -1.179 -1.249 
-1.303 -1.344 -1.376 -1.408 -1.448 -1.500 -1.557 -1.613 -1.666 -1.715 
-1.761 -1.804 -1.847 -1.890 -1.932 -1.976 -2.019 -2.063 -2.108 -2.152 
-2.195 -2.238 -2.280 -2.321 -2.361 -2.400 -2.437 -2.472 -2.506 -2.538 
-2.582 
-2.668 -2.702 -2.735 -2.765 -2.793 -2.818 -2.841 -2.862 -2.881 -2.897 
-2.912 -2.924 -2.934 -2.942 -2.947 -2.951 -2.952 -2.952 -2.949 -2.944 
-2.937 -2.927 -2.915 -2.901 -2.885 -2.866 -2.845 -2.821 -2.794 -2.765 
-2.732 -2.697 -2.658 -2.616 -2.571 -2.521 -2.467 -2.409 -2.345 -2.276 
-2.201 -2.119 -2.029 -1.930 -1.823 -1.708 -1.587 -1.467 -1.350 -1.229 
-1.099 -0.973 -0.879 -0.846 -0.876 -0.950 -1.045 -1.141 -1.229 -1.306 
-1.372 -1.428 -1.475 -1.514 -1.547 -1.576 -1.601 -1.625 -1.649 -1.674 
-1.702 -1.734 -1.770 -1.811 -1.857 -1.908 -1.961 -2.017 -2.075 -2.133 
-2.190 -2.247 -2.302 -2.356 -2.407 -2.457 -2.504 -2.548 -2.591 -2.630 
-2.656 
-2.780 -2.802 -2.833 -2.861 -2.887 -2.910 -2.931 -2.949 -2.965 -2.978 
-2.989 -2.998 -3.004 -3.008 -3.010 -3.010 -3.007 -3.001 -2.994 -2.984 
-2.971 -2.956 -2.939 -2.919 -2.896 -2.871 -2.842 -2.811 -2.777 -2.739 
-2.698 -2.654 -2.605 -2.553 -2.496 -2.434 -2.368 -2.295 -2.217 -2.131 
-2.038 -1.936 -1.825 -1.705 -1.578 -1.449 -1.333 -1.246 -1.206 -1.211 
-1.243 -1.276 -1.297 -1.319 -1.359 -1.413 -1.470 -1.521 -1.565 -1.602 
-1.635 -1.667 -1.697 -1.726 -1.751 -1.772 -1.789 -1.804 -1.816 -1.829 
-1.844 -1.864 -1.889 -1.921 -1.960 -2.006 -2.057 -2.112 -2.169 -2.228 
-2.287 -2.346 -2.402 -2.457 -2.510 -2.560 -2.607 -2.652 -2.694 -2.733 
-2.768 
-2.947 -2.978 -2.998 -3.015 -3.029 -3.042 -3.052 -3.060 -3.066 -3.070 
-3.071 -3.071 -3.068 -3.063 -3.056 -3.047 -3.036 -3.022 -3.007 -2.989 
-2.969 -2.946 -2.921 -2.894 -2.865 -2.833 -2.798 -2.761 -2.721 -2.678 
-2.633 -2.585 -2.534 -2.480 -2.423 -2.364 -2.302 -2.237 -2.170 -2.101 
-2.030 -1.958 -1.886 -1.812 -1.737 -1.661 -1.589 -1.528 -1.485 -1.463 
-1.451 -1.441 -1.429 -1.414 -1.397 -1.380 -1.365 -1.354 -1.349 -1.354 
-1.371 -1.401 -1.441 -1.489 -1.542 -1.599 -1.663 -1.735 -1.814 -1.894 
-1.972 -2.046 -2.116 -2.183 -2.247 -2.310 -2.370 -2.429 -2.485 -2.540 
-2.592 -2.641 -2.687 -2.730 -2.771 -2.809 -2.843 -2.876 -2.905 -2.932 
-2.941 
-2.971 -2.993 -3.012 -3.028 -3.042 -3.054 -3.064 -3.071 -3.076 -3.079 
-3.080 -3.079 -3.075 -3.069 -3.062 -3.051 -3.039 -3.024 -3.007 -2.988 
-2.966 -2.942 -2.916 -2.887 -2.855 -2.820 -2.783 -2.743 -2.701 -2.655 
-2.606 -2.555 -2.501 -2.444 -2.384 -2.323 -2.260 -2.196 -2.132 -2.070 
-2.011 -1.957 -1.908 -1.866 -1.830 -1.802 -1.779 -1.761 -1.747 -1.737 
-1.730 -1.724 -1.717 -1.710 -1.700 -1.686 -1.670 -1.650 -1.627 -1.601 
-1.571 -1.538 -1.501 -1.464 -1.434 -1.425 -1.445 -1.498 -1.580 -1.680 
-1.788 -1.895 -1.999 -2.096 -2.186 -2.270 -2.347 -2.418 -2.484 -2.545 
-2.602 -2.654 -2.702 -2.746 -2.787 -2.825 -2.860 -2.892 -2.921 -2.948 
-2.964 
-2.911 -2.922 -2.941 -2.958 -2.973 -2.986 -2.997 -3.006 -3.013 -3.019 
-3.022 -3.024 -3.023 -3.021 -3.016 -3.010 -3.002 -2.991 -2.979 -2.964 
-2.948 -2.929 -2.908 -2.885 -2.859 -2.831 -2.801 -2.768 -2.732 -2.694 
-2.653 -2.609 -2.562 -2.512 -2.459 -2.403 -2.344 -2.282 -2.217 -2.149 
-2.080 -2.008 -1.934 -1.859 -1.781 -1.701 -1.622 -1.560 -1.540 -1.557 
-1.588 -1.621 -1.655 -1.689 -1.724 -1.758 -1.790 -1.819 -1.844 -1.865 
-1.880 -1.889 -1.892 -1.890 -1.889 -1.896 -1.917 -1.957 -2.009 -2.066 
-2.121 -2.173 -2.221 -2.266 -2.310 -2.354 -2.398 -2.443 -2.488 -2.533 
-2.576 -2.618 -2.658 -2.696 -2.732 -2.766 -2.797 -2.826 -2.854 -2.879 
-2.905 
-2.959 -2.984 -3.016 -3.045 -3.071 -3.095 -3.116 -3.134 -3.150 -3.164 
-3.175 -3.183 -3.189 -3.193 -3.194 -3.193 -3.190 -3.185 -3.176 -3.166 
-3.153 -3.138 -3.120 -3.099 -3.076 -3.051 -3.022 -2.990 -2.956 -2.918 
-2.876 -2.832 -2.783 -2.730 -2.673 -2.611 -2.544 -2.471 -2.392 -2.305 
-2.209 -2.102 -1.981 -1.846 -1.693 -1.529 -1.376 -1.277 -1.270 -1.346 
-1.462 -1.580 -1.682 -1.768 -1.837 -1.893 -1.938 -1.973 -2.000 -2.019 
-2.032 -2.040 -2.045 -2.048 -2.052 -2.058 -2.065 -2.073 -2.080 -2.085 
-2.089 -2.093 -2.099 -2.112 -2.133 -2.163 -2.204 -2.253 -2.308 -2.368 
-2.431 -2.493 -2.555 -2.615 -2.672 -2.726 -2.777 -2.825 -2.869 -2.910 
-2.945 
-3.088 -3.112 -3.136 -3.157 -3.176 -3.192 -3.206 -3.218 -3.227 -3.234 
-3.238 -3.241 -3.241 -3.239 -3.235 -3.229 -3.220 -3.209 -3.196 -3.181 
-3.163 -3.144 -3.121 -3.097 -3.070 -3.040 -3.008 -2.974 -2.937 -2.897 
-2.854 -2.809 -2.761 -2.710 -2.657 -2.600 -2.541 -2.480 -2.416 -2.349 
-2.281 -2.209 -2.134 -2.055 -1.968 -1.874 -1.776 -1.699 -1.678 -1.705 
-1.746 -1.781 -1.808 -1.825 -1.834 -1.835 -1.830 -1.819 -1.804 -1.785 
-1.764 -1.744 -1.727 -1.718 -1.720 -1.735 -1.765 -1.808 -1.863 -1.927 
-1.996 -2.067 -2.139 -2.208 -2.277 -2.343 -2.409 -2.474 -2.537 -2.599 
-2.658 -2.715 -2.769 -2.820 -2.867 -2.911 -2.952 -2.990 -3.025 -3.057 
-3.080 
-3.217 -3.247 -3.273 -3.295 -3.316 -3.334 -3.349 -3.362 -3.373 -3.382 
-3.388 -3.392 -3.394 -3.393 -3.391 -3.386 -3.379 -3.370 -3.358 -3.344 
-3.328 -3.310 -3.289 -3.265 -3.240 -3.211 -3.180 -3.146 -3.109 -3.069 
-3.025 -2.979 -2.929 -2.875 -2.817 -2.756 -2.689 -2.618 -2.542 -2.460 
-2.371 -2.277 -2.175 -2.067 -1.954 -1.841 -1.736 -1.652 -1.600 -1.584 
-1.598 -1.629 -1.664 -1.693 -1.714 -1.725 -1.730 -1.733 -1.738 -1.746 
-1.757 -1.768 -1.775 -1.778 -1.779 -1.781 -1.789 -1.807 -1.839 -1.888 
-1.953 -2.030 -2.116 -2.205 -2.295 -2.383 -2.468 -2.549 -2.625 -2.696 
-2.763 -2.825 -2.883 -2.937 -2.988 -3.034 -3.077 -3.117 -3.154 -3.188 
-3.207 
-3.205 -3.230 -3.248 -3.264 -3.278 -3.290 -3.300 -3.308 -3.315 -3.319 
-3.321 -3.321 -3.320 -3.316 -3.311 -3.304 -3.295 -3.284 -3.271 -3.257 
-3.240 -3.222 -3.201 -3.179 -3.155 -3.128 -3.100 -3.070 -3.037 -3.003 
-2.966 -2.927 -2.886 -2.842 -2.796 -2.748 -2.697 -2.643 -2.586 -2.527 
-2.463 -2.396 -2.325 -2.250 -2.171 -2.088 -2.006 -1.927 -1.857 -1.798 
-1.744 -1.690 -1.632 -1.573 -1.515 -1.463 -1.422 -1.399 -1.399 -1.422 
-1.469 -1.533 -1.609 -1.690 -1.772 -1.852 -1.929 -2.003 -2.075 -2.149 
-2.224 -2.300 -2.376 -2.450 -2.522 -2.589 -2.653 -2.714 -2.770 -2.823 
-2.872 -2.919 -2.962 -3.002 -3.039 -3.074 -3.106 -3.135 -3.163 -3.187 
-3.198 
-3.118 -3.114 -3.126 -3.137 -3.145 -3.152 -3.157 -3.160 -3.161 -3.161 
-3.158 -3.154 -3.149 -3.141 -3.132 -3.122 -3.109 -3.095 -3.079 -3.062 
-3.043 -3.022 -3.000 -2.976 -2.950 -2.923 -2.894 -2.863 -2.832 -2.798 
-2.763 -2.727 -2.689 -2.650 -2.609 -2.566 -2.522 -2.477 -2.429 -2.379 
-2.326 -2.271 -2.214 -2.154 -2.094 -2.038 -1.988 -1.948 -1.915 -1.886 
-1.858 -1.827 -1.794 -1.759 -1.724 -1.693 -1.668 -1.653 -1.651 -1.665 
-1.693 -1.734 -1.785 -1.843 -1.906 -1.973 -2.043 -2.114 -2.185 -2.255 
-2.323 -2.388 -2.451 -2.510 -2.567 -2.620 -2.670 -2.717 -2.762 -2.803 
-2.842 -2.878 -2.912 -2.943 -2.972 -2.999 -3.023 -3.045 -3.066 -3.084 
-3.113 
-3.173 -3.216 -3.231 -3.244 -3.256 -3.265 -3.272 -3.277 -3.281 -3.282 
-3.281 -3.279 -3.274 -3.268 -3.260 -3.250 -3.238 -3.224 -3.208 -3.191 
-3.171 -3.149 -3.125 -3.099 -3.071 -3.040 -3.007 -2.971 -2.933 -2.892 
-2.848 -2.800 -2.749 -2.695 -2.636 -2.573 -2.505 -2.431 -2.352 -2.267 
-2.176 -2.079 -1.980 -1.882 -1.791 -1.713 -1.657 -1.626 -1.619 -1.629 
-1.647 -1.668 -1.686 -1.700 -1.709 -1.715 -1.720 -1.725 -1.732 -1.740 
-1.751 -1.765 -1.785 -1.812 -1.849 -1.897 -1.956 -2.023 -2.097 -2.175 
-2.253 -2.331 -2.407 -2.479 -2.549 -2.614 -2.676 -2.734 -2.788 -2.839 
-2.886 -2.930 -2.970 -3.008 -3.043 -3.075 -3.105 -3.132 -3.156 -3.178 
-3.167 
-3.026 -3.014 -3.024 -3.033 -3.041 -3.047 -3.051 -3.053 -3.054 -3.054 
-3.052 -3.048 -3.043 -3.037 -3.029 -3.020 -3.009 -2.997 -2.983 -2.968 
-2.952 -2.934 -2.915 -2.895 -2.873 -2.849 -2.824 -2.797 -2.769 -2.740 
-2.708 -2.675 -2.640 -2.602 -2.563 -2.520 -2.475 -2.427 -2.375 -2.319 
-2.259 -2.195 -2.129 -2.063 -2.001 -1.947 -1.902 -1.865 -1.834 -1.804 
-1.772 -1.737 -1.702 -1.669 -1.642 -1.626 -1.624 -1.637 -1.665 -1.705 
-1.753 -1.806 -1.861 -1.915 -1.969 -2.022 -2.073 -2.122 -2.169 -2.215 
-2.262 -2.313 -2.368 -2.425 -2.481 -2.536 -2.588 -2.637 -2.682 -2.723 
-2.761 -2.796 -2.829 -2.858 -2.885 -2.910 -2.932 -2.952 -2.971 -2.987 
-3.021 
-3.194 -3.225 -3.248 -3.269 -3.287 -3.302 -3.315 -3.326 -3.334 -3.340 
-3.344 -3.345 -3.345 -3.342 -3.337 -3.330 -3.321 -3.310 -3.297 -3.281 
-3.263 -3.243 -3.220 -3.195 -3.167 -3.137 -3.104 -3.068 -3.029 -2.986 
-2.940 -2.889 -2.835 -2.776 -2.711 -2.641 -2.566 -2.483 -2.395 -2.301 
-2.203 -2.104 -2.011 -1.932 -1.876 -1.852 -1.858 -1.886 -1.925 -1.965 
-2.000 -2.027 -2.045 -2.055 -2.061 -2.066 -2.073 -2.083 -2.096 -2.109 
-2.118 -2.122 -2.118 -2.104 -2.082 -2.053 -2.020 -1.991 -1.973 -1.973 
-1.994 -2.038 -2.100 -2.176 -2.260 -2.347 -2.434 -2.518 -2.598 -2.673 
-2.743 -2.808 -2.868 -2.923 -2.974 -3.020 -3.063 -3.102 -3.137 -3.170 
-3.184 
-3.366 -3.406 -3.433 -3.457 -3.479 -3.497 -3.513 -3.527 -3.537 -3.546 
-3.552 -3.555 -3.556 -3.554 -3.550 -3.544 -3.534 -3.523 -3.509 -3.492 
-3.472 -3.450 -3.425 -3.397 -3.366 -3.331 -3.294 -3.252 -3.207 -3.158 
-3.104 -3.046 -2.983 -2.914 -2.839 -2.758 -2.670 -2.574 -2.471 -2.359 
-2.240 -2.117 -1.996 -1.888 -1.808 -1.768 -1.773 -1.814 -1.877 -1.948 
-2.016 -2.078 -2.131 -2.173 -2.206 -2.229 -2.243 -2.248 -2.243 -2.229 
-2.206 -2.174 -2.133 -2.084 -2.028 -1.969 -1.915 -1.875 -1.861 -1.883 
-1.939 -2.020 -2.118 -2.223 -2.329 -2.433 -2.532 -2.626 -2.714 -2.796 
-2.872 -2.943 -3.008 -3.068 -3.124 -3.176 -3.223 -3.266 -3.306 -3.343 
-3.358 
-3.312 -3.336 -3.365 -3.392 -3.416 -3.437 -3.455 -3.471 -3.484 -3.495 
-3.503 -3.508 -3.512 -3.512 -3.511 -3.506 -3.500 -3.491 -3.479 -3.465 
-3.448 -3.428 -3.406 -3.381 -3.353 -3.322 -3.287 -3.249 -3.208 -3.163 
-3.114 -3.060 -3.002 -2.938 -2.870 -2.795 -2.714 -2.626 -2.530 -2.426 
-2.315 -2.197 -2.075 -1.957 -1.855 -1.783 -1.753 -1.766 -1.812 -1.878 
-1.949 -2.017 -2.079 -2.131 -2.175 -2.209 -2.234 -2.251 -2.259 -2.260 
-2.252 -2.237 -2.215 -2.186 -2.151 -2.112 -2.072 -2.037 -2.013 -2.007 
-2.021 -2.056 -2.111 -2.181 -2.263 -2.351 -2.441 -2.530 -2.616 -2.698 
-2.775 -2.847 -2.915 -2.977 -3.036 -3.090 -3.140 -3.186 -3.228 -3.268 
-3.300 
-3.286 -3.301 -3.327 -3.351 -3.371 -3.390 -3.405 -3.418 -3.429 -3.437 
-3.443 -3.446 -3.447 -3.446 -3.442 -3.436 -3.427 -3.416 -3.402 -3.386 
-3.367 -3.345 -3.320 -3.293 -3.262 -3.229 -3.192 -3.152 -3.108 -3.060 
-3.008 -2.952 -2.892 -2.827 -2.758 -2.684 -2.606 -2.526 -2.443 -2.359 
-2.273 -2.187 -2.101 -2.018 -1.945 -1.892 -1.865 -1.869 -1.896 -1.937 
-1.985 -2.034 -2.079 -2.118 -2.151 -2.176 -2.195 -2.206 -2.210 -2.207 
-2.198 -2.182 -2.160 -2.134 -2.105 -2.078 -2.057 -2.049 -2.057 -2.080 
-2.115 -2.163 -2.222 -2.289 -2.363 -2.440 -2.518 -2.594 -2.668 -2.738 
-2.805 -2.868 -2.927 -2.982 -3.034 -3.082 -3.126 -3.167 -3.205 -3.240 
-3.275 
-3.370 -3.400 -3.419 -3.436 -3.449 -3.461 -3.469 -3.476 -3.480 -3.482 
-3.481 -3.478 -3.472 -3.464 -3.454 -3.441 -3.426 -3.408 -3.387 -3.364 
-3.337 -3.308 -3.276 -3.240 -3.201 -3.159 -3.113 -3.063 -3.008 -2.950 
-2.887 -2.820 -2.748 -2.673 -2.594 -2.515 -2.436 -2.363 -2.299 -2.249 
-2.215 -2.196 -2.190 -2.191 -2.196 -2.203 -2.213 -2.227 -2.243 -2.258 
-2.268 -2.270 -2.265 -2.254 -2.240 -2.225 -2.212 -2.203 -2.194 -2.183 
-2.164 -2.135 -2.095 -2.045 -1.991 -1.945 -1.920 -1.928 -1.975 -2.052 
-2.148 -2.251 -2.353 -2.452 -2.546 -2.634 -2.716 -2.792 -2.863 -2.928 
-2.989 -3.045 -3.096 -3.144 -3.187 -3.227 -3.264 -3.297 -3.327 -3.354 
-3.364 
-3.319 -3.334 -3.350 -3.364 -3.376 -3.387 -3.396 -3.403 -3.408 -3.412 
-3.414 -3.414 -3.412 -3.409 -3.404 -3.398 -3.390 -3.379 -3.368 -3.354 
-3.338 -3.321 -3.302 -3.280 -3.257 -3.231 -3.203 -3.173 -3.140 -3.105 
-3.067 -3.026 -2.982 -2.934 -2.884 -2.831 -2.777 -2.722 -2.669 -2.620 
-2.577 -2.538 -2.501 -2.464 -2.423 -2.377 -2.325 -2.268 -2.207 -2.144 
-2.078 -2.014 -1.953 -1.899 -1.855 -1.827 -1.816 -1.826 -1.854 -1.897 
-1.950 -2.007 -2.064 -2.115 -2.160 -2.198 -2.236 -2.281 -2.340 -2.409 
-2.482 -2.554 -2.622 -2.686 -2.746 -2.801 -2.853 -2.902 -2.948 -2.991 
-3.032 -3.070 -3.105 -3.139 -3.170 -3.200 -3.227 -3.252 -3.275 -3.297 
-3.314 
-3.278 -3.286 -3.308 -3.328 -3.347 -3.363 -3.377 -3.390 -3.401 -3.409 
-3.416 -3.421 -3.425 -3.426 -3.426 -3.423 -3.419 -3.413 -3.405 -3.395 
-3.383 -3.369 -3.353 -3.335 -3.315 -3.292 -3.268 -3.241 -3.213 -3.181 
-3.148 -3.112 -3.074 -3.034 -2.990 -2.945 -2.897 -2.847 -2.794 -2.739 
-2.682 -2.623 -2.561 -2.497 -2.432 -2.364 -2.296 -2.227 -2.159 -2.095 
-2.037 -1.987 -1.949 -1.922 -1.909 -1.908 -1.918 -1.938 -1.965 -1.997 
-2.033 -2.069 -2.107 -2.145 -2.184 -2.225 -2.268 -2.313 -2.359 -2.406 
-2.453 -2.502 -2.550 -2.598 -2.647 -2.695 -2.742 -2.789 -2.834 -2.879 
-2.922 -2.964 -3.004 -3.043 -3.080 -3.115 -3.148 -3.180 -3.209 -3.237 
-3.268 
-3.311 -3.357 -3.379 -3.399 -3.416 -3.431 -3.444 -3.455 -3.463 -3.469 
-3.472 -3.474 -3.473 -3.471 -3.466 -3.459 -3.449 -3.438 -3.424 -3.408 
-3.390 -3.370 -3.347 -3.322 -3.295 -3.266 -3.234 -3.200 -3.163 -3.124 
-3.083 -3.040 -2.995 -2.948 -2.899 -2.849 -2.798 -2.746 -2.695 -2.644 
-2.595 -2.548 -2.503 -2.461 -2.421 -2.384 -2.349 -2.315 -2.283 -2.253 
-2.224 -2.199 -2.178 -2.162 -2.150 -2.141 -2.134 -2.127 -2.120 -2.112 
-2.106 -2.102 -2.104 -2.113 -2.131 -2.159 -2.195 -2.239 -2.287 -2.338 
-2.389 -2.440 -2.491 -2.543 -2.597 -2.652 -2.709 -2.767 -2.824 -2.880 
-2.935 -2.987 -3.037 -3.084 -3.128 -3.169 -3.207 -3.243 -3.275 -3.305 
-3.306 
-3.153 -3.167 -3.203 -3.236 -3.266 -3.293 -3.318 -3.340 -3.360 -3.378 
-3.393 -3.406 -3.416 -3.424 -3.430 -3.434 -3.435 -3.434 -3.431 -3.426 
-3.419 -3.409 -3.397 -3.382 -3.365 -3.346 -3.324 -3.300 -3.274 -3.245 
-3.213 -3.179 -3.142 -3.102 -3.060 -3.015 -2.967 -2.917 -2.864 -2.809 
-2.751 -2.692 -2.630 -2.566 -2.500 -2.433 -2.364 -2.296 -2.230 -2.168 
-2.112 -2.066 -2.031 -2.011 -2.004 -2.008 -2.019 -2.034 -2.050 -2.065 
-2.079 -2.090 -2.099 -2.106 -2.112 -2.116 -2.120 -2.123 -2.126 -2.130 
-2.137 -2.148 -2.167 -2.194 -2.230 -2.275 -2.328 -2.388 -2.451 -2.517 
-2.583 -2.649 -2.714 -2.776 -2.835 -2.892 -2.945 -2.996 -3.043 -3.087 
-3.136 
-3.212 -3.237 -3.268 -3.297 -3.323 -3.347 -3.369 -3.388 -3.406 -3.421 
-3.434 -3.444 -3.453 -3.460 -3.464 -3.467 -3.467 -3.465 -3.461 -3.455 
-3.447 -3.437 -3.424 -3.410 -3.393 -3.373 -3.352 -3.328 -3.301 -3.272 
-3.240 -3.205 -3.168 -3.127 -3.084 -3.037 -2.986 -2.932 -2.874 -2.813 
-2.746 -2.676 -2.601 -2.521 -2.437 -2.350 -2.259 -2.168 -2.077 -1.991 
-1.914 -1.849 -1.800 -1.772 -1.764 -1.774 -1.798 -1.829 -1.864 -1.899 
-1.933 -1.964 -1.992 -2.017 -2.041 -2.063 -2.085 -2.108 -2.133 -2.161 
-2.194 -2.231 -2.274 -2.321 -2.374 -2.430 -2.489 -2.549 -2.611 -2.671 
-2.731 -2.789 -2.845 -2.899 -2.950 -2.999 -3.045 -3.089 -3.130 -3.168 
-3.201 
-3.389 -3.431 -3.463 -3.493 -3.520 -3.544 -3.566 -3.585 -3.602 -3.617 
-3.629 -3.639 -3.647 -3.652 -3.656 -3.657 -3.656 -3.652 -3.646 -3.638 
-3.628 -3.616 -3.601 -3.583 -3.563 -3.541 -3.516 -3.488 -3.458 -3.425 
-3.388 -3.349 -3.306 -3.260 -3.210 -3.156 -3.098 -3.036 -2.969 -2.897 
-2.821 -2.739 -2.652 -2.561 -2.467 -2.371 -2.276 -2.187 -2.109 -2.047 
-2.003 -1.979 -1.975 -1.986 -2.010 -2.041 -2.075 -2.107 -2.135 -2.159 
-2.177 -2.189 -2.195 -2.196 -2.193 -2.187 -2.180 -2.174 -2.174 -2.182 
-2.202 -2.235 -2.282 -2.342 -2.411 -2.487 -2.565 -2.644 -2.721 -2.797 
-2.869 -2.937 -3.002 -3.064 -3.121 -3.176 -3.226 -3.273 -3.317 -3.358 
-3.379 
-3.409 -3.449 -3.487 -3.522 -3.554 -3.583 -3.609 -3.632 -3.653 -3.671 
-3.687 -3.700 -3.711 -3.719 -3.725 -3.728 -3.729 -3.728 -3.725 -3.719 
-3.710 -3.700 -3.687 -3.671 -3.653 -3.632 -3.608 -3.581 -3.552 -3.520 
-3.484 -3.445 -3.402 -3.356 -3.305 -3.250 -3.191 -3.126 -3.056 -2.980 
-2.897 -2.808 -2.713 -2.615 -2.517 -2.424 -2.335 -2.247 -2.156 -2.068 
-1.994 -1.945 -1.929 -1.945 -1.984 -2.034 -2.087 -2.135 -2.177 -2.210 
-2.235 -2.251 -2.259 -2.260 -2.253 -2.242 -2.227 -2.210 -2.196 -2.187 
-2.189 -2.204 -2.234 -2.279 -2.335 -2.398 -2.466 -2.538 -2.614 -2.694 
-2.775 -2.856 -2.934 -3.008 -3.078 -3.143 -3.204 -3.261 -3.313 -3.362 
-3.396 
-3.341 -3.372 -3.416 -3.457 -3.493 -3.526 -3.555 -3.581 -3.604 -3.624 
-3.641 -3.656 -3.667 -3.676 -3.682 -3.685 -3.686 -3.684 -3.679 -3.671 
-3.661 -3.648 -3.633 -3.614 -3.592 -3.568 -3.540 -3.508 -3.474 -3.435 
-3.393 -3.346 -3.295 -3.239 -3.178 -3.111 -3.038 -2.958 -2.871 -2.776 
-2.674 -2.566 -2.456 -2.353 -2.268 -2.215 -2.201 -2.218 -2.252 -2.287 
-2.315 -2.339 -2.368 -2.407 -2.452 -2.498 -2.541 -2.578 -2.608 -2.630 
-2.644 -2.652 -2.652 -2.646 -2.635 -2.617 -2.596 -2.571 -2.545 -2.519 
-2.495 -2.474 -2.454 -2.435 -2.416 -2.401 -2.397 -2.412 -2.450 -2.510 
-2.586 -2.672 -2.761 -2.848 -2.931 -3.010 -3.083 -3.151 -3.214 -3.271 
-3.322 
-3.335 -3.373 -3.407 -3.438 -3.467 -3.492 -3.515 -3.536 -3.553 -3.568 
-3.581 -3.591 -3.599 -3.605 -3.608 -3.608 -3.606 -3.602 -3.595 -3.586 
-3.575 -3.561 -3.544 -3.525 -3.503 -3.478 -3.450 -3.420 -3.386 -3.349 
-3.309 -3.266 -3.219 -3.167 -3.112 -3.053 -2.990 -2.922 -2.850 -2.773 
-2.693 -2.609 -2.525 -2.443 -2.369 -2.310 -2.270 -2.248 -2.240 -2.243 
-2.251 -2.257 -2.259 -2.256 -2.252 -2.259 -2.281 -2.312 -2.344 -2.370 
-2.388 -2.398 -2.401 -2.396 -2.386 -2.372 -2.355 -2.338 -2.324 -2.316 
-2.317 -2.330 -2.354 -2.388 -2.430 -2.477 -2.528 -2.583 -2.644 -2.710 
-2.779 -2.848 -2.916 -2.981 -3.042 -3.100 -3.154 -3.204 -3.251 -3.295 
-3.324 
-3.308 -3.329 -3.368 -3.404 -3.439 -3.471 -3.500 -3.528 -3.553 -3.575 
-3.596 -3.614 -3.630 -3.644 -3.655 -3.664 -3.671 -3.676 -3.679 -3.679 
-3.677 -3.673 -3.666 -3.657 -3.646 -3.632 -3.616 -3.597 -3.576 -3.552 
-3.524 -3.494 -3.461 -3.425 -3.385 -3.342 -3.295 -3.244 -3.189 -3.129 
-3.066 -2.999 -2.928 -2.854 -2.778 -2.700 -2.622 -2.541 -2.457 -2.365 
-2.265 -2.159 -2.055 -1.965 -1.904 -1.885 -1.908 -1.962 -2.033 -2.107 
-2.176 -2.237 -2.289 -2.331 -2.365 -2.391 -2.410 -2.423 -2.431 -2.437 
-2.441 -2.448 -2.458 -2.476 -2.502 -2.539 -2.584 -2.633 -2.685 -2.738 
-2.791 -2.845 -2.898 -2.950 -3.003 -3.054 -3.104 -3.153 -3.200 -3.245 
-3.292 
-3.409 -3.463 -3.506 -3.545 -3.582 -3.615 -3.646 -3.674 -3.699 -3.722 
-3.742 -3.759 -3.774 -3.787 -3.798 -3.806 -3.811 -3.815 -3.816 -3.815 
-3.811 -3.805 -3.797 -3.787 -3.774 -3.759 -3.741 -3.720 -3.697 -3.672 
-3.643 -3.612 -3.577 -3.540 -3.499 -3.455 -3.407 -3.355 -3.300 -3.240 
-3.175 -3.106 -3.032 -2.953 -2.868 -2.778 -2.682 -2.581 -2.475 -2.367 
-2.262 -2.165 -2.088 -2.039 -2.022 -2.037 -2.076 -2.128 -2.182 -2.232 
-2.273 -2.306 -2.328 -2.342 -2.346 -2.342 -2.331 -2.313 -2.290 -2.264 
-2.239 -2.217 -2.205 -2.210 -2.237 -2.288 -2.360 -2.447 -2.541 -2.637 
-2.730 -2.820 -2.906 -2.986 -3.060 -3.131 -3.196 -3.257 -3.314 -3.368 
-3.394 
-3.357 -3.383 -3.419 -3.452 -3.483 -3.510 -3.535 -3.558 -3.577 -3.595 
-3.610 -3.622 -3.633 -3.640 -3.646 -3.649 -3.651 -3.650 -3.646 -3.641 
-3.633 -3.622 -3.610 -3.595 -3.578 -3.558 -3.536 -3.511 -3.484 -3.454 
-3.421 -3.386 -3.347 -3.306 -3.261 -3.213 -3.161 -3.106 -3.048 -2.986 
-2.920 -2.851 -2.779 -2.704 -2.627 -2.549 -2.472 -2.398 -2.329 -2.269 
-2.219 -2.182 -2.158 -2.150 -2.155 -2.170 -2.189 -2.209 -2.225 -2.238 
-2.245 -2.247 -2.243 -2.235 -2.222 -2.205 -2.187 -2.169 -2.155 -2.147 
-2.149 -2.163 -2.189 -2.230 -2.283 -2.349 -2.424 -2.505 -2.588 -2.670 
-2.751 -2.828 -2.901 -2.970 -3.035 -3.096 -3.153 -3.206 -3.255 -3.301 
-3.343 
-3.325 -3.366 -3.406 -3.443 -3.478 -3.510 -3.538 -3.565 -3.588 -3.609 
-3.628 -3.644 -3.657 -3.668 -3.677 -3.684 -3.688 -3.690 -3.690 -3.687 
-3.682 -3.675 -3.665 -3.653 -3.639 -3.622 -3.602 -3.580 -3.556 -3.528 
-3.498 -3.465 -3.429 -3.389 -3.346 -3.300 -3.250 -3.196 -3.138 -3.076 
-3.010 -2.939 -2.864 -2.785 -2.701 -2.615 -2.528 -2.443 -2.365 -2.297 
-2.247 -2.217 -2.208 -2.217 -2.238 -2.267 -2.298 -2.328 -2.354 -2.377 
-2.394 -2.406 -2.412 -2.413 -2.408 -2.398 -2.383 -2.366 -2.347 -2.328 
-2.313 -2.303 -2.301 -2.311 -2.334 -2.372 -2.423 -2.485 -2.554 -2.628 
-2.704 -2.779 -2.853 -2.923 -2.991 -3.055 -3.115 -3.172 -3.225 -3.275 
-3.310 
-3.272 -3.294 -3.333 -3.370 -3.405 -3.438 -3.468 -3.496 -3.522 -3.545 
-3.566 -3.585 -3.602 -3.617 -3.629 -3.639 -3.647 -3.653 -3.657 -3.659 
-3.659 -3.656 -3.652 -3.645 -3.636 -3.625 -3.611 -3.596 -3.578 -3.557 
-3.535 -3.509 -3.482 -3.452 -3.419 -3.383 -3.345 -3.303 -3.259 -3.211 
-3.161 -3.107 -3.050 -2.990 -2.927 -2.862 -2.796 -2.729 -2.665 -2.606 
-2.557 -2.520 -2.495 -2.482 -2.478 -2.480 -2.487 -2.497 -2.509 -2.522 
-2.534 -2.546 -2.556 -2.564 -2.569 -2.571 -2.571 -2.569 -2.564 -2.558 
-2.552 -2.547 -2.545 -2.549 -2.560 -2.578 -2.605 -2.638 -2.677 -2.720 
-2.766 -2.814 -2.864 -2.915 -2.966 -3.017 -3.067 -3.116 -3.163 -3.209 
-3.250 
