IRGRID 64 91
1e+308

0.025 0.03 0.035 0.04 0.045 0.05 0.055 0.06 0.065 0.07
0.075 0.08 0.085 0.09 0.095 0.1 0.11 0.12 0.13 0.14
0.15 0.16 0.17 0.18 0.19 0.2 0.21 0.22 0.23 0.24
0.25 0.26 0.27 0.28 0.29 0.3 0.31 0.32 0.33 0.34
0.35 0.36 0.37 0.38 0.39 0.4 0.41 0.42 0.43 0.44
0.45 0.46 0.47 0.48 0.49 0.5 0.51 0.52 0.53 0.54
0.55 0.56 0.57 0.58
0 4 8 12 16 20 24 28 32 36
40 44 48 52 56 60 64 68 72 76
80 84 88 92 96 100 104 108 112 116
120 124 128 132 136 140 144 148 152 156
160 164 168 172 176 180 184 188 192 196
200 204 208 212 216 220 224 228 232 236
240 244 248 252 256 260 264 268 272 276
280 284 288 292 296 300 304 308 312 316
320 324 328 332 336 340 344 348 352 356
360
-4.000 -4.000 -4.000 -4.000 -4.000 -4.000 -4.000 -4.000 -4.000 -4.000 
-4.000 -4.000 -4.000 -4.000 -4.000 -4.000 -4.000 -4.000 -4.000 -4.000 
-4.000 -4.000 -4.000 -4.000 -4.000 -4.000 -4.000 -4.000 -4.000 -4.000 
-4.000 -4.000 -4.000 -4.000 -4.000 -4.000 -4.000 -4.000 -4.000 -4.000 
-4.000 -4.000 -4.000 -4.000 -4.000 -4.000 -4.000 -4.000 -4.000 -4.000 
-4.000 -4.000 -4.000 -4.000 -4.000 -4.000 -4.000 -4.000 -4.000 -4.000 
-4.000 -4.000 -4.000 -4.000 -4.000 -4.000 -4.000 -4.000 -4.000 -4.000 
-4.000 -4.000 -4.000 -4.000 -4.000 -4.000 -4.000 -4.000 -4.000 -4.000 
-4.000 -4.000 -4.000 -4.000 -4.000 -4.000 -4.000 -4.000 -4.000 -4.000 
-4.000 
-4.000 -4.000 -4.000 -4.000 -4.000 -4.000 -4.000 -4.000 -4.000 -4.000 
-4.000 -4.000 -4.000 -4.000 -4.000 -4.000 -4.000 -4.000 -4.000 -4.000 
-4.000 -4.000 -4.000 -4.000 -4.000 -4.000 -4.000 -4.000 -4.000 -4.000 
-4.000 -4.000 -4.000 -4.000 -4.000 -4.000 -4.000 -4.000 -4.000 -4.000 
-4.000 -4.000 -4.000 -4.000 -4.000 -4.000 -4.000 -4.000 -4.000 -4.000 
-4.000 -4.000 -4.000 -4.000 -4.000 -4.000 -4.000 -4.000 -4.000 -4.000 
-4.000 -4.000 -4.000 -4.000 -4.000 -4.000 -4.000 -4.000 -4.000 -4.000 
-4.000 -4.000 -4.000 -4.000 -4.000 -4.000 -4.000 -4.000 -4.000 -4.000 
-4.000 -4.000 -4.000 -4.000 -4.000 -4.000 -4.000 -4.000 -4.000 -4.000 
-4.000 
-4.000 -4.000 -4.000 -4.000 -4.000 -3.980 -3.936 -3.889 -3.839 -3.789 
-3.738 -3.690 -3.647 -3.612 -3.589 -3.580 -3.587 -3.610 -3.646 -3.691 
-3.743 -3.797 -3.852 -3.905 -3.956 -4.000 -4.000 -4.000 -4.000 -4.000 
-4.000 -4.000 -4.000 -4.000 -4.000 -4.000 -4.000 -4.000 -4.000 -4.000 
-4.000 -4.000 -4.000 -4.000 -4.000 -4.000 -4.000 -4.000 -4.000 -4.000 
-4.000 -4.000 -3.966 -3.920 -3.873 -3.826 -3.778 -3.734 -3.695 -3.666 
-3.649 -3.645 -3.655 -3.675 -3.704 -3.740 -3.781 -3.824 -3.869 -3.913 
-3.956 -3.996 -4.000 -4.000 -4.000 -4.000 -4.000 -4.000 -4.000 -4.000 
-4.000 -4.000 -4.000 -4.000 -4.000 -4.000 -4.000 -4.000 -4.000 -4.000 
-4.000 
-3.938 -3.909 -3.877 -3.841 -3.802 -3.760 -3.715 -3.668 -3.619 -3.570 
-3.522 -3.475 -3.433 -3.395 -3.366 -3.350 -3.354 -3.380 -3.425 -3.482 
-3.543 -3.605 -3.664 -3.720 -3.771 -3.818 -3.861 -3.899 -3.933 -3.963 
-3.989 -4.000 -4.000 -4.000 -4.000 -4.000 -4.000 -4.000 -4.000 -4.000 
-4.000 -4.000 -4.000 -3.999 -3.974 -3.946 -3.912 -3.875 -3.833 -3.786 
-3.734 -3.678 -3.616 -3.550 -3.479 -3.406 -3.334 -3.266 -3.210 -3.176 
-3.171 -3.196 -3.244 -3.306 -3.375 -3.445 -3.513 -3.579 -3.640 -3.697 
-3.749 -3.796 -3.839 -3.877 -3.911 -3.940 -3.966 -3.987 -4.000 -4.000 
-4.000 -4.000 -4.000 -4.000 -4.000 -4.000 -4.000 -4.000 -3.984 -3.962 
-3.947 
-3.855 -3.834 -3.803 -3.767 -3.726 -3.679 -3.628 -3.570 -3.506 -3.436 
-3.359 -3.277 -3.191 -3.107 -3.033 -2.980 -2.960 -2.976 -3.024 -3.094 
-3.172 -3.251 -3.326 -3.395 -3.457 -3.514 -3.565 -3.611 -3.653 -3.690 
-3.723 -3.753 -3.778 -3.799 -3.817 -3.831 -3.841 -3.847 -3.849 -3.847 
-3.842 -3.832 -3.819 -3.801 -3.779 -3.752 -3.720 -3.682 -3.640 -3.591 
-3.536 -3.473 -3.403 -3.325 -3.239 -3.145 -3.047 -2.949 -2.861 -2.793 
-2.743 -2.689 -2.608 -2.578 -2.707 -2.897 -3.067 -3.206 -3.321 -3.418 
-3.501 -3.572 -3.634 -3.689 -3.736 -3.777 -3.813 -3.843 -3.869 -3.890 
-3.907 -3.920 -3.929 -3.934 -3.935 -3.932 -3.926 -3.916 -3.901 -3.883 
-3.865 
-3.609 -3.648 -3.644 -3.637 -3.626 -3.612 -3.595 -3.573 -3.548 -3.519 
-3.486 -3.448 -3.406 -3.362 -3.317 -3.279 -3.251 -3.237 -3.233 -3.233 
-3.233 -3.234 -3.235 -3.238 -3.242 -3.248 -3.255 -3.263 -3.272 -3.281 
-3.290 -3.299 -3.308 -3.317 -3.325 -3.333 -3.341 -3.347 -3.352 -3.356 
-3.358 -3.358 -3.356 -3.350 -3.342 -3.331 -3.315 -3.296 -3.273 -3.245 
-3.211 -3.172 -3.126 -3.073 -3.012 -2.941 -2.858 -2.762 -2.650 -2.518 
-2.358 -2.169 -1.994 -1.923 -2.006 -2.164 -2.319 -2.452 -2.575 -2.690 
-2.798 -2.899 -2.990 -3.074 -3.149 -3.217 -3.279 -3.334 -3.384 -3.428 
-3.468 -3.503 -3.534 -3.561 -3.584 -3.603 -3.619 -3.631 -3.640 -3.646 
-3.609 
-3.219 -3.209 -3.216 -3.219 -3.221 -3.220 -3.216 -3.210 -3.202 -3.191 
-3.178 -3.163 -3.146 -3.126 -3.105 -3.082 -3.058 -3.032 -3.005 -2.978 
-2.950 -2.923 -2.896 -2.871 -2.847 -2.826 -2.806 -2.790 -2.776 -2.765 
-2.757 -2.751 -2.748 -2.747 -2.748 -2.751 -2.754 -2.758 -2.762 -2.766 
-2.769 -2.770 -2.770 -2.768 -2.763 -2.756 -2.745 -2.731 -2.714 -2.693 
-2.667 -2.636 -2.600 -2.557 -2.508 -2.452 -2.386 -2.311 -2.225 -2.130 
-2.032 -1.944 -1.879 -1.845 -1.848 -1.865 -1.899 -1.957 -2.038 -2.132 
-2.231 -2.329 -2.421 -2.508 -2.588 -2.661 -2.728 -2.790 -2.845 -2.896 
-2.942 -2.984 -3.022 -3.055 -3.086 -3.112 -3.136 -3.156 -3.174 -3.188 
-3.214 
-3.140 -3.143 -3.138 -3.130 -3.119 -3.105 -3.088 -3.068 -3.045 -3.018 
-2.988 -2.955 -2.918 -2.877 -2.833 -2.787 -2.739 -2.693 -2.650 -2.616 
-2.592 -2.577 -2.570 -2.566 -2.563 -2.563 -2.564 -2.567 -2.573 -2.581 
-2.592 -2.605 -2.619 -2.634 -2.648 -2.662 -2.674 -2.685 -2.694 -2.700 
-2.704 -2.704 -2.701 -2.695 -2.684 -2.670 -2.651 -2.627 -2.598 -2.564 
-2.523 -2.476 -2.420 -2.356 -2.282 -2.197 -2.099 -1.989 -1.866 -1.738 
-1.623 -1.551 -1.552 -1.627 -1.744 -1.871 -1.993 -2.108 -2.218 -2.321 
-2.417 -2.504 -2.584 -2.656 -2.721 -2.780 -2.833 -2.881 -2.924 -2.962 
-2.996 -3.026 -3.053 -3.075 -3.095 -3.111 -3.124 -3.134 -3.140 -3.144 
-3.140 
-3.037 -3.033 -3.020 -3.004 -2.983 -2.959 -2.930 -2.896 -2.858 -2.814 
-2.766 -2.712 -2.652 -2.588 -2.520 -2.451 -2.382 -2.320 -2.271 -2.241 
-2.234 -2.252 -2.289 -2.339 -2.396 -2.454 -2.511 -2.563 -2.611 -2.654 
-2.693 -2.728 -2.758 -2.784 -2.806 -2.824 -2.838 -2.848 -2.854 -2.856 
-2.854 -2.848 -2.838 -2.824 -2.806 -2.784 -2.757 -2.726 -2.689 -2.647 
-2.600 -2.546 -2.485 -2.417 -2.341 -2.255 -2.157 -2.048 -1.926 -1.794 
-1.665 -1.570 -1.548 -1.614 -1.738 -1.881 -2.020 -2.146 -2.257 -2.356 
-2.444 -2.522 -2.592 -2.656 -2.712 -2.763 -2.809 -2.850 -2.887 -2.919 
-2.948 -2.972 -2.994 -3.011 -3.026 -3.037 -3.045 -3.049 -3.050 -3.048 
-3.042 
-2.969 -2.962 -2.973 -2.982 -2.990 -2.995 -2.998 -2.998 -2.996 -2.991 
-2.982 -2.970 -2.954 -2.933 -2.908 -2.878 -2.845 -2.812 -2.783 -2.764 
-2.758 -2.764 -2.781 -2.801 -2.820 -2.836 -2.845 -2.849 -2.847 -2.839 
-2.825 -2.807 -2.783 -2.755 -2.722 -2.685 -2.644 -2.600 -2.553 -2.506 
-2.458 -2.411 -2.366 -2.325 -2.287 -2.251 -2.217 -2.184 -2.149 -2.112 
-2.072 -2.029 -1.983 -1.934 -1.884 -1.837 -1.793 -1.756 -1.725 -1.699 
-1.678 -1.666 -1.678 -1.724 -1.790 -1.865 -1.942 -2.019 -2.093 -2.164 
-2.232 -2.296 -2.356 -2.412 -2.465 -2.514 -2.560 -2.603 -2.644 -2.681 
-2.716 -2.749 -2.779 -2.807 -2.833 -2.857 -2.879 -2.900 -2.918 -2.934 
-2.962 
-3.025 -3.071 -3.079 -3.085 -3.089 -3.091 -3.091 -3.089 -3.084 -3.077 
-3.069 -3.058 -3.044 -3.029 -3.011 -2.990 -2.967 -2.942 -2.914 -2.883 
-2.849 -2.813 -2.773 -2.731 -2.686 -2.637 -2.586 -2.533 -2.477 -2.420 
-2.362 -2.304 -2.247 -2.192 -2.139 -2.088 -2.037 -1.987 -1.937 -1.886 
-1.837 -1.790 -1.746 -1.707 -1.673 -1.643 -1.616 -1.591 -1.566 -1.540 
-1.511 -1.480 -1.446 -1.411 -1.377 -1.351 -1.335 -1.333 -1.342 -1.357 
-1.372 -1.398 -1.458 -1.558 -1.678 -1.800 -1.915 -2.021 -2.117 -2.206 
-2.288 -2.363 -2.433 -2.497 -2.557 -2.612 -2.663 -2.710 -2.754 -2.794 
-2.831 -2.866 -2.897 -2.926 -2.953 -2.976 -2.998 -3.017 -3.034 -3.048 
-3.022 
-2.712 -2.725 -2.734 -2.740 -2.743 -2.744 -2.743 -2.739 -2.732 -2.723 
-2.712 -2.698 -2.681 -2.661 -2.639 -2.614 -2.586 -2.556 -2.522 -2.485 
-2.445 -2.402 -2.356 -2.307 -2.255 -2.200 -2.143 -2.085 -2.026 -1.967 
-1.910 -1.857 -1.811 -1.772 -1.741 -1.721 -1.708 -1.703 -1.704 -1.706 
-1.710 -1.712 -1.712 -1.710 -1.704 -1.694 -1.680 -1.662 -1.639 -1.610 
-1.575 -1.534 -1.487 -1.432 -1.369 -1.300 -1.221 -1.134 -1.037 -0.936 
-0.848 -0.798 -0.811 -0.888 -1.010 -1.150 -1.292 -1.427 -1.552 -1.667 
-1.772 -1.868 -1.956 -2.036 -2.110 -2.178 -2.241 -2.299 -2.352 -2.401 
-2.446 -2.487 -2.524 -2.558 -2.589 -2.617 -2.642 -2.664 -2.683 -2.700 
-2.710 
-2.325 -2.371 -2.388 -2.404 -2.420 -2.436 -2.451 -2.466 -2.481 -2.494 
-2.506 -2.517 -2.526 -2.534 -2.539 -2.542 -2.543 -2.541 -2.536 -2.529 
-2.519 -2.506 -2.490 -2.471 -2.449 -2.424 -2.396 -2.366 -2.332 -2.297 
-2.260 -2.223 -2.186 -2.151 -2.118 -2.088 -2.060 -2.032 -2.004 -1.975 
-1.942 -1.906 -1.867 -1.824 -1.777 -1.726 -1.672 -1.615 -1.555 -1.492 
-1.425 -1.355 -1.281 -1.202 -1.117 -1.024 -0.922 -0.803 -0.657 -0.461 
-0.345 -0.418 -0.468 -0.531 -0.626 -0.746 -0.877 -1.007 -1.132 -1.249 
-1.358 -1.458 -1.550 -1.635 -1.713 -1.785 -1.851 -1.912 -1.968 -2.019 
-2.066 -2.109 -2.148 -2.183 -2.215 -2.243 -2.269 -2.293 -2.315 -2.334 
-2.319 
-1.904 -1.915 -1.932 -1.949 -1.968 -1.988 -2.011 -2.034 -2.059 -2.084 
-2.111 -2.137 -2.163 -2.189 -2.214 -2.239 -2.261 -2.283 -2.302 -2.320 
-2.337 -2.351 -2.363 -2.373 -2.381 -2.386 -2.389 -2.390 -2.389 -2.385 
-2.379 -2.370 -2.358 -2.344 -2.328 -2.308 -2.286 -2.261 -2.232 -2.201 
-2.167 -2.129 -2.087 -2.042 -1.993 -1.940 -1.883 -1.820 -1.753 -1.679 
-1.598 -1.508 -1.408 -1.295 -1.165 -1.013 -0.827 -0.593 -0.292 0.000 
0.105 -0.075 -0.338 -0.556 -0.728 -0.872 -0.995 -1.101 -1.192 -1.270 
-1.337 -1.395 -1.445 -1.489 -1.528 -1.563 -1.595 -1.624 -1.653 -1.680 
-1.706 -1.732 -1.756 -1.779 -1.800 -1.819 -1.838 -1.854 -1.870 -1.885 
-1.902 
-1.791 -1.801 -1.843 -1.882 -1.919 -1.955 -1.988 -2.019 -2.048 -2.075 
-2.100 -2.122 -2.143 -2.161 -2.177 -2.191 -2.203 -2.214 -2.222 -2.230 
-2.236 -2.240 -2.244 -2.247 -2.248 -2.249 -2.248 -2.247 -2.243 -2.238 
-2.231 -2.222 -2.211 -2.198 -2.182 -2.163 -2.141 -2.117 -2.089 -2.058 
-2.024 -1.986 -1.944 -1.898 -1.847 -1.792 -1.732 -1.666 -1.593 -1.513 
-1.426 -1.329 -1.221 -1.100 -0.963 -0.807 -0.628 -0.423 -0.198 0.018 
0.128 0.065 -0.063 -0.128 0.288 -0.287 -0.547 -0.682 -0.776 -0.849 
-0.908 -0.957 -1.000 -1.037 -1.072 -1.105 -1.137 -1.171 -1.206 -1.244 
-1.284 -1.327 -1.372 -1.420 -1.469 -1.519 -1.568 -1.618 -1.666 -1.713 
-1.770 
-2.069 -2.113 -2.128 -2.139 -2.147 -2.153 -2.155 -2.155 -2.152 -2.147 
-2.140 -2.131 -2.121 -2.109 -2.097 -2.084 -2.072 -2.059 -2.048 -2.038 
-2.029 -2.022 -2.017 -2.014 -2.012 -2.012 -2.013 -2.015 -2.017 -2.020 
-2.022 -2.023 -2.023 -2.022 -2.020 -2.017 -2.011 -2.004 -1.996 -1.986 
-1.973 -1.959 -1.943 -1.924 -1.902 -1.877 -1.848 -1.815 -1.776 -1.733 
-1.682 -1.624 -1.557 -1.479 -1.388 -1.281 -1.153 -1.001 -0.822 -0.633 
-0.487 -0.398 -0.188 0.417 0.839 0.436 -0.211 -0.592 -0.830 -1.004 
-1.139 -1.247 -1.337 -1.413 -1.478 -1.536 -1.588 -1.635 -1.680 -1.724 
-1.765 -1.806 -1.846 -1.885 -1.923 -1.958 -1.991 -2.022 -2.049 -2.074 
-2.068 
-2.232 -2.260 -2.273 -2.284 -2.292 -2.299 -2.303 -2.306 -2.306 -2.305 
-2.302 -2.297 -2.290 -2.282 -2.272 -2.260 -2.248 -2.234 -2.219 -2.203 
-2.186 -2.168 -2.149 -2.129 -2.109 -2.087 -2.064 -2.040 -2.016 -1.990 
-1.964 -1.937 -1.910 -1.883 -1.857 -1.831 -1.805 -1.781 -1.758 -1.735 
-1.714 -1.694 -1.673 -1.653 -1.633 -1.611 -1.588 -1.563 -1.535 -1.503 
-1.467 -1.425 -1.378 -1.323 -1.259 -1.185 -1.097 -0.994 -0.872 -0.730 
-0.573 -0.418 -0.246 -0.017 0.402 0.008 -0.279 -0.546 -0.772 -0.958 
-1.114 -1.247 -1.363 -1.464 -1.554 -1.635 -1.708 -1.774 -1.834 -1.888 
-1.938 -1.984 -2.025 -2.063 -2.098 -2.129 -2.158 -2.183 -2.206 -2.226 
-2.227 
-2.136 -2.136 -2.154 -2.171 -2.186 -2.200 -2.213 -2.224 -2.234 -2.243 
-2.250 -2.257 -2.261 -2.265 -2.267 -2.268 -2.268 -2.266 -2.263 -2.259 
-2.253 -2.246 -2.238 -2.228 -2.217 -2.204 -2.190 -2.174 -2.157 -2.138 
-2.119 -2.097 -2.075 -2.051 -2.026 -2.000 -1.973 -1.944 -1.914 -1.883 
-1.850 -1.816 -1.779 -1.740 -1.699 -1.654 -1.607 -1.555 -1.500 -1.439 
-1.373 -1.301 -1.222 -1.134 -1.036 -0.926 -0.801 -0.659 -0.500 -0.334 
-0.191 -0.118 -0.141 -0.217 -0.298 -0.447 -0.639 -0.810 -0.953 -1.075 
-1.182 -1.276 -1.360 -1.435 -1.505 -1.568 -1.626 -1.679 -1.729 -1.775 
-1.818 -1.858 -1.895 -1.930 -1.962 -1.992 -2.021 -2.047 -2.072 -2.095 
-2.128 
-2.255 -2.281 -2.302 -2.322 -2.339 -2.355 -2.369 -2.381 -2.391 -2.399 
-2.406 -2.411 -2.414 -2.415 -2.415 -2.413 -2.409 -2.403 -2.396 -2.387 
-2.376 -2.363 -2.349 -2.332 -2.314 -2.293 -2.271 -2.247 -2.221 -2.192 
-2.162 -2.129 -2.095 -2.058 -2.019 -1.979 -1.936 -1.892 -1.846 -1.798 
-1.750 -1.701 -1.651 -1.601 -1.550 -1.498 -1.444 -1.389 -1.331 -1.271 
-1.206 -1.137 -1.063 -0.983 -0.895 -0.798 -0.692 -0.573 -0.442 -0.305 
-0.178 -0.095 -0.085 -0.133 -0.193 -0.311 -0.508 -0.696 -0.858 -0.997 
-1.120 -1.230 -1.329 -1.420 -1.503 -1.580 -1.651 -1.717 -1.778 -1.836 
-1.889 -1.939 -1.985 -2.028 -2.069 -2.106 -2.141 -2.174 -2.204 -2.232 
-2.246 
-2.365 -2.388 -2.408 -2.426 -2.441 -2.454 -2.465 -2.473 -2.480 -2.484 
-2.486 -2.485 -2.483 -2.478 -2.472 -2.463 -2.452 -2.439 -2.423 -2.406 
-2.386 -2.364 -2.339 -2.313 -2.284 -2.252 -2.218 -2.182 -2.143 -2.102 
-2.059 -2.013 -1.965 -1.915 -1.864 -1.811 -1.757 -1.702 -1.648 -1.595 
-1.544 -1.496 -1.451 -1.411 -1.374 -1.341 -1.312 -1.285 -1.259 -1.233 
-1.205 -1.175 -1.140 -1.099 -1.051 -0.995 -0.927 -0.847 -0.751 -0.639 
-0.511 -0.370 -0.212 -0.029 0.115 0.091 -0.118 -0.390 -0.637 -0.844 
-1.019 -1.169 -1.300 -1.416 -1.519 -1.613 -1.698 -1.776 -1.847 -1.913 
-1.973 -2.028 -2.080 -2.127 -2.171 -2.211 -2.248 -2.281 -2.312 -2.340 
-2.358 
-2.411 -2.427 -2.450 -2.470 -2.488 -2.504 -2.517 -2.529 -2.538 -2.545 
-2.549 -2.552 -2.553 -2.551 -2.548 -2.542 -2.534 -2.525 -2.513 -2.499 
-2.483 -2.465 -2.445 -2.423 -2.398 -2.372 -2.343 -2.312 -2.279 -2.243 
-2.206 -2.166 -2.124 -2.081 -2.035 -1.988 -1.939 -1.889 -1.838 -1.786 
-1.735 -1.684 -1.634 -1.585 -1.539 -1.493 -1.450 -1.409 -1.369 -1.330 
-1.292 -1.253 -1.214 -1.171 -1.125 -1.073 -1.014 -0.945 -0.863 -0.765 
-0.645 -0.497 -0.316 -0.110 0.063 0.099 -0.006 -0.229 -0.501 -0.736 
-0.932 -1.099 -1.243 -1.370 -1.483 -1.585 -1.677 -1.761 -1.838 -1.908 
-1.973 -2.033 -2.089 -2.140 -2.187 -2.231 -2.271 -2.308 -2.342 -2.373 
-2.401 
-2.524 -2.551 -2.578 -2.602 -2.624 -2.643 -2.660 -2.675 -2.687 -2.697 
-2.705 -2.711 -2.714 -2.715 -2.715 -2.712 -2.706 -2.699 -2.690 -2.678 
-2.665 -2.649 -2.631 -2.611 -2.588 -2.563 -2.536 -2.507 -2.475 -2.441 
-2.404 -2.365 -2.323 -2.279 -2.232 -2.183 -2.131 -2.077 -2.021 -1.962 
-1.902 -1.840 -1.778 -1.714 -1.651 -1.588 -1.527 -1.467 -1.410 -1.354 
-1.301 -1.252 -1.208 -1.170 -1.137 -1.106 -1.072 -1.031 -0.980 -0.914 
-0.830 -0.723 -0.583 -0.404 -0.187 0.021 0.136 0.035 -0.215 -0.497 
-0.753 -0.971 -1.156 -1.315 -1.454 -1.576 -1.685 -1.784 -1.874 -1.956 
-2.031 -2.099 -2.163 -2.221 -2.275 -2.325 -2.371 -2.413 -2.452 -2.488 
-2.514 
-2.612 -2.655 -2.686 -2.715 -2.741 -2.764 -2.785 -2.804 -2.819 -2.833 
-2.844 -2.853 -2.859 -2.864 -2.866 -2.865 -2.863 -2.858 -2.851 -2.842 
-2.831 -2.818 -2.802 -2.783 -2.763 -2.740 -2.714 -2.686 -2.656 -2.622 
-2.587 -2.548 -2.506 -2.461 -2.414 -2.363 -2.309 -2.252 -2.191 -2.127 
-2.059 -1.987 -1.912 -1.833 -1.750 -1.662 -1.571 -1.475 -1.376 -1.276 
-1.181 -1.096 -1.028 -0.983 -0.959 -0.952 -0.952 -0.952 -0.947 -0.930 
-0.898 -0.848 -0.776 -0.675 -0.537 -0.359 -0.189 -0.158 -0.213 -0.359 
-0.582 -0.819 -1.035 -1.223 -1.387 -1.531 -1.659 -1.774 -1.878 -1.972 
-2.058 -2.137 -2.209 -2.276 -2.338 -2.395 -2.447 -2.496 -2.541 -2.582 
-2.601 
-2.519 -2.539 -2.567 -2.591 -2.613 -2.633 -2.650 -2.664 -2.676 -2.686 
-2.694 -2.699 -2.702 -2.703 -2.702 -2.699 -2.693 -2.686 -2.676 -2.664 
-2.650 -2.633 -2.615 -2.594 -2.571 -2.545 -2.517 -2.487 -2.454 -2.419 
-2.382 -2.342 -2.299 -2.254 -2.207 -2.157 -2.105 -2.051 -1.996 -1.938 
-1.880 -1.822 -1.763 -1.706 -1.649 -1.595 -1.543 -1.494 -1.446 -1.400 
-1.355 -1.313 -1.275 -1.244 -1.218 -1.195 -1.170 -1.140 -1.100 -1.050 
-0.985 -0.903 -0.800 -0.674 -0.527 -0.379 -0.280 -0.282 -0.385 -0.562 
-0.764 -0.957 -1.131 -1.286 -1.425 -1.548 -1.660 -1.760 -1.852 -1.935 
-2.012 -2.082 -2.146 -2.206 -2.261 -2.311 -2.358 -2.401 -2.440 -2.476 
-2.508 
-2.508 -2.521 -2.552 -2.579 -2.604 -2.626 -2.646 -2.663 -2.677 -2.690 
-2.700 -2.708 -2.713 -2.717 -2.718 -2.717 -2.714 -2.709 -2.702 -2.692 
-2.681 -2.667 -2.651 -2.633 -2.613 -2.590 -2.565 -2.538 -2.509 -2.478 
-2.444 -2.408 -2.369 -2.329 -2.286 -2.241 -2.194 -2.146 -2.095 -2.044 
-1.992 -1.939 -1.886 -1.834 -1.783 -1.735 -1.689 -1.645 -1.605 -1.567 
-1.532 -1.500 -1.471 -1.444 -1.418 -1.393 -1.366 -1.337 -1.302 -1.260 
-1.210 -1.149 -1.075 -0.985 -0.879 -0.761 -0.657 -0.608 -0.611 -0.654 
-0.745 -0.875 -1.025 -1.175 -1.316 -1.447 -1.566 -1.675 -1.774 -1.864 
-1.947 -2.023 -2.093 -2.158 -2.217 -2.272 -2.323 -2.369 -2.412 -2.452 
-2.495 
-2.714 -2.765 -2.797 -2.826 -2.852 -2.876 -2.896 -2.914 -2.930 -2.943 
-2.954 -2.963 -2.969 -2.973 -2.974 -2.974 -2.971 -2.966 -2.958 -2.949 
-2.936 -2.922 -2.905 -2.886 -2.865 -2.841 -2.815 -2.786 -2.755 -2.721 
-2.685 -2.647 -2.606 -2.563 -2.517 -2.470 -2.421 -2.370 -2.318 -2.265 
-2.211 -2.156 -2.099 -2.040 -1.978 -1.913 -1.846 -1.776 -1.704 -1.633 
-1.564 -1.502 -1.447 -1.403 -1.370 -1.345 -1.326 -1.309 -1.290 -1.266 
-1.234 -1.190 -1.133 -1.058 -0.964 -0.851 -0.748 -0.707 -0.716 -0.772 
-0.882 -1.033 -1.197 -1.357 -1.507 -1.644 -1.768 -1.881 -1.984 -2.079 
-2.165 -2.244 -2.317 -2.385 -2.447 -2.504 -2.557 -2.606 -2.651 -2.692 
-2.703 
-2.726 -2.744 -2.766 -2.785 -2.801 -2.815 -2.826 -2.834 -2.840 -2.844 
-2.845 -2.845 -2.841 -2.836 -2.828 -2.818 -2.805 -2.790 -2.773 -2.754 
-2.732 -2.708 -2.681 -2.652 -2.620 -2.586 -2.550 -2.511 -2.470 -2.426 
-2.381 -2.334 -2.285 -2.236 -2.186 -2.135 -2.086 -2.039 -1.995 -1.954 
-1.918 -1.886 -1.860 -1.838 -1.820 -1.805 -1.791 -1.776 -1.761 -1.742 
-1.721 -1.698 -1.673 -1.646 -1.618 -1.588 -1.554 -1.514 -1.464 -1.402 
-1.326 -1.230 -1.110 -0.962 -0.785 -0.606 -0.499 -0.542 -0.707 -0.912 
-1.111 -1.295 -1.460 -1.606 -1.737 -1.853 -1.957 -2.050 -2.135 -2.212 
-2.282 -2.345 -2.404 -2.457 -2.506 -2.551 -2.592 -2.629 -2.662 -2.693 
-2.718 
-2.700 -2.715 -2.736 -2.754 -2.770 -2.783 -2.794 -2.802 -2.807 -2.811 
-2.812 -2.810 -2.806 -2.800 -2.792 -2.781 -2.768 -2.753 -2.735 -2.715 
-2.692 -2.667 -2.640 -2.610 -2.577 -2.542 -2.504 -2.464 -2.422 -2.377 
-2.329 -2.280 -2.229 -2.176 -2.122 -2.069 -2.015 -1.964 -1.915 -1.870 
-1.830 -1.796 -1.770 -1.751 -1.739 -1.732 -1.729 -1.729 -1.730 -1.729 
-1.727 -1.722 -1.713 -1.698 -1.678 -1.652 -1.618 -1.575 -1.522 -1.458 
-1.381 -1.287 -1.174 -1.041 -0.890 -0.741 -0.643 -0.663 -0.785 -0.946 
-1.119 -1.291 -1.451 -1.595 -1.723 -1.837 -1.940 -2.032 -2.115 -2.191 
-2.260 -2.323 -2.380 -2.433 -2.481 -2.525 -2.565 -2.602 -2.635 -2.664 
-2.691 
-2.714 -2.744 -2.768 -2.789 -2.808 -2.823 -2.836 -2.846 -2.854 -2.859 
-2.862 -2.862 -2.860 -2.855 -2.848 -2.838 -2.826 -2.811 -2.794 -2.774 
-2.751 -2.725 -2.697 -2.666 -2.632 -2.595 -2.555 -2.512 -2.465 -2.416 
-2.363 -2.306 -2.247 -2.185 -2.120 -2.054 -1.988 -1.922 -1.859 -1.802 
-1.752 -1.711 -1.682 -1.665 -1.659 -1.664 -1.676 -1.693 -1.711 -1.729 
-1.745 -1.757 -1.765 -1.767 -1.763 -1.752 -1.734 -1.708 -1.673 -1.628 
-1.572 -1.502 -1.417 -1.314 -1.191 -1.055 -0.927 -0.853 -0.845 -0.886 
-0.983 -1.128 -1.294 -1.457 -1.607 -1.741 -1.860 -1.968 -2.064 -2.151 
-2.230 -2.301 -2.366 -2.426 -2.480 -2.530 -2.575 -2.616 -2.653 -2.687 
-2.705 
-2.671 -2.678 -2.698 -2.716 -2.730 -2.742 -2.752 -2.758 -2.763 -2.764 
-2.764 -2.760 -2.755 -2.746 -2.735 -2.722 -2.706 -2.688 -2.666 -2.643 
-2.616 -2.586 -2.554 -2.519 -2.480 -2.439 -2.394 -2.346 -2.295 -2.240 
-2.183 -2.123 -2.060 -1.995 -1.930 -1.865 -1.803 -1.745 -1.695 -1.654 
-1.625 -1.608 -1.602 -1.606 -1.617 -1.633 -1.652 -1.671 -1.689 -1.704 
-1.714 -1.720 -1.720 -1.714 -1.701 -1.682 -1.654 -1.617 -1.571 -1.513 
-1.442 -1.355 -1.250 -1.124 -0.975 -0.814 -0.678 -0.626 -0.691 -0.839 
-1.020 -1.204 -1.375 -1.527 -1.663 -1.783 -1.890 -1.985 -2.072 -2.149 
-2.220 -2.285 -2.343 -2.396 -2.445 -2.489 -2.530 -2.566 -2.599 -2.628 
-2.662 
-2.752 -2.787 -2.808 -2.827 -2.842 -2.855 -2.866 -2.874 -2.879 -2.882 
-2.883 -2.881 -2.877 -2.871 -2.862 -2.850 -2.837 -2.821 -2.802 -2.781 
-2.758 -2.732 -2.704 -2.673 -2.640 -2.605 -2.567 -2.527 -2.485 -2.441 
-2.395 -2.348 -2.301 -2.253 -2.205 -2.160 -2.116 -2.077 -2.042 -2.013 
-1.992 -1.977 -1.968 -1.964 -1.964 -1.965 -1.966 -1.967 -1.967 -1.965 
-1.961 -1.954 -1.944 -1.930 -1.913 -1.890 -1.862 -1.827 -1.786 -1.737 
-1.678 -1.609 -1.528 -1.432 -1.319 -1.191 -1.064 -0.982 -0.985 -1.059 
-1.185 -1.338 -1.493 -1.638 -1.770 -1.887 -1.993 -2.088 -2.174 -2.252 
-2.322 -2.387 -2.446 -2.500 -2.549 -2.594 -2.635 -2.672 -2.706 -2.736 
-2.745 
-2.690 -2.708 -2.732 -2.754 -2.773 -2.790 -2.805 -2.817 -2.828 -2.835 
-2.841 -2.845 -2.846 -2.846 -2.843 -2.838 -2.831 -2.822 -2.810 -2.797 
-2.781 -2.763 -2.743 -2.721 -2.697 -2.670 -2.641 -2.610 -2.577 -2.542 
-2.505 -2.465 -2.424 -2.381 -2.337 -2.292 -2.245 -2.198 -2.151 -2.103 
-2.056 -2.009 -1.964 -1.920 -1.878 -1.838 -1.802 -1.769 -1.739 -1.713 
-1.690 -1.670 -1.651 -1.634 -1.617 -1.598 -1.578 -1.555 -1.529 -1.499 
-1.466 -1.430 -1.392 -1.355 -1.321 -1.294 -1.278 -1.274 -1.293 -1.345 
-1.428 -1.524 -1.622 -1.717 -1.807 -1.892 -1.973 -2.049 -2.120 -2.187 
-2.250 -2.308 -2.363 -2.414 -2.461 -2.505 -2.546 -2.584 -2.619 -2.652 
-2.681 
-2.690 -2.703 -2.731 -2.755 -2.778 -2.798 -2.816 -2.832 -2.846 -2.857 
-2.866 -2.874 -2.879 -2.882 -2.882 -2.881 -2.877 -2.872 -2.864 -2.854 
-2.842 -2.827 -2.811 -2.792 -2.770 -2.746 -2.720 -2.691 -2.659 -2.625 
-2.587 -2.547 -2.505 -2.459 -2.412 -2.362 -2.312 -2.262 -2.212 -2.163 
-2.116 -2.069 -2.021 -1.972 -1.922 -1.872 -1.823 -1.777 -1.734 -1.696 
-1.665 -1.640 -1.622 -1.610 -1.603 -1.599 -1.598 -1.597 -1.596 -1.595 
-1.591 -1.586 -1.580 -1.573 -1.567 -1.563 -1.564 -1.569 -1.579 -1.589 
-1.601 -1.628 -1.680 -1.753 -1.831 -1.907 -1.979 -2.048 -2.113 -2.175 
-2.234 -2.290 -2.344 -2.394 -2.442 -2.487 -2.530 -2.570 -2.607 -2.641 
-2.678 
-2.871 -2.908 -2.934 -2.957 -2.978 -2.995 -3.009 -3.021 -3.030 -3.037 
-3.041 -3.042 -3.040 -3.036 -3.029 -3.020 -3.008 -2.993 -2.975 -2.954 
-2.930 -2.904 -2.874 -2.841 -2.804 -2.764 -2.720 -2.673 -2.622 -2.567 
-2.509 -2.447 -2.382 -2.316 -2.249 -2.185 -2.125 -2.074 -2.034 -2.009 
-1.999 -2.002 -2.015 -2.034 -2.054 -2.073 -2.088 -2.099 -2.106 -2.109 
-2.109 -2.108 -2.107 -2.106 -2.104 -2.101 -2.097 -2.089 -2.078 -2.062 
-2.040 -2.012 -1.976 -1.931 -1.876 -1.810 -1.731 -1.642 -1.547 -1.457 
-1.389 -1.373 -1.425 -1.535 -1.673 -1.814 -1.946 -2.065 -2.171 -2.267 
-2.353 -2.430 -2.500 -2.564 -2.623 -2.676 -2.725 -2.769 -2.809 -2.845 
-2.861 
-2.944 -2.971 -2.992 -3.010 -3.025 -3.038 -3.048 -3.055 -3.060 -3.062 
-3.061 -3.058 -3.053 -3.045 -3.034 -3.021 -3.005 -2.986 -2.965 -2.941 
-2.914 -2.884 -2.851 -2.814 -2.775 -2.732 -2.685 -2.635 -2.581 -2.523 
-2.462 -2.397 -2.330 -2.261 -2.191 -2.124 -2.062 -2.008 -1.968 -1.943 
-1.934 -1.941 -1.958 -1.984 -2.013 -2.043 -2.072 -2.098 -2.120 -2.138 
-2.152 -2.161 -2.165 -2.164 -2.158 -2.147 -2.130 -2.109 -2.081 -2.048 
-2.008 -1.962 -1.908 -1.845 -1.774 -1.695 -1.613 -1.539 -1.488 -1.475 
-1.503 -1.569 -1.669 -1.791 -1.918 -2.039 -2.149 -2.249 -2.340 -2.421 
-2.495 -2.562 -2.623 -2.679 -2.730 -2.775 -2.817 -2.855 -2.889 -2.919 
-2.936 
-2.908 -2.911 -2.928 -2.942 -2.955 -2.965 -2.973 -2.979 -2.982 -2.984 
-2.983 -2.980 -2.975 -2.969 -2.960 -2.948 -2.935 -2.920 -2.902 -2.883 
-2.861 -2.837 -2.811 -2.782 -2.751 -2.718 -2.682 -2.644 -2.604 -2.561 
-2.515 -2.467 -2.416 -2.363 -2.308 -2.252 -2.197 -2.145 -2.100 -2.066 
-2.045 -2.034 -2.031 -2.031 -2.032 -2.031 -2.030 -2.028 -2.024 -2.019 
-2.013 -2.005 -1.995 -1.983 -1.970 -1.954 -1.936 -1.918 -1.898 -1.877 
-1.858 -1.839 -1.823 -1.809 -1.798 -1.788 -1.777 -1.767 -1.765 -1.783 
-1.830 -1.903 -1.989 -2.077 -2.161 -2.240 -2.312 -2.378 -2.440 -2.497 
-2.549 -2.598 -2.643 -2.684 -2.722 -2.757 -2.790 -2.819 -2.846 -2.870 
-2.901 
-3.055 -3.079 -3.100 -3.118 -3.133 -3.146 -3.156 -3.163 -3.168 -3.170 
-3.170 -3.167 -3.161 -3.153 -3.143 -3.129 -3.113 -3.094 -3.073 -3.048 
-3.020 -2.990 -2.956 -2.918 -2.877 -2.832 -2.782 -2.728 -2.670 -2.606 
-2.537 -2.462 -2.381 -2.294 -2.202 -2.108 -2.015 -1.930 -1.862 -1.819 
-1.809 -1.828 -1.870 -1.923 -1.979 -2.033 -2.082 -2.124 -2.159 -2.187 
-2.209 -2.224 -2.234 -2.238 -2.236 -2.228 -2.215 -2.197 -2.173 -2.144 
-2.108 -2.066 -2.017 -1.958 -1.890 -1.810 -1.720 -1.631 -1.567 -1.559 
-1.604 -1.690 -1.801 -1.923 -2.045 -2.160 -2.267 -2.364 -2.452 -2.532 
-2.605 -2.672 -2.732 -2.787 -2.838 -2.883 -2.925 -2.963 -2.997 -3.027 
-3.046 
-3.155 -3.205 -3.228 -3.249 -3.266 -3.280 -3.291 -3.300 -3.306 -3.309 
-3.309 -3.307 -3.302 -3.294 -3.284 -3.271 -3.255 -3.236 -3.214 -3.189 
-3.160 -3.129 -3.093 -3.055 -3.012 -2.965 -2.914 -2.858 -2.796 -2.730 
-2.657 -2.578 -2.493 -2.400 -2.301 -2.197 -2.090 -1.987 -1.898 -1.835 
-1.808 -1.820 -1.862 -1.921 -1.988 -2.054 -2.115 -2.170 -2.217 -2.257 
-2.289 -2.313 -2.330 -2.340 -2.342 -2.337 -2.324 -2.303 -2.274 -2.234 
-2.185 -2.123 -2.048 -1.956 -1.847 -1.718 -1.578 -1.452 -1.389 -1.423 
-1.537 -1.682 -1.825 -1.960 -2.087 -2.208 -2.321 -2.426 -2.522 -2.609 
-2.688 -2.761 -2.827 -2.887 -2.942 -2.992 -3.037 -3.078 -3.115 -3.149 
-3.148 
-2.877 -2.908 -2.935 -2.958 -2.978 -2.996 -3.011 -3.024 -3.034 -3.042 
-3.047 -3.050 -3.051 -3.049 -3.046 -3.039 -3.031 -3.020 -3.006 -2.991 
-2.972 -2.951 -2.927 -2.901 -2.871 -2.838 -2.802 -2.762 -2.718 -2.670 
-2.619 -2.563 -2.503 -2.438 -2.370 -2.300 -2.228 -2.157 -2.093 -2.041 
-2.008 -1.995 -2.000 -2.019 -2.047 -2.080 -2.115 -2.149 -2.181 -2.209 
-2.232 -2.251 -2.264 -2.271 -2.273 -2.268 -2.258 -2.241 -2.218 -2.188 
-2.151 -2.108 -2.057 -1.998 -1.933 -1.860 -1.781 -1.701 -1.639 -1.615 
-1.614 -1.624 -1.652 -1.708 -1.789 -1.886 -1.988 -2.089 -2.185 -2.275 
-2.357 -2.433 -2.503 -2.566 -2.624 -2.677 -2.726 -2.770 -2.810 -2.846 
-2.866 
-2.693 -2.687 -2.707 -2.725 -2.742 -2.756 -2.768 -2.779 -2.788 -2.795 
-2.801 -2.806 -2.809 -2.810 -2.810 -2.809 -2.807 -2.803 -2.798 -2.792 
-2.785 -2.777 -2.767 -2.756 -2.744 -2.731 -2.717 -2.701 -2.685 -2.667 
-2.647 -2.627 -2.605 -2.582 -2.558 -2.533 -2.507 -2.482 -2.457 -2.434 
-2.415 -2.401 -2.391 -2.386 -2.382 -2.379 -2.375 -2.368 -2.359 -2.345 
-2.328 -2.307 -2.283 -2.254 -2.221 -2.184 -2.142 -2.097 -2.047 -1.992 
-1.933 -1.871 -1.807 -1.742 -1.679 -1.624 -1.581 -1.557 -1.554 -1.572 
-1.609 -1.660 -1.721 -1.793 -1.869 -1.947 -2.024 -2.096 -2.163 -2.226 
-2.284 -2.338 -2.387 -2.433 -2.475 -2.514 -2.549 -2.582 -2.612 -2.639 
-2.684 
-2.916 -2.956 -2.972 -2.986 -2.998 -3.007 -3.014 -3.019 -3.021 -3.022 
-3.020 -3.016 -3.010 -3.002 -2.992 -2.980 -2.966 -2.950 -2.933 -2.913 
-2.891 -2.868 -2.843 -2.816 -2.787 -2.758 -2.727 -2.695 -2.662 -2.630 
-2.598 -2.567 -2.539 -2.513 -2.490 -2.471 -2.457 -2.447 -2.440 -2.437 
-2.437 -2.439 -2.442 -2.445 -2.447 -2.448 -2.447 -2.444 -2.438 -2.428 
-2.415 -2.399 -2.378 -2.353 -2.324 -2.291 -2.253 -2.211 -2.165 -2.117 
-2.066 -2.014 -1.959 -1.901 -1.842 -1.783 -1.733 -1.701 -1.697 -1.725 
-1.784 -1.863 -1.953 -2.046 -2.137 -2.224 -2.305 -2.380 -2.449 -2.513 
-2.572 -2.625 -2.675 -2.720 -2.761 -2.798 -2.832 -2.862 -2.890 -2.915 
-2.910 
-3.006 -3.017 -3.026 -3.032 -3.036 -3.038 -3.039 -3.037 -3.033 -3.028 
-3.021 -3.012 -3.002 -2.990 -2.976 -2.962 -2.946 -2.929 -2.910 -2.891 
-2.871 -2.851 -2.830 -2.808 -2.786 -2.764 -2.742 -2.720 -2.698 -2.676 
-2.654 -2.633 -2.611 -2.590 -2.569 -2.549 -2.529 -2.509 -2.490 -2.472 
-2.455 -2.440 -2.426 -2.413 -2.401 -2.390 -2.377 -2.363 -2.347 -2.327 
-2.304 -2.276 -2.244 -2.208 -2.168 -2.124 -2.078 -2.032 -1.989 -1.951 
-1.923 -1.909 -1.909 -1.922 -1.946 -1.974 -2.004 -2.035 -2.073 -2.120 
-2.179 -2.244 -2.312 -2.379 -2.443 -2.504 -2.562 -2.615 -2.665 -2.711 
-2.753 -2.792 -2.828 -2.860 -2.889 -2.915 -2.939 -2.960 -2.978 -2.993 
-3.003 
-2.985 -2.996 -3.013 -3.028 -3.041 -3.052 -3.060 -3.067 -3.071 -3.073 
-3.074 -3.072 -3.069 -3.064 -3.057 -3.048 -3.037 -3.025 -3.011 -2.995 
-2.977 -2.958 -2.936 -2.912 -2.887 -2.859 -2.828 -2.796 -2.761 -2.724 
-2.684 -2.642 -2.597 -2.551 -2.503 -2.453 -2.404 -2.356 -2.310 -2.268 
-2.232 -2.203 -2.182 -2.170 -2.164 -2.165 -2.171 -2.180 -2.190 -2.199 
-2.206 -2.211 -2.213 -2.210 -2.202 -2.190 -2.174 -2.155 -2.134 -2.113 
-2.096 -2.084 -2.077 -2.074 -2.075 -2.077 -2.080 -2.086 -2.096 -2.112 
-2.136 -2.167 -2.206 -2.251 -2.302 -2.355 -2.410 -2.465 -2.520 -2.573 
-2.623 -2.671 -2.717 -2.759 -2.799 -2.835 -2.869 -2.900 -2.928 -2.953 
-2.976 
-3.041 -3.043 -3.049 -3.054 -3.057 -3.059 -3.060 -3.060 -3.060 -3.059 
-3.057 -3.055 -3.053 -3.050 -3.047 -3.045 -3.042 -3.039 -3.035 -3.032 
-3.028 -3.023 -3.018 -3.012 -3.005 -2.996 -2.985 -2.973 -2.959 -2.942 
-2.922 -2.900 -2.874 -2.846 -2.814 -2.780 -2.745 -2.708 -2.672 -2.639 
-2.609 -2.584 -2.564 -2.549 -2.539 -2.530 -2.522 -2.512 -2.499 -2.483 
-2.461 -2.433 -2.399 -2.360 -2.317 -2.269 -2.221 -2.174 -2.133 -2.103 
-2.087 -2.087 -2.103 -2.130 -2.165 -2.203 -2.242 -2.279 -2.316 -2.354 
-2.394 -2.437 -2.483 -2.531 -2.580 -2.628 -2.675 -2.719 -2.761 -2.800 
-2.835 -2.868 -2.897 -2.923 -2.947 -2.967 -2.986 -3.001 -3.015 -3.026 
-3.040 
-3.168 -3.201 -3.219 -3.234 -3.247 -3.258 -3.267 -3.274 -3.280 -3.283 
-3.285 -3.285 -3.283 -3.280 -3.275 -3.268 -3.260 -3.250 -3.238 -3.223 
-3.207 -3.189 -3.168 -3.144 -3.118 -3.089 -3.057 -3.021 -2.983 -2.941 
-2.896 -2.847 -2.795 -2.741 -2.685 -2.628 -2.571 -2.517 -2.467 -2.425 
-2.391 -2.368 -2.355 -2.353 -2.358 -2.369 -2.383 -2.398 -2.412 -2.423 
-2.430 -2.433 -2.431 -2.425 -2.415 -2.401 -2.383 -2.364 -2.343 -2.324 
-2.307 -2.293 -2.281 -2.270 -2.260 -2.249 -2.240 -2.235 -2.238 -2.251 
-2.276 -2.313 -2.361 -2.417 -2.477 -2.540 -2.602 -2.663 -2.722 -2.778 
-2.831 -2.880 -2.926 -2.968 -3.007 -3.044 -3.077 -3.107 -3.134 -3.159 
-3.161 
-3.095 -3.108 -3.127 -3.145 -3.161 -3.176 -3.189 -3.201 -3.211 -3.220 
-3.227 -3.232 -3.236 -3.238 -3.239 -3.238 -3.235 -3.230 -3.224 -3.215 
-3.205 -3.193 -3.179 -3.163 -3.145 -3.125 -3.102 -3.078 -3.051 -3.023 
-2.992 -2.960 -2.927 -2.892 -2.857 -2.821 -2.786 -2.752 -2.719 -2.689 
-2.662 -2.639 -2.619 -2.601 -2.584 -2.567 -2.549 -2.529 -2.507 -2.483 
-2.457 -2.430 -2.403 -2.377 -2.352 -2.330 -2.311 -2.296 -2.285 -2.279 
-2.276 -2.276 -2.279 -2.285 -2.292 -2.300 -2.310 -2.323 -2.340 -2.362 
-2.390 -2.423 -2.462 -2.504 -2.548 -2.592 -2.636 -2.679 -2.720 -2.759 
-2.797 -2.834 -2.868 -2.901 -2.932 -2.962 -2.990 -3.016 -3.042 -3.065 
-3.088 
-3.024 -3.047 -3.068 -3.086 -3.102 -3.116 -3.128 -3.137 -3.143 -3.148 
-3.150 -3.150 -3.147 -3.142 -3.135 -3.126 -3.114 -3.100 -3.083 -3.064 
-3.043 -3.020 -2.994 -2.966 -2.936 -2.904 -2.870 -2.834 -2.797 -2.759 
-2.720 -2.681 -2.643 -2.607 -2.573 -2.542 -2.515 -2.493 -2.476 -2.463 
-2.454 -2.448 -2.445 -2.443 -2.441 -2.439 -2.435 -2.429 -2.422 -2.413 
-2.403 -2.393 -2.383 -2.374 -2.365 -2.356 -2.346 -2.335 -2.323 -2.308 
-2.291 -2.272 -2.251 -2.229 -2.207 -2.186 -2.168 -2.157 -2.154 -2.162 
-2.180 -2.209 -2.247 -2.291 -2.340 -2.391 -2.444 -2.496 -2.548 -2.599 
-2.649 -2.697 -2.743 -2.786 -2.828 -2.867 -2.903 -2.937 -2.968 -2.997 
-3.016 
-2.965 -2.987 -3.021 -3.053 -3.083 -3.110 -3.134 -3.156 -3.176 -3.193 
-3.208 -3.220 -3.230 -3.238 -3.244 -3.247 -3.247 -3.245 -3.241 -3.235 
-3.226 -3.215 -3.201 -3.185 -3.167 -3.146 -3.123 -3.097 -3.070 -3.040 
-3.008 -2.975 -2.940 -2.903 -2.867 -2.829 -2.791 -2.754 -2.716 -2.677 
-2.639 -2.599 -2.558 -2.516 -2.472 -2.427 -2.381 -2.336 -2.294 -2.256 
-2.225 -2.202 -2.187 -2.181 -2.182 -2.190 -2.201 -2.214 -2.228 -2.241 
-2.251 -2.260 -2.265 -2.267 -2.267 -2.264 -2.260 -2.255 -2.250 -2.248 
-2.247 -2.250 -2.256 -2.266 -2.281 -2.302 -2.329 -2.361 -2.399 -2.441 
-2.487 -2.535 -2.584 -2.634 -2.683 -2.732 -2.780 -2.825 -2.869 -2.911 
-2.951 
-3.046 -3.071 -3.104 -3.134 -3.161 -3.186 -3.208 -3.227 -3.244 -3.258 
-3.270 -3.279 -3.286 -3.290 -3.292 -3.292 -3.289 -3.284 -3.276 -3.267 
-3.254 -3.240 -3.223 -3.204 -3.182 -3.158 -3.131 -3.103 -3.072 -3.038 
-3.003 -2.965 -2.926 -2.886 -2.844 -2.802 -2.761 -2.720 -2.681 -2.644 
-2.611 -2.583 -2.560 -2.541 -2.527 -2.517 -2.510 -2.506 -2.503 -2.501 
-2.500 -2.502 -2.505 -2.509 -2.516 -2.522 -2.529 -2.534 -2.537 -2.538 
-2.535 -2.529 -2.520 -2.507 -2.490 -2.471 -2.449 -2.424 -2.398 -2.371 
-2.346 -2.323 -2.306 -2.297 -2.299 -2.312 -2.338 -2.374 -2.420 -2.472 
-2.528 -2.586 -2.644 -2.702 -2.757 -2.811 -2.861 -2.909 -2.954 -2.996 
-3.032 
-3.245 -3.277 -3.301 -3.322 -3.341 -3.357 -3.371 -3.382 -3.391 -3.398 
-3.402 -3.404 -3.404 -3.401 -3.396 -3.389 -3.379 -3.367 -3.352 -3.335 
-3.316 -3.293 -3.268 -3.241 -3.210 -3.177 -3.142 -3.103 -3.063 -3.022 
-2.981 -2.942 -2.906 -2.874 -2.847 -2.824 -2.803 -2.783 -2.764 -2.746 
-2.729 -2.715 -2.703 -2.694 -2.689 -2.687 -2.688 -2.690 -2.695 -2.700 
-2.705 -2.709 -2.713 -2.715 -2.715 -2.713 -2.709 -2.703 -2.694 -2.683 
-2.669 -2.653 -2.635 -2.615 -2.594 -2.571 -2.547 -2.523 -2.499 -2.479 
-2.466 -2.466 -2.481 -2.510 -2.547 -2.589 -2.636 -2.685 -2.736 -2.789 
-2.841 -2.893 -2.943 -2.991 -3.036 -3.078 -3.118 -3.156 -3.190 -3.222 
-3.237 
-3.282 -3.322 -3.339 -3.355 -3.368 -3.380 -3.389 -3.396 -3.400 -3.402 
-3.402 -3.399 -3.393 -3.385 -3.373 -3.358 -3.340 -3.318 -3.293 -3.264 
-3.231 -3.193 -3.152 -3.106 -3.056 -3.003 -2.946 -2.886 -2.826 -2.767 
-2.713 -2.668 -2.636 -2.619 -2.619 -2.633 -2.660 -2.693 -2.730 -2.767 
-2.802 -2.834 -2.862 -2.886 -2.906 -2.923 -2.936 -2.946 -2.953 -2.957 
-2.959 -2.958 -2.955 -2.950 -2.942 -2.932 -2.920 -2.904 -2.884 -2.861 
-2.833 -2.799 -2.759 -2.713 -2.659 -2.597 -2.528 -2.454 -2.380 -2.315 
-2.272 -2.263 -2.292 -2.355 -2.438 -2.530 -2.621 -2.708 -2.788 -2.860 
-2.925 -2.984 -3.036 -3.083 -3.125 -3.163 -3.197 -3.228 -3.255 -3.280 
-3.275 
-3.100 -3.088 -3.101 -3.115 -3.130 -3.145 -3.160 -3.175 -3.189 -3.203 
-3.216 -3.229 -3.240 -3.250 -3.258 -3.265 -3.269 -3.272 -3.273 -3.271 
-3.267 -3.260 -3.250 -3.238 -3.222 -3.204 -3.182 -3.158 -3.131 -3.103 
-3.075 -3.049 -3.028 -3.014 -3.006 -3.005 -3.007 -3.010 -3.013 -3.013 
-3.010 -3.003 -2.994 -2.981 -2.966 -2.949 -2.930 -2.910 -2.890 -2.871 
-2.852 -2.835 -2.820 -2.808 -2.799 -2.792 -2.788 -2.786 -2.786 -2.786 
-2.787 -2.788 -2.787 -2.784 -2.778 -2.769 -2.756 -2.738 -2.718 -2.698 
-2.685 -2.688 -2.709 -2.745 -2.787 -2.828 -2.864 -2.894 -2.920 -2.941 
-2.958 -2.973 -2.986 -2.998 -3.009 -3.019 -3.029 -3.040 -3.051 -3.063 
-3.096 
-3.193 -3.236 -3.250 -3.262 -3.273 -3.283 -3.291 -3.298 -3.303 -3.306 
-3.307 -3.307 -3.304 -3.300 -3.294 -3.285 -3.275 -3.262 -3.247 -3.231 
-3.212 -3.192 -3.171 -3.148 -3.124 -3.100 -3.075 -3.051 -3.027 -3.006 
-2.986 -2.968 -2.954 -2.942 -2.934 -2.929 -2.926 -2.926 -2.927 -2.929 
-2.931 -2.933 -2.934 -2.934 -2.932 -2.929 -2.923 -2.915 -2.904 -2.892 
-2.877 -2.861 -2.842 -2.822 -2.801 -2.780 -2.757 -2.735 -2.712 -2.691 
-2.670 -2.651 -2.633 -2.617 -2.603 -2.591 -2.583 -2.580 -2.583 -2.593 
-2.611 -2.636 -2.667 -2.702 -2.741 -2.782 -2.823 -2.864 -2.903 -2.940 
-2.976 -3.009 -3.041 -3.069 -3.096 -3.121 -3.144 -3.166 -3.185 -3.204 
-3.189 
-3.080 -3.074 -3.091 -3.107 -3.122 -3.136 -3.149 -3.161 -3.172 -3.182 
-3.190 -3.198 -3.204 -3.209 -3.213 -3.216 -3.217 -3.217 -3.215 -3.212 
-3.207 -3.201 -3.193 -3.184 -3.173 -3.161 -3.147 -3.132 -3.115 -3.097 
-3.079 -3.059 -3.038 -3.017 -2.995 -2.972 -2.949 -2.925 -2.902 -2.879 
-2.856 -2.834 -2.812 -2.791 -2.770 -2.748 -2.725 -2.700 -2.674 -2.645 
-2.615 -2.583 -2.549 -2.515 -2.480 -2.446 -2.414 -2.384 -2.358 -2.337 
-2.322 -2.313 -2.309 -2.312 -2.320 -2.333 -2.350 -2.371 -2.397 -2.426 
-2.458 -2.493 -2.530 -2.568 -2.606 -2.644 -2.680 -2.716 -2.750 -2.783 
-2.814 -2.844 -2.872 -2.899 -2.925 -2.950 -2.973 -2.996 -3.017 -3.037 
-3.073 
-3.189 -3.221 -3.239 -3.256 -3.271 -3.283 -3.294 -3.302 -3.309 -3.314 
-3.317 -3.318 -3.316 -3.313 -3.308 -3.301 -3.292 -3.280 -3.267 -3.251 
-3.234 -3.214 -3.192 -3.167 -3.141 -3.112 -3.081 -3.048 -3.013 -2.975 
-2.936 -2.895 -2.854 -2.811 -2.768 -2.725 -2.684 -2.645 -2.609 -2.577 
-2.550 -2.528 -2.511 -2.500 -2.493 -2.490 -2.490 -2.490 -2.492 -2.493 
-2.492 -2.490 -2.485 -2.478 -2.468 -2.456 -2.441 -2.425 -2.406 -2.386 
-2.366 -2.345 -2.325 -2.307 -2.292 -2.282 -2.278 -2.282 -2.295 -2.319 
-2.352 -2.394 -2.441 -2.494 -2.549 -2.604 -2.660 -2.714 -2.766 -2.816 
-2.864 -2.909 -2.951 -2.991 -3.028 -3.063 -3.095 -3.124 -3.152 -3.177 
-3.182 
-3.185 -3.204 -3.223 -3.240 -3.255 -3.268 -3.279 -3.288 -3.295 -3.300 
-3.303 -3.304 -3.303 -3.300 -3.295 -3.289 -3.280 -3.270 -3.258 -3.245 
-3.229 -3.212 -3.194 -3.174 -3.153 -3.130 -3.106 -3.081 -3.055 -3.028 
-3.001 -2.973 -2.945 -2.916 -2.889 -2.861 -2.835 -2.809 -2.785 -2.763 
-2.743 -2.725 -2.709 -2.695 -2.683 -2.673 -2.664 -2.657 -2.650 -2.644 
-2.639 -2.633 -2.627 -2.619 -2.611 -2.601 -2.589 -2.576 -2.561 -2.544 
-2.525 -2.506 -2.487 -2.469 -2.453 -2.440 -2.431 -2.429 -2.434 -2.446 
-2.465 -2.491 -2.522 -2.558 -2.598 -2.639 -2.682 -2.726 -2.769 -2.813 
-2.855 -2.896 -2.935 -2.973 -3.009 -3.043 -3.075 -3.105 -3.133 -3.159 
-3.179 
-3.185 -3.190 -3.217 -3.242 -3.265 -3.286 -3.304 -3.321 -3.336 -3.348 
-3.359 -3.367 -3.374 -3.378 -3.380 -3.380 -3.378 -3.375 -3.369 -3.361 
-3.350 -3.338 -3.324 -3.308 -3.289 -3.268 -3.246 -3.221 -3.194 -3.165 
-3.134 -3.100 -3.065 -3.029 -2.991 -2.952 -2.913 -2.874 -2.837 -2.801 
-2.766 -2.733 -2.701 -2.671 -2.643 -2.617 -2.594 -2.576 -2.562 -2.552 
-2.547 -2.546 -2.549 -2.553 -2.559 -2.566 -2.573 -2.579 -2.583 -2.587 
-2.588 -2.588 -2.586 -2.582 -2.577 -2.571 -2.565 -2.560 -2.557 -2.556 
-2.559 -2.567 -2.579 -2.596 -2.618 -2.642 -2.670 -2.700 -2.733 -2.768 
-2.804 -2.841 -2.880 -2.918 -2.956 -2.993 -3.030 -3.065 -3.099 -3.131 
-3.173 
-3.434 -3.491 -3.514 -3.533 -3.551 -3.565 -3.578 -3.588 -3.595 -3.600 
-3.603 -3.603 -3.601 -3.597 -3.590 -3.581 -3.569 -3.556 -3.539 -3.520 
-3.499 -3.475 -3.448 -3.419 -3.387 -3.353 -3.315 -3.275 -3.232 -3.186 
-3.138 -3.087 -3.035 -2.982 -2.930 -2.881 -2.836 -2.798 -2.769 -2.750 
-2.742 -2.742 -2.749 -2.759 -2.772 -2.785 -2.797 -2.808 -2.817 -2.825 
-2.831 -2.835 -2.838 -2.838 -2.835 -2.829 -2.820 -2.808 -2.793 -2.774 
-2.753 -2.730 -2.706 -2.682 -2.658 -2.635 -2.614 -2.594 -2.580 -2.572 
-2.576 -2.594 -2.625 -2.668 -2.721 -2.779 -2.839 -2.899 -2.958 -3.015 
-3.070 -3.122 -3.171 -3.218 -3.261 -3.302 -3.340 -3.376 -3.409 -3.439 
-3.428 
-3.365 -3.375 -3.388 -3.400 -3.409 -3.417 -3.423 -3.428 -3.430 -3.431 
-3.429 -3.426 -3.422 -3.415 -3.407 -3.397 -3.386 -3.372 -3.358 -3.341 
-3.323 -3.304 -3.284 -3.262 -3.239 -3.215 -3.190 -3.165 -3.139 -3.112 
-3.085 -3.058 -3.031 -3.004 -2.977 -2.951 -2.927 -2.904 -2.884 -2.867 
-2.852 -2.839 -2.827 -2.816 -2.804 -2.790 -2.776 -2.759 -2.741 -2.722 
-2.703 -2.682 -2.661 -2.640 -2.617 -2.594 -2.569 -2.542 -2.515 -2.487 
-2.461 -2.437 -2.420 -2.410 -2.410 -2.420 -2.441 -2.471 -2.508 -2.551 
-2.597 -2.647 -2.700 -2.754 -2.808 -2.862 -2.914 -2.963 -3.009 -3.053 
-3.093 -3.131 -3.165 -3.198 -3.227 -3.255 -3.280 -3.303 -3.324 -3.343 
-3.360 
-3.284 -3.287 -3.304 -3.319 -3.334 -3.349 -3.362 -3.375 -3.387 -3.397 
-3.407 -3.415 -3.422 -3.427 -3.431 -3.433 -3.434 -3.433 -3.431 -3.427 
-3.421 -3.414 -3.405 -3.394 -3.381 -3.367 -3.351 -3.333 -3.314 -3.293 
-3.270 -3.246 -3.220 -3.193 -3.163 -3.132 -3.099 -3.064 -3.028 -2.989 
-2.949 -2.907 -2.864 -2.820 -2.776 -2.733 -2.691 -2.652 -2.617 -2.586 
-2.562 -2.545 -2.535 -2.533 -2.538 -2.548 -2.563 -2.580 -2.598 -2.617 
-2.634 -2.652 -2.668 -2.686 -2.705 -2.727 -2.752 -2.779 -2.807 -2.836 
-2.865 -2.893 -2.920 -2.945 -2.969 -2.992 -3.014 -3.035 -3.055 -3.074 
-3.093 -3.111 -3.130 -3.148 -3.166 -3.183 -3.201 -3.219 -3.236 -3.253 
-3.278 
-3.376 -3.398 -3.416 -3.434 -3.450 -3.464 -3.477 -3.489 -3.499 -3.508 
-3.515 -3.520 -3.524 -3.526 -3.526 -3.525 -3.521 -3.516 -3.509 -3.500 
-3.489 -3.477 -3.462 -3.445 -3.426 -3.404 -3.381 -3.355 -3.327 -3.297 
-3.264 -3.229 -3.192 -3.152 -3.109 -3.065 -3.018 -2.969 -2.919 -2.867 
-2.816 -2.764 -2.714 -2.666 -2.623 -2.585 -2.554 -2.531 -2.516 -2.509 
-2.510 -2.518 -2.531 -2.549 -2.569 -2.592 -2.617 -2.641 -2.665 -2.689 
-2.712 -2.733 -2.753 -2.773 -2.791 -2.809 -2.826 -2.843 -2.861 -2.879 
-2.897 -2.916 -2.936 -2.958 -2.980 -3.004 -3.028 -3.053 -3.079 -3.106 
-3.132 -3.159 -3.186 -3.212 -3.238 -3.264 -3.288 -3.312 -3.335 -3.357 
-3.368 
-3.430 -3.443 -3.456 -3.468 -3.478 -3.487 -3.494 -3.500 -3.505 -3.508 
-3.510 -3.510 -3.508 -3.505 -3.500 -3.494 -3.485 -3.475 -3.463 -3.449 
-3.433 -3.415 -3.395 -3.374 -3.349 -3.323 -3.295 -3.265 -3.232 -3.198 
-3.162 -3.124 -3.085 -3.045 -3.004 -2.963 -2.921 -2.880 -2.839 -2.798 
-2.759 -2.722 -2.688 -2.658 -2.634 -2.617 -2.607 -2.606 -2.612 -2.624 
-2.643 -2.665 -2.691 -2.718 -2.746 -2.774 -2.801 -2.826 -2.851 -2.873 
-2.894 -2.912 -2.929 -2.944 -2.958 -2.970 -2.981 -2.992 -3.003 -3.015 
-3.027 -3.042 -3.058 -3.077 -3.097 -3.119 -3.142 -3.165 -3.189 -3.213 
-3.236 -3.259 -3.281 -3.303 -3.324 -3.344 -3.363 -3.381 -3.398 -3.414 
-3.426 
-3.441 -3.456 -3.471 -3.484 -3.495 -3.504 -3.511 -3.516 -3.518 -3.519 
-3.518 -3.515 -3.510 -3.503 -3.494 -3.482 -3.469 -3.453 -3.435 -3.415 
-3.393 -3.368 -3.341 -3.311 -3.279 -3.245 -3.209 -3.171 -3.132 -3.092 
-3.052 -3.012 -2.974 -2.940 -2.909 -2.883 -2.862 -2.848 -2.839 -2.835 
-2.834 -2.836 -2.839 -2.843 -2.847 -2.850 -2.853 -2.854 -2.853 -2.849 
-2.843 -2.833 -2.821 -2.810 -2.803 -2.802 -2.809 -2.822 -2.838 -2.853 
-2.866 -2.874 -2.877 -2.876 -2.871 -2.863 -2.854 -2.845 -2.838 -2.835 
-2.837 -2.846 -2.862 -2.884 -2.913 -2.946 -2.983 -3.023 -3.064 -3.104 
-3.145 -3.183 -3.221 -3.256 -3.289 -3.320 -3.348 -3.374 -3.398 -3.420 
-3.434 
-3.425 -3.428 -3.434 -3.438 -3.442 -3.446 -3.448 -3.450 -3.450 -3.451 
-3.450 -3.449 -3.448 -3.445 -3.442 -3.439 -3.434 -3.428 -3.422 -3.415 
-3.406 -3.396 -3.385 -3.373 -3.359 -3.343 -3.326 -3.307 -3.287 -3.265 
-3.241 -3.217 -3.191 -3.166 -3.141 -3.116 -3.092 -3.069 -3.046 -3.022 
-2.997 -2.970 -2.939 -2.905 -2.866 -2.822 -2.773 -2.720 -2.662 -2.602 
-2.540 -2.480 -2.426 -2.382 -2.355 -2.347 -2.359 -2.390 -2.436 -2.492 
-2.552 -2.612 -2.671 -2.727 -2.778 -2.824 -2.865 -2.902 -2.935 -2.966 
-2.995 -3.023 -3.052 -3.081 -3.110 -3.140 -3.169 -3.198 -3.225 -3.251 
-3.275 -3.297 -3.318 -3.336 -3.353 -3.368 -3.381 -3.393 -3.404 -3.413 
-3.422 
