IRGRID 64 91
1e+308

0.025 0.03 0.035 0.04 0.045 0.05 0.055 0.06 0.065 0.07
0.075 0.08 0.085 0.09 0.095 0.1 0.11 0.12 0.13 0.14
0.15 0.16 0.17 0.18 0.19 0.2 0.21 0.22 0.23 0.24
0.25 0.26 0.27 0.28 0.29 0.3 0.31 0.32 0.33 0.34
0.35 0.36 0.37 0.38 0.39 0.4 0.41 0.42 0.43 0.44
0.45 0.46 0.47 0.48 0.49 0.5 0.51 0.52 0.53 0.54
0.55 0.56 0.57 0.58
0 4 8 12 16 20 24 28 32 36
40 44 48 52 56 60 64 68 72 76
80 84 88 92 96 100 104 108 112 116
120 124 128 132 136 140 144 148 152 156
160 164 168 172 176 180 184 188 192 196
200 204 208 212 216 220 224 228 232 236
240 244 248 252 256 260 264 268 272 276
280 284 288 292 296 300 304 308 312 316
320 324 328 332 336 340 344 348 352 356
360
-3.848 -3.865 -3.792 -3.718 -3.651 -3.597 -3.564 -3.550 -3.549 -3.559 
-3.582 -3.621 -3.676 -3.742 -3.816 -3.891 -3.965 -4.000 -4.000 -4.000 
-4.000 -4.000 -4.000 -4.000 -4.000 -4.000 -4.000 -4.000 -4.000 -4.000 
-4.000 -4.000 -4.000 -4.000 -4.000 -4.000 -4.000 -4.000 -4.000 -4.000 
-4.000 -4.000 -4.000 -4.000 -4.000 -4.000 -4.000 -4.000 -4.000 -3.947 
-3.852 -3.744 -3.619 -3.475 -3.309 -3.126 -2.966 -2.925 -3.011 -3.138 
-3.275 -3.411 -3.539 -3.654 -3.756 -3.845 -3.923 -3.992 -4.000 -4.000 
-4.000 -4.000 -4.000 -4.000 -4.000 -4.000 -4.000 -4.000 -4.000 -4.000 
-4.000 -4.000 -4.000 -4.000 -4.000 -4.000 -4.000 -4.000 -4.000 -3.998 
-3.860 
-3.427 -3.355 -3.265 -3.177 -3.103 -3.055 -3.047 -3.083 -3.155 -3.245 
-3.341 -3.437 -3.529 -3.615 -3.695 -3.769 -3.837 -3.898 -3.953 -4.000 
-4.000 -4.000 -4.000 -4.000 -4.000 -4.000 -4.000 -4.000 -4.000 -4.000 
-4.000 -4.000 -4.000 -4.000 -4.000 -4.000 -4.000 -4.000 -4.000 -4.000 
-4.000 -4.000 -3.986 -3.930 -3.866 -3.793 -3.708 -3.609 -3.490 -3.344 
-3.155 -2.897 -2.548 -2.386 -2.576 -2.581 -2.492 -2.493 -2.626 -2.821 
-3.011 -3.174 -3.310 -3.425 -3.522 -3.605 -3.675 -3.736 -3.787 -3.831 
-3.867 -3.898 -3.922 -3.941 -3.954 -3.963 -3.966 -3.965 -3.959 -3.948 
-3.931 -3.910 -3.883 -3.851 -3.813 -3.769 -3.718 -3.660 -3.595 -3.522 
-3.454 
-2.974 -2.967 -2.900 -2.826 -2.754 -2.702 -2.689 -2.722 -2.793 -2.885 
-2.982 -3.074 -3.158 -3.233 -3.299 -3.358 -3.410 -3.455 -3.496 -3.532 
-3.564 -3.591 -3.615 -3.636 -3.653 -3.667 -3.679 -3.687 -3.692 -3.695 
-3.694 -3.691 -3.684 -3.675 -3.662 -3.647 -3.628 -3.605 -3.578 -3.547 
-3.511 -3.470 -3.423 -3.369 -3.305 -3.231 -3.143 -3.035 -2.901 -2.727 
-2.492 -2.169 -1.854 -1.753 -1.987 -2.303 -2.510 -2.642 -2.765 -2.864 
-2.934 -2.983 -3.018 -3.046 -3.070 -3.091 -3.110 -3.129 -3.146 -3.162 
-3.177 -3.191 -3.203 -3.213 -3.220 -3.226 -3.230 -3.232 -3.232 -3.230 
-3.225 -3.219 -3.211 -3.200 -3.188 -3.173 -3.154 -3.131 -3.103 -3.067 
-2.996 
-2.383 -2.367 -2.329 -2.318 -2.347 -2.405 -2.473 -2.543 -2.609 -2.670 
-2.725 -2.774 -2.819 -2.859 -2.896 -2.930 -2.960 -2.989 -3.014 -3.038 
-3.059 -3.078 -3.094 -3.109 -3.121 -3.131 -3.139 -3.145 -3.149 -3.151 
-3.150 -3.148 -3.143 -3.136 -3.126 -3.115 -3.101 -3.084 -3.065 -3.044 
-3.019 -2.992 -2.961 -2.926 -2.888 -2.844 -2.795 -2.738 -2.672 -2.593 
-2.493 -2.361 -2.177 -2.067 -2.153 -2.230 -2.296 -2.343 -2.372 -2.387 
-2.395 -2.399 -2.403 -2.407 -2.414 -2.423 -2.433 -2.445 -2.457 -2.470 
-2.482 -2.494 -2.505 -2.514 -2.522 -2.529 -2.534 -2.537 -2.539 -2.539 
-2.538 -2.535 -2.531 -2.527 -2.520 -2.513 -2.503 -2.489 -2.471 -2.445 
-2.379 
-1.927 -1.859 -1.796 -1.777 -1.819 -1.912 -2.030 -2.154 -2.272 -2.378 
-2.474 -2.558 -2.634 -2.701 -2.761 -2.814 -2.862 -2.904 -2.942 -2.975 
-3.004 -3.029 -3.050 -3.068 -3.082 -3.093 -3.101 -3.106 -3.107 -3.105 
-3.100 -3.092 -3.080 -3.065 -3.047 -3.025 -2.999 -2.969 -2.934 -2.896 
-2.852 -2.802 -2.746 -2.684 -2.614 -2.535 -2.446 -2.344 -2.229 -2.098 
-1.949 -1.786 -1.623 -1.496 -1.469 -1.555 -1.694 -1.841 -1.976 -2.092 
-2.191 -2.274 -2.345 -2.404 -2.454 -2.497 -2.533 -2.564 -2.590 -2.610 
-2.627 -2.639 -2.646 -2.649 -2.648 -2.642 -2.631 -2.616 -2.595 -2.569 
-2.538 -2.501 -2.457 -2.408 -2.353 -2.293 -2.229 -2.162 -2.094 -2.021 
-1.970 
-1.789 -1.814 -1.856 -1.906 -1.972 -2.050 -2.131 -2.209 -2.281 -2.347 
-2.408 -2.464 -2.514 -2.561 -2.603 -2.642 -2.676 -2.707 -2.735 -2.759 
-2.780 -2.797 -2.812 -2.824 -2.832 -2.838 -2.841 -2.841 -2.838 -2.831 
-2.822 -2.810 -2.794 -2.776 -2.753 -2.727 -2.698 -2.664 -2.626 -2.584 
-2.536 -2.483 -2.424 -2.358 -2.284 -2.202 -2.108 -2.002 -1.881 -1.741 
-1.578 -1.395 -1.207 -1.064 -1.028 -1.102 -1.227 -1.358 -1.484 -1.603 
-1.712 -1.808 -1.893 -1.966 -2.028 -2.082 -2.127 -2.165 -2.195 -2.219 
-2.237 -2.249 -2.255 -2.256 -2.251 -2.240 -2.225 -2.204 -2.177 -2.144 
-2.106 -2.062 -2.014 -1.961 -1.906 -1.852 -1.805 -1.770 -1.753 -1.757 
-1.771 
-1.730 -1.729 -1.750 -1.778 -1.810 -1.846 -1.884 -1.923 -1.960 -1.995 
-2.027 -2.054 -2.076 -2.091 -2.101 -2.104 -2.100 -2.090 -2.075 -2.056 
-2.037 -2.021 -2.010 -2.009 -2.017 -2.034 -2.058 -2.086 -2.116 -2.146 
-2.172 -2.195 -2.213 -2.226 -2.234 -2.237 -2.234 -2.226 -2.213 -2.195 
-2.171 -2.141 -2.106 -2.064 -2.016 -1.961 -1.898 -1.826 -1.744 -1.652 
-1.547 -1.429 -1.299 -1.172 -1.078 -1.024 -1.006 -1.030 -1.090 -1.169 
-1.245 -1.303 -1.330 -1.313 -1.246 -1.145 -1.081 -1.136 -1.275 -1.421 
-1.542 -1.636 -1.709 -1.763 -1.804 -1.833 -1.852 -1.864 -1.869 -1.867 
-1.860 -1.848 -1.832 -1.812 -1.790 -1.767 -1.745 -1.727 -1.715 -1.711 
-1.729 
-1.851 -1.880 -1.881 -1.880 -1.878 -1.873 -1.865 -1.854 -1.839 -1.819 
-1.796 -1.768 -1.736 -1.700 -1.661 -1.618 -1.572 -1.525 -1.478 -1.432 
-1.391 -1.358 -1.336 -1.325 -1.328 -1.343 -1.368 -1.400 -1.435 -1.472 
-1.508 -1.543 -1.576 -1.605 -1.632 -1.655 -1.675 -1.692 -1.705 -1.715 
-1.721 -1.723 -1.721 -1.715 -1.705 -1.690 -1.671 -1.646 -1.615 -1.577 
-1.532 -1.479 -1.417 -1.345 -1.264 -1.178 -1.086 -0.982 -0.844 -0.645 
-0.351 0.008 -0.026 -0.328 -0.438 -0.403 -0.368 -0.427 -0.572 -0.750 
-0.918 -1.065 -1.190 -1.297 -1.389 -1.469 -1.538 -1.598 -1.650 -1.695 
-1.734 -1.767 -1.794 -1.817 -1.835 -1.849 -1.860 -1.867 -1.873 -1.876 
-1.851 
-1.684 -1.684 -1.682 -1.679 -1.672 -1.663 -1.652 -1.638 -1.622 -1.604 
-1.583 -1.561 -1.536 -1.509 -1.480 -1.449 -1.417 -1.384 -1.351 -1.317 
-1.284 -1.254 -1.227 -1.204 -1.186 -1.173 -1.166 -1.164 -1.165 -1.171 
-1.178 -1.187 -1.197 -1.208 -1.218 -1.227 -1.235 -1.241 -1.245 -1.246 
-1.245 -1.241 -1.234 -1.223 -1.208 -1.190 -1.166 -1.138 -1.104 -1.065 
-1.018 -0.964 -0.901 -0.826 -0.739 -0.635 -0.510 -0.355 -0.157 0.107 
0.447 0.720 0.711 0.515 0.228 -0.066 -0.280 -0.453 -0.612 -0.752 
-0.873 -0.978 -1.069 -1.149 -1.220 -1.284 -1.340 -1.391 -1.436 -1.476 
-1.512 -1.544 -1.572 -1.597 -1.618 -1.636 -1.651 -1.663 -1.672 -1.679 
-1.683 
-1.566 -1.555 -1.551 -1.545 -1.536 -1.525 -1.510 -1.493 -1.473 -1.450 
-1.424 -1.396 -1.364 -1.330 -1.294 -1.255 -1.214 -1.172 -1.128 -1.085 
-1.042 -1.002 -0.965 -0.934 -0.909 -0.893 -0.886 -0.888 -0.897 -0.913 
-0.934 -0.958 -0.983 -1.009 -1.035 -1.058 -1.080 -1.099 -1.115 -1.128 
-1.137 -1.143 -1.145 -1.142 -1.136 -1.125 -1.109 -1.089 -1.063 -1.032 
-0.994 -0.949 -0.897 -0.835 -0.762 -0.677 -0.576 -0.454 -0.303 -0.111 
0.144 0.473 0.722 0.780 0.632 0.329 0.020 -0.224 -0.416 -0.573 
-0.704 -0.817 -0.914 -1.000 -1.076 -1.143 -1.203 -1.256 -1.304 -1.346 
-1.384 -1.417 -1.446 -1.472 -1.493 -1.511 -1.526 -1.538 -1.547 -1.552 
-1.566 
-1.526 -1.551 -1.545 -1.537 -1.527 -1.515 -1.501 -1.486 -1.469 -1.451 
-1.432 -1.411 -1.389 -1.366 -1.341 -1.314 -1.286 -1.256 -1.225 -1.193 
-1.162 -1.133 -1.106 -1.083 -1.065 -1.053 -1.048 -1.048 -1.055 -1.067 
-1.083 -1.101 -1.120 -1.140 -1.159 -1.176 -1.192 -1.206 -1.216 -1.224 
-1.228 -1.229 -1.226 -1.219 -1.208 -1.192 -1.171 -1.146 -1.115 -1.078 
-1.034 -0.982 -0.922 -0.852 -0.770 -0.672 -0.556 -0.414 -0.236 -0.001 
0.340 0.928 0.993 0.768 0.432 0.074 -0.195 -0.402 -0.568 -0.705 
-0.822 -0.922 -1.010 -1.087 -1.155 -1.215 -1.268 -1.316 -1.357 -1.394 
-1.427 -1.455 -1.479 -1.500 -1.517 -1.531 -1.541 -1.549 -1.553 -1.555 
-1.526 
-1.322 -1.287 -1.275 -1.262 -1.249 -1.235 -1.221 -1.208 -1.196 -1.186 
-1.177 -1.170 -1.164 -1.161 -1.159 -1.160 -1.165 -1.173 -1.185 -1.201 
-1.219 -1.239 -1.259 -1.279 -1.297 -1.315 -1.332 -1.349 -1.365 -1.380 
-1.394 -1.407 -1.418 -1.427 -1.434 -1.438 -1.440 -1.439 -1.435 -1.427 
-1.416 -1.402 -1.384 -1.362 -1.336 -1.305 -1.270 -1.230 -1.184 -1.132 
-1.072 -1.005 -0.928 -0.840 -0.738 -0.619 -0.476 -0.300 -0.071 0.260 
0.894 1.371 1.340 0.838 0.281 -0.037 -0.262 -0.435 -0.574 -0.690 
-0.788 -0.872 -0.944 -1.007 -1.062 -1.109 -1.151 -1.186 -1.217 -1.243 
-1.264 -1.282 -1.296 -1.306 -1.313 -1.317 -1.318 -1.316 -1.312 -1.306 
-1.326 
-1.492 -1.510 -1.498 -1.481 -1.461 -1.437 -1.410 -1.379 -1.344 -1.306 
-1.265 -1.222 -1.177 -1.133 -1.093 -1.059 -1.036 -1.027 -1.033 -1.054 
-1.088 -1.131 -1.180 -1.231 -1.281 -1.330 -1.376 -1.419 -1.457 -1.492 
-1.522 -1.548 -1.571 -1.589 -1.603 -1.613 -1.620 -1.623 -1.621 -1.616 
-1.607 -1.594 -1.577 -1.556 -1.530 -1.499 -1.463 -1.422 -1.375 -1.321 
-1.259 -1.189 -1.110 -1.018 -0.913 -0.789 -0.641 -0.462 -0.240 0.034 
0.358 1.010 1.247 0.877 0.301 -0.126 -0.380 -0.562 -0.705 -0.821 
-0.919 -1.002 -1.074 -1.136 -1.192 -1.241 -1.285 -1.324 -1.359 -1.390 
-1.419 -1.443 -1.465 -1.484 -1.499 -1.511 -1.520 -1.525 -1.527 -1.525 
-1.496 
-1.511 -1.525 -1.555 -1.583 -1.608 -1.629 -1.647 -1.662 -1.671 -1.676 
-1.677 -1.671 -1.662 -1.649 -1.634 -1.620 -1.610 -1.608 -1.615 -1.632 
-1.655 -1.683 -1.712 -1.739 -1.764 -1.786 -1.803 -1.816 -1.825 -1.830 
-1.831 -1.828 -1.821 -1.811 -1.798 -1.781 -1.761 -1.737 -1.710 -1.680 
-1.645 -1.608 -1.566 -1.520 -1.470 -1.415 -1.355 -1.289 -1.217 -1.138 
-1.050 -0.953 -0.845 -0.722 -0.582 -0.420 -0.226 0.010 0.307 0.691 
0.710 0.609 0.743 0.334 0.014 -0.176 -0.318 -0.432 -0.526 -0.607 
-0.677 -0.738 -0.793 -0.842 -0.888 -0.931 -0.972 -1.011 -1.049 -1.087 
-1.125 -1.162 -1.200 -1.238 -1.276 -1.314 -1.351 -1.388 -1.424 -1.460 
-1.497 
-1.618 -1.640 -1.676 -1.711 -1.746 -1.779 -1.811 -1.841 -1.870 -1.897 
-1.922 -1.946 -1.967 -1.987 -2.004 -2.020 -2.034 -2.045 -2.054 -2.061 
-2.066 -2.069 -2.070 -2.068 -2.064 -2.058 -2.050 -2.039 -2.026 -2.011 
-1.993 -1.973 -1.950 -1.925 -1.898 -1.869 -1.837 -1.803 -1.766 -1.728 
-1.686 -1.643 -1.597 -1.548 -1.495 -1.440 -1.380 -1.314 -1.243 -1.165 
-1.078 -0.981 -0.870 -0.743 -0.592 -0.409 -0.175 0.151 0.652 1.032 
0.915 0.531 0.155 -0.105 -0.300 -0.453 -0.576 -0.678 -0.764 -0.837 
-0.899 -0.954 -1.002 -1.044 -1.083 -1.118 -1.150 -1.181 -1.210 -1.239 
-1.268 -1.298 -1.328 -1.359 -1.392 -1.425 -1.460 -1.495 -1.531 -1.567 
-1.605 
-1.960 -2.016 -2.037 -2.056 -2.073 -2.087 -2.100 -2.111 -2.119 -2.126 
-2.130 -2.131 -2.131 -2.128 -2.124 -2.117 -2.107 -2.096 -2.083 -2.067 
-2.049 -2.030 -2.008 -1.984 -1.958 -1.930 -1.900 -1.868 -1.834 -1.799 
-1.761 -1.723 -1.682 -1.640 -1.597 -1.553 -1.508 -1.462 -1.416 -1.370 
-1.323 -1.276 -1.229 -1.182 -1.135 -1.087 -1.038 -0.986 -0.932 -0.874 
-0.810 -0.739 -0.658 -0.563 -0.450 -0.311 -0.135 0.098 0.416 0.790 
0.784 0.517 0.204 -0.027 -0.217 -0.408 -0.584 -0.738 -0.872 -0.988 
-1.090 -1.180 -1.261 -1.333 -1.398 -1.457 -1.511 -1.560 -1.606 -1.648 
-1.687 -1.724 -1.760 -1.793 -1.826 -1.857 -1.887 -1.915 -1.943 -1.969 
-1.957 
-2.001 -2.025 -2.042 -2.057 -2.069 -2.080 -2.088 -2.094 -2.098 -2.101 
-2.101 -2.099 -2.096 -2.090 -2.083 -2.073 -2.062 -2.049 -2.034 -2.017 
-1.999 -1.978 -1.956 -1.931 -1.905 -1.877 -1.847 -1.815 -1.782 -1.746 
-1.709 -1.671 -1.630 -1.588 -1.545 -1.501 -1.455 -1.409 -1.363 -1.316 
-1.270 -1.225 -1.180 -1.136 -1.094 -1.052 -1.011 -0.971 -0.931 -0.889 
-0.845 -0.797 -0.744 -0.684 -0.615 -0.531 -0.429 -0.299 -0.122 0.117 
0.261 0.237 0.279 0.270 0.169 -0.007 -0.209 -0.402 -0.575 -0.727 
-0.861 -0.980 -1.087 -1.183 -1.271 -1.351 -1.424 -1.492 -1.554 -1.611 
-1.664 -1.712 -1.757 -1.799 -1.837 -1.872 -1.904 -1.933 -1.960 -1.984 
-1.994 
-1.871 -1.869 -1.884 -1.897 -1.908 -1.917 -1.924 -1.929 -1.932 -1.934 
-1.934 -1.932 -1.929 -1.924 -1.917 -1.909 -1.899 -1.888 -1.875 -1.861 
-1.845 -1.828 -1.810 -1.790 -1.769 -1.747 -1.723 -1.698 -1.672 -1.645 
-1.617 -1.587 -1.557 -1.525 -1.492 -1.458 -1.422 -1.386 -1.348 -1.309 
-1.269 -1.228 -1.187 -1.145 -1.104 -1.063 -1.022 -0.982 -0.941 -0.898 
-0.853 -0.804 -0.748 -0.686 -0.613 -0.529 -0.429 -0.309 -0.166 0.008 
0.204 0.381 0.458 0.393 0.227 0.014 -0.196 -0.383 -0.545 -0.685 
-0.809 -0.919 -1.017 -1.106 -1.186 -1.260 -1.327 -1.388 -1.445 -1.497 
-1.545 -1.589 -1.630 -1.667 -1.701 -1.733 -1.762 -1.788 -1.812 -1.833 
-1.865 
-1.933 -1.968 -1.985 -2.000 -2.013 -2.023 -2.031 -2.037 -2.041 -2.042 
-2.042 -2.039 -2.035 -2.028 -2.019 -2.008 -1.994 -1.979 -1.961 -1.941 
-1.919 -1.895 -1.868 -1.839 -1.807 -1.773 -1.736 -1.697 -1.655 -1.610 
-1.563 -1.513 -1.461 -1.406 -1.350 -1.292 -1.233 -1.175 -1.116 -1.060 
-1.004 -0.951 -0.900 -0.852 -0.808 -0.767 -0.731 -0.699 -0.670 -0.644 
-0.618 -0.591 -0.562 -0.527 -0.485 -0.434 -0.371 -0.293 -0.197 -0.080 
0.060 0.213 0.335 0.379 0.328 0.176 -0.029 -0.237 -0.425 -0.591 
-0.736 -0.864 -0.979 -1.082 -1.176 -1.261 -1.339 -1.410 -1.475 -1.536 
-1.591 -1.642 -1.689 -1.733 -1.773 -1.809 -1.843 -1.873 -1.901 -1.926 
-1.927 
-1.829 -1.837 -1.849 -1.860 -1.868 -1.874 -1.877 -1.878 -1.877 -1.874 
-1.868 -1.861 -1.850 -1.838 -1.824 -1.807 -1.787 -1.766 -1.742 -1.715 
-1.686 -1.654 -1.620 -1.583 -1.543 -1.501 -1.455 -1.407 -1.357 -1.304 
-1.248 -1.190 -1.131 -1.071 -1.011 -0.952 -0.895 -0.842 -0.794 -0.753 
-0.718 -0.690 -0.669 -0.652 -0.639 -0.628 -0.618 -0.607 -0.594 -0.577 
-0.557 -0.531 -0.499 -0.459 -0.410 -0.351 -0.281 -0.198 -0.103 0.001 
0.104 0.184 0.219 0.193 0.098 -0.055 -0.226 -0.388 -0.534 -0.666 
-0.784 -0.890 -0.987 -1.075 -1.156 -1.229 -1.297 -1.359 -1.417 -1.469 
-1.518 -1.563 -1.604 -1.641 -1.676 -1.707 -1.735 -1.761 -1.784 -1.804 
-1.824 
-1.756 -1.771 -1.785 -1.797 -1.806 -1.813 -1.819 -1.822 -1.823 -1.822 
-1.819 -1.814 -1.808 -1.799 -1.789 -1.776 -1.762 -1.746 -1.728 -1.709 
-1.687 -1.664 -1.639 -1.613 -1.585 -1.555 -1.524 -1.491 -1.457 -1.422 
-1.385 -1.346 -1.307 -1.266 -1.225 -1.183 -1.142 -1.101 -1.061 -1.023 
-0.987 -0.953 -0.921 -0.890 -0.860 -0.830 -0.799 -0.766 -0.731 -0.694 
-0.653 -0.607 -0.557 -0.501 -0.438 -0.368 -0.289 -0.202 -0.108 -0.012 
0.075 0.135 0.144 0.089 -0.020 -0.153 -0.291 -0.424 -0.548 -0.663 
-0.768 -0.865 -0.953 -1.035 -1.110 -1.179 -1.243 -1.303 -1.357 -1.408 
-1.455 -1.498 -1.538 -1.575 -1.609 -1.640 -1.668 -1.694 -1.717 -1.737 
-1.750 
-1.704 -1.702 -1.711 -1.717 -1.721 -1.723 -1.723 -1.721 -1.717 -1.711 
-1.703 -1.694 -1.682 -1.669 -1.655 -1.638 -1.621 -1.602 -1.581 -1.560 
-1.537 -1.514 -1.490 -1.466 -1.441 -1.416 -1.392 -1.368 -1.344 -1.321 
-1.300 -1.279 -1.259 -1.240 -1.222 -1.205 -1.188 -1.171 -1.154 -1.137 
-1.119 -1.101 -1.081 -1.059 -1.036 -1.010 -0.982 -0.951 -0.917 -0.879 
-0.836 -0.788 -0.733 -0.672 -0.602 -0.522 -0.431 -0.327 -0.209 -0.079 
0.053 0.163 0.210 0.168 0.048 -0.108 -0.268 -0.418 -0.553 -0.674 
-0.782 -0.880 -0.968 -1.048 -1.121 -1.187 -1.247 -1.303 -1.353 -1.400 
-1.442 -1.480 -1.516 -1.547 -1.576 -1.602 -1.625 -1.645 -1.663 -1.679 
-1.700 
-1.793 -1.812 -1.825 -1.836 -1.844 -1.851 -1.856 -1.859 -1.860 -1.859 
-1.856 -1.852 -1.846 -1.838 -1.829 -1.818 -1.805 -1.791 -1.776 -1.759 
-1.741 -1.722 -1.701 -1.679 -1.657 -1.633 -1.609 -1.585 -1.559 -1.534 
-1.508 -1.482 -1.456 -1.429 -1.403 -1.376 -1.350 -1.323 -1.296 -1.268 
-1.240 -1.212 -1.182 -1.152 -1.121 -1.087 -1.052 -1.014 -0.974 -0.929 
-0.881 -0.827 -0.767 -0.701 -0.626 -0.541 -0.445 -0.337 -0.219 -0.094 
0.027 0.125 0.167 0.126 0.010 -0.144 -0.305 -0.456 -0.593 -0.716 
-0.827 -0.927 -1.017 -1.100 -1.175 -1.243 -1.306 -1.364 -1.417 -1.467 
-1.512 -1.553 -1.592 -1.627 -1.659 -1.688 -1.715 -1.739 -1.761 -1.780 
-1.788 
-1.808 -1.822 -1.830 -1.837 -1.842 -1.844 -1.845 -1.844 -1.840 -1.835 
-1.828 -1.819 -1.809 -1.797 -1.783 -1.768 -1.753 -1.736 -1.719 -1.702 
-1.685 -1.669 -1.654 -1.639 -1.625 -1.612 -1.598 -1.585 -1.571 -1.556 
-1.540 -1.523 -1.505 -1.486 -1.464 -1.442 -1.418 -1.393 -1.366 -1.337 
-1.307 -1.276 -1.242 -1.206 -1.168 -1.128 -1.084 -1.037 -0.985 -0.929 
-0.868 -0.800 -0.724 -0.641 -0.547 -0.443 -0.328 -0.207 -0.090 -0.001 
0.034 0.011 -0.058 -0.165 -0.299 -0.440 -0.573 -0.696 -0.807 -0.907 
-0.997 -1.080 -1.155 -1.224 -1.287 -1.345 -1.399 -1.448 -1.494 -1.536 
-1.574 -1.610 -1.642 -1.672 -1.699 -1.724 -1.746 -1.765 -1.783 -1.798 
-1.803 
-1.759 -1.746 -1.741 -1.733 -1.722 -1.709 -1.694 -1.676 -1.657 -1.635 
-1.611 -1.586 -1.559 -1.531 -1.502 -1.473 -1.444 -1.416 -1.390 -1.366 
-1.345 -1.328 -1.314 -1.304 -1.298 -1.296 -1.296 -1.299 -1.303 -1.308 
-1.312 -1.315 -1.316 -1.315 -1.312 -1.307 -1.298 -1.287 -1.274 -1.259 
-1.242 -1.224 -1.204 -1.181 -1.157 -1.129 -1.098 -1.063 -1.022 -0.974 
-0.920 -0.856 -0.783 -0.697 -0.597 -0.482 -0.349 -0.206 -0.073 0.011 
0.013 -0.056 -0.158 -0.272 -0.405 -0.547 -0.685 -0.811 -0.923 -1.022 
-1.111 -1.191 -1.262 -1.326 -1.383 -1.435 -1.482 -1.524 -1.562 -1.595 
-1.625 -1.652 -1.674 -1.694 -1.710 -1.724 -1.735 -1.742 -1.747 -1.750 
-1.761 
-1.887 -1.896 -1.905 -1.910 -1.914 -1.914 -1.913 -1.909 -1.902 -1.893 
-1.882 -1.868 -1.852 -1.834 -1.815 -1.793 -1.770 -1.746 -1.721 -1.695 
-1.668 -1.641 -1.614 -1.586 -1.556 -1.526 -1.494 -1.460 -1.424 -1.387 
-1.347 -1.307 -1.267 -1.228 -1.189 -1.152 -1.116 -1.082 -1.050 -1.020 
-0.992 -0.968 -0.946 -0.927 -0.910 -0.893 -0.877 -0.860 -0.841 -0.819 
-0.792 -0.760 -0.722 -0.675 -0.618 -0.550 -0.468 -0.372 -0.263 -0.155 
-0.059 0.027 0.094 0.106 0.017 -0.140 -0.312 -0.477 -0.627 -0.762 
-0.882 -0.991 -1.089 -1.177 -1.258 -1.331 -1.398 -1.459 -1.515 -1.566 
-1.612 -1.655 -1.693 -1.728 -1.760 -1.788 -1.814 -1.836 -1.855 -1.872 
-1.881 
-2.073 -2.093 -2.100 -2.105 -2.108 -2.108 -2.105 -2.100 -2.092 -2.082 
-2.069 -2.054 -2.035 -2.015 -1.991 -1.965 -1.935 -1.903 -1.868 -1.830 
-1.789 -1.744 -1.697 -1.646 -1.593 -1.537 -1.480 -1.421 -1.362 -1.304 
-1.250 -1.202 -1.161 -1.128 -1.105 -1.091 -1.085 -1.086 -1.090 -1.097 
-1.106 -1.114 -1.122 -1.128 -1.132 -1.133 -1.131 -1.124 -1.113 -1.097 
-1.074 -1.045 -1.008 -0.962 -0.907 -0.839 -0.756 -0.657 -0.537 -0.395 
-0.238 -0.081 0.064 0.141 0.057 -0.153 -0.392 -0.603 -0.783 -0.935 
-1.068 -1.183 -1.286 -1.378 -1.460 -1.535 -1.602 -1.664 -1.720 -1.770 
-1.817 -1.859 -1.897 -1.931 -1.962 -1.990 -2.014 -2.035 -2.054 -2.070 
-2.070 
-2.091 -2.108 -2.116 -2.122 -2.125 -2.126 -2.124 -2.120 -2.113 -2.105 
-2.093 -2.080 -2.064 -2.045 -2.024 -2.000 -1.973 -1.944 -1.912 -1.878 
-1.840 -1.799 -1.756 -1.709 -1.660 -1.608 -1.553 -1.495 -1.436 -1.376 
-1.316 -1.256 -1.199 -1.145 -1.097 -1.055 -1.020 -0.993 -0.973 -0.959 
-0.951 -0.947 -0.945 -0.944 -0.943 -0.941 -0.936 -0.929 -0.917 -0.900 
-0.877 -0.847 -0.807 -0.758 -0.696 -0.619 -0.525 -0.411 -0.275 -0.129 
-0.008 0.034 -0.016 -0.115 -0.276 -0.476 -0.657 -0.814 -0.949 -1.069 
-1.176 -1.273 -1.361 -1.441 -1.514 -1.581 -1.642 -1.699 -1.750 -1.798 
-1.841 -1.881 -1.917 -1.950 -1.979 -2.006 -2.030 -2.051 -2.069 -2.085 
-2.088 
-2.000 -2.001 -2.015 -2.026 -2.035 -2.041 -2.046 -2.048 -2.048 -2.045 
-2.041 -2.034 -2.025 -2.014 -2.001 -1.986 -1.968 -1.948 -1.925 -1.900 
-1.873 -1.843 -1.811 -1.776 -1.739 -1.699 -1.656 -1.611 -1.563 -1.513 
-1.460 -1.406 -1.350 -1.293 -1.236 -1.179 -1.124 -1.070 -1.019 -0.970 
-0.926 -0.887 -0.852 -0.824 -0.801 -0.782 -0.768 -0.757 -0.746 -0.735 
-0.722 -0.706 -0.686 -0.661 -0.630 -0.592 -0.546 -0.493 -0.431 -0.361 
-0.295 -0.265 -0.293 -0.356 -0.434 -0.522 -0.619 -0.719 -0.819 -0.917 
-1.011 -1.100 -1.183 -1.262 -1.335 -1.404 -1.468 -1.527 -1.582 -1.633 
-1.681 -1.725 -1.765 -1.803 -1.837 -1.869 -1.897 -1.923 -1.946 -1.967 
-1.994 
-2.068 -2.084 -2.097 -2.107 -2.115 -2.121 -2.124 -2.126 -2.125 -2.122 
-2.118 -2.111 -2.102 -2.091 -2.078 -2.063 -2.046 -2.027 -2.006 -1.983 
-1.958 -1.931 -1.903 -1.872 -1.839 -1.805 -1.769 -1.732 -1.693 -1.653 
-1.612 -1.570 -1.528 -1.485 -1.443 -1.401 -1.360 -1.320 -1.283 -1.247 
-1.214 -1.184 -1.157 -1.133 -1.112 -1.092 -1.074 -1.055 -1.035 -1.013 
-0.988 -0.959 -0.925 -0.884 -0.837 -0.783 -0.720 -0.650 -0.572 -0.492 
-0.416 -0.359 -0.336 -0.357 -0.420 -0.515 -0.629 -0.749 -0.868 -0.980 
-1.085 -1.182 -1.272 -1.354 -1.430 -1.500 -1.564 -1.624 -1.679 -1.730 
-1.776 -1.819 -1.859 -1.895 -1.929 -1.959 -1.986 -2.011 -2.033 -2.053 
-2.063 
-2.110 -2.133 -2.148 -2.161 -2.172 -2.181 -2.187 -2.191 -2.193 -2.193 
-2.190 -2.185 -2.178 -2.169 -2.158 -2.144 -2.128 -2.110 -2.090 -2.067 
-2.042 -2.015 -1.985 -1.953 -1.919 -1.883 -1.844 -1.803 -1.760 -1.716 
-1.669 -1.622 -1.574 -1.526 -1.478 -1.431 -1.387 -1.345 -1.308 -1.274 
-1.246 -1.222 -1.202 -1.185 -1.170 -1.156 -1.142 -1.127 -1.109 -1.088 
-1.063 -1.035 -1.004 -0.970 -0.932 -0.891 -0.846 -0.795 -0.736 -0.670 
-0.598 -0.526 -0.466 -0.431 -0.433 -0.480 -0.567 -0.679 -0.801 -0.921 
-1.035 -1.141 -1.239 -1.328 -1.410 -1.485 -1.555 -1.619 -1.678 -1.733 
-1.784 -1.832 -1.875 -1.915 -1.952 -1.986 -2.017 -2.046 -2.071 -2.094 
-2.104 
-2.099 -2.098 -2.121 -2.141 -2.159 -2.175 -2.190 -2.202 -2.213 -2.221 
-2.228 -2.233 -2.235 -2.236 -2.235 -2.232 -2.227 -2.220 -2.211 -2.200 
-2.187 -2.172 -2.154 -2.135 -2.113 -2.089 -2.063 -2.034 -2.003 -1.970 
-1.934 -1.896 -1.856 -1.814 -1.770 -1.724 -1.677 -1.629 -1.580 -1.530 
-1.479 -1.427 -1.374 -1.320 -1.265 -1.210 -1.155 -1.101 -1.046 -0.992 
-0.939 -0.888 -0.840 -0.799 -0.765 -0.740 -0.725 -0.718 -0.718 -0.723 
-0.730 -0.737 -0.745 -0.756 -0.779 -0.822 -0.882 -0.953 -1.025 -1.095 
-1.163 -1.229 -1.292 -1.352 -1.411 -1.468 -1.522 -1.575 -1.625 -1.674 
-1.721 -1.765 -1.808 -1.848 -1.887 -1.923 -1.957 -1.990 -2.020 -2.048 
-2.088 
-2.356 -2.412 -2.434 -2.453 -2.470 -2.485 -2.497 -2.508 -2.516 -2.522 
-2.527 -2.529 -2.529 -2.527 -2.522 -2.516 -2.507 -2.497 -2.484 -2.468 
-2.451 -2.431 -2.408 -2.384 -2.356 -2.326 -2.293 -2.257 -2.218 -2.177 
-2.132 -2.083 -2.031 -1.975 -1.916 -1.853 -1.786 -1.715 -1.641 -1.564 
-1.484 -1.404 -1.325 -1.250 -1.182 -1.122 -1.074 -1.038 -1.013 -0.999 
-0.993 -0.992 -0.993 -0.994 -0.993 -0.992 -0.990 -0.987 -0.983 -0.980 
-0.976 -0.975 -0.979 -0.990 -1.012 -1.047 -1.095 -1.155 -1.222 -1.295 
-1.370 -1.445 -1.519 -1.590 -1.660 -1.726 -1.790 -1.851 -1.909 -1.964 
-2.016 -2.065 -2.111 -2.155 -2.196 -2.234 -2.270 -2.303 -2.334 -2.362 
-2.351 
-2.350 -2.362 -2.387 -2.409 -2.429 -2.446 -2.461 -2.474 -2.485 -2.494 
-2.500 -2.505 -2.507 -2.507 -2.505 -2.501 -2.494 -2.485 -2.475 -2.461 
-2.446 -2.428 -2.408 -2.385 -2.360 -2.332 -2.301 -2.268 -2.231 -2.192 
-2.149 -2.103 -2.053 -2.000 -1.943 -1.882 -1.817 -1.747 -1.673 -1.594 
-1.511 -1.424 -1.335 -1.244 -1.154 -1.069 -0.992 -0.930 -0.887 -0.866 
-0.866 -0.884 -0.912 -0.947 -0.983 -1.017 -1.047 -1.072 -1.093 -1.109 
-1.122 -1.132 -1.141 -1.152 -1.166 -1.184 -1.209 -1.239 -1.275 -1.317 
-1.364 -1.415 -1.470 -1.528 -1.587 -1.647 -1.707 -1.766 -1.823 -1.879 
-1.933 -1.984 -2.033 -2.080 -2.124 -2.166 -2.205 -2.241 -2.275 -2.307 
-2.340 
-2.368 -2.384 -2.407 -2.428 -2.447 -2.463 -2.477 -2.488 -2.497 -2.504 
-2.509 -2.511 -2.511 -2.508 -2.504 -2.497 -2.488 -2.476 -2.462 -2.446 
-2.427 -2.405 -2.381 -2.355 -2.325 -2.293 -2.258 -2.220 -2.178 -2.134 
-2.087 -2.038 -1.985 -1.930 -1.873 -1.814 -1.753 -1.690 -1.625 -1.558 
-1.487 -1.413 -1.337 -1.260 -1.186 -1.118 -1.060 -1.017 -0.991 -0.982 
-0.988 -1.005 -1.028 -1.053 -1.076 -1.096 -1.112 -1.122 -1.127 -1.128 
-1.125 -1.120 -1.116 -1.115 -1.119 -1.130 -1.148 -1.175 -1.209 -1.253 
-1.304 -1.363 -1.426 -1.493 -1.562 -1.630 -1.698 -1.763 -1.827 -1.887 
-1.945 -2.000 -2.051 -2.100 -2.145 -2.188 -2.228 -2.264 -2.298 -2.329 
-2.358 
-2.477 -2.503 -2.516 -2.527 -2.535 -2.541 -2.544 -2.545 -2.544 -2.541 
-2.535 -2.527 -2.516 -2.504 -2.488 -2.471 -2.450 -2.428 -2.402 -2.375 
-2.344 -2.311 -2.275 -2.236 -2.194 -2.150 -2.102 -2.053 -2.000 -1.946 
-1.890 -1.832 -1.775 -1.719 -1.665 -1.615 -1.571 -1.532 -1.501 -1.475 
-1.455 -1.437 -1.421 -1.404 -1.386 -1.367 -1.348 -1.330 -1.316 -1.304 
-1.293 -1.283 -1.271 -1.257 -1.241 -1.222 -1.200 -1.176 -1.151 -1.125 
-1.101 -1.082 -1.075 -1.085 -1.116 -1.166 -1.230 -1.304 -1.383 -1.463 
-1.542 -1.620 -1.696 -1.769 -1.838 -1.905 -1.967 -2.026 -2.081 -2.133 
-2.181 -2.225 -2.266 -2.304 -2.339 -2.371 -2.399 -2.425 -2.449 -2.469 
-2.473 
-2.478 -2.479 -2.492 -2.504 -2.513 -2.521 -2.526 -2.529 -2.531 -2.530 
-2.528 -2.523 -2.517 -2.508 -2.498 -2.485 -2.471 -2.454 -2.436 -2.415 
-2.392 -2.367 -2.340 -2.310 -2.278 -2.244 -2.208 -2.169 -2.128 -2.084 
-2.039 -1.991 -1.942 -1.891 -1.839 -1.787 -1.734 -1.682 -1.630 -1.578 
-1.526 -1.473 -1.419 -1.365 -1.310 -1.256 -1.203 -1.153 -1.108 -1.069 
-1.035 -1.007 -0.982 -0.961 -0.944 -0.933 -0.928 -0.931 -0.942 -0.962 
-0.991 -1.026 -1.069 -1.119 -1.175 -1.239 -1.309 -1.383 -1.459 -1.535 
-1.609 -1.681 -1.750 -1.816 -1.878 -1.936 -1.992 -2.043 -2.092 -2.137 
-2.180 -2.220 -2.257 -2.291 -2.323 -2.352 -2.379 -2.403 -2.425 -2.445 
-2.472 
-2.614 -2.643 -2.664 -2.683 -2.699 -2.713 -2.725 -2.734 -2.742 -2.747 
-2.750 -2.751 -2.749 -2.746 -2.740 -2.732 -2.722 -2.710 -2.696 -2.679 
-2.660 -2.639 -2.615 -2.589 -2.560 -2.529 -2.495 -2.459 -2.419 -2.377 
-2.331 -2.282 -2.230 -2.173 -2.114 -2.049 -1.981 -1.908 -1.830 -1.746 
-1.657 -1.563 -1.464 -1.365 -1.269 -1.185 -1.117 -1.065 -1.028 -1.005 
-0.998 -1.001 -1.012 -1.026 -1.040 -1.052 -1.061 -1.068 -1.073 -1.077 
-1.079 -1.082 -1.088 -1.099 -1.119 -1.150 -1.194 -1.252 -1.320 -1.398 
-1.482 -1.568 -1.655 -1.740 -1.822 -1.900 -1.974 -2.044 -2.110 -2.171 
-2.229 -2.282 -2.333 -2.379 -2.422 -2.462 -2.500 -2.534 -2.565 -2.594 
-2.606 
-2.641 -2.673 -2.696 -2.716 -2.734 -2.749 -2.762 -2.772 -2.780 -2.786 
-2.789 -2.790 -2.789 -2.785 -2.780 -2.771 -2.761 -2.748 -2.733 -2.715 
-2.694 -2.671 -2.646 -2.617 -2.586 -2.552 -2.514 -2.473 -2.429 -2.381 
-2.330 -2.274 -2.213 -2.148 -2.078 -2.002 -1.920 -1.831 -1.735 -1.632 
-1.521 -1.403 -1.283 -1.170 -1.077 -1.018 -1.002 -1.021 -1.063 -1.112 
-1.161 -1.206 -1.246 -1.280 -1.306 -1.325 -1.337 -1.342 -1.340 -1.333 
-1.320 -1.305 -1.287 -1.271 -1.258 -1.252 -1.256 -1.275 -1.312 -1.366 
-1.435 -1.515 -1.601 -1.689 -1.777 -1.862 -1.943 -2.019 -2.091 -2.159 
-2.222 -2.281 -2.335 -2.386 -2.433 -2.477 -2.517 -2.554 -2.588 -2.619 
-2.632 
-2.452 -2.479 -2.500 -2.519 -2.535 -2.549 -2.561 -2.571 -2.579 -2.584 
-2.587 -2.588 -2.587 -2.584 -2.578 -2.570 -2.560 -2.547 -2.532 -2.515 
-2.496 -2.474 -2.449 -2.422 -2.393 -2.361 -2.326 -2.288 -2.248 -2.204 
-2.158 -2.109 -2.056 -2.001 -1.943 -1.882 -1.818 -1.752 -1.685 -1.615 
-1.546 -1.476 -1.408 -1.343 -1.286 -1.244 -1.219 -1.209 -1.206 -1.206 
-1.208 -1.213 -1.221 -1.230 -1.239 -1.246 -1.249 -1.249 -1.247 -1.243 
-1.238 -1.236 -1.237 -1.243 -1.257 -1.280 -1.311 -1.352 -1.402 -1.459 
-1.522 -1.587 -1.653 -1.718 -1.780 -1.840 -1.897 -1.952 -2.004 -2.053 
-2.100 -2.146 -2.189 -2.229 -2.268 -2.305 -2.339 -2.372 -2.402 -2.430 
-2.446 
-2.302 -2.309 -2.339 -2.367 -2.394 -2.418 -2.440 -2.460 -2.478 -2.494 
-2.508 -2.519 -2.529 -2.536 -2.541 -2.544 -2.545 -2.543 -2.540 -2.534 
-2.525 -2.515 -2.502 -2.486 -2.468 -2.448 -2.424 -2.398 -2.370 -2.338 
-2.303 -2.265 -2.224 -2.180 -2.132 -2.081 -2.026 -1.968 -1.906 -1.841 
-1.773 -1.703 -1.630 -1.557 -1.483 -1.411 -1.340 -1.274 -1.214 -1.165 
-1.133 -1.121 -1.130 -1.157 -1.196 -1.240 -1.285 -1.327 -1.366 -1.400 
-1.429 -1.455 -1.478 -1.499 -1.520 -1.542 -1.564 -1.586 -1.609 -1.631 
-1.653 -1.674 -1.695 -1.717 -1.739 -1.763 -1.789 -1.816 -1.846 -1.878 
-1.912 -1.947 -1.984 -2.022 -2.060 -2.098 -2.136 -2.173 -2.209 -2.244 
-2.288 
-2.396 -2.435 -2.461 -2.485 -2.507 -2.527 -2.545 -2.561 -2.574 -2.586 
-2.595 -2.602 -2.607 -2.610 -2.610 -2.609 -2.605 -2.599 -2.591 -2.580 
-2.567 -2.551 -2.534 -2.513 -2.490 -2.465 -2.436 -2.405 -2.371 -2.333 
-2.293 -2.249 -2.201 -2.150 -2.095 -2.036 -1.973 -1.906 -1.835 -1.760 
-1.683 -1.604 -1.526 -1.452 -1.386 -1.331 -1.292 -1.269 -1.262 -1.267 
-1.283 -1.307 -1.339 -1.376 -1.414 -1.452 -1.488 -1.520 -1.549 -1.573 
-1.594 -1.611 -1.625 -1.637 -1.647 -1.656 -1.665 -1.674 -1.685 -1.699 
-1.715 -1.734 -1.757 -1.783 -1.812 -1.845 -1.880 -1.917 -1.956 -1.996 
-2.037 -2.078 -2.119 -2.159 -2.199 -2.237 -2.274 -2.310 -2.344 -2.376 
-2.388 
-2.410 -2.421 -2.448 -2.474 -2.497 -2.519 -2.538 -2.555 -2.571 -2.584 
-2.595 -2.604 -2.611 -2.615 -2.618 -2.618 -2.616 -2.613 -2.606 -2.598 
-2.588 -2.575 -2.559 -2.542 -2.522 -2.499 -2.474 -2.446 -2.415 -2.382 
-2.346 -2.307 -2.265 -2.220 -2.171 -2.120 -2.066 -2.008 -1.949 -1.887 
-1.824 -1.760 -1.698 -1.639 -1.585 -1.539 -1.504 -1.479 -1.467 -1.465 
-1.473 -1.489 -1.509 -1.533 -1.558 -1.583 -1.606 -1.628 -1.648 -1.666 
-1.681 -1.694 -1.705 -1.715 -1.725 -1.734 -1.743 -1.753 -1.764 -1.776 
-1.789 -1.804 -1.821 -1.839 -1.860 -1.884 -1.910 -1.938 -1.969 -2.002 
-2.037 -2.074 -2.111 -2.148 -2.186 -2.223 -2.259 -2.295 -2.329 -2.361 
-2.398 
-2.547 -2.573 -2.592 -2.610 -2.625 -2.638 -2.649 -2.658 -2.665 -2.670 
-2.672 -2.673 -2.671 -2.667 -2.661 -2.652 -2.642 -2.629 -2.614 -2.597 
-2.577 -2.555 -2.531 -2.504 -2.474 -2.442 -2.408 -2.370 -2.330 -2.287 
-2.241 -2.192 -2.141 -2.087 -2.030 -1.971 -1.910 -1.848 -1.785 -1.723 
-1.664 -1.608 -1.558 -1.515 -1.481 -1.456 -1.441 -1.434 -1.434 -1.439 
-1.448 -1.460 -1.472 -1.485 -1.496 -1.506 -1.514 -1.520 -1.525 -1.529 
-1.533 -1.537 -1.544 -1.553 -1.567 -1.585 -1.608 -1.637 -1.671 -1.710 
-1.753 -1.798 -1.846 -1.894 -1.942 -1.991 -2.038 -2.085 -2.131 -2.175 
-2.218 -2.260 -2.300 -2.338 -2.374 -2.409 -2.442 -2.472 -2.500 -2.527 
-2.540 
-2.665 -2.683 -2.698 -2.711 -2.722 -2.731 -2.738 -2.743 -2.746 -2.747 
-2.746 -2.743 -2.737 -2.730 -2.720 -2.709 -2.695 -2.679 -2.661 -2.641 
-2.619 -2.594 -2.567 -2.538 -2.506 -2.472 -2.435 -2.396 -2.354 -2.310 
-2.263 -2.213 -2.162 -2.108 -2.052 -1.994 -1.936 -1.877 -1.818 -1.760 
-1.705 -1.655 -1.609 -1.570 -1.539 -1.515 -1.500 -1.491 -1.489 -1.490 
-1.495 -1.501 -1.508 -1.514 -1.520 -1.525 -1.529 -1.533 -1.537 -1.541 
-1.546 -1.554 -1.565 -1.580 -1.600 -1.627 -1.660 -1.699 -1.744 -1.795 
-1.848 -1.904 -1.960 -2.017 -2.072 -2.126 -2.178 -2.229 -2.276 -2.322 
-2.365 -2.406 -2.444 -2.480 -2.513 -2.544 -2.573 -2.600 -2.624 -2.646 
-2.659 
-2.741 -2.752 -2.771 -2.788 -2.802 -2.814 -2.824 -2.832 -2.837 -2.840 
-2.841 -2.840 -2.836 -2.831 -2.823 -2.813 -2.800 -2.786 -2.769 -2.749 
-2.727 -2.703 -2.676 -2.647 -2.615 -2.580 -2.542 -2.501 -2.458 -2.411 
-2.361 -2.309 -2.253 -2.195 -2.134 -2.071 -2.007 -1.943 -1.880 -1.818 
-1.759 -1.703 -1.651 -1.604 -1.564 -1.533 -1.510 -1.496 -1.490 -1.490 
-1.493 -1.499 -1.504 -1.507 -1.509 -1.507 -1.501 -1.491 -1.478 -1.461 
-1.443 -1.426 -1.413 -1.409 -1.417 -1.438 -1.470 -1.514 -1.569 -1.632 
-1.701 -1.773 -1.847 -1.921 -1.994 -2.064 -2.131 -2.194 -2.255 -2.311 
-2.365 -2.415 -2.462 -2.505 -2.546 -2.584 -2.618 -2.650 -2.679 -2.706 
-2.733 
-2.920 -2.945 -2.958 -2.969 -2.978 -2.984 -2.988 -2.989 -2.988 -2.985 
-2.980 -2.972 -2.961 -2.948 -2.933 -2.916 -2.895 -2.872 -2.847 -2.819 
-2.788 -2.753 -2.716 -2.676 -2.633 -2.586 -2.536 -2.483 -2.426 -2.366 
-2.302 -2.235 -2.166 -2.096 -2.025 -1.955 -1.890 -1.830 -1.778 -1.737 
-1.706 -1.686 -1.675 -1.672 -1.674 -1.680 -1.688 -1.696 -1.704 -1.711 
-1.714 -1.714 -1.708 -1.697 -1.680 -1.656 -1.624 -1.586 -1.542 -1.494 
-1.446 -1.406 -1.383 -1.386 -1.420 -1.482 -1.562 -1.653 -1.748 -1.842 
-1.934 -2.023 -2.107 -2.186 -2.261 -2.331 -2.397 -2.458 -2.515 -2.568 
-2.617 -2.662 -2.704 -2.742 -2.778 -2.810 -2.839 -2.866 -2.889 -2.910 
-2.916 
-3.047 -3.053 -3.065 -3.075 -3.083 -3.088 -3.091 -3.092 -3.091 -3.088 
-3.082 -3.074 -3.064 -3.051 -3.037 -3.019 -3.000 -2.978 -2.953 -2.926 
-2.896 -2.863 -2.827 -2.789 -2.747 -2.702 -2.654 -2.602 -2.546 -2.487 
-2.424 -2.357 -2.287 -2.213 -2.135 -2.055 -1.973 -1.891 -1.810 -1.730 
-1.657 -1.601 -1.574 -1.576 -1.594 -1.618 -1.645 -1.674 -1.701 -1.727 
-1.749 -1.768 -1.782 -1.792 -1.798 -1.800 -1.799 -1.795 -1.789 -1.781 
-1.774 -1.770 -1.774 -1.792 -1.826 -1.874 -1.930 -1.991 -2.052 -2.116 
-2.181 -2.248 -2.314 -2.380 -2.443 -2.504 -2.561 -2.615 -2.665 -2.712 
-2.756 -2.796 -2.834 -2.869 -2.901 -2.930 -2.957 -2.981 -3.002 -3.022 
-3.042 
-3.234 -3.265 -3.285 -3.302 -3.316 -3.327 -3.336 -3.343 -3.347 -3.349 
-3.348 -3.344 -3.339 -3.330 -3.319 -3.306 -3.290 -3.271 -3.249 -3.225 
-3.198 -3.167 -3.134 -3.096 -3.056 -3.012 -2.963 -2.910 -2.853 -2.791 
-2.722 -2.648 -2.567 -2.478 -2.380 -2.271 -2.151 -2.018 -1.871 -1.715 
-1.571 -1.469 -1.441 -1.483 -1.568 -1.667 -1.763 -1.849 -1.923 -1.985 
-2.036 -2.077 -2.109 -2.133 -2.150 -2.161 -2.165 -2.164 -2.158 -2.148 
-2.133 -2.115 -2.094 -2.071 -2.048 -2.026 -2.011 -2.006 -2.015 -2.043 
-2.091 -2.155 -2.231 -2.314 -2.399 -2.483 -2.563 -2.639 -2.711 -2.778 
-2.840 -2.897 -2.951 -3.000 -3.045 -3.086 -3.124 -3.158 -3.190 -3.218 
-3.226 
-3.245 -3.278 -3.297 -3.314 -3.328 -3.340 -3.349 -3.356 -3.361 -3.363 
-3.363 -3.361 -3.356 -3.348 -3.339 -3.326 -3.312 -3.295 -3.275 -3.252 
-3.227 -3.198 -3.167 -3.132 -3.094 -3.053 -3.008 -2.958 -2.905 -2.846 
-2.783 -2.713 -2.638 -2.556 -2.465 -2.366 -2.257 -2.137 -2.005 -1.863 
-1.717 -1.585 -1.488 -1.439 -1.440 -1.480 -1.543 -1.616 -1.689 -1.758 
-1.818 -1.870 -1.912 -1.945 -1.969 -1.984 -1.991 -1.991 -1.984 -1.971 
-1.954 -1.935 -1.916 -1.901 -1.894 -1.899 -1.920 -1.956 -2.008 -2.072 
-2.146 -2.226 -2.308 -2.391 -2.471 -2.549 -2.622 -2.692 -2.757 -2.818 
-2.875 -2.928 -2.978 -3.024 -3.066 -3.105 -3.141 -3.174 -3.204 -3.232 
-3.239 
-3.086 -3.091 -3.110 -3.127 -3.142 -3.154 -3.164 -3.172 -3.177 -3.181 
-3.182 -3.181 -3.178 -3.172 -3.164 -3.154 -3.142 -3.127 -3.110 -3.091 
-3.069 -3.044 -3.016 -2.986 -2.953 -2.917 -2.877 -2.835 -2.788 -2.738 
-2.684 -2.626 -2.562 -2.494 -2.421 -2.341 -2.255 -2.162 -2.062 -1.955 
-1.842 -1.726 -1.614 -1.516 -1.443 -1.397 -1.380 -1.392 -1.425 -1.470 
-1.521 -1.571 -1.617 -1.658 -1.692 -1.719 -1.741 -1.758 -1.770 -1.779 
-1.786 -1.793 -1.801 -1.813 -1.830 -1.855 -1.889 -1.932 -1.983 -2.041 
-2.103 -2.168 -2.235 -2.301 -2.367 -2.431 -2.493 -2.552 -2.608 -2.662 
-2.713 -2.761 -2.806 -2.849 -2.888 -2.925 -2.959 -2.990 -3.019 -3.046 
-3.077 
-3.082 -3.105 -3.125 -3.143 -3.158 -3.172 -3.183 -3.192 -3.199 -3.203 
-3.205 -3.206 -3.204 -3.200 -3.193 -3.185 -3.174 -3.161 -3.146 -3.128 
-3.108 -3.085 -3.060 -3.032 -3.001 -2.968 -2.932 -2.892 -2.850 -2.804 
-2.754 -2.701 -2.644 -2.582 -2.516 -2.445 -2.369 -2.288 -2.202 -2.110 
-2.013 -1.912 -1.808 -1.706 -1.609 -1.525 -1.460 -1.424 -1.420 -1.444 
-1.481 -1.523 -1.564 -1.602 -1.635 -1.663 -1.686 -1.705 -1.719 -1.732 
-1.743 -1.755 -1.769 -1.788 -1.813 -1.845 -1.885 -1.932 -1.985 -2.044 
-2.106 -2.171 -2.237 -2.304 -2.369 -2.433 -2.495 -2.554 -2.611 -2.666 
-2.717 -2.766 -2.812 -2.855 -2.895 -2.933 -2.968 -3.000 -3.030 -3.058 
-3.075 
-3.062 -3.083 -3.106 -3.127 -3.146 -3.162 -3.176 -3.188 -3.198 -3.205 
-3.211 -3.214 -3.214 -3.213 -3.209 -3.203 -3.195 -3.185 -3.172 -3.156 
-3.139 -3.118 -3.095 -3.070 -3.041 -3.010 -2.976 -2.938 -2.898 -2.853 
-2.805 -2.753 -2.697 -2.635 -2.569 -2.498 -2.420 -2.336 -2.245 -2.147 
-2.040 -1.925 -1.803 -1.673 -1.541 -1.413 -1.309 -1.250 -1.251 -1.303 
-1.384 -1.472 -1.555 -1.629 -1.691 -1.744 -1.787 -1.822 -1.850 -1.873 
-1.891 -1.905 -1.919 -1.932 -1.946 -1.963 -1.984 -2.009 -2.039 -2.075 
-2.117 -2.163 -2.213 -2.267 -2.324 -2.381 -2.439 -2.496 -2.553 -2.608 
-2.661 -2.711 -2.760 -2.806 -2.849 -2.890 -2.929 -2.964 -2.998 -3.028 
-3.053 
-3.017 -3.046 -3.072 -3.095 -3.116 -3.135 -3.151 -3.164 -3.176 -3.184 
-3.191 -3.195 -3.197 -3.196 -3.193 -3.188 -3.180 -3.170 -3.157 -3.142 
-3.124 -3.104 -3.081 -3.055 -3.026 -2.993 -2.958 -2.919 -2.877 -2.831 
-2.781 -2.727 -2.668 -2.604 -2.535 -2.460 -2.380 -2.294 -2.202 -2.105 
-2.005 -1.905 -1.809 -1.723 -1.653 -1.600 -1.569 -1.567 -1.603 -1.667 
-1.743 -1.818 -1.886 -1.945 -1.995 -2.037 -2.071 -2.099 -2.121 -2.137 
-2.149 -2.157 -2.162 -2.165 -2.167 -2.168 -2.171 -2.176 -2.184 -2.197 
-2.214 -2.235 -2.262 -2.293 -2.327 -2.365 -2.407 -2.452 -2.499 -2.548 
-2.597 -2.648 -2.697 -2.745 -2.791 -2.835 -2.877 -2.916 -2.952 -2.986 
-3.009 
-2.981 -2.996 -3.034 -3.068 -3.099 -3.127 -3.152 -3.175 -3.195 -3.212 
-3.226 -3.238 -3.247 -3.254 -3.258 -3.259 -3.258 -3.255 -3.248 -3.239 
-3.228 -3.213 -3.196 -3.176 -3.153 -3.127 -3.097 -3.064 -3.028 -2.988 
-2.943 -2.895 -2.841 -2.783 -2.719 -2.649 -2.572 -2.488 -2.396 -2.295 
-2.185 -2.066 -1.938 -1.807 -1.684 -1.592 -1.546 -1.554 -1.609 -1.697 
-1.796 -1.893 -1.981 -2.058 -2.125 -2.181 -2.228 -2.267 -2.297 -2.321 
-2.339 -2.350 -2.356 -2.356 -2.352 -2.344 -2.332 -2.316 -2.298 -2.279 
-2.259 -2.242 -2.228 -2.222 -2.224 -2.234 -2.254 -2.284 -2.322 -2.368 
-2.419 -2.476 -2.534 -2.593 -2.652 -2.709 -2.764 -2.817 -2.866 -2.913 
-2.964 
-3.173 -3.225 -3.259 -3.290 -3.317 -3.342 -3.364 -3.383 -3.399 -3.412 
-3.423 -3.431 -3.437 -3.440 -3.440 -3.438 -3.433 -3.426 -3.415 -3.403 
-3.387 -3.368 -3.347 -3.323 -3.295 -3.264 -3.230 -3.192 -3.150 -3.105 
-3.054 -2.999 -2.939 -2.873 -2.801 -2.722 -2.634 -2.538 -2.431 -2.313 
-2.181 -2.035 -1.878 -1.725 -1.606 -1.558 -1.590 -1.675 -1.783 -1.893 
-1.994 -2.082 -2.156 -2.219 -2.269 -2.310 -2.341 -2.364 -2.378 -2.386 
-2.386 -2.380 -2.368 -2.351 -2.329 -2.304 -2.277 -2.249 -2.220 -2.193 
-2.169 -2.154 -2.151 -2.166 -2.200 -2.251 -2.315 -2.387 -2.463 -2.539 
-2.615 -2.688 -2.759 -2.825 -2.889 -2.948 -3.004 -3.055 -3.103 -3.147 
-3.162 
-3.229 -3.243 -3.268 -3.289 -3.308 -3.324 -3.338 -3.350 -3.359 -3.365 
-3.369 -3.371 -3.371 -3.368 -3.362 -3.355 -3.344 -3.332 -3.317 -3.299 
-3.278 -3.255 -3.230 -3.201 -3.169 -3.135 -3.097 -3.056 -3.011 -2.962 
-2.910 -2.853 -2.792 -2.727 -2.656 -2.581 -2.501 -2.416 -2.327 -2.234 
-2.139 -2.046 -1.956 -1.875 -1.813 -1.787 -1.802 -1.842 -1.889 -1.937 
-1.982 -2.023 -2.058 -2.088 -2.111 -2.127 -2.137 -2.141 -2.138 -2.130 
-2.117 -2.100 -2.079 -2.057 -2.036 -2.019 -2.009 -2.009 -2.023 -2.051 
-2.091 -2.142 -2.201 -2.266 -2.336 -2.410 -2.485 -2.559 -2.632 -2.701 
-2.766 -2.828 -2.886 -2.939 -2.989 -3.035 -3.078 -3.117 -3.153 -3.186 
-3.219 
-3.335 -3.355 -3.378 -3.399 -3.416 -3.431 -3.444 -3.454 -3.461 -3.467 
-3.469 -3.470 -3.468 -3.463 -3.456 -3.447 -3.435 -3.421 -3.404 -3.384 
-3.362 -3.337 -3.309 -3.278 -3.244 -3.206 -3.166 -3.121 -3.073 -3.021 
-2.965 -2.904 -2.839 -2.768 -2.692 -2.610 -2.522 -2.429 -2.330 -2.229 
-2.130 -2.044 -1.983 -1.953 -1.948 -1.961 -1.985 -2.019 -2.057 -2.095 
-2.131 -2.163 -2.190 -2.210 -2.223 -2.229 -2.228 -2.220 -2.204 -2.180 
-2.148 -2.109 -2.065 -2.021 -1.984 -1.963 -1.959 -1.971 -1.997 -2.040 
-2.099 -2.173 -2.256 -2.344 -2.432 -2.519 -2.603 -2.682 -2.757 -2.827 
-2.892 -2.953 -3.010 -3.062 -3.111 -3.156 -3.197 -3.235 -3.269 -3.301 
-3.326 
-3.512 -3.541 -3.559 -3.575 -3.588 -3.599 -3.607 -3.613 -3.616 -3.617 
-3.615 -3.611 -3.604 -3.595 -3.583 -3.569 -3.552 -3.532 -3.510 -3.485 
-3.457 -3.425 -3.391 -3.353 -3.311 -3.266 -3.217 -3.163 -3.104 -3.041 
-2.971 -2.895 -2.813 -2.723 -2.624 -2.515 -2.396 -2.266 -2.128 -1.985 
-1.851 -1.747 -1.693 -1.697 -1.748 -1.823 -1.904 -1.980 -2.047 -2.102 
-2.146 -2.179 -2.201 -2.213 -2.214 -2.205 -2.185 -2.154 -2.112 -2.059 
-1.994 -1.921 -1.846 -1.781 -1.745 -1.753 -1.811 -1.907 -2.022 -2.143 
-2.263 -2.377 -2.487 -2.589 -2.686 -2.775 -2.858 -2.935 -3.006 -3.071 
-3.132 -3.188 -3.239 -3.286 -3.330 -3.369 -3.406 -3.439 -3.469 -3.496 
-3.506 
-3.582 -3.598 -3.618 -3.636 -3.651 -3.663 -3.673 -3.680 -3.685 -3.687 
-3.687 -3.684 -3.679 -3.671 -3.661 -3.648 -3.633 -3.615 -3.594 -3.570 
-3.544 -3.514 -3.482 -3.446 -3.406 -3.363 -3.316 -3.264 -3.209 -3.148 
-3.081 -3.009 -2.931 -2.845 -2.751 -2.647 -2.534 -2.411 -2.276 -2.133 
-1.987 -1.849 -1.732 -1.626 -1.565 -1.689 -1.826 -1.936 -2.026 -2.100 
-2.159 -2.205 -2.238 -2.259 -2.270 -2.269 -2.258 -2.235 -2.202 -2.158 
-2.103 -2.038 -1.968 -1.900 -1.847 -1.827 -1.848 -1.907 -1.985 -2.054 
-2.104 -2.183 -2.321 -2.472 -2.609 -2.729 -2.833 -2.926 -3.009 -3.083 
-3.151 -3.213 -3.270 -3.322 -3.369 -3.412 -3.451 -3.487 -3.519 -3.549 
-3.574 
-3.642 -3.673 -3.702 -3.727 -3.749 -3.768 -3.784 -3.797 -3.808 -3.816 
-3.821 -3.823 -3.823 -3.821 -3.815 -3.807 -3.797 -3.783 -3.767 -3.748 
-3.726 -3.701 -3.673 -3.641 -3.606 -3.567 -3.524 -3.477 -3.426 -3.369 
-3.307 -3.239 -3.163 -3.081 -2.989 -2.886 -2.771 -2.641 -2.492 -2.318 
-2.114 -1.877 -1.612 -1.355 -1.232 -1.399 -1.680 -1.923 -2.101 -2.234 
-2.337 -2.416 -2.477 -2.523 -2.555 -2.576 -2.585 -2.584 -2.573 -2.551 
-2.518 -2.474 -2.420 -2.357 -2.290 -2.223 -2.153 -2.071 -1.961 -1.834 
-1.744 -1.759 -1.894 -2.089 -2.288 -2.467 -2.622 -2.758 -2.876 -2.982 
-3.076 -3.160 -3.236 -3.306 -3.368 -3.425 -3.477 -3.525 -3.568 -3.607 
-3.631 
-3.624 -3.649 -3.676 -3.700 -3.721 -3.738 -3.753 -3.765 -3.775 -3.781 
-3.785 -3.787 -3.785 -3.781 -3.775 -3.765 -3.753 -3.738 -3.720 -3.699 
-3.676 -3.649 -3.618 -3.584 -3.546 -3.505 -3.459 -3.408 -3.353 -3.292 
-3.224 -3.150 -3.068 -2.977 -2.875 -2.760 -2.629 -2.479 -2.304 -2.101 
-1.874 -1.664 -1.543 -1.533 -1.578 -1.789 -2.004 -2.169 -2.296 -2.397 
-2.477 -2.541 -2.592 -2.630 -2.658 -2.676 -2.685 -2.686 -2.677 -2.660 
-2.635 -2.601 -2.558 -2.507 -2.447 -2.380 -2.310 -2.240 -2.176 -2.122 
-2.090 -2.119 -2.212 -2.324 -2.440 -2.561 -2.681 -2.795 -2.900 -2.995 
-3.082 -3.161 -3.233 -3.298 -3.358 -3.412 -3.462 -3.507 -3.548 -3.586 
-3.614 
-3.584 -3.611 -3.644 -3.674 -3.700 -3.723 -3.743 -3.760 -3.774 -3.785 
-3.794 -3.799 -3.802 -3.803 -3.800 -3.795 -3.787 -3.777 -3.763 -3.747 
-3.727 -3.705 -3.679 -3.650 -3.618 -3.582 -3.542 -3.498 -3.450 -3.396 
-3.338 -3.273 -3.202 -3.124 -3.037 -2.941 -2.834 -2.714 -2.580 -2.429 
-2.263 -2.095 -1.984 -1.988 -2.059 -2.148 -2.242 -2.330 -2.412 -2.485 
-2.551 -2.608 -2.656 -2.696 -2.728 -2.752 -2.768 -2.777 -2.777 -2.771 
-2.757 -2.735 -2.706 -2.669 -2.626 -2.576 -2.521 -2.463 -2.403 -2.344 
-2.284 -2.224 -2.180 -2.172 -2.217 -2.312 -2.435 -2.566 -2.693 -2.812 
-2.919 -3.017 -3.106 -3.186 -3.258 -3.324 -3.384 -3.439 -3.488 -3.533 
-3.570 
-3.574 -3.597 -3.625 -3.651 -3.674 -3.694 -3.711 -3.726 -3.738 -3.747 
-3.755 -3.759 -3.762 -3.762 -3.759 -3.754 -3.747 -3.737 -3.725 -3.710 
-3.692 -3.672 -3.649 -3.623 -3.595 -3.563 -3.528 -3.490 -3.448 -3.402 
-3.353 -3.299 -3.241 -3.178 -3.110 -3.036 -2.955 -2.868 -2.774 -2.674 
-2.568 -2.461 -2.363 -2.285 -2.231 -2.196 -2.179 -2.181 -2.200 -2.232 
-2.273 -2.315 -2.355 -2.392 -2.422 -2.445 -2.462 -2.471 -2.473 -2.467 
-2.455 -2.437 -2.412 -2.383 -2.351 -2.319 -2.291 -2.271 -2.263 -2.270 
-2.289 -2.318 -2.353 -2.401 -2.473 -2.567 -2.669 -2.771 -2.867 -2.956 
-3.037 -3.112 -3.181 -3.244 -3.303 -3.356 -3.406 -3.451 -3.493 -3.531 
-3.558 
