IRGRID 64 91
1e+308

0.025 0.03 0.035 0.04 0.045 0.05 0.055 0.06 0.065 0.07
0.075 0.08 0.085 0.09 0.095 0.1 0.11 0.12 0.13 0.14
0.15 0.16 0.17 0.18 0.19 0.2 0.21 0.22 0.23 0.24
0.25 0.26 0.27 0.28 0.29 0.3 0.31 0.32 0.33 0.34
0.35 0.36 0.37 0.38 0.39 0.4 0.41 0.42 0.43 0.44
0.45 0.46 0.47 0.48 0.49 0.5 0.51 0.52 0.53 0.54
0.55 0.56 0.57 0.58
0 4 8 12 16 20 24 28 32 36
40 44 48 52 56 60 64 68 72 76
80 84 88 92 96 100 104 108 112 116
120 124 128 132 136 140 144 148 152 156
160 164 168 172 176 180 184 188 192 196
200 204 208 212 216 220 224 228 232 236
240 244 248 252 256 260 264 268 272 276
280 284 288 292 296 300 304 308 312 316
320 324 328 332 336 340 344 348 352 356
360
-3.857 -3.987 -4.000 -4.000 -4.000 -4.000 -4.000 -4.000 -4.000 -4.000 
-4.000 -4.000 -4.000 -4.000 -4.000 -4.000 -4.000 -4.000 -4.000 -4.000 
-4.000 -4.000 -4.000 -4.000 -4.000 -4.000 -4.000 -4.000 -4.000 -4.000 
-4.000 -4.000 -4.000 -4.000 -3.985 -3.927 -3.866 -3.804 -3.748 -3.703 
-3.678 -3.676 -3.696 -3.733 -3.779 -3.830 -3.879 -3.926 -3.969 -4.000 
-4.000 -4.000 -4.000 -4.000 -4.000 -4.000 -4.000 -4.000 -4.000 -4.000 
-4.000 -4.000 -4.000 -4.000 -4.000 -4.000 -4.000 -4.000 -4.000 -4.000 
-4.000 -4.000 -4.000 -3.981 -3.930 -3.874 -3.816 -3.761 -3.713 -3.679 
-3.667 -3.676 -3.703 -3.742 -3.785 -3.826 -3.862 -3.893 -3.919 -3.943 
-3.847 
-3.463 -3.435 -3.437 -3.439 -3.441 -3.442 -3.438 -3.431 -3.420 -3.410 
-3.408 -3.418 -3.445 -3.483 -3.526 -3.569 -3.609 -3.645 -3.675 -3.701 
-3.722 -3.739 -3.752 -3.762 -3.769 -3.773 -3.774 -3.772 -3.768 -3.762 
-3.754 -3.744 -3.732 -3.719 -3.704 -3.688 -3.670 -3.652 -3.635 -3.618 
-3.605 -3.596 -3.590 -3.587 -3.585 -3.582 -3.579 -3.573 -3.564 -3.549 
-3.526 -3.492 -3.446 -3.386 -3.324 -3.281 -3.280 -3.327 -3.401 -3.478 
-3.546 -3.603 -3.648 -3.683 -3.710 -3.730 -3.744 -3.754 -3.758 -3.759 
-3.756 -3.750 -3.740 -3.728 -3.712 -3.693 -3.672 -3.648 -3.624 -3.600 
-3.578 -3.557 -3.539 -3.521 -3.504 -3.487 -3.471 -3.458 -3.448 -3.440 
-3.462 
-3.381 -3.384 -3.346 -3.302 -3.252 -3.196 -3.133 -3.069 -3.007 -2.956 
-2.927 -2.925 -2.953 -3.004 -3.069 -3.141 -3.212 -3.280 -3.342 -3.397 
-3.446 -3.488 -3.525 -3.557 -3.583 -3.604 -3.621 -3.634 -3.643 -3.648 
-3.649 -3.647 -3.642 -3.633 -3.620 -3.605 -3.586 -3.563 -3.538 -3.509 
-3.476 -3.441 -3.401 -3.358 -3.312 -3.262 -3.209 -3.154 -3.096 -3.035 
-2.970 -2.899 -2.819 -2.734 -2.656 -2.607 -2.607 -2.662 -2.754 -2.861 
-2.966 -3.063 -3.150 -3.226 -3.292 -3.350 -3.400 -3.443 -3.481 -3.513 
-3.540 -3.563 -3.581 -3.596 -3.607 -3.615 -3.619 -3.620 -3.618 -3.614 
-3.607 -3.597 -3.586 -3.572 -3.556 -3.538 -3.518 -3.496 -3.473 -3.446 
-3.394 
-2.987 -3.005 -3.002 -3.001 -3.001 -3.002 -3.003 -3.004 -3.004 -3.006 
-3.011 -3.022 -3.039 -3.061 -3.084 -3.107 -3.127 -3.145 -3.160 -3.172 
-3.182 -3.189 -3.194 -3.197 -3.197 -3.195 -3.190 -3.183 -3.173 -3.161 
-3.146 -3.129 -3.109 -3.087 -3.061 -3.034 -3.003 -2.971 -2.936 -2.898 
-2.860 -2.819 -2.778 -2.737 -2.696 -2.656 -2.619 -2.584 -2.555 -2.532 
-2.518 -2.513 -2.516 -2.527 -2.544 -2.567 -2.601 -2.647 -2.699 -2.751 
-2.800 -2.845 -2.886 -2.923 -2.956 -2.986 -3.012 -3.035 -3.055 -3.072 
-3.086 -3.097 -3.106 -3.112 -3.117 -3.118 -3.118 -3.116 -3.112 -3.106 
-3.099 -3.091 -3.082 -3.072 -3.061 -3.051 -3.041 -3.031 -3.022 -3.015 
-2.987 
-2.656 -2.626 -2.615 -2.604 -2.595 -2.588 -2.585 -2.590 -2.604 -2.627 
-2.655 -2.686 -2.716 -2.744 -2.770 -2.793 -2.813 -2.831 -2.845 -2.857 
-2.867 -2.874 -2.878 -2.879 -2.878 -2.875 -2.868 -2.859 -2.848 -2.834 
-2.817 -2.797 -2.775 -2.751 -2.724 -2.696 -2.665 -2.633 -2.599 -2.566 
-2.533 -2.501 -2.471 -2.445 -2.423 -2.406 -2.394 -2.386 -2.380 -2.377 
-2.375 -2.379 -2.394 -2.424 -2.467 -2.516 -2.565 -2.612 -2.656 -2.695 
-2.731 -2.762 -2.790 -2.815 -2.837 -2.855 -2.870 -2.883 -2.892 -2.899 
-2.904 -2.905 -2.905 -2.902 -2.896 -2.889 -2.879 -2.867 -2.853 -2.838 
-2.821 -2.803 -2.784 -2.765 -2.745 -2.725 -2.705 -2.687 -2.669 -2.653 
-2.659 
-2.648 -2.613 -2.555 -2.495 -2.436 -2.383 -2.345 -2.329 -2.338 -2.370 
-2.421 -2.481 -2.544 -2.606 -2.662 -2.713 -2.756 -2.793 -2.823 -2.847 
-2.865 -2.878 -2.885 -2.888 -2.886 -2.880 -2.870 -2.857 -2.841 -2.822 
-2.801 -2.779 -2.754 -2.729 -2.703 -2.677 -2.650 -2.623 -2.595 -2.568 
-2.539 -2.509 -2.478 -2.444 -2.407 -2.366 -2.319 -2.265 -2.204 -2.140 
-2.078 -2.029 -2.005 -2.008 -2.029 -2.054 -2.069 -2.066 -2.045 -2.010 
-1.969 -1.934 -1.918 -1.934 -1.984 -2.060 -2.150 -2.244 -2.337 -2.423 
-2.501 -2.572 -2.634 -2.688 -2.735 -2.774 -2.807 -2.834 -2.854 -2.868 
-2.876 -2.879 -2.877 -2.869 -2.856 -2.838 -2.815 -2.786 -2.751 -2.711 
-2.670 
-2.503 -2.532 -2.532 -2.527 -2.520 -2.511 -2.502 -2.497 -2.498 -2.503 
-2.510 -2.516 -2.520 -2.521 -2.518 -2.512 -2.504 -2.493 -2.480 -2.465 
-2.447 -2.429 -2.408 -2.386 -2.362 -2.337 -2.311 -2.284 -2.256 -2.227 
-2.198 -2.169 -2.140 -2.111 -2.084 -2.058 -2.033 -2.010 -1.988 -1.967 
-1.947 -1.928 -1.910 -1.890 -1.870 -1.849 -1.825 -1.798 -1.768 -1.733 
-1.695 -1.652 -1.605 -1.554 -1.495 -1.426 -1.347 -1.255 -1.153 -1.051 
-0.973 -0.948 -0.976 -1.036 -1.115 -1.210 -1.313 -1.419 -1.524 -1.623 
-1.715 -1.801 -1.880 -1.953 -2.020 -2.081 -2.138 -2.189 -2.237 -2.280 
-2.319 -2.355 -2.387 -2.416 -2.441 -2.464 -2.483 -2.500 -2.513 -2.523 
-2.499 
-2.129 -2.134 -2.139 -2.142 -2.144 -2.144 -2.143 -2.141 -2.137 -2.133 
-2.127 -2.119 -2.111 -2.102 -2.092 -2.080 -2.068 -2.055 -2.041 -2.026 
-2.010 -1.994 -1.976 -1.958 -1.939 -1.920 -1.901 -1.881 -1.862 -1.844 
-1.826 -1.810 -1.795 -1.780 -1.767 -1.754 -1.742 -1.730 -1.717 -1.703 
-1.688 -1.671 -1.652 -1.630 -1.605 -1.576 -1.543 -1.506 -1.463 -1.415 
-1.360 -1.297 -1.226 -1.145 -1.052 -0.945 -0.825 -0.690 -0.549 -0.421 
-0.346 -0.358 -0.453 -0.591 -0.741 -0.885 -1.017 -1.135 -1.241 -1.337 
-1.423 -1.500 -1.571 -1.634 -1.692 -1.745 -1.792 -1.836 -1.876 -1.912 
-1.944 -1.974 -2.001 -2.024 -2.046 -2.065 -2.081 -2.096 -2.108 -2.118 
-2.126 
-1.929 -1.927 -1.929 -1.929 -1.927 -1.923 -1.917 -1.908 -1.897 -1.885 
-1.870 -1.853 -1.833 -1.812 -1.789 -1.764 -1.737 -1.708 -1.677 -1.645 
-1.611 -1.576 -1.540 -1.504 -1.467 -1.432 -1.397 -1.364 -1.334 -1.307 
-1.283 -1.264 -1.248 -1.236 -1.227 -1.221 -1.216 -1.213 -1.210 -1.207 
-1.203 -1.197 -1.189 -1.178 -1.164 -1.146 -1.123 -1.096 -1.063 -1.024 
-0.978 -0.923 -0.860 -0.786 -0.699 -0.598 -0.482 -0.352 -0.217 -0.101 
-0.039 -0.047 -0.070 0.042 0.023 -0.326 -0.585 -0.771 -0.916 -1.037 
-1.141 -1.232 -1.313 -1.385 -1.450 -1.509 -1.563 -1.611 -1.655 -1.695 
-1.731 -1.763 -1.792 -1.818 -1.841 -1.861 -1.878 -1.893 -1.905 -1.915 
-1.927 
-1.802 -1.823 -1.828 -1.830 -1.830 -1.827 -1.822 -1.814 -1.804 -1.791 
-1.776 -1.758 -1.738 -1.716 -1.691 -1.663 -1.634 -1.601 -1.567 -1.531 
-1.492 -1.452 -1.411 -1.368 -1.326 -1.285 -1.245 -1.208 -1.175 -1.147 
-1.125 -1.108 -1.098 -1.093 -1.092 -1.094 -1.099 -1.105 -1.111 -1.117 
-1.121 -1.124 -1.124 -1.121 -1.115 -1.106 -1.092 -1.074 -1.051 -1.023 
-0.988 -0.946 -0.896 -0.837 -0.767 -0.684 -0.586 -0.469 -0.332 -0.175 
-0.003 0.178 0.393 0.623 0.633 0.331 -0.044 -0.326 -0.537 -0.706 
-0.846 -0.965 -1.068 -1.159 -1.240 -1.313 -1.378 -1.436 -1.489 -1.537 
-1.580 -1.619 -1.654 -1.686 -1.714 -1.738 -1.759 -1.778 -1.793 -1.806 
-1.799 
-1.641 -1.625 -1.633 -1.639 -1.643 -1.644 -1.643 -1.640 -1.635 -1.627 
-1.618 -1.606 -1.593 -1.577 -1.559 -1.540 -1.518 -1.494 -1.469 -1.442 
-1.413 -1.382 -1.350 -1.317 -1.283 -1.248 -1.213 -1.179 -1.145 -1.112 
-1.080 -1.051 -1.023 -0.997 -0.974 -0.952 -0.932 -0.914 -0.896 -0.879 
-0.862 -0.845 -0.828 -0.809 -0.789 -0.767 -0.743 -0.717 -0.687 -0.653 
-0.615 -0.570 -0.517 -0.455 -0.382 -0.295 -0.191 -0.065 0.085 0.258 
0.434 0.553 0.558 0.505 0.417 0.312 0.193 -0.088 -0.317 -0.490 
-0.629 -0.747 -0.848 -0.937 -1.017 -1.088 -1.153 -1.212 -1.265 -1.313 
-1.358 -1.398 -1.434 -1.467 -1.497 -1.523 -1.547 -1.568 -1.586 -1.601 
-1.637 
-1.835 -1.878 -1.894 -1.907 -1.918 -1.925 -1.931 -1.934 -1.934 -1.932 
-1.928 -1.921 -1.912 -1.901 -1.887 -1.871 -1.852 -1.831 -1.808 -1.782 
-1.754 -1.725 -1.693 -1.659 -1.625 -1.589 -1.552 -1.515 -1.479 -1.443 
-1.409 -1.375 -1.343 -1.311 -1.280 -1.247 -1.213 -1.178 -1.140 -1.100 
-1.058 -1.015 -0.971 -0.929 -0.888 -0.850 -0.816 -0.785 -0.758 -0.732 
-0.708 -0.682 -0.653 -0.619 -0.576 -0.524 -0.457 -0.372 -0.262 -0.118 
0.074 0.341 0.480 0.360 0.509 0.712 0.691 0.412 0.065 -0.220 
-0.443 -0.623 -0.775 -0.905 -1.019 -1.120 -1.210 -1.291 -1.364 -1.431 
-1.491 -1.546 -1.596 -1.642 -1.684 -1.721 -1.755 -1.786 -1.814 -1.838 
-1.828 
-1.806 -1.812 -1.820 -1.825 -1.828 -1.828 -1.826 -1.821 -1.813 -1.802 
-1.789 -1.772 -1.754 -1.732 -1.708 -1.681 -1.651 -1.619 -1.584 -1.546 
-1.507 -1.466 -1.423 -1.379 -1.335 -1.292 -1.250 -1.211 -1.175 -1.144 
-1.119 -1.099 -1.086 -1.079 -1.076 -1.077 -1.080 -1.084 -1.088 -1.091 
-1.091 -1.088 -1.082 -1.072 -1.060 -1.044 -1.025 -1.003 -0.977 -0.948 
-0.913 -0.872 -0.822 -0.763 -0.690 -0.602 -0.493 -0.355 -0.175 0.074 
0.440 0.812 0.964 0.725 0.322 0.220 0.113 -0.197 -0.456 -0.650 
-0.802 -0.927 -1.033 -1.125 -1.206 -1.278 -1.342 -1.400 -1.453 -1.500 
-1.544 -1.583 -1.619 -1.652 -1.681 -1.708 -1.732 -1.753 -1.772 -1.788 
-1.804 
-1.765 -1.785 -1.815 -1.844 -1.871 -1.897 -1.921 -1.943 -1.963 -1.980 
-1.996 -2.009 -2.019 -2.026 -2.031 -2.032 -2.031 -2.026 -2.018 -2.007 
-1.992 -1.974 -1.954 -1.930 -1.905 -1.878 -1.850 -1.823 -1.797 -1.773 
-1.753 -1.736 -1.724 -1.715 -1.709 -1.705 -1.702 -1.699 -1.694 -1.687 
-1.677 -1.664 -1.647 -1.625 -1.598 -1.566 -1.528 -1.485 -1.434 -1.377 
-1.311 -1.236 -1.151 -1.052 -0.938 -0.803 -0.640 -0.434 -0.168 0.120 
0.258 0.561 0.884 0.866 0.497 0.061 -0.220 -0.420 -0.573 -0.697 
-0.801 -0.890 -0.967 -1.036 -1.098 -1.155 -1.207 -1.256 -1.302 -1.346 
-1.388 -1.429 -1.468 -1.507 -1.544 -1.581 -1.617 -1.653 -1.687 -1.721 
-1.753 
-1.801 -1.833 -1.862 -1.889 -1.914 -1.936 -1.956 -1.973 -1.988 -2.000 
-2.010 -2.018 -2.025 -2.029 -2.032 -2.034 -2.035 -2.036 -2.036 -2.036 
-2.036 -2.036 -2.037 -2.037 -2.037 -2.036 -2.035 -2.032 -2.028 -2.022 
-2.015 -2.005 -1.992 -1.978 -1.960 -1.940 -1.916 -1.890 -1.860 -1.826 
-1.789 -1.749 -1.703 -1.654 -1.600 -1.541 -1.476 -1.404 -1.326 -1.240 
-1.144 -1.038 -0.918 -0.782 -0.623 -0.436 -0.207 0.080 0.408 0.647 
0.643 0.577 0.472 0.350 -0.043 -0.277 -0.436 -0.559 -0.660 -0.746 
-0.823 -0.891 -0.955 -1.015 -1.072 -1.127 -1.180 -1.232 -1.284 -1.334 
-1.384 -1.432 -1.479 -1.526 -1.570 -1.613 -1.655 -1.694 -1.732 -1.768 
-1.789 
-1.759 -1.759 -1.759 -1.756 -1.751 -1.744 -1.735 -1.724 -1.712 -1.699 
-1.685 -1.671 -1.656 -1.641 -1.627 -1.614 -1.603 -1.593 -1.585 -1.580 
-1.577 -1.576 -1.578 -1.582 -1.587 -1.594 -1.602 -1.610 -1.619 -1.627 
-1.635 -1.641 -1.647 -1.650 -1.652 -1.651 -1.649 -1.643 -1.635 -1.624 
-1.610 -1.593 -1.572 -1.547 -1.518 -1.485 -1.446 -1.402 -1.352 -1.295 
-1.230 -1.156 -1.071 -0.973 -0.858 -0.721 -0.553 -0.342 -0.067 0.256 
0.567 0.852 0.699 0.285 -0.112 -0.376 -0.571 -0.725 -0.851 -0.959 
-1.051 -1.132 -1.204 -1.269 -1.328 -1.381 -1.430 -1.475 -1.515 -1.553 
-1.587 -1.618 -1.645 -1.670 -1.691 -1.709 -1.724 -1.737 -1.746 -1.753 
-1.760 
-1.745 -1.743 -1.746 -1.748 -1.748 -1.748 -1.746 -1.743 -1.740 -1.736 
-1.731 -1.726 -1.721 -1.716 -1.711 -1.706 -1.701 -1.697 -1.694 -1.691 
-1.690 -1.689 -1.688 -1.689 -1.690 -1.691 -1.692 -1.694 -1.695 -1.695 
-1.695 -1.693 -1.691 -1.687 -1.682 -1.675 -1.666 -1.655 -1.641 -1.626 
-1.608 -1.586 -1.562 -1.535 -1.504 -1.469 -1.430 -1.387 -1.338 -1.283 
-1.221 -1.151 -1.072 -0.982 -0.878 -0.757 -0.612 -0.434 -0.208 0.092 
0.459 0.779 0.700 0.275 -0.079 -0.339 -0.538 -0.699 -0.832 -0.945 
-1.043 -1.129 -1.204 -1.271 -1.331 -1.384 -1.432 -1.475 -1.514 -1.548 
-1.579 -1.607 -1.631 -1.653 -1.672 -1.688 -1.702 -1.714 -1.724 -1.732 
-1.742 
-1.821 -1.823 -1.823 -1.822 -1.818 -1.813 -1.807 -1.799 -1.789 -1.779 
-1.767 -1.755 -1.742 -1.729 -1.715 -1.702 -1.688 -1.676 -1.664 -1.653 
-1.643 -1.635 -1.627 -1.621 -1.617 -1.613 -1.611 -1.609 -1.608 -1.607 
-1.606 -1.605 -1.604 -1.602 -1.599 -1.596 -1.590 -1.584 -1.576 -1.565 
-1.553 -1.538 -1.520 -1.500 -1.476 -1.448 -1.416 -1.379 -1.337 -1.290 
-1.236 -1.174 -1.103 -1.022 -0.927 -0.816 -0.684 -0.521 -0.314 -0.034 
0.381 0.803 0.882 0.498 0.017 -0.302 -0.531 -0.710 -0.856 -0.980 
-1.085 -1.178 -1.259 -1.331 -1.395 -1.452 -1.504 -1.550 -1.591 -1.628 
-1.661 -1.690 -1.716 -1.738 -1.758 -1.775 -1.789 -1.800 -1.809 -1.816 
-1.820 
-1.937 -1.944 -1.949 -1.952 -1.953 -1.951 -1.948 -1.943 -1.936 -1.927 
-1.917 -1.905 -1.892 -1.877 -1.862 -1.845 -1.826 -1.808 -1.788 -1.768 
-1.747 -1.726 -1.705 -1.684 -1.663 -1.642 -1.622 -1.602 -1.582 -1.564 
-1.546 -1.529 -1.513 -1.498 -1.484 -1.470 -1.457 -1.443 -1.429 -1.415 
-1.400 -1.384 -1.365 -1.345 -1.322 -1.297 -1.267 -1.234 -1.195 -1.152 
-1.102 -1.044 -0.977 -0.900 -0.809 -0.702 -0.572 -0.411 -0.204 0.076 
0.448 0.760 0.739 0.338 -0.047 -0.331 -0.548 -0.723 -0.869 -0.994 
-1.103 -1.199 -1.284 -1.360 -1.429 -1.491 -1.548 -1.599 -1.646 -1.688 
-1.726 -1.761 -1.792 -1.820 -1.844 -1.866 -1.886 -1.902 -1.916 -1.928 
-1.934 
-2.024 -2.040 -2.049 -2.056 -2.061 -2.064 -2.065 -2.064 -2.061 -2.056 
-2.050 -2.041 -2.031 -2.019 -2.006 -1.991 -1.974 -1.956 -1.936 -1.915 
-1.893 -1.870 -1.846 -1.821 -1.796 -1.770 -1.743 -1.717 -1.690 -1.664 
-1.637 -1.612 -1.586 -1.561 -1.537 -1.513 -1.489 -1.466 -1.443 -1.420 
-1.396 -1.372 -1.347 -1.320 -1.293 -1.263 -1.231 -1.196 -1.157 -1.114 
-1.065 -1.010 -0.947 -0.874 -0.789 -0.688 -0.567 -0.418 -0.231 0.007 
0.286 0.521 0.468 0.234 -0.043 -0.304 -0.521 -0.702 -0.855 -0.986 
-1.101 -1.202 -1.293 -1.375 -1.449 -1.516 -1.577 -1.633 -1.684 -1.731 
-1.773 -1.812 -1.848 -1.880 -1.910 -1.936 -1.960 -1.981 -1.999 -2.015 
-2.021 
-1.975 -1.999 -2.014 -2.026 -2.037 -2.045 -2.051 -2.055 -2.057 -2.057 
-2.054 -2.050 -2.044 -2.036 -2.026 -2.014 -2.000 -1.984 -1.966 -1.947 
-1.925 -1.902 -1.877 -1.850 -1.822 -1.792 -1.761 -1.728 -1.695 -1.660 
-1.624 -1.588 -1.551 -1.514 -1.477 -1.440 -1.404 -1.368 -1.333 -1.298 
-1.264 -1.230 -1.197 -1.165 -1.132 -1.100 -1.067 -1.033 -0.997 -0.960 
-0.919 -0.873 -0.823 -0.765 -0.699 -0.623 -0.532 -0.423 -0.291 -0.126 
0.078 0.298 0.434 0.444 0.291 0.050 -0.192 -0.402 -0.580 -0.734 
-0.868 -0.987 -1.093 -1.188 -1.274 -1.353 -1.424 -1.490 -1.551 -1.606 
-1.657 -1.704 -1.748 -1.787 -1.824 -1.857 -1.887 -1.915 -1.940 -1.962 
-1.969 
-1.850 -1.846 -1.856 -1.864 -1.869 -1.872 -1.873 -1.871 -1.867 -1.861 
-1.853 -1.842 -1.829 -1.814 -1.796 -1.777 -1.755 -1.732 -1.707 -1.680 
-1.652 -1.622 -1.592 -1.562 -1.531 -1.500 -1.470 -1.439 -1.409 -1.379 
-1.349 -1.319 -1.289 -1.260 -1.233 -1.207 -1.183 -1.161 -1.140 -1.122 
-1.105 -1.090 -1.075 -1.061 -1.045 -1.029 -1.012 -0.992 -0.969 -0.942 
-0.911 -0.875 -0.833 -0.783 -0.726 -0.658 -0.578 -0.483 -0.370 -0.233 
-0.069 0.102 0.209 0.231 0.144 -0.007 -0.183 -0.358 -0.519 -0.663 
-0.791 -0.905 -1.007 -1.099 -1.183 -1.258 -1.327 -1.390 -1.447 -1.499 
-1.547 -1.591 -1.630 -1.667 -1.699 -1.729 -1.755 -1.779 -1.800 -1.818 
-1.844 
-1.910 -1.923 -1.923 -1.920 -1.915 -1.907 -1.896 -1.883 -1.867 -1.848 
-1.828 -1.804 -1.778 -1.750 -1.720 -1.688 -1.654 -1.619 -1.583 -1.548 
-1.513 -1.479 -1.449 -1.421 -1.398 -1.380 -1.366 -1.358 -1.353 -1.352 
-1.353 -1.355 -1.358 -1.360 -1.361 -1.361 -1.360 -1.357 -1.352 -1.346 
-1.339 -1.329 -1.319 -1.306 -1.290 -1.272 -1.250 -1.225 -1.195 -1.160 
-1.119 -1.071 -1.015 -0.950 -0.873 -0.781 -0.671 -0.537 -0.371 -0.162 
0.072 0.234 0.201 0.025 -0.182 -0.378 -0.560 -0.721 -0.863 -0.988 
-1.098 -1.196 -1.283 -1.361 -1.431 -1.495 -1.552 -1.604 -1.651 -1.693 
-1.731 -1.765 -1.795 -1.821 -1.845 -1.865 -1.882 -1.896 -1.907 -1.915 
-1.910 
-1.933 -1.929 -1.938 -1.944 -1.948 -1.949 -1.948 -1.945 -1.939 -1.932 
-1.921 -1.909 -1.894 -1.877 -1.857 -1.836 -1.811 -1.785 -1.757 -1.727 
-1.695 -1.662 -1.628 -1.595 -1.561 -1.530 -1.500 -1.474 -1.450 -1.430 
-1.411 -1.393 -1.374 -1.355 -1.335 -1.313 -1.291 -1.268 -1.245 -1.222 
-1.199 -1.177 -1.154 -1.130 -1.106 -1.081 -1.055 -1.026 -0.994 -0.959 
-0.919 -0.874 -0.822 -0.764 -0.696 -0.618 -0.529 -0.426 -0.310 -0.180 
-0.043 0.076 0.091 -0.017 -0.175 -0.338 -0.495 -0.639 -0.770 -0.888 
-0.995 -1.092 -1.180 -1.260 -1.333 -1.400 -1.461 -1.517 -1.569 -1.616 
-1.660 -1.699 -1.735 -1.768 -1.798 -1.825 -1.849 -1.870 -1.889 -1.905 
-1.927 
-2.074 -2.095 -2.096 -2.094 -2.090 -2.082 -2.072 -2.059 -2.043 -2.025 
-2.003 -1.978 -1.951 -1.920 -1.885 -1.848 -1.807 -1.763 -1.715 -1.665 
-1.612 -1.557 -1.502 -1.447 -1.395 -1.347 -1.308 -1.278 -1.259 -1.250 
-1.250 -1.258 -1.269 -1.281 -1.294 -1.306 -1.317 -1.326 -1.334 -1.339 
-1.343 -1.344 -1.342 -1.337 -1.329 -1.316 -1.300 -1.279 -1.253 -1.221 
-1.183 -1.137 -1.083 -1.019 -0.944 -0.856 -0.753 -0.635 -0.503 -0.361 
-0.199 -0.018 0.088 -0.009 -0.243 -0.493 -0.702 -0.876 -1.022 -1.148 
-1.259 -1.356 -1.443 -1.521 -1.592 -1.655 -1.713 -1.765 -1.812 -1.855 
-1.894 -1.928 -1.959 -1.987 -2.011 -2.032 -2.049 -2.064 -2.076 -2.085 
-2.073 
-2.066 -2.059 -2.061 -2.061 -2.058 -2.052 -2.044 -2.034 -2.021 -2.006 
-1.988 -1.968 -1.945 -1.920 -1.891 -1.861 -1.827 -1.791 -1.752 -1.711 
-1.667 -1.620 -1.572 -1.522 -1.472 -1.422 -1.373 -1.327 -1.283 -1.242 
-1.204 -1.170 -1.139 -1.112 -1.089 -1.071 -1.058 -1.050 -1.045 -1.043 
-1.043 -1.042 -1.041 -1.038 -1.032 -1.021 -1.006 -0.986 -0.960 -0.926 
-0.884 -0.834 -0.773 -0.700 -0.614 -0.514 -0.400 -0.278 -0.162 -0.069 
-0.010 -0.052 -0.163 -0.336 -0.543 -0.722 -0.873 -1.003 -1.117 -1.219 
-1.310 -1.392 -1.466 -1.534 -1.596 -1.652 -1.703 -1.750 -1.793 -1.832 
-1.867 -1.899 -1.928 -1.954 -1.976 -1.996 -2.013 -2.028 -2.039 -2.049 
-2.063 
-2.044 -2.066 -2.065 -2.062 -2.056 -2.049 -2.039 -2.026 -2.012 -1.995 
-1.976 -1.954 -1.931 -1.904 -1.876 -1.845 -1.811 -1.775 -1.736 -1.695 
-1.653 -1.608 -1.562 -1.516 -1.471 -1.427 -1.387 -1.351 -1.321 -1.298 
-1.281 -1.271 -1.266 -1.266 -1.269 -1.274 -1.280 -1.287 -1.294 -1.299 
-1.303 -1.303 -1.301 -1.295 -1.284 -1.268 -1.246 -1.219 -1.184 -1.142 
-1.091 -1.030 -0.958 -0.873 -0.773 -0.656 -0.520 -0.365 -0.181 0.034 
0.202 0.166 -0.069 -0.353 -0.593 -0.786 -0.945 -1.080 -1.196 -1.297 
-1.387 -1.467 -1.539 -1.604 -1.662 -1.715 -1.763 -1.806 -1.845 -1.881 
-1.912 -1.940 -1.965 -1.987 -2.006 -2.023 -2.036 -2.047 -2.056 -2.061 
-2.043 
-1.866 -1.851 -1.852 -1.852 -1.850 -1.847 -1.843 -1.837 -1.831 -1.823 
-1.815 -1.806 -1.796 -1.786 -1.774 -1.763 -1.751 -1.738 -1.724 -1.710 
-1.696 -1.681 -1.665 -1.649 -1.632 -1.615 -1.599 -1.583 -1.569 -1.556 
-1.544 -1.535 -1.526 -1.517 -1.509 -1.499 -1.488 -1.475 -1.460 -1.442 
-1.421 -1.398 -1.370 -1.339 -1.304 -1.264 -1.219 -1.168 -1.111 -1.046 
-0.973 -0.890 -0.797 -0.692 -0.576 -0.452 -0.331 -0.234 -0.179 -0.159 
-0.135 -0.203 -0.364 -0.513 -0.653 -0.785 -0.905 -1.012 -1.107 -1.191 
-1.267 -1.334 -1.395 -1.450 -1.500 -1.545 -1.586 -1.623 -1.656 -1.686 
-1.713 -1.737 -1.759 -1.777 -1.794 -1.808 -1.820 -1.830 -1.838 -1.844 
-1.865 
-1.926 -1.944 -1.955 -1.964 -1.970 -1.975 -1.978 -1.980 -1.979 -1.977 
-1.974 -1.968 -1.962 -1.954 -1.945 -1.934 -1.922 -1.909 -1.895 -1.880 
-1.865 -1.848 -1.830 -1.812 -1.793 -1.774 -1.754 -1.734 -1.714 -1.693 
-1.673 -1.652 -1.631 -1.611 -1.590 -1.570 -1.549 -1.528 -1.507 -1.485 
-1.463 -1.439 -1.414 -1.387 -1.357 -1.325 -1.290 -1.251 -1.207 -1.159 
-1.104 -1.042 -0.973 -0.894 -0.805 -0.707 -0.601 -0.495 -0.402 -0.321 
-0.248 -0.192 -0.179 -0.230 -0.337 -0.472 -0.611 -0.743 -0.863 -0.970 
-1.067 -1.154 -1.233 -1.305 -1.370 -1.431 -1.487 -1.538 -1.586 -1.630 
-1.671 -1.709 -1.744 -1.776 -1.806 -1.833 -1.857 -1.879 -1.899 -1.916 
-1.922 
-1.952 -1.975 -2.001 -2.024 -2.046 -2.067 -2.085 -2.102 -2.117 -2.130 
-2.142 -2.152 -2.161 -2.168 -2.173 -2.177 -2.179 -2.180 -2.179 -2.177 
-2.173 -2.168 -2.161 -2.152 -2.143 -2.131 -2.119 -2.105 -2.089 -2.072 
-2.054 -2.035 -2.014 -1.992 -1.969 -1.944 -1.917 -1.889 -1.858 -1.826 
-1.791 -1.753 -1.713 -1.669 -1.621 -1.569 -1.513 -1.452 -1.385 -1.312 
-1.232 -1.145 -1.050 -0.946 -0.835 -0.717 -0.596 -0.481 -0.385 -0.324 
-0.305 -0.322 -0.371 -0.449 -0.547 -0.648 -0.745 -0.833 -0.913 -0.987 
-1.054 -1.118 -1.177 -1.233 -1.287 -1.339 -1.389 -1.438 -1.486 -1.532 
-1.577 -1.621 -1.664 -1.705 -1.744 -1.783 -1.819 -1.854 -1.887 -1.918 
-1.940 
-1.966 -1.961 -1.971 -1.979 -1.986 -1.993 -1.999 -2.005 -2.010 -2.014 
-2.019 -2.023 -2.026 -2.030 -2.032 -2.035 -2.037 -2.038 -2.038 -2.038 
-2.037 -2.034 -2.030 -2.025 -2.017 -2.007 -1.995 -1.980 -1.963 -1.942 
-1.917 -1.890 -1.860 -1.829 -1.798 -1.771 -1.748 -1.731 -1.718 -1.708 
-1.698 -1.686 -1.670 -1.649 -1.621 -1.588 -1.548 -1.501 -1.447 -1.386 
-1.316 -1.238 -1.150 -1.053 -0.946 -0.830 -0.711 -0.599 -0.511 -0.470 
-0.486 -0.550 -0.641 -0.738 -0.825 -0.897 -0.957 -1.019 -1.093 -1.175 
-1.256 -1.332 -1.400 -1.461 -1.516 -1.566 -1.611 -1.652 -1.690 -1.724 
-1.756 -1.785 -1.812 -1.836 -1.858 -1.878 -1.895 -1.912 -1.926 -1.939 
-1.964 
-2.196 -2.234 -2.247 -2.257 -2.265 -2.271 -2.275 -2.277 -2.278 -2.276 
-2.273 -2.268 -2.261 -2.251 -2.240 -2.226 -2.210 -2.191 -2.170 -2.146 
-2.118 -2.088 -2.054 -2.016 -1.974 -1.928 -1.879 -1.825 -1.767 -1.706 
-1.642 -1.577 -1.514 -1.454 -1.401 -1.360 -1.332 -1.320 -1.322 -1.336 
-1.358 -1.383 -1.409 -1.432 -1.452 -1.466 -1.473 -1.474 -1.468 -1.454 
-1.432 -1.401 -1.362 -1.314 -1.256 -1.190 -1.116 -1.040 -0.972 -0.928 
-0.912 -0.913 -0.909 -0.885 -0.840 -0.786 -0.749 -0.757 -0.818 -0.922 
-1.047 -1.173 -1.293 -1.402 -1.501 -1.589 -1.669 -1.740 -1.805 -1.863 
-1.915 -1.962 -2.005 -2.043 -2.078 -2.109 -2.137 -2.162 -2.184 -2.203 
-2.191 
-2.231 -2.232 -2.246 -2.259 -2.270 -2.279 -2.286 -2.291 -2.294 -2.296 
-2.296 -2.294 -2.290 -2.285 -2.278 -2.269 -2.258 -2.246 -2.232 -2.216 
-2.198 -2.178 -2.156 -2.132 -2.106 -2.078 -2.048 -2.015 -1.980 -1.942 
-1.902 -1.860 -1.817 -1.774 -1.733 -1.694 -1.660 -1.631 -1.607 -1.584 
-1.562 -1.539 -1.514 -1.487 -1.457 -1.425 -1.389 -1.350 -1.308 -1.262 
-1.211 -1.156 -1.096 -1.032 -0.965 -0.895 -0.826 -0.763 -0.711 -0.680 
-0.675 -0.696 -0.738 -0.791 -0.845 -0.891 -0.933 -0.985 -1.058 -1.148 
-1.244 -1.337 -1.426 -1.507 -1.582 -1.650 -1.713 -1.771 -1.825 -1.874 
-1.919 -1.961 -2.000 -2.036 -2.069 -2.099 -2.127 -2.152 -2.175 -2.196 
-2.225 
-2.331 -2.363 -2.383 -2.399 -2.414 -2.426 -2.436 -2.443 -2.449 -2.452 
-2.453 -2.452 -2.449 -2.444 -2.437 -2.427 -2.416 -2.402 -2.387 -2.369 
-2.349 -2.327 -2.303 -2.277 -2.248 -2.218 -2.185 -2.150 -2.113 -2.074 
-2.033 -1.990 -1.945 -1.900 -1.853 -1.805 -1.758 -1.711 -1.666 -1.623 
-1.584 -1.548 -1.517 -1.491 -1.470 -1.452 -1.438 -1.425 -1.412 -1.399 
-1.383 -1.364 -1.340 -1.312 -1.278 -1.239 -1.195 -1.148 -1.103 -1.061 
-1.027 -0.996 -0.966 -0.933 -0.899 -0.870 -0.859 -0.874 -0.922 -0.999 
-1.095 -1.200 -1.307 -1.410 -1.507 -1.597 -1.680 -1.757 -1.828 -1.894 
-1.954 -2.010 -2.061 -2.108 -2.151 -2.190 -2.227 -2.260 -2.290 -2.317 
-2.324 
-2.309 -2.317 -2.331 -2.342 -2.351 -2.357 -2.361 -2.363 -2.362 -2.359 
-2.354 -2.347 -2.337 -2.325 -2.311 -2.295 -2.277 -2.256 -2.234 -2.210 
-2.185 -2.158 -2.130 -2.101 -2.071 -2.042 -2.012 -1.982 -1.953 -1.923 
-1.894 -1.865 -1.835 -1.806 -1.777 -1.748 -1.720 -1.693 -1.667 -1.642 
-1.620 -1.599 -1.581 -1.564 -1.549 -1.535 -1.521 -1.507 -1.491 -1.474 
-1.454 -1.431 -1.404 -1.373 -1.336 -1.293 -1.245 -1.191 -1.134 -1.075 
-1.020 -0.971 -0.928 -0.894 -0.874 -0.876 -0.904 -0.958 -1.033 -1.123 
-1.220 -1.318 -1.413 -1.503 -1.587 -1.665 -1.738 -1.805 -1.866 -1.923 
-1.975 -2.023 -2.067 -2.108 -2.145 -2.178 -2.209 -2.236 -2.260 -2.282 
-2.302 
-2.297 -2.300 -2.300 -2.297 -2.292 -2.284 -2.274 -2.262 -2.247 -2.231 
-2.212 -2.190 -2.167 -2.142 -2.115 -2.086 -2.055 -2.023 -1.990 -1.956 
-1.922 -1.888 -1.855 -1.823 -1.794 -1.768 -1.745 -1.726 -1.711 -1.699 
-1.692 -1.688 -1.686 -1.685 -1.686 -1.687 -1.688 -1.688 -1.686 -1.684 
-1.679 -1.673 -1.664 -1.653 -1.638 -1.621 -1.600 -1.575 -1.546 -1.512 
-1.473 -1.429 -1.379 -1.323 -1.261 -1.194 -1.123 -1.051 -0.984 -0.933 
-0.909 -0.918 -0.958 -1.019 -1.091 -1.168 -1.250 -1.336 -1.424 -1.510 
-1.592 -1.669 -1.741 -1.807 -1.867 -1.922 -1.972 -2.018 -2.059 -2.097 
-2.131 -2.161 -2.188 -2.211 -2.232 -2.250 -2.265 -2.277 -2.287 -2.294 
-2.297 
-2.326 -2.317 -2.317 -2.315 -2.310 -2.304 -2.296 -2.286 -2.275 -2.261 
-2.246 -2.229 -2.211 -2.191 -2.170 -2.147 -2.123 -2.098 -2.073 -2.046 
-2.020 -1.993 -1.966 -1.939 -1.914 -1.889 -1.865 -1.843 -1.822 -1.802 
-1.783 -1.765 -1.748 -1.731 -1.714 -1.698 -1.683 -1.670 -1.659 -1.649 
-1.641 -1.632 -1.621 -1.609 -1.593 -1.574 -1.552 -1.526 -1.496 -1.463 
-1.426 -1.386 -1.344 -1.301 -1.258 -1.218 -1.184 -1.157 -1.140 -1.137 
-1.149 -1.178 -1.222 -1.275 -1.330 -1.386 -1.444 -1.507 -1.574 -1.644 
-1.712 -1.778 -1.838 -1.894 -1.946 -1.993 -2.036 -2.075 -2.110 -2.142 
-2.171 -2.197 -2.220 -2.240 -2.258 -2.274 -2.286 -2.297 -2.305 -2.311 
-2.325 
-2.505 -2.534 -2.545 -2.553 -2.559 -2.563 -2.564 -2.563 -2.560 -2.554 
-2.546 -2.536 -2.524 -2.509 -2.492 -2.473 -2.452 -2.428 -2.402 -2.374 
-2.344 -2.311 -2.276 -2.239 -2.199 -2.156 -2.111 -2.063 -2.012 -1.958 
-1.901 -1.844 -1.785 -1.727 -1.673 -1.625 -1.585 -1.556 -1.539 -1.532 
-1.533 -1.538 -1.546 -1.552 -1.555 -1.554 -1.549 -1.540 -1.528 -1.514 
-1.497 -1.479 -1.460 -1.438 -1.415 -1.391 -1.366 -1.341 -1.316 -1.293 
-1.270 -1.246 -1.222 -1.199 -1.181 -1.177 -1.195 -1.240 -1.308 -1.392 
-1.486 -1.581 -1.673 -1.761 -1.843 -1.919 -1.989 -2.054 -2.114 -2.168 
-2.218 -2.264 -2.306 -2.344 -2.379 -2.410 -2.438 -2.463 -2.484 -2.504 
-2.500 
-2.541 -2.548 -2.566 -2.582 -2.595 -2.607 -2.616 -2.623 -2.627 -2.630 
-2.630 -2.629 -2.625 -2.619 -2.610 -2.600 -2.587 -2.572 -2.555 -2.535 
-2.513 -2.488 -2.461 -2.431 -2.399 -2.364 -2.325 -2.284 -2.240 -2.193 
-2.143 -2.090 -2.034 -1.977 -1.918 -1.859 -1.801 -1.743 -1.685 -1.629 
-1.573 -1.518 -1.465 -1.414 -1.363 -1.314 -1.268 -1.224 -1.184 -1.149 
-1.119 -1.092 -1.070 -1.049 -1.030 -1.012 -0.994 -0.979 -0.966 -0.959 
-0.959 -0.969 -0.990 -1.024 -1.068 -1.120 -1.181 -1.247 -1.319 -1.395 
-1.474 -1.556 -1.638 -1.718 -1.795 -1.868 -1.938 -2.002 -2.063 -2.120 
-2.173 -2.222 -2.268 -2.310 -2.350 -2.386 -2.420 -2.450 -2.479 -2.504 
-2.533 
-2.628 -2.659 -2.680 -2.699 -2.715 -2.728 -2.739 -2.748 -2.753 -2.757 
-2.758 -2.757 -2.753 -2.747 -2.739 -2.728 -2.714 -2.698 -2.679 -2.658 
-2.634 -2.607 -2.578 -2.545 -2.509 -2.471 -2.428 -2.383 -2.334 -2.281 
-2.224 -2.164 -2.100 -2.032 -1.961 -1.888 -1.812 -1.736 -1.662 -1.594 
-1.534 -1.489 -1.461 -1.450 -1.453 -1.464 -1.480 -1.495 -1.508 -1.518 
-1.525 -1.528 -1.529 -1.527 -1.521 -1.514 -1.503 -1.490 -1.476 -1.463 
-1.450 -1.439 -1.429 -1.420 -1.409 -1.395 -1.380 -1.368 -1.368 -1.387 
-1.429 -1.491 -1.569 -1.656 -1.745 -1.834 -1.919 -1.999 -2.074 -2.145 
-2.210 -2.270 -2.326 -2.377 -2.424 -2.468 -2.508 -2.544 -2.577 -2.607 
-2.619 
-2.615 -2.624 -2.639 -2.651 -2.661 -2.668 -2.673 -2.676 -2.676 -2.674 
-2.670 -2.663 -2.654 -2.643 -2.629 -2.613 -2.594 -2.573 -2.550 -2.524 
-2.496 -2.465 -2.431 -2.395 -2.356 -2.315 -2.271 -2.224 -2.175 -2.124 
-2.071 -2.016 -1.960 -1.905 -1.850 -1.798 -1.749 -1.706 -1.670 -1.642 
-1.623 -1.614 -1.613 -1.621 -1.636 -1.655 -1.675 -1.694 -1.710 -1.723 
-1.732 -1.736 -1.735 -1.728 -1.715 -1.697 -1.672 -1.642 -1.609 -1.576 
-1.549 -1.534 -1.532 -1.540 -1.553 -1.566 -1.580 -1.597 -1.620 -1.653 
-1.697 -1.751 -1.812 -1.877 -1.942 -2.006 -2.067 -2.126 -2.182 -2.234 
-2.284 -2.329 -2.372 -2.412 -2.448 -2.482 -2.512 -2.540 -2.565 -2.587 
-2.609 
-2.650 -2.655 -2.662 -2.666 -2.669 -2.669 -2.667 -2.663 -2.657 -2.649 
-2.639 -2.626 -2.612 -2.595 -2.577 -2.556 -2.534 -2.509 -2.483 -2.455 
-2.425 -2.393 -2.360 -2.326 -2.290 -2.254 -2.217 -2.179 -2.142 -2.105 
-2.069 -2.033 -2.000 -1.967 -1.937 -1.910 -1.885 -1.862 -1.843 -1.828 
-1.815 -1.804 -1.794 -1.785 -1.774 -1.762 -1.747 -1.729 -1.706 -1.678 
-1.645 -1.605 -1.558 -1.504 -1.441 -1.370 -1.294 -1.219 -1.157 -1.120 
-1.108 -1.122 -1.164 -1.232 -1.318 -1.414 -1.510 -1.604 -1.694 -1.777 
-1.856 -1.930 -2.000 -2.065 -2.126 -2.183 -2.236 -2.286 -2.331 -2.374 
-2.413 -2.449 -2.482 -2.511 -2.538 -2.563 -2.584 -2.603 -2.620 -2.634 
-2.646 
-2.722 -2.736 -2.739 -2.739 -2.737 -2.734 -2.728 -2.719 -2.709 -2.697 
-2.682 -2.666 -2.647 -2.626 -2.604 -2.579 -2.552 -2.524 -2.493 -2.461 
-2.428 -2.393 -2.357 -2.321 -2.284 -2.247 -2.210 -2.175 -2.141 -2.108 
-2.078 -2.051 -2.026 -2.004 -1.985 -1.968 -1.953 -1.939 -1.926 -1.914 
-1.900 -1.886 -1.870 -1.852 -1.831 -1.806 -1.777 -1.744 -1.704 -1.659 
-1.605 -1.543 -1.471 -1.389 -1.295 -1.192 -1.090 -1.004 -0.962 -0.980 
-1.053 -1.157 -1.273 -1.389 -1.501 -1.608 -1.708 -1.801 -1.889 -1.970 
-2.045 -2.115 -2.179 -2.239 -2.295 -2.346 -2.393 -2.437 -2.477 -2.514 
-2.547 -2.577 -2.605 -2.630 -2.652 -2.671 -2.688 -2.702 -2.714 -2.724 
-2.721 
-2.685 -2.692 -2.704 -2.714 -2.722 -2.728 -2.732 -2.734 -2.734 -2.733 
-2.729 -2.723 -2.716 -2.706 -2.695 -2.682 -2.667 -2.650 -2.632 -2.612 
-2.590 -2.566 -2.541 -2.514 -2.486 -2.457 -2.427 -2.397 -2.365 -2.333 
-2.301 -2.269 -2.237 -2.205 -2.173 -2.141 -2.109 -2.078 -2.048 -2.018 
-1.991 -1.965 -1.941 -1.919 -1.898 -1.878 -1.857 -1.836 -1.812 -1.786 
-1.757 -1.724 -1.686 -1.643 -1.593 -1.538 -1.478 -1.422 -1.386 -1.382 
-1.404 -1.435 -1.468 -1.504 -1.544 -1.590 -1.642 -1.699 -1.759 -1.821 
-1.884 -1.945 -2.006 -2.065 -2.122 -2.177 -2.228 -2.278 -2.324 -2.368 
-2.408 -2.446 -2.482 -2.515 -2.545 -2.573 -2.599 -2.622 -2.642 -2.661 
-2.680 
-2.711 -2.722 -2.740 -2.755 -2.767 -2.778 -2.786 -2.792 -2.796 -2.798 
-2.797 -2.795 -2.790 -2.783 -2.774 -2.763 -2.749 -2.733 -2.715 -2.695 
-2.673 -2.648 -2.620 -2.590 -2.558 -2.523 -2.486 -2.446 -2.403 -2.358 
-2.310 -2.260 -2.208 -2.154 -2.099 -2.042 -1.987 -1.933 -1.881 -1.834 
-1.793 -1.759 -1.733 -1.716 -1.707 -1.706 -1.711 -1.721 -1.733 -1.745 
-1.757 -1.767 -1.774 -1.777 -1.778 -1.774 -1.768 -1.759 -1.748 -1.737 
-1.725 -1.716 -1.709 -1.706 -1.709 -1.716 -1.730 -1.750 -1.777 -1.810 
-1.850 -1.896 -1.946 -2.000 -2.055 -2.111 -2.166 -2.220 -2.272 -2.322 
-2.370 -2.415 -2.457 -2.497 -2.534 -2.568 -2.600 -2.630 -2.657 -2.681 
-2.704 
-2.840 -2.862 -2.885 -2.906 -2.924 -2.940 -2.954 -2.965 -2.973 -2.979 
-2.983 -2.985 -2.984 -2.981 -2.975 -2.967 -2.957 -2.944 -2.929 -2.911 
-2.891 -2.868 -2.843 -2.815 -2.784 -2.750 -2.713 -2.673 -2.629 -2.583 
-2.533 -2.479 -2.422 -2.361 -2.297 -2.230 -2.159 -2.085 -2.010 -1.934 
-1.859 -1.787 -1.723 -1.671 -1.636 -1.621 -1.624 -1.642 -1.669 -1.701 
-1.734 -1.765 -1.793 -1.817 -1.835 -1.849 -1.858 -1.861 -1.859 -1.853 
-1.842 -1.828 -1.811 -1.791 -1.772 -1.755 -1.742 -1.737 -1.742 -1.760 
-1.791 -1.834 -1.888 -1.949 -2.015 -2.084 -2.153 -2.221 -2.287 -2.350 
-2.410 -2.468 -2.521 -2.572 -2.619 -2.663 -2.703 -2.741 -2.775 -2.807 
-2.831 
-2.976 -3.013 -3.035 -3.054 -3.071 -3.085 -3.097 -3.107 -3.114 -3.118 
-3.121 -3.121 -3.119 -3.114 -3.107 -3.098 -3.087 -3.073 -3.057 -3.038 
-3.017 -2.993 -2.967 -2.938 -2.906 -2.872 -2.834 -2.794 -2.750 -2.703 
-2.652 -2.597 -2.538 -2.474 -2.406 -2.332 -2.252 -2.166 -2.073 -1.976 
-1.875 -1.775 -1.683 -1.608 -1.562 -1.547 -1.562 -1.598 -1.644 -1.691 
-1.734 -1.770 -1.797 -1.815 -1.823 -1.821 -1.810 -1.791 -1.767 -1.741 
-1.720 -1.709 -1.707 -1.710 -1.713 -1.715 -1.717 -1.726 -1.747 -1.783 
-1.835 -1.899 -1.973 -2.052 -2.133 -2.213 -2.291 -2.366 -2.437 -2.504 
-2.566 -2.625 -2.679 -2.730 -2.777 -2.820 -2.860 -2.896 -2.930 -2.960 
-2.968 
-2.898 -2.908 -2.921 -2.931 -2.940 -2.946 -2.951 -2.954 -2.954 -2.953 
-2.950 -2.945 -2.938 -2.930 -2.920 -2.908 -2.894 -2.878 -2.861 -2.842 
-2.822 -2.799 -2.775 -2.750 -2.722 -2.694 -2.663 -2.632 -2.598 -2.564 
-2.528 -2.491 -2.453 -2.414 -2.374 -2.333 -2.291 -2.247 -2.202 -2.155 
-2.105 -2.053 -2.002 -1.955 -1.917 -1.891 -1.874 -1.862 -1.848 -1.828 
-1.803 -1.770 -1.731 -1.685 -1.633 -1.575 -1.513 -1.450 -1.391 -1.343 
-1.317 -1.319 -1.353 -1.414 -1.492 -1.578 -1.666 -1.752 -1.834 -1.915 
-1.993 -2.071 -2.146 -2.218 -2.286 -2.350 -2.410 -2.466 -2.518 -2.566 
-2.610 -2.651 -2.689 -2.724 -2.756 -2.785 -2.812 -2.836 -2.857 -2.877 
-2.893 
-2.851 -2.856 -2.871 -2.883 -2.894 -2.902 -2.909 -2.915 -2.918 -2.920 
-2.921 -2.920 -2.918 -2.914 -2.910 -2.904 -2.896 -2.888 -2.878 -2.868 
-2.856 -2.844 -2.830 -2.816 -2.800 -2.784 -2.767 -2.749 -2.731 -2.711 
-2.691 -2.670 -2.648 -2.625 -2.601 -2.576 -2.550 -2.523 -2.494 -2.464 
-2.432 -2.396 -2.357 -2.312 -2.260 -2.199 -2.131 -2.061 -2.006 -1.980 
-1.979 -1.982 -1.975 -1.955 -1.923 -1.882 -1.835 -1.784 -1.733 -1.687 
-1.653 -1.636 -1.640 -1.662 -1.700 -1.750 -1.807 -1.869 -1.932 -1.994 
-2.053 -2.108 -2.159 -2.206 -2.250 -2.295 -2.340 -2.388 -2.436 -2.484 
-2.531 -2.575 -2.616 -2.654 -2.689 -2.721 -2.750 -2.776 -2.800 -2.821 
-2.846 
-2.959 -2.994 -3.030 -3.062 -3.091 -3.117 -3.140 -3.160 -3.177 -3.192 
-3.205 -3.215 -3.223 -3.228 -3.232 -3.233 -3.232 -3.229 -3.224 -3.217 
-3.208 -3.197 -3.184 -3.168 -3.151 -3.131 -3.110 -3.085 -3.058 -3.029 
-2.996 -2.960 -2.921 -2.877 -2.830 -2.777 -2.719 -2.655 -2.585 -2.506 
-2.419 -2.323 -2.217 -2.101 -1.976 -1.846 -1.720 -1.614 -1.549 -1.544 
-1.595 -1.678 -1.771 -1.858 -1.932 -1.992 -2.037 -2.070 -2.091 -2.102 
-2.108 -2.109 -2.110 -2.112 -2.115 -2.120 -2.122 -2.121 -2.115 -2.105 
-2.091 -2.077 -2.064 -2.058 -2.062 -2.080 -2.112 -2.159 -2.219 -2.286 
-2.358 -2.432 -2.504 -2.574 -2.641 -2.703 -2.762 -2.816 -2.867 -2.913 
-2.944 
-3.042 -3.076 -3.108 -3.137 -3.163 -3.186 -3.206 -3.224 -3.239 -3.252 
-3.262 -3.270 -3.275 -3.278 -3.278 -3.276 -3.272 -3.265 -3.256 -3.244 
-3.229 -3.212 -3.193 -3.170 -3.145 -3.117 -3.086 -3.052 -3.015 -2.974 
-2.930 -2.882 -2.831 -2.775 -2.715 -2.650 -2.580 -2.505 -2.425 -2.339 
-2.247 -2.150 -2.049 -1.946 -1.849 -1.766 -1.705 -1.673 -1.672 -1.703 
-1.759 -1.825 -1.890 -1.948 -1.998 -2.038 -2.069 -2.092 -2.107 -2.114 
-2.115 -2.111 -2.102 -2.089 -2.076 -2.064 -2.054 -2.048 -2.046 -2.048 
-2.055 -2.067 -2.086 -2.113 -2.150 -2.196 -2.251 -2.312 -2.377 -2.445 
-2.513 -2.580 -2.644 -2.706 -2.764 -2.819 -2.870 -2.918 -2.963 -3.004 
-3.031 
-3.034 -3.054 -3.077 -3.097 -3.115 -3.131 -3.144 -3.155 -3.163 -3.170 
-3.174 -3.175 -3.175 -3.172 -3.167 -3.159 -3.150 -3.138 -3.124 -3.107 
-3.088 -3.067 -3.043 -3.017 -2.988 -2.956 -2.922 -2.886 -2.846 -2.804 
-2.759 -2.711 -2.661 -2.608 -2.552 -2.494 -2.434 -2.373 -2.310 -2.248 
-2.185 -2.124 -2.065 -2.009 -1.957 -1.912 -1.880 -1.863 -1.861 -1.871 
-1.888 -1.905 -1.920 -1.931 -1.938 -1.939 -1.934 -1.924 -1.910 -1.890 
-1.867 -1.842 -1.816 -1.793 -1.777 -1.770 -1.778 -1.801 -1.839 -1.890 
-1.949 -2.014 -2.081 -2.150 -2.220 -2.289 -2.357 -2.424 -2.489 -2.551 
-2.610 -2.666 -2.718 -2.768 -2.814 -2.857 -2.897 -2.934 -2.968 -2.999 
-3.026 
-3.056 -3.076 -3.104 -3.130 -3.153 -3.173 -3.192 -3.207 -3.221 -3.232 
-3.241 -3.247 -3.251 -3.253 -3.253 -3.250 -3.245 -3.238 -3.228 -3.216 
-3.201 -3.184 -3.165 -3.142 -3.118 -3.090 -3.059 -3.026 -2.990 -2.950 
-2.907 -2.860 -2.810 -2.756 -2.698 -2.636 -2.570 -2.499 -2.423 -2.342 
-2.256 -2.165 -2.070 -1.972 -1.875 -1.786 -1.716 -1.676 -1.673 -1.699 
-1.743 -1.795 -1.848 -1.898 -1.942 -1.980 -2.012 -2.036 -2.053 -2.064 
-2.070 -2.071 -2.068 -2.063 -2.057 -2.054 -2.056 -2.063 -2.076 -2.094 
-2.118 -2.147 -2.181 -2.221 -2.266 -2.315 -2.368 -2.423 -2.480 -2.537 
-2.594 -2.649 -2.703 -2.755 -2.804 -2.851 -2.895 -2.937 -2.975 -3.012 
-3.044 
-3.164 -3.190 -3.216 -3.240 -3.262 -3.281 -3.297 -3.312 -3.324 -3.333 
-3.341 -3.346 -3.348 -3.349 -3.347 -3.343 -3.337 -3.328 -3.317 -3.303 
-3.287 -3.269 -3.248 -3.224 -3.197 -3.168 -3.135 -3.100 -3.061 -3.018 
-2.972 -2.921 -2.867 -2.808 -2.743 -2.674 -2.598 -2.515 -2.426 -2.328 
-2.221 -2.105 -1.980 -1.847 -1.714 -1.590 -1.497 -1.453 -1.465 -1.518 
-1.595 -1.676 -1.754 -1.823 -1.883 -1.933 -1.974 -2.006 -2.031 -2.049 
-2.061 -2.067 -2.070 -2.070 -2.069 -2.070 -2.075 -2.086 -2.105 -2.133 
-2.168 -2.211 -2.259 -2.312 -2.369 -2.428 -2.488 -2.549 -2.609 -2.668 
-2.726 -2.781 -2.834 -2.884 -2.932 -2.977 -3.019 -3.059 -3.096 -3.130 
-3.154 
-3.255 -3.288 -3.314 -3.336 -3.356 -3.374 -3.389 -3.403 -3.413 -3.422 
-3.428 -3.432 -3.434 -3.433 -3.430 -3.425 -3.418 -3.408 -3.396 -3.382 
-3.365 -3.346 -3.325 -3.300 -3.273 -3.244 -3.211 -3.175 -3.136 -3.094 
-3.049 -2.999 -2.946 -2.889 -2.827 -2.760 -2.688 -2.610 -2.527 -2.437 
-2.341 -2.238 -2.130 -2.018 -1.907 -1.803 -1.719 -1.667 -1.651 -1.665 
-1.696 -1.735 -1.775 -1.813 -1.846 -1.873 -1.894 -1.909 -1.917 -1.920 
-1.916 -1.908 -1.897 -1.885 -1.875 -1.871 -1.877 -1.898 -1.936 -1.990 
-2.058 -2.134 -2.217 -2.300 -2.384 -2.465 -2.543 -2.618 -2.689 -2.756 
-2.819 -2.878 -2.934 -2.986 -3.034 -3.080 -3.122 -3.161 -3.197 -3.230 
-3.246 
-3.171 -3.202 -3.229 -3.254 -3.276 -3.295 -3.313 -3.327 -3.340 -3.350 
-3.358 -3.364 -3.368 -3.370 -3.369 -3.366 -3.361 -3.354 -3.345 -3.333 
-3.319 -3.303 -3.285 -3.264 -3.241 -3.216 -3.188 -3.157 -3.123 -3.087 
-3.048 -3.006 -2.960 -2.912 -2.859 -2.803 -2.743 -2.679 -2.611 -2.537 
-2.459 -2.376 -2.288 -2.196 -2.101 -2.011 -1.935 -1.882 -1.848 -1.826 
-1.810 -1.800 -1.796 -1.798 -1.804 -1.815 -1.827 -1.840 -1.854 -1.868 
-1.882 -1.896 -1.912 -1.929 -1.950 -1.976 -2.008 -2.046 -2.092 -2.145 
-2.202 -2.262 -2.322 -2.381 -2.437 -2.490 -2.541 -2.590 -2.638 -2.687 
-2.737 -2.788 -2.839 -2.888 -2.936 -2.982 -3.026 -3.067 -3.105 -3.140 
-3.163 
-3.075 -3.093 -3.134 -3.173 -3.208 -3.240 -3.268 -3.294 -3.317 -3.337 
-3.354 -3.368 -3.380 -3.389 -3.396 -3.400 -3.401 -3.399 -3.396 -3.389 
-3.380 -3.368 -3.353 -3.336 -3.316 -3.292 -3.266 -3.237 -3.204 -3.168 
-3.128 -3.084 -3.035 -2.982 -2.925 -2.862 -2.792 -2.717 -2.634 -2.542 
-2.442 -2.332 -2.212 -2.085 -1.959 -1.851 -1.784 -1.773 -1.815 -1.886 
-1.964 -2.036 -2.098 -2.151 -2.196 -2.235 -2.269 -2.297 -2.321 -2.342 
-2.359 -2.372 -2.383 -2.391 -2.397 -2.400 -2.400 -2.396 -2.388 -2.378 
-2.368 -2.360 -2.357 -2.358 -2.361 -2.367 -2.376 -2.390 -2.412 -2.444 
-2.485 -2.535 -2.591 -2.652 -2.713 -2.775 -2.835 -2.893 -2.948 -2.999 
-3.056 
-3.242 -3.288 -3.324 -3.356 -3.385 -3.412 -3.435 -3.455 -3.473 -3.488 
-3.501 -3.511 -3.518 -3.523 -3.525 -3.525 -3.522 -3.517 -3.509 -3.499 
-3.486 -3.471 -3.452 -3.431 -3.408 -3.381 -3.351 -3.318 -3.282 -3.243 
-3.200 -3.153 -3.102 -3.046 -2.986 -2.921 -2.851 -2.776 -2.694 -2.607 
-2.515 -2.419 -2.324 -2.237 -2.165 -2.111 -2.081 -2.080 -2.106 -2.146 
-2.191 -2.235 -2.276 -2.313 -2.345 -2.372 -2.392 -2.406 -2.414 -2.415 
-2.410 -2.397 -2.378 -2.352 -2.320 -2.281 -2.238 -2.191 -2.145 -2.105 
-2.078 -2.071 -2.088 -2.131 -2.193 -2.268 -2.349 -2.431 -2.511 -2.589 
-2.664 -2.737 -2.808 -2.876 -2.940 -3.001 -3.058 -3.111 -3.161 -3.207 
-3.231 
-3.363 -3.390 -3.421 -3.449 -3.474 -3.496 -3.516 -3.532 -3.546 -3.557 
-3.566 -3.572 -3.575 -3.576 -3.574 -3.570 -3.563 -3.554 -3.542 -3.527 
-3.510 -3.490 -3.466 -3.440 -3.411 -3.378 -3.342 -3.302 -3.258 -3.210 
-3.158 -3.101 -3.038 -2.970 -2.895 -2.813 -2.724 -2.627 -2.521 -2.408 
-2.289 -2.171 -2.066 -1.988 -1.952 -1.961 -2.004 -2.066 -2.133 -2.200 
-2.263 -2.320 -2.369 -2.412 -2.447 -2.475 -2.496 -2.510 -2.517 -2.517 
-2.510 -2.497 -2.478 -2.452 -2.420 -2.382 -2.341 -2.297 -2.254 -2.217 
-2.191 -2.185 -2.201 -2.242 -2.303 -2.379 -2.463 -2.550 -2.637 -2.721 
-2.801 -2.877 -2.948 -3.014 -3.075 -3.132 -3.184 -3.233 -3.278 -3.319 
-3.351 
-3.448 -3.475 -3.504 -3.531 -3.555 -3.576 -3.595 -3.611 -3.625 -3.636 
-3.645 -3.652 -3.656 -3.657 -3.657 -3.653 -3.648 -3.640 -3.629 -3.616 
-3.601 -3.582 -3.561 -3.537 -3.511 -3.481 -3.448 -3.412 -3.372 -3.329 
-3.282 -3.231 -3.175 -3.114 -3.049 -2.977 -2.900 -2.816 -2.726 -2.629 
-2.526 -2.420 -2.317 -2.226 -2.159 -2.123 -2.116 -2.131 -2.162 -2.205 
-2.253 -2.304 -2.352 -2.397 -2.436 -2.469 -2.495 -2.515 -2.529 -2.536 
-2.538 -2.534 -2.524 -2.510 -2.492 -2.471 -2.449 -2.428 -2.411 -2.402 
-2.404 -2.418 -2.447 -2.489 -2.543 -2.604 -2.671 -2.740 -2.810 -2.879 
-2.946 -3.010 -3.071 -3.129 -3.183 -3.234 -3.282 -3.327 -3.368 -3.407 
-3.437 
-3.495 -3.535 -3.563 -3.587 -3.609 -3.628 -3.645 -3.659 -3.670 -3.679 
-3.686 -3.690 -3.691 -3.691 -3.687 -3.682 -3.673 -3.663 -3.649 -3.634 
-3.615 -3.594 -3.570 -3.543 -3.513 -3.479 -3.443 -3.403 -3.359 -3.311 
-3.259 -3.202 -3.141 -3.074 -3.001 -2.922 -2.836 -2.742 -2.641 -2.532 
-2.416 -2.296 -2.179 -2.077 -2.004 -1.974 -1.987 -2.032 -2.095 -2.164 
-2.230 -2.291 -2.344 -2.389 -2.425 -2.453 -2.474 -2.486 -2.491 -2.488 
-2.479 -2.463 -2.440 -2.413 -2.381 -2.348 -2.316 -2.290 -2.275 -2.277 
-2.300 -2.342 -2.401 -2.473 -2.552 -2.634 -2.716 -2.796 -2.873 -2.947 
-3.017 -3.083 -3.145 -3.203 -3.256 -3.306 -3.353 -3.396 -3.435 -3.472 
-3.485 
-3.393 -3.402 -3.430 -3.454 -3.476 -3.495 -3.512 -3.526 -3.538 -3.547 
-3.554 -3.558 -3.560 -3.560 -3.557 -3.551 -3.543 -3.533 -3.520 -3.505 
-3.487 -3.466 -3.443 -3.417 -3.387 -3.355 -3.319 -3.280 -3.237 -3.191 
-3.141 -3.086 -3.026 -2.962 -2.893 -2.818 -2.737 -2.650 -2.558 -2.459 
-2.357 -2.254 -2.155 -2.070 -2.011 -1.986 -1.995 -2.029 -2.078 -2.133 
-2.188 -2.241 -2.288 -2.329 -2.363 -2.390 -2.411 -2.425 -2.432 -2.433 
-2.429 -2.419 -2.404 -2.385 -2.363 -2.338 -2.314 -2.293 -2.278 -2.274 
-2.283 -2.308 -2.350 -2.405 -2.470 -2.540 -2.613 -2.687 -2.758 -2.828 
-2.895 -2.958 -3.018 -3.074 -3.127 -3.176 -3.222 -3.264 -3.303 -3.339 
-3.381 
-3.444 -3.484 -3.515 -3.543 -3.567 -3.589 -3.608 -3.624 -3.638 -3.649 
-3.658 -3.664 -3.667 -3.668 -3.666 -3.662 -3.656 -3.646 -3.634 -3.620 
-3.603 -3.582 -3.559 -3.533 -3.504 -3.472 -3.436 -3.396 -3.353 -3.305 
-3.253 -3.196 -3.134 -3.066 -2.992 -2.911 -2.822 -2.725 -2.620 -2.505 
-2.383 -2.259 -2.140 -2.045 -1.989 -1.982 -2.017 -2.075 -2.137 -2.193 
-2.237 -2.274 -2.308 -2.345 -2.383 -2.418 -2.448 -2.471 -2.487 -2.494 
-2.493 -2.484 -2.468 -2.444 -2.413 -2.376 -2.334 -2.291 -2.251 -2.221 
-2.209 -2.220 -2.258 -2.319 -2.396 -2.483 -2.572 -2.661 -2.748 -2.830 
-2.908 -2.982 -3.051 -3.115 -3.175 -3.230 -3.282 -3.330 -3.373 -3.414 
-3.433 
-3.405 -3.423 -3.460 -3.494 -3.525 -3.553 -3.579 -3.602 -3.623 -3.641 
-3.656 -3.669 -3.680 -3.688 -3.694 -3.698 -3.699 -3.698 -3.694 -3.688 
-3.679 -3.668 -3.655 -3.639 -3.620 -3.598 -3.574 -3.547 -3.516 -3.482 
-3.444 -3.403 -3.358 -3.308 -3.253 -3.193 -3.127 -3.054 -2.973 -2.884 
-2.787 -2.684 -2.578 -2.480 -2.403 -2.350 -2.307 -2.255 -2.190 -2.119 
-2.056 -2.014 -2.000 -2.016 -2.054 -2.103 -2.156 -2.207 -2.252 -2.290 
-2.320 -2.343 -2.358 -2.366 -2.368 -2.363 -2.354 -2.342 -2.328 -2.317 
-2.314 -2.321 -2.342 -2.376 -2.421 -2.475 -2.536 -2.602 -2.671 -2.742 
-2.813 -2.883 -2.950 -3.015 -3.078 -3.137 -3.192 -3.245 -3.294 -3.340 
-3.382 
