IRGRID 64 91
1e+308

0.025 0.03 0.035 0.04 0.045 0.05 0.055 0.06 0.065 0.07
0.075 0.08 0.085 0.09 0.095 0.1 0.11 0.12 0.13 0.14
0.15 0.16 0.17 0.18 0.19 0.2 0.21 0.22 0.23 0.24
0.25 0.26 0.27 0.28 0.29 0.3 0.31 0.32 0.33 0.34
0.35 0.36 0.37 0.38 0.39 0.4 0.41 0.42 0.43 0.44
0.45 0.46 0.47 0.48 0.49 0.5 0.51 0.52 0.53 0.54
0.55 0.56 0.57 0.58
0 4 8 12 16 20 24 28 32 36
40 44 48 52 56 60 64 68 72 76
80 84 88 92 96 100 104 108 112 116
120 124 128 132 136 140 144 148 152 156
160 164 168 172 176 180 184 188 192 196
200 204 208 212 216 220 224 228 232 236
240 244 248 252 256 260 264 268 272 276
280 284 288 292 296 300 304 308 312 316
320 324 328 332 336 340 344 348 352 356
360
-4.000 -4.000 -4.000 -4.000 -4.000 -4.000 -4.000 -4.000 -4.000 -4.000 
-4.000 -4.000 -4.000 -4.000 -4.000 -4.000 -4.000 -4.000 -4.000 -4.000 
-4.000 -4.000 -4.000 -4.000 -4.000 -4.000 -4.000 -4.000 -4.000 -4.000 
-4.000 -4.000 -4.000 -4.000 -4.000 -4.000 -4.000 -4.000 -4.000 -4.000 
-4.000 -4.000 -4.000 -4.000 -4.000 -4.000 -4.000 -4.000 -4.000 -4.000 
-4.000 -4.000 -4.000 -4.000 -4.000 -4.000 -4.000 -4.000 -4.000 -4.000 
-4.000 -4.000 -4.000 -4.000 -4.000 -4.000 -4.000 -4.000 -4.000 -4.000 
-4.000 -4.000 -4.000 -4.000 -4.000 -4.000 -4.000 -4.000 -4.000 -4.000 
-4.000 -4.000 -4.000 -4.000 -4.000 -4.000 -4.000 -4.000 -4.000 -4.000 
-4.000 
-3.781 -3.933 -3.986 -4.000 -4.000 -4.000 -4.000 -4.000 -4.000 -4.000 
-4.000 -4.000 -4.000 -4.000 -4.000 -4.000 -4.000 -4.000 -4.000 -4.000 
-4.000 -4.000 -4.000 -4.000 -4.000 -4.000 -4.000 -4.000 -4.000 -4.000 
-4.000 -4.000 -4.000 -4.000 -4.000 -4.000 -4.000 -4.000 -3.961 -3.899 
-3.839 -3.784 -3.737 -3.703 -3.683 -3.679 -3.688 -3.708 -3.738 -3.772 
-3.808 -3.845 -3.884 -3.928 -3.971 -4.000 -4.000 -4.000 -4.000 -4.000 
-4.000 -4.000 -4.000 -4.000 -4.000 -4.000 -4.000 -4.000 -4.000 -4.000 
-3.988 -3.943 -3.896 -3.847 -3.802 -3.766 -3.744 -3.740 -3.752 -3.774 
-3.798 -3.818 -3.828 -3.829 -3.821 -3.811 -3.803 -3.804 -3.818 -3.846 
-3.779 
-3.215 -3.208 -3.258 -3.310 -3.363 -3.415 -3.463 -3.508 -3.548 -3.583 
-3.614 -3.639 -3.659 -3.673 -3.683 -3.687 -3.686 -3.679 -3.668 -3.652 
-3.632 -3.609 -3.584 -3.559 -3.536 -3.517 -3.503 -3.494 -3.490 -3.489 
-3.489 -3.488 -3.485 -3.478 -3.465 -3.447 -3.424 -3.394 -3.360 -3.322 
-3.281 -3.239 -3.199 -3.165 -3.138 -3.122 -3.117 -3.125 -3.142 -3.167 
-3.195 -3.223 -3.249 -3.269 -3.280 -3.281 -3.268 -3.239 -3.193 -3.128 
-3.048 -2.965 -2.907 -2.902 -2.960 -3.056 -3.159 -3.252 -3.329 -3.388 
-3.432 -3.461 -3.478 -3.484 -3.481 -3.471 -3.454 -3.433 -3.407 -3.377 
-3.341 -3.302 -3.259 -3.217 -3.176 -3.142 -3.118 -3.107 -3.112 -3.132 
-3.196 
-3.415 -3.477 -3.492 -3.506 -3.515 -3.521 -3.522 -3.519 -3.512 -3.501 
-3.485 -3.466 -3.442 -3.415 -3.384 -3.349 -3.311 -3.270 -3.226 -3.180 
-3.134 -3.088 -3.044 -3.004 -2.971 -2.946 -2.931 -2.927 -2.932 -2.946 
-2.967 -2.992 -3.020 -3.047 -3.074 -3.098 -3.120 -3.138 -3.152 -3.162 
-3.168 -3.169 -3.168 -3.163 -3.155 -3.146 -3.135 -3.123 -3.108 -3.089 
-3.065 -3.035 -2.998 -2.954 -2.900 -2.836 -2.762 -2.676 -2.578 -2.470 
-2.358 -2.256 -2.190 -2.180 -2.231 -2.323 -2.427 -2.524 -2.611 -2.690 
-2.767 -2.843 -2.918 -2.990 -3.057 -3.120 -3.176 -3.226 -3.270 -3.307 
-3.337 -3.362 -3.380 -3.393 -3.401 -3.407 -3.413 -3.420 -3.430 -3.444 
-3.415 
-3.305 -3.322 -3.341 -3.356 -3.369 -3.380 -3.388 -3.394 -3.398 -3.400 
-3.400 -3.398 -3.393 -3.387 -3.379 -3.369 -3.358 -3.344 -3.329 -3.312 
-3.294 -3.275 -3.255 -3.236 -3.217 -3.201 -3.187 -3.176 -3.167 -3.159 
-3.151 -3.143 -3.133 -3.119 -3.103 -3.082 -3.057 -3.028 -2.997 -2.964 
-2.932 -2.904 -2.883 -2.869 -2.864 -2.866 -2.872 -2.880 -2.887 -2.892 
-2.892 -2.888 -2.878 -2.863 -2.841 -2.813 -2.779 -2.736 -2.686 -2.627 
-2.561 -2.492 -2.427 -2.377 -2.340 -2.304 -2.263 -2.220 -2.179 -2.137 
-2.090 -2.048 -2.056 -2.144 -2.277 -2.412 -2.534 -2.640 -2.732 -2.814 
-2.886 -2.950 -3.008 -3.060 -3.106 -3.148 -3.186 -3.220 -3.250 -3.277 
-3.299 
-3.150 -3.169 -3.197 -3.221 -3.243 -3.261 -3.277 -3.289 -3.300 -3.307 
-3.313 -3.316 -3.316 -3.314 -3.310 -3.304 -3.296 -3.285 -3.273 -3.258 
-3.241 -3.222 -3.200 -3.177 -3.151 -3.122 -3.091 -3.058 -3.021 -2.982 
-2.939 -2.893 -2.843 -2.790 -2.734 -2.675 -2.613 -2.550 -2.488 -2.429 
-2.375 -2.332 -2.300 -2.282 -2.278 -2.286 -2.301 -2.322 -2.345 -2.366 
-2.384 -2.397 -2.404 -2.403 -2.395 -2.379 -2.353 -2.317 -2.272 -2.220 
-2.166 -2.120 -2.091 -2.079 -2.071 -2.050 -2.006 -1.935 -1.837 -1.716 
-1.587 -1.489 -1.471 -1.554 -1.706 -1.880 -2.047 -2.198 -2.330 -2.446 
-2.549 -2.640 -2.721 -2.794 -2.860 -2.919 -2.972 -3.020 -3.064 -3.103 
-3.137 
-2.971 -3.010 -3.019 -3.027 -3.032 -3.036 -3.038 -3.039 -3.038 -3.036 
-3.033 -3.029 -3.024 -3.019 -3.012 -3.005 -2.997 -2.988 -2.978 -2.968 
-2.957 -2.946 -2.933 -2.920 -2.906 -2.891 -2.875 -2.859 -2.842 -2.823 
-2.804 -2.785 -2.764 -2.742 -2.718 -2.694 -2.668 -2.641 -2.612 -2.583 
-2.554 -2.526 -2.500 -2.476 -2.455 -2.434 -2.413 -2.388 -2.360 -2.328 
-2.289 -2.243 -2.191 -2.131 -2.061 -1.982 -1.891 -1.786 -1.668 -1.533 
-1.393 -1.301 -1.331 -1.438 -1.560 -1.680 -1.792 -1.889 -1.963 -2.006 
-2.013 -1.999 -2.017 -2.103 -2.225 -2.344 -2.447 -2.533 -2.606 -2.668 
-2.721 -2.768 -2.809 -2.845 -2.876 -2.904 -2.929 -2.950 -2.969 -2.985 
-2.968 
-2.545 -2.568 -2.576 -2.582 -2.587 -2.590 -2.593 -2.594 -2.594 -2.594 
-2.593 -2.591 -2.590 -2.588 -2.586 -2.585 -2.583 -2.581 -2.580 -2.578 
-2.577 -2.575 -2.572 -2.570 -2.566 -2.562 -2.556 -2.549 -2.540 -2.530 
-2.518 -2.504 -2.487 -2.468 -2.446 -2.421 -2.392 -2.361 -2.326 -2.286 
-2.243 -2.196 -2.144 -2.087 -2.026 -1.961 -1.891 -1.817 -1.740 -1.660 
-1.578 -1.497 -1.416 -1.338 -1.262 -1.188 -1.114 -1.035 -0.944 -0.834 
-0.718 -0.653 -0.697 -0.824 -0.971 -1.109 -1.236 -1.353 -1.464 -1.568 
-1.665 -1.756 -1.840 -1.918 -1.990 -2.057 -2.118 -2.174 -2.225 -2.272 
-2.315 -2.353 -2.388 -2.420 -2.448 -2.473 -2.495 -2.514 -2.531 -2.545 
-2.544 
-1.955 -2.027 -2.055 -2.086 -2.119 -2.152 -2.184 -2.214 -2.242 -2.267 
-2.289 -2.308 -2.324 -2.337 -2.347 -2.354 -2.359 -2.361 -2.361 -2.358 
-2.353 -2.345 -2.335 -2.323 -2.308 -2.291 -2.271 -2.248 -2.223 -2.196 
-2.165 -2.132 -2.096 -2.057 -2.015 -1.970 -1.921 -1.869 -1.814 -1.755 
-1.693 -1.627 -1.557 -1.484 -1.407 -1.326 -1.243 -1.157 -1.069 -0.980 
-0.890 -0.802 -0.716 -0.632 -0.545 -0.438 -0.231 0.125 -0.213 -0.311 
-0.331 -0.346 -0.382 -0.439 -0.512 -0.596 -0.690 -0.790 -0.891 -0.992 
-1.090 -1.185 -1.274 -1.358 -1.436 -1.509 -1.576 -1.638 -1.693 -1.743 
-1.787 -1.825 -1.857 -1.884 -1.906 -1.924 -1.939 -1.952 -1.966 -1.983 
-1.950 
-1.542 -1.524 -1.556 -1.596 -1.642 -1.691 -1.743 -1.795 -1.845 -1.894 
-1.941 -1.985 -2.025 -2.063 -2.097 -2.127 -2.154 -2.178 -2.199 -2.216 
-2.230 -2.240 -2.247 -2.252 -2.252 -2.250 -2.244 -2.235 -2.223 -2.207 
-2.188 -2.164 -2.138 -2.107 -2.072 -2.033 -1.990 -1.943 -1.891 -1.835 
-1.775 -1.713 -1.648 -1.583 -1.519 -1.458 -1.400 -1.343 -1.284 -1.219 
-1.143 -1.050 -0.932 -0.777 -0.554 -0.186 0.333 0.647 0.301 -0.203 
-0.496 -0.662 -0.771 -0.855 -0.926 -0.987 -1.037 -1.074 -1.100 -1.121 
-1.147 -1.188 -1.243 -1.307 -1.371 -1.428 -1.476 -1.513 -1.539 -1.555 
-1.563 -1.563 -1.556 -1.545 -1.531 -1.515 -1.501 -1.490 -1.485 -1.489 
-1.534 
-1.844 -1.902 -1.933 -1.966 -1.999 -2.032 -2.063 -2.092 -2.118 -2.141 
-2.160 -2.177 -2.191 -2.201 -2.208 -2.212 -2.214 -2.212 -2.207 -2.200 
-2.189 -2.176 -2.160 -2.141 -2.119 -2.094 -2.066 -2.035 -2.001 -1.963 
-1.922 -1.878 -1.829 -1.777 -1.722 -1.662 -1.599 -1.531 -1.461 -1.387 
-1.312 -1.236 -1.162 -1.092 -1.031 -0.980 -0.942 -0.917 -0.904 -0.900 
-0.901 -0.902 -0.899 -0.884 -0.843 -0.735 -0.430 0.036 -0.471 -0.701 
-0.756 -0.742 -0.685 -0.590 -0.456 -0.318 -0.302 -0.417 -0.512 -0.558 
-0.591 -0.639 -0.710 -0.802 -0.906 -1.014 -1.118 -1.217 -1.309 -1.392 
-1.467 -1.534 -1.593 -1.645 -1.690 -1.728 -1.761 -1.790 -1.818 -1.844 
-1.835 
-2.084 -2.135 -2.162 -2.187 -2.209 -2.229 -2.246 -2.261 -2.273 -2.284 
-2.292 -2.298 -2.301 -2.303 -2.302 -2.300 -2.295 -2.288 -2.279 -2.268 
-2.254 -2.239 -2.221 -2.201 -2.178 -2.153 -2.126 -2.096 -2.064 -2.029 
-1.992 -1.951 -1.908 -1.862 -1.812 -1.760 -1.704 -1.644 -1.582 -1.516 
-1.447 -1.376 -1.303 -1.230 -1.157 -1.086 -1.018 -0.956 -0.898 -0.847 
-0.803 -0.765 -0.732 -0.704 -0.677 -0.649 -0.616 -0.577 -0.528 -0.467 
-0.388 -0.289 -0.163 -0.004 0.175 0.311 0.306 0.136 -0.105 -0.333 
-0.523 -0.682 -0.822 -0.951 -1.070 -1.181 -1.283 -1.377 -1.463 -1.543 
-1.617 -1.685 -1.748 -1.806 -1.859 -1.909 -1.955 -1.997 -2.036 -2.072 
-2.076 
-1.930 -1.932 -1.957 -1.979 -1.998 -2.016 -2.031 -2.045 -2.056 -2.065 
-2.072 -2.077 -2.080 -2.081 -2.081 -2.078 -2.074 -2.067 -2.059 -2.049 
-2.037 -2.023 -2.007 -1.990 -1.970 -1.949 -1.925 -1.900 -1.873 -1.843 
-1.812 -1.779 -1.744 -1.707 -1.669 -1.628 -1.586 -1.543 -1.498 -1.452 
-1.405 -1.357 -1.309 -1.261 -1.213 -1.166 -1.119 -1.073 -1.028 -0.984 
-0.942 -0.900 -0.859 -0.817 -0.773 -0.726 -0.675 -0.618 -0.554 -0.482 
-0.402 -0.312 -0.212 -0.105 -0.004 0.051 0.006 -0.133 -0.287 -0.433 
-0.568 -0.694 -0.811 -0.919 -1.018 -1.110 -1.195 -1.274 -1.347 -1.415 
-1.478 -1.536 -1.591 -1.641 -1.688 -1.732 -1.772 -1.810 -1.844 -1.876 
-1.919 
-1.921 -1.973 -1.999 -2.023 -2.045 -2.064 -2.081 -2.095 -2.107 -2.117 
-2.124 -2.129 -2.132 -2.132 -2.130 -2.126 -2.119 -2.111 -2.100 -2.086 
-2.071 -2.052 -2.032 -2.009 -1.984 -1.956 -1.926 -1.894 -1.859 -1.821 
-1.781 -1.738 -1.694 -1.646 -1.597 -1.546 -1.493 -1.439 -1.384 -1.330 
-1.276 -1.224 -1.174 -1.127 -1.084 -1.045 -1.010 -0.978 -0.950 -0.923 
-0.896 -0.868 -0.838 -0.803 -0.763 -0.715 -0.658 -0.589 -0.504 -0.398 
-0.260 -0.068 0.225 0.386 0.298 0.239 0.098 -0.099 -0.299 -0.479 
-0.636 -0.773 -0.894 -1.002 -1.098 -1.185 -1.265 -1.337 -1.404 -1.466 
-1.523 -1.577 -1.628 -1.677 -1.722 -1.765 -1.806 -1.844 -1.880 -1.913 
-1.915 
-1.742 -1.755 -1.795 -1.834 -1.870 -1.905 -1.938 -1.969 -1.997 -2.024 
-2.048 -2.071 -2.091 -2.109 -2.124 -2.138 -2.149 -2.158 -2.164 -2.168 
-2.170 -2.170 -2.167 -2.162 -2.154 -2.144 -2.131 -2.115 -2.097 -2.076 
-2.053 -2.026 -1.997 -1.964 -1.929 -1.891 -1.850 -1.806 -1.760 -1.711 
-1.660 -1.607 -1.553 -1.497 -1.439 -1.379 -1.316 -1.249 -1.178 -1.102 
-1.020 -0.931 -0.838 -0.740 -0.640 -0.539 -0.439 -0.339 -0.233 -0.106 
0.079 0.390 0.725 0.824 0.561 0.232 -0.017 -0.215 -0.377 -0.510 
-0.622 -0.719 -0.803 -0.877 -0.943 -1.004 -1.060 -1.112 -1.163 -1.211 
-1.259 -1.306 -1.352 -1.399 -1.445 -1.491 -1.537 -1.583 -1.628 -1.671 
-1.724 
-1.828 -1.856 -1.886 -1.913 -1.939 -1.962 -1.983 -2.001 -2.018 -2.032 
-2.044 -2.054 -2.062 -2.068 -2.071 -2.073 -2.072 -2.069 -2.065 -2.057 
-2.048 -2.037 -2.023 -2.008 -1.990 -1.969 -1.947 -1.921 -1.894 -1.864 
-1.831 -1.796 -1.757 -1.716 -1.672 -1.625 -1.574 -1.520 -1.463 -1.401 
-1.336 -1.266 -1.192 -1.113 -1.029 -0.939 -0.845 -0.744 -0.638 -0.526 
-0.409 -0.289 -0.170 -0.058 0.042 0.128 0.204 0.268 0.319 0.354 
0.374 0.389 0.456 0.485 0.317 0.214 0.092 -0.069 -0.232 -0.379 
-0.511 -0.630 -0.739 -0.839 -0.932 -1.017 -1.096 -1.171 -1.240 -1.305 
-1.366 -1.424 -1.479 -1.531 -1.580 -1.626 -1.671 -1.712 -1.752 -1.789 
-1.818 
-1.995 -2.040 -2.069 -2.095 -2.119 -2.141 -2.160 -2.176 -2.191 -2.203 
-2.213 -2.221 -2.226 -2.230 -2.231 -2.231 -2.228 -2.223 -2.216 -2.207 
-2.195 -2.181 -2.166 -2.148 -2.127 -2.104 -2.079 -2.051 -2.021 -1.988 
-1.952 -1.914 -1.872 -1.827 -1.779 -1.728 -1.673 -1.614 -1.550 -1.482 
-1.410 -1.332 -1.248 -1.158 -1.062 -0.957 -0.844 -0.723 -0.591 -0.451 
-0.304 -0.157 -0.023 0.084 0.153 0.186 0.199 0.206 0.217 0.235 
0.261 0.297 0.349 0.423 0.504 0.536 0.458 0.275 0.047 -0.176 
-0.376 -0.551 -0.705 -0.842 -0.966 -1.077 -1.179 -1.272 -1.358 -1.437 
-1.511 -1.579 -1.642 -1.701 -1.755 -1.806 -1.853 -1.896 -1.937 -1.974 
-1.985 
-1.922 -1.943 -1.968 -1.991 -2.011 -2.030 -2.046 -2.060 -2.071 -2.081 
-2.089 -2.095 -2.098 -2.100 -2.100 -2.098 -2.093 -2.087 -2.079 -2.068 
-2.056 -2.042 -2.025 -2.007 -1.986 -1.963 -1.938 -1.910 -1.881 -1.849 
-1.814 -1.777 -1.737 -1.695 -1.649 -1.601 -1.550 -1.496 -1.439 -1.378 
-1.314 -1.247 -1.176 -1.102 -1.023 -0.941 -0.855 -0.765 -0.672 -0.574 
-0.472 -0.368 -0.266 -0.170 -0.088 -0.017 0.049 0.114 0.177 0.231 
0.267 0.275 0.252 0.210 0.166 0.114 0.005 -0.161 -0.331 -0.486 
-0.622 -0.745 -0.856 -0.957 -1.051 -1.138 -1.218 -1.293 -1.363 -1.428 
-1.490 -1.547 -1.600 -1.650 -1.697 -1.740 -1.781 -1.819 -1.854 -1.886 
-1.913 
-1.877 -1.887 -1.912 -1.935 -1.956 -1.975 -1.991 -2.005 -2.018 -2.028 
-2.037 -2.043 -2.048 -2.050 -2.051 -2.049 -2.046 -2.041 -2.033 -2.024 
-2.013 -2.000 -1.985 -1.967 -1.948 -1.926 -1.903 -1.877 -1.849 -1.819 
-1.786 -1.751 -1.713 -1.673 -1.630 -1.584 -1.536 -1.485 -1.431 -1.374 
-1.313 -1.250 -1.184 -1.115 -1.043 -0.968 -0.891 -0.811 -0.730 -0.646 
-0.560 -0.473 -0.382 -0.290 -0.194 -0.096 0.004 0.103 0.196 0.274 
0.323 0.330 0.288 0.202 0.087 -0.042 -0.173 -0.302 -0.425 -0.541 
-0.651 -0.754 -0.850 -0.941 -1.026 -1.106 -1.182 -1.252 -1.319 -1.382 
-1.441 -1.496 -1.548 -1.597 -1.643 -1.685 -1.725 -1.763 -1.798 -1.830 
-1.866 
-2.013 -2.046 -2.069 -2.089 -2.107 -2.123 -2.137 -2.148 -2.157 -2.165 
-2.170 -2.172 -2.173 -2.172 -2.169 -2.163 -2.156 -2.146 -2.134 -2.120 
-2.104 -2.086 -2.066 -2.043 -2.018 -1.990 -1.960 -1.928 -1.893 -1.856 
-1.815 -1.772 -1.726 -1.677 -1.625 -1.570 -1.512 -1.450 -1.385 -1.317 
-1.246 -1.172 -1.095 -1.016 -0.935 -0.853 -0.770 -0.686 -0.603 -0.522 
-0.445 -0.376 -0.318 -0.267 -0.217 -0.163 -0.101 -0.031 0.044 0.117 
0.173 0.193 0.162 0.080 -0.034 -0.158 -0.277 -0.387 -0.497 -0.613 
-0.733 -0.852 -0.965 -1.069 -1.166 -1.255 -1.337 -1.413 -1.484 -1.549 
-1.610 -1.666 -1.719 -1.768 -1.813 -1.855 -1.894 -1.930 -1.963 -1.993 
-2.006 
-2.064 -2.087 -2.116 -2.142 -2.165 -2.186 -2.204 -2.220 -2.233 -2.244 
-2.253 -2.259 -2.263 -2.265 -2.264 -2.261 -2.256 -2.249 -2.239 -2.227 
-2.212 -2.196 -2.176 -2.155 -2.130 -2.104 -2.074 -2.042 -2.006 -1.968 
-1.927 -1.883 -1.835 -1.784 -1.730 -1.672 -1.610 -1.545 -1.476 -1.403 
-1.327 -1.248 -1.165 -1.077 -0.984 -0.884 -0.776 -0.662 -0.542 -0.423 
-0.318 -0.239 -0.198 -0.191 -0.208 -0.233 -0.254 -0.263 -0.258 -0.239 
-0.211 -0.182 -0.160 -0.144 -0.127 -0.117 -0.119 -0.142 -0.199 -0.295 
-0.420 -0.560 -0.701 -0.837 -0.964 -1.081 -1.189 -1.288 -1.379 -1.463 
-1.541 -1.613 -1.679 -1.740 -1.797 -1.849 -1.897 -1.942 -1.983 -2.021 
-2.052 
-2.103 -2.120 -2.140 -2.159 -2.174 -2.188 -2.198 -2.207 -2.213 -2.216 
-2.218 -2.217 -2.214 -2.208 -2.201 -2.191 -2.178 -2.163 -2.146 -2.127 
-2.105 -2.080 -2.053 -2.024 -1.992 -1.957 -1.919 -1.878 -1.835 -1.788 
-1.738 -1.686 -1.630 -1.572 -1.511 -1.448 -1.382 -1.316 -1.249 -1.183 
-1.119 -1.058 -1.003 -0.954 -0.911 -0.874 -0.840 -0.808 -0.772 -0.732 
-0.690 -0.653 -0.629 -0.619 -0.616 -0.610 -0.594 -0.565 -0.521 -0.460 
-0.382 -0.289 -0.186 -0.093 -0.036 -0.037 -0.109 -0.241 -0.394 -0.547 
-0.696 -0.838 -0.969 -1.089 -1.198 -1.298 -1.389 -1.472 -1.548 -1.618 
-1.683 -1.742 -1.796 -1.846 -1.892 -1.934 -1.973 -2.008 -2.041 -2.070 
-2.095 
-2.119 -2.160 -2.181 -2.199 -2.214 -2.227 -2.238 -2.246 -2.252 -2.256 
-2.257 -2.256 -2.253 -2.247 -2.240 -2.230 -2.217 -2.203 -2.186 -2.166 
-2.145 -2.121 -2.094 -2.065 -2.033 -1.999 -1.962 -1.923 -1.881 -1.836 
-1.789 -1.739 -1.687 -1.633 -1.578 -1.521 -1.463 -1.406 -1.350 -1.296 
-1.246 -1.200 -1.160 -1.127 -1.099 -1.077 -1.060 -1.048 -1.037 -1.028 
-1.018 -1.006 -0.991 -0.972 -0.947 -0.916 -0.878 -0.829 -0.770 -0.698 
-0.610 -0.504 -0.378 -0.235 -0.090 0.012 0.004 -0.128 -0.324 -0.523 
-0.703 -0.861 -1.001 -1.126 -1.238 -1.339 -1.431 -1.514 -1.591 -1.660 
-1.725 -1.784 -1.838 -1.888 -1.934 -1.976 -2.014 -2.050 -2.082 -2.111 
-2.112 
-1.972 -1.970 -1.994 -2.015 -2.034 -2.050 -2.063 -2.075 -2.084 -2.091 
-2.095 -2.098 -2.098 -2.096 -2.092 -2.085 -2.077 -2.066 -2.053 -2.038 
-2.021 -2.001 -1.979 -1.955 -1.928 -1.899 -1.867 -1.833 -1.797 -1.758 
-1.716 -1.672 -1.625 -1.577 -1.526 -1.473 -1.419 -1.364 -1.309 -1.255 
-1.202 -1.153 -1.107 -1.065 -1.027 -0.992 -0.962 -0.935 -0.911 -0.890 
-0.870 -0.851 -0.832 -0.811 -0.788 -0.762 -0.730 -0.693 -0.649 -0.597 
-0.537 -0.467 -0.388 -0.301 -0.211 -0.131 -0.106 -0.163 -0.273 -0.401 
-0.533 -0.664 -0.788 -0.904 -1.011 -1.111 -1.203 -1.287 -1.365 -1.437 
-1.504 -1.565 -1.622 -1.675 -1.724 -1.769 -1.810 -1.848 -1.883 -1.915 
-1.961 
-2.053 -2.107 -2.130 -2.151 -2.169 -2.185 -2.198 -2.209 -2.217 -2.223 
-2.226 -2.227 -2.226 -2.222 -2.215 -2.207 -2.196 -2.182 -2.166 -2.147 
-2.126 -2.102 -2.076 -2.046 -2.014 -1.979 -1.940 -1.899 -1.854 -1.807 
-1.756 -1.701 -1.644 -1.584 -1.521 -1.457 -1.393 -1.329 -1.268 -1.211 
-1.161 -1.120 -1.088 -1.064 -1.048 -1.036 -1.026 -1.016 -1.005 -0.992 
-0.979 -0.966 -0.954 -0.944 -0.933 -0.921 -0.903 -0.878 -0.843 -0.796 
-0.735 -0.657 -0.559 -0.438 -0.297 -0.159 -0.080 -0.119 -0.265 -0.453 
-0.636 -0.797 -0.937 -1.058 -1.166 -1.263 -1.351 -1.432 -1.507 -1.577 
-1.641 -1.702 -1.758 -1.811 -1.859 -1.904 -1.946 -1.984 -2.019 -2.051 
-2.047 
-1.935 -1.937 -1.969 -1.997 -2.023 -2.047 -2.068 -2.087 -2.103 -2.118 
-2.129 -2.139 -2.146 -2.151 -2.154 -2.154 -2.153 -2.148 -2.142 -2.133 
-2.122 -2.108 -2.091 -2.073 -2.051 -2.027 -2.000 -1.970 -1.937 -1.901 
-1.862 -1.819 -1.774 -1.725 -1.674 -1.619 -1.563 -1.505 -1.447 -1.389 
-1.333 -1.278 -1.224 -1.170 -1.114 -1.054 -0.992 -0.927 -0.863 -0.804 
-0.753 -0.715 -0.692 -0.684 -0.689 -0.703 -0.721 -0.741 -0.758 -0.771 
-0.776 -0.771 -0.753 -0.716 -0.655 -0.573 -0.504 -0.515 -0.605 -0.716 
-0.811 -0.888 -0.954 -1.013 -1.071 -1.129 -1.188 -1.248 -1.308 -1.368 
-1.427 -1.485 -1.541 -1.595 -1.647 -1.696 -1.743 -1.787 -1.829 -1.868 
-1.920 
-2.118 -2.157 -2.180 -2.199 -2.216 -2.231 -2.243 -2.252 -2.258 -2.262 
-2.264 -2.263 -2.259 -2.253 -2.244 -2.233 -2.219 -2.202 -2.183 -2.160 
-2.135 -2.107 -2.076 -2.041 -2.004 -1.962 -1.918 -1.869 -1.817 -1.761 
-1.701 -1.638 -1.572 -1.505 -1.438 -1.374 -1.314 -1.263 -1.219 -1.185 
-1.158 -1.139 -1.128 -1.123 -1.122 -1.123 -1.123 -1.120 -1.113 -1.103 
-1.091 -1.079 -1.068 -1.061 -1.054 -1.046 -1.033 -1.013 -0.982 -0.940 
-0.882 -0.807 -0.713 -0.599 -0.476 -0.364 -0.286 -0.271 -0.347 -0.494 
-0.665 -0.829 -0.975 -1.102 -1.214 -1.314 -1.403 -1.486 -1.561 -1.632 
-1.697 -1.757 -1.813 -1.866 -1.914 -1.959 -2.000 -2.038 -2.072 -2.103 
-2.111 
-2.191 -2.217 -2.229 -2.239 -2.246 -2.250 -2.252 -2.251 -2.247 -2.241 
-2.232 -2.221 -2.207 -2.191 -2.171 -2.150 -2.125 -2.097 -2.067 -2.033 
-1.997 -1.957 -1.915 -1.868 -1.819 -1.766 -1.709 -1.649 -1.585 -1.517 
-1.446 -1.373 -1.298 -1.224 -1.155 -1.096 -1.051 -1.025 -1.018 -1.028 
-1.049 -1.079 -1.111 -1.143 -1.174 -1.202 -1.225 -1.243 -1.256 -1.263 
-1.264 -1.258 -1.244 -1.223 -1.194 -1.157 -1.109 -1.050 -0.979 -0.894 
-0.794 -0.676 -0.545 -0.413 -0.314 -0.289 -0.347 -0.461 -0.613 -0.782 
-0.945 -1.091 -1.221 -1.336 -1.439 -1.531 -1.613 -1.688 -1.755 -1.816 
-1.872 -1.923 -1.969 -2.010 -2.048 -2.082 -2.112 -2.140 -2.163 -2.184 
-2.186 
-2.075 -2.067 -2.075 -2.081 -2.084 -2.085 -2.083 -2.079 -2.072 -2.063 
-2.052 -2.038 -2.023 -2.004 -1.984 -1.961 -1.936 -1.908 -1.879 -1.847 
-1.814 -1.779 -1.742 -1.704 -1.665 -1.625 -1.586 -1.547 -1.509 -1.472 
-1.438 -1.406 -1.376 -1.349 -1.325 -1.305 -1.291 -1.284 -1.284 -1.291 
-1.301 -1.313 -1.324 -1.333 -1.339 -1.341 -1.340 -1.335 -1.325 -1.311 
-1.292 -1.267 -1.237 -1.200 -1.157 -1.106 -1.048 -0.982 -0.907 -0.824 
-0.736 -0.645 -0.560 -0.491 -0.456 -0.476 -0.557 -0.676 -0.805 -0.931 
-1.049 -1.157 -1.256 -1.346 -1.428 -1.503 -1.570 -1.632 -1.688 -1.740 
-1.786 -1.829 -1.867 -1.902 -1.934 -1.961 -1.986 -2.008 -2.027 -2.043 
-2.070 
-2.173 -2.192 -2.203 -2.211 -2.217 -2.221 -2.222 -2.222 -2.219 -2.214 
-2.206 -2.197 -2.186 -2.172 -2.156 -2.138 -2.118 -2.096 -2.072 -2.046 
-2.019 -1.989 -1.957 -1.924 -1.890 -1.854 -1.818 -1.781 -1.743 -1.706 
-1.670 -1.635 -1.601 -1.570 -1.540 -1.514 -1.490 -1.469 -1.450 -1.434 
-1.420 -1.408 -1.396 -1.384 -1.372 -1.359 -1.344 -1.327 -1.308 -1.285 
-1.258 -1.227 -1.191 -1.150 -1.103 -1.050 -0.992 -0.928 -0.862 -0.796 
-0.738 -0.694 -0.673 -0.678 -0.710 -0.766 -0.837 -0.915 -0.997 -1.087 
-1.183 -1.279 -1.372 -1.459 -1.539 -1.612 -1.679 -1.741 -1.797 -1.848 
-1.895 -1.938 -1.978 -2.013 -2.046 -2.075 -2.101 -2.125 -2.146 -2.164 
-2.169 
-2.215 -2.234 -2.251 -2.264 -2.275 -2.284 -2.289 -2.293 -2.293 -2.291 
-2.287 -2.280 -2.271 -2.260 -2.245 -2.229 -2.210 -2.188 -2.164 -2.138 
-2.109 -2.077 -2.043 -2.006 -1.967 -1.926 -1.883 -1.838 -1.791 -1.744 
-1.697 -1.650 -1.605 -1.564 -1.527 -1.496 -1.471 -1.454 -1.444 -1.440 
-1.442 -1.449 -1.458 -1.468 -1.478 -1.488 -1.495 -1.500 -1.501 -1.499 
-1.493 -1.482 -1.466 -1.444 -1.417 -1.384 -1.345 -1.299 -1.247 -1.191 
-1.132 -1.074 -1.019 -0.964 -0.905 -0.842 -0.784 -0.749 -0.755 -0.808 
-0.898 -1.008 -1.126 -1.241 -1.349 -1.449 -1.541 -1.624 -1.700 -1.769 
-1.832 -1.890 -1.942 -1.990 -2.033 -2.072 -2.108 -2.139 -2.168 -2.193 
-2.208 
-2.212 -2.212 -2.228 -2.241 -2.251 -2.258 -2.263 -2.265 -2.265 -2.262 
-2.257 -2.249 -2.239 -2.226 -2.211 -2.193 -2.173 -2.150 -2.125 -2.097 
-2.067 -2.034 -1.998 -1.961 -1.921 -1.879 -1.836 -1.791 -1.746 -1.701 
-1.656 -1.614 -1.574 -1.539 -1.509 -1.485 -1.468 -1.457 -1.452 -1.453 
-1.459 -1.467 -1.478 -1.490 -1.501 -1.511 -1.519 -1.525 -1.527 -1.526 
-1.521 -1.511 -1.497 -1.477 -1.451 -1.420 -1.381 -1.334 -1.279 -1.214 
-1.138 -1.050 -0.954 -0.860 -0.784 -0.724 -0.678 -0.661 -0.691 -0.766 
-0.874 -0.996 -1.118 -1.235 -1.343 -1.442 -1.532 -1.614 -1.689 -1.757 
-1.819 -1.876 -1.927 -1.974 -2.016 -2.055 -2.089 -2.120 -2.148 -2.172 
-2.204 
-2.359 -2.404 -2.417 -2.426 -2.433 -2.438 -2.440 -2.439 -2.436 -2.430 
-2.422 -2.411 -2.397 -2.381 -2.362 -2.340 -2.316 -2.289 -2.260 -2.227 
-2.192 -2.154 -2.114 -2.071 -2.026 -1.979 -1.931 -1.882 -1.833 -1.786 
-1.742 -1.702 -1.667 -1.639 -1.617 -1.604 -1.596 -1.594 -1.597 -1.602 
-1.608 -1.614 -1.620 -1.624 -1.625 -1.624 -1.620 -1.613 -1.603 -1.590 
-1.573 -1.552 -1.526 -1.494 -1.456 -1.409 -1.354 -1.288 -1.208 -1.114 
-1.003 -0.881 -0.762 -0.680 -0.671 -0.736 -0.837 -0.943 -1.048 -1.158 
-1.269 -1.378 -1.481 -1.576 -1.664 -1.745 -1.820 -1.889 -1.952 -2.010 
-2.064 -2.113 -2.158 -2.198 -2.236 -2.269 -2.299 -2.326 -2.350 -2.371 
-2.356 
-2.241 -2.245 -2.269 -2.290 -2.308 -2.324 -2.338 -2.350 -2.359 -2.366 
-2.370 -2.373 -2.373 -2.371 -2.367 -2.361 -2.352 -2.341 -2.328 -2.312 
-2.295 -2.275 -2.252 -2.227 -2.200 -2.171 -2.139 -2.106 -2.071 -2.034 
-1.997 -1.960 -1.922 -1.885 -1.849 -1.813 -1.776 -1.740 -1.703 -1.665 
-1.627 -1.589 -1.552 -1.517 -1.484 -1.454 -1.428 -1.406 -1.386 -1.369 
-1.354 -1.339 -1.324 -1.308 -1.291 -1.271 -1.249 -1.223 -1.193 -1.158 
-1.116 -1.068 -1.014 -0.969 -0.954 -0.970 -0.998 -1.027 -1.060 -1.100 
-1.146 -1.200 -1.259 -1.324 -1.393 -1.463 -1.534 -1.603 -1.670 -1.734 
-1.795 -1.852 -1.906 -1.956 -2.003 -2.047 -2.087 -2.124 -2.159 -2.190 
-2.230 
-2.333 -2.354 -2.385 -2.412 -2.437 -2.458 -2.478 -2.494 -2.508 -2.520 
-2.529 -2.535 -2.540 -2.541 -2.541 -2.538 -2.533 -2.525 -2.515 -2.503 
-2.488 -2.471 -2.451 -2.429 -2.404 -2.376 -2.346 -2.313 -2.277 -2.238 
-2.196 -2.152 -2.104 -2.053 -2.000 -1.944 -1.887 -1.828 -1.769 -1.710 
-1.654 -1.600 -1.551 -1.509 -1.475 -1.450 -1.435 -1.430 -1.433 -1.441 
-1.453 -1.466 -1.479 -1.490 -1.499 -1.504 -1.505 -1.502 -1.494 -1.482 
-1.465 -1.444 -1.419 -1.390 -1.359 -1.324 -1.288 -1.249 -1.208 -1.168 
-1.141 -1.150 -1.190 -1.246 -1.311 -1.384 -1.464 -1.546 -1.628 -1.707 
-1.784 -1.856 -1.924 -1.988 -2.047 -2.102 -2.153 -2.201 -2.244 -2.284 
-2.320 
-2.610 -2.671 -2.698 -2.723 -2.744 -2.763 -2.778 -2.791 -2.801 -2.809 
-2.814 -2.816 -2.816 -2.813 -2.808 -2.800 -2.790 -2.776 -2.760 -2.742 
-2.720 -2.696 -2.669 -2.639 -2.605 -2.569 -2.529 -2.486 -2.439 -2.390 
-2.336 -2.280 -2.221 -2.159 -2.097 -2.035 -1.975 -1.920 -1.872 -1.834 
-1.805 -1.785 -1.773 -1.768 -1.767 -1.770 -1.777 -1.786 -1.798 -1.812 
-1.825 -1.838 -1.848 -1.856 -1.859 -1.859 -1.853 -1.842 -1.825 -1.802 
-1.772 -1.735 -1.689 -1.635 -1.570 -1.494 -1.403 -1.296 -1.176 -1.063 
-1.001 -1.032 -1.147 -1.299 -1.452 -1.590 -1.715 -1.827 -1.928 -2.021 
-2.105 -2.182 -2.253 -2.318 -2.377 -2.432 -2.481 -2.527 -2.568 -2.606 
-2.603 
-2.546 -2.571 -2.600 -2.625 -2.649 -2.669 -2.687 -2.702 -2.714 -2.724 
-2.732 -2.737 -2.740 -2.741 -2.739 -2.735 -2.728 -2.719 -2.708 -2.695 
-2.679 -2.660 -2.639 -2.616 -2.590 -2.561 -2.530 -2.496 -2.459 -2.419 
-2.377 -2.332 -2.283 -2.233 -2.179 -2.124 -2.068 -2.011 -1.954 -1.898 
-1.844 -1.791 -1.742 -1.697 -1.658 -1.626 -1.605 -1.592 -1.586 -1.585 
-1.587 -1.591 -1.594 -1.596 -1.596 -1.593 -1.586 -1.575 -1.560 -1.540 
-1.516 -1.486 -1.453 -1.418 -1.381 -1.346 -1.315 -1.290 -1.273 -1.264 
-1.272 -1.323 -1.411 -1.507 -1.597 -1.678 -1.751 -1.820 -1.888 -1.955 
-2.023 -2.089 -2.154 -2.215 -2.273 -2.327 -2.377 -2.422 -2.465 -2.503 
-2.536 
-2.475 -2.499 -2.541 -2.579 -2.613 -2.644 -2.672 -2.696 -2.718 -2.736 
-2.752 -2.764 -2.775 -2.782 -2.787 -2.789 -2.789 -2.786 -2.780 -2.772 
-2.761 -2.748 -2.732 -2.714 -2.692 -2.668 -2.641 -2.611 -2.578 -2.541 
-2.502 -2.459 -2.412 -2.362 -2.307 -2.249 -2.186 -2.118 -2.047 -1.971 
-1.893 -1.814 -1.737 -1.668 -1.612 -1.577 -1.566 -1.577 -1.604 -1.643 
-1.685 -1.727 -1.765 -1.799 -1.827 -1.849 -1.865 -1.875 -1.878 -1.876 
-1.867 -1.853 -1.834 -1.809 -1.782 -1.752 -1.723 -1.698 -1.680 -1.669 
-1.664 -1.663 -1.662 -1.656 -1.648 -1.641 -1.641 -1.654 -1.684 -1.731 
-1.793 -1.863 -1.939 -2.015 -2.089 -2.161 -2.228 -2.291 -2.350 -2.404 
-2.456 
-2.581 -2.616 -2.646 -2.672 -2.696 -2.717 -2.736 -2.752 -2.765 -2.776 
-2.785 -2.792 -2.796 -2.798 -2.798 -2.796 -2.792 -2.786 -2.778 -2.768 
-2.756 -2.742 -2.726 -2.709 -2.689 -2.668 -2.645 -2.620 -2.593 -2.565 
-2.535 -2.504 -2.471 -2.437 -2.402 -2.365 -2.327 -2.289 -2.249 -2.208 
-2.166 -2.123 -2.081 -2.041 -2.007 -1.982 -1.968 -1.964 -1.967 -1.972 
-1.977 -1.980 -1.979 -1.974 -1.966 -1.953 -1.937 -1.915 -1.890 -1.859 
-1.824 -1.783 -1.738 -1.687 -1.633 -1.575 -1.517 -1.463 -1.421 -1.401 
-1.414 -1.454 -1.514 -1.582 -1.654 -1.724 -1.791 -1.857 -1.923 -1.990 
-2.058 -2.125 -2.191 -2.253 -2.312 -2.367 -2.418 -2.465 -2.508 -2.547 
-2.572 
-2.612 -2.648 -2.674 -2.698 -2.719 -2.737 -2.754 -2.768 -2.780 -2.790 
-2.798 -2.804 -2.809 -2.811 -2.812 -2.811 -2.808 -2.804 -2.798 -2.790 
-2.782 -2.772 -2.760 -2.748 -2.734 -2.720 -2.704 -2.688 -2.671 -2.653 
-2.635 -2.617 -2.598 -2.579 -2.560 -2.540 -2.521 -2.502 -2.482 -2.463 
-2.444 -2.425 -2.406 -2.387 -2.367 -2.348 -2.328 -2.307 -2.286 -2.263 
-2.239 -2.214 -2.186 -2.157 -2.126 -2.092 -2.056 -2.017 -1.974 -1.927 
-1.875 -1.818 -1.753 -1.680 -1.599 -1.508 -1.412 -1.318 -1.244 -1.212 
-1.234 -1.307 -1.411 -1.525 -1.637 -1.742 -1.840 -1.929 -2.011 -2.086 
-2.155 -2.219 -2.279 -2.334 -2.385 -2.432 -2.476 -2.516 -2.554 -2.588 
-2.603 
-2.536 -2.544 -2.577 -2.609 -2.638 -2.666 -2.691 -2.714 -2.736 -2.755 
-2.772 -2.788 -2.801 -2.813 -2.823 -2.830 -2.837 -2.841 -2.843 -2.844 
-2.843 -2.840 -2.836 -2.830 -2.822 -2.812 -2.801 -2.789 -2.774 -2.759 
-2.741 -2.722 -2.702 -2.679 -2.656 -2.630 -2.603 -2.574 -2.543 -2.511 
-2.477 -2.441 -2.402 -2.362 -2.320 -2.277 -2.231 -2.185 -2.138 -2.091 
-2.046 -2.002 -1.961 -1.924 -1.889 -1.858 -1.828 -1.800 -1.773 -1.747 
-1.722 -1.698 -1.674 -1.649 -1.624 -1.596 -1.565 -1.533 -1.503 -1.486 
-1.490 -1.516 -1.556 -1.608 -1.668 -1.731 -1.795 -1.857 -1.918 -1.977 
-2.034 -2.090 -2.144 -2.197 -2.247 -2.296 -2.342 -2.387 -2.429 -2.470 
-2.521 
-2.770 -2.822 -2.860 -2.895 -2.927 -2.957 -2.984 -3.008 -3.030 -3.049 
-3.066 -3.081 -3.093 -3.103 -3.111 -3.117 -3.120 -3.121 -3.120 -3.117 
-3.112 -3.104 -3.094 -3.082 -3.068 -3.051 -3.032 -3.010 -2.986 -2.960 
-2.931 -2.899 -2.865 -2.828 -2.788 -2.746 -2.702 -2.655 -2.606 -2.554 
-2.501 -2.445 -2.388 -2.329 -2.268 -2.205 -2.140 -2.075 -2.011 -1.950 
-1.895 -1.849 -1.812 -1.785 -1.768 -1.758 -1.753 -1.750 -1.747 -1.742 
-1.732 -1.718 -1.698 -1.671 -1.635 -1.589 -1.532 -1.464 -1.390 -1.330 
-1.308 -1.318 -1.352 -1.415 -1.505 -1.613 -1.728 -1.842 -1.951 -2.052 
-2.147 -2.234 -2.314 -2.389 -2.458 -2.522 -2.582 -2.637 -2.689 -2.737 
-2.757 
-2.971 -3.005 -3.035 -3.062 -3.085 -3.106 -3.124 -3.140 -3.153 -3.163 
-3.171 -3.176 -3.179 -3.179 -3.177 -3.173 -3.167 -3.158 -3.146 -3.133 
-3.116 -3.098 -3.077 -3.054 -3.028 -2.999 -2.969 -2.935 -2.900 -2.861 
-2.821 -2.778 -2.733 -2.686 -2.638 -2.588 -2.538 -2.489 -2.440 -2.393 
-2.349 -2.310 -2.274 -2.243 -2.217 -2.195 -2.176 -2.160 -2.145 -2.130 
-2.116 -2.102 -2.089 -2.078 -2.067 -2.055 -2.042 -2.025 -2.002 -1.972 
-1.934 -1.886 -1.827 -1.753 -1.663 -1.554 -1.426 -1.284 -1.151 -1.074 
-1.097 -1.217 -1.382 -1.549 -1.706 -1.850 -1.983 -2.104 -2.214 -2.313 
-2.404 -2.487 -2.562 -2.631 -2.693 -2.751 -2.804 -2.852 -2.896 -2.936 
-2.961 
-2.970 -3.010 -3.041 -3.070 -3.095 -3.118 -3.137 -3.154 -3.169 -3.181 
-3.190 -3.197 -3.202 -3.204 -3.204 -3.201 -3.196 -3.189 -3.180 -3.168 
-3.154 -3.138 -3.119 -3.098 -3.074 -3.048 -3.020 -2.989 -2.956 -2.920 
-2.882 -2.841 -2.798 -2.753 -2.706 -2.657 -2.607 -2.556 -2.505 -2.455 
-2.406 -2.360 -2.317 -2.280 -2.247 -2.221 -2.200 -2.185 -2.175 -2.168 
-2.164 -2.160 -2.157 -2.152 -2.145 -2.135 -2.120 -2.101 -2.075 -2.043 
-2.002 -1.952 -1.891 -1.818 -1.729 -1.621 -1.492 -1.341 -1.183 -1.061 
-1.036 -1.132 -1.302 -1.485 -1.653 -1.803 -1.941 -2.066 -2.181 -2.285 
-2.380 -2.467 -2.545 -2.617 -2.683 -2.743 -2.798 -2.848 -2.895 -2.937 
-2.959 
-2.805 -2.838 -2.875 -2.909 -2.939 -2.966 -2.990 -3.012 -3.031 -3.047 
-3.060 -3.071 -3.080 -3.086 -3.089 -3.090 -3.089 -3.085 -3.079 -3.070 
-3.059 -3.046 -3.030 -3.011 -2.990 -2.966 -2.940 -2.911 -2.879 -2.845 
-2.808 -2.768 -2.725 -2.680 -2.633 -2.583 -2.531 -2.478 -2.425 -2.372 
-2.321 -2.272 -2.229 -2.191 -2.160 -2.136 -2.120 -2.109 -2.103 -2.101 
-2.099 -2.098 -2.096 -2.094 -2.091 -2.088 -2.084 -2.078 -2.071 -2.061 
-2.048 -2.029 -2.004 -1.971 -1.930 -1.877 -1.811 -1.729 -1.631 -1.531 
-1.473 -1.477 -1.500 -1.528 -1.576 -1.650 -1.744 -1.848 -1.953 -2.055 
-2.151 -2.241 -2.324 -2.401 -2.472 -2.538 -2.599 -2.655 -2.707 -2.754 
-2.791 
-2.714 -2.732 -2.771 -2.808 -2.843 -2.875 -2.904 -2.930 -2.954 -2.976 
-2.996 -3.013 -3.028 -3.040 -3.050 -3.059 -3.064 -3.068 -3.070 -3.069 
-3.066 -3.061 -3.053 -3.044 -3.032 -3.018 -3.001 -2.982 -2.961 -2.937 
-2.911 -2.882 -2.850 -2.816 -2.779 -2.740 -2.698 -2.653 -2.606 -2.557 
-2.506 -2.453 -2.400 -2.346 -2.292 -2.239 -2.186 -2.134 -2.083 -2.034 
-1.986 -1.942 -1.903 -1.868 -1.841 -1.820 -1.807 -1.800 -1.797 -1.799 
-1.802 -1.805 -1.808 -1.809 -1.807 -1.803 -1.795 -1.783 -1.768 -1.749 
-1.726 -1.700 -1.677 -1.666 -1.683 -1.733 -1.805 -1.882 -1.960 -2.035 
-2.107 -2.178 -2.245 -2.311 -2.373 -2.433 -2.490 -2.544 -2.595 -2.644 
-2.697 
-2.783 -2.862 -2.909 -2.953 -2.993 -3.030 -3.063 -3.093 -3.120 -3.144 
-3.165 -3.183 -3.198 -3.211 -3.222 -3.230 -3.235 -3.238 -3.238 -3.236 
-3.232 -3.225 -3.216 -3.204 -3.189 -3.173 -3.153 -3.131 -3.106 -3.078 
-3.048 -3.015 -2.978 -2.939 -2.896 -2.850 -2.801 -2.748 -2.692 -2.634 
-2.572 -2.508 -2.443 -2.377 -2.313 -2.252 -2.196 -2.148 -2.108 -2.078 
-2.057 -2.045 -2.040 -2.040 -2.045 -2.052 -2.060 -2.068 -2.075 -2.080 
-2.082 -2.079 -2.071 -2.057 -2.036 -2.007 -1.969 -1.920 -1.860 -1.786 
-1.700 -1.605 -1.515 -1.453 -1.448 -1.510 -1.621 -1.752 -1.879 -1.993 
-2.092 -2.179 -2.260 -2.337 -2.413 -2.488 -2.560 -2.629 -2.693 -2.754 
-2.771 
-2.582 -2.618 -2.679 -2.736 -2.790 -2.840 -2.886 -2.929 -2.969 -3.005 
-3.038 -3.068 -3.096 -3.120 -3.142 -3.160 -3.176 -3.190 -3.200 -3.208 
-3.214 -3.217 -3.217 -3.215 -3.210 -3.202 -3.192 -3.179 -3.163 -3.145 
-3.124 -3.100 -3.073 -3.042 -3.009 -2.972 -2.932 -2.889 -2.842 -2.791 
-2.737 -2.679 -2.618 -2.554 -2.488 -2.421 -2.354 -2.289 -2.229 -2.174 
-2.130 -2.096 -2.075 -2.067 -2.067 -2.073 -2.078 -2.082 -2.085 -2.091 
-2.107 -2.131 -2.160 -2.188 -2.210 -2.224 -2.229 -2.223 -2.206 -2.177 
-2.135 -2.080 -2.020 -1.968 -1.948 -1.962 -1.989 -2.005 -2.006 -2.000 
-1.997 -2.005 -2.029 -2.070 -2.126 -2.193 -2.265 -2.340 -2.414 -2.485 
-2.555 
-2.569 -2.603 -2.647 -2.690 -2.734 -2.777 -2.820 -2.860 -2.900 -2.937 
-2.973 -3.007 -3.038 -3.068 -3.095 -3.119 -3.142 -3.162 -3.180 -3.195 
-3.208 -3.219 -3.228 -3.234 -3.238 -3.240 -3.240 -3.237 -3.231 -3.223 
-3.213 -3.200 -3.185 -3.167 -3.147 -3.123 -3.097 -3.067 -3.035 -2.999 
-2.960 -2.918 -2.872 -2.822 -2.768 -2.711 -2.650 -2.586 -2.519 -2.451 
-2.381 -2.310 -2.238 -2.164 -2.087 -2.006 -1.924 -1.847 -1.786 -1.751 
-1.748 -1.776 -1.827 -1.888 -1.953 -2.014 -2.069 -2.118 -2.160 -2.195 
-2.223 -2.246 -2.263 -2.275 -2.282 -2.286 -2.286 -2.284 -2.280 -2.277 
-2.277 -2.283 -2.295 -2.315 -2.342 -2.372 -2.406 -2.442 -2.479 -2.519 
-2.557 
-2.664 -2.702 -2.744 -2.785 -2.825 -2.863 -2.899 -2.934 -2.966 -2.996 
-3.024 -3.050 -3.074 -3.095 -3.115 -3.132 -3.147 -3.160 -3.170 -3.179 
-3.185 -3.190 -3.192 -3.192 -3.190 -3.186 -3.179 -3.170 -3.159 -3.146 
-3.131 -3.113 -3.093 -3.070 -3.045 -3.017 -2.987 -2.954 -2.918 -2.879 
-2.838 -2.793 -2.746 -2.695 -2.641 -2.584 -2.524 -2.461 -2.397 -2.330 
-2.263 -2.196 -2.132 -2.072 -2.018 -1.973 -1.936 -1.910 -1.894 -1.892 
-1.902 -1.925 -1.954 -1.986 -2.018 -2.046 -2.071 -2.093 -2.112 -2.127 
-2.139 -2.149 -2.158 -2.165 -2.173 -2.182 -2.192 -2.205 -2.221 -2.241 
-2.265 -2.293 -2.326 -2.361 -2.400 -2.441 -2.483 -2.526 -2.570 -2.614 
-2.649 
-2.770 -2.807 -2.854 -2.898 -2.941 -2.980 -3.018 -3.052 -3.085 -3.114 
-3.142 -3.167 -3.189 -3.209 -3.227 -3.243 -3.256 -3.267 -3.276 -3.283 
-3.288 -3.290 -3.291 -3.289 -3.285 -3.279 -3.270 -3.259 -3.247 -3.232 
-3.214 -3.194 -3.172 -3.148 -3.121 -3.092 -3.060 -3.025 -2.988 -2.949 
-2.906 -2.861 -2.814 -2.764 -2.712 -2.657 -2.601 -2.544 -2.487 -2.430 
-2.375 -2.324 -2.276 -2.235 -2.201 -2.175 -2.158 -2.149 -2.147 -2.151 
-2.158 -2.168 -2.178 -2.186 -2.193 -2.197 -2.198 -2.195 -2.187 -2.176 
-2.160 -2.141 -2.121 -2.102 -2.091 -2.092 -2.107 -2.133 -2.165 -2.202 
-2.242 -2.285 -2.332 -2.382 -2.434 -2.489 -2.544 -2.599 -2.653 -2.706 
-2.753 
-2.949 -3.000 -3.049 -3.094 -3.136 -3.175 -3.211 -3.244 -3.274 -3.301 
-3.326 -3.348 -3.368 -3.385 -3.400 -3.412 -3.422 -3.430 -3.435 -3.439 
-3.440 -3.439 -3.435 -3.430 -3.422 -3.412 -3.400 -3.386 -3.369 -3.350 
-3.329 -3.306 -3.280 -3.251 -3.220 -3.187 -3.151 -3.112 -3.071 -3.028 
-2.981 -2.932 -2.881 -2.828 -2.772 -2.715 -2.657 -2.598 -2.540 -2.484 
-2.430 -2.381 -2.337 -2.299 -2.269 -2.245 -2.227 -2.214 -2.205 -2.198 
-2.191 -2.183 -2.172 -2.157 -2.138 -2.114 -2.083 -2.045 -2.000 -1.949 
-1.891 -1.832 -1.776 -1.735 -1.719 -1.737 -1.789 -1.868 -1.965 -2.069 
-2.174 -2.275 -2.370 -2.460 -2.544 -2.623 -2.697 -2.766 -2.831 -2.891 
-2.932 
-3.063 -3.110 -3.155 -3.198 -3.236 -3.272 -3.305 -3.335 -3.362 -3.386 
-3.408 -3.427 -3.444 -3.459 -3.471 -3.481 -3.489 -3.494 -3.497 -3.499 
-3.498 -3.495 -3.490 -3.482 -3.473 -3.461 -3.448 -3.432 -3.414 -3.394 
-3.372 -3.347 -3.321 -3.292 -3.261 -3.227 -3.192 -3.154 -3.115 -3.073 
-3.030 -2.985 -2.939 -2.893 -2.846 -2.800 -2.754 -2.711 -2.669 -2.629 
-2.592 -2.558 -2.527 -2.498 -2.472 -2.448 -2.426 -2.405 -2.385 -2.363 
-2.341 -2.315 -2.287 -2.254 -2.216 -2.173 -2.123 -2.065 -2.000 -1.929 
-1.853 -1.780 -1.719 -1.685 -1.692 -1.742 -1.827 -1.935 -2.052 -2.169 
-2.282 -2.389 -2.488 -2.581 -2.666 -2.745 -2.818 -2.886 -2.948 -3.006 
-3.047 
-3.051 -3.094 -3.137 -3.176 -3.212 -3.245 -3.275 -3.301 -3.325 -3.347 
-3.365 -3.381 -3.395 -3.406 -3.414 -3.421 -3.425 -3.426 -3.425 -3.422 
-3.417 -3.409 -3.399 -3.386 -3.372 -3.354 -3.335 -3.313 -3.288 -3.261 
-3.232 -3.200 -3.165 -3.128 -3.088 -3.046 -3.001 -2.954 -2.905 -2.854 
-2.802 -2.749 -2.697 -2.646 -2.598 -2.553 -2.513 -2.480 -2.454 -2.435 
-2.423 -2.416 -2.415 -2.417 -2.421 -2.425 -2.428 -2.430 -2.430 -2.427 
-2.420 -2.409 -2.393 -2.373 -2.348 -2.318 -2.282 -2.241 -2.194 -2.144 
-2.091 -2.039 -1.994 -1.964 -1.957 -1.975 -2.014 -2.073 -2.148 -2.234 
-2.327 -2.420 -2.510 -2.595 -2.675 -2.749 -2.818 -2.882 -2.942 -2.996 
-3.036 
-2.983 -3.021 -3.070 -3.115 -3.156 -3.194 -3.228 -3.259 -3.287 -3.313 
-3.335 -3.355 -3.372 -3.386 -3.398 -3.408 -3.415 -3.420 -3.422 -3.422 
-3.420 -3.415 -3.408 -3.399 -3.387 -3.373 -3.356 -3.337 -3.315 -3.291 
-3.264 -3.235 -3.203 -3.168 -3.130 -3.090 -3.047 -3.002 -2.954 -2.905 
-2.853 -2.801 -2.748 -2.696 -2.646 -2.599 -2.558 -2.522 -2.494 -2.474 
-2.461 -2.455 -2.455 -2.458 -2.463 -2.469 -2.474 -2.477 -2.477 -2.474 
-2.467 -2.456 -2.442 -2.424 -2.402 -2.377 -2.348 -2.315 -2.278 -2.236 
-2.190 -2.138 -2.082 -2.023 -1.965 -1.918 -1.893 -1.902 -1.949 -2.029 
-2.127 -2.234 -2.340 -2.441 -2.536 -2.624 -2.705 -2.779 -2.847 -2.910 
-2.962 
-2.994 -3.022 -3.064 -3.103 -3.139 -3.174 -3.206 -3.235 -3.263 -3.288 
-3.312 -3.333 -3.353 -3.370 -3.386 -3.399 -3.411 -3.420 -3.428 -3.434 
-3.438 -3.440 -3.441 -3.439 -3.436 -3.431 -3.423 -3.414 -3.403 -3.390 
-3.375 -3.358 -3.339 -3.317 -3.294 -3.269 -3.241 -3.211 -3.179 -3.145 
-3.109 -3.071 -3.031 -2.990 -2.948 -2.906 -2.864 -2.824 -2.785 -2.747 
-2.711 -2.676 -2.642 -2.608 -2.573 -2.538 -2.502 -2.465 -2.428 -2.390 
-2.352 -2.315 -2.279 -2.244 -2.211 -2.181 -2.154 -2.131 -2.112 -2.096 
-2.084 -2.076 -2.070 -2.069 -2.075 -2.092 -2.121 -2.165 -2.225 -2.295 
-2.371 -2.446 -2.519 -2.588 -2.654 -2.716 -2.775 -2.830 -2.882 -2.932 
-2.979 
-3.110 -3.171 -3.217 -3.260 -3.300 -3.336 -3.370 -3.402 -3.430 -3.456 
-3.479 -3.500 -3.519 -3.535 -3.549 -3.561 -3.571 -3.578 -3.583 -3.586 
-3.587 -3.586 -3.583 -3.577 -3.570 -3.560 -3.548 -3.534 -3.518 -3.500 
-3.479 -3.456 -3.431 -3.404 -3.374 -3.342 -3.308 -3.271 -3.232 -3.191 
-3.147 -3.102 -3.054 -3.006 -2.956 -2.905 -2.854 -2.804 -2.755 -2.708 
-2.664 -2.624 -2.587 -2.555 -2.527 -2.503 -2.482 -2.464 -2.447 -2.431 
-2.415 -2.397 -2.376 -2.353 -2.327 -2.297 -2.263 -2.224 -2.180 -2.131 
-2.079 -2.025 -1.977 -1.944 -1.936 -1.962 -2.021 -2.103 -2.198 -2.297 
-2.395 -2.488 -2.577 -2.661 -2.740 -2.815 -2.884 -2.950 -3.011 -3.068 
-3.096 
-3.024 -3.063 -3.113 -3.159 -3.203 -3.244 -3.282 -3.317 -3.350 -3.381 
-3.409 -3.434 -3.458 -3.478 -3.497 -3.513 -3.527 -3.539 -3.549 -3.556 
-3.562 -3.565 -3.566 -3.565 -3.562 -3.556 -3.549 -3.539 -3.527 -3.513 
-3.497 -3.478 -3.457 -3.434 -3.408 -3.380 -3.349 -3.316 -3.280 -3.242 
-3.201 -3.157 -3.111 -3.063 -3.012 -2.959 -2.904 -2.848 -2.792 -2.735 
-2.679 -2.625 -2.574 -2.527 -2.485 -2.450 -2.421 -2.398 -2.380 -2.368 
-2.359 -2.353 -2.349 -2.347 -2.346 -2.345 -2.342 -2.337 -2.328 -2.315 
-2.298 -2.278 -2.256 -2.238 -2.230 -2.235 -2.253 -2.282 -2.318 -2.360 
-2.409 -2.463 -2.522 -2.584 -2.648 -2.713 -2.776 -2.838 -2.898 -2.956 
-3.005 
-2.938 -2.975 -3.016 -3.056 -3.095 -3.132 -3.167 -3.200 -3.232 -3.262 
-3.289 -3.315 -3.339 -3.361 -3.382 -3.400 -3.416 -3.431 -3.444 -3.454 
-3.463 -3.470 -3.476 -3.479 -3.480 -3.480 -3.477 -3.473 -3.466 -3.458 
-3.447 -3.435 -3.420 -3.404 -3.385 -3.364 -3.341 -3.315 -3.287 -3.257 
-3.224 -3.188 -3.150 -3.109 -3.065 -3.018 -2.968 -2.916 -2.860 -2.801 
-2.739 -2.675 -2.609 -2.541 -2.473 -2.406 -2.344 -2.289 -2.243 -2.207 
-2.179 -2.160 -2.148 -2.145 -2.149 -2.160 -2.176 -2.196 -2.218 -2.241 
-2.265 -2.288 -2.310 -2.331 -2.352 -2.373 -2.394 -2.417 -2.443 -2.471 
-2.503 -2.538 -2.576 -2.617 -2.660 -2.705 -2.751 -2.797 -2.842 -2.887 
-2.925 
-2.933 -2.962 -3.013 -3.062 -3.109 -3.153 -3.195 -3.234 -3.270 -3.304 
-3.335 -3.364 -3.390 -3.413 -3.435 -3.454 -3.471 -3.485 -3.497 -3.507 
-3.515 -3.521 -3.525 -3.526 -3.526 -3.523 -3.518 -3.512 -3.503 -3.492 
-3.479 -3.464 -3.446 -3.427 -3.405 -3.381 -3.354 -3.325 -3.294 -3.259 
-3.222 -3.182 -3.138 -3.091 -3.040 -2.985 -2.926 -2.862 -2.794 -2.720 
-2.641 -2.557 -2.468 -2.378 -2.289 -2.206 -2.136 -2.086 -2.060 -2.056 
-2.071 -2.096 -2.125 -2.154 -2.180 -2.203 -2.224 -2.245 -2.267 -2.289 
-2.313 -2.336 -2.356 -2.373 -2.386 -2.397 -2.405 -2.414 -2.423 -2.436 
-2.454 -2.477 -2.507 -2.544 -2.587 -2.636 -2.688 -2.742 -2.798 -2.853 
-2.912 
-3.143 -3.198 -3.234 -3.268 -3.299 -3.327 -3.352 -3.375 -3.396 -3.414 
-3.430 -3.444 -3.456 -3.466 -3.475 -3.481 -3.486 -3.488 -3.490 -3.489 
-3.487 -3.484 -3.478 -3.472 -3.464 -3.455 -3.444 -3.432 -3.418 -3.404 
-3.388 -3.370 -3.352 -3.333 -3.312 -3.290 -3.267 -3.243 -3.217 -3.191 
-3.163 -3.134 -3.103 -3.071 -3.037 -3.001 -2.963 -2.922 -2.878 -2.831 
-2.781 -2.725 -2.666 -2.602 -2.535 -2.469 -2.408 -2.359 -2.322 -2.296 
-2.274 -2.250 -2.222 -2.189 -2.155 -2.124 -2.101 -2.093 -2.101 -2.128 
-2.169 -2.220 -2.277 -2.334 -2.387 -2.435 -2.477 -2.514 -2.552 -2.592 
-2.639 -2.691 -2.747 -2.805 -2.861 -2.917 -2.971 -3.022 -3.070 -3.115 
-3.135 
-3.153 -3.236 -3.306 -3.370 -3.427 -3.479 -3.526 -3.569 -3.607 -3.642 
-3.674 -3.702 -3.727 -3.749 -3.769 -3.786 -3.800 -3.812 -3.821 -3.828 
-3.833 -3.836 -3.837 -3.835 -3.832 -3.826 -3.818 -3.809 -3.797 -3.783 
-3.768 -3.750 -3.730 -3.708 -3.684 -3.658 -3.629 -3.598 -3.564 -3.527 
-3.487 -3.445 -3.398 -3.348 -3.294 -3.234 -3.170 -3.100 -3.023 -2.939 
-2.848 -2.748 -2.641 -2.527 -2.409 -2.291 -2.188 -2.140 -2.158 -2.200 
-2.247 -2.294 -2.334 -2.366 -2.388 -2.403 -2.412 -2.419 -2.427 -2.435 
-2.442 -2.444 -2.439 -2.425 -2.404 -2.378 -2.352 -2.333 -2.329 -2.345 
-2.384 -2.439 -2.502 -2.561 -2.619 -2.687 -2.775 -2.876 -2.978 -3.073 
-3.132 
-2.922 -3.001 -3.098 -3.187 -3.268 -3.343 -3.412 -3.476 -3.535 -3.589 
-3.640 -3.686 -3.728 -3.767 -3.803 -3.835 -3.864 -3.890 -3.913 -3.933 
-3.950 -3.964 -3.976 -3.985 -3.992 -3.995 -3.997 -3.995 -3.991 -3.985 
-3.975 -3.963 -3.948 -3.931 -3.910 -3.886 -3.859 -3.829 -3.796 -3.758 
-3.717 -3.671 -3.621 -3.567 -3.506 -3.440 -3.367 -3.286 -3.196 -3.096 
-2.983 -2.855 -2.709 -2.539 -2.345 -2.141 -1.978 -1.931 -2.010 -2.141 
-2.260 -2.353 -2.433 -2.510 -2.584 -2.650 -2.706 -2.751 -2.786 -2.811 
-2.826 -2.831 -2.827 -2.814 -2.793 -2.765 -2.732 -2.695 -2.657 -2.617 
-2.571 -2.513 -2.444 -2.376 -2.334 -2.344 -2.413 -2.524 -2.651 -2.777 
-2.877 
-2.788 -2.818 -2.874 -2.932 -2.991 -3.050 -3.108 -3.165 -3.219 -3.272 
-3.322 -3.369 -3.413 -3.454 -3.493 -3.528 -3.561 -3.592 -3.619 -3.644 
-3.666 -3.686 -3.703 -3.717 -3.729 -3.739 -3.746 -3.751 -3.753 -3.753 
-3.751 -3.746 -3.738 -3.728 -3.715 -3.700 -3.682 -3.661 -3.637 -3.610 
-3.580 -3.547 -3.510 -3.470 -3.425 -3.376 -3.322 -3.263 -3.198 -3.126 
-3.046 -2.957 -2.857 -2.743 -2.610 -2.458 -2.306 -2.214 -2.179 -2.137 
-2.091 -2.069 -2.084 -2.134 -2.205 -2.285 -2.363 -2.435 -2.499 -2.554 
-2.600 -2.638 -2.668 -2.690 -2.706 -2.715 -2.718 -2.715 -2.706 -2.690 
-2.669 -2.641 -2.608 -2.573 -2.549 -2.549 -2.576 -2.619 -2.666 -2.714 
-2.765 
