IRGRID 64 91
1e+308

0.025 0.03 0.035 0.04 0.045 0.05 0.055 0.06 0.065 0.07
0.075 0.08 0.085 0.09 0.095 0.1 0.11 0.12 0.13 0.14
0.15 0.16 0.17 0.18 0.19 0.2 0.21 0.22 0.23 0.24
0.25 0.26 0.27 0.28 0.29 0.3 0.31 0.32 0.33 0.34
0.35 0.36 0.37 0.38 0.39 0.4 0.41 0.42 0.43 0.44
0.45 0.46 0.47 0.48 0.49 0.5 0.51 0.52 0.53 0.54
0.55 0.56 0.57 0.58
0 4 8 12 16 20 24 28 32 36
40 44 48 52 56 60 64 68 72 76
80 84 88 92 96 100 104 108 112 116
120 124 128 132 136 140 144 148 152 156
160 164 168 172 176 180 184 188 192 196
200 204 208 212 216 220 224 228 232 236
240 244 248 252 256 260 264 268 272 276
280 284 288 292 296 300 304 308 312 316
320 324 328 332 336 340 344 348 352 356
360
-4.000 -4.000 -4.000 -4.000 -4.000 -4.000 -4.000 -4.000 -4.000 -4.000 
-4.000 -4.000 -4.000 -4.000 -4.000 -4.000 -4.000 -4.000 -4.000 -4.000 
-4.000 -4.000 -4.000 -4.000 -4.000 -4.000 -4.000 -4.000 -4.000 -4.000 
-4.000 -4.000 -4.000 -4.000 -4.000 -4.000 -4.000 -4.000 -4.000 -4.000 
-3.993 -3.905 -3.834 -3.789 -3.774 -3.784 -3.803 -3.817 -3.812 -3.781 
-3.726 -3.660 -3.605 -3.586 -3.614 -3.678 -3.757 -3.838 -3.911 -3.974 
-4.000 -4.000 -4.000 -4.000 -4.000 -4.000 -4.000 -4.000 -4.000 -4.000 
-4.000 -3.993 -3.950 -3.909 -3.876 -3.857 -3.857 -3.876 -3.909 -3.949 
-3.991 -4.000 -4.000 -4.000 -4.000 -4.000 -4.000 -4.000 -4.000 -4.000 
-4.000 
-3.635 -3.705 -3.745 -3.783 -3.820 -3.855 -3.888 -3.919 -3.949 -3.977 
-4.000 -4.000 -4.000 -4.000 -4.000 -4.000 -4.000 -4.000 -4.000 -4.000 
-4.000 -4.000 -4.000 -4.000 -4.000 -4.000 -4.000 -4.000 -4.000 -4.000 
-4.000 -4.000 -4.000 -4.000 -4.000 -4.000 -4.000 -4.000 -3.963 -3.921 
-3.875 -3.825 -3.772 -3.717 -3.660 -3.599 -3.529 -3.449 -3.357 -3.256 
-3.151 -3.054 -2.982 -2.951 -2.965 -3.011 -3.071 -3.128 -3.176 -3.213 
-3.239 -3.257 -3.271 -3.283 -3.294 -3.306 -3.320 -3.334 -3.349 -3.364 
-3.378 -3.391 -3.403 -3.412 -3.419 -3.424 -3.428 -3.431 -3.433 -3.435 
-3.436 -3.438 -3.443 -3.453 -3.468 -3.489 -3.517 -3.550 -3.586 -3.625 
-3.622 
-3.222 -3.213 -3.236 -3.258 -3.279 -3.300 -3.321 -3.341 -3.360 -3.379 
-3.397 -3.413 -3.429 -3.443 -3.456 -3.468 -3.478 -3.486 -3.492 -3.497 
-3.499 -3.499 -3.496 -3.490 -3.481 -3.469 -3.452 -3.431 -3.405 -3.373 
-3.335 -3.290 -3.238 -3.180 -3.119 -3.059 -3.008 -2.971 -2.957 -2.963 
-2.985 -3.013 -3.041 -3.063 -3.079 -3.085 -3.084 -3.074 -3.057 -3.033 
-3.001 -2.966 -2.929 -2.896 -2.868 -2.842 -2.814 -2.785 -2.754 -2.723 
-2.694 -2.667 -2.643 -2.622 -2.602 -2.580 -2.555 -2.521 -2.479 -2.437 
-2.421 -2.452 -2.522 -2.604 -2.679 -2.744 -2.797 -2.843 -2.882 -2.916 
-2.947 -2.975 -3.001 -3.026 -3.050 -3.074 -3.098 -3.121 -3.144 -3.168 
-3.213 
-3.295 -3.330 -3.349 -3.365 -3.379 -3.390 -3.398 -3.404 -3.408 -3.409 
-3.408 -3.404 -3.398 -3.389 -3.378 -3.363 -3.346 -3.326 -3.304 -3.278 
-3.249 -3.218 -3.183 -3.145 -3.103 -3.058 -3.010 -2.957 -2.900 -2.838 
-2.771 -2.699 -2.622 -2.543 -2.465 -2.392 -2.332 -2.293 -2.281 -2.294 
-2.328 -2.375 -2.427 -2.479 -2.527 -2.570 -2.607 -2.637 -2.661 -2.679 
-2.692 -2.701 -2.704 -2.704 -2.699 -2.692 -2.680 -2.665 -2.646 -2.623 
-2.594 -2.559 -2.516 -2.462 -2.397 -2.318 -2.225 -2.119 -2.010 -1.921 
-1.883 -1.916 -2.013 -2.145 -2.285 -2.417 -2.537 -2.643 -2.737 -2.820 
-2.893 -2.958 -3.016 -3.068 -3.115 -3.156 -3.194 -3.228 -3.258 -3.285 
-3.287 
-3.066 -3.115 -3.127 -3.137 -3.144 -3.149 -3.151 -3.151 -3.148 -3.143 
-3.135 -3.126 -3.114 -3.099 -3.083 -3.065 -3.044 -3.022 -2.997 -2.972 
-2.944 -2.915 -2.885 -2.854 -2.822 -2.790 -2.757 -2.724 -2.692 -2.660 
-2.629 -2.599 -2.569 -2.539 -2.511 -2.484 -2.460 -2.442 -2.431 -2.428 
-2.429 -2.433 -2.437 -2.440 -2.441 -2.440 -2.439 -2.436 -2.432 -2.428 
-2.423 -2.419 -2.415 -2.412 -2.411 -2.412 -2.415 -2.421 -2.429 -2.440 
-2.453 -2.467 -2.481 -2.494 -2.502 -2.504 -2.496 -2.475 -2.442 -2.405 
-2.389 -2.416 -2.477 -2.546 -2.607 -2.658 -2.699 -2.736 -2.769 -2.802 
-2.834 -2.865 -2.897 -2.928 -2.959 -2.987 -3.014 -3.039 -3.062 -3.082 
-3.065 
-2.711 -2.717 -2.747 -2.774 -2.800 -2.822 -2.843 -2.861 -2.877 -2.890 
-2.901 -2.910 -2.916 -2.920 -2.922 -2.922 -2.919 -2.914 -2.906 -2.897 
-2.886 -2.872 -2.856 -2.839 -2.820 -2.799 -2.776 -2.753 -2.728 -2.703 
-2.677 -2.651 -2.625 -2.599 -2.574 -2.550 -2.527 -2.505 -2.484 -2.465 
-2.446 -2.430 -2.414 -2.400 -2.387 -2.375 -2.365 -2.356 -2.348 -2.341 
-2.335 -2.329 -2.324 -2.318 -2.312 -2.306 -2.298 -2.289 -2.278 -2.265 
-2.251 -2.235 -2.218 -2.201 -2.186 -2.174 -2.166 -2.164 -2.167 -2.172 
-2.179 -2.186 -2.192 -2.198 -2.205 -2.213 -2.225 -2.240 -2.260 -2.284 
-2.313 -2.346 -2.382 -2.420 -2.459 -2.499 -2.538 -2.577 -2.615 -2.651 
-2.697 
-2.626 -2.665 -2.682 -2.698 -2.711 -2.722 -2.730 -2.737 -2.742 -2.744 
-2.744 -2.742 -2.739 -2.733 -2.725 -2.714 -2.702 -2.688 -2.672 -2.653 
-2.633 -2.611 -2.587 -2.561 -2.534 -2.505 -2.475 -2.444 -2.412 -2.379 
-2.347 -2.315 -2.284 -2.255 -2.227 -2.202 -2.178 -2.158 -2.139 -2.123 
-2.108 -2.094 -2.081 -2.068 -2.053 -2.038 -2.021 -2.002 -1.982 -1.960 
-1.937 -1.914 -1.892 -1.870 -1.851 -1.833 -1.817 -1.802 -1.788 -1.773 
-1.756 -1.738 -1.720 -1.703 -1.691 -1.686 -1.691 -1.708 -1.737 -1.777 
-1.825 -1.879 -1.935 -1.991 -2.046 -2.099 -2.149 -2.198 -2.244 -2.288 
-2.330 -2.370 -2.409 -2.446 -2.481 -2.514 -2.544 -2.573 -2.599 -2.623 
-2.621 
-2.428 -2.428 -2.445 -2.461 -2.475 -2.488 -2.499 -2.509 -2.516 -2.523 
-2.527 -2.530 -2.532 -2.532 -2.530 -2.526 -2.521 -2.513 -2.505 -2.494 
-2.481 -2.467 -2.451 -2.432 -2.412 -2.390 -2.366 -2.340 -2.312 -2.282 
-2.250 -2.216 -2.180 -2.142 -2.102 -2.061 -2.018 -1.974 -1.929 -1.884 
-1.839 -1.795 -1.752 -1.711 -1.671 -1.631 -1.592 -1.554 -1.515 -1.477 
-1.440 -1.406 -1.374 -1.347 -1.324 -1.306 -1.292 -1.278 -1.262 -1.238 
-1.198 -1.132 -1.037 -0.939 -0.921 -1.032 -1.194 -1.341 -1.461 -1.558 
-1.639 -1.709 -1.772 -1.828 -1.881 -1.929 -1.975 -2.018 -2.059 -2.097 
-2.134 -2.169 -2.202 -2.233 -2.263 -2.292 -2.318 -2.343 -2.367 -2.389 
-2.421 
-2.313 -2.363 -2.381 -2.396 -2.409 -2.420 -2.429 -2.435 -2.439 -2.441 
-2.441 -2.438 -2.433 -2.426 -2.417 -2.405 -2.392 -2.375 -2.357 -2.336 
-2.312 -2.286 -2.257 -2.226 -2.192 -2.155 -2.115 -2.072 -2.027 -1.978 
-1.926 -1.871 -1.814 -1.753 -1.690 -1.626 -1.560 -1.495 -1.431 -1.371 
-1.317 -1.270 -1.232 -1.203 -1.184 -1.172 -1.166 -1.162 -1.159 -1.155 
-1.148 -1.138 -1.123 -1.102 -1.074 -1.039 -0.993 -0.936 -0.863 -0.772 
-0.658 -0.520 -0.370 -0.249 -0.220 -0.308 -0.462 -0.628 -0.789 -0.943 
-1.087 -1.219 -1.339 -1.447 -1.546 -1.635 -1.716 -1.790 -1.857 -1.919 
-1.977 -2.029 -2.077 -2.122 -2.162 -2.200 -2.234 -2.265 -2.294 -2.319 
-2.308 
-1.961 -1.976 -1.994 -2.008 -2.020 -2.030 -2.037 -2.042 -2.045 -2.045 
-2.043 -2.039 -2.033 -2.025 -2.014 -2.002 -1.987 -1.971 -1.952 -1.931 
-1.908 -1.883 -1.856 -1.826 -1.794 -1.760 -1.723 -1.683 -1.640 -1.594 
-1.544 -1.491 -1.435 -1.375 -1.312 -1.246 -1.178 -1.110 -1.044 -0.982 
-0.927 -0.882 -0.849 -0.829 -0.821 -0.823 -0.831 -0.844 -0.856 -0.867 
-0.875 -0.878 -0.874 -0.863 -0.844 -0.816 -0.777 -0.725 -0.658 -0.572 
-0.464 -0.337 -0.223 -0.176 -0.183 -0.206 -0.240 -0.300 -0.396 -0.517 
-0.649 -0.779 -0.902 -1.016 -1.120 -1.215 -1.302 -1.381 -1.453 -1.519 
-1.580 -1.635 -1.686 -1.732 -1.775 -1.813 -1.848 -1.880 -1.908 -1.934 
-1.953 
-1.619 -1.658 -1.671 -1.682 -1.691 -1.699 -1.705 -1.710 -1.713 -1.715 
-1.715 -1.713 -1.710 -1.706 -1.700 -1.692 -1.683 -1.673 -1.662 -1.650 
-1.637 -1.623 -1.608 -1.593 -1.577 -1.561 -1.545 -1.529 -1.512 -1.495 
-1.477 -1.459 -1.440 -1.420 -1.399 -1.376 -1.351 -1.324 -1.296 -1.267 
-1.238 -1.212 -1.187 -1.167 -1.149 -1.132 -1.115 -1.095 -1.071 -1.043 
-1.008 -0.966 -0.916 -0.857 -0.788 -0.707 -0.612 -0.500 -0.368 -0.211 
-0.033 0.146 0.269 0.279 0.176 0.011 -0.160 -0.316 -0.458 -0.588 
-0.705 -0.811 -0.905 -0.990 -1.065 -1.133 -1.194 -1.250 -1.300 -1.345 
-1.387 -1.425 -1.459 -1.490 -1.519 -1.545 -1.569 -1.591 -1.610 -1.628 
-1.616 
-1.333 -1.321 -1.342 -1.363 -1.383 -1.403 -1.423 -1.442 -1.461 -1.479 
-1.496 -1.513 -1.529 -1.544 -1.558 -1.571 -1.583 -1.594 -1.604 -1.612 
-1.620 -1.626 -1.631 -1.634 -1.636 -1.637 -1.636 -1.635 -1.632 -1.627 
-1.621 -1.614 -1.606 -1.596 -1.585 -1.572 -1.558 -1.541 -1.523 -1.503 
-1.480 -1.456 -1.428 -1.398 -1.365 -1.329 -1.289 -1.245 -1.198 -1.146 
-1.088 -1.026 -0.957 -0.880 -0.796 -0.701 -0.596 -0.476 -0.339 -0.182 
-0.001 0.201 0.409 0.555 0.495 0.340 0.163 -0.009 -0.161 -0.293 
-0.406 -0.505 -0.591 -0.667 -0.735 -0.795 -0.850 -0.899 -0.944 -0.986 
-1.024 -1.059 -1.092 -1.122 -1.151 -1.179 -1.205 -1.229 -1.253 -1.277 
-1.323 
-1.575 -1.615 -1.647 -1.678 -1.707 -1.736 -1.763 -1.788 -1.813 -1.836 
-1.858 -1.879 -1.898 -1.916 -1.933 -1.948 -1.961 -1.973 -1.984 -1.992 
-2.000 -2.005 -2.009 -2.011 -2.011 -2.009 -2.006 -2.000 -1.993 -1.983 
-1.971 -1.957 -1.941 -1.923 -1.902 -1.879 -1.853 -1.825 -1.794 -1.761 
-1.725 -1.687 -1.645 -1.601 -1.555 -1.506 -1.454 -1.400 -1.342 -1.282 
-1.217 -1.148 -1.073 -0.991 -0.900 -0.799 -0.685 -0.553 -0.400 -0.215 
0.014 0.303 0.617 0.799 0.678 0.402 0.129 -0.085 -0.256 -0.396 
-0.514 -0.615 -0.703 -0.782 -0.853 -0.918 -0.977 -1.033 -1.086 -1.136 
-1.184 -1.230 -1.274 -1.317 -1.359 -1.399 -1.438 -1.476 -1.512 -1.548 
-1.563 
-1.905 -1.977 -1.997 -2.016 -2.032 -2.046 -2.059 -2.070 -2.080 -2.088 
-2.096 -2.102 -2.107 -2.111 -2.114 -2.116 -2.117 -2.117 -2.115 -2.112 
-2.107 -2.101 -2.093 -2.082 -2.070 -2.055 -2.039 -2.019 -1.998 -1.973 
-1.946 -1.917 -1.884 -1.849 -1.811 -1.771 -1.728 -1.682 -1.634 -1.584 
-1.532 -1.478 -1.423 -1.367 -1.310 -1.253 -1.196 -1.139 -1.082 -1.025 
-0.968 -0.909 -0.848 -0.783 -0.712 -0.632 -0.542 -0.436 -0.309 -0.156 
0.033 0.250 0.446 0.532 0.374 0.111 -0.141 -0.356 -0.538 -0.693 
-0.826 -0.944 -1.047 -1.140 -1.224 -1.300 -1.370 -1.434 -1.494 -1.549 
-1.600 -1.648 -1.693 -1.735 -1.774 -1.810 -1.844 -1.875 -1.904 -1.931 
-1.901 
-1.725 -1.699 -1.702 -1.704 -1.704 -1.704 -1.704 -1.703 -1.702 -1.701 
-1.699 -1.698 -1.696 -1.695 -1.693 -1.690 -1.687 -1.683 -1.678 -1.673 
-1.669 -1.666 -1.665 -1.667 -1.673 -1.681 -1.692 -1.703 -1.715 -1.725 
-1.734 -1.740 -1.744 -1.744 -1.742 -1.736 -1.727 -1.715 -1.700 -1.681 
-1.659 -1.633 -1.604 -1.572 -1.537 -1.498 -1.456 -1.410 -1.361 -1.309 
-1.251 -1.189 -1.120 -1.044 -0.957 -0.858 -0.743 -0.606 -0.440 -0.236 
0.009 0.253 0.412 0.506 0.128 -0.164 -0.394 -0.579 -0.732 -0.861 
-0.971 -1.066 -1.149 -1.222 -1.286 -1.343 -1.394 -1.439 -1.479 -1.514 
-1.546 -1.573 -1.597 -1.618 -1.636 -1.651 -1.664 -1.675 -1.684 -1.690 
-1.723 
-1.908 -1.923 -1.919 -1.912 -1.902 -1.890 -1.876 -1.858 -1.838 -1.814 
-1.788 -1.759 -1.727 -1.692 -1.654 -1.613 -1.571 -1.528 -1.486 -1.446 
-1.411 -1.383 -1.363 -1.355 -1.356 -1.368 -1.388 -1.414 -1.443 -1.473 
-1.503 -1.530 -1.555 -1.577 -1.596 -1.611 -1.623 -1.632 -1.639 -1.643 
-1.644 -1.643 -1.639 -1.632 -1.621 -1.607 -1.589 -1.566 -1.538 -1.505 
-1.465 -1.419 -1.365 -1.302 -1.228 -1.141 -1.038 -0.914 -0.762 -0.571 
-0.316 0.053 0.531 0.818 0.463 0.056 -0.241 -0.541 -0.769 -0.945 
-1.087 -1.205 -1.306 -1.394 -1.470 -1.537 -1.596 -1.648 -1.694 -1.735 
-1.771 -1.802 -1.830 -1.853 -1.873 -1.889 -1.902 -1.912 -1.919 -1.923 
-1.909 
-2.102 -2.117 -2.128 -2.136 -2.141 -2.144 -2.143 -2.139 -2.133 -2.124 
-2.112 -2.097 -2.078 -2.057 -2.034 -2.007 -1.978 -1.947 -1.914 -1.882 
-1.850 -1.821 -1.794 -1.771 -1.752 -1.734 -1.718 -1.701 -1.682 -1.661 
-1.638 -1.613 -1.588 -1.562 -1.536 -1.512 -1.490 -1.471 -1.454 -1.440 
-1.428 -1.418 -1.409 -1.401 -1.394 -1.387 -1.378 -1.368 -1.355 -1.340 
-1.321 -1.297 -1.267 -1.232 -1.188 -1.137 -1.074 -0.999 -0.907 -0.793 
-0.646 -0.443 -0.109 0.333 0.251 0.385 0.325 0.174 -0.223 -0.531 
-0.759 -0.939 -1.089 -1.216 -1.327 -1.424 -1.511 -1.588 -1.657 -1.720 
-1.777 -1.828 -1.874 -1.916 -1.954 -1.987 -2.017 -2.044 -2.067 -2.087 
-2.096 
-2.150 -2.178 -2.199 -2.217 -2.233 -2.247 -2.258 -2.266 -2.272 -2.276 
-2.278 -2.277 -2.274 -2.268 -2.261 -2.251 -2.239 -2.225 -2.209 -2.190 
-2.169 -2.146 -2.120 -2.093 -2.063 -2.031 -1.997 -1.961 -1.923 -1.883 
-1.841 -1.798 -1.754 -1.709 -1.664 -1.618 -1.573 -1.528 -1.485 -1.443 
-1.403 -1.366 -1.331 -1.300 -1.273 -1.248 -1.226 -1.207 -1.190 -1.174 
-1.158 -1.140 -1.121 -1.097 -1.069 -1.034 -0.992 -0.941 -0.879 -0.803 
-0.710 -0.595 -0.452 -0.269 -0.028 0.271 0.517 0.580 0.262 -0.161 
-0.477 -0.712 -0.899 -1.054 -1.187 -1.303 -1.406 -1.498 -1.581 -1.656 
-1.725 -1.787 -1.844 -1.897 -1.944 -1.988 -2.028 -2.064 -2.097 -2.127 
-2.142 
-2.089 -2.101 -2.124 -2.143 -2.161 -2.175 -2.188 -2.198 -2.206 -2.211 
-2.215 -2.216 -2.215 -2.212 -2.206 -2.199 -2.189 -2.177 -2.163 -2.146 
-2.128 -2.107 -2.084 -2.058 -2.030 -1.999 -1.966 -1.931 -1.893 -1.853 
-1.810 -1.764 -1.716 -1.666 -1.613 -1.558 -1.501 -1.443 -1.384 -1.325 
-1.266 -1.208 -1.152 -1.099 -1.049 -1.005 -0.966 -0.932 -0.902 -0.877 
-0.854 -0.833 -0.811 -0.786 -0.758 -0.724 -0.683 -0.633 -0.572 -0.498 
-0.407 -0.300 -0.174 -0.038 0.090 0.175 0.205 0.164 -0.155 -0.406 
-0.603 -0.770 -0.914 -1.042 -1.156 -1.258 -1.351 -1.436 -1.514 -1.585 
-1.650 -1.711 -1.766 -1.817 -1.865 -1.908 -1.948 -1.985 -2.018 -2.049 
-2.079 
-2.077 -2.107 -2.126 -2.143 -2.157 -2.169 -2.179 -2.186 -2.191 -2.194 
-2.195 -2.194 -2.190 -2.184 -2.177 -2.167 -2.155 -2.141 -2.125 -2.106 
-2.086 -2.064 -2.040 -2.013 -1.985 -1.954 -1.922 -1.887 -1.851 -1.812 
-1.771 -1.729 -1.684 -1.638 -1.589 -1.540 -1.489 -1.437 -1.386 -1.335 
-1.286 -1.240 -1.197 -1.158 -1.123 -1.093 -1.066 -1.044 -1.024 -1.005 
-0.987 -0.967 -0.944 -0.917 -0.885 -0.845 -0.797 -0.738 -0.665 -0.576 
-0.465 -0.327 -0.151 0.072 0.319 0.415 0.279 0.033 -0.234 -0.467 
-0.663 -0.830 -0.974 -1.100 -1.211 -1.312 -1.402 -1.484 -1.558 -1.626 
-1.689 -1.746 -1.799 -1.847 -1.891 -1.931 -1.968 -2.002 -2.032 -2.060 
-2.070 
-1.958 -1.968 -1.983 -1.995 -2.004 -2.012 -2.017 -2.021 -2.022 -2.021 
-2.018 -2.014 -2.007 -1.999 -1.989 -1.978 -1.965 -1.950 -1.934 -1.916 
-1.897 -1.877 -1.856 -1.834 -1.811 -1.788 -1.764 -1.739 -1.715 -1.690 
-1.666 -1.642 -1.618 -1.594 -1.571 -1.548 -1.525 -1.502 -1.480 -1.457 
-1.435 -1.414 -1.392 -1.371 -1.350 -1.329 -1.307 -1.285 -1.262 -1.235 
-1.206 -1.173 -1.135 -1.092 -1.041 -0.982 -0.912 -0.831 -0.734 -0.617 
-0.473 -0.290 -0.049 0.266 0.547 0.603 0.365 0.019 -0.272 -0.501 
-0.687 -0.842 -0.975 -1.090 -1.192 -1.283 -1.364 -1.437 -1.503 -1.563 
-1.618 -1.668 -1.714 -1.755 -1.793 -1.827 -1.857 -1.885 -1.910 -1.932 
-1.953 
-1.902 -1.915 -1.933 -1.948 -1.961 -1.972 -1.981 -1.987 -1.992 -1.994 
-1.995 -1.993 -1.990 -1.984 -1.977 -1.968 -1.957 -1.945 -1.931 -1.915 
-1.897 -1.878 -1.858 -1.836 -1.813 -1.788 -1.762 -1.736 -1.708 -1.680 
-1.652 -1.623 -1.594 -1.564 -1.535 -1.507 -1.479 -1.451 -1.425 -1.399 
-1.374 -1.350 -1.326 -1.303 -1.280 -1.257 -1.233 -1.208 -1.182 -1.153 
-1.122 -1.087 -1.048 -1.004 -0.954 -0.897 -0.831 -0.754 -0.664 -0.556 
-0.427 -0.266 -0.063 0.198 0.491 0.631 0.496 0.215 -0.083 -0.329 
-0.530 -0.696 -0.838 -0.961 -1.069 -1.166 -1.252 -1.330 -1.401 -1.466 
-1.525 -1.579 -1.628 -1.673 -1.715 -1.752 -1.787 -1.818 -1.847 -1.872 
-1.894 
-1.935 -1.945 -1.965 -1.982 -1.996 -2.009 -2.019 -2.028 -2.034 -2.038 
-2.040 -2.041 -2.039 -2.036 -2.031 -2.024 -2.015 -2.005 -1.993 -1.979 
-1.964 -1.947 -1.929 -1.909 -1.887 -1.865 -1.841 -1.815 -1.789 -1.762 
-1.734 -1.705 -1.676 -1.646 -1.616 -1.585 -1.555 -1.525 -1.495 -1.465 
-1.435 -1.406 -1.377 -1.348 -1.318 -1.288 -1.258 -1.226 -1.194 -1.159 
-1.123 -1.083 -1.040 -0.992 -0.939 -0.879 -0.811 -0.732 -0.639 -0.529 
-0.396 -0.231 -0.022 0.235 0.475 0.565 0.401 0.119 -0.146 -0.369 
-0.556 -0.715 -0.854 -0.975 -1.082 -1.178 -1.265 -1.344 -1.415 -1.481 
-1.541 -1.595 -1.646 -1.692 -1.735 -1.774 -1.810 -1.842 -1.872 -1.899 
-1.927 
-2.087 -2.121 -2.146 -2.168 -2.187 -2.204 -2.219 -2.232 -2.242 -2.251 
-2.257 -2.262 -2.264 -2.265 -2.263 -2.260 -2.255 -2.248 -2.239 -2.229 
-2.216 -2.202 -2.187 -2.169 -2.150 -2.129 -2.106 -2.082 -2.056 -2.029 
-1.999 -1.969 -1.937 -1.903 -1.868 -1.832 -1.794 -1.755 -1.714 -1.673 
-1.630 -1.587 -1.543 -1.499 -1.454 -1.410 -1.366 -1.322 -1.279 -1.236 
-1.194 -1.151 -1.108 -1.064 -1.017 -0.966 -0.910 -0.846 -0.773 -0.687 
-0.583 -0.453 -0.288 -0.081 0.091 0.128 0.042 -0.063 -0.204 -0.375 
-0.552 -0.719 -0.869 -1.004 -1.124 -1.233 -1.331 -1.420 -1.502 -1.577 
-1.645 -1.708 -1.767 -1.820 -1.870 -1.916 -1.958 -1.996 -2.032 -2.064 
-2.077 
-2.100 -2.122 -2.142 -2.160 -2.176 -2.189 -2.201 -2.210 -2.218 -2.223 
-2.227 -2.230 -2.230 -2.229 -2.226 -2.222 -2.216 -2.209 -2.200 -2.190 
-2.178 -2.166 -2.152 -2.137 -2.121 -2.103 -2.085 -2.066 -2.046 -2.024 
-2.002 -1.979 -1.955 -1.931 -1.905 -1.878 -1.851 -1.822 -1.792 -1.761 
-1.728 -1.694 -1.658 -1.620 -1.581 -1.539 -1.495 -1.450 -1.402 -1.352 
-1.300 -1.246 -1.190 -1.133 -1.072 -1.007 -0.935 -0.853 -0.756 -0.636 
-0.485 -0.288 -0.038 0.194 0.264 0.108 -0.114 -0.296 -0.446 -0.587 
-0.726 -0.861 -0.991 -1.112 -1.222 -1.323 -1.414 -1.497 -1.572 -1.640 
-1.703 -1.760 -1.813 -1.861 -1.905 -1.945 -1.982 -2.016 -2.046 -2.074 
-2.093 
-1.996 -2.027 -2.054 -2.078 -2.100 -2.119 -2.136 -2.151 -2.164 -2.174 
-2.184 -2.191 -2.197 -2.201 -2.204 -2.206 -2.206 -2.205 -2.203 -2.200 
-2.195 -2.189 -2.181 -2.172 -2.161 -2.149 -2.135 -2.119 -2.102 -2.082 
-2.060 -2.036 -2.009 -1.980 -1.949 -1.915 -1.878 -1.839 -1.796 -1.750 
-1.701 -1.649 -1.593 -1.534 -1.472 -1.407 -1.340 -1.271 -1.200 -1.129 
-1.060 -0.992 -0.929 -0.870 -0.815 -0.765 -0.718 -0.672 -0.623 -0.568 
-0.502 -0.421 -0.320 -0.192 -0.127 -0.187 -0.216 -0.216 -0.230 -0.280 
-0.370 -0.488 -0.620 -0.755 -0.884 -1.005 -1.117 -1.221 -1.316 -1.403 
-1.483 -1.556 -1.624 -1.686 -1.743 -1.795 -1.843 -1.887 -1.927 -1.963 
-1.984 
-1.904 -1.890 -1.898 -1.905 -1.910 -1.914 -1.917 -1.919 -1.920 -1.921 
-1.921 -1.921 -1.921 -1.921 -1.921 -1.921 -1.921 -1.922 -1.922 -1.923 
-1.924 -1.924 -1.925 -1.925 -1.925 -1.925 -1.923 -1.921 -1.918 -1.913 
-1.907 -1.899 -1.890 -1.879 -1.866 -1.852 -1.835 -1.817 -1.796 -1.774 
-1.750 -1.724 -1.696 -1.666 -1.633 -1.597 -1.557 -1.514 -1.467 -1.416 
-1.362 -1.305 -1.245 -1.181 -1.113 -1.040 -0.959 -0.868 -0.766 -0.652 
-0.532 -0.424 -0.355 -0.346 -0.390 -0.454 -0.508 -0.556 -0.622 -0.713 
-0.822 -0.937 -1.050 -1.155 -1.249 -1.334 -1.409 -1.476 -1.535 -1.587 
-1.634 -1.675 -1.711 -1.744 -1.772 -1.797 -1.819 -1.838 -1.855 -1.869 
-1.901 
-2.175 -2.217 -2.233 -2.247 -2.258 -2.267 -2.274 -2.280 -2.284 -2.286 
-2.286 -2.285 -2.282 -2.279 -2.273 -2.267 -2.258 -2.249 -2.238 -2.225 
-2.210 -2.194 -2.176 -2.156 -2.133 -2.109 -2.082 -2.053 -2.021 -1.988 
-1.953 -1.916 -1.877 -1.838 -1.800 -1.761 -1.725 -1.691 -1.661 -1.635 
-1.612 -1.594 -1.579 -1.567 -1.557 -1.549 -1.540 -1.532 -1.521 -1.509 
-1.494 -1.475 -1.452 -1.423 -1.388 -1.345 -1.294 -1.232 -1.158 -1.072 
-0.974 -0.871 -0.777 -0.701 -0.626 -0.534 -0.444 -0.399 -0.425 -0.530 
-0.703 -0.887 -1.052 -1.197 -1.323 -1.433 -1.531 -1.618 -1.695 -1.765 
-1.828 -1.885 -1.936 -1.982 -2.024 -2.062 -2.096 -2.126 -2.153 -2.177 
-2.168 
-2.295 -2.320 -2.341 -2.360 -2.377 -2.390 -2.401 -2.409 -2.414 -2.417 
-2.417 -2.415 -2.410 -2.403 -2.394 -2.381 -2.367 -2.349 -2.330 -2.307 
-2.282 -2.254 -2.223 -2.190 -2.153 -2.114 -2.073 -2.028 -1.981 -1.931 
-1.880 -1.827 -1.774 -1.720 -1.669 -1.621 -1.577 -1.541 -1.512 -1.491 
-1.478 -1.472 -1.472 -1.476 -1.482 -1.490 -1.497 -1.504 -1.510 -1.513 
-1.514 -1.512 -1.506 -1.495 -1.479 -1.458 -1.430 -1.395 -1.352 -1.300 
-1.236 -1.160 -1.069 -0.960 -0.830 -0.677 -0.506 -0.341 -0.239 -0.266 
-0.426 -0.646 -0.860 -1.046 -1.206 -1.345 -1.466 -1.572 -1.667 -1.752 
-1.829 -1.899 -1.962 -2.019 -2.071 -2.118 -2.161 -2.200 -2.235 -2.266 
-2.287 
-2.248 -2.270 -2.296 -2.319 -2.339 -2.357 -2.372 -2.385 -2.396 -2.403 
-2.409 -2.412 -2.413 -2.412 -2.408 -2.402 -2.394 -2.383 -2.370 -2.355 
-2.337 -2.317 -2.295 -2.270 -2.242 -2.213 -2.180 -2.145 -2.108 -2.068 
-2.025 -1.981 -1.934 -1.886 -1.837 -1.787 -1.738 -1.689 -1.642 -1.596 
-1.553 -1.513 -1.475 -1.441 -1.411 -1.385 -1.362 -1.344 -1.329 -1.316 
-1.304 -1.293 -1.281 -1.266 -1.249 -1.228 -1.201 -1.169 -1.129 -1.080 
-1.021 -0.950 -0.864 -0.761 -0.638 -0.496 -0.345 -0.222 -0.179 -0.257 
-0.428 -0.627 -0.816 -0.984 -1.132 -1.263 -1.380 -1.485 -1.580 -1.666 
-1.744 -1.815 -1.881 -1.941 -1.996 -2.046 -2.092 -2.135 -2.173 -2.209 
-2.237 
-2.200 -2.230 -2.259 -2.286 -2.310 -2.331 -2.350 -2.366 -2.380 -2.391 
-2.401 -2.408 -2.412 -2.415 -2.415 -2.414 -2.410 -2.404 -2.396 -2.385 
-2.373 -2.358 -2.341 -2.322 -2.301 -2.278 -2.252 -2.224 -2.194 -2.162 
-2.127 -2.090 -2.051 -2.010 -1.967 -1.921 -1.875 -1.826 -1.777 -1.727 
-1.677 -1.627 -1.579 -1.533 -1.489 -1.448 -1.411 -1.378 -1.349 -1.323 
-1.299 -1.278 -1.257 -1.237 -1.216 -1.192 -1.166 -1.136 -1.100 -1.058 
-1.009 -0.951 -0.883 -0.805 -0.716 -0.619 -0.520 -0.440 -0.413 -0.458 
-0.554 -0.674 -0.805 -0.937 -1.066 -1.188 -1.301 -1.405 -1.501 -1.588 
-1.669 -1.743 -1.812 -1.875 -1.933 -1.987 -2.036 -2.082 -2.124 -2.162 
-2.189 
-2.158 -2.176 -2.208 -2.238 -2.264 -2.287 -2.308 -2.326 -2.342 -2.355 
-2.366 -2.375 -2.381 -2.385 -2.387 -2.386 -2.383 -2.378 -2.371 -2.361 
-2.349 -2.335 -2.319 -2.300 -2.279 -2.256 -2.231 -2.203 -2.172 -2.140 
-2.104 -2.067 -2.027 -1.984 -1.940 -1.893 -1.845 -1.795 -1.744 -1.692 
-1.640 -1.589 -1.540 -1.493 -1.450 -1.412 -1.379 -1.352 -1.330 -1.313 
-1.300 -1.290 -1.282 -1.274 -1.266 -1.255 -1.242 -1.225 -1.204 -1.177 
-1.145 -1.105 -1.057 -1.002 -0.938 -0.866 -0.789 -0.715 -0.654 -0.616 
-0.609 -0.640 -0.709 -0.807 -0.922 -1.043 -1.161 -1.272 -1.376 -1.473 
-1.561 -1.643 -1.718 -1.787 -1.851 -1.910 -1.964 -2.014 -2.060 -2.102 
-2.145 
-2.295 -2.323 -2.355 -2.384 -2.410 -2.434 -2.455 -2.473 -2.489 -2.502 
-2.514 -2.523 -2.529 -2.534 -2.536 -2.536 -2.534 -2.529 -2.523 -2.514 
-2.503 -2.490 -2.474 -2.457 -2.437 -2.415 -2.391 -2.364 -2.335 -2.303 
-2.269 -2.233 -2.194 -2.153 -2.109 -2.063 -2.014 -1.963 -1.910 -1.855 
-1.798 -1.740 -1.682 -1.625 -1.572 -1.526 -1.488 -1.460 -1.439 -1.424 
-1.412 -1.402 -1.391 -1.381 -1.369 -1.355 -1.339 -1.318 -1.294 -1.264 
-1.228 -1.186 -1.136 -1.078 -1.011 -0.935 -0.854 -0.772 -0.702 -0.670 
-0.693 -0.760 -0.857 -0.972 -1.095 -1.217 -1.333 -1.442 -1.542 -1.636 
-1.721 -1.801 -1.874 -1.941 -2.003 -2.061 -2.114 -2.163 -2.208 -2.250 
-2.283 
-2.514 -2.567 -2.598 -2.625 -2.649 -2.671 -2.690 -2.706 -2.720 -2.732 
-2.741 -2.747 -2.751 -2.753 -2.753 -2.750 -2.745 -2.737 -2.727 -2.715 
-2.700 -2.682 -2.663 -2.640 -2.615 -2.587 -2.556 -2.522 -2.485 -2.444 
-2.400 -2.353 -2.301 -2.246 -2.186 -2.122 -2.052 -1.978 -1.898 -1.814 
-1.725 -1.633 -1.542 -1.455 -1.379 -1.321 -1.285 -1.273 -1.280 -1.300 
-1.326 -1.353 -1.377 -1.396 -1.409 -1.416 -1.415 -1.406 -1.390 -1.365 
-1.330 -1.285 -1.227 -1.156 -1.069 -0.963 -0.842 -0.714 -0.613 -0.590 
-0.668 -0.818 -0.990 -1.159 -1.314 -1.454 -1.580 -1.695 -1.798 -1.893 
-1.979 -2.058 -2.130 -2.197 -2.258 -2.314 -2.366 -2.414 -2.457 -2.497 
-2.505 
-2.483 -2.498 -2.530 -2.559 -2.586 -2.610 -2.631 -2.650 -2.666 -2.680 
-2.692 -2.702 -2.709 -2.714 -2.716 -2.717 -2.715 -2.711 -2.705 -2.697 
-2.687 -2.674 -2.659 -2.642 -2.623 -2.601 -2.577 -2.550 -2.521 -2.490 
-2.456 -2.419 -2.379 -2.337 -2.292 -2.244 -2.193 -2.139 -2.082 -2.022 
-1.959 -1.894 -1.828 -1.762 -1.700 -1.645 -1.600 -1.565 -1.539 -1.518 
-1.500 -1.484 -1.469 -1.454 -1.439 -1.423 -1.405 -1.383 -1.358 -1.328 
-1.291 -1.248 -1.197 -1.137 -1.068 -0.990 -0.907 -0.825 -0.761 -0.745 
-0.792 -0.887 -1.007 -1.136 -1.266 -1.391 -1.509 -1.617 -1.718 -1.811 
-1.896 -1.975 -2.047 -2.115 -2.177 -2.234 -2.287 -2.337 -2.382 -2.424 
-2.469 
-2.529 -2.572 -2.604 -2.633 -2.659 -2.683 -2.704 -2.722 -2.739 -2.753 
-2.765 -2.774 -2.782 -2.787 -2.790 -2.791 -2.790 -2.787 -2.782 -2.775 
-2.765 -2.754 -2.741 -2.725 -2.707 -2.687 -2.665 -2.641 -2.615 -2.586 
-2.555 -2.522 -2.486 -2.448 -2.408 -2.366 -2.322 -2.275 -2.227 -2.177 
-2.125 -2.073 -2.020 -1.967 -1.915 -1.865 -1.817 -1.772 -1.731 -1.693 
-1.659 -1.629 -1.602 -1.577 -1.553 -1.529 -1.503 -1.474 -1.442 -1.405 
-1.362 -1.312 -1.254 -1.188 -1.113 -1.032 -0.950 -0.877 -0.833 -0.835 
-0.892 -0.992 -1.117 -1.249 -1.379 -1.502 -1.616 -1.721 -1.818 -1.907 
-1.990 -2.066 -2.136 -2.201 -2.261 -2.316 -2.368 -2.416 -2.460 -2.500 
-2.518 
-2.451 -2.472 -2.504 -2.534 -2.561 -2.586 -2.609 -2.630 -2.648 -2.664 
-2.679 -2.691 -2.702 -2.710 -2.717 -2.722 -2.725 -2.726 -2.725 -2.723 
-2.719 -2.713 -2.706 -2.696 -2.685 -2.672 -2.658 -2.642 -2.624 -2.604 
-2.583 -2.560 -2.535 -2.509 -2.481 -2.452 -2.421 -2.388 -2.354 -2.319 
-2.282 -2.244 -2.205 -2.166 -2.125 -2.085 -2.044 -2.003 -1.963 -1.923 
-1.883 -1.844 -1.804 -1.764 -1.724 -1.682 -1.639 -1.594 -1.547 -1.498 
-1.446 -1.391 -1.334 -1.275 -1.215 -1.156 -1.104 -1.064 -1.045 -1.055 
-1.098 -1.166 -1.249 -1.338 -1.429 -1.519 -1.607 -1.691 -1.771 -1.848 
-1.920 -1.987 -2.051 -2.111 -2.168 -2.220 -2.270 -2.316 -2.359 -2.400 
-2.438 
-2.474 -2.501 -2.541 -2.577 -2.611 -2.643 -2.672 -2.699 -2.724 -2.747 
-2.767 -2.785 -2.801 -2.815 -2.828 -2.838 -2.846 -2.852 -2.857 -2.859 
-2.860 -2.859 -2.856 -2.851 -2.844 -2.835 -2.825 -2.812 -2.798 -2.782 
-2.764 -2.744 -2.722 -2.699 -2.673 -2.646 -2.616 -2.585 -2.552 -2.516 
-2.479 -2.440 -2.399 -2.356 -2.311 -2.265 -2.217 -2.167 -2.115 -2.062 
-2.008 -1.953 -1.898 -1.842 -1.787 -1.732 -1.679 -1.626 -1.576 -1.527 
-1.481 -1.436 -1.394 -1.354 -1.316 -1.282 -1.253 -1.232 -1.222 -1.225 
-1.243 -1.275 -1.320 -1.376 -1.439 -1.508 -1.581 -1.656 -1.732 -1.807 
-1.880 -1.951 -2.019 -2.085 -2.147 -2.207 -2.263 -2.317 -2.367 -2.415 
-2.458 
-2.578 -2.634 -2.672 -2.708 -2.742 -2.773 -2.802 -2.828 -2.853 -2.875 
-2.895 -2.913 -2.929 -2.943 -2.955 -2.965 -2.973 -2.979 -2.983 -2.985 
-2.986 -2.984 -2.981 -2.976 -2.968 -2.959 -2.948 -2.935 -2.920 -2.904 
-2.885 -2.864 -2.841 -2.816 -2.789 -2.759 -2.728 -2.695 -2.659 -2.621 
-2.581 -2.539 -2.495 -2.448 -2.400 -2.349 -2.297 -2.242 -2.187 -2.130 
-2.072 -2.013 -1.954 -1.895 -1.836 -1.778 -1.721 -1.664 -1.609 -1.554 
-1.500 -1.447 -1.394 -1.344 -1.297 -1.255 -1.222 -1.199 -1.192 -1.202 
-1.233 -1.282 -1.348 -1.426 -1.510 -1.598 -1.686 -1.772 -1.856 -1.937 
-2.014 -2.087 -2.157 -2.223 -2.285 -2.344 -2.400 -2.453 -2.502 -2.549 
-2.567 
-2.459 -2.485 -2.522 -2.557 -2.591 -2.622 -2.652 -2.679 -2.705 -2.729 
-2.752 -2.772 -2.791 -2.808 -2.824 -2.837 -2.849 -2.859 -2.868 -2.875 
-2.880 -2.883 -2.885 -2.885 -2.883 -2.880 -2.875 -2.868 -2.860 -2.849 
-2.837 -2.823 -2.807 -2.789 -2.770 -2.748 -2.725 -2.699 -2.672 -2.642 
-2.611 -2.577 -2.541 -2.502 -2.461 -2.418 -2.373 -2.325 -2.274 -2.221 
-2.165 -2.107 -2.046 -1.983 -1.917 -1.848 -1.776 -1.702 -1.626 -1.547 
-1.468 -1.390 -1.315 -1.248 -1.193 -1.155 -1.139 -1.145 -1.170 -1.212 
-1.266 -1.329 -1.398 -1.470 -1.543 -1.615 -1.686 -1.754 -1.821 -1.885 
-1.946 -2.006 -2.063 -2.118 -2.171 -2.222 -2.271 -2.318 -2.363 -2.405 
-2.445 
-2.423 -2.446 -2.482 -2.517 -2.550 -2.581 -2.610 -2.637 -2.663 -2.687 
-2.709 -2.730 -2.749 -2.766 -2.782 -2.795 -2.808 -2.818 -2.827 -2.834 
-2.840 -2.844 -2.846 -2.847 -2.846 -2.844 -2.839 -2.833 -2.826 -2.816 
-2.805 -2.792 -2.777 -2.761 -2.742 -2.722 -2.700 -2.675 -2.649 -2.621 
-2.590 -2.557 -2.522 -2.484 -2.444 -2.401 -2.355 -2.307 -2.255 -2.201 
-2.143 -2.082 -2.017 -1.949 -1.878 -1.804 -1.727 -1.648 -1.567 -1.483 
-1.399 -1.313 -1.231 -1.156 -1.095 -1.057 -1.046 -1.063 -1.103 -1.157 
-1.218 -1.280 -1.341 -1.401 -1.463 -1.530 -1.602 -1.676 -1.750 -1.822 
-1.890 -1.955 -2.017 -2.075 -2.130 -2.182 -2.232 -2.279 -2.324 -2.366 
-2.409 
-2.550 -2.600 -2.649 -2.695 -2.737 -2.776 -2.813 -2.846 -2.878 -2.906 
-2.932 -2.956 -2.978 -2.997 -3.014 -3.029 -3.042 -3.053 -3.061 -3.068 
-3.073 -3.075 -3.076 -3.074 -3.071 -3.065 -3.058 -3.048 -3.036 -3.022 
-3.006 -2.988 -2.967 -2.944 -2.919 -2.891 -2.861 -2.828 -2.792 -2.754 
-2.712 -2.668 -2.621 -2.570 -2.516 -2.458 -2.397 -2.332 -2.263 -2.191 
-2.116 -2.038 -1.958 -1.878 -1.798 -1.721 -1.650 -1.586 -1.531 -1.485 
-1.447 -1.415 -1.386 -1.359 -1.335 -1.315 -1.300 -1.290 -1.281 -1.269 
-1.253 -1.237 -1.226 -1.228 -1.252 -1.302 -1.376 -1.467 -1.569 -1.674 
-1.778 -1.878 -1.973 -2.063 -2.147 -2.226 -2.299 -2.368 -2.432 -2.492 
-2.532 
-2.634 -2.676 -2.726 -2.773 -2.817 -2.858 -2.896 -2.932 -2.964 -2.994 
-3.022 -3.046 -3.069 -3.089 -3.107 -3.122 -3.135 -3.146 -3.154 -3.161 
-3.165 -3.167 -3.167 -3.165 -3.161 -3.154 -3.145 -3.134 -3.121 -3.105 
-3.087 -3.067 -3.044 -3.019 -2.991 -2.961 -2.928 -2.892 -2.853 -2.811 
-2.766 -2.718 -2.667 -2.611 -2.553 -2.490 -2.424 -2.353 -2.280 -2.202 
-2.122 -2.040 -1.958 -1.877 -1.800 -1.732 -1.674 -1.630 -1.600 -1.583 
-1.577 -1.579 -1.586 -1.594 -1.602 -1.606 -1.606 -1.602 -1.593 -1.579 
-1.561 -1.543 -1.528 -1.524 -1.536 -1.568 -1.620 -1.685 -1.758 -1.835 
-1.915 -1.995 -2.075 -2.153 -2.229 -2.303 -2.374 -2.441 -2.505 -2.565 
-2.615 
-2.738 -2.781 -2.833 -2.882 -2.927 -2.969 -3.008 -3.043 -3.076 -3.106 
-3.133 -3.158 -3.180 -3.200 -3.217 -3.232 -3.245 -3.255 -3.263 -3.269 
-3.273 -3.274 -3.273 -3.270 -3.265 -3.258 -3.248 -3.236 -3.222 -3.206 
-3.187 -3.166 -3.142 -3.115 -3.087 -3.055 -3.020 -2.983 -2.943 -2.899 
-2.852 -2.802 -2.748 -2.690 -2.629 -2.564 -2.494 -2.422 -2.346 -2.269 
-2.192 -2.116 -2.043 -1.973 -1.907 -1.844 -1.788 -1.739 -1.700 -1.670 
-1.649 -1.635 -1.625 -1.617 -1.607 -1.595 -1.577 -1.554 -1.525 -1.489 
-1.449 -1.409 -1.375 -1.356 -1.363 -1.401 -1.469 -1.560 -1.666 -1.778 
-1.890 -1.998 -2.102 -2.199 -2.290 -2.376 -2.456 -2.530 -2.600 -2.664 
-2.717 
-2.842 -2.913 -2.967 -3.017 -3.062 -3.104 -3.143 -3.178 -3.210 -3.239 
-3.266 -3.289 -3.310 -3.328 -3.343 -3.356 -3.366 -3.374 -3.380 -3.383 
-3.384 -3.382 -3.378 -3.372 -3.363 -3.352 -3.338 -3.321 -3.302 -3.281 
-3.256 -3.229 -3.199 -3.166 -3.129 -3.089 -3.046 -2.999 -2.948 -2.894 
-2.834 -2.771 -2.702 -2.629 -2.551 -2.468 -2.382 -2.294 -2.206 -2.122 
-2.047 -1.986 -1.943 -1.917 -1.906 -1.907 -1.915 -1.928 -1.943 -1.959 
-1.973 -1.985 -1.994 -1.998 -1.997 -1.989 -1.975 -1.954 -1.924 -1.888 
-1.845 -1.797 -1.749 -1.707 -1.679 -1.672 -1.691 -1.738 -1.810 -1.899 
-1.999 -2.102 -2.205 -2.305 -2.400 -2.490 -2.574 -2.652 -2.725 -2.793 
-2.826 
-2.699 -2.746 -2.806 -2.862 -2.914 -2.962 -3.006 -3.047 -3.085 -3.119 
-3.150 -3.179 -3.204 -3.227 -3.247 -3.265 -3.280 -3.292 -3.302 -3.310 
-3.315 -3.317 -3.318 -3.316 -3.311 -3.305 -3.295 -3.284 -3.269 -3.253 
-3.233 -3.211 -3.186 -3.159 -3.128 -3.095 -3.058 -3.018 -2.974 -2.926 
-2.875 -2.820 -2.760 -2.695 -2.626 -2.552 -2.473 -2.389 -2.301 -2.210 
-2.118 -2.027 -1.940 -1.859 -1.789 -1.735 -1.703 -1.699 -1.723 -1.764 
-1.811 -1.856 -1.897 -1.932 -1.959 -1.978 -1.990 -1.993 -1.989 -1.977 
-1.958 -1.933 -1.902 -1.867 -1.831 -1.800 -1.779 -1.773 -1.786 -1.818 
-1.870 -1.939 -2.020 -2.108 -2.198 -2.288 -2.375 -2.459 -2.538 -2.612 
-2.676 
-2.637 -2.686 -2.751 -2.811 -2.867 -2.918 -2.966 -3.010 -3.051 -3.088 
-3.123 -3.154 -3.182 -3.207 -3.230 -3.250 -3.267 -3.282 -3.294 -3.304 
-3.311 -3.316 -3.319 -3.319 -3.317 -3.312 -3.305 -3.295 -3.283 -3.269 
-3.252 -3.232 -3.210 -3.185 -3.157 -3.126 -3.091 -3.054 -3.013 -2.968 
-2.920 -2.867 -2.810 -2.748 -2.681 -2.609 -2.530 -2.445 -2.352 -2.252 
-2.144 -2.028 -1.905 -1.778 -1.655 -1.548 -1.475 -1.452 -1.477 -1.536 
-1.609 -1.682 -1.749 -1.806 -1.853 -1.889 -1.916 -1.932 -1.940 -1.939 
-1.930 -1.914 -1.891 -1.863 -1.833 -1.802 -1.776 -1.759 -1.756 -1.770 
-1.805 -1.860 -1.933 -2.017 -2.107 -2.200 -2.291 -2.379 -2.463 -2.542 
-2.611 
-2.672 -2.732 -2.791 -2.846 -2.897 -2.944 -2.987 -3.028 -3.064 -3.098 
-3.129 -3.157 -3.182 -3.204 -3.224 -3.242 -3.256 -3.269 -3.279 -3.286 
-3.291 -3.294 -3.295 -3.293 -3.289 -3.282 -3.273 -3.262 -3.248 -3.232 
-3.213 -3.192 -3.168 -3.142 -3.112 -3.080 -3.044 -3.005 -2.963 -2.918 
-2.869 -2.815 -2.758 -2.696 -2.630 -2.558 -2.482 -2.400 -2.312 -2.219 
-2.122 -2.021 -1.920 -1.821 -1.731 -1.657 -1.607 -1.588 -1.598 -1.627 
-1.666 -1.707 -1.745 -1.778 -1.804 -1.823 -1.833 -1.836 -1.832 -1.819 
-1.800 -1.775 -1.746 -1.716 -1.689 -1.669 -1.663 -1.675 -1.707 -1.758 
-1.826 -1.907 -1.997 -2.091 -2.185 -2.277 -2.365 -2.448 -2.526 -2.600 
-2.652 
-2.633 -2.688 -2.751 -2.810 -2.865 -2.916 -2.963 -3.006 -3.046 -3.083 
-3.117 -3.148 -3.176 -3.201 -3.224 -3.244 -3.262 -3.277 -3.290 -3.301 
-3.309 -3.315 -3.319 -3.320 -3.320 -3.317 -3.311 -3.304 -3.294 -3.282 
-3.267 -3.250 -3.230 -3.208 -3.184 -3.156 -3.126 -3.093 -3.057 -3.018 
-2.975 -2.929 -2.879 -2.826 -2.768 -2.706 -2.639 -2.568 -2.491 -2.410 
-2.324 -2.234 -2.142 -2.051 -1.965 -1.889 -1.828 -1.788 -1.769 -1.769 
-1.783 -1.805 -1.830 -1.853 -1.873 -1.887 -1.896 -1.898 -1.895 -1.886 
-1.872 -1.853 -1.830 -1.803 -1.774 -1.746 -1.722 -1.707 -1.707 -1.726 
-1.769 -1.834 -1.917 -2.009 -2.106 -2.203 -2.296 -2.385 -2.469 -2.547 
-2.608 
-2.604 -2.637 -2.688 -2.736 -2.781 -2.823 -2.862 -2.899 -2.933 -2.965 
-2.994 -3.021 -3.046 -3.068 -3.089 -3.107 -3.123 -3.137 -3.149 -3.159 
-3.167 -3.173 -3.177 -3.179 -3.179 -3.177 -3.173 -3.167 -3.159 -3.150 
-3.138 -3.124 -3.108 -3.091 -3.071 -3.049 -3.025 -2.999 -2.970 -2.940 
-2.907 -2.873 -2.835 -2.796 -2.755 -2.711 -2.665 -2.617 -2.567 -2.516 
-2.462 -2.406 -2.349 -2.291 -2.232 -2.175 -2.122 -2.074 -2.032 -1.996 
-1.963 -1.933 -1.903 -1.873 -1.843 -1.814 -1.785 -1.757 -1.728 -1.700 
-1.672 -1.645 -1.621 -1.608 -1.614 -1.641 -1.683 -1.733 -1.786 -1.844 
-1.907 -1.975 -2.048 -2.122 -2.196 -2.268 -2.337 -2.404 -2.467 -2.527 
-2.585 
-2.735 -2.789 -2.839 -2.885 -2.928 -2.967 -3.004 -3.037 -3.068 -3.096 
-3.121 -3.143 -3.164 -3.181 -3.197 -3.210 -3.221 -3.229 -3.236 -3.240 
-3.242 -3.242 -3.240 -3.236 -3.230 -3.222 -3.211 -3.199 -3.184 -3.167 
-3.148 -3.127 -3.104 -3.079 -3.051 -3.022 -2.990 -2.956 -2.920 -2.882 
-2.842 -2.800 -2.756 -2.711 -2.665 -2.618 -2.570 -2.522 -2.474 -2.427 
-2.382 -2.337 -2.295 -2.255 -2.217 -2.180 -2.144 -2.108 -2.072 -2.035 
-1.997 -1.960 -1.924 -1.890 -1.856 -1.819 -1.777 -1.728 -1.670 -1.604 
-1.530 -1.454 -1.386 -1.346 -1.348 -1.401 -1.491 -1.602 -1.717 -1.827 
-1.933 -2.034 -2.132 -2.225 -2.314 -2.397 -2.475 -2.547 -2.614 -2.677 
-2.719 
-2.820 -2.881 -2.951 -3.016 -3.075 -3.131 -3.182 -3.230 -3.274 -3.314 
-3.351 -3.385 -3.416 -3.444 -3.470 -3.492 -3.512 -3.529 -3.544 -3.557 
-3.567 -3.575 -3.580 -3.583 -3.584 -3.582 -3.578 -3.572 -3.564 -3.554 
-3.541 -3.525 -3.508 -3.488 -3.466 -3.441 -3.414 -3.384 -3.352 -3.318 
-3.280 -3.241 -3.198 -3.154 -3.106 -3.057 -3.004 -2.949 -2.892 -2.832 
-2.769 -2.703 -2.634 -2.560 -2.481 -2.397 -2.309 -2.216 -2.123 -2.034 
-1.956 -1.895 -1.855 -1.837 -1.836 -1.846 -1.860 -1.871 -1.875 -1.869 
-1.851 -1.823 -1.790 -1.761 -1.748 -1.755 -1.770 -1.786 -1.804 -1.834 
-1.882 -1.951 -2.038 -2.138 -2.243 -2.348 -2.450 -2.548 -2.640 -2.726 
-2.793 
-2.841 -2.910 -2.985 -3.055 -3.120 -3.180 -3.236 -3.287 -3.335 -3.380 
-3.420 -3.458 -3.492 -3.524 -3.552 -3.578 -3.601 -3.621 -3.639 -3.654 
-3.667 -3.678 -3.686 -3.692 -3.695 -3.697 -3.696 -3.692 -3.686 -3.678 
-3.668 -3.655 -3.640 -3.622 -3.601 -3.579 -3.553 -3.524 -3.493 -3.458 
-3.421 -3.380 -3.335 -3.287 -3.235 -3.178 -3.117 -3.051 -2.980 -2.902 
-2.818 -2.726 -2.627 -2.518 -2.398 -2.268 -2.129 -1.993 -1.892 -1.846 
-1.833 -1.837 -1.854 -1.883 -1.921 -1.961 -1.998 -2.030 -2.054 -2.070 
-2.076 -2.073 -2.060 -2.038 -2.009 -1.973 -1.934 -1.898 -1.871 -1.864 
-1.884 -1.934 -2.012 -2.110 -2.219 -2.331 -2.442 -2.548 -2.648 -2.741 
-2.814 
-2.807 -2.880 -2.960 -3.034 -3.102 -3.165 -3.223 -3.276 -3.325 -3.371 
-3.412 -3.451 -3.485 -3.517 -3.546 -3.571 -3.594 -3.614 -3.631 -3.646 
-3.659 -3.668 -3.676 -3.680 -3.683 -3.683 -3.680 -3.675 -3.668 -3.658 
-3.645 -3.630 -3.613 -3.592 -3.569 -3.543 -3.514 -3.482 -3.447 -3.408 
-3.365 -3.319 -3.268 -3.213 -3.153 -3.087 -3.016 -2.938 -2.853 -2.759 
-2.656 -2.542 -2.415 -2.274 -2.117 -1.945 -1.766 -1.612 -1.530 -1.548 
-1.641 -1.759 -1.871 -1.968 -2.048 -2.114 -2.166 -2.205 -2.232 -2.248 
-2.254 -2.249 -2.235 -2.210 -2.176 -2.133 -2.083 -2.029 -1.977 -1.934 
-1.912 -1.922 -1.968 -2.047 -2.149 -2.263 -2.380 -2.493 -2.600 -2.701 
-2.778 
-2.719 -2.794 -2.878 -2.955 -3.027 -3.092 -3.153 -3.208 -3.259 -3.306 
-3.350 -3.389 -3.425 -3.457 -3.487 -3.513 -3.537 -3.557 -3.575 -3.590 
-3.603 -3.613 -3.620 -3.625 -3.627 -3.627 -3.625 -3.620 -3.612 -3.602 
-3.590 -3.574 -3.556 -3.536 -3.512 -3.485 -3.456 -3.423 -3.387 -3.348 
-3.304 -3.257 -3.206 -3.150 -3.090 -3.024 -2.953 -2.876 -2.792 -2.702 
-2.605 -2.502 -2.394 -2.282 -2.172 -2.068 -1.974 -1.895 -1.846 -1.840 
-1.858 -1.899 -1.975 -2.064 -2.144 -2.209 -2.259 -2.296 -2.322 -2.336 
-2.340 -2.335 -2.319 -2.295 -2.261 -2.218 -2.165 -2.106 -2.043 -1.982 
-1.934 -1.910 -1.921 -1.970 -2.052 -2.157 -2.271 -2.387 -2.499 -2.605 
-2.688 
-2.675 -2.740 -2.831 -2.916 -2.993 -3.065 -3.131 -3.192 -3.248 -3.300 
-3.347 -3.391 -3.431 -3.467 -3.500 -3.531 -3.558 -3.582 -3.604 -3.622 
-3.638 -3.652 -3.663 -3.672 -3.678 -3.681 -3.682 -3.681 -3.678 -3.671 
-3.663 -3.652 -3.638 -3.622 -3.603 -3.581 -3.557 -3.530 -3.500 -3.466 
-3.429 -3.389 -3.345 -3.297 -3.245 -3.188 -3.127 -3.060 -2.987 -2.908 
-2.822 -2.729 -2.628 -2.518 -2.401 -2.276 -2.142 -1.995 -1.836 -1.677 
-1.559 -1.525 -1.580 -1.687 -1.801 -1.903 -1.987 -2.052 -2.102 -2.137 
-2.159 -2.169 -2.167 -2.155 -2.133 -2.103 -2.066 -2.028 -1.989 -1.953 
-1.919 -1.893 -1.888 -1.914 -1.976 -2.069 -2.182 -2.301 -2.421 -2.534 
-2.635 
-2.850 -2.919 -2.993 -3.062 -3.125 -3.184 -3.238 -3.288 -3.335 -3.377 
-3.417 -3.453 -3.485 -3.515 -3.542 -3.567 -3.588 -3.608 -3.624 -3.638 
-3.650 -3.659 -3.666 -3.671 -3.673 -3.673 -3.671 -3.667 -3.660 -3.651 
-3.639 -3.625 -3.608 -3.590 -3.568 -3.544 -3.517 -3.487 -3.454 -3.419 
-3.380 -3.337 -3.291 -3.241 -3.187 -3.128 -3.065 -2.996 -2.921 -2.839 
-2.749 -2.650 -2.541 -2.422 -2.297 -2.183 -2.094 -2.021 -1.942 -1.857 
-1.783 -1.749 -1.761 -1.795 -1.834 -1.872 -1.904 -1.930 -1.946 -1.953 
-1.950 -1.936 -1.913 -1.880 -1.839 -1.793 -1.747 -1.707 -1.700 -1.751 
-1.837 -1.932 -2.029 -2.129 -2.233 -2.342 -2.451 -2.558 -2.658 -2.752 
-2.825 
-3.152 -3.243 -3.312 -3.376 -3.435 -3.489 -3.539 -3.584 -3.626 -3.664 
-3.699 -3.731 -3.759 -3.785 -3.807 -3.827 -3.845 -3.859 -3.872 -3.881 
-3.888 -3.893 -3.895 -3.895 -3.892 -3.887 -3.880 -3.870 -3.857 -3.842 
-3.824 -3.804 -3.780 -3.754 -3.725 -3.692 -3.656 -3.617 -3.574 -3.527 
-3.476 -3.420 -3.359 -3.292 -3.219 -3.139 -3.051 -2.954 -2.846 -2.727 
-2.593 -2.443 -2.279 -2.107 -1.948 -1.839 -1.814 -1.865 -1.951 -2.038 
-2.107 -2.162 -2.207 -2.246 -2.280 -2.307 -2.326 -2.335 -2.333 -2.319 
-2.292 -2.251 -2.193 -2.117 -2.018 -1.894 -1.750 -1.620 -1.568 -1.639 
-1.798 -1.994 -2.189 -2.366 -2.522 -2.660 -2.783 -2.893 -2.993 -3.084 
-3.132 
-3.186 -3.253 -3.330 -3.400 -3.464 -3.523 -3.576 -3.625 -3.670 -3.711 
-3.748 -3.782 -3.812 -3.840 -3.864 -3.885 -3.904 -3.919 -3.932 -3.943 
-3.951 -3.956 -3.959 -3.959 -3.956 -3.952 -3.944 -3.934 -3.922 -3.907 
-3.889 -3.868 -3.844 -3.817 -3.788 -3.755 -3.718 -3.678 -3.634 -3.586 
-3.534 -3.476 -3.414 -3.345 -3.270 -3.188 -3.098 -2.998 -2.888 -2.765 
-2.629 -2.477 -2.312 -2.142 -1.991 -1.894 -1.878 -1.932 -2.023 -2.127 
-2.231 -2.324 -2.402 -2.466 -2.514 -2.550 -2.573 -2.584 -2.583 -2.571 
-2.546 -2.508 -2.456 -2.387 -2.299 -2.188 -2.053 -1.904 -1.777 -1.714 
-1.735 -1.850 -2.029 -2.226 -2.411 -2.578 -2.725 -2.855 -2.971 -3.075 
-3.156 
-3.086 -3.175 -3.260 -3.337 -3.408 -3.473 -3.532 -3.587 -3.637 -3.682 
-3.724 -3.762 -3.797 -3.828 -3.856 -3.881 -3.903 -3.922 -3.939 -3.953 
-3.964 -3.973 -3.979 -3.983 -3.984 -3.983 -3.979 -3.973 -3.964 -3.953 
-3.939 -3.922 -3.903 -3.881 -3.856 -3.828 -3.796 -3.762 -3.724 -3.683 
-3.638 -3.588 -3.534 -3.476 -3.412 -3.343 -3.267 -3.184 -3.093 -2.994 
-2.884 -2.763 -2.629 -2.484 -2.335 -2.198 -2.089 -2.017 -1.998 -2.041 
-2.126 -2.226 -2.321 -2.404 -2.471 -2.524 -2.564 -2.591 -2.606 -2.610 
-2.603 -2.584 -2.553 -2.509 -2.451 -2.376 -2.284 -2.174 -2.050 -1.934 
-1.868 -1.881 -1.971 -2.114 -2.280 -2.445 -2.599 -2.739 -2.865 -2.979 
-3.056 
-2.962 -3.012 -3.098 -3.176 -3.248 -3.314 -3.374 -3.429 -3.479 -3.526 
-3.568 -3.606 -3.641 -3.672 -3.701 -3.726 -3.748 -3.768 -3.784 -3.798 
-3.809 -3.818 -3.824 -3.828 -3.829 -3.828 -3.824 -3.818 -3.809 -3.797 
-3.783 -3.767 -3.748 -3.726 -3.701 -3.673 -3.642 -3.608 -3.571 -3.531 
-3.487 -3.439 -3.388 -3.332 -3.272 -3.208 -3.139 -3.066 -2.989 -2.907 
-2.822 -2.735 -2.649 -2.565 -2.487 -2.419 -2.365 -2.331 -2.328 -2.360 
-2.411 -2.465 -2.515 -2.557 -2.591 -2.618 -2.636 -2.647 -2.649 -2.644 
-2.629 -2.605 -2.572 -2.527 -2.470 -2.398 -2.308 -2.194 -2.054 -1.924 
-1.901 -1.933 -1.981 -2.062 -2.175 -2.308 -2.445 -2.578 -2.701 -2.814 
-2.922 
-3.171 -3.266 -3.343 -3.414 -3.479 -3.538 -3.592 -3.641 -3.687 -3.728 
-3.766 -3.800 -3.831 -3.858 -3.883 -3.905 -3.923 -3.940 -3.953 -3.964 
-3.972 -3.978 -3.982 -3.983 -3.981 -3.977 -3.970 -3.961 -3.950 -3.936 
-3.919 -3.899 -3.877 -3.852 -3.824 -3.793 -3.759 -3.721 -3.680 -3.636 
-3.587 -3.534 -3.477 -3.415 -3.348 -3.275 -3.197 -3.112 -3.021 -2.923 
-2.818 -2.708 -2.597 -2.490 -2.397 -2.330 -2.298 -2.301 -2.332 -2.378 
-2.429 -2.479 -2.523 -2.561 -2.589 -2.609 -2.620 -2.620 -2.611 -2.590 
-2.557 -2.511 -2.449 -2.368 -2.265 -2.133 -1.968 -1.781 -1.613 -1.520 
-1.594 -1.806 -2.046 -2.254 -2.433 -2.593 -2.737 -2.866 -2.982 -3.086 
-3.148 
-3.284 -3.343 -3.412 -3.475 -3.533 -3.586 -3.635 -3.680 -3.721 -3.759 
-3.793 -3.824 -3.852 -3.877 -3.899 -3.919 -3.936 -3.951 -3.963 -3.972 
-3.979 -3.984 -3.986 -3.986 -3.984 -3.979 -3.972 -3.962 -3.950 -3.936 
-3.919 -3.900 -3.878 -3.853 -3.825 -3.795 -3.762 -3.725 -3.686 -3.643 
-3.596 -3.546 -3.492 -3.434 -3.372 -3.305 -3.233 -3.156 -3.075 -2.988 
-2.898 -2.803 -2.708 -2.614 -2.528 -2.456 -2.405 -2.375 -2.366 -2.373 
-2.389 -2.411 -2.434 -2.454 -2.469 -2.477 -2.477 -2.468 -2.448 -2.416 
-2.371 -2.311 -2.232 -2.131 -2.004 -1.850 -1.683 -1.555 -1.534 -1.625 
-1.811 -2.048 -2.267 -2.455 -2.617 -2.758 -2.883 -2.994 -3.094 -3.185 
-3.257 
-3.326 -3.386 -3.454 -3.517 -3.575 -3.629 -3.677 -3.722 -3.764 -3.801 
-3.836 -3.867 -3.895 -3.920 -3.943 -3.962 -3.979 -3.994 -4.000 -4.000 
-4.000 -4.000 -4.000 -4.000 -4.000 -4.000 -4.000 -4.000 -3.994 -3.980 
-3.963 -3.943 -3.921 -3.896 -3.869 -3.838 -3.805 -3.768 -3.729 -3.686 
-3.639 -3.589 -3.535 -3.477 -3.415 -3.348 -3.277 -3.201 -3.121 -3.036 
-2.949 -2.859 -2.770 -2.684 -2.607 -2.543 -2.496 -2.469 -2.461 -2.469 
-2.487 -2.510 -2.534 -2.555 -2.572 -2.582 -2.584 -2.578 -2.562 -2.536 
-2.498 -2.448 -2.384 -2.303 -2.205 -2.089 -1.962 -1.854 -1.832 -1.916 
-2.055 -2.216 -2.381 -2.539 -2.684 -2.816 -2.935 -3.043 -3.141 -3.230 
-3.288 
