IRGRID 64 91
1e+308

0.025 0.03 0.035 0.04 0.045 0.05 0.055 0.06 0.065 0.07
0.075 0.08 0.085 0.09 0.095 0.1 0.11 0.12 0.13 0.14
0.15 0.16 0.17 0.18 0.19 0.2 0.21 0.22 0.23 0.24
0.25 0.26 0.27 0.28 0.29 0.3 0.31 0.32 0.33 0.34
0.35 0.36 0.37 0.38 0.39 0.4 0.41 0.42 0.43 0.44
0.45 0.46 0.47 0.48 0.49 0.5 0.51 0.52 0.53 0.54
0.55 0.56 0.57 0.58
0 4 8 12 16 20 24 28 32 36
40 44 48 52 56 60 64 68 72 76
80 84 88 92 96 100 104 108 112 116
120 124 128 132 136 140 144 148 152 156
160 164 168 172 176 180 184 188 192 196
200 204 208 212 216 220 224 228 232 236
240 244 248 252 256 260 264 268 272 276
280 284 288 292 296 300 304 308 312 316
320 324 328 332 336 340 344 348 352 356
360
-4.000 -4.000 -4.000 -4.000 -4.000 -4.000 -4.000 -4.000 -4.000 -4.000 
-4.000 -4.000 -4.000 -4.000 -4.000 -4.000 -4.000 -4.000 -4.000 -4.000 
-4.000 -4.000 -4.000 -4.000 -4.000 -4.000 -4.000 -4.000 -4.000 -4.000 
-4.000 -4.000 -4.000 -4.000 -4.000 -4.000 -4.000 -4.000 -4.000 -4.000 
-4.000 -4.000 -4.000 -4.000 -4.000 -4.000 -4.000 -4.000 -4.000 -4.000 
-4.000 -4.000 -4.000 -4.000 -4.000 -4.000 -4.000 -4.000 -4.000 -4.000 
-4.000 -4.000 -4.000 -4.000 -4.000 -4.000 -4.000 -4.000 -4.000 -4.000 
-4.000 -4.000 -4.000 -4.000 -4.000 -4.000 -4.000 -4.000 -4.000 -4.000 
-4.000 -4.000 -4.000 -4.000 -4.000 -4.000 -4.000 -4.000 -4.000 -4.000 
-4.000 
-3.499 -3.585 -3.715 -3.859 -3.994 -4.000 -4.000 -4.000 -4.000 -4.000 
-4.000 -4.000 -4.000 -4.000 -4.000 -4.000 -4.000 -4.000 -4.000 -4.000 
-4.000 -4.000 -4.000 -4.000 -4.000 -4.000 -4.000 -4.000 -4.000 -4.000 
-4.000 -4.000 -4.000 -4.000 -4.000 -4.000 -4.000 -4.000 -4.000 -4.000 
-4.000 -4.000 -3.889 -3.724 -3.593 -3.591 -3.669 -3.741 -3.808 -3.881 
-3.962 -4.000 -4.000 -4.000 -4.000 -4.000 -4.000 -4.000 -4.000 -4.000 
-4.000 -4.000 -4.000 -4.000 -4.000 -4.000 -4.000 -4.000 -4.000 -4.000 
-4.000 -4.000 -4.000 -4.000 -4.000 -4.000 -4.000 -4.000 -4.000 -4.000 
-4.000 -4.000 -4.000 -4.000 -4.000 -3.894 -3.775 -3.661 -3.570 -3.516 
-3.479 
-3.182 -3.187 -3.312 -3.477 -3.637 -3.776 -3.892 -3.988 -4.000 -4.000 
-4.000 -4.000 -4.000 -4.000 -4.000 -4.000 -4.000 -4.000 -4.000 -4.000 
-4.000 -4.000 -4.000 -4.000 -4.000 -4.000 -4.000 -4.000 -4.000 -4.000 
-3.991 -3.972 -3.955 -3.938 -3.919 -3.896 -3.867 -3.827 -3.773 -3.698 
-3.597 -3.462 -3.290 -3.110 -2.996 -3.024 -3.172 -3.352 -3.507 -3.627 
-3.719 -3.788 -3.839 -3.877 -3.905 -3.925 -3.939 -3.951 -3.962 -3.973 
-3.987 -4.000 -4.000 -4.000 -4.000 -4.000 -4.000 -4.000 -4.000 -4.000 
-4.000 -4.000 -4.000 -4.000 -4.000 -4.000 -4.000 -4.000 -4.000 -4.000 
-4.000 -4.000 -4.000 -4.000 -3.929 -3.821 -3.693 -3.545 -3.384 -3.238 
-3.197 
-3.217 -3.303 -3.338 -3.398 -3.468 -3.538 -3.600 -3.652 -3.692 -3.722 
-3.742 -3.753 -3.757 -3.754 -3.745 -3.731 -3.713 -3.691 -3.666 -3.638 
-3.607 -3.574 -3.541 -3.506 -3.472 -3.439 -3.408 -3.379 -3.354 -3.333 
-3.317 -3.305 -3.296 -3.292 -3.290 -3.289 -3.288 -3.286 -3.281 -3.271 
-3.254 -3.227 -3.189 -3.139 -3.094 -3.095 -3.131 -3.172 -3.209 -3.240 
-3.262 -3.277 -3.286 -3.290 -3.290 -3.289 -3.287 -3.285 -3.286 -3.290 
-3.298 -3.311 -3.328 -3.350 -3.377 -3.407 -3.440 -3.474 -3.510 -3.546 
-3.581 -3.615 -3.647 -3.677 -3.705 -3.729 -3.749 -3.766 -3.778 -3.785 
-3.786 -3.781 -3.768 -3.747 -3.715 -3.672 -3.617 -3.548 -3.466 -3.381 
-3.217 
-2.780 -2.723 -2.734 -2.783 -2.857 -2.944 -3.033 -3.117 -3.195 -3.265 
-3.326 -3.380 -3.426 -3.466 -3.499 -3.527 -3.549 -3.566 -3.578 -3.586 
-3.590 -3.590 -3.586 -3.578 -3.567 -3.554 -3.538 -3.520 -3.500 -3.478 
-3.454 -3.429 -3.400 -3.369 -3.334 -3.295 -3.250 -3.199 -3.141 -3.077 
-3.006 -2.931 -2.855 -2.786 -2.735 -2.710 -2.717 -2.749 -2.796 -2.845 
-2.888 -2.919 -2.937 -2.945 -2.944 -2.936 -2.924 -2.910 -2.897 -2.886 
-2.880 -2.880 -2.887 -2.901 -2.923 -2.951 -2.985 -3.024 -3.065 -3.107 
-3.149 -3.190 -3.228 -3.263 -3.294 -3.320 -3.340 -3.353 -3.359 -3.357 
-3.345 -3.325 -3.294 -3.252 -3.200 -3.136 -3.061 -2.979 -2.893 -2.813 
-2.803 
-2.979 -3.033 -3.050 -3.080 -3.116 -3.152 -3.185 -3.213 -3.237 -3.256 
-3.272 -3.285 -3.295 -3.302 -3.307 -3.310 -3.311 -3.310 -3.307 -3.302 
-3.296 -3.288 -3.278 -3.267 -3.254 -3.239 -3.222 -3.204 -3.185 -3.163 
-3.140 -3.115 -3.089 -3.060 -3.030 -2.998 -2.964 -2.928 -2.890 -2.850 
-2.808 -2.763 -2.717 -2.671 -2.625 -2.581 -2.541 -2.501 -2.461 -2.419 
-2.374 -2.329 -2.283 -2.238 -2.194 -2.154 -2.118 -2.087 -2.064 -2.049 
-2.042 -2.044 -2.056 -2.075 -2.103 -2.137 -2.178 -2.223 -2.272 -2.323 
-2.376 -2.429 -2.482 -2.535 -2.586 -2.636 -2.684 -2.730 -2.774 -2.816 
-2.855 -2.892 -2.925 -2.955 -2.982 -3.003 -3.020 -3.030 -3.033 -3.031 
-2.974 
-2.851 -2.844 -2.864 -2.881 -2.897 -2.911 -2.924 -2.934 -2.944 -2.952 
-2.958 -2.963 -2.967 -2.969 -2.970 -2.970 -2.968 -2.965 -2.960 -2.954 
-2.947 -2.938 -2.928 -2.916 -2.903 -2.889 -2.873 -2.856 -2.837 -2.816 
-2.794 -2.770 -2.744 -2.717 -2.687 -2.655 -2.621 -2.583 -2.542 -2.496 
-2.442 -2.377 -2.289 -2.154 -1.911 -1.560 -1.721 -1.959 -2.036 -2.041 
-2.016 -1.980 -1.938 -1.894 -1.852 -1.814 -1.782 -1.758 -1.745 -1.742 
-1.751 -1.770 -1.799 -1.835 -1.876 -1.922 -1.969 -2.018 -2.066 -2.113 
-2.159 -2.201 -2.239 -2.271 -2.293 -2.302 -2.292 -2.260 -2.227 -2.245 
-2.324 -2.421 -2.505 -2.572 -2.627 -2.672 -2.710 -2.743 -2.773 -2.799 
-2.844 
-2.975 -3.026 -3.068 -3.105 -3.137 -3.164 -3.188 -3.207 -3.223 -3.236 
-3.245 -3.252 -3.255 -3.255 -3.253 -3.247 -3.239 -3.228 -3.213 -3.196 
-3.175 -3.151 -3.124 -3.093 -3.058 -3.020 -2.979 -2.933 -2.884 -2.832 
-2.776 -2.719 -2.660 -2.601 -2.544 -2.488 -2.434 -2.381 -2.325 -2.260 
-2.176 -2.059 -1.883 -1.608 -1.219 -0.938 -1.070 -1.408 -1.707 -1.880 
-1.971 -2.010 -2.009 -1.975 -1.911 -1.812 -1.674 -1.500 -1.354 -1.384 
-1.582 -1.796 -1.968 -2.100 -2.202 -2.280 -2.341 -2.386 -2.416 -2.432 
-2.431 -2.412 -2.374 -2.313 -2.227 -2.115 -1.979 -1.842 -1.749 -1.752 
-1.856 -2.019 -2.191 -2.348 -2.483 -2.599 -2.699 -2.784 -2.858 -2.922 
-2.955 
-2.784 -2.847 -2.858 -2.867 -2.872 -2.876 -2.877 -2.875 -2.871 -2.865 
-2.857 -2.846 -2.832 -2.817 -2.799 -2.778 -2.755 -2.730 -2.702 -2.671 
-2.637 -2.601 -2.561 -2.519 -2.473 -2.424 -2.372 -2.318 -2.260 -2.200 
-2.139 -2.077 -2.016 -1.958 -1.904 -1.856 -1.816 -1.785 -1.761 -1.744 
-1.731 -1.718 -1.699 -1.662 -1.569 -1.373 -1.467 -1.574 -1.588 -1.566 
-1.524 -1.467 -1.393 -1.301 -1.187 -1.045 -0.871 -0.683 -0.537 -0.483 
-0.444 -0.460 -0.697 -0.976 -1.211 -1.404 -1.565 -1.703 -1.822 -1.926 
-2.018 -2.098 -2.167 -2.224 -2.267 -2.292 -2.292 -2.267 -2.237 -2.258 
-2.341 -2.443 -2.531 -2.601 -2.657 -2.702 -2.738 -2.769 -2.794 -2.815 
-2.783 
-2.317 -2.319 -2.329 -2.337 -2.343 -2.346 -2.348 -2.348 -2.345 -2.341 
-2.335 -2.327 -2.317 -2.305 -2.291 -2.276 -2.259 -2.241 -2.222 -2.201 
-2.179 -2.157 -2.134 -2.110 -2.087 -2.063 -2.040 -2.017 -1.993 -1.970 
-1.945 -1.921 -1.895 -1.869 -1.842 -1.815 -1.788 -1.762 -1.736 -1.710 
-1.683 -1.656 -1.627 -1.596 -1.563 -1.527 -1.487 -1.444 -1.397 -1.344 
-1.285 -1.219 -1.144 -1.057 -0.956 -0.837 -0.694 -0.519 -0.309 -0.071 
0.149 0.256 0.173 -0.167 -0.465 -0.700 -0.890 -1.049 -1.185 -1.304 
-1.409 -1.503 -1.588 -1.665 -1.735 -1.799 -1.858 -1.912 -1.962 -2.007 
-2.049 -2.088 -2.123 -2.155 -2.185 -2.211 -2.235 -2.257 -2.276 -2.293 
-2.312 
-1.964 -2.001 -2.000 -1.997 -1.991 -1.984 -1.974 -1.963 -1.950 -1.935 
-1.920 -1.902 -1.884 -1.865 -1.846 -1.826 -1.806 -1.785 -1.765 -1.745 
-1.726 -1.708 -1.691 -1.676 -1.662 -1.651 -1.642 -1.635 -1.631 -1.629 
-1.630 -1.631 -1.634 -1.637 -1.641 -1.643 -1.645 -1.645 -1.643 -1.639 
-1.632 -1.623 -1.611 -1.595 -1.576 -1.553 -1.526 -1.494 -1.457 -1.414 
-1.364 -1.308 -1.243 -1.167 -1.079 -0.975 -0.851 -0.699 -0.508 -0.257 
0.080 0.397 0.505 0.275 -0.097 -0.407 -0.645 -0.833 -0.987 -1.117 
-1.229 -1.326 -1.412 -1.488 -1.555 -1.616 -1.670 -1.719 -1.762 -1.801 
-1.836 -1.867 -1.894 -1.918 -1.938 -1.955 -1.970 -1.981 -1.990 -1.996 
-1.963 
-1.561 -1.549 -1.546 -1.543 -1.537 -1.531 -1.523 -1.514 -1.505 -1.495 
-1.485 -1.474 -1.465 -1.455 -1.447 -1.439 -1.434 -1.429 -1.427 -1.427 
-1.428 -1.431 -1.436 -1.442 -1.450 -1.458 -1.467 -1.477 -1.486 -1.496 
-1.505 -1.513 -1.520 -1.526 -1.531 -1.533 -1.534 -1.533 -1.529 -1.523 
-1.514 -1.502 -1.487 -1.469 -1.447 -1.422 -1.392 -1.358 -1.320 -1.276 
-1.226 -1.169 -1.105 -1.033 -0.949 -0.853 -0.742 -0.610 -0.451 -0.254 
-0.003 0.312 0.561 0.689 0.484 0.107 -0.174 -0.389 -0.560 -0.700 
-0.818 -0.919 -1.007 -1.083 -1.150 -1.210 -1.262 -1.308 -1.349 -1.385 
-1.416 -1.444 -1.467 -1.488 -1.505 -1.518 -1.530 -1.538 -1.544 -1.548 
-1.561 
-1.471 -1.467 -1.470 -1.472 -1.474 -1.477 -1.479 -1.482 -1.486 -1.490 
-1.494 -1.499 -1.504 -1.510 -1.516 -1.522 -1.529 -1.537 -1.545 -1.554 
-1.564 -1.574 -1.585 -1.597 -1.610 -1.622 -1.635 -1.647 -1.658 -1.668 
-1.677 -1.684 -1.690 -1.694 -1.696 -1.696 -1.694 -1.689 -1.681 -1.671 
-1.658 -1.643 -1.624 -1.602 -1.576 -1.547 -1.514 -1.477 -1.435 -1.388 
-1.335 -1.276 -1.210 -1.136 -1.052 -0.957 -0.847 -0.718 -0.565 -0.378 
-0.137 0.193 0.677 1.010 0.858 0.437 0.017 -0.255 -0.453 -0.608 
-0.735 -0.841 -0.931 -1.009 -1.076 -1.134 -1.186 -1.230 -1.269 -1.303 
-1.333 -1.359 -1.380 -1.399 -1.415 -1.428 -1.438 -1.447 -1.454 -1.460 
-1.469 
-1.570 -1.559 -1.556 -1.550 -1.543 -1.534 -1.523 -1.511 -1.497 -1.483 
-1.467 -1.451 -1.434 -1.417 -1.401 -1.386 -1.373 -1.361 -1.353 -1.347 
-1.344 -1.344 -1.348 -1.354 -1.363 -1.374 -1.386 -1.399 -1.412 -1.425 
-1.437 -1.447 -1.456 -1.463 -1.467 -1.469 -1.469 -1.465 -1.459 -1.450 
-1.438 -1.424 -1.408 -1.389 -1.368 -1.345 -1.319 -1.289 -1.256 -1.218 
-1.175 -1.126 -1.069 -1.003 -0.927 -0.839 -0.734 -0.609 -0.456 -0.261 
-0.001 0.367 0.734 0.915 0.649 0.234 -0.045 -0.274 -0.468 -0.629 
-0.763 -0.876 -0.973 -1.057 -1.130 -1.195 -1.251 -1.301 -1.346 -1.384 
-1.418 -1.448 -1.473 -1.495 -1.513 -1.528 -1.540 -1.549 -1.555 -1.559 
-1.571 
-1.969 -2.014 -2.021 -2.026 -2.028 -2.028 -2.024 -2.019 -2.011 -2.001 
-1.989 -1.975 -1.960 -1.945 -1.929 -1.913 -1.898 -1.884 -1.871 -1.859 
-1.850 -1.842 -1.835 -1.828 -1.822 -1.815 -1.806 -1.795 -1.782 -1.766 
-1.746 -1.723 -1.696 -1.666 -1.633 -1.597 -1.559 -1.520 -1.480 -1.441 
-1.403 -1.366 -1.332 -1.301 -1.274 -1.249 -1.227 -1.206 -1.186 -1.166 
-1.144 -1.119 -1.090 -1.055 -1.013 -0.963 -0.901 -0.825 -0.729 -0.606 
-0.437 -0.175 0.441 0.336 0.129 0.118 0.061 -0.111 -0.335 -0.551 
-0.738 -0.899 -1.037 -1.157 -1.263 -1.357 -1.441 -1.516 -1.584 -1.644 
-1.699 -1.749 -1.793 -1.833 -1.868 -1.900 -1.927 -1.951 -1.972 -1.989 
-1.964 
-2.205 -2.210 -2.207 -2.200 -2.191 -2.179 -2.164 -2.147 -2.127 -2.105 
-2.082 -2.057 -2.032 -2.007 -1.982 -1.959 -1.939 -1.922 -1.909 -1.900 
-1.896 -1.897 -1.901 -1.908 -1.918 -1.928 -1.938 -1.947 -1.954 -1.958 
-1.959 -1.957 -1.951 -1.941 -1.927 -1.910 -1.890 -1.868 -1.844 -1.819 
-1.793 -1.767 -1.741 -1.716 -1.691 -1.666 -1.641 -1.615 -1.588 -1.557 
-1.523 -1.483 -1.436 -1.381 -1.316 -1.238 -1.143 -1.026 -0.876 -0.675 
-0.370 0.363 0.853 0.537 -0.030 -0.336 -0.497 -0.704 -0.915 -1.099 
-1.253 -1.384 -1.497 -1.594 -1.680 -1.756 -1.823 -1.882 -1.935 -1.982 
-2.024 -2.061 -2.093 -2.120 -2.144 -2.164 -2.180 -2.193 -2.202 -2.208 
-2.207 
-2.210 -2.219 -2.230 -2.239 -2.245 -2.249 -2.251 -2.250 -2.246 -2.241 
-2.233 -2.223 -2.212 -2.199 -2.184 -2.168 -2.152 -2.135 -2.117 -2.100 
-2.082 -2.063 -2.044 -2.024 -2.002 -1.978 -1.952 -1.924 -1.894 -1.862 
-1.829 -1.793 -1.757 -1.720 -1.682 -1.644 -1.606 -1.569 -1.533 -1.497 
-1.463 -1.430 -1.398 -1.367 -1.336 -1.305 -1.274 -1.243 -1.209 -1.174 
-1.135 -1.092 -1.044 -0.988 -0.923 -0.847 -0.754 -0.642 -0.502 -0.322 
-0.082 0.228 0.636 0.511 0.255 -0.090 -0.388 -0.624 -0.816 -0.978 
-1.116 -1.237 -1.344 -1.440 -1.526 -1.605 -1.676 -1.741 -1.800 -1.854 
-1.904 -1.950 -1.991 -2.029 -2.063 -2.094 -2.122 -2.147 -2.169 -2.189 
-2.204 
-2.219 -2.240 -2.261 -2.280 -2.297 -2.311 -2.323 -2.333 -2.340 -2.345 
-2.348 -2.349 -2.348 -2.345 -2.339 -2.332 -2.322 -2.310 -2.297 -2.281 
-2.262 -2.242 -2.220 -2.195 -2.169 -2.140 -2.109 -2.076 -2.040 -2.003 
-1.963 -1.921 -1.878 -1.832 -1.785 -1.736 -1.685 -1.633 -1.580 -1.527 
-1.472 -1.418 -1.364 -1.310 -1.258 -1.208 -1.159 -1.111 -1.066 -1.020 
-0.975 -0.928 -0.879 -0.825 -0.766 -0.700 -0.625 -0.537 -0.432 -0.302 
-0.135 0.087 0.356 0.516 0.463 0.219 -0.078 -0.328 -0.533 -0.708 
-0.863 -1.002 -1.127 -1.241 -1.344 -1.438 -1.525 -1.604 -1.677 -1.745 
-1.807 -1.864 -1.918 -1.967 -2.012 -2.054 -2.092 -2.128 -2.160 -2.189 
-2.211 
-2.267 -2.280 -2.312 -2.341 -2.368 -2.391 -2.413 -2.432 -2.449 -2.463 
-2.476 -2.486 -2.493 -2.499 -2.503 -2.504 -2.503 -2.501 -2.496 -2.488 
-2.479 -2.468 -2.454 -2.438 -2.420 -2.399 -2.376 -2.351 -2.323 -2.293 
-2.260 -2.224 -2.186 -2.145 -2.100 -2.053 -2.002 -1.949 -1.891 -1.830 
-1.764 -1.693 -1.616 -1.532 -1.439 -1.334 -1.217 -1.095 -0.993 -0.936 
-0.915 -0.895 -0.858 -0.805 -0.741 -0.670 -0.597 -0.523 -0.449 -0.374 
-0.292 -0.197 -0.072 0.084 0.158 0.078 -0.104 -0.239 -0.370 -0.508 
-0.649 -0.788 -0.921 -1.046 -1.163 -1.273 -1.374 -1.469 -1.557 -1.639 
-1.716 -1.787 -1.854 -1.916 -1.974 -2.028 -2.078 -2.125 -2.168 -2.209 
-2.253 
-2.477 -2.546 -2.572 -2.595 -2.616 -2.634 -2.650 -2.663 -2.674 -2.683 
-2.689 -2.693 -2.695 -2.695 -2.692 -2.687 -2.679 -2.670 -2.657 -2.643 
-2.626 -2.607 -2.585 -2.560 -2.533 -2.503 -2.470 -2.434 -2.394 -2.352 
-2.306 -2.256 -2.202 -2.143 -2.081 -2.013 -1.939 -1.860 -1.774 -1.681 
-1.580 -1.469 -1.348 -1.214 -1.067 -0.905 -0.737 -0.581 -0.472 -0.438 
-0.471 -0.539 -0.607 -0.658 -0.689 -0.698 -0.687 -0.657 -0.609 -0.541 
-0.447 -0.318 -0.135 0.124 0.360 0.350 0.049 -0.311 -0.584 -0.798 
-0.979 -1.138 -1.280 -1.408 -1.524 -1.630 -1.728 -1.817 -1.900 -1.976 
-2.047 -2.112 -2.172 -2.228 -2.280 -2.328 -2.373 -2.413 -2.451 -2.486 
-2.471 
-2.288 -2.299 -2.321 -2.340 -2.357 -2.372 -2.384 -2.394 -2.401 -2.407 
-2.410 -2.411 -2.409 -2.406 -2.400 -2.392 -2.382 -2.370 -2.355 -2.338 
-2.319 -2.297 -2.273 -2.246 -2.216 -2.184 -2.150 -2.112 -2.071 -2.027 
-1.981 -1.930 -1.876 -1.819 -1.758 -1.693 -1.624 -1.551 -1.474 -1.393 
-1.309 -1.222 -1.134 -1.045 -0.957 -0.871 -0.789 -0.714 -0.654 -0.624 
-0.619 -0.624 -0.627 -0.623 -0.610 -0.587 -0.552 -0.503 -0.437 -0.351 
-0.243 -0.111 0.035 0.164 0.240 0.161 -0.086 -0.327 -0.543 -0.731 
-0.895 -1.041 -1.170 -1.287 -1.392 -1.487 -1.575 -1.655 -1.729 -1.797 
-1.860 -1.918 -1.972 -2.022 -2.068 -2.110 -2.149 -2.185 -2.218 -2.247 
-2.278 
-2.178 -2.197 -2.219 -2.238 -2.255 -2.270 -2.283 -2.293 -2.301 -2.308 
-2.312 -2.314 -2.314 -2.311 -2.307 -2.301 -2.293 -2.282 -2.270 -2.255 
-2.238 -2.219 -2.198 -2.175 -2.149 -2.121 -2.090 -2.058 -2.022 -1.985 
-1.944 -1.901 -1.856 -1.807 -1.756 -1.702 -1.645 -1.586 -1.524 -1.460 
-1.394 -1.326 -1.258 -1.189 -1.122 -1.058 -0.997 -0.941 -0.890 -0.844 
-0.801 -0.760 -0.719 -0.675 -0.628 -0.573 -0.511 -0.438 -0.353 -0.255 
-0.146 -0.029 0.082 0.155 0.137 0.014 -0.172 -0.371 -0.556 -0.722 
-0.870 -1.002 -1.121 -1.229 -1.327 -1.417 -1.499 -1.575 -1.645 -1.710 
-1.771 -1.826 -1.878 -1.926 -1.970 -2.011 -2.049 -2.084 -2.117 -2.146 
-2.169 
-2.179 -2.182 -2.203 -2.221 -2.238 -2.252 -2.264 -2.274 -2.283 -2.289 
-2.293 -2.296 -2.296 -2.295 -2.291 -2.286 -2.279 -2.270 -2.258 -2.245 
-2.230 -2.213 -2.194 -2.172 -2.148 -2.122 -2.094 -2.063 -2.029 -1.992 
-1.951 -1.907 -1.858 -1.805 -1.745 -1.679 -1.606 -1.530 -1.457 -1.401 
-1.368 -1.351 -1.336 -1.313 -1.281 -1.240 -1.193 -1.141 -1.086 -1.028 
-0.966 -0.902 -0.833 -0.760 -0.682 -0.597 -0.506 -0.410 -0.314 -0.225 
-0.158 -0.126 -0.132 -0.170 -0.249 -0.367 -0.480 -0.576 -0.704 -0.856 
-0.993 -1.113 -1.218 -1.313 -1.398 -1.477 -1.549 -1.617 -1.679 -1.737 
-1.791 -1.841 -1.888 -1.932 -1.972 -2.010 -2.045 -2.077 -2.107 -2.135 
-2.170 
-2.417 -2.461 -2.480 -2.497 -2.511 -2.522 -2.531 -2.538 -2.542 -2.544 
-2.543 -2.540 -2.534 -2.526 -2.515 -2.502 -2.486 -2.467 -2.446 -2.421 
-2.393 -2.362 -2.328 -2.290 -2.248 -2.202 -2.151 -2.095 -2.033 -1.965 
-1.890 -1.807 -1.715 -1.614 -1.504 -1.384 -1.260 -1.140 -1.041 -0.982 
-0.974 -1.010 -1.072 -1.140 -1.201 -1.250 -1.285 -1.308 -1.321 -1.323 
-1.317 -1.301 -1.277 -1.243 -1.199 -1.146 -1.082 -1.010 -0.931 -0.851 
-0.784 -0.740 -0.720 -0.702 -0.657 -0.565 -0.445 -0.385 -0.473 -0.671 
-0.895 -1.095 -1.264 -1.408 -1.532 -1.641 -1.737 -1.824 -1.901 -1.972 
-2.036 -2.095 -2.149 -2.198 -2.243 -2.284 -2.321 -2.355 -2.386 -2.414 
-2.411 
-2.474 -2.488 -2.508 -2.525 -2.539 -2.551 -2.561 -2.569 -2.574 -2.577 
-2.578 -2.576 -2.572 -2.566 -2.558 -2.547 -2.534 -2.519 -2.501 -2.481 
-2.458 -2.433 -2.404 -2.374 -2.340 -2.303 -2.263 -2.220 -2.173 -2.123 
-2.068 -2.009 -1.945 -1.875 -1.799 -1.717 -1.630 -1.540 -1.455 -1.388 
-1.345 -1.317 -1.293 -1.267 -1.237 -1.209 -1.183 -1.162 -1.145 -1.132 
-1.121 -1.109 -1.096 -1.079 -1.057 -1.028 -0.991 -0.946 -0.891 -0.826 
-0.754 -0.678 -0.608 -0.562 -0.554 -0.586 -0.634 -0.695 -0.822 -0.991 
-1.151 -1.292 -1.417 -1.529 -1.630 -1.721 -1.805 -1.882 -1.952 -2.017 
-2.077 -2.132 -2.183 -2.230 -2.273 -2.313 -2.350 -2.383 -2.414 -2.441 
-2.466 
-2.479 -2.498 -2.517 -2.534 -2.549 -2.561 -2.571 -2.579 -2.584 -2.587 
-2.589 -2.588 -2.584 -2.579 -2.572 -2.562 -2.550 -2.536 -2.520 -2.502 
-2.481 -2.458 -2.433 -2.405 -2.375 -2.342 -2.307 -2.269 -2.229 -2.186 
-2.141 -2.093 -2.043 -1.990 -1.934 -1.877 -1.818 -1.758 -1.697 -1.635 
-1.575 -1.516 -1.460 -1.407 -1.360 -1.317 -1.279 -1.247 -1.218 -1.192 
-1.168 -1.143 -1.118 -1.089 -1.056 -1.016 -0.969 -0.914 -0.848 -0.773 
-0.690 -0.605 -0.533 -0.495 -0.510 -0.582 -0.697 -0.835 -0.978 -1.116 
-1.246 -1.366 -1.476 -1.578 -1.671 -1.757 -1.836 -1.909 -1.976 -2.039 
-2.096 -2.150 -2.199 -2.245 -2.287 -2.326 -2.362 -2.394 -2.424 -2.451 
-2.472 
-2.500 -2.519 -2.543 -2.564 -2.583 -2.599 -2.613 -2.624 -2.634 -2.641 
-2.646 -2.649 -2.650 -2.648 -2.644 -2.639 -2.631 -2.620 -2.608 -2.594 
-2.577 -2.558 -2.536 -2.513 -2.487 -2.458 -2.427 -2.393 -2.357 -2.318 
-2.276 -2.232 -2.184 -2.134 -2.080 -2.024 -1.964 -1.902 -1.837 -1.769 
-1.699 -1.627 -1.555 -1.483 -1.416 -1.354 -1.301 -1.256 -1.219 -1.186 
-1.156 -1.129 -1.103 -1.076 -1.048 -1.017 -0.981 -0.940 -0.892 -0.836 
-0.773 -0.706 -0.644 -0.600 -0.589 -0.619 -0.688 -0.783 -0.893 -1.010 
-1.130 -1.252 -1.369 -1.480 -1.583 -1.679 -1.767 -1.849 -1.925 -1.995 
-2.060 -2.120 -2.176 -2.227 -2.275 -2.319 -2.360 -2.398 -2.432 -2.464 
-2.490 
-2.543 -2.570 -2.596 -2.621 -2.642 -2.661 -2.677 -2.691 -2.702 -2.712 
-2.718 -2.723 -2.725 -2.724 -2.722 -2.717 -2.709 -2.700 -2.687 -2.673 
-2.656 -2.636 -2.614 -2.589 -2.562 -2.531 -2.498 -2.461 -2.421 -2.378 
-2.331 -2.281 -2.226 -2.167 -2.103 -2.035 -1.961 -1.882 -1.798 -1.708 
-1.614 -1.517 -1.421 -1.330 -1.250 -1.189 -1.151 -1.136 -1.139 -1.152 
-1.168 -1.183 -1.195 -1.203 -1.209 -1.212 -1.210 -1.204 -1.190 -1.169 
-1.139 -1.101 -1.057 -1.011 -0.968 -0.935 -0.911 -0.898 -0.907 -0.950 
-1.030 -1.137 -1.257 -1.379 -1.497 -1.608 -1.711 -1.806 -1.893 -1.974 
-2.049 -2.117 -2.181 -2.239 -2.293 -2.344 -2.390 -2.432 -2.471 -2.507 
-2.532 
-2.565 -2.588 -2.615 -2.640 -2.663 -2.684 -2.702 -2.717 -2.731 -2.742 
-2.752 -2.759 -2.764 -2.766 -2.767 -2.766 -2.762 -2.756 -2.748 -2.738 
-2.726 -2.711 -2.694 -2.675 -2.653 -2.629 -2.602 -2.572 -2.540 -2.505 
-2.467 -2.426 -2.381 -2.333 -2.282 -2.227 -2.168 -2.104 -2.037 -1.966 
-1.890 -1.811 -1.730 -1.648 -1.569 -1.495 -1.428 -1.366 -1.307 -1.249 
-1.193 -1.142 -1.102 -1.074 -1.060 -1.058 -1.066 -1.079 -1.095 -1.112 
-1.127 -1.142 -1.154 -1.165 -1.174 -1.182 -1.191 -1.203 -1.227 -1.270 
-1.333 -1.410 -1.493 -1.578 -1.662 -1.744 -1.822 -1.897 -1.968 -2.036 
-2.099 -2.160 -2.216 -2.270 -2.320 -2.367 -2.410 -2.451 -2.489 -2.525 
-2.554 
-2.587 -2.617 -2.646 -2.672 -2.695 -2.716 -2.734 -2.750 -2.763 -2.774 
-2.783 -2.789 -2.793 -2.795 -2.794 -2.791 -2.786 -2.779 -2.769 -2.756 
-2.742 -2.725 -2.705 -2.684 -2.659 -2.632 -2.602 -2.570 -2.534 -2.496 
-2.455 -2.410 -2.363 -2.312 -2.258 -2.201 -2.141 -2.079 -2.014 -1.947 
-1.879 -1.812 -1.747 -1.684 -1.627 -1.574 -1.526 -1.482 -1.439 -1.397 
-1.361 -1.335 -1.325 -1.328 -1.340 -1.356 -1.371 -1.384 -1.393 -1.396 
-1.394 -1.386 -1.372 -1.353 -1.329 -1.303 -1.277 -1.255 -1.242 -1.245 
-1.268 -1.314 -1.382 -1.466 -1.558 -1.653 -1.746 -1.836 -1.921 -2.001 
-2.075 -2.145 -2.210 -2.270 -2.326 -2.379 -2.427 -2.471 -2.512 -2.550 
-2.577 
-2.561 -2.592 -2.627 -2.658 -2.687 -2.713 -2.737 -2.758 -2.776 -2.792 
-2.805 -2.816 -2.825 -2.831 -2.835 -2.837 -2.837 -2.834 -2.829 -2.821 
-2.812 -2.800 -2.785 -2.768 -2.749 -2.727 -2.703 -2.676 -2.646 -2.613 
-2.578 -2.539 -2.497 -2.451 -2.403 -2.350 -2.294 -2.233 -2.169 -2.100 
-2.027 -1.949 -1.866 -1.778 -1.684 -1.585 -1.479 -1.369 -1.259 -1.158 
-1.077 -1.029 -1.018 -1.037 -1.075 -1.119 -1.161 -1.196 -1.223 -1.240 
-1.249 -1.248 -1.239 -1.222 -1.198 -1.167 -1.132 -1.095 -1.061 -1.039 
-1.040 -1.070 -1.134 -1.224 -1.330 -1.443 -1.556 -1.665 -1.768 -1.864 
-1.953 -2.036 -2.113 -2.184 -2.250 -2.311 -2.367 -2.420 -2.468 -2.513 
-2.547 
-2.537 -2.558 -2.589 -2.617 -2.643 -2.666 -2.688 -2.706 -2.723 -2.738 
-2.750 -2.760 -2.768 -2.774 -2.779 -2.781 -2.781 -2.779 -2.775 -2.769 
-2.760 -2.750 -2.738 -2.724 -2.708 -2.689 -2.668 -2.646 -2.621 -2.593 
-2.563 -2.531 -2.497 -2.460 -2.420 -2.378 -2.333 -2.286 -2.235 -2.182 
-2.126 -2.066 -2.003 -1.937 -1.868 -1.795 -1.719 -1.640 -1.560 -1.482 
-1.413 -1.359 -1.323 -1.301 -1.287 -1.277 -1.267 -1.256 -1.245 -1.233 
-1.221 -1.208 -1.197 -1.187 -1.181 -1.180 -1.184 -1.195 -1.213 -1.240 
-1.277 -1.328 -1.394 -1.470 -1.553 -1.638 -1.722 -1.803 -1.881 -1.954 
-2.024 -2.090 -2.152 -2.210 -2.264 -2.316 -2.363 -2.408 -2.450 -2.489 
-2.525 
-2.573 -2.616 -2.653 -2.687 -2.718 -2.747 -2.773 -2.796 -2.817 -2.835 
-2.851 -2.864 -2.876 -2.885 -2.891 -2.896 -2.898 -2.898 -2.896 -2.892 
-2.885 -2.876 -2.865 -2.852 -2.836 -2.818 -2.798 -2.775 -2.749 -2.721 
-2.690 -2.657 -2.620 -2.581 -2.538 -2.492 -2.443 -2.389 -2.333 -2.272 
-2.207 -2.137 -2.064 -1.987 -1.908 -1.827 -1.746 -1.669 -1.595 -1.526 
-1.463 -1.408 -1.365 -1.335 -1.321 -1.318 -1.325 -1.336 -1.349 -1.361 
-1.370 -1.376 -1.378 -1.377 -1.373 -1.369 -1.365 -1.362 -1.364 -1.372 
-1.388 -1.414 -1.450 -1.497 -1.551 -1.612 -1.679 -1.750 -1.825 -1.902 
-1.979 -2.055 -2.128 -2.197 -2.263 -2.324 -2.382 -2.436 -2.486 -2.533 
-2.560 
-2.484 -2.522 -2.564 -2.603 -2.638 -2.669 -2.698 -2.724 -2.747 -2.767 
-2.785 -2.800 -2.812 -2.822 -2.830 -2.835 -2.837 -2.838 -2.835 -2.831 
-2.824 -2.814 -2.802 -2.787 -2.770 -2.750 -2.728 -2.703 -2.675 -2.643 
-2.609 -2.572 -2.531 -2.486 -2.438 -2.386 -2.330 -2.269 -2.204 -2.134 
-2.060 -1.981 -1.898 -1.814 -1.731 -1.655 -1.591 -1.545 -1.521 -1.516 
-1.527 -1.547 -1.572 -1.598 -1.625 -1.653 -1.680 -1.706 -1.728 -1.746 
-1.759 -1.767 -1.770 -1.768 -1.760 -1.748 -1.732 -1.713 -1.690 -1.666 
-1.641 -1.615 -1.591 -1.570 -1.557 -1.555 -1.570 -1.605 -1.658 -1.726 
-1.803 -1.883 -1.964 -2.043 -2.118 -2.189 -2.255 -2.317 -2.375 -2.428 
-2.468 
-2.414 -2.429 -2.461 -2.491 -2.518 -2.543 -2.566 -2.587 -2.605 -2.621 
-2.635 -2.647 -2.656 -2.664 -2.669 -2.673 -2.674 -2.673 -2.670 -2.665 
-2.658 -2.649 -2.638 -2.625 -2.609 -2.591 -2.572 -2.550 -2.526 -2.499 
-2.471 -2.440 -2.407 -2.371 -2.334 -2.294 -2.253 -2.209 -2.164 -2.117 
-2.069 -2.019 -1.969 -1.920 -1.871 -1.826 -1.785 -1.752 -1.729 -1.715 
-1.708 -1.706 -1.707 -1.710 -1.714 -1.718 -1.722 -1.725 -1.727 -1.729 
-1.728 -1.726 -1.723 -1.717 -1.709 -1.700 -1.690 -1.680 -1.669 -1.661 
-1.655 -1.652 -1.655 -1.664 -1.679 -1.702 -1.733 -1.771 -1.818 -1.869 
-1.922 -1.977 -2.031 -2.084 -2.135 -2.184 -2.231 -2.276 -2.318 -2.357 
-2.402 
-2.545 -2.592 -2.628 -2.662 -2.694 -2.722 -2.749 -2.772 -2.794 -2.813 
-2.830 -2.844 -2.857 -2.867 -2.875 -2.880 -2.884 -2.886 -2.885 -2.883 
-2.878 -2.871 -2.862 -2.852 -2.838 -2.823 -2.806 -2.786 -2.764 -2.740 
-2.714 -2.685 -2.654 -2.621 -2.586 -2.548 -2.508 -2.465 -2.421 -2.375 
-2.326 -2.277 -2.226 -2.174 -2.122 -2.070 -2.019 -1.970 -1.922 -1.878 
-1.838 -1.801 -1.769 -1.742 -1.719 -1.700 -1.685 -1.673 -1.662 -1.652 
-1.642 -1.631 -1.618 -1.603 -1.586 -1.568 -1.548 -1.528 -1.510 -1.497 
-1.490 -1.494 -1.511 -1.542 -1.586 -1.641 -1.705 -1.774 -1.845 -1.918 
-1.989 -2.059 -2.126 -2.191 -2.252 -2.310 -2.364 -2.416 -2.464 -2.510 
-2.532 
-2.599 -2.616 -2.650 -2.680 -2.708 -2.733 -2.756 -2.776 -2.794 -2.810 
-2.823 -2.834 -2.842 -2.849 -2.853 -2.855 -2.855 -2.852 -2.848 -2.841 
-2.833 -2.822 -2.809 -2.794 -2.778 -2.759 -2.738 -2.716 -2.691 -2.665 
-2.637 -2.606 -2.574 -2.540 -2.504 -2.465 -2.425 -2.382 -2.337 -2.290 
-2.241 -2.190 -2.138 -2.085 -2.033 -1.982 -1.934 -1.889 -1.850 -1.816 
-1.789 -1.768 -1.753 -1.743 -1.737 -1.732 -1.728 -1.723 -1.716 -1.705 
-1.689 -1.665 -1.634 -1.596 -1.562 -1.545 -1.553 -1.574 -1.594 -1.610 
-1.623 -1.638 -1.659 -1.687 -1.724 -1.770 -1.822 -1.880 -1.941 -2.003 
-2.066 -2.128 -2.189 -2.248 -2.304 -2.357 -2.408 -2.455 -2.500 -2.542 
-2.585 
-2.682 -2.739 -2.764 -2.786 -2.806 -2.822 -2.836 -2.847 -2.855 -2.860 
-2.864 -2.865 -2.863 -2.860 -2.854 -2.846 -2.836 -2.825 -2.811 -2.796 
-2.780 -2.762 -2.742 -2.722 -2.701 -2.679 -2.656 -2.633 -2.610 -2.587 
-2.564 -2.542 -2.520 -2.499 -2.478 -2.458 -2.438 -2.419 -2.399 -2.379 
-2.359 -2.337 -2.314 -2.290 -2.264 -2.237 -2.208 -2.178 -2.147 -2.115 
-2.082 -2.047 -2.009 -1.968 -1.922 -1.870 -1.814 -1.754 -1.691 -1.625 
-1.552 -1.469 -1.378 -1.288 -1.221 -1.205 -1.250 -1.343 -1.457 -1.572 
-1.676 -1.767 -1.844 -1.912 -1.972 -2.028 -2.079 -2.129 -2.178 -2.227 
-2.277 -2.327 -2.376 -2.426 -2.474 -2.520 -2.564 -2.605 -2.644 -2.678 
-2.678 
-2.506 -2.533 -2.582 -2.628 -2.671 -2.711 -2.749 -2.783 -2.814 -2.843 
-2.868 -2.891 -2.912 -2.929 -2.944 -2.957 -2.967 -2.974 -2.979 -2.982 
-2.983 -2.981 -2.977 -2.971 -2.963 -2.953 -2.941 -2.928 -2.912 -2.896 
-2.877 -2.858 -2.836 -2.814 -2.790 -2.764 -2.737 -2.708 -2.677 -2.644 
-2.608 -2.569 -2.528 -2.484 -2.437 -2.386 -2.333 -2.276 -2.216 -2.153 
-2.086 -2.015 -1.940 -1.860 -1.778 -1.695 -1.618 -1.551 -1.502 -1.473 
-1.463 -1.466 -1.474 -1.481 -1.487 -1.505 -1.543 -1.594 -1.643 -1.684 
-1.715 -1.738 -1.754 -1.767 -1.779 -1.790 -1.805 -1.823 -1.848 -1.879 
-1.917 -1.963 -2.014 -2.070 -2.129 -2.189 -2.250 -2.311 -2.370 -2.427 
-2.485 
-2.481 -2.519 -2.557 -2.593 -2.626 -2.657 -2.686 -2.712 -2.737 -2.758 
-2.778 -2.796 -2.811 -2.824 -2.835 -2.844 -2.851 -2.856 -2.858 -2.859 
-2.858 -2.854 -2.848 -2.840 -2.830 -2.818 -2.804 -2.788 -2.769 -2.748 
-2.725 -2.700 -2.672 -2.642 -2.609 -2.574 -2.537 -2.498 -2.456 -2.412 
-2.365 -2.317 -2.268 -2.217 -2.166 -2.115 -2.065 -2.017 -1.972 -1.931 
-1.895 -1.864 -1.837 -1.815 -1.795 -1.778 -1.763 -1.749 -1.741 -1.739 
-1.744 -1.754 -1.768 -1.782 -1.795 -1.806 -1.815 -1.822 -1.828 -1.832 
-1.836 -1.840 -1.846 -1.853 -1.863 -1.876 -1.894 -1.918 -1.946 -1.979 
-2.017 -2.060 -2.105 -2.152 -2.201 -2.250 -2.299 -2.346 -2.392 -2.436 
-2.468 
-2.507 -2.515 -2.545 -2.572 -2.598 -2.622 -2.644 -2.663 -2.681 -2.697 
-2.711 -2.723 -2.734 -2.742 -2.748 -2.753 -2.755 -2.756 -2.755 -2.752 
-2.748 -2.742 -2.734 -2.725 -2.714 -2.701 -2.687 -2.672 -2.655 -2.637 
-2.617 -2.596 -2.573 -2.548 -2.521 -2.492 -2.461 -2.428 -2.393 -2.356 
-2.317 -2.276 -2.233 -2.189 -2.143 -2.097 -2.050 -2.003 -1.958 -1.913 
-1.872 -1.833 -1.797 -1.766 -1.739 -1.716 -1.697 -1.682 -1.671 -1.662 
-1.655 -1.649 -1.641 -1.631 -1.620 -1.612 -1.617 -1.640 -1.672 -1.706 
-1.738 -1.768 -1.798 -1.830 -1.862 -1.896 -1.933 -1.970 -2.010 -2.051 
-2.092 -2.135 -2.177 -2.219 -2.261 -2.302 -2.341 -2.379 -2.416 -2.451 
-2.495 
-2.763 -2.821 -2.834 -2.846 -2.855 -2.862 -2.866 -2.868 -2.869 -2.867 
-2.864 -2.858 -2.852 -2.843 -2.833 -2.822 -2.810 -2.798 -2.784 -2.770 
-2.756 -2.742 -2.728 -2.714 -2.702 -2.690 -2.679 -2.669 -2.661 -2.653 
-2.647 -2.642 -2.638 -2.633 -2.629 -2.625 -2.620 -2.614 -2.607 -2.598 
-2.587 -2.574 -2.558 -2.540 -2.519 -2.495 -2.469 -2.440 -2.409 -2.376 
-2.341 -2.305 -2.267 -2.228 -2.188 -2.145 -2.100 -2.050 -1.994 -1.930 
-1.856 -1.772 -1.677 -1.578 -1.487 -1.429 -1.425 -1.481 -1.579 -1.695 
-1.809 -1.914 -2.007 -2.090 -2.165 -2.232 -2.294 -2.351 -2.404 -2.453 
-2.499 -2.542 -2.582 -2.619 -2.653 -2.685 -2.714 -2.741 -2.764 -2.786 
-2.761 
-2.659 -2.660 -2.670 -2.677 -2.681 -2.684 -2.685 -2.684 -2.681 -2.677 
-2.672 -2.666 -2.659 -2.652 -2.644 -2.635 -2.627 -2.619 -2.612 -2.605 
-2.599 -2.594 -2.589 -2.586 -2.583 -2.582 -2.581 -2.580 -2.580 -2.580 
-2.581 -2.581 -2.580 -2.579 -2.577 -2.573 -2.569 -2.562 -2.555 -2.545 
-2.534 -2.522 -2.508 -2.492 -2.475 -2.457 -2.438 -2.417 -2.394 -2.368 
-2.340 -2.308 -2.272 -2.231 -2.185 -2.132 -2.072 -2.006 -1.931 -1.848 
-1.759 -1.665 -1.572 -1.490 -1.433 -1.413 -1.437 -1.501 -1.588 -1.683 
-1.773 -1.854 -1.925 -1.987 -2.042 -2.093 -2.144 -2.195 -2.247 -2.298 
-2.347 -2.393 -2.436 -2.476 -2.511 -2.543 -2.570 -2.595 -2.616 -2.633 
-2.656 
-2.637 -2.654 -2.687 -2.716 -2.742 -2.765 -2.785 -2.802 -2.817 -2.829 
-2.839 -2.847 -2.852 -2.856 -2.857 -2.857 -2.855 -2.852 -2.847 -2.841 
-2.833 -2.824 -2.813 -2.802 -2.788 -2.774 -2.758 -2.740 -2.720 -2.699 
-2.676 -2.651 -2.624 -2.596 -2.567 -2.536 -2.504 -2.471 -2.439 -2.406 
-2.375 -2.344 -2.316 -2.289 -2.266 -2.246 -2.229 -2.215 -2.203 -2.194 
-2.186 -2.178 -2.171 -2.162 -2.152 -2.138 -2.121 -2.100 -2.073 -2.041 
-2.002 -1.958 -1.911 -1.864 -1.827 -1.806 -1.802 -1.810 -1.820 -1.825 
-1.823 -1.816 -1.806 -1.799 -1.800 -1.814 -1.841 -1.882 -1.935 -1.996 
-2.062 -2.130 -2.197 -2.262 -2.325 -2.383 -2.438 -2.489 -2.536 -2.579 
-2.621 
-2.793 -2.828 -2.853 -2.874 -2.893 -2.910 -2.924 -2.936 -2.946 -2.953 
-2.959 -2.962 -2.963 -2.962 -2.959 -2.954 -2.948 -2.939 -2.928 -2.915 
-2.901 -2.884 -2.866 -2.846 -2.825 -2.801 -2.777 -2.750 -2.723 -2.694 
-2.664 -2.634 -2.602 -2.570 -2.538 -2.507 -2.475 -2.444 -2.414 -2.384 
-2.357 -2.330 -2.305 -2.282 -2.260 -2.239 -2.219 -2.200 -2.182 -2.164 
-2.145 -2.125 -2.104 -2.081 -2.056 -2.029 -1.998 -1.964 -1.927 -1.887 
-1.845 -1.802 -1.759 -1.721 -1.690 -1.673 -1.671 -1.687 -1.720 -1.765 
-1.819 -1.875 -1.930 -1.983 -2.035 -2.087 -2.140 -2.196 -2.253 -2.311 
-2.369 -2.426 -2.479 -2.531 -2.579 -2.624 -2.665 -2.704 -2.739 -2.772 
-2.786 
-2.772 -2.822 -2.853 -2.883 -2.910 -2.936 -2.960 -2.982 -3.002 -3.019 
-3.035 -3.049 -3.061 -3.071 -3.078 -3.084 -3.088 -3.090 -3.090 -3.088 
-3.084 -3.078 -3.070 -3.061 -3.049 -3.036 -3.021 -3.004 -2.985 -2.965 
-2.943 -2.919 -2.894 -2.868 -2.840 -2.811 -2.781 -2.751 -2.720 -2.688 
-2.656 -2.623 -2.591 -2.558 -2.526 -2.494 -2.462 -2.431 -2.401 -2.371 
-2.343 -2.317 -2.292 -2.268 -2.246 -2.225 -2.205 -2.186 -2.167 -2.148 
-2.129 -2.109 -2.089 -2.070 -2.054 -2.044 -2.040 -2.044 -2.056 -2.072 
-2.093 -2.115 -2.139 -2.164 -2.192 -2.222 -2.254 -2.288 -2.325 -2.363 
-2.402 -2.442 -2.482 -2.522 -2.563 -2.603 -2.642 -2.680 -2.718 -2.754 
-2.763 
-2.567 -2.575 -2.610 -2.644 -2.677 -2.708 -2.739 -2.767 -2.794 -2.820 
-2.844 -2.865 -2.886 -2.904 -2.921 -2.935 -2.948 -2.959 -2.969 -2.976 
-2.982 -2.985 -2.987 -2.987 -2.985 -2.981 -2.976 -2.968 -2.959 -2.948 
-2.934 -2.919 -2.902 -2.883 -2.862 -2.839 -2.815 -2.788 -2.759 -2.729 
-2.697 -2.664 -2.629 -2.592 -2.555 -2.517 -2.478 -2.439 -2.401 -2.363 
-2.327 -2.293 -2.261 -2.232 -2.206 -2.184 -2.164 -2.148 -2.134 -2.121 
-2.108 -2.096 -2.082 -2.068 -2.054 -2.041 -2.033 -2.031 -2.036 -2.047 
-2.062 -2.078 -2.094 -2.111 -2.126 -2.141 -2.157 -2.172 -2.189 -2.208 
-2.229 -2.251 -2.277 -2.304 -2.334 -2.365 -2.399 -2.433 -2.468 -2.504 
-2.552 
-2.671 -2.700 -2.732 -2.763 -2.793 -2.822 -2.849 -2.875 -2.900 -2.924 
-2.946 -2.967 -2.986 -3.004 -3.021 -3.036 -3.050 -3.062 -3.073 -3.083 
-3.091 -3.097 -3.102 -3.105 -3.106 -3.106 -3.105 -3.101 -3.096 -3.089 
-3.081 -3.070 -3.058 -3.044 -3.028 -3.011 -2.991 -2.970 -2.947 -2.922 
-2.895 -2.866 -2.836 -2.804 -2.771 -2.737 -2.701 -2.664 -2.627 -2.588 
-2.549 -2.509 -2.467 -2.425 -2.381 -2.334 -2.286 -2.234 -2.178 -2.119 
-2.056 -1.991 -1.925 -1.860 -1.802 -1.755 -1.724 -1.713 -1.721 -1.747 
-1.786 -1.833 -1.885 -1.938 -1.991 -2.043 -2.094 -2.143 -2.191 -2.238 
-2.282 -2.326 -2.367 -2.408 -2.448 -2.487 -2.525 -2.562 -2.598 -2.633 
-2.660 
-2.908 -2.940 -2.975 -3.007 -3.038 -3.066 -3.091 -3.115 -3.136 -3.156 
-3.173 -3.189 -3.202 -3.213 -3.223 -3.230 -3.235 -3.239 -3.240 -3.239 
-3.236 -3.232 -3.225 -3.216 -3.205 -3.191 -3.176 -3.158 -3.138 -3.115 
-3.090 -3.061 -3.030 -2.996 -2.958 -2.917 -2.871 -2.820 -2.763 -2.703 
-2.643 -2.591 -2.556 -2.538 -2.532 -2.528 -2.520 -2.508 -2.492 -2.475 
-2.457 -2.438 -2.421 -2.404 -2.386 -2.369 -2.351 -2.332 -2.310 -2.286 
-2.259 -2.229 -2.196 -2.161 -2.126 -2.093 -2.064 -2.043 -2.029 -2.020 
-2.014 -2.008 -2.000 -1.989 -1.989 -2.025 -2.094 -2.171 -2.245 -2.316 
-2.383 -2.447 -2.509 -2.568 -2.624 -2.678 -2.728 -2.776 -2.821 -2.863 
-2.895 
-3.207 -3.269 -3.306 -3.339 -3.370 -3.396 -3.420 -3.441 -3.459 -3.474 
-3.486 -3.495 -3.502 -3.506 -3.507 -3.506 -3.502 -3.495 -3.486 -3.473 
-3.458 -3.440 -3.419 -3.394 -3.367 -3.335 -3.301 -3.262 -3.219 -3.171 
-3.119 -3.061 -2.997 -2.927 -2.850 -2.765 -2.672 -2.572 -2.467 -2.362 
-2.267 -2.198 -2.167 -2.179 -2.225 -2.289 -2.359 -2.425 -2.484 -2.534 
-2.575 -2.609 -2.636 -2.656 -2.671 -2.681 -2.687 -2.688 -2.684 -2.675 
-2.662 -2.644 -2.620 -2.591 -2.555 -2.513 -2.463 -2.404 -2.335 -2.254 
-2.160 -2.050 -1.928 -1.814 -1.751 -1.782 -1.902 -2.062 -2.224 -2.370 
-2.498 -2.611 -2.711 -2.800 -2.880 -2.953 -3.018 -3.078 -3.133 -3.182 
-3.195 
-3.222 -3.250 -3.285 -3.316 -3.344 -3.369 -3.391 -3.409 -3.425 -3.439 
-3.449 -3.457 -3.462 -3.465 -3.465 -3.462 -3.457 -3.449 -3.439 -3.426 
-3.411 -3.392 -3.371 -3.347 -3.321 -3.291 -3.259 -3.223 -3.184 -3.142 
-3.097 -3.048 -2.996 -2.941 -2.882 -2.821 -2.756 -2.689 -2.622 -2.554 
-2.492 -2.440 -2.407 -2.394 -2.398 -2.412 -2.432 -2.456 -2.482 -2.509 
-2.534 -2.558 -2.580 -2.597 -2.611 -2.621 -2.626 -2.626 -2.621 -2.611 
-2.595 -2.573 -2.545 -2.511 -2.470 -2.422 -2.367 -2.306 -2.239 -2.170 
-2.103 -2.043 -1.996 -1.968 -1.968 -2.018 -2.113 -2.225 -2.340 -2.449 
-2.552 -2.646 -2.734 -2.813 -2.887 -2.954 -3.015 -3.071 -3.122 -3.169 
-3.208 
-3.208 -3.239 -3.279 -3.316 -3.349 -3.378 -3.404 -3.427 -3.447 -3.464 
-3.479 -3.490 -3.499 -3.505 -3.509 -3.510 -3.508 -3.504 -3.497 -3.488 
-3.476 -3.461 -3.444 -3.424 -3.401 -3.375 -3.347 -3.315 -3.281 -3.243 
-3.202 -3.159 -3.112 -3.061 -3.008 -2.953 -2.894 -2.834 -2.774 -2.714 
-2.655 -2.601 -2.552 -2.511 -2.479 -2.456 -2.442 -2.437 -2.441 -2.452 
-2.471 -2.494 -2.519 -2.544 -2.566 -2.585 -2.600 -2.609 -2.613 -2.612 
-2.604 -2.590 -2.569 -2.541 -2.506 -2.462 -2.409 -2.347 -2.274 -2.192 
-2.104 -2.019 -1.959 -1.938 -1.950 -1.985 -2.044 -2.129 -2.231 -2.341 
-2.450 -2.554 -2.652 -2.742 -2.825 -2.901 -2.971 -3.035 -3.093 -3.146 
-3.192 
-3.230 -3.279 -3.318 -3.353 -3.385 -3.414 -3.440 -3.463 -3.483 -3.501 
-3.516 -3.528 -3.538 -3.545 -3.550 -3.552 -3.552 -3.550 -3.545 -3.538 
-3.528 -3.516 -3.501 -3.484 -3.464 -3.441 -3.416 -3.387 -3.356 -3.322 
-3.285 -3.245 -3.201 -3.154 -3.103 -3.048 -2.990 -2.928 -2.862 -2.792 
-2.720 -2.644 -2.567 -2.489 -2.412 -2.340 -2.276 -2.224 -2.189 -2.172 
-2.172 -2.186 -2.208 -2.235 -2.262 -2.286 -2.307 -2.322 -2.332 -2.335 
-2.330 -2.318 -2.297 -2.268 -2.228 -2.178 -2.115 -2.038 -1.947 -1.843 
-1.735 -1.645 -1.607 -1.646 -1.751 -1.889 -2.033 -2.172 -2.303 -2.423 
-2.533 -2.634 -2.727 -2.811 -2.889 -2.960 -3.025 -3.085 -3.140 -3.190 
-3.217 
-3.106 -3.134 -3.171 -3.205 -3.236 -3.264 -3.290 -3.313 -3.333 -3.351 
-3.367 -3.380 -3.391 -3.399 -3.405 -3.409 -3.411 -3.410 -3.407 -3.402 
-3.395 -3.385 -3.373 -3.359 -3.342 -3.323 -3.302 -3.278 -3.251 -3.222 
-3.191 -3.156 -3.119 -3.080 -3.037 -2.992 -2.944 -2.893 -2.840 -2.784 
-2.727 -2.667 -2.607 -2.547 -2.488 -2.432 -2.381 -2.337 -2.302 -2.278 
-2.264 -2.258 -2.259 -2.264 -2.272 -2.281 -2.290 -2.297 -2.302 -2.304 
-2.302 -2.296 -2.285 -2.270 -2.251 -2.226 -2.197 -2.163 -2.125 -2.082 
-2.037 -1.997 -1.981 -2.008 -2.069 -2.142 -2.218 -2.293 -2.368 -2.443 
-2.516 -2.588 -2.657 -2.723 -2.786 -2.846 -2.903 -2.956 -3.005 -3.051 
-3.092 
-3.079 -3.100 -3.138 -3.173 -3.206 -3.235 -3.262 -3.286 -3.307 -3.326 
-3.343 -3.357 -3.368 -3.378 -3.385 -3.389 -3.391 -3.391 -3.389 -3.384 
-3.377 -3.368 -3.356 -3.342 -3.326 -3.307 -3.286 -3.262 -3.236 -3.207 
-3.176 -3.142 -3.105 -3.066 -3.025 -2.981 -2.934 -2.886 -2.836 -2.784 
-2.733 -2.681 -2.631 -2.584 -2.541 -2.503 -2.472 -2.449 -2.433 -2.424 
-2.421 -2.424 -2.431 -2.441 -2.452 -2.463 -2.474 -2.483 -2.490 -2.494 
-2.494 -2.492 -2.486 -2.476 -2.462 -2.446 -2.426 -2.404 -2.380 -2.357 
-2.335 -2.316 -2.303 -2.298 -2.301 -2.315 -2.339 -2.373 -2.415 -2.464 
-2.519 -2.577 -2.636 -2.696 -2.755 -2.812 -2.867 -2.919 -2.969 -3.016 
-3.063 
-3.136 -3.198 -3.230 -3.259 -3.286 -3.310 -3.332 -3.351 -3.368 -3.382 
-3.394 -3.404 -3.411 -3.416 -3.420 -3.420 -3.419 -3.416 -3.410 -3.402 
-3.392 -3.380 -3.365 -3.349 -3.329 -3.308 -3.284 -3.258 -3.229 -3.198 
-3.163 -3.127 -3.087 -3.045 -3.000 -2.952 -2.901 -2.849 -2.794 -2.738 
-2.682 -2.627 -2.576 -2.529 -2.490 -2.459 -2.439 -2.428 -2.426 -2.430 
-2.440 -2.452 -2.465 -2.478 -2.489 -2.497 -2.502 -2.504 -2.503 -2.498 
-2.490 -2.478 -2.463 -2.445 -2.425 -2.404 -2.381 -2.358 -2.337 -2.318 
-2.304 -2.296 -2.298 -2.311 -2.335 -2.371 -2.417 -2.470 -2.529 -2.590 
-2.652 -2.715 -2.775 -2.834 -2.890 -2.943 -2.993 -3.040 -3.084 -3.125 
-3.127 
-2.942 -2.945 -2.972 -2.996 -3.018 -3.037 -3.055 -3.071 -3.086 -3.098 
-3.108 -3.117 -3.124 -3.129 -3.132 -3.134 -3.134 -3.132 -3.128 -3.123 
-3.117 -3.108 -3.099 -3.087 -3.074 -3.060 -3.044 -3.026 -3.007 -2.987 
-2.965 -2.942 -2.918 -2.893 -2.866 -2.838 -2.809 -2.780 -2.749 -2.718 
-2.686 -2.654 -2.622 -2.591 -2.562 -2.534 -2.508 -2.485 -2.463 -2.442 
-2.421 -2.400 -2.379 -2.357 -2.334 -2.309 -2.284 -2.257 -2.228 -2.199 
-2.167 -2.135 -2.102 -2.070 -2.039 -2.012 -1.993 -1.983 -1.986 -2.002 
-2.027 -2.061 -2.101 -2.145 -2.194 -2.245 -2.298 -2.352 -2.406 -2.459 
-2.511 -2.562 -2.610 -2.657 -2.701 -2.742 -2.782 -2.819 -2.854 -2.887 
-2.931 
-2.975 -3.008 -3.035 -3.059 -3.081 -3.102 -3.120 -3.136 -3.151 -3.164 
-3.176 -3.186 -3.194 -3.201 -3.207 -3.212 -3.215 -3.216 -3.217 -3.216 
-3.214 -3.210 -3.206 -3.200 -3.192 -3.183 -3.173 -3.161 -3.148 -3.134 
-3.118 -3.100 -3.081 -3.061 -3.039 -3.016 -2.991 -2.965 -2.938 -2.909 
-2.879 -2.848 -2.816 -2.783 -2.748 -2.713 -2.676 -2.638 -2.599 -2.559 
-2.517 -2.474 -2.429 -2.383 -2.334 -2.283 -2.230 -2.174 -2.116 -2.055 
-1.992 -1.928 -1.866 -1.807 -1.755 -1.713 -1.687 -1.680 -1.697 -1.737 
-1.796 -1.869 -1.949 -2.032 -2.114 -2.195 -2.272 -2.345 -2.415 -2.480 
-2.542 -2.600 -2.655 -2.706 -2.754 -2.798 -2.840 -2.879 -2.915 -2.949 
-2.964 
-2.945 -2.957 -2.974 -2.988 -3.000 -3.011 -3.020 -3.028 -3.034 -3.041 
-3.046 -3.051 -3.055 -3.059 -3.063 -3.067 -3.071 -3.074 -3.078 -3.081 
-3.084 -3.087 -3.089 -3.091 -3.093 -3.094 -3.094 -3.094 -3.092 -3.090 
-3.086 -3.081 -3.075 -3.067 -3.057 -3.046 -3.032 -3.017 -2.998 -2.978 
-2.954 -2.927 -2.896 -2.861 -2.821 -2.775 -2.721 -2.659 -2.590 -2.515 
-2.446 -2.396 -2.372 -2.362 -2.348 -2.322 -2.282 -2.229 -2.168 -2.101 
-2.033 -1.969 -1.917 -1.884 -1.873 -1.883 -1.912 -1.955 -2.008 -2.070 
-2.137 -2.206 -2.273 -2.335 -2.390 -2.438 -2.479 -2.512 -2.539 -2.565 
-2.594 -2.627 -2.667 -2.710 -2.753 -2.793 -2.830 -2.863 -2.892 -2.917 
-2.941 
-2.993 -3.030 -3.084 -3.132 -3.177 -3.216 -3.252 -3.284 -3.313 -3.338 
-3.361 -3.381 -3.398 -3.414 -3.427 -3.438 -3.448 -3.455 -3.461 -3.466 
-3.468 -3.469 -3.468 -3.466 -3.461 -3.455 -3.446 -3.435 -3.422 -3.406 
-3.387 -3.366 -3.341 -3.313 -3.281 -3.245 -3.205 -3.160 -3.111 -3.055 
-2.993 -2.925 -2.849 -2.765 -2.672 -2.569 -2.456 -2.336 -2.211 -2.094 
-2.002 -1.956 -1.966 -2.021 -2.101 -2.185 -2.261 -2.322 -2.367 -2.396 
-2.410 -2.413 -2.411 -2.411 -2.420 -2.439 -2.464 -2.490 -2.512 -2.526 
-2.530 -2.525 -2.510 -2.486 -2.454 -2.416 -2.375 -2.335 -2.302 -2.284 
-2.287 -2.314 -2.364 -2.432 -2.511 -2.595 -2.678 -2.759 -2.835 -2.905 
-2.967 
-3.194 -3.257 -3.308 -3.355 -3.398 -3.437 -3.473 -3.506 -3.535 -3.561 
-3.584 -3.604 -3.621 -3.636 -3.648 -3.657 -3.664 -3.668 -3.670 -3.669 
-3.666 -3.661 -3.653 -3.642 -3.630 -3.615 -3.598 -3.578 -3.556 -3.531 
-3.504 -3.475 -3.443 -3.408 -3.370 -3.330 -3.286 -3.239 -3.188 -3.133 
-3.073 -3.009 -2.940 -2.866 -2.788 -2.708 -2.626 -2.547 -2.473 -2.409 
-2.363 -2.345 -2.362 -2.407 -2.464 -2.523 -2.577 -2.624 -2.663 -2.694 
-2.716 -2.731 -2.738 -2.736 -2.727 -2.710 -2.686 -2.656 -2.622 -2.590 
-2.564 -2.547 -2.540 -2.538 -2.535 -2.529 -2.522 -2.517 -2.518 -2.530 
-2.557 -2.599 -2.655 -2.722 -2.794 -2.868 -2.942 -3.013 -3.080 -3.143 
-3.178 
-3.260 -3.289 -3.322 -3.351 -3.377 -3.400 -3.421 -3.438 -3.454 -3.466 
-3.477 -3.485 -3.491 -3.494 -3.496 -3.495 -3.493 -3.488 -3.481 -3.473 
-3.463 -3.450 -3.437 -3.421 -3.404 -3.385 -3.365 -3.344 -3.322 -3.298 
-3.274 -3.248 -3.222 -3.196 -3.169 -3.142 -3.115 -3.087 -3.060 -3.032 
-3.003 -2.974 -2.945 -2.914 -2.882 -2.851 -2.820 -2.792 -2.768 -2.750 
-2.740 -2.736 -2.736 -2.737 -2.738 -2.735 -2.728 -2.716 -2.698 -2.675 
-2.645 -2.610 -2.567 -2.519 -2.464 -2.404 -2.340 -2.276 -2.216 -2.168 
-2.140 -2.140 -2.166 -2.216 -2.281 -2.352 -2.424 -2.496 -2.566 -2.636 
-2.705 -2.773 -2.839 -2.903 -2.965 -3.022 -3.076 -3.126 -3.172 -3.215 
-3.249 
-3.189 -3.246 -3.291 -3.333 -3.370 -3.404 -3.435 -3.463 -3.488 -3.510 
-3.529 -3.545 -3.559 -3.570 -3.578 -3.584 -3.588 -3.589 -3.587 -3.584 
-3.577 -3.569 -3.558 -3.545 -3.529 -3.511 -3.491 -3.468 -3.443 -3.415 
-3.385 -3.352 -3.316 -3.278 -3.237 -3.193 -3.147 -3.097 -3.045 -2.990 
-2.932 -2.873 -2.814 -2.755 -2.699 -2.649 -2.606 -2.575 -2.555 -2.548 
-2.551 -2.564 -2.583 -2.605 -2.628 -2.650 -2.670 -2.686 -2.698 -2.706 
-2.708 -2.705 -2.696 -2.681 -2.660 -2.632 -2.600 -2.562 -2.522 -2.483 
-2.449 -2.423 -2.405 -2.395 -2.389 -2.391 -2.403 -2.426 -2.461 -2.506 
-2.560 -2.621 -2.687 -2.756 -2.826 -2.896 -2.963 -3.028 -3.088 -3.145 
-3.174 
-3.015 -3.035 -3.090 -3.141 -3.189 -3.232 -3.272 -3.308 -3.340 -3.370 
-3.396 -3.419 -3.439 -3.456 -3.470 -3.481 -3.490 -3.496 -3.499 -3.500 
-3.498 -3.493 -3.486 -3.476 -3.463 -3.448 -3.429 -3.408 -3.384 -3.357 
-3.327 -3.294 -3.257 -3.217 -3.174 -3.128 -3.078 -3.024 -2.968 -2.908 
-2.846 -2.783 -2.721 -2.660 -2.603 -2.555 -2.517 -2.491 -2.480 -2.483 
-2.498 -2.522 -2.552 -2.585 -2.620 -2.653 -2.685 -2.713 -2.737 -2.757 
-2.773 -2.785 -2.791 -2.793 -2.791 -2.783 -2.771 -2.753 -2.731 -2.704 
-2.673 -2.637 -2.599 -2.557 -2.516 -2.475 -2.438 -2.407 -2.384 -2.373 
-2.377 -2.399 -2.438 -2.492 -2.556 -2.627 -2.700 -2.773 -2.844 -2.911 
-2.979 
