IRGRID 64 91
1e+308

0.025 0.03 0.035 0.04 0.045 0.05 0.055 0.06 0.065 0.07
0.075 0.08 0.085 0.09 0.095 0.1 0.11 0.12 0.13 0.14
0.15 0.16 0.17 0.18 0.19 0.2 0.21 0.22 0.23 0.24
0.25 0.26 0.27 0.28 0.29 0.3 0.31 0.32 0.33 0.34
0.35 0.36 0.37 0.38 0.39 0.4 0.41 0.42 0.43 0.44
0.45 0.46 0.47 0.48 0.49 0.5 0.51 0.52 0.53 0.54
0.55 0.56 0.57 0.58
0 4 8 12 16 20 24 28 32 36
40 44 48 52 56 60 64 68 72 76
80 84 88 92 96 100 104 108 112 116
120 124 128 132 136 140 144 148 152 156
160 164 168 172 176 180 184 188 192 196
200 204 208 212 216 220 224 228 232 236
240 244 248 252 256 260 264 268 272 276
280 284 288 292 296 300 304 308 312 316
320 324 328 332 336 340 344 348 352 356
360
-3.106 -3.196 -3.242 -3.285 -3.325 -3.362 -3.397 -3.429 -3.458 -3.485 
-3.510 -3.532 -3.552 -3.570 -3.585 -3.599 -3.610 -3.619 -3.626 -3.631 
-3.634 -3.635 -3.633 -3.630 -3.624 -3.617 -3.607 -3.595 -3.580 -3.564 
-3.545 -3.523 -3.499 -3.472 -3.443 -3.411 -3.375 -3.337 -3.295 -3.250 
-3.200 -3.146 -3.088 -3.024 -2.955 -2.878 -2.794 -2.699 -2.593 -2.472 
-2.329 -2.159 -1.954 -1.725 -1.569 -1.583 -1.606 -1.535 -1.412 -1.314 
-1.298 -1.370 -1.493 -1.628 -1.752 -1.859 -1.950 -2.027 -2.093 -2.149 
-2.197 -2.237 -2.270 -2.296 -2.315 -2.329 -2.340 -2.353 -2.376 -2.415 
-2.470 -2.538 -2.614 -2.692 -2.768 -2.842 -2.911 -2.976 -3.036 -3.093 
-3.091 
-2.670 -2.750 -2.803 -2.852 -2.897 -2.939 -2.977 -3.013 -3.045 -3.075 
-3.102 -3.126 -3.147 -3.166 -3.183 -3.197 -3.209 -3.218 -3.225 -3.230 
-3.232 -3.232 -3.230 -3.226 -3.219 -3.210 -3.198 -3.184 -3.168 -3.149 
-3.127 -3.103 -3.076 -3.046 -3.013 -2.977 -2.937 -2.894 -2.847 -2.796 
-2.740 -2.680 -2.614 -2.543 -2.464 -2.379 -2.284 -2.178 -2.059 -1.923 
-1.764 -1.574 -1.353 -1.138 -1.021 -1.069 -1.209 -1.341 -1.428 -1.481 
-1.534 -1.605 -1.678 -1.742 -1.794 -1.834 -1.864 -1.886 -1.901 -1.909 
-1.911 -1.908 -1.899 -1.887 -1.871 -1.854 -1.840 -1.835 -1.846 -1.877 
-1.931 -2.002 -2.083 -2.170 -2.257 -2.341 -2.421 -2.496 -2.567 -2.632 
-2.653 
-2.304 -2.312 -2.354 -2.392 -2.428 -2.462 -2.493 -2.522 -2.548 -2.571 
-2.593 -2.612 -2.628 -2.642 -2.654 -2.664 -2.672 -2.677 -2.680 -2.680 
-2.679 -2.675 -2.669 -2.660 -2.649 -2.636 -2.620 -2.601 -2.580 -2.556 
-2.530 -2.500 -2.467 -2.431 -2.391 -2.348 -2.301 -2.250 -2.196 -2.136 
-2.073 -2.006 -1.936 -1.863 -1.790 -1.718 -1.648 -1.581 -1.516 -1.449 
-1.378 -1.299 -1.212 -1.119 -1.043 -1.019 -1.019 -1.029 -1.050 -1.078 
-1.109 -1.137 -1.156 -1.163 -1.151 -1.115 -1.050 -0.969 -0.937 -1.012 
-1.138 -1.248 -1.329 -1.389 -1.438 -1.481 -1.522 -1.565 -1.611 -1.662 
-1.716 -1.774 -1.834 -1.894 -1.953 -2.011 -2.067 -2.121 -2.173 -2.222 
-2.285 
-2.052 -2.147 -2.172 -2.196 -2.219 -2.241 -2.262 -2.282 -2.301 -2.319 
-2.335 -2.350 -2.364 -2.376 -2.386 -2.395 -2.401 -2.405 -2.408 -2.408 
-2.405 -2.400 -2.393 -2.383 -2.370 -2.354 -2.335 -2.313 -2.287 -2.258 
-2.226 -2.189 -2.149 -2.104 -2.055 -2.002 -1.943 -1.880 -1.812 -1.740 
-1.663 -1.584 -1.503 -1.423 -1.348 -1.282 -1.227 -1.188 -1.163 -1.150 
-1.144 -1.141 -1.136 -1.125 -1.107 -1.081 -1.045 -0.996 -0.925 -0.826 
-0.694 -0.557 -0.490 -0.523 -0.562 -0.538 -0.450 -0.352 -0.321 -0.409 
-0.585 -0.784 -0.966 -1.121 -1.251 -1.361 -1.456 -1.539 -1.612 -1.677 
-1.736 -1.790 -1.839 -1.884 -1.926 -1.964 -1.999 -2.033 -2.063 -2.093 
-2.048 
-1.531 -1.529 -1.542 -1.553 -1.564 -1.573 -1.582 -1.589 -1.594 -1.598 
-1.601 -1.604 -1.606 -1.609 -1.613 -1.619 -1.627 -1.638 -1.651 -1.666 
-1.682 -1.700 -1.717 -1.734 -1.750 -1.764 -1.777 -1.787 -1.795 -1.800 
-1.803 -1.804 -1.801 -1.795 -1.786 -1.774 -1.759 -1.740 -1.717 -1.691 
-1.660 -1.625 -1.587 -1.544 -1.499 -1.452 -1.405 -1.357 -1.310 -1.260 
-1.205 -1.143 -1.070 -0.985 -0.885 -0.765 -0.619 -0.434 -0.174 0.294 
0.793 0.267 0.181 0.076 -0.085 -0.251 -0.386 -0.480 -0.556 -0.659 
-0.777 -0.881 -0.968 -1.041 -1.102 -1.155 -1.200 -1.240 -1.276 -1.307 
-1.335 -1.360 -1.383 -1.404 -1.423 -1.441 -1.457 -1.473 -1.488 -1.503 
-1.524 
-1.084 -1.130 -1.120 -1.111 -1.103 -1.095 -1.088 -1.081 -1.075 -1.068 
-1.062 -1.055 -1.050 -1.046 -1.045 -1.048 -1.054 -1.065 -1.080 -1.099 
-1.121 -1.146 -1.171 -1.198 -1.224 -1.249 -1.273 -1.295 -1.314 -1.332 
-1.347 -1.360 -1.369 -1.376 -1.380 -1.381 -1.378 -1.373 -1.364 -1.352 
-1.336 -1.316 -1.293 -1.265 -1.233 -1.196 -1.154 -1.107 -1.052 -0.991 
-0.921 -0.841 -0.750 -0.643 -0.517 -0.364 -0.171 0.093 0.527 1.090 
1.406 1.230 1.233 0.460 0.098 -0.141 -0.320 -0.462 -0.579 -0.677 
-0.760 -0.832 -0.894 -0.947 -0.993 -1.032 -1.066 -1.095 -1.118 -1.138 
-1.153 -1.164 -1.172 -1.176 -1.178 -1.176 -1.173 -1.167 -1.159 -1.150 
-1.087 
-0.674 -0.633 -0.630 -0.631 -0.636 -0.646 -0.660 -0.680 -0.703 -0.730 
-0.760 -0.792 -0.825 -0.858 -0.891 -0.924 -0.955 -0.986 -1.016 -1.045 
-1.072 -1.098 -1.122 -1.144 -1.163 -1.181 -1.195 -1.208 -1.217 -1.224 
-1.229 -1.230 -1.229 -1.225 -1.218 -1.208 -1.195 -1.178 -1.158 -1.135 
-1.108 -1.077 -1.043 -1.003 -0.959 -0.910 -0.855 -0.794 -0.726 -0.649 
-0.564 -0.468 -0.359 -0.235 -0.091 0.078 0.282 0.536 0.866 1.284 
1.601 1.781 1.880 1.428 0.861 0.593 0.408 0.261 0.134 0.021 
-0.082 -0.176 -0.260 -0.335 -0.401 -0.459 -0.508 -0.550 -0.584 -0.612 
-0.633 -0.649 -0.660 -0.667 -0.669 -0.668 -0.665 -0.659 -0.652 -0.645 
-0.678 
-0.922 -0.983 -1.000 -1.016 -1.032 -1.049 -1.066 -1.084 -1.103 -1.122 
-1.141 -1.160 -1.177 -1.193 -1.208 -1.221 -1.232 -1.241 -1.248 -1.254 
-1.258 -1.259 -1.260 -1.258 -1.255 -1.250 -1.243 -1.234 -1.224 -1.211 
-1.196 -1.179 -1.160 -1.138 -1.114 -1.086 -1.056 -1.022 -0.985 -0.945 
-0.900 -0.851 -0.798 -0.740 -0.676 -0.607 -0.531 -0.448 -0.358 -0.258 
-0.148 -0.025 0.111 0.265 0.441 0.647 0.894 1.200 1.579 1.918 
2.037 1.923 1.782 1.392 1.169 1.004 0.863 0.735 0.612 0.492 
0.373 0.256 0.143 0.034 -0.071 -0.169 -0.262 -0.348 -0.429 -0.503 
-0.571 -0.633 -0.689 -0.740 -0.786 -0.826 -0.862 -0.893 -0.920 -0.944 
-0.913 
-0.850 -0.854 -0.867 -0.878 -0.886 -0.893 -0.899 -0.904 -0.907 -0.909 
-0.910 -0.910 -0.909 -0.908 -0.906 -0.904 -0.901 -0.899 -0.895 -0.892 
-0.889 -0.885 -0.881 -0.878 -0.873 -0.869 -0.864 -0.859 -0.853 -0.846 
-0.839 -0.831 -0.821 -0.811 -0.799 -0.785 -0.770 -0.752 -0.733 -0.711 
-0.687 -0.660 -0.630 -0.597 -0.560 -0.519 -0.473 -0.422 -0.365 -0.301 
-0.230 -0.150 -0.059 0.045 0.167 0.310 0.484 0.702 0.988 1.354 
1.629 1.809 1.855 1.566 1.178 0.899 0.691 0.524 0.384 0.260 
0.150 0.049 -0.043 -0.127 -0.204 -0.275 -0.340 -0.400 -0.455 -0.506 
-0.552 -0.595 -0.634 -0.670 -0.703 -0.732 -0.759 -0.783 -0.804 -0.823 
-0.847 
-0.835 -0.846 -0.879 -0.910 -0.939 -0.965 -0.990 -1.012 -1.033 -1.051 
-1.068 -1.083 -1.096 -1.108 -1.117 -1.126 -1.133 -1.138 -1.142 -1.144 
-1.146 -1.145 -1.144 -1.141 -1.137 -1.131 -1.124 -1.116 -1.106 -1.094 
-1.081 -1.065 -1.048 -1.029 -1.008 -0.985 -0.959 -0.931 -0.901 -0.868 
-0.832 -0.793 -0.751 -0.705 -0.656 -0.603 -0.545 -0.483 -0.416 -0.343 
-0.264 -0.178 -0.083 0.021 0.137 0.267 0.414 0.583 0.780 1.011 
1.282 1.607 1.800 1.726 1.489 1.208 0.976 0.792 0.641 0.514 
0.402 0.303 0.213 0.130 0.052 -0.021 -0.090 -0.157 -0.221 -0.282 
-0.341 -0.398 -0.452 -0.505 -0.555 -0.603 -0.649 -0.693 -0.735 -0.774 
-0.819 
-1.130 -1.184 -1.218 -1.251 -1.281 -1.309 -1.335 -1.359 -1.381 -1.400 
-1.418 -1.434 -1.447 -1.459 -1.469 -1.477 -1.483 -1.487 -1.489 -1.490 
-1.488 -1.485 -1.479 -1.472 -1.462 -1.451 -1.438 -1.422 -1.405 -1.385 
-1.363 -1.339 -1.313 -1.284 -1.253 -1.219 -1.183 -1.144 -1.102 -1.057 
-1.009 -0.957 -0.902 -0.843 -0.779 -0.712 -0.639 -0.561 -0.477 -0.386 
-0.288 -0.182 -0.065 0.063 0.204 0.363 0.541 0.741 0.959 1.174 
1.349 1.432 1.393 1.277 1.046 0.841 0.673 0.530 0.404 0.288 
0.181 0.081 -0.014 -0.105 -0.192 -0.275 -0.354 -0.430 -0.502 -0.571 
-0.638 -0.701 -0.761 -0.818 -0.873 -0.925 -0.974 -1.021 -1.065 -1.107 
-1.120 
-1.310 -1.368 -1.401 -1.432 -1.460 -1.485 -1.509 -1.529 -1.548 -1.565 
-1.579 -1.592 -1.602 -1.611 -1.618 -1.623 -1.626 -1.627 -1.627 -1.625 
-1.621 -1.616 -1.609 -1.600 -1.589 -1.577 -1.563 -1.547 -1.530 -1.511 
-1.489 -1.466 -1.442 -1.415 -1.386 -1.355 -1.322 -1.286 -1.249 -1.209 
-1.166 -1.121 -1.072 -1.021 -0.966 -0.907 -0.844 -0.777 -0.704 -0.626 
-0.541 -0.448 -0.345 -0.231 -0.102 0.044 0.215 0.419 0.672 1.001 
1.346 1.660 1.247 0.872 0.585 0.372 0.201 0.058 -0.067 -0.178 
-0.277 -0.368 -0.451 -0.527 -0.596 -0.660 -0.718 -0.771 -0.819 -0.865 
-0.908 -0.950 -0.992 -1.035 -1.079 -1.123 -1.168 -1.212 -1.254 -1.294 
-1.303 
-1.144 -1.174 -1.232 -1.287 -1.339 -1.387 -1.433 -1.476 -1.516 -1.552 
-1.586 -1.617 -1.645 -1.671 -1.694 -1.714 -1.732 -1.747 -1.761 -1.772 
-1.780 -1.787 -1.791 -1.793 -1.793 -1.790 -1.786 -1.779 -1.770 -1.759 
-1.746 -1.730 -1.712 -1.692 -1.670 -1.645 -1.617 -1.587 -1.554 -1.518 
-1.479 -1.437 -1.392 -1.343 -1.289 -1.232 -1.170 -1.102 -1.028 -0.947 
-0.858 -0.759 -0.648 -0.521 -0.374 -0.198 0.024 0.326 0.770 1.024 
1.467 1.905 1.448 0.724 0.363 0.139 -0.023 -0.147 -0.245 -0.324 
-0.387 -0.439 -0.480 -0.512 -0.537 -0.557 -0.572 -0.585 -0.596 -0.609 
-0.626 -0.648 -0.678 -0.715 -0.759 -0.811 -0.868 -0.928 -0.990 -1.053 
-1.118 
-1.184 -1.217 -1.252 -1.285 -1.317 -1.347 -1.375 -1.401 -1.425 -1.447 
-1.467 -1.486 -1.503 -1.517 -1.530 -1.542 -1.551 -1.559 -1.565 -1.568 
-1.571 -1.571 -1.569 -1.566 -1.560 -1.553 -1.544 -1.532 -1.519 -1.504 
-1.487 -1.467 -1.445 -1.421 -1.395 -1.366 -1.334 -1.300 -1.263 -1.223 
-1.180 -1.134 -1.083 -1.029 -0.971 -0.907 -0.839 -0.764 -0.682 -0.591 
-0.491 -0.379 -0.251 -0.103 0.073 0.293 0.584 1.002 1.394 1.502 
1.241 1.402 0.797 0.502 0.294 0.131 0.001 -0.108 -0.200 -0.279 
-0.348 -0.410 -0.465 -0.515 -0.561 -0.603 -0.643 -0.680 -0.716 -0.751 
-0.786 -0.821 -0.858 -0.896 -0.936 -0.977 -1.019 -1.060 -1.101 -1.141 
-1.173 
-1.297 -1.321 -1.347 -1.372 -1.394 -1.415 -1.433 -1.450 -1.466 -1.480 
-1.491 -1.502 -1.510 -1.517 -1.523 -1.526 -1.528 -1.528 -1.527 -1.524 
-1.519 -1.513 -1.504 -1.495 -1.483 -1.470 -1.455 -1.438 -1.419 -1.398 
-1.376 -1.351 -1.325 -1.296 -1.265 -1.233 -1.198 -1.160 -1.120 -1.078 
-1.033 -0.986 -0.935 -0.882 -0.826 -0.767 -0.706 -0.641 -0.572 -0.500 
-0.424 -0.342 -0.252 -0.151 -0.035 0.102 0.274 0.507 0.863 1.055 
1.025 1.090 1.017 0.820 0.595 0.400 0.242 0.115 0.008 -0.089 
-0.182 -0.273 -0.362 -0.446 -0.525 -0.599 -0.668 -0.732 -0.792 -0.849 
-0.902 -0.952 -0.999 -1.043 -1.085 -1.125 -1.163 -1.199 -1.232 -1.264 
-1.288 
-1.314 -1.365 -1.396 -1.425 -1.451 -1.476 -1.498 -1.518 -1.535 -1.551 
-1.565 -1.577 -1.586 -1.594 -1.599 -1.603 -1.605 -1.604 -1.602 -1.597 
-1.590 -1.582 -1.571 -1.558 -1.543 -1.526 -1.506 -1.484 -1.460 -1.433 
-1.404 -1.373 -1.339 -1.302 -1.263 -1.220 -1.175 -1.127 -1.077 -1.023 
-0.967 -0.908 -0.847 -0.783 -0.718 -0.653 -0.587 -0.523 -0.460 -0.400 
-0.343 -0.289 -0.235 -0.179 -0.114 -0.034 0.075 0.226 0.405 0.512 
0.526 0.546 0.467 0.331 0.238 0.194 0.177 0.167 0.146 0.104 
0.038 -0.048 -0.146 -0.248 -0.350 -0.447 -0.539 -0.625 -0.704 -0.778 
-0.847 -0.911 -0.971 -1.027 -1.079 -1.128 -1.175 -1.218 -1.258 -1.297 
-1.304 
-1.154 -1.155 -1.188 -1.219 -1.249 -1.277 -1.304 -1.329 -1.353 -1.374 
-1.394 -1.413 -1.429 -1.444 -1.457 -1.469 -1.478 -1.486 -1.492 -1.495 
-1.497 -1.497 -1.496 -1.492 -1.486 -1.478 -1.468 -1.456 -1.441 -1.425 
-1.406 -1.385 -1.361 -1.335 -1.306 -1.274 -1.240 -1.202 -1.162 -1.118 
-1.071 -1.020 -0.965 -0.906 -0.843 -0.775 -0.703 -0.625 -0.540 -0.448 
-0.345 -0.229 -0.096 0.061 0.246 0.451 0.640 0.813 0.978 1.032 
0.914 0.713 0.519 0.362 0.242 0.150 0.078 0.020 -0.034 -0.089 
-0.150 -0.214 -0.281 -0.347 -0.410 -0.470 -0.526 -0.580 -0.630 -0.678 
-0.724 -0.768 -0.811 -0.853 -0.894 -0.935 -0.974 -1.012 -1.050 -1.086 
-1.140 
-1.340 -1.401 -1.434 -1.466 -1.495 -1.522 -1.547 -1.569 -1.590 -1.609 
-1.625 -1.640 -1.652 -1.663 -1.672 -1.678 -1.683 -1.686 -1.687 -1.686 
-1.683 -1.678 -1.671 -1.662 -1.651 -1.638 -1.622 -1.605 -1.585 -1.563 
-1.538 -1.511 -1.482 -1.449 -1.414 -1.376 -1.334 -1.290 -1.241 -1.189 
-1.132 -1.071 -1.005 -0.933 -0.854 -0.769 -0.675 -0.571 -0.456 -0.327 
-0.182 -0.016 0.176 0.397 0.637 0.855 0.993 1.032 0.934 0.800 
0.641 0.490 0.374 0.288 0.223 0.174 0.134 0.097 0.058 0.013 
-0.042 -0.107 -0.183 -0.266 -0.354 -0.443 -0.530 -0.615 -0.696 -0.773 
-0.845 -0.913 -0.976 -1.036 -1.092 -1.145 -1.195 -1.241 -1.285 -1.326 
-1.329 
-1.323 -1.330 -1.351 -1.370 -1.388 -1.405 -1.420 -1.433 -1.445 -1.455 
-1.464 -1.471 -1.477 -1.481 -1.484 -1.485 -1.485 -1.483 -1.480 -1.475 
-1.468 -1.460 -1.450 -1.439 -1.426 -1.411 -1.395 -1.376 -1.356 -1.334 
-1.309 -1.283 -1.254 -1.224 -1.190 -1.154 -1.116 -1.074 -1.029 -0.981 
-0.929 -0.873 -0.813 -0.747 -0.675 -0.596 -0.508 -0.411 -0.301 -0.174 
-0.025 0.152 0.356 0.541 0.677 0.874 1.120 1.262 1.149 0.885 
0.619 0.410 0.249 0.121 0.017 -0.068 -0.141 -0.205 -0.264 -0.321 
-0.379 -0.440 -0.503 -0.567 -0.631 -0.694 -0.754 -0.811 -0.866 -0.917 
-0.965 -1.010 -1.052 -1.092 -1.129 -1.164 -1.196 -1.227 -1.255 -1.282 
-1.315 
-1.390 -1.418 -1.448 -1.474 -1.499 -1.521 -1.542 -1.560 -1.576 -1.590 
-1.602 -1.612 -1.620 -1.626 -1.630 -1.632 -1.632 -1.630 -1.626 -1.620 
-1.613 -1.603 -1.591 -1.577 -1.560 -1.542 -1.521 -1.498 -1.473 -1.445 
-1.414 -1.381 -1.345 -1.305 -1.263 -1.217 -1.167 -1.113 -1.055 -0.993 
-0.925 -0.851 -0.770 -0.681 -0.584 -0.476 -0.356 -0.219 -0.063 0.119 
0.332 0.576 0.811 0.953 0.936 0.824 0.751 0.762 0.610 0.395 
0.234 0.117 0.027 -0.043 -0.101 -0.149 -0.192 -0.232 -0.271 -0.312 
-0.355 -0.401 -0.452 -0.507 -0.565 -0.625 -0.687 -0.749 -0.811 -0.872 
-0.931 -0.988 -1.043 -1.095 -1.145 -1.192 -1.236 -1.277 -1.316 -1.353 
-1.378 
-1.469 -1.487 -1.508 -1.528 -1.545 -1.560 -1.574 -1.586 -1.596 -1.605 
-1.611 -1.616 -1.619 -1.621 -1.620 -1.618 -1.614 -1.608 -1.600 -1.591 
-1.579 -1.566 -1.550 -1.533 -1.513 -1.492 -1.468 -1.442 -1.414 -1.384 
-1.351 -1.315 -1.277 -1.236 -1.192 -1.145 -1.095 -1.041 -0.984 -0.922 
-0.855 -0.784 -0.707 -0.624 -0.533 -0.435 -0.326 -0.207 -0.073 0.078 
0.250 0.444 0.651 0.825 0.905 0.887 0.755 0.576 0.407 0.258 
0.130 0.017 -0.081 -0.169 -0.248 -0.320 -0.386 -0.448 -0.506 -0.563 
-0.618 -0.672 -0.726 -0.780 -0.833 -0.885 -0.937 -0.987 -1.036 -1.082 
-1.127 -1.170 -1.211 -1.250 -1.286 -1.321 -1.354 -1.384 -1.413 -1.440 
-1.461 
-1.531 -1.557 -1.580 -1.601 -1.620 -1.638 -1.655 -1.669 -1.683 -1.695 
-1.705 -1.713 -1.720 -1.726 -1.729 -1.732 -1.732 -1.731 -1.728 -1.723 
-1.716 -1.708 -1.698 -1.685 -1.671 -1.655 -1.637 -1.617 -1.594 -1.570 
-1.543 -1.513 -1.481 -1.447 -1.409 -1.369 -1.325 -1.278 -1.227 -1.172 
-1.113 -1.049 -0.980 -0.905 -0.823 -0.734 -0.635 -0.525 -0.402 -0.263 
-0.103 0.083 0.301 0.553 0.791 0.909 0.809 0.585 0.353 0.160 
0.003 -0.127 -0.237 -0.333 -0.416 -0.491 -0.558 -0.619 -0.676 -0.729 
-0.780 -0.829 -0.876 -0.922 -0.967 -1.011 -1.054 -1.097 -1.138 -1.178 
-1.217 -1.255 -1.291 -1.326 -1.360 -1.393 -1.424 -1.453 -1.481 -1.508 
-1.524 
-1.549 -1.566 -1.598 -1.628 -1.655 -1.680 -1.704 -1.725 -1.744 -1.761 
-1.776 -1.789 -1.799 -1.808 -1.815 -1.820 -1.823 -1.823 -1.822 -1.819 
-1.813 -1.806 -1.796 -1.784 -1.770 -1.753 -1.735 -1.713 -1.690 -1.663 
-1.634 -1.603 -1.568 -1.530 -1.489 -1.444 -1.396 -1.344 -1.287 -1.226 
-1.159 -1.087 -1.010 -0.925 -0.834 -0.737 -0.633 -0.523 -0.409 -0.290 
-0.163 -0.019 0.154 0.360 0.580 0.734 0.719 0.593 0.430 0.277 
0.151 0.052 -0.026 -0.090 -0.147 -0.202 -0.261 -0.321 -0.382 -0.442 
-0.500 -0.557 -0.613 -0.670 -0.726 -0.784 -0.841 -0.899 -0.957 -1.014 
-1.070 -1.125 -1.178 -1.230 -1.279 -1.327 -1.372 -1.416 -1.457 -1.495 
-1.535 
-1.701 -1.733 -1.759 -1.783 -1.805 -1.824 -1.841 -1.855 -1.867 -1.877 
-1.885 -1.890 -1.893 -1.894 -1.893 -1.889 -1.883 -1.875 -1.865 -1.852 
-1.837 -1.820 -1.800 -1.778 -1.753 -1.725 -1.695 -1.661 -1.625 -1.585 
-1.543 -1.496 -1.446 -1.392 -1.334 -1.272 -1.205 -1.132 -1.055 -0.971 
-0.882 -0.786 -0.685 -0.578 -0.469 -0.359 -0.253 -0.155 -0.069 0.000 
0.049 0.079 0.100 0.126 0.172 0.227 0.230 0.175 0.121 0.091 
0.082 0.085 0.093 0.097 0.086 0.054 -0.005 -0.087 -0.186 -0.295 
-0.406 -0.514 -0.618 -0.715 -0.807 -0.893 -0.974 -1.050 -1.121 -1.189 
-1.252 -1.312 -1.368 -1.421 -1.471 -1.517 -1.560 -1.600 -1.637 -1.672 
-1.692 
-1.842 -1.867 -1.891 -1.912 -1.931 -1.947 -1.961 -1.973 -1.982 -1.988 
-1.993 -1.995 -1.995 -1.992 -1.988 -1.980 -1.971 -1.959 -1.945 -1.928 
-1.909 -1.887 -1.863 -1.835 -1.805 -1.772 -1.736 -1.697 -1.654 -1.608 
-1.558 -1.504 -1.446 -1.383 -1.315 -1.242 -1.164 -1.079 -0.988 -0.890 
-0.786 -0.677 -0.565 -0.453 -0.350 -0.263 -0.200 -0.165 -0.155 -0.163 
-0.182 -0.207 -0.235 -0.263 -0.286 -0.302 -0.309 -0.308 -0.296 -0.275 
-0.244 -0.206 -0.163 -0.121 -0.086 -0.071 -0.085 -0.135 -0.218 -0.324 
-0.443 -0.565 -0.683 -0.796 -0.902 -1.000 -1.091 -1.175 -1.254 -1.326 
-1.393 -1.455 -1.513 -1.566 -1.616 -1.662 -1.704 -1.742 -1.778 -1.810 
-1.833 
-1.951 -1.969 -1.993 -2.014 -2.033 -2.050 -2.063 -2.075 -2.084 -2.090 
-2.094 -2.096 -2.096 -2.093 -2.088 -2.080 -2.070 -2.058 -2.043 -2.025 
-2.005 -1.982 -1.957 -1.929 -1.898 -1.863 -1.826 -1.785 -1.741 -1.693 
-1.641 -1.585 -1.524 -1.458 -1.387 -1.311 -1.228 -1.139 -1.044 -0.942 
-0.834 -0.721 -0.607 -0.498 -0.399 -0.316 -0.248 -0.196 -0.202 -0.273 
-0.353 -0.421 -0.475 -0.518 -0.549 -0.570 -0.580 -0.580 -0.571 -0.553 
-0.525 -0.490 -0.449 -0.405 -0.363 -0.333 -0.321 -0.335 -0.374 -0.441 
-0.534 -0.646 -0.762 -0.876 -0.984 -1.085 -1.178 -1.265 -1.345 -1.419 
-1.488 -1.551 -1.610 -1.665 -1.715 -1.761 -1.804 -1.843 -1.879 -1.912 
-1.941 
-2.080 -2.127 -2.156 -2.182 -2.205 -2.226 -2.244 -2.259 -2.272 -2.282 
-2.290 -2.296 -2.299 -2.300 -2.298 -2.294 -2.288 -2.279 -2.267 -2.254 
-2.237 -2.218 -2.196 -2.172 -2.145 -2.114 -2.081 -2.044 -2.004 -1.960 
-1.913 -1.861 -1.804 -1.743 -1.677 -1.604 -1.525 -1.439 -1.345 -1.242 
-1.128 -1.002 -0.863 -0.706 -0.528 -0.323 -0.106 0.065 0.110 0.033 
-0.097 -0.239 -0.368 -0.476 -0.561 -0.626 -0.673 -0.705 -0.722 -0.726 
-0.718 -0.698 -0.667 -0.623 -0.569 -0.505 -0.435 -0.369 -0.326 -0.333 
-0.402 -0.521 -0.666 -0.813 -0.953 -1.081 -1.197 -1.303 -1.399 -1.487 
-1.568 -1.642 -1.711 -1.774 -1.832 -1.885 -1.935 -1.980 -2.022 -2.060 
-2.070 
-1.995 -2.009 -2.037 -2.063 -2.086 -2.106 -2.124 -2.140 -2.154 -2.165 
-2.174 -2.180 -2.185 -2.187 -2.186 -2.184 -2.179 -2.172 -2.163 -2.152 
-2.138 -2.121 -2.102 -2.081 -2.057 -2.030 -2.001 -1.968 -1.932 -1.894 
-1.851 -1.805 -1.755 -1.701 -1.643 -1.579 -1.510 -1.435 -1.353 -1.264 
-1.165 -1.057 -0.936 -0.801 -0.648 -0.474 -0.280 -0.085 0.062 0.141 
0.141 0.064 -0.052 -0.170 -0.274 -0.361 -0.432 -0.488 -0.532 -0.565 
-0.588 -0.604 -0.613 -0.618 -0.619 -0.617 -0.615 -0.613 -0.619 -0.647 
-0.706 -0.787 -0.876 -0.965 -1.053 -1.137 -1.218 -1.295 -1.369 -1.439 
-1.505 -1.567 -1.626 -1.682 -1.733 -1.782 -1.827 -1.870 -1.909 -1.945 
-1.983 
-2.047 -2.065 -2.092 -2.117 -2.140 -2.160 -2.177 -2.193 -2.206 -2.217 
-2.225 -2.232 -2.236 -2.238 -2.238 -2.235 -2.230 -2.224 -2.215 -2.203 
-2.189 -2.173 -2.155 -2.134 -2.111 -2.084 -2.056 -2.024 -1.990 -1.952 
-1.911 -1.867 -1.819 -1.767 -1.712 -1.651 -1.586 -1.516 -1.441 -1.359 
-1.270 -1.174 -1.069 -0.956 -0.833 -0.702 -0.565 -0.428 -0.302 -0.209 
-0.174 -0.191 -0.234 -0.289 -0.347 -0.402 -0.451 -0.493 -0.526 -0.551 
-0.569 -0.580 -0.587 -0.590 -0.593 -0.599 -0.614 -0.645 -0.692 -0.754 
-0.825 -0.901 -0.980 -1.061 -1.141 -1.220 -1.297 -1.371 -1.442 -1.510 
-1.574 -1.635 -1.692 -1.746 -1.796 -1.843 -1.887 -1.929 -1.967 -2.002 
-2.036 
-2.272 -2.313 -2.340 -2.365 -2.386 -2.406 -2.423 -2.437 -2.449 -2.459 
-2.466 -2.471 -2.473 -2.474 -2.472 -2.468 -2.461 -2.452 -2.441 -2.427 
-2.411 -2.392 -2.371 -2.347 -2.320 -2.291 -2.258 -2.223 -2.184 -2.141 
-2.096 -2.046 -1.992 -1.933 -1.870 -1.802 -1.727 -1.646 -1.559 -1.463 
-1.358 -1.244 -1.119 -0.983 -0.838 -0.689 -0.548 -0.432 -0.357 -0.343 
-0.385 -0.451 -0.521 -0.585 -0.641 -0.686 -0.719 -0.740 -0.749 -0.745 
-0.729 -0.701 -0.663 -0.616 -0.567 -0.526 -0.509 -0.529 -0.588 -0.679 
-0.789 -0.908 -1.029 -1.148 -1.261 -1.367 -1.466 -1.558 -1.643 -1.721 
-1.794 -1.862 -1.924 -1.982 -2.036 -2.086 -2.132 -2.175 -2.214 -2.250 
-2.264 
-2.384 -2.416 -2.448 -2.477 -2.503 -2.526 -2.547 -2.565 -2.580 -2.593 
-2.603 -2.611 -2.616 -2.619 -2.620 -2.618 -2.614 -2.608 -2.599 -2.587 
-2.573 -2.557 -2.538 -2.516 -2.491 -2.464 -2.433 -2.400 -2.363 -2.322 
-2.278 -2.230 -2.178 -2.121 -2.060 -1.993 -1.919 -1.840 -1.752 -1.656 
-1.550 -1.433 -1.302 -1.155 -0.990 -0.805 -0.603 -0.404 -0.261 -0.230 
-0.311 -0.449 -0.590 -0.710 -0.807 -0.881 -0.936 -0.974 -0.998 -1.007 
-1.003 -0.987 -0.958 -0.918 -0.869 -0.816 -0.766 -0.726 -0.702 -0.703 
-0.739 -0.813 -0.918 -1.041 -1.168 -1.294 -1.412 -1.523 -1.626 -1.720 
-1.808 -1.888 -1.962 -2.030 -2.094 -2.152 -2.205 -2.255 -2.301 -2.343 
-2.372 
-2.395 -2.418 -2.449 -2.477 -2.501 -2.523 -2.542 -2.559 -2.573 -2.584 
-2.593 -2.600 -2.604 -2.605 -2.604 -2.601 -2.596 -2.587 -2.577 -2.564 
-2.548 -2.530 -2.509 -2.485 -2.458 -2.429 -2.396 -2.360 -2.320 -2.277 
-2.230 -2.179 -2.124 -2.064 -1.999 -1.928 -1.850 -1.766 -1.675 -1.574 
-1.465 -1.344 -1.212 -1.065 -0.900 -0.717 -0.522 -0.352 -0.262 -0.290 
-0.406 -0.549 -0.676 -0.780 -0.859 -0.917 -0.957 -0.980 -0.987 -0.979 
-0.958 -0.925 -0.886 -0.848 -0.817 -0.790 -0.755 -0.712 -0.672 -0.660 
-0.695 -0.778 -0.897 -1.033 -1.170 -1.302 -1.424 -1.537 -1.641 -1.736 
-1.822 -1.902 -1.975 -2.043 -2.105 -2.162 -2.214 -2.262 -2.307 -2.347 
-2.382 
-2.474 -2.487 -2.508 -2.526 -2.542 -2.556 -2.566 -2.575 -2.581 -2.585 
-2.586 -2.585 -2.582 -2.576 -2.568 -2.558 -2.545 -2.530 -2.512 -2.492 
-2.469 -2.444 -2.415 -2.384 -2.350 -2.313 -2.272 -2.228 -2.180 -2.129 
-2.073 -2.013 -1.949 -1.879 -1.804 -1.723 -1.635 -1.541 -1.440 -1.331 
-1.216 -1.096 -0.979 -0.876 -0.796 -0.737 -0.686 -0.639 -0.621 -0.656 
-0.716 -0.770 -0.810 -0.835 -0.846 -0.843 -0.827 -0.797 -0.754 -0.697 
-0.628 -0.555 -0.493 -0.469 -0.499 -0.576 -0.682 -0.796 -0.901 -0.996 
-1.095 -1.206 -1.324 -1.441 -1.551 -1.653 -1.746 -1.831 -1.909 -1.980 
-2.046 -2.105 -2.161 -2.211 -2.258 -2.300 -2.339 -2.375 -2.407 -2.437 
-2.465 
-2.651 -2.691 -2.709 -2.725 -2.738 -2.748 -2.757 -2.762 -2.766 -2.767 
-2.765 -2.762 -2.756 -2.747 -2.736 -2.723 -2.707 -2.689 -2.668 -2.644 
-2.617 -2.588 -2.556 -2.520 -2.481 -2.438 -2.392 -2.342 -2.288 -2.229 
-2.164 -2.095 -2.019 -1.937 -1.847 -1.748 -1.640 -1.521 -1.390 -1.248 
-1.095 -0.941 -0.804 -0.710 -0.675 -0.693 -0.737 -0.786 -0.832 -0.878 
-0.923 -0.961 -0.988 -1.003 -1.004 -0.990 -0.959 -0.911 -0.844 -0.757 
-0.652 -0.543 -0.463 -0.457 -0.536 -0.668 -0.813 -0.959 -1.109 -1.257 
-1.398 -1.528 -1.646 -1.755 -1.853 -1.943 -2.025 -2.101 -2.170 -2.234 
-2.293 -2.347 -2.397 -2.443 -2.485 -2.524 -2.559 -2.591 -2.621 -2.647 
-2.646 
-2.522 -2.558 -2.584 -2.608 -2.629 -2.647 -2.664 -2.677 -2.689 -2.698 
-2.705 -2.709 -2.712 -2.711 -2.709 -2.704 -2.697 -2.687 -2.675 -2.661 
-2.644 -2.624 -2.602 -2.576 -2.548 -2.517 -2.483 -2.445 -2.404 -2.358 
-2.309 -2.256 -2.197 -2.134 -2.064 -1.988 -1.905 -1.814 -1.713 -1.602 
-1.480 -1.349 -1.218 -1.099 -1.001 -0.914 -0.829 -0.757 -0.713 -0.702 
-0.717 -0.751 -0.800 -0.856 -0.906 -0.944 -0.967 -0.972 -0.961 -0.931 
-0.882 -0.817 -0.748 -0.697 -0.667 -0.650 -0.659 -0.715 -0.821 -0.957 
-1.103 -1.246 -1.379 -1.500 -1.610 -1.709 -1.798 -1.880 -1.955 -2.024 
-2.088 -2.147 -2.202 -2.254 -2.302 -2.347 -2.389 -2.429 -2.465 -2.499 
-2.513 
-2.360 -2.355 -2.384 -2.411 -2.437 -2.460 -2.482 -2.501 -2.519 -2.534 
-2.548 -2.559 -2.569 -2.576 -2.581 -2.584 -2.585 -2.584 -2.580 -2.575 
-2.567 -2.556 -2.544 -2.529 -2.511 -2.491 -2.468 -2.443 -2.414 -2.383 
-2.348 -2.310 -2.268 -2.222 -2.172 -2.118 -2.059 -1.994 -1.923 -1.845 
-1.760 -1.667 -1.564 -1.453 -1.335 -1.212 -1.091 -0.974 -0.863 -0.761 
-0.680 -0.645 -0.670 -0.743 -0.839 -0.937 -1.026 -1.100 -1.159 -1.203 
-1.231 -1.243 -1.239 -1.219 -1.187 -1.156 -1.146 -1.178 -1.252 -1.346 
-1.439 -1.521 -1.589 -1.647 -1.697 -1.742 -1.785 -1.826 -1.866 -1.906 
-1.946 -1.986 -2.027 -2.067 -2.107 -2.146 -2.184 -2.221 -2.257 -2.291 
-2.346 
-2.606 -2.688 -2.714 -2.738 -2.760 -2.779 -2.796 -2.811 -2.823 -2.833 
-2.841 -2.847 -2.850 -2.851 -2.850 -2.846 -2.840 -2.832 -2.821 -2.808 
-2.793 -2.775 -2.754 -2.731 -2.704 -2.675 -2.643 -2.608 -2.569 -2.527 
-2.481 -2.430 -2.376 -2.317 -2.253 -2.183 -2.107 -2.024 -1.934 -1.836 
-1.729 -1.614 -1.491 -1.364 -1.241 -1.135 -1.058 -1.016 -0.999 -0.995 
-0.995 -1.009 -1.048 -1.105 -1.164 -1.215 -1.254 -1.280 -1.292 -1.292 
-1.279 -1.252 -1.211 -1.156 -1.092 -1.028 -0.988 -0.995 -1.063 -1.177 
-1.312 -1.448 -1.574 -1.687 -1.789 -1.880 -1.963 -2.038 -2.107 -2.171 
-2.231 -2.287 -2.339 -2.388 -2.435 -2.479 -2.520 -2.558 -2.595 -2.628 
-2.601 
-2.458 -2.462 -2.486 -2.508 -2.528 -2.546 -2.561 -2.574 -2.584 -2.592 
-2.599 -2.603 -2.604 -2.604 -2.601 -2.596 -2.589 -2.580 -2.568 -2.554 
-2.538 -2.520 -2.498 -2.475 -2.449 -2.420 -2.388 -2.353 -2.316 -2.275 
-2.231 -2.183 -2.131 -2.076 -2.017 -1.952 -1.883 -1.809 -1.730 -1.644 
-1.553 -1.455 -1.351 -1.242 -1.130 -1.021 -0.920 -0.834 -0.767 -0.725 
-0.714 -0.734 -0.773 -0.820 -0.865 -0.905 -0.940 -0.967 -0.988 -1.004 
-1.015 -1.023 -1.029 -1.034 -1.040 -1.050 -1.067 -1.101 -1.156 -1.226 
-1.302 -1.380 -1.458 -1.534 -1.610 -1.683 -1.754 -1.823 -1.888 -1.951 
-2.010 -2.066 -2.119 -2.169 -2.216 -2.259 -2.300 -2.338 -2.373 -2.405 
-2.447 
-2.489 -2.511 -2.540 -2.568 -2.592 -2.614 -2.634 -2.651 -2.666 -2.679 
-2.689 -2.697 -2.703 -2.706 -2.708 -2.707 -2.703 -2.698 -2.690 -2.680 
-2.667 -2.652 -2.635 -2.615 -2.592 -2.567 -2.539 -2.508 -2.474 -2.437 
-2.396 -2.352 -2.304 -2.252 -2.196 -2.135 -2.069 -1.998 -1.920 -1.836 
-1.744 -1.645 -1.537 -1.421 -1.296 -1.165 -1.032 -0.899 -0.778 -0.687 
-0.652 -0.679 -0.751 -0.841 -0.930 -1.009 -1.076 -1.130 -1.174 -1.209 
-1.235 -1.255 -1.270 -1.281 -1.290 -1.300 -1.311 -1.325 -1.345 -1.371 
-1.405 -1.447 -1.495 -1.550 -1.610 -1.674 -1.739 -1.806 -1.872 -1.936 
-1.999 -2.060 -2.118 -2.173 -2.226 -2.275 -2.321 -2.365 -2.406 -2.443 
-2.477 
-2.660 -2.702 -2.729 -2.754 -2.777 -2.796 -2.814 -2.828 -2.840 -2.850 
-2.858 -2.863 -2.865 -2.866 -2.863 -2.859 -2.852 -2.843 -2.831 -2.816 
-2.799 -2.780 -2.758 -2.732 -2.704 -2.673 -2.639 -2.601 -2.560 -2.515 
-2.466 -2.413 -2.354 -2.291 -2.223 -2.148 -2.067 -1.978 -1.882 -1.779 
-1.668 -1.553 -1.437 -1.326 -1.225 -1.139 -1.075 -1.040 -1.029 -1.034 
-1.062 -1.116 -1.189 -1.262 -1.326 -1.379 -1.420 -1.450 -1.470 -1.480 
-1.481 -1.475 -1.462 -1.444 -1.423 -1.402 -1.384 -1.375 -1.380 -1.401 
-1.441 -1.498 -1.567 -1.644 -1.726 -1.808 -1.890 -1.970 -2.046 -2.118 
-2.187 -2.252 -2.313 -2.370 -2.423 -2.473 -2.519 -2.562 -2.601 -2.638 
-2.651 
-2.621 -2.651 -2.676 -2.698 -2.718 -2.735 -2.749 -2.761 -2.771 -2.778 
-2.783 -2.785 -2.784 -2.782 -2.777 -2.769 -2.759 -2.746 -2.731 -2.713 
-2.692 -2.668 -2.642 -2.612 -2.580 -2.544 -2.504 -2.461 -2.413 -2.362 
-2.305 -2.244 -2.177 -2.105 -2.026 -1.940 -1.847 -1.745 -1.637 -1.522 
-1.406 -1.295 -1.201 -1.135 -1.104 -1.105 -1.127 -1.162 -1.208 -1.261 
-1.317 -1.371 -1.419 -1.461 -1.495 -1.520 -1.538 -1.547 -1.549 -1.543 
-1.530 -1.510 -1.485 -1.455 -1.422 -1.391 -1.365 -1.350 -1.351 -1.373 
-1.416 -1.476 -1.549 -1.630 -1.714 -1.797 -1.878 -1.956 -2.031 -2.101 
-2.167 -2.229 -2.287 -2.341 -2.392 -2.439 -2.482 -2.522 -2.559 -2.592 
-2.612 
-2.509 -2.517 -2.544 -2.569 -2.591 -2.611 -2.628 -2.643 -2.656 -2.666 
-2.674 -2.680 -2.683 -2.685 -2.683 -2.680 -2.674 -2.666 -2.656 -2.643 
-2.627 -2.609 -2.589 -2.566 -2.539 -2.511 -2.479 -2.443 -2.405 -2.363 
-2.317 -2.268 -2.214 -2.155 -2.092 -2.023 -1.949 -1.869 -1.783 -1.691 
-1.594 -1.496 -1.400 -1.313 -1.238 -1.175 -1.125 -1.093 -1.083 -1.097 
-1.130 -1.175 -1.226 -1.276 -1.323 -1.365 -1.400 -1.429 -1.452 -1.469 
-1.480 -1.486 -1.488 -1.486 -1.482 -1.477 -1.474 -1.474 -1.481 -1.497 
-1.522 -1.557 -1.599 -1.647 -1.699 -1.755 -1.814 -1.873 -1.932 -1.990 
-2.047 -2.103 -2.156 -2.206 -2.255 -2.300 -2.343 -2.383 -2.421 -2.455 
-2.497 
-2.642 -2.666 -2.690 -2.712 -2.732 -2.749 -2.763 -2.775 -2.785 -2.792 
-2.797 -2.799 -2.800 -2.797 -2.793 -2.786 -2.776 -2.764 -2.750 -2.733 
-2.713 -2.691 -2.666 -2.637 -2.606 -2.572 -2.534 -2.493 -2.448 -2.399 
-2.345 -2.287 -2.225 -2.156 -2.082 -2.001 -1.913 -1.816 -1.711 -1.599 
-1.490 -1.406 -1.356 -1.325 -1.304 -1.294 -1.298 -1.314 -1.342 -1.379 
-1.422 -1.466 -1.509 -1.547 -1.580 -1.607 -1.627 -1.642 -1.650 -1.652 
-1.650 -1.642 -1.631 -1.616 -1.599 -1.581 -1.562 -1.545 -1.533 -1.536 
-1.564 -1.614 -1.678 -1.746 -1.815 -1.884 -1.953 -2.020 -2.085 -2.147 
-2.207 -2.264 -2.318 -2.368 -2.416 -2.460 -2.502 -2.540 -2.576 -2.609 
-2.633 
-2.853 -2.903 -2.928 -2.951 -2.971 -2.987 -3.001 -3.012 -3.021 -3.027 
-3.030 -3.030 -3.028 -3.023 -3.016 -3.005 -2.992 -2.977 -2.958 -2.936 
-2.911 -2.883 -2.852 -2.817 -2.778 -2.735 -2.688 -2.636 -2.579 -2.516 
-2.447 -2.371 -2.286 -2.192 -2.087 -1.969 -1.837 -1.687 -1.523 -1.355 
-1.215 -1.143 -1.159 -1.242 -1.352 -1.460 -1.557 -1.642 -1.716 -1.780 
-1.835 -1.881 -1.918 -1.946 -1.966 -1.979 -1.984 -1.980 -1.969 -1.950 
-1.923 -1.887 -1.841 -1.784 -1.717 -1.637 -1.549 -1.458 -1.381 -1.344 
-1.364 -1.437 -1.541 -1.656 -1.771 -1.885 -1.995 -2.098 -2.194 -2.282 
-2.363 -2.437 -2.505 -2.567 -2.624 -2.676 -2.724 -2.767 -2.806 -2.842 
-2.845 
-2.772 -2.794 -2.826 -2.855 -2.880 -2.902 -2.921 -2.937 -2.950 -2.960 
-2.968 -2.972 -2.974 -2.973 -2.970 -2.963 -2.954 -2.942 -2.927 -2.909 
-2.888 -2.864 -2.836 -2.805 -2.770 -2.731 -2.688 -2.640 -2.588 -2.530 
-2.466 -2.396 -2.318 -2.232 -2.136 -2.030 -1.910 -1.777 -1.630 -1.473 
-1.322 -1.208 -1.158 -1.176 -1.247 -1.352 -1.470 -1.583 -1.684 -1.771 
-1.845 -1.906 -1.957 -1.997 -2.029 -2.053 -2.068 -2.076 -2.077 -2.070 
-2.055 -2.033 -2.003 -1.965 -1.917 -1.860 -1.794 -1.721 -1.647 -1.584 
-1.540 -1.516 -1.512 -1.534 -1.586 -1.665 -1.760 -1.861 -1.963 -2.060 
-2.153 -2.238 -2.318 -2.391 -2.458 -2.520 -2.577 -2.629 -2.676 -2.719 
-2.758 
-2.765 -2.781 -2.813 -2.843 -2.869 -2.892 -2.912 -2.930 -2.945 -2.957 
-2.966 -2.972 -2.976 -2.977 -2.976 -2.972 -2.965 -2.955 -2.943 -2.927 
-2.909 -2.888 -2.864 -2.836 -2.805 -2.771 -2.732 -2.690 -2.643 -2.591 
-2.535 -2.473 -2.405 -2.330 -2.247 -2.156 -2.055 -1.943 -1.820 -1.685 
-1.540 -1.396 -1.269 -1.182 -1.159 -1.207 -1.305 -1.423 -1.538 -1.640 
-1.729 -1.803 -1.866 -1.917 -1.957 -1.989 -2.012 -2.027 -2.034 -2.033 
-2.025 -2.010 -1.988 -1.961 -1.929 -1.898 -1.871 -1.848 -1.829 -1.810 
-1.790 -1.771 -1.761 -1.768 -1.794 -1.838 -1.895 -1.962 -2.033 -2.107 
-2.181 -2.254 -2.324 -2.390 -2.452 -2.511 -2.565 -2.615 -2.662 -2.705 
-2.751 
-2.982 -3.029 -3.053 -3.075 -3.093 -3.109 -3.121 -3.132 -3.139 -3.145 
-3.147 -3.147 -3.144 -3.139 -3.132 -3.121 -3.108 -3.093 -3.074 -3.053 
-3.029 -3.002 -2.972 -2.938 -2.902 -2.861 -2.817 -2.769 -2.717 -2.660 
-2.599 -2.532 -2.460 -2.383 -2.299 -2.210 -2.115 -2.015 -1.913 -1.811 
-1.713 -1.623 -1.545 -1.487 -1.469 -1.501 -1.568 -1.644 -1.717 -1.780 
-1.833 -1.875 -1.907 -1.930 -1.944 -1.948 -1.944 -1.932 -1.911 -1.881 
-1.844 -1.798 -1.748 -1.695 -1.646 -1.609 -1.593 -1.604 -1.640 -1.696 
-1.763 -1.838 -1.919 -2.001 -2.083 -2.163 -2.242 -2.319 -2.394 -2.466 
-2.534 -2.599 -2.659 -2.716 -2.768 -2.816 -2.860 -2.901 -2.938 -2.972 
-2.976 
-3.026 -3.044 -3.071 -3.095 -3.116 -3.135 -3.150 -3.163 -3.173 -3.181 
-3.185 -3.188 -3.188 -3.185 -3.180 -3.172 -3.161 -3.148 -3.132 -3.114 
-3.092 -3.068 -3.041 -3.010 -2.976 -2.939 -2.897 -2.852 -2.803 -2.749 
-2.691 -2.627 -2.557 -2.480 -2.397 -2.306 -2.206 -2.097 -1.978 -1.849 
-1.710 -1.568 -1.435 -1.337 -1.296 -1.317 -1.386 -1.479 -1.576 -1.666 
-1.743 -1.808 -1.860 -1.901 -1.931 -1.952 -1.962 -1.964 -1.956 -1.940 
-1.916 -1.883 -1.844 -1.799 -1.753 -1.708 -1.668 -1.637 -1.614 -1.604 
-1.616 -1.657 -1.727 -1.818 -1.922 -2.030 -2.135 -2.235 -2.329 -2.415 
-2.496 -2.570 -2.638 -2.700 -2.758 -2.811 -2.859 -2.904 -2.944 -2.981 
-3.014 
-3.025 -3.056 -3.078 -3.097 -3.114 -3.128 -3.140 -3.149 -3.155 -3.159 
-3.161 -3.160 -3.157 -3.151 -3.142 -3.131 -3.118 -3.102 -3.083 -3.062 
-3.037 -3.010 -2.979 -2.946 -2.908 -2.868 -2.823 -2.774 -2.721 -2.663 
-2.600 -2.531 -2.456 -2.373 -2.283 -2.183 -2.072 -1.950 -1.815 -1.667 
-1.509 -1.355 -1.228 -1.157 -1.158 -1.216 -1.302 -1.393 -1.480 -1.556 
-1.622 -1.677 -1.720 -1.753 -1.775 -1.787 -1.790 -1.783 -1.768 -1.744 
-1.713 -1.676 -1.635 -1.595 -1.561 -1.541 -1.540 -1.561 -1.601 -1.658 
-1.730 -1.813 -1.907 -2.005 -2.104 -2.199 -2.290 -2.374 -2.453 -2.526 
-2.593 -2.655 -2.713 -2.766 -2.814 -2.859 -2.900 -2.938 -2.972 -3.003 
-3.018 
-2.962 -2.972 -2.998 -3.022 -3.042 -3.060 -3.076 -3.089 -3.099 -3.107 
-3.112 -3.115 -3.116 -3.114 -3.110 -3.103 -3.093 -3.082 -3.067 -3.050 
-3.031 -3.008 -2.983 -2.955 -2.924 -2.889 -2.851 -2.810 -2.764 -2.715 
-2.661 -2.602 -2.538 -2.468 -2.392 -2.309 -2.217 -2.116 -2.005 -1.885 
-1.757 -1.631 -1.523 -1.448 -1.407 -1.388 -1.386 -1.402 -1.437 -1.485 
-1.538 -1.590 -1.637 -1.676 -1.708 -1.730 -1.744 -1.749 -1.745 -1.733 
-1.713 -1.685 -1.650 -1.609 -1.567 -1.526 -1.492 -1.473 -1.474 -1.501 
-1.555 -1.632 -1.725 -1.826 -1.929 -2.030 -2.126 -2.217 -2.302 -2.381 
-2.455 -2.523 -2.586 -2.645 -2.698 -2.748 -2.794 -2.836 -2.875 -2.911 
-2.951 
-3.077 -3.108 -3.134 -3.156 -3.176 -3.193 -3.207 -3.219 -3.227 -3.234 
-3.237 -3.238 -3.237 -3.232 -3.226 -3.216 -3.204 -3.189 -3.171 -3.150 
-3.127 -3.100 -3.070 -3.036 -2.999 -2.958 -2.913 -2.863 -2.809 -2.750 
-2.684 -2.613 -2.534 -2.447 -2.351 -2.246 -2.129 -2.001 -1.864 -1.722 
-1.590 -1.488 -1.442 -1.458 -1.518 -1.594 -1.669 -1.739 -1.806 -1.870 
-1.928 -1.978 -2.021 -2.054 -2.079 -2.096 -2.104 -2.104 -2.096 -2.079 
-2.055 -2.022 -1.980 -1.931 -1.875 -1.814 -1.752 -1.696 -1.657 -1.646 
-1.669 -1.725 -1.809 -1.909 -2.017 -2.124 -2.228 -2.325 -2.416 -2.500 
-2.578 -2.649 -2.715 -2.776 -2.832 -2.883 -2.930 -2.972 -3.011 -3.047 
-3.067 
-3.163 -3.189 -3.212 -3.232 -3.249 -3.263 -3.275 -3.284 -3.290 -3.294 
-3.294 -3.293 -3.288 -3.281 -3.272 -3.259 -3.244 -3.226 -3.205 -3.181 
-3.153 -3.123 -3.089 -3.051 -3.010 -2.964 -2.914 -2.859 -2.800 -2.734 
-2.662 -2.584 -2.498 -2.404 -2.301 -2.189 -2.068 -1.942 -1.817 -1.704 
-1.616 -1.562 -1.545 -1.571 -1.641 -1.738 -1.836 -1.925 -2.001 -2.064 
-2.116 -2.157 -2.188 -2.210 -2.223 -2.228 -2.224 -2.213 -2.193 -2.164 
-2.126 -2.079 -2.023 -1.957 -1.882 -1.801 -1.722 -1.655 -1.619 -1.627 
-1.682 -1.774 -1.888 -2.009 -2.128 -2.241 -2.347 -2.444 -2.533 -2.615 
-2.690 -2.759 -2.822 -2.879 -2.932 -2.980 -3.024 -3.064 -3.100 -3.133 
-3.154 
-3.203 -3.213 -3.237 -3.259 -3.278 -3.294 -3.307 -3.318 -3.326 -3.331 
-3.334 -3.334 -3.332 -3.327 -3.319 -3.309 -3.296 -3.280 -3.261 -3.240 
-3.215 -3.188 -3.157 -3.122 -3.084 -3.042 -2.996 -2.946 -2.890 -2.830 
-2.763 -2.690 -2.610 -2.521 -2.423 -2.314 -2.193 -2.057 -1.908 -1.749 
-1.601 -1.478 -1.380 -1.337 -1.373 -1.470 -1.591 -1.709 -1.814 -1.901 
-1.974 -2.032 -2.077 -2.112 -2.135 -2.150 -2.154 -2.150 -2.136 -2.114 
-2.082 -2.040 -1.989 -1.927 -1.858 -1.782 -1.707 -1.643 -1.605 -1.607 
-1.653 -1.741 -1.859 -1.987 -2.113 -2.231 -2.341 -2.441 -2.534 -2.618 
-2.695 -2.766 -2.831 -2.890 -2.945 -2.995 -3.040 -3.082 -3.120 -3.154 
-3.192 
-3.320 -3.385 -3.411 -3.434 -3.454 -3.472 -3.486 -3.497 -3.506 -3.512 
-3.515 -3.516 -3.514 -3.509 -3.501 -3.491 -3.478 -3.462 -3.443 -3.421 
-3.395 -3.367 -3.334 -3.298 -3.258 -3.214 -3.165 -3.111 -3.052 -2.986 
-2.913 -2.832 -2.741 -2.638 -2.522 -2.388 -2.234 -2.055 -1.859 -1.679 
-1.578 -1.586 -1.650 -1.719 -1.803 -1.906 -2.010 -2.107 -2.192 -2.265 
-2.326 -2.377 -2.417 -2.448 -2.470 -2.483 -2.489 -2.486 -2.474 -2.455 
-2.426 -2.389 -2.342 -2.284 -2.215 -2.135 -2.045 -1.947 -1.849 -1.770 
-1.739 -1.782 -1.891 -2.034 -2.180 -2.316 -2.440 -2.552 -2.653 -2.746 
-2.829 -2.906 -2.976 -3.040 -3.098 -3.152 -3.201 -3.245 -3.285 -3.322 
-3.313 
-3.132 -3.131 -3.159 -3.184 -3.205 -3.224 -3.240 -3.254 -3.265 -3.273 
-3.278 -3.281 -3.282 -3.279 -3.275 -3.267 -3.257 -3.244 -3.229 -3.210 
-3.189 -3.165 -3.138 -3.107 -3.073 -3.035 -2.994 -2.948 -2.898 -2.843 
-2.783 -2.717 -2.645 -2.565 -2.477 -2.379 -2.270 -2.148 -2.014 -1.877 
-1.768 -1.718 -1.700 -1.696 -1.707 -1.739 -1.790 -1.851 -1.916 -1.979 
-2.036 -2.086 -2.128 -2.162 -2.188 -2.206 -2.217 -2.221 -2.216 -2.205 
-2.186 -2.161 -2.129 -2.092 -2.053 -2.014 -1.979 -1.948 -1.918 -1.893 
-1.883 -1.904 -1.955 -2.022 -2.099 -2.182 -2.267 -2.352 -2.435 -2.514 
-2.589 -2.659 -2.725 -2.786 -2.843 -2.895 -2.944 -2.988 -3.029 -3.067 
-3.119 
-3.273 -3.303 -3.324 -3.341 -3.356 -3.368 -3.378 -3.385 -3.389 -3.390 
-3.390 -3.386 -3.380 -3.371 -3.360 -3.346 -3.329 -3.310 -3.287 -3.262 
-3.233 -3.201 -3.165 -3.126 -3.083 -3.036 -2.984 -2.928 -2.866 -2.798 
-2.723 -2.642 -2.552 -2.453 -2.343 -2.221 -2.088 -1.942 -1.791 -1.648 
-1.535 -1.464 -1.438 -1.497 -1.618 -1.734 -1.833 -1.918 -1.989 -2.049 
-2.097 -2.134 -2.161 -2.178 -2.187 -2.186 -2.176 -2.158 -2.131 -2.096 
-2.052 -2.002 -1.948 -1.895 -1.849 -1.820 -1.814 -1.833 -1.871 -1.926 
-2.000 -2.091 -2.188 -2.286 -2.381 -2.472 -2.559 -2.641 -2.718 -2.789 
-2.855 -2.916 -2.972 -3.024 -3.072 -3.115 -3.155 -3.191 -3.224 -3.253 
-3.267 
-3.413 -3.448 -3.472 -3.493 -3.511 -3.526 -3.538 -3.548 -3.555 -3.559 
-3.561 -3.560 -3.556 -3.550 -3.541 -3.530 -3.515 -3.498 -3.478 -3.455 
-3.428 -3.399 -3.366 -3.330 -3.289 -3.245 -3.196 -3.142 -3.084 -3.019 
-2.949 -2.871 -2.785 -2.690 -2.584 -2.466 -2.334 -2.185 -2.017 -1.829 
-1.619 -1.400 -1.250 -1.276 -1.452 -1.664 -1.844 -1.985 -2.096 -2.184 
-2.254 -2.308 -2.349 -2.379 -2.398 -2.408 -2.408 -2.399 -2.381 -2.354 
-2.318 -2.272 -2.217 -2.154 -2.085 -2.011 -1.935 -1.860 -1.802 -1.785 
-1.827 -1.925 -2.056 -2.197 -2.332 -2.458 -2.573 -2.677 -2.771 -2.857 
-2.935 -3.006 -3.071 -3.130 -3.184 -3.234 -3.279 -3.320 -3.357 -3.391 
-3.404 
-3.367 -3.376 -3.399 -3.419 -3.437 -3.451 -3.463 -3.472 -3.478 -3.482 
-3.483 -3.482 -3.478 -3.471 -3.462 -3.450 -3.435 -3.418 -3.397 -3.374 
-3.347 -3.317 -3.284 -3.247 -3.206 -3.161 -3.112 -3.058 -2.999 -2.934 
-2.863 -2.785 -2.700 -2.606 -2.503 -2.390 -2.267 -2.136 -2.002 -1.873 
-1.761 -1.664 -1.582 -1.592 -1.684 -1.812 -1.943 -2.056 -2.149 -2.225 
-2.285 -2.334 -2.371 -2.399 -2.418 -2.428 -2.430 -2.425 -2.412 -2.391 
-2.363 -2.327 -2.284 -2.234 -2.179 -2.120 -2.062 -2.011 -1.977 -1.975 
-2.012 -2.084 -2.175 -2.275 -2.377 -2.475 -2.570 -2.658 -2.741 -2.818 
-2.889 -2.955 -3.015 -3.071 -3.123 -3.170 -3.213 -3.252 -3.288 -3.321 
-3.357 
-3.407 -3.446 -3.470 -3.492 -3.511 -3.527 -3.540 -3.551 -3.559 -3.565 
-3.568 -3.568 -3.566 -3.562 -3.555 -3.545 -3.533 -3.517 -3.500 -3.479 
-3.455 -3.429 -3.399 -3.366 -3.329 -3.289 -3.245 -3.196 -3.143 -3.085 
-3.021 -2.952 -2.876 -2.792 -2.700 -2.598 -2.486 -2.363 -2.227 -2.081 
-1.923 -1.755 -1.581 -1.443 -1.409 -1.496 -1.645 -1.798 -1.929 -2.037 
-2.123 -2.192 -2.246 -2.288 -2.317 -2.336 -2.345 -2.345 -2.336 -2.318 
-2.291 -2.255 -2.210 -2.158 -2.099 -2.037 -1.979 -1.935 -1.919 -1.939 
-1.996 -2.082 -2.186 -2.296 -2.405 -2.511 -2.610 -2.703 -2.789 -2.868 
-2.942 -3.009 -3.072 -3.129 -3.182 -3.231 -3.276 -3.316 -3.354 -3.388 
-3.399 
-3.344 -3.348 -3.372 -3.393 -3.411 -3.426 -3.439 -3.449 -3.457 -3.462 
-3.465 -3.465 -3.462 -3.457 -3.450 -3.440 -3.427 -3.411 -3.393 -3.372 
-3.349 -3.322 -3.292 -3.259 -3.222 -3.182 -3.138 -3.089 -3.037 -2.980 
-2.917 -2.850 -2.776 -2.695 -2.608 -2.512 -2.409 -2.297 -2.178 -2.054 
-1.932 -1.822 -1.739 -1.690 -1.698 -1.771 -1.866 -1.957 -2.037 -2.106 
-2.164 -2.213 -2.251 -2.280 -2.301 -2.313 -2.318 -2.314 -2.303 -2.285 
-2.259 -2.226 -2.186 -2.140 -2.091 -2.041 -1.996 -1.967 -1.960 -1.982 
-2.030 -2.101 -2.185 -2.277 -2.371 -2.464 -2.553 -2.638 -2.718 -2.793 
-2.863 -2.927 -2.987 -3.042 -3.093 -3.140 -3.183 -3.223 -3.259 -3.292 
-3.333 
-3.495 -3.529 -3.552 -3.571 -3.588 -3.602 -3.614 -3.623 -3.629 -3.632 
-3.633 -3.632 -3.627 -3.620 -3.611 -3.599 -3.584 -3.566 -3.546 -3.522 
-3.495 -3.466 -3.432 -3.396 -3.355 -3.311 -3.262 -3.208 -3.149 -3.085 
-3.014 -2.936 -2.851 -2.756 -2.650 -2.531 -2.396 -2.244 -2.075 -1.907 
-1.782 -1.704 -1.682 -1.728 -1.822 -1.933 -2.040 -2.135 -2.217 -2.286 
-2.342 -2.386 -2.420 -2.444 -2.458 -2.464 -2.461 -2.449 -2.428 -2.398 
-2.359 -2.311 -2.254 -2.189 -2.120 -2.054 -2.002 -1.977 -1.990 -2.037 
-2.104 -2.174 -2.248 -2.342 -2.458 -2.577 -2.689 -2.790 -2.881 -2.963 
-3.038 -3.106 -3.168 -3.225 -3.277 -3.324 -3.367 -3.407 -3.442 -3.474 
-3.487 
-3.569 -3.598 -3.626 -3.650 -3.671 -3.688 -3.703 -3.714 -3.723 -3.728 
-3.731 -3.731 -3.728 -3.722 -3.713 -3.702 -3.687 -3.669 -3.648 -3.624 
-3.596 -3.565 -3.530 -3.491 -3.447 -3.399 -3.346 -3.287 -3.221 -3.149 
-3.068 -2.978 -2.876 -2.761 -2.629 -2.476 -2.298 -2.093 -1.880 -1.722 
-1.687 -1.765 -1.890 -2.031 -2.171 -2.299 -2.410 -2.503 -2.581 -2.646 
-2.698 -2.740 -2.772 -2.796 -2.810 -2.817 -2.816 -2.807 -2.789 -2.764 
-2.729 -2.686 -2.633 -2.570 -2.498 -2.419 -2.339 -2.263 -2.198 -2.140 
-2.080 -2.021 -2.000 -2.054 -2.176 -2.331 -2.488 -2.633 -2.762 -2.876 
-2.978 -3.069 -3.150 -3.223 -3.288 -3.348 -3.401 -3.449 -3.493 -3.532 
-3.558 
-3.503 -3.533 -3.558 -3.580 -3.599 -3.615 -3.628 -3.638 -3.645 -3.650 
-3.651 -3.650 -3.647 -3.640 -3.631 -3.619 -3.604 -3.587 -3.566 -3.542 
-3.514 -3.484 -3.450 -3.411 -3.369 -3.323 -3.272 -3.215 -3.153 -3.085 
-3.010 -2.927 -2.835 -2.732 -2.616 -2.487 -2.340 -2.176 -1.999 -1.834 
-1.733 -1.714 -1.767 -1.872 -1.997 -2.119 -2.227 -2.321 -2.399 -2.463 
-2.516 -2.558 -2.589 -2.612 -2.625 -2.631 -2.627 -2.616 -2.596 -2.567 
-2.528 -2.479 -2.420 -2.349 -2.267 -2.176 -2.082 -1.998 -1.945 -1.939 
-1.977 -2.038 -2.109 -2.202 -2.319 -2.446 -2.572 -2.688 -2.795 -2.891 
-2.978 -3.057 -3.128 -3.193 -3.252 -3.305 -3.353 -3.397 -3.437 -3.472 
-3.494 
-3.401 -3.413 -3.444 -3.472 -3.497 -3.518 -3.536 -3.551 -3.563 -3.573 
-3.579 -3.583 -3.583 -3.581 -3.577 -3.569 -3.558 -3.545 -3.528 -3.509 
-3.486 -3.460 -3.431 -3.397 -3.361 -3.319 -3.274 -3.224 -3.169 -3.108 
-3.041 -2.967 -2.885 -2.794 -2.693 -2.581 -2.455 -2.316 -2.166 -2.012 
-1.876 -1.793 -1.783 -1.840 -1.941 -2.058 -2.172 -2.274 -2.363 -2.439 
-2.503 -2.555 -2.598 -2.631 -2.656 -2.673 -2.682 -2.683 -2.677 -2.663 
-2.641 -2.610 -2.570 -2.521 -2.462 -2.392 -2.314 -2.232 -2.156 -2.092 
-2.039 -1.995 -1.973 -1.992 -2.058 -2.162 -2.284 -2.410 -2.531 -2.644 
-2.747 -2.841 -2.926 -3.003 -3.073 -3.137 -3.195 -3.248 -3.295 -3.339 
-3.380 
