IRGRID 64 91
1e+308

0.025 0.03 0.035 0.04 0.045 0.05 0.055 0.06 0.065 0.07
0.075 0.08 0.085 0.09 0.095 0.1 0.11 0.12 0.13 0.14
0.15 0.16 0.17 0.18 0.19 0.2 0.21 0.22 0.23 0.24
0.25 0.26 0.27 0.28 0.29 0.3 0.31 0.32 0.33 0.34
0.35 0.36 0.37 0.38 0.39 0.4 0.41 0.42 0.43 0.44
0.45 0.46 0.47 0.48 0.49 0.5 0.51 0.52 0.53 0.54
0.55 0.56 0.57 0.58
0 4 8 12 16 20 24 28 32 36
40 44 48 52 56 60 64 68 72 76
80 84 88 92 96 100 104 108 112 116
120 124 128 132 136 140 144 148 152 156
160 164 168 172 176 180 184 188 192 196
200 204 208 212 216 220 224 228 232 236
240 244 248 252 256 260 264 268 272 276
280 284 288 292 296 300 304 308 312 316
320 324 328 332 336 340 344 348 352 356
360
-3.835 -3.898 -3.903 -3.904 -3.902 -3.897 -3.889 -3.878 -3.863 -3.845 
-3.823 -3.798 -3.769 -3.736 -3.699 -3.657 -3.611 -3.560 -3.503 -3.441 
-3.372 -3.297 -3.214 -3.124 -3.027 -2.925 -2.821 -2.724 -2.646 -2.602 
-2.602 -2.642 -2.710 -2.792 -2.877 -2.958 -3.033 -3.100 -3.160 -3.213 
-3.258 -3.296 -3.329 -3.355 -3.375 -3.390 -3.399 -3.402 -3.400 -3.393 
-3.379 -3.360 -3.334 -3.302 -3.262 -3.213 -3.155 -3.086 -3.004 -2.904 
-2.783 -2.632 -2.436 -2.167 -1.808 -1.549 -1.549 -1.681 -1.975 -2.291 
-2.544 -2.743 -2.905 -3.041 -3.157 -3.257 -3.345 -3.422 -3.491 -3.552 
-3.607 -3.655 -3.698 -3.736 -3.770 -3.800 -3.825 -3.847 -3.865 -3.879 
-3.832 
-3.261 -3.325 -3.337 -3.346 -3.352 -3.356 -3.358 -3.356 -3.352 -3.345 
-3.336 -3.323 -3.307 -3.288 -3.265 -3.238 -3.208 -3.173 -3.134 -3.090 
-3.041 -2.986 -2.926 -2.861 -2.792 -2.721 -2.651 -2.587 -2.535 -2.504 
-2.498 -2.515 -2.549 -2.592 -2.639 -2.683 -2.722 -2.755 -2.779 -2.796 
-2.806 -2.808 -2.804 -2.794 -2.778 -2.757 -2.731 -2.700 -2.664 -2.624 
-2.578 -2.528 -2.473 -2.412 -2.345 -2.273 -2.196 -2.116 -2.035 -1.960 
-1.899 -1.859 -1.838 -1.816 -1.744 -1.569 -1.406 -1.327 -1.478 -1.752 
-2.007 -2.203 -2.356 -2.481 -2.586 -2.677 -2.757 -2.827 -2.891 -2.948 
-3.000 -3.047 -3.090 -3.129 -3.164 -3.196 -3.225 -3.251 -3.273 -3.293 
-3.259 
-2.663 -2.693 -2.712 -2.730 -2.746 -2.760 -2.771 -2.781 -2.789 -2.796 
-2.800 -2.803 -2.804 -2.803 -2.800 -2.796 -2.789 -2.781 -2.771 -2.759 
-2.745 -2.729 -2.711 -2.691 -2.668 -2.643 -2.616 -2.588 -2.561 -2.535 
-2.511 -2.490 -2.469 -2.446 -2.421 -2.393 -2.363 -2.330 -2.294 -2.256 
-2.216 -2.174 -2.129 -2.083 -2.035 -1.986 -1.935 -1.882 -1.828 -1.773 
-1.716 -1.658 -1.597 -1.534 -1.469 -1.400 -1.328 -1.253 -1.180 -1.112 
-1.058 -1.024 -1.014 -1.024 -1.050 -1.087 -1.134 -1.192 -1.305 -1.428 
-1.543 -1.649 -1.748 -1.839 -1.923 -2.001 -2.073 -2.139 -2.201 -2.258 
-2.312 -2.361 -2.407 -2.450 -2.489 -2.526 -2.560 -2.591 -2.620 -2.646 
-2.657 
-2.182 -2.226 -2.244 -2.260 -2.275 -2.288 -2.300 -2.311 -2.322 -2.331 
-2.340 -2.348 -2.355 -2.362 -2.367 -2.372 -2.375 -2.377 -2.378 -2.377 
-2.375 -2.371 -2.365 -2.357 -2.346 -2.334 -2.320 -2.303 -2.283 -2.262 
-2.238 -2.211 -2.182 -2.151 -2.117 -2.080 -2.041 -1.999 -1.954 -1.908 
-1.859 -1.807 -1.754 -1.699 -1.643 -1.586 -1.528 -1.469 -1.411 -1.353 
-1.296 -1.239 -1.182 -1.124 -1.063 -0.998 -0.925 -0.838 -0.729 -0.591 
-0.466 -0.456 -0.510 -0.535 -0.542 -0.558 -0.601 -0.674 -0.771 -0.882 
-0.998 -1.112 -1.221 -1.323 -1.418 -1.506 -1.587 -1.661 -1.730 -1.793 
-1.850 -1.903 -1.951 -1.995 -2.035 -2.071 -2.104 -2.134 -2.161 -2.185 
-2.174 
-1.803 -1.795 -1.804 -1.812 -1.819 -1.826 -1.834 -1.842 -1.850 -1.859 
-1.869 -1.879 -1.890 -1.901 -1.913 -1.924 -1.936 -1.947 -1.959 -1.969 
-1.979 -1.988 -1.996 -2.003 -2.008 -2.012 -2.014 -2.015 -2.014 -2.010 
-2.005 -1.997 -1.987 -1.975 -1.960 -1.942 -1.922 -1.898 -1.872 -1.842 
-1.809 -1.773 -1.732 -1.688 -1.639 -1.586 -1.528 -1.465 -1.396 -1.319 
-1.233 -1.137 -1.027 -0.899 -0.746 -0.559 -0.324 -0.043 0.171 0.175 
0.160 0.083 -0.092 -0.288 -0.454 -0.585 -0.695 -0.795 -0.888 -0.975 
-1.056 -1.130 -1.199 -1.262 -1.320 -1.374 -1.425 -1.471 -1.514 -1.553 
-1.589 -1.621 -1.650 -1.676 -1.699 -1.719 -1.736 -1.751 -1.765 -1.776 
-1.801 
-1.634 -1.685 -1.710 -1.732 -1.753 -1.772 -1.789 -1.805 -1.819 -1.832 
-1.844 -1.854 -1.863 -1.871 -1.877 -1.883 -1.887 -1.890 -1.893 -1.893 
-1.893 -1.891 -1.888 -1.884 -1.878 -1.871 -1.862 -1.852 -1.840 -1.827 
-1.811 -1.794 -1.775 -1.753 -1.729 -1.703 -1.674 -1.642 -1.607 -1.570 
-1.528 -1.483 -1.433 -1.379 -1.320 -1.255 -1.184 -1.106 -1.019 -0.922 
-0.814 -0.692 -0.552 -0.388 -0.193 0.043 0.329 0.613 0.770 0.703 
0.590 0.754 0.751 0.287 0.012 -0.167 -0.299 -0.404 -0.493 -0.572 
-0.644 -0.712 -0.776 -0.840 -0.902 -0.963 -1.023 -1.082 -1.139 -1.195 
-1.250 -1.302 -1.351 -1.399 -1.444 -1.486 -1.525 -1.562 -1.597 -1.628 
-1.624 
-1.378 -1.361 -1.374 -1.385 -1.395 -1.403 -1.410 -1.416 -1.421 -1.424 
-1.427 -1.429 -1.430 -1.430 -1.429 -1.427 -1.424 -1.420 -1.415 -1.410 
-1.403 -1.395 -1.386 -1.376 -1.364 -1.351 -1.337 -1.321 -1.303 -1.283 
-1.262 -1.239 -1.215 -1.190 -1.165 -1.140 -1.115 -1.091 -1.068 -1.046 
-1.024 -1.001 -0.978 -0.952 -0.924 -0.892 -0.855 -0.814 -0.767 -0.713 
-0.652 -0.581 -0.499 -0.403 -0.289 -0.150 0.025 0.245 0.459 0.643 
1.028 1.524 1.439 1.029 0.572 0.267 0.046 -0.126 -0.267 -0.386 
-0.489 -0.579 -0.660 -0.732 -0.798 -0.858 -0.914 -0.964 -1.011 -1.054 
-1.094 -1.131 -1.165 -1.195 -1.224 -1.250 -1.273 -1.295 -1.314 -1.332 
-1.372 
-1.529 -1.566 -1.577 -1.586 -1.593 -1.598 -1.601 -1.602 -1.601 -1.597 
-1.592 -1.584 -1.575 -1.563 -1.549 -1.533 -1.515 -1.494 -1.472 -1.446 
-1.418 -1.388 -1.355 -1.320 -1.282 -1.242 -1.199 -1.154 -1.107 -1.059 
-1.010 -0.961 -0.913 -0.866 -0.822 -0.781 -0.745 -0.714 -0.687 -0.665 
-0.646 -0.629 -0.613 -0.596 -0.577 -0.554 -0.527 -0.493 -0.453 -0.408 
-0.356 -0.298 -0.235 -0.167 -0.091 -0.005 0.099 0.231 0.413 0.698 
1.300 1.753 1.525 0.973 0.526 0.260 0.052 -0.124 -0.279 -0.416 
-0.537 -0.646 -0.744 -0.833 -0.913 -0.986 -1.053 -1.114 -1.170 -1.221 
-1.267 -1.310 -1.349 -1.385 -1.417 -1.446 -1.473 -1.496 -1.517 -1.536 
-1.526 
-1.389 -1.426 -1.442 -1.456 -1.470 -1.483 -1.494 -1.505 -1.516 -1.526 
-1.535 -1.543 -1.550 -1.555 -1.559 -1.561 -1.561 -1.559 -1.554 -1.547 
-1.538 -1.525 -1.510 -1.492 -1.471 -1.447 -1.420 -1.390 -1.357 -1.322 
-1.284 -1.244 -1.201 -1.157 -1.112 -1.065 -1.017 -0.968 -0.918 -0.865 
-0.809 -0.749 -0.685 -0.617 -0.544 -0.465 -0.383 -0.298 -0.211 -0.123 
-0.037 0.046 0.125 0.198 0.267 0.335 0.404 0.480 0.575 0.721 
0.947 1.252 0.986 0.787 0.678 0.546 0.391 0.231 0.075 -0.070 
-0.205 -0.328 -0.441 -0.545 -0.640 -0.727 -0.807 -0.880 -0.947 -1.009 
-1.066 -1.117 -1.164 -1.207 -1.246 -1.281 -1.312 -1.340 -1.365 -1.388 
-1.381 
-1.109 -1.090 -1.093 -1.096 -1.100 -1.106 -1.113 -1.123 -1.134 -1.147 
-1.162 -1.178 -1.195 -1.212 -1.230 -1.247 -1.264 -1.280 -1.295 -1.309 
-1.321 -1.332 -1.341 -1.348 -1.353 -1.356 -1.357 -1.357 -1.354 -1.349 
-1.343 -1.334 -1.322 -1.309 -1.293 -1.274 -1.253 -1.229 -1.201 -1.170 
-1.135 -1.096 -1.052 -1.004 -0.951 -0.893 -0.829 -0.761 -0.689 -0.612 
-0.532 -0.449 -0.364 -0.273 -0.175 -0.062 0.079 0.269 0.555 0.944 
1.206 1.049 0.917 0.794 0.462 0.221 0.032 -0.127 -0.264 -0.383 
-0.486 -0.575 -0.653 -0.721 -0.781 -0.833 -0.878 -0.917 -0.951 -0.979 
-1.003 -1.024 -1.040 -1.054 -1.064 -1.072 -1.078 -1.082 -1.085 -1.087 
-1.110 
-1.180 -1.194 -1.201 -1.207 -1.212 -1.216 -1.219 -1.221 -1.223 -1.223 
-1.224 -1.223 -1.222 -1.220 -1.217 -1.213 -1.208 -1.203 -1.197 -1.191 
-1.184 -1.176 -1.168 -1.159 -1.149 -1.140 -1.130 -1.119 -1.109 -1.098 
-1.086 -1.075 -1.063 -1.050 -1.037 -1.023 -1.009 -0.993 -0.977 -0.959 
-0.940 -0.919 -0.896 -0.871 -0.843 -0.812 -0.778 -0.741 -0.699 -0.652 
-0.600 -0.541 -0.475 -0.399 -0.312 -0.210 -0.090 0.059 0.251 0.523 
0.864 1.061 1.334 1.337 1.039 0.652 0.356 0.133 -0.044 -0.190 
-0.313 -0.419 -0.512 -0.595 -0.668 -0.733 -0.792 -0.845 -0.892 -0.935 
-0.974 -1.008 -1.039 -1.067 -1.091 -1.113 -1.132 -1.148 -1.162 -1.175 
-1.176 
-1.209 -1.226 -1.233 -1.239 -1.243 -1.245 -1.246 -1.246 -1.244 -1.243 
-1.240 -1.238 -1.235 -1.233 -1.231 -1.229 -1.229 -1.229 -1.229 -1.231 
-1.233 -1.236 -1.239 -1.242 -1.246 -1.250 -1.253 -1.256 -1.258 -1.260 
-1.260 -1.260 -1.258 -1.255 -1.250 -1.244 -1.236 -1.227 -1.215 -1.201 
-1.185 -1.167 -1.146 -1.122 -1.095 -1.065 -1.031 -0.994 -0.952 -0.905 
-0.853 -0.795 -0.730 -0.657 -0.574 -0.481 -0.373 -0.248 -0.099 0.082 
0.313 0.621 1.033 1.341 1.096 0.764 0.447 0.194 -0.002 -0.161 
-0.293 -0.405 -0.502 -0.588 -0.664 -0.731 -0.792 -0.847 -0.897 -0.942 
-0.983 -1.020 -1.054 -1.084 -1.111 -1.135 -1.157 -1.175 -1.192 -1.205 
-1.207 
-1.176 -1.176 -1.204 -1.230 -1.255 -1.278 -1.299 -1.318 -1.336 -1.353 
-1.368 -1.381 -1.394 -1.405 -1.414 -1.423 -1.431 -1.437 -1.443 -1.448 
-1.452 -1.454 -1.456 -1.456 -1.456 -1.454 -1.450 -1.445 -1.439 -1.430 
-1.420 -1.409 -1.395 -1.379 -1.362 -1.342 -1.320 -1.296 -1.269 -1.240 
-1.209 -1.175 -1.138 -1.098 -1.055 -1.009 -0.959 -0.906 -0.848 -0.785 
-0.717 -0.643 -0.563 -0.474 -0.376 -0.267 -0.143 0.001 0.170 0.376 
0.642 1.007 1.460 1.755 1.518 1.078 0.709 0.456 0.264 0.110 
-0.019 -0.129 -0.226 -0.312 -0.390 -0.462 -0.527 -0.589 -0.646 -0.700 
-0.752 -0.800 -0.846 -0.891 -0.933 -0.973 -1.011 -1.048 -1.082 -1.115 
-1.163 
-1.469 -1.541 -1.569 -1.595 -1.619 -1.642 -1.662 -1.681 -1.697 -1.712 
-1.726 -1.737 -1.747 -1.755 -1.762 -1.767 -1.770 -1.771 -1.771 -1.769 
-1.766 -1.761 -1.754 -1.746 -1.736 -1.725 -1.711 -1.697 -1.680 -1.662 
-1.642 -1.621 -1.598 -1.573 -1.546 -1.517 -1.487 -1.455 -1.420 -1.384 
-1.346 -1.305 -1.262 -1.217 -1.168 -1.117 -1.063 -1.005 -0.943 -0.876 
-0.804 -0.726 -0.641 -0.546 -0.441 -0.322 -0.184 -0.022 0.175 0.422 
0.729 1.027 1.144 1.249 0.872 0.486 0.224 0.027 -0.130 -0.261 
-0.374 -0.474 -0.564 -0.646 -0.722 -0.792 -0.859 -0.923 -0.983 -1.040 
-1.095 -1.147 -1.196 -1.244 -1.289 -1.331 -1.371 -1.410 -1.446 -1.480 
-1.464 
-1.416 -1.441 -1.475 -1.505 -1.534 -1.560 -1.583 -1.604 -1.624 -1.642 
-1.658 -1.672 -1.686 -1.698 -1.710 -1.720 -1.730 -1.739 -1.746 -1.753 
-1.759 -1.764 -1.767 -1.769 -1.769 -1.768 -1.765 -1.759 -1.752 -1.743 
-1.732 -1.718 -1.702 -1.684 -1.663 -1.640 -1.614 -1.585 -1.554 -1.519 
-1.482 -1.441 -1.398 -1.350 -1.299 -1.243 -1.183 -1.119 -1.048 -0.972 
-0.889 -0.798 -0.698 -0.586 -0.462 -0.321 -0.158 0.034 0.267 0.560 
0.909 1.185 1.199 0.973 0.839 0.734 0.368 0.169 0.028 -0.085 
-0.181 -0.267 -0.346 -0.420 -0.491 -0.561 -0.629 -0.696 -0.762 -0.827 
-0.891 -0.953 -1.013 -1.071 -1.127 -1.180 -1.231 -1.278 -1.323 -1.365 
-1.400 
-1.297 -1.302 -1.311 -1.318 -1.324 -1.328 -1.332 -1.335 -1.338 -1.340 
-1.343 -1.347 -1.351 -1.357 -1.363 -1.370 -1.379 -1.389 -1.399 -1.410 
-1.422 -1.434 -1.446 -1.458 -1.469 -1.480 -1.490 -1.498 -1.506 -1.511 
-1.516 -1.518 -1.518 -1.517 -1.513 -1.507 -1.498 -1.487 -1.473 -1.456 
-1.437 -1.414 -1.388 -1.359 -1.326 -1.289 -1.247 -1.201 -1.151 -1.094 
-1.032 -0.963 -0.886 -0.799 -0.702 -0.592 -0.465 -0.317 -0.140 0.077 
0.348 0.642 0.727 0.845 1.156 1.178 0.781 0.318 0.045 -0.144 
-0.290 -0.409 -0.510 -0.599 -0.677 -0.748 -0.813 -0.872 -0.927 -0.977 
-1.023 -1.065 -1.104 -1.138 -1.169 -1.197 -1.222 -1.243 -1.262 -1.278 
-1.295 
-1.314 -1.331 -1.357 -1.382 -1.404 -1.425 -1.444 -1.462 -1.478 -1.492 
-1.506 -1.518 -1.528 -1.538 -1.547 -1.555 -1.562 -1.568 -1.573 -1.577 
-1.579 -1.580 -1.580 -1.579 -1.575 -1.570 -1.564 -1.555 -1.544 -1.532 
-1.517 -1.501 -1.482 -1.460 -1.437 -1.411 -1.382 -1.351 -1.318 -1.281 
-1.242 -1.199 -1.153 -1.104 -1.051 -0.994 -0.932 -0.866 -0.795 -0.718 
-0.635 -0.545 -0.448 -0.343 -0.229 -0.106 0.027 0.170 0.326 0.501 
0.685 0.837 0.887 0.824 0.821 0.749 0.407 0.216 0.072 -0.051 
-0.160 -0.259 -0.350 -0.435 -0.514 -0.587 -0.657 -0.721 -0.783 -0.841 
-0.895 -0.947 -0.996 -1.042 -1.086 -1.128 -1.167 -1.204 -1.239 -1.272 
-1.303 
-1.441 -1.476 -1.510 -1.541 -1.570 -1.597 -1.621 -1.643 -1.664 -1.681 
-1.697 -1.711 -1.723 -1.733 -1.740 -1.746 -1.750 -1.752 -1.751 -1.749 
-1.745 -1.739 -1.731 -1.720 -1.708 -1.694 -1.677 -1.658 -1.638 -1.614 
-1.589 -1.561 -1.530 -1.497 -1.461 -1.423 -1.381 -1.337 -1.289 -1.238 
-1.183 -1.125 -1.062 -0.996 -0.925 -0.849 -0.768 -0.681 -0.589 -0.491 
-0.386 -0.276 -0.159 -0.037 0.087 0.212 0.332 0.440 0.531 0.603 
0.659 0.699 0.703 0.651 0.577 0.496 0.410 0.317 0.218 0.113 
0.006 -0.102 -0.208 -0.312 -0.411 -0.507 -0.597 -0.683 -0.764 -0.841 
-0.914 -0.982 -1.046 -1.107 -1.164 -1.217 -1.268 -1.315 -1.359 -1.401 
-1.428 
-1.552 -1.579 -1.614 -1.645 -1.674 -1.701 -1.725 -1.747 -1.767 -1.784 
-1.799 -1.812 -1.823 -1.832 -1.839 -1.843 -1.846 -1.846 -1.845 -1.841 
-1.836 -1.828 -1.818 -1.806 -1.792 -1.776 -1.757 -1.737 -1.714 -1.688 
-1.661 -1.630 -1.597 -1.562 -1.524 -1.482 -1.438 -1.391 -1.341 -1.287 
-1.229 -1.168 -1.102 -1.033 -0.959 -0.880 -0.796 -0.707 -0.612 -0.511 
-0.405 -0.293 -0.175 -0.054 0.069 0.191 0.308 0.412 0.499 0.563 
0.605 0.624 0.621 0.598 0.554 0.492 0.414 0.325 0.230 0.131 
0.026 -0.086 -0.203 -0.321 -0.435 -0.543 -0.644 -0.739 -0.829 -0.912 
-0.990 -1.063 -1.131 -1.196 -1.256 -1.312 -1.364 -1.414 -1.460 -1.502 
-1.540 
-1.694 -1.741 -1.782 -1.819 -1.854 -1.885 -1.914 -1.941 -1.964 -1.986 
-2.005 -2.021 -2.036 -2.048 -2.058 -2.065 -2.071 -2.074 -2.076 -2.075 
-2.071 -2.066 -2.059 -2.049 -2.037 -2.023 -2.007 -1.989 -1.968 -1.944 
-1.918 -1.890 -1.859 -1.825 -1.788 -1.749 -1.706 -1.660 -1.611 -1.558 
-1.501 -1.440 -1.375 -1.306 -1.231 -1.151 -1.066 -0.974 -0.876 -0.770 
-0.658 -0.538 -0.412 -0.280 -0.147 -0.018 0.097 0.189 0.252 0.287 
0.299 0.298 0.290 0.280 0.270 0.263 0.261 0.262 0.257 0.234 
0.181 0.090 -0.031 -0.169 -0.313 -0.453 -0.586 -0.710 -0.825 -0.931 
-1.029 -1.120 -1.205 -1.283 -1.356 -1.424 -1.487 -1.545 -1.600 -1.650 
-1.680 
-1.635 -1.689 -1.730 -1.768 -1.803 -1.836 -1.865 -1.892 -1.917 -1.939 
-1.958 -1.975 -1.990 -2.003 -2.013 -2.021 -2.027 -2.031 -2.033 -2.032 
-2.029 -2.024 -2.017 -2.008 -1.996 -1.983 -1.967 -1.948 -1.927 -1.904 
-1.878 -1.850 -1.819 -1.785 -1.748 -1.709 -1.666 -1.620 -1.570 -1.517 
-1.459 -1.398 -1.332 -1.262 -1.186 -1.105 -1.018 -0.925 -0.825 -0.719 
-0.606 -0.486 -0.362 -0.235 -0.111 0.005 0.105 0.184 0.238 0.267 
0.274 0.266 0.254 0.246 0.243 0.244 0.243 0.232 0.203 0.150 
0.072 -0.027 -0.140 -0.257 -0.373 -0.485 -0.594 -0.699 -0.799 -0.895 
-0.986 -1.072 -1.154 -1.230 -1.302 -1.369 -1.432 -1.491 -1.546 -1.597 
-1.623 
-1.483 -1.497 -1.545 -1.590 -1.632 -1.670 -1.706 -1.739 -1.769 -1.796 
-1.821 -1.844 -1.863 -1.881 -1.896 -1.909 -1.920 -1.928 -1.935 -1.939 
-1.940 -1.940 -1.937 -1.932 -1.925 -1.916 -1.904 -1.890 -1.874 -1.855 
-1.834 -1.810 -1.783 -1.754 -1.722 -1.687 -1.648 -1.607 -1.562 -1.514 
-1.461 -1.405 -1.345 -1.279 -1.210 -1.135 -1.055 -0.970 -0.880 -0.786 
-0.687 -0.584 -0.476 -0.362 -0.240 -0.112 0.021 0.150 0.259 0.330 
0.351 0.329 0.282 0.231 0.189 0.162 0.154 0.166 0.181 0.146 
0.062 -0.021 -0.090 -0.153 -0.219 -0.290 -0.368 -0.453 -0.541 -0.632 
-0.722 -0.811 -0.897 -0.980 -1.058 -1.133 -1.203 -1.270 -1.332 -1.391 
-1.460 
-1.691 -1.757 -1.797 -1.833 -1.867 -1.898 -1.926 -1.951 -1.973 -1.993 
-2.011 -2.026 -2.038 -2.049 -2.057 -2.062 -2.066 -2.067 -2.065 -2.062 
-2.056 -2.048 -2.037 -2.025 -2.009 -1.992 -1.972 -1.949 -1.924 -1.896 
-1.865 -1.831 -1.794 -1.754 -1.711 -1.665 -1.615 -1.561 -1.503 -1.442 
-1.375 -1.305 -1.230 -1.150 -1.066 -0.978 -0.887 -0.794 -0.702 -0.613 
-0.531 -0.459 -0.399 -0.351 -0.309 -0.270 -0.225 -0.174 -0.119 -0.073 
-0.046 -0.034 -0.021 0.008 0.063 0.151 0.273 0.408 0.495 0.461 
0.303 0.095 -0.102 -0.270 -0.413 -0.540 -0.656 -0.765 -0.868 -0.965 
-1.058 -1.145 -1.226 -1.303 -1.375 -1.442 -1.504 -1.562 -1.617 -1.667 
-1.681 
-1.729 -1.761 -1.805 -1.846 -1.884 -1.919 -1.951 -1.981 -2.008 -2.033 
-2.055 -2.075 -2.092 -2.107 -2.120 -2.131 -2.139 -2.145 -2.149 -2.151 
-2.151 -2.149 -2.144 -2.137 -2.128 -2.117 -2.104 -2.088 -2.070 -2.049 
-2.026 -2.000 -1.972 -1.941 -1.907 -1.871 -1.831 -1.788 -1.741 -1.691 
-1.638 -1.580 -1.518 -1.452 -1.382 -1.306 -1.227 -1.143 -1.057 -0.967 
-0.877 -0.786 -0.695 -0.602 -0.506 -0.406 -0.303 -0.203 -0.118 -0.060 
-0.033 -0.028 -0.033 -0.041 -0.044 -0.037 -0.013 0.029 0.069 0.039 
-0.056 -0.157 -0.250 -0.341 -0.436 -0.534 -0.636 -0.737 -0.837 -0.933 
-1.026 -1.115 -1.199 -1.278 -1.352 -1.423 -1.489 -1.550 -1.608 -1.663 
-1.711 
-1.773 -1.804 -1.848 -1.889 -1.926 -1.961 -1.994 -2.023 -2.051 -2.075 
-2.097 -2.117 -2.134 -2.150 -2.162 -2.173 -2.182 -2.188 -2.192 -2.194 
-2.194 -2.192 -2.187 -2.180 -2.172 -2.161 -2.147 -2.132 -2.114 -2.093 
-2.070 -2.045 -2.017 -1.986 -1.953 -1.916 -1.877 -1.834 -1.788 -1.738 
-1.685 -1.627 -1.566 -1.499 -1.428 -1.351 -1.268 -1.180 -1.086 -0.986 
-0.880 -0.769 -0.653 -0.529 -0.397 -0.255 -0.108 0.030 0.136 0.192 
0.193 0.156 0.101 0.046 -0.003 -0.042 -0.073 -0.098 -0.123 -0.153 
-0.195 -0.250 -0.320 -0.401 -0.492 -0.589 -0.689 -0.789 -0.888 -0.983 
-1.075 -1.163 -1.246 -1.324 -1.398 -1.468 -1.533 -1.595 -1.652 -1.706 
-1.756 
-1.925 -1.984 -2.023 -2.059 -2.093 -2.123 -2.151 -2.176 -2.199 -2.219 
-2.237 -2.252 -2.265 -2.276 -2.284 -2.291 -2.295 -2.296 -2.296 -2.293 
-2.288 -2.281 -2.271 -2.259 -2.245 -2.229 -2.210 -2.188 -2.164 -2.138 
-2.108 -2.076 -2.041 -2.003 -1.961 -1.916 -1.868 -1.816 -1.760 -1.700 
-1.635 -1.566 -1.491 -1.412 -1.327 -1.237 -1.141 -1.042 -0.940 -0.838 
-0.740 -0.651 -0.576 -0.516 -0.468 -0.427 -0.384 -0.333 -0.283 -0.250 
-0.243 -0.253 -0.267 -0.275 -0.276 -0.266 -0.248 -0.228 -0.217 -0.228 
-0.271 -0.348 -0.448 -0.562 -0.679 -0.796 -0.908 -1.015 -1.117 -1.213 
-1.303 -1.388 -1.467 -1.542 -1.611 -1.676 -1.737 -1.794 -1.846 -1.896 
-1.914 
-1.879 -1.901 -1.943 -1.982 -2.019 -2.052 -2.083 -2.112 -2.138 -2.161 
-2.182 -2.201 -2.218 -2.232 -2.244 -2.254 -2.262 -2.267 -2.271 -2.272 
-2.272 -2.269 -2.264 -2.257 -2.248 -2.236 -2.223 -2.207 -2.189 -2.168 
-2.146 -2.121 -2.093 -2.063 -2.031 -1.996 -1.958 -1.917 -1.874 -1.827 
-1.777 -1.724 -1.667 -1.607 -1.543 -1.474 -1.402 -1.325 -1.244 -1.159 
-1.073 -0.987 -0.902 -0.819 -0.736 -0.651 -0.561 -0.469 -0.378 -0.296 
-0.230 -0.186 -0.163 -0.156 -0.160 -0.174 -0.202 -0.241 -0.286 -0.336 
-0.394 -0.461 -0.537 -0.617 -0.702 -0.789 -0.877 -0.965 -1.052 -1.137 
-1.220 -1.299 -1.375 -1.448 -1.517 -1.582 -1.644 -1.702 -1.756 -1.808 
-1.860 
-1.960 -1.990 -2.020 -2.048 -2.073 -2.095 -2.115 -2.132 -2.148 -2.161 
-2.172 -2.181 -2.188 -2.193 -2.195 -2.196 -2.195 -2.191 -2.186 -2.178 
-2.169 -2.158 -2.144 -2.129 -2.112 -2.092 -2.071 -2.047 -2.022 -1.994 
-1.964 -1.932 -1.898 -1.862 -1.824 -1.784 -1.743 -1.699 -1.654 -1.607 
-1.560 -1.511 -1.462 -1.412 -1.362 -1.313 -1.263 -1.213 -1.163 -1.113 
-1.061 -1.009 -0.954 -0.898 -0.837 -0.773 -0.705 -0.632 -0.554 -0.474 
-0.392 -0.311 -0.229 -0.153 -0.093 -0.067 -0.090 -0.154 -0.242 -0.345 
-0.465 -0.593 -0.716 -0.832 -0.938 -1.038 -1.131 -1.219 -1.301 -1.378 
-1.451 -1.519 -1.583 -1.642 -1.698 -1.749 -1.798 -1.842 -1.884 -1.922 
-1.950 
-2.065 -2.095 -2.125 -2.151 -2.175 -2.195 -2.214 -2.229 -2.243 -2.254 
-2.262 -2.268 -2.272 -2.274 -2.273 -2.270 -2.265 -2.258 -2.248 -2.237 
-2.223 -2.206 -2.188 -2.167 -2.144 -2.118 -2.091 -2.060 -2.028 -1.992 
-1.955 -1.915 -1.873 -1.828 -1.782 -1.733 -1.683 -1.632 -1.579 -1.527 
-1.475 -1.424 -1.375 -1.329 -1.286 -1.247 -1.212 -1.182 -1.156 -1.135 
-1.118 -1.104 -1.091 -1.077 -1.061 -1.040 -1.014 -0.981 -0.941 -0.892 
-0.834 -0.765 -0.687 -0.600 -0.511 -0.427 -0.349 -0.274 -0.219 -0.222 
-0.296 -0.412 -0.531 -0.656 -0.802 -0.952 -1.092 -1.216 -1.326 -1.425 
-1.513 -1.593 -1.666 -1.732 -1.793 -1.849 -1.899 -1.946 -1.989 -2.028 
-2.055 
-2.009 -2.069 -2.107 -2.142 -2.174 -2.203 -2.230 -2.253 -2.275 -2.293 
-2.310 -2.323 -2.335 -2.344 -2.351 -2.355 -2.357 -2.357 -2.355 -2.350 
-2.343 -2.333 -2.322 -2.307 -2.291 -2.272 -2.250 -2.225 -2.198 -2.168 
-2.136 -2.100 -2.061 -2.019 -1.974 -1.925 -1.874 -1.818 -1.760 -1.698 
-1.633 -1.564 -1.494 -1.421 -1.349 -1.277 -1.211 -1.152 -1.106 -1.073 
-1.056 -1.052 -1.058 -1.069 -1.082 -1.092 -1.099 -1.099 -1.093 -1.079 
-1.057 -1.028 -0.991 -0.946 -0.891 -0.826 -0.749 -0.662 -0.575 -0.504 
-0.440 -0.371 -0.328 -0.359 -0.477 -0.642 -0.814 -0.974 -1.115 -1.240 
-1.350 -1.449 -1.539 -1.620 -1.693 -1.761 -1.823 -1.881 -1.934 -1.982 
-1.997 
-1.787 -1.795 -1.832 -1.868 -1.901 -1.932 -1.960 -1.987 -2.012 -2.035 
-2.055 -2.074 -2.091 -2.106 -2.119 -2.131 -2.140 -2.148 -2.154 -2.158 
-2.160 -2.161 -2.159 -2.156 -2.151 -2.145 -2.136 -2.125 -2.113 -2.099 
-2.082 -2.064 -2.043 -2.021 -1.996 -1.969 -1.939 -1.907 -1.873 -1.836 
-1.796 -1.753 -1.707 -1.658 -1.607 -1.554 -1.501 -1.448 -1.398 -1.352 
-1.309 -1.269 -1.231 -1.191 -1.151 -1.109 -1.066 -1.021 -0.974 -0.927 
-0.880 -0.832 -0.786 -0.743 -0.703 -0.668 -0.641 -0.621 -0.609 -0.603 
-0.600 -0.598 -0.605 -0.647 -0.725 -0.817 -0.905 -0.989 -1.067 -1.141 
-1.212 -1.279 -1.343 -1.405 -1.463 -1.518 -1.571 -1.620 -1.668 -1.713 
-1.771 
-1.950 -1.995 -2.036 -2.074 -2.109 -2.142 -2.172 -2.200 -2.225 -2.248 
-2.268 -2.287 -2.303 -2.317 -2.329 -2.338 -2.346 -2.352 -2.355 -2.357 
-2.356 -2.354 -2.349 -2.342 -2.334 -2.323 -2.310 -2.295 -2.278 -2.258 
-2.237 -2.213 -2.187 -2.158 -2.127 -2.094 -2.057 -2.019 -1.977 -1.933 
-1.887 -1.837 -1.785 -1.730 -1.672 -1.612 -1.551 -1.487 -1.423 -1.359 
-1.295 -1.234 -1.177 -1.124 -1.077 -1.036 -1.001 -0.972 -0.946 -0.923 
-0.900 -0.877 -0.852 -0.824 -0.793 -0.759 -0.722 -0.684 -0.652 -0.636 
-0.644 -0.675 -0.718 -0.771 -0.833 -0.904 -0.982 -1.066 -1.151 -1.236 
-1.319 -1.399 -1.476 -1.548 -1.617 -1.682 -1.743 -1.800 -1.853 -1.904 
-1.935 
-2.165 -2.214 -2.254 -2.292 -2.326 -2.358 -2.386 -2.413 -2.436 -2.457 
-2.476 -2.492 -2.507 -2.518 -2.528 -2.535 -2.541 -2.544 -2.545 -2.544 
-2.540 -2.535 -2.527 -2.517 -2.506 -2.491 -2.475 -2.456 -2.436 -2.412 
-2.387 -2.359 -2.328 -2.295 -2.259 -2.220 -2.179 -2.135 -2.088 -2.038 
-1.984 -1.928 -1.868 -1.806 -1.740 -1.671 -1.599 -1.525 -1.449 -1.373 
-1.296 -1.221 -1.149 -1.081 -1.020 -0.966 -0.919 -0.880 -0.846 -0.815 
-0.784 -0.750 -0.711 -0.665 -0.610 -0.545 -0.474 -0.403 -0.349 -0.333 
-0.370 -0.457 -0.575 -0.704 -0.834 -0.960 -1.081 -1.197 -1.306 -1.409 
-1.505 -1.595 -1.679 -1.757 -1.829 -1.897 -1.960 -2.018 -2.073 -2.123 
-2.152 
-2.233 -2.261 -2.306 -2.349 -2.388 -2.424 -2.457 -2.488 -2.515 -2.540 
-2.562 -2.582 -2.600 -2.615 -2.627 -2.638 -2.646 -2.652 -2.655 -2.657 
-2.656 -2.653 -2.648 -2.641 -2.631 -2.619 -2.605 -2.589 -2.570 -2.549 
-2.525 -2.499 -2.470 -2.438 -2.404 -2.367 -2.327 -2.284 -2.237 -2.187 
-2.134 -2.077 -2.016 -1.951 -1.883 -1.809 -1.732 -1.650 -1.564 -1.474 
-1.381 -1.285 -1.190 -1.100 -1.022 -0.967 -0.933 -0.915 -0.906 -0.903 
-0.902 -0.901 -0.895 -0.884 -0.865 -0.836 -0.799 -0.756 -0.713 -0.685 
-0.679 -0.694 -0.724 -0.768 -0.832 -0.915 -1.014 -1.123 -1.236 -1.348 
-1.456 -1.557 -1.652 -1.741 -1.824 -1.900 -1.972 -2.038 -2.100 -2.158 
-2.213 
-2.356 -2.434 -2.485 -2.532 -2.576 -2.617 -2.654 -2.689 -2.720 -2.749 
-2.775 -2.798 -2.819 -2.837 -2.853 -2.867 -2.878 -2.886 -2.893 -2.896 
-2.898 -2.897 -2.894 -2.889 -2.881 -2.871 -2.859 -2.844 -2.827 -2.807 
-2.784 -2.758 -2.730 -2.699 -2.665 -2.628 -2.587 -2.542 -2.494 -2.442 
-2.386 -2.324 -2.258 -2.186 -2.107 -2.022 -1.929 -1.827 -1.716 -1.594 
-1.460 -1.318 -1.172 -1.040 -0.943 -0.899 -0.905 -0.941 -0.992 -1.050 
-1.109 -1.162 -1.206 -1.238 -1.258 -1.267 -1.264 -1.250 -1.227 -1.194 
-1.156 -1.115 -1.078 -1.052 -1.047 -1.073 -1.133 -1.225 -1.335 -1.451 
-1.566 -1.675 -1.777 -1.872 -1.960 -2.042 -2.119 -2.191 -2.258 -2.321 
-2.341 
-2.189 -2.219 -2.269 -2.316 -2.360 -2.402 -2.441 -2.477 -2.511 -2.543 
-2.572 -2.598 -2.622 -2.644 -2.663 -2.680 -2.694 -2.707 -2.717 -2.724 
-2.730 -2.733 -2.734 -2.733 -2.729 -2.723 -2.715 -2.705 -2.692 -2.677 
-2.659 -2.638 -2.615 -2.590 -2.561 -2.529 -2.495 -2.457 -2.416 -2.371 
-2.322 -2.269 -2.212 -2.150 -2.084 -2.011 -1.934 -1.850 -1.759 -1.662 
-1.559 -1.449 -1.333 -1.215 -1.102 -1.002 -0.919 -0.862 -0.845 -0.873 
-0.936 -1.014 -1.093 -1.166 -1.229 -1.282 -1.325 -1.358 -1.382 -1.398 
-1.407 -1.409 -1.407 -1.402 -1.402 -1.413 -1.439 -1.477 -1.520 -1.566 
-1.613 -1.663 -1.716 -1.770 -1.827 -1.885 -1.943 -2.001 -2.058 -2.114 
-2.169 
-2.144 -2.183 -2.227 -2.269 -2.308 -2.344 -2.377 -2.408 -2.437 -2.463 
-2.486 -2.507 -2.526 -2.543 -2.557 -2.569 -2.578 -2.586 -2.591 -2.594 
-2.595 -2.593 -2.589 -2.584 -2.575 -2.565 -2.552 -2.537 -2.519 -2.499 
-2.476 -2.451 -2.422 -2.392 -2.358 -2.321 -2.281 -2.237 -2.190 -2.140 
-2.085 -2.027 -1.964 -1.897 -1.826 -1.750 -1.671 -1.588 -1.502 -1.416 
-1.333 -1.256 -1.189 -1.137 -1.101 -1.080 -1.072 -1.076 -1.095 -1.132 
-1.179 -1.229 -1.274 -1.314 -1.348 -1.376 -1.398 -1.415 -1.428 -1.437 
-1.444 -1.449 -1.453 -1.457 -1.460 -1.463 -1.465 -1.467 -1.473 -1.488 
-1.523 -1.577 -1.644 -1.715 -1.785 -1.852 -1.915 -1.975 -2.031 -2.085 
-2.130 
-2.180 -2.234 -2.299 -2.359 -2.414 -2.464 -2.511 -2.553 -2.591 -2.627 
-2.658 -2.687 -2.713 -2.736 -2.756 -2.773 -2.787 -2.800 -2.809 -2.816 
-2.821 -2.823 -2.823 -2.820 -2.815 -2.807 -2.797 -2.784 -2.769 -2.751 
-2.731 -2.708 -2.681 -2.652 -2.620 -2.585 -2.547 -2.505 -2.459 -2.410 
-2.356 -2.298 -2.235 -2.168 -2.096 -2.018 -1.935 -1.847 -1.754 -1.658 
-1.560 -1.466 -1.379 -1.308 -1.259 -1.237 -1.244 -1.274 -1.318 -1.368 
-1.418 -1.464 -1.504 -1.537 -1.563 -1.580 -1.591 -1.593 -1.588 -1.575 
-1.553 -1.522 -1.482 -1.431 -1.369 -1.296 -1.217 -1.144 -1.098 -1.095 
-1.137 -1.218 -1.327 -1.450 -1.574 -1.693 -1.804 -1.906 -1.999 -2.084 
-2.153 
-2.258 -2.320 -2.384 -2.443 -2.497 -2.547 -2.592 -2.633 -2.671 -2.705 
-2.736 -2.764 -2.788 -2.810 -2.829 -2.845 -2.859 -2.870 -2.878 -2.884 
-2.888 -2.889 -2.887 -2.883 -2.877 -2.868 -2.856 -2.842 -2.825 -2.806 
-2.783 -2.758 -2.730 -2.699 -2.665 -2.628 -2.587 -2.542 -2.494 -2.441 
-2.385 -2.324 -2.258 -2.187 -2.111 -2.030 -1.944 -1.855 -1.763 -1.672 
-1.585 -1.507 -1.443 -1.398 -1.372 -1.365 -1.373 -1.394 -1.424 -1.459 
-1.495 -1.529 -1.557 -1.578 -1.592 -1.597 -1.593 -1.580 -1.558 -1.524 
-1.480 -1.422 -1.352 -1.267 -1.169 -1.063 -0.963 -0.895 -0.890 -0.956 
-1.078 -1.226 -1.379 -1.525 -1.660 -1.784 -1.896 -1.997 -2.089 -2.173 
-2.235 
-2.284 -2.341 -2.405 -2.464 -2.518 -2.568 -2.614 -2.656 -2.695 -2.730 
-2.762 -2.791 -2.817 -2.840 -2.861 -2.879 -2.894 -2.907 -2.917 -2.925 
-2.931 -2.934 -2.935 -2.933 -2.929 -2.923 -2.914 -2.903 -2.889 -2.873 
-2.854 -2.833 -2.809 -2.782 -2.752 -2.719 -2.683 -2.644 -2.602 -2.555 
-2.505 -2.451 -2.393 -2.330 -2.262 -2.190 -2.112 -2.029 -1.940 -1.848 
-1.752 -1.654 -1.557 -1.462 -1.375 -1.299 -1.242 -1.210 -1.203 -1.218 
-1.247 -1.282 -1.316 -1.346 -1.369 -1.383 -1.387 -1.381 -1.365 -1.336 
-1.295 -1.241 -1.173 -1.093 -1.003 -0.915 -0.849 -0.827 -0.866 -0.965 
-1.106 -1.264 -1.419 -1.563 -1.696 -1.815 -1.924 -2.023 -2.113 -2.196 
-2.260 
-2.279 -2.341 -2.410 -2.473 -2.531 -2.585 -2.634 -2.679 -2.721 -2.759 
-2.794 -2.825 -2.854 -2.880 -2.902 -2.923 -2.940 -2.955 -2.967 -2.977 
-2.985 -2.990 -2.993 -2.993 -2.991 -2.986 -2.980 -2.970 -2.959 -2.945 
-2.928 -2.909 -2.887 -2.862 -2.835 -2.805 -2.772 -2.735 -2.695 -2.652 
-2.605 -2.555 -2.500 -2.441 -2.378 -2.309 -2.235 -2.156 -2.071 -1.981 
-1.885 -1.784 -1.682 -1.581 -1.487 -1.407 -1.350 -1.320 -1.316 -1.332 
-1.361 -1.396 -1.430 -1.461 -1.485 -1.503 -1.512 -1.512 -1.502 -1.483 
-1.452 -1.409 -1.354 -1.286 -1.205 -1.113 -1.021 -0.945 -0.910 -0.938 
-1.034 -1.177 -1.336 -1.493 -1.638 -1.769 -1.889 -1.996 -2.095 -2.184 
-2.253 
-2.290 -2.338 -2.403 -2.463 -2.518 -2.570 -2.618 -2.662 -2.703 -2.740 
-2.774 -2.806 -2.834 -2.860 -2.883 -2.903 -2.921 -2.936 -2.949 -2.960 
-2.968 -2.974 -2.977 -2.979 -2.978 -2.974 -2.969 -2.961 -2.950 -2.938 
-2.922 -2.905 -2.885 -2.862 -2.837 -2.808 -2.777 -2.743 -2.706 -2.666 
-2.622 -2.574 -2.523 -2.467 -2.407 -2.342 -2.272 -2.196 -2.114 -2.027 
-1.935 -1.842 -1.754 -1.679 -1.620 -1.570 -1.527 -1.493 -1.468 -1.453 
-1.449 -1.452 -1.460 -1.472 -1.483 -1.492 -1.498 -1.498 -1.492 -1.479 
-1.459 -1.432 -1.398 -1.359 -1.315 -1.269 -1.227 -1.194 -1.184 -1.213 
-1.286 -1.388 -1.501 -1.615 -1.727 -1.833 -1.932 -2.026 -2.112 -2.193 
-2.265 
-2.423 -2.493 -2.559 -2.620 -2.676 -2.728 -2.775 -2.819 -2.859 -2.895 
-2.928 -2.957 -2.984 -3.008 -3.029 -3.047 -3.062 -3.075 -3.085 -3.093 
-3.098 -3.100 -3.100 -3.098 -3.093 -3.086 -3.076 -3.063 -3.048 -3.030 
-3.009 -2.985 -2.958 -2.929 -2.895 -2.859 -2.819 -2.775 -2.726 -2.674 
-2.616 -2.554 -2.485 -2.410 -2.329 -2.239 -2.142 -2.035 -1.921 -1.800 
-1.677 -1.564 -1.476 -1.427 -1.422 -1.453 -1.502 -1.556 -1.608 -1.655 
-1.697 -1.733 -1.764 -1.789 -1.809 -1.821 -1.827 -1.825 -1.816 -1.798 
-1.772 -1.737 -1.694 -1.641 -1.581 -1.516 -1.451 -1.394 -1.359 -1.360 
-1.404 -1.488 -1.597 -1.718 -1.839 -1.955 -2.064 -2.164 -2.257 -2.342 
-2.400 
-2.451 -2.519 -2.591 -2.656 -2.717 -2.772 -2.823 -2.870 -2.913 -2.952 
-2.988 -3.020 -3.050 -3.076 -3.099 -3.120 -3.137 -3.152 -3.165 -3.175 
-3.182 -3.187 -3.189 -3.189 -3.186 -3.181 -3.174 -3.164 -3.151 -3.136 
-3.118 -3.097 -3.074 -3.048 -3.018 -2.986 -2.950 -2.911 -2.869 -2.823 
-2.772 -2.718 -2.659 -2.595 -2.525 -2.451 -2.370 -2.284 -2.191 -2.093 
-1.991 -1.890 -1.798 -1.724 -1.671 -1.639 -1.625 -1.630 -1.653 -1.689 
-1.731 -1.775 -1.816 -1.851 -1.879 -1.900 -1.912 -1.916 -1.912 -1.899 
-1.878 -1.846 -1.806 -1.755 -1.696 -1.627 -1.554 -1.482 -1.424 -1.395 
-1.409 -1.468 -1.566 -1.685 -1.811 -1.936 -2.054 -2.163 -2.264 -2.356 
-2.424 
-2.388 -2.438 -2.504 -2.564 -2.619 -2.670 -2.717 -2.760 -2.800 -2.836 
-2.868 -2.898 -2.924 -2.948 -2.968 -2.986 -3.002 -3.015 -3.025 -3.033 
-3.038 -3.041 -3.041 -3.039 -3.035 -3.028 -3.019 -3.007 -2.993 -2.976 
-2.956 -2.934 -2.909 -2.882 -2.851 -2.817 -2.781 -2.741 -2.698 -2.651 
-2.601 -2.547 -2.489 -2.428 -2.363 -2.294 -2.222 -2.148 -2.072 -1.996 
-1.923 -1.855 -1.795 -1.745 -1.708 -1.684 -1.675 -1.679 -1.694 -1.717 
-1.744 -1.770 -1.794 -1.813 -1.827 -1.834 -1.835 -1.829 -1.815 -1.793 
-1.764 -1.726 -1.679 -1.625 -1.564 -1.500 -1.436 -1.383 -1.353 -1.356 
-1.399 -1.476 -1.577 -1.690 -1.804 -1.915 -2.019 -2.117 -2.207 -2.291 
-2.362 
-2.430 -2.487 -2.555 -2.618 -2.676 -2.729 -2.778 -2.823 -2.864 -2.902 
-2.936 -2.968 -2.996 -3.021 -3.044 -3.064 -3.081 -3.095 -3.107 -3.117 
-3.124 -3.129 -3.131 -3.131 -3.129 -3.124 -3.116 -3.107 -3.095 -3.080 
-3.063 -3.043 -3.021 -2.996 -2.968 -2.937 -2.903 -2.866 -2.826 -2.782 
-2.735 -2.684 -2.629 -2.570 -2.507 -2.439 -2.367 -2.290 -2.210 -2.125 
-2.038 -1.950 -1.863 -1.780 -1.707 -1.648 -1.608 -1.589 -1.589 -1.604 
-1.628 -1.658 -1.687 -1.714 -1.735 -1.750 -1.758 -1.758 -1.749 -1.732 
-1.705 -1.669 -1.623 -1.567 -1.502 -1.432 -1.362 -1.304 -1.271 -1.277 
-1.330 -1.426 -1.550 -1.682 -1.811 -1.933 -2.046 -2.150 -2.245 -2.332 
-2.403 
-2.562 -2.627 -2.702 -2.770 -2.832 -2.889 -2.941 -2.989 -3.032 -3.072 
-3.109 -3.141 -3.171 -3.198 -3.222 -3.242 -3.260 -3.276 -3.289 -3.299 
-3.306 -3.311 -3.314 -3.314 -3.312 -3.307 -3.300 -3.290 -3.278 -3.263 
-3.245 -3.225 -3.202 -3.176 -3.147 -3.115 -3.080 -3.042 -2.999 -2.954 
-2.904 -2.850 -2.791 -2.727 -2.659 -2.584 -2.504 -2.417 -2.324 -2.225 
-2.120 -2.012 -1.904 -1.806 -1.726 -1.675 -1.659 -1.672 -1.707 -1.753 
-1.803 -1.851 -1.894 -1.930 -1.958 -1.978 -1.989 -1.991 -1.984 -1.967 
-1.940 -1.902 -1.851 -1.788 -1.709 -1.616 -1.510 -1.404 -1.323 -1.287 
-1.305 -1.389 -1.526 -1.686 -1.846 -1.994 -2.128 -2.249 -2.358 -2.457 
-2.533 
-2.714 -2.791 -2.860 -2.922 -2.980 -3.032 -3.080 -3.125 -3.165 -3.201 
-3.235 -3.265 -3.292 -3.316 -3.337 -3.355 -3.371 -3.384 -3.394 -3.402 
-3.408 -3.411 -3.411 -3.409 -3.405 -3.398 -3.388 -3.376 -3.362 -3.345 
-3.325 -3.302 -3.277 -3.248 -3.217 -3.182 -3.144 -3.102 -3.056 -3.007 
-2.953 -2.895 -2.831 -2.762 -2.687 -2.606 -2.518 -2.422 -2.318 -2.206 
-2.086 -1.961 -1.837 -1.725 -1.638 -1.592 -1.591 -1.626 -1.684 -1.749 
-1.813 -1.870 -1.918 -1.956 -1.983 -2.000 -2.006 -2.001 -1.985 -1.958 
-1.917 -1.862 -1.791 -1.702 -1.592 -1.463 -1.328 -1.222 -1.193 -1.262 
-1.400 -1.571 -1.749 -1.918 -2.072 -2.210 -2.333 -2.444 -2.544 -2.634 
-2.692 
-2.711 -2.761 -2.830 -2.892 -2.950 -3.002 -3.050 -3.094 -3.135 -3.171 
-3.205 -3.235 -3.262 -3.286 -3.307 -3.326 -3.341 -3.355 -3.365 -3.373 
-3.379 -3.382 -3.382 -3.381 -3.376 -3.369 -3.360 -3.348 -3.334 -3.317 
-3.297 -3.275 -3.249 -3.221 -3.189 -3.155 -3.117 -3.075 -3.030 -2.981 
-2.928 -2.870 -2.807 -2.739 -2.665 -2.585 -2.499 -2.406 -2.306 -2.201 
-2.091 -1.980 -1.873 -1.777 -1.702 -1.656 -1.645 -1.666 -1.709 -1.762 
-1.817 -1.869 -1.913 -1.949 -1.975 -1.992 -1.998 -1.994 -1.980 -1.955 
-1.918 -1.868 -1.804 -1.725 -1.629 -1.519 -1.403 -1.301 -1.252 -1.286 
-1.398 -1.558 -1.731 -1.896 -2.048 -2.184 -2.306 -2.416 -2.515 -2.605 
-2.682 
-2.753 -2.822 -2.886 -2.945 -2.998 -3.047 -3.092 -3.133 -3.170 -3.203 
-3.233 -3.261 -3.285 -3.306 -3.324 -3.339 -3.352 -3.363 -3.370 -3.375 
-3.378 -3.378 -3.376 -3.371 -3.363 -3.354 -3.341 -3.326 -3.308 -3.287 
-3.264 -3.238 -3.208 -3.176 -3.140 -3.101 -3.058 -3.011 -2.960 -2.905 
-2.845 -2.780 -2.710 -2.634 -2.552 -2.463 -2.368 -2.267 -2.162 -2.054 
-1.951 -1.857 -1.783 -1.734 -1.713 -1.720 -1.751 -1.799 -1.854 -1.908 
-1.957 -1.998 -2.031 -2.054 -2.068 -2.073 -2.067 -2.053 -2.027 -1.991 
-1.943 -1.883 -1.811 -1.726 -1.633 -1.541 -1.469 -1.436 -1.455 -1.525 
-1.629 -1.742 -1.862 -1.998 -2.138 -2.269 -2.387 -2.493 -2.588 -2.674 
-2.732 
-2.639 -2.737 -2.828 -2.909 -2.982 -3.049 -3.109 -3.163 -3.213 -3.258 
-3.299 -3.335 -3.368 -3.398 -3.424 -3.447 -3.467 -3.484 -3.499 -3.510 
-3.519 -3.525 -3.528 -3.529 -3.527 -3.522 -3.515 -3.505 -3.492 -3.476 
-3.458 -3.437 -3.412 -3.385 -3.354 -3.320 -3.282 -3.241 -3.195 -3.145 
-3.091 -3.031 -2.966 -2.895 -2.818 -2.733 -2.640 -2.539 -2.428 -2.309 
-2.181 -2.046 -1.913 -1.800 -1.735 -1.728 -1.770 -1.844 -1.932 -2.021 
-2.102 -2.171 -2.229 -2.276 -2.311 -2.337 -2.352 -2.357 -2.353 -2.338 
-2.313 -2.277 -2.230 -2.169 -2.097 -2.018 -1.939 -1.871 -1.810 -1.738 
-1.657 -1.602 -1.613 -1.686 -1.785 -1.912 -2.074 -2.239 -2.389 -2.520 
-2.609 
-2.486 -2.558 -2.672 -2.772 -2.861 -2.940 -3.012 -3.077 -3.135 -3.187 
-3.235 -3.278 -3.316 -3.350 -3.381 -3.408 -3.432 -3.452 -3.469 -3.483 
-3.494 -3.502 -3.508 -3.510 -3.510 -3.507 -3.500 -3.491 -3.479 -3.465 
-3.447 -3.425 -3.401 -3.373 -3.341 -3.306 -3.267 -3.223 -3.175 -3.121 
-3.062 -2.997 -2.925 -2.845 -2.756 -2.656 -2.546 -2.423 -2.288 -2.144 
-1.999 -1.858 -1.723 -1.626 -1.610 -1.683 -1.807 -1.941 -2.066 -2.174 
-2.266 -2.343 -2.407 -2.458 -2.499 -2.530 -2.551 -2.564 -2.569 -2.565 
-2.552 -2.530 -2.498 -2.455 -2.400 -2.331 -2.243 -2.136 -2.009 -1.880 
-1.794 -1.750 -1.693 -1.612 -1.553 -1.588 -1.728 -1.919 -2.110 -2.281 
-2.427 
-2.661 -2.769 -2.854 -2.930 -2.998 -3.059 -3.114 -3.163 -3.208 -3.248 
-3.284 -3.316 -3.345 -3.370 -3.391 -3.410 -3.425 -3.438 -3.447 -3.454 
-3.458 -3.459 -3.457 -3.452 -3.445 -3.435 -3.421 -3.405 -3.386 -3.364 
-3.338 -3.309 -3.277 -3.240 -3.200 -3.156 -3.107 -3.053 -2.993 -2.928 
-2.856 -2.776 -2.689 -2.592 -2.484 -2.365 -2.234 -2.093 -1.948 -1.813 
-1.711 -1.661 -1.670 -1.726 -1.813 -1.923 -2.037 -2.138 -2.224 -2.295 
-2.353 -2.399 -2.435 -2.461 -2.478 -2.487 -2.487 -2.478 -2.461 -2.435 
-2.400 -2.353 -2.294 -2.221 -2.132 -2.023 -1.891 -1.737 -1.574 -1.446 
-1.414 -1.486 -1.588 -1.689 -1.815 -1.955 -2.122 -2.288 -2.435 -2.562 
-2.639 
-2.699 -2.779 -2.874 -2.958 -3.033 -3.101 -3.162 -3.217 -3.267 -3.312 
-3.353 -3.389 -3.422 -3.451 -3.476 -3.498 -3.517 -3.532 -3.545 -3.555 
-3.561 -3.565 -3.566 -3.565 -3.560 -3.552 -3.542 -3.529 -3.512 -3.493 
-3.470 -3.444 -3.414 -3.381 -3.344 -3.303 -3.257 -3.206 -3.151 -3.089 
-3.021 -2.946 -2.862 -2.769 -2.666 -2.549 -2.418 -2.270 -2.105 -1.928 
-1.756 -1.633 -1.606 -1.686 -1.827 -1.978 -2.115 -2.232 -2.330 -2.411 
-2.479 -2.534 -2.579 -2.613 -2.639 -2.656 -2.666 -2.667 -2.660 -2.645 
-2.622 -2.589 -2.547 -2.493 -2.427 -2.344 -2.244 -2.121 -1.977 -1.825 
-1.691 -1.560 -1.440 -1.438 -1.598 -1.832 -2.057 -2.250 -2.413 -2.552 
-2.658 
-2.720 -2.789 -2.879 -2.960 -3.034 -3.101 -3.161 -3.216 -3.266 -3.311 
-3.352 -3.389 -3.422 -3.451 -3.477 -3.500 -3.519 -3.535 -3.549 -3.559 
-3.567 -3.571 -3.573 -3.572 -3.569 -3.562 -3.553 -3.540 -3.525 -3.507 
-3.485 -3.460 -3.432 -3.400 -3.365 -3.325 -3.282 -3.233 -3.180 -3.121 
-3.056 -2.984 -2.904 -2.816 -2.717 -2.607 -2.483 -2.343 -2.185 -2.013 
-1.838 -1.700 -1.654 -1.709 -1.823 -1.958 -2.089 -2.206 -2.306 -2.391 
-2.462 -2.521 -2.569 -2.607 -2.636 -2.657 -2.670 -2.675 -2.672 -2.662 
-2.643 -2.616 -2.581 -2.535 -2.478 -2.408 -2.322 -2.216 -2.085 -1.931 
-1.802 -1.757 -1.725 -1.745 -1.863 -2.016 -2.171 -2.319 -2.455 -2.578 
-2.682 
-2.901 -2.995 -3.076 -3.149 -3.215 -3.275 -3.329 -3.379 -3.423 -3.463 
-3.500 -3.532 -3.561 -3.586 -3.608 -3.627 -3.643 -3.656 -3.667 -3.674 
-3.678 -3.680 -3.679 -3.675 -3.669 -3.659 -3.647 -3.632 -3.614 -3.592 
-3.568 -3.540 -3.509 -3.474 -3.435 -3.392 -3.344 -3.291 -3.234 -3.170 
-3.099 -3.021 -2.935 -2.838 -2.730 -2.607 -2.468 -2.308 -2.126 -1.925 
-1.732 -1.604 -1.601 -1.710 -1.869 -2.027 -2.165 -2.281 -2.377 -2.457 
-2.521 -2.574 -2.615 -2.645 -2.667 -2.679 -2.683 -2.679 -2.665 -2.642 
-2.610 -2.567 -2.511 -2.442 -2.355 -2.248 -2.113 -1.945 -1.741 -1.539 
-1.430 -1.483 -1.617 -1.819 -2.047 -2.244 -2.414 -2.561 -2.690 -2.803 
-2.876 
-2.928 -3.011 -3.103 -3.185 -3.259 -3.325 -3.385 -3.439 -3.488 -3.532 
-3.572 -3.607 -3.639 -3.667 -3.692 -3.713 -3.731 -3.746 -3.758 -3.767 
-3.773 -3.776 -3.777 -3.775 -3.769 -3.761 -3.750 -3.736 -3.719 -3.699 
-3.676 -3.649 -3.619 -3.585 -3.547 -3.504 -3.458 -3.406 -3.349 -3.286 
-3.216 -3.139 -3.053 -2.957 -2.850 -2.728 -2.589 -2.430 -2.249 -2.049 
-1.855 -1.727 -1.731 -1.853 -2.019 -2.181 -2.321 -2.438 -2.536 -2.617 
-2.684 -2.738 -2.781 -2.815 -2.839 -2.855 -2.863 -2.863 -2.855 -2.838 
-2.813 -2.778 -2.733 -2.676 -2.605 -2.518 -2.410 -2.275 -2.105 -1.900 
-1.693 -1.520 -1.409 -1.510 -1.774 -2.059 -2.296 -2.490 -2.651 -2.788 
-2.890 
-2.863 -2.953 -3.048 -3.133 -3.209 -3.278 -3.339 -3.395 -3.445 -3.491 
-3.532 -3.569 -3.601 -3.630 -3.656 -3.678 -3.697 -3.713 -3.726 -3.736 
-3.743 -3.747 -3.749 -3.747 -3.743 -3.735 -3.725 -3.712 -3.696 -3.676 
-3.654 -3.628 -3.598 -3.565 -3.528 -3.487 -3.441 -3.391 -3.335 -3.273 
-3.205 -3.129 -3.045 -2.951 -2.845 -2.725 -2.588 -2.430 -2.249 -2.046 
-1.848 -1.721 -1.727 -1.849 -2.014 -2.172 -2.310 -2.426 -2.523 -2.604 
-2.672 -2.727 -2.772 -2.807 -2.833 -2.851 -2.862 -2.864 -2.859 -2.846 
-2.825 -2.795 -2.755 -2.706 -2.645 -2.570 -2.478 -2.366 -2.229 -2.060 
-1.852 -1.622 -1.456 -1.496 -1.712 -1.978 -2.217 -2.416 -2.582 -2.724 
-2.825 
-2.817 -2.876 -2.964 -3.043 -3.115 -3.179 -3.238 -3.291 -3.339 -3.383 
-3.422 -3.457 -3.489 -3.517 -3.542 -3.563 -3.582 -3.597 -3.610 -3.619 
-3.626 -3.630 -3.632 -3.630 -3.626 -3.619 -3.609 -3.597 -3.581 -3.562 
-3.541 -3.516 -3.488 -3.457 -3.422 -3.383 -3.340 -3.292 -3.240 -3.183 
-3.120 -3.051 -2.975 -2.892 -2.801 -2.699 -2.588 -2.466 -2.333 -2.191 
-2.052 -1.942 -1.906 -1.936 -2.005 -2.093 -2.187 -2.278 -2.361 -2.433 
-2.495 -2.547 -2.589 -2.622 -2.647 -2.663 -2.672 -2.672 -2.665 -2.650 
-2.626 -2.593 -2.550 -2.496 -2.429 -2.347 -2.247 -2.127 -1.986 -1.836 
-1.707 -1.614 -1.581 -1.663 -1.848 -2.051 -2.237 -2.401 -2.543 -2.668 
-2.777 
-2.956 -3.062 -3.142 -3.213 -3.278 -3.337 -3.390 -3.439 -3.483 -3.523 
-3.559 -3.591 -3.620 -3.645 -3.668 -3.687 -3.703 -3.717 -3.727 -3.735 
-3.740 -3.743 -3.742 -3.740 -3.734 -3.726 -3.715 -3.701 -3.684 -3.664 
-3.642 -3.616 -3.587 -3.555 -3.519 -3.479 -3.435 -3.387 -3.335 -3.277 
-3.214 -3.145 -3.070 -2.987 -2.897 -2.798 -2.691 -2.575 -2.451 -2.326 
-2.208 -2.111 -2.053 -2.041 -2.074 -2.141 -2.225 -2.311 -2.392 -2.462 
-2.522 -2.572 -2.612 -2.642 -2.663 -2.675 -2.679 -2.674 -2.661 -2.638 
-2.605 -2.561 -2.505 -2.435 -2.348 -2.241 -2.110 -1.956 -1.791 -1.660 
-1.622 -1.678 -1.793 -1.962 -2.155 -2.337 -2.499 -2.641 -2.766 -2.876 
-2.935 
-2.839 -2.907 -2.995 -3.075 -3.147 -3.212 -3.272 -3.326 -3.375 -3.420 
-3.461 -3.497 -3.530 -3.560 -3.586 -3.609 -3.629 -3.646 -3.660 -3.672 
-3.680 -3.686 -3.689 -3.690 -3.687 -3.683 -3.675 -3.665 -3.651 -3.635 
-3.617 -3.595 -3.570 -3.541 -3.510 -3.475 -3.436 -3.393 -3.346 -3.294 
-3.237 -3.175 -3.107 -3.032 -2.950 -2.860 -2.761 -2.652 -2.534 -2.405 
-2.270 -2.137 -2.021 -1.941 -1.916 -1.950 -2.026 -2.120 -2.215 -2.304 
-2.381 -2.447 -2.501 -2.546 -2.580 -2.605 -2.621 -2.628 -2.627 -2.617 
-2.598 -2.570 -2.531 -2.481 -2.417 -2.338 -2.241 -2.123 -1.983 -1.833 
-1.705 -1.628 -1.634 -1.746 -1.922 -2.110 -2.285 -2.441 -2.578 -2.701 
-2.801 
-2.818 -2.885 -2.973 -3.054 -3.128 -3.196 -3.258 -3.314 -3.366 -3.413 
-3.456 -3.495 -3.531 -3.563 -3.591 -3.616 -3.639 -3.658 -3.674 -3.688 
-3.699 -3.707 -3.712 -3.715 -3.715 -3.712 -3.707 -3.699 -3.688 -3.675 
-3.658 -3.639 -3.617 -3.592 -3.563 -3.531 -3.496 -3.457 -3.414 -3.367 
-3.315 -3.259 -3.197 -3.129 -3.056 -2.975 -2.887 -2.791 -2.687 -2.574 
-2.456 -2.336 -2.223 -2.134 -2.084 -2.079 -2.113 -2.172 -2.247 -2.326 
-2.401 -2.469 -2.528 -2.577 -2.618 -2.649 -2.673 -2.688 -2.695 -2.695 
-2.687 -2.671 -2.646 -2.613 -2.571 -2.518 -2.455 -2.380 -2.292 -2.192 
-2.086 -1.996 -1.966 -2.013 -2.102 -2.211 -2.331 -2.453 -2.572 -2.685 
-2.782 
-2.802 -2.947 -3.050 -3.142 -3.225 -3.301 -3.369 -3.431 -3.488 -3.539 
-3.586 -3.629 -3.668 -3.703 -3.734 -3.762 -3.787 -3.809 -3.827 -3.843 
-3.857 -3.867 -3.875 -3.880 -3.882 -3.882 -3.879 -3.874 -3.866 -3.855 
-3.841 -3.825 -3.806 -3.784 -3.759 -3.731 -3.699 -3.664 -3.626 -3.583 
-3.537 -3.486 -3.430 -3.369 -3.303 -3.230 -3.151 -3.064 -2.969 -2.866 
-2.755 -2.635 -2.512 -2.389 -2.278 -2.191 -2.144 -2.145 -2.190 -2.262 
-2.344 -2.426 -2.499 -2.563 -2.617 -2.660 -2.694 -2.718 -2.732 -2.738 
-2.735 -2.723 -2.701 -2.670 -2.628 -2.575 -2.509 -2.430 -2.337 -2.235 
-2.133 -2.053 -2.022 -2.049 -2.117 -2.198 -2.295 -2.422 -2.565 -2.705 
-2.780 
-2.532 -2.593 -2.724 -2.841 -2.945 -3.039 -3.123 -3.200 -3.269 -3.332 
-3.389 -3.441 -3.488 -3.531 -3.570 -3.605 -3.636 -3.664 -3.689 -3.711 
-3.729 -3.745 -3.758 -3.767 -3.775 -3.779 -3.781 -3.780 -3.777 -3.770 
-3.761 -3.750 -3.735 -3.718 -3.698 -3.674 -3.648 -3.618 -3.585 -3.548 
-3.508 -3.463 -3.414 -3.361 -3.303 -3.239 -3.169 -3.093 -3.010 -2.920 
-2.821 -2.715 -2.602 -2.484 -2.368 -2.266 -2.193 -2.161 -2.172 -2.217 
-2.283 -2.358 -2.432 -2.500 -2.561 -2.612 -2.655 -2.689 -2.714 -2.731 
-2.740 -2.741 -2.734 -2.717 -2.692 -2.657 -2.612 -2.555 -2.486 -2.403 
-2.309 -2.209 -2.113 -2.021 -1.934 -1.877 -1.887 -1.978 -2.123 -2.287 
-2.436 
