IRGRID 64 91
1e+308

0.025 0.03 0.035 0.04 0.045 0.05 0.055 0.06 0.065 0.07
0.075 0.08 0.085 0.09 0.095 0.1 0.11 0.12 0.13 0.14
0.15 0.16 0.17 0.18 0.19 0.2 0.21 0.22 0.23 0.24
0.25 0.26 0.27 0.28 0.29 0.3 0.31 0.32 0.33 0.34
0.35 0.36 0.37 0.38 0.39 0.4 0.41 0.42 0.43 0.44
0.45 0.46 0.47 0.48 0.49 0.5 0.51 0.52 0.53 0.54
0.55 0.56 0.57 0.58
0 4 8 12 16 20 24 28 32 36
40 44 48 52 56 60 64 68 72 76
80 84 88 92 96 100 104 108 112 116
120 124 128 132 136 140 144 148 152 156
160 164 168 172 176 180 184 188 192 196
200 204 208 212 216 220 224 228 232 236
240 244 248 252 256 260 264 268 272 276
280 284 288 292 296 300 304 308 312 316
320 324 328 332 336 340 344 348 352 356
360
-4.000 -4.000 -4.000 -4.000 -4.000 -4.000 -4.000 -4.000 -4.000 -4.000 
-4.000 -4.000 -4.000 -4.000 -4.000 -4.000 -4.000 -4.000 -4.000 -4.000 
-4.000 -4.000 -4.000 -4.000 -4.000 -4.000 -4.000 -4.000 -4.000 -4.000 
-4.000 -4.000 -4.000 -4.000 -4.000 -4.000 -4.000 -4.000 -4.000 -4.000 
-4.000 -3.978 -3.948 -3.914 -3.875 -3.831 -3.782 -3.726 -3.663 -3.593 
-3.513 -3.424 -3.322 -3.206 -3.074 -2.922 -2.750 -2.564 -2.416 -2.386 
-2.504 -2.699 -2.892 -3.057 -3.196 -3.316 -3.419 -3.509 -3.589 -3.660 
-3.723 -3.779 -3.830 -3.876 -3.917 -3.954 -3.987 -4.000 -4.000 -4.000 
-4.000 -4.000 -4.000 -4.000 -4.000 -4.000 -4.000 -4.000 -4.000 -4.000 
-4.000 
-3.603 -3.619 -3.617 -3.614 -3.608 -3.599 -3.588 -3.573 -3.555 -3.533 
-3.507 -3.479 -3.447 -3.415 -3.383 -3.356 -3.337 -3.328 -3.331 -3.346 
-3.370 -3.401 -3.435 -3.470 -3.504 -3.535 -3.563 -3.587 -3.607 -3.623 
-3.635 -3.643 -3.648 -3.649 -3.647 -3.640 -3.631 -3.617 -3.601 -3.580 
-3.556 -3.528 -3.496 -3.460 -3.419 -3.373 -3.322 -3.265 -3.202 -3.132 
-3.054 -2.967 -2.870 -2.763 -2.646 -2.522 -2.400 -2.295 -2.227 -2.219 
-2.275 -2.360 -2.456 -2.558 -2.661 -2.761 -2.854 -2.939 -3.016 -3.085 
-3.148 -3.204 -3.254 -3.300 -3.341 -3.377 -3.411 -3.440 -3.467 -3.491 
-3.513 -3.532 -3.549 -3.564 -3.577 -3.588 -3.597 -3.605 -3.611 -3.615 
-3.600 
-3.272 -3.243 -3.223 -3.200 -3.172 -3.141 -3.106 -3.067 -3.024 -2.977 
-2.928 -2.877 -2.824 -2.774 -2.727 -2.687 -2.658 -2.641 -2.638 -2.646 
-2.664 -2.685 -2.705 -2.720 -2.730 -2.739 -2.753 -2.779 -2.819 -2.869 
-2.921 -2.972 -3.018 -3.059 -3.094 -3.123 -3.147 -3.165 -3.178 -3.186 
-3.189 -3.188 -3.182 -3.171 -3.155 -3.135 -3.110 -3.079 -3.043 -3.001 
-2.952 -2.896 -2.833 -2.761 -2.681 -2.592 -2.496 -2.399 -2.309 -2.236 
-2.186 -2.166 -2.182 -2.229 -2.294 -2.360 -2.421 -2.480 -2.547 -2.624 
-2.705 -2.785 -2.859 -2.926 -2.986 -3.040 -3.086 -3.127 -3.162 -3.193 
-3.218 -3.240 -3.257 -3.270 -3.279 -3.285 -3.287 -3.285 -3.280 -3.271 
-3.279 
-3.095 -3.122 -3.106 -3.085 -3.062 -3.036 -3.008 -2.980 -2.953 -2.927 
-2.903 -2.883 -2.863 -2.844 -2.824 -2.802 -2.777 -2.747 -2.713 -2.672 
-2.623 -2.565 -2.499 -2.431 -2.368 -2.319 -2.295 -2.302 -2.338 -2.395 
-2.465 -2.539 -2.611 -2.679 -2.740 -2.795 -2.842 -2.883 -2.918 -2.946 
-2.968 -2.984 -2.994 -2.998 -2.997 -2.989 -2.975 -2.954 -2.926 -2.888 
-2.841 -2.782 -2.707 -2.612 -2.489 -2.328 -2.113 -1.858 -1.727 -1.878 
-2.073 -2.187 -2.234 -2.238 -2.213 -2.173 -2.139 -2.132 -2.161 -2.226 
-2.314 -2.411 -2.508 -2.599 -2.683 -2.758 -2.825 -2.885 -2.937 -2.982 
-3.021 -3.055 -3.083 -3.106 -3.124 -3.137 -3.145 -3.149 -3.149 -3.144 
-3.094 
-2.439 -2.463 -2.436 -2.410 -2.383 -2.358 -2.336 -2.317 -2.303 -2.296 
-2.296 -2.305 -2.322 -2.346 -2.376 -2.411 -2.448 -2.484 -2.520 -2.552 
-2.579 -2.601 -2.615 -2.623 -2.625 -2.626 -2.632 -2.646 -2.671 -2.701 
-2.731 -2.758 -2.780 -2.796 -2.807 -2.813 -2.813 -2.809 -2.801 -2.788 
-2.770 -2.747 -2.720 -2.688 -2.651 -2.608 -2.558 -2.502 -2.438 -2.364 
-2.280 -2.183 -2.069 -1.933 -1.768 -1.564 -1.317 -1.077 -0.953 -0.961 
-0.883 -0.904 -1.189 -1.461 -1.666 -1.820 -1.939 -2.035 -2.119 -2.196 
-2.267 -2.330 -2.386 -2.434 -2.475 -2.509 -2.537 -2.560 -2.578 -2.591 
-2.600 -2.604 -2.605 -2.601 -2.594 -2.584 -2.570 -2.554 -2.534 -2.512 
-2.446 
-1.994 -1.958 -1.944 -1.932 -1.923 -1.917 -1.916 -1.920 -1.929 -1.944 
-1.964 -1.988 -2.016 -2.047 -2.079 -2.112 -2.145 -2.177 -2.207 -2.235 
-2.260 -2.283 -2.303 -2.320 -2.333 -2.344 -2.351 -2.355 -2.355 -2.353 
-2.347 -2.337 -2.325 -2.309 -2.291 -2.269 -2.245 -2.217 -2.187 -2.155 
-2.120 -2.083 -2.044 -2.004 -1.961 -1.917 -1.871 -1.824 -1.774 -1.722 
-1.666 -1.605 -1.537 -1.461 -1.371 -1.263 -1.126 -0.951 -0.739 -0.484 
-0.252 -0.224 -0.431 -0.696 -0.906 -1.063 -1.189 -1.297 -1.393 -1.479 
-1.558 -1.629 -1.693 -1.751 -1.802 -1.847 -1.887 -1.920 -1.949 -1.972 
-1.991 -2.005 -2.015 -2.021 -2.023 -2.021 -2.016 -2.008 -1.998 -1.985 
-2.001 
-2.018 -2.051 -2.068 -2.084 -2.098 -2.110 -2.122 -2.134 -2.145 -2.157 
-2.167 -2.178 -2.187 -2.195 -2.201 -2.205 -2.206 -2.206 -2.203 -2.198 
-2.190 -2.179 -2.167 -2.152 -2.134 -2.114 -2.092 -2.068 -2.042 -2.013 
-1.983 -1.950 -1.915 -1.879 -1.841 -1.801 -1.759 -1.716 -1.672 -1.627 
-1.581 -1.534 -1.487 -1.440 -1.393 -1.346 -1.299 -1.252 -1.205 -1.157 
-1.107 -1.054 -0.995 -0.923 -0.824 -0.658 -0.312 -0.004 -0.389 -0.526 
-0.496 -0.494 -0.581 -0.644 -0.697 -0.754 -0.820 -0.893 -0.971 -1.050 
-1.128 -1.203 -1.275 -1.342 -1.405 -1.464 -1.518 -1.569 -1.616 -1.660 
-1.703 -1.744 -1.783 -1.821 -1.858 -1.893 -1.925 -1.956 -1.984 -2.009 
-2.011 
-1.942 -1.969 -2.014 -2.056 -2.096 -2.134 -2.169 -2.202 -2.232 -2.260 
-2.285 -2.307 -2.327 -2.345 -2.360 -2.372 -2.383 -2.390 -2.396 -2.399 
-2.400 -2.398 -2.394 -2.388 -2.380 -2.369 -2.355 -2.339 -2.321 -2.301 
-2.278 -2.252 -2.224 -2.193 -2.160 -2.124 -2.086 -2.045 -2.000 -1.953 
-1.903 -1.850 -1.793 -1.732 -1.667 -1.596 -1.519 -1.435 -1.341 -1.235 
-1.115 -0.976 -0.813 -0.618 -0.374 -0.017 0.403 0.614 0.302 -0.125 
-0.393 -0.560 -0.675 -0.761 -0.831 -0.890 -0.943 -0.991 -1.035 -1.076 
-1.116 -1.155 -1.193 -1.229 -1.265 -1.298 -1.330 -1.361 -1.392 -1.424 
-1.458 -1.495 -1.536 -1.579 -1.625 -1.673 -1.723 -1.774 -1.824 -1.874 
-1.924 
-1.935 -1.975 -2.007 -2.037 -2.064 -2.087 -2.108 -2.125 -2.140 -2.152 
-2.161 -2.168 -2.172 -2.173 -2.172 -2.168 -2.162 -2.153 -2.143 -2.130 
-2.115 -2.099 -2.081 -2.061 -2.040 -2.019 -1.996 -1.973 -1.949 -1.924 
-1.900 -1.874 -1.849 -1.822 -1.795 -1.766 -1.735 -1.702 -1.666 -1.627 
-1.583 -1.535 -1.482 -1.422 -1.355 -1.281 -1.198 -1.104 -0.999 -0.881 
-0.749 -0.602 -0.442 -0.275 -0.121 0.003 0.132 0.266 0.085 -0.017 
-0.147 -0.277 -0.382 -0.461 -0.522 -0.570 -0.609 -0.644 -0.678 -0.715 
-0.757 -0.805 -0.861 -0.923 -0.991 -1.063 -1.136 -1.209 -1.281 -1.351 
-1.418 -1.483 -1.545 -1.604 -1.661 -1.714 -1.765 -1.813 -1.858 -1.900 
-1.922 
-1.701 -1.750 -1.771 -1.787 -1.799 -1.808 -1.813 -1.815 -1.814 -1.810 
-1.803 -1.794 -1.782 -1.768 -1.753 -1.735 -1.715 -1.694 -1.671 -1.646 
-1.621 -1.595 -1.568 -1.540 -1.513 -1.485 -1.458 -1.432 -1.407 -1.383 
-1.359 -1.338 -1.317 -1.298 -1.279 -1.261 -1.243 -1.226 -1.207 -1.188 
-1.167 -1.144 -1.118 -1.089 -1.055 -1.017 -0.973 -0.923 -0.865 -0.797 
-0.719 -0.628 -0.522 -0.399 -0.262 -0.115 0.043 0.211 0.345 0.366 
0.252 0.069 -0.117 -0.280 -0.415 -0.526 -0.618 -0.693 -0.755 -0.805 
-0.846 -0.879 -0.904 -0.923 -0.936 -0.947 -0.961 -0.985 -1.025 -1.080 
-1.149 -1.225 -1.303 -1.378 -1.448 -1.511 -1.567 -1.616 -1.658 -1.694 
-1.700 
-1.433 -1.455 -1.512 -1.565 -1.613 -1.657 -1.697 -1.734 -1.766 -1.795 
-1.821 -1.843 -1.862 -1.878 -1.891 -1.901 -1.908 -1.912 -1.914 -1.913 
-1.910 -1.905 -1.897 -1.887 -1.876 -1.863 -1.848 -1.832 -1.816 -1.798 
-1.779 -1.760 -1.740 -1.719 -1.698 -1.675 -1.650 -1.624 -1.596 -1.565 
-1.532 -1.496 -1.456 -1.412 -1.364 -1.312 -1.254 -1.189 -1.119 -1.041 
-0.954 -0.857 -0.749 -0.628 -0.491 -0.337 -0.166 0.015 0.178 0.269 
0.273 0.234 0.222 0.347 0.542 0.302 0.025 -0.141 -0.241 -0.302 
-0.338 -0.355 -0.358 -0.352 -0.341 -0.331 -0.330 -0.345 -0.380 -0.438 
-0.515 -0.606 -0.704 -0.805 -0.904 -0.999 -1.089 -1.173 -1.252 -1.325 
-1.404 
-1.541 -1.591 -1.628 -1.661 -1.692 -1.721 -1.747 -1.771 -1.792 -1.812 
-1.829 -1.844 -1.858 -1.869 -1.879 -1.887 -1.893 -1.897 -1.900 -1.901 
-1.900 -1.897 -1.893 -1.886 -1.878 -1.869 -1.857 -1.844 -1.829 -1.812 
-1.794 -1.773 -1.751 -1.726 -1.700 -1.672 -1.641 -1.609 -1.574 -1.537 
-1.497 -1.455 -1.410 -1.363 -1.313 -1.259 -1.202 -1.141 -1.076 -1.006 
-0.931 -0.849 -0.761 -0.664 -0.557 -0.437 -0.302 -0.150 0.022 0.212 
0.419 0.604 0.753 0.994 1.165 0.978 0.631 0.316 0.084 -0.095 
-0.238 -0.356 -0.454 -0.534 -0.601 -0.658 -0.708 -0.758 -0.814 -0.878 
-0.948 -1.022 -1.096 -1.168 -1.236 -1.300 -1.358 -1.413 -1.463 -1.509 
-1.532 
-1.599 -1.618 -1.651 -1.682 -1.710 -1.737 -1.761 -1.783 -1.804 -1.822 
-1.838 -1.852 -1.864 -1.875 -1.883 -1.890 -1.894 -1.897 -1.898 -1.897 
-1.894 -1.889 -1.883 -1.874 -1.864 -1.851 -1.837 -1.821 -1.802 -1.782 
-1.759 -1.734 -1.707 -1.678 -1.646 -1.612 -1.575 -1.536 -1.493 -1.448 
-1.400 -1.349 -1.294 -1.236 -1.174 -1.108 -1.037 -0.961 -0.880 -0.794 
-0.700 -0.599 -0.489 -0.369 -0.237 -0.090 0.074 0.261 0.473 0.709 
0.936 1.066 1.026 0.898 0.828 0.593 0.352 0.169 0.021 -0.108 
-0.225 -0.333 -0.434 -0.529 -0.620 -0.707 -0.789 -0.867 -0.942 -1.012 
-1.080 -1.143 -1.204 -1.261 -1.315 -1.367 -1.415 -1.461 -1.504 -1.544 
-1.586 
-1.770 -1.807 -1.845 -1.880 -1.913 -1.943 -1.971 -1.996 -2.019 -2.040 
-2.059 -2.075 -2.090 -2.102 -2.112 -2.120 -2.125 -2.129 -2.131 -2.131 
-2.129 -2.124 -2.118 -2.109 -2.099 -2.086 -2.071 -2.054 -2.034 -2.012 
-1.988 -1.962 -1.933 -1.901 -1.867 -1.830 -1.789 -1.746 -1.700 -1.650 
-1.596 -1.539 -1.477 -1.411 -1.340 -1.264 -1.182 -1.094 -1.000 -0.899 
-0.791 -0.678 -0.559 -0.434 -0.303 -0.162 -0.010 0.147 0.297 0.427 
0.537 0.602 0.538 0.401 0.278 0.185 0.123 0.084 0.029 -0.078 
-0.205 -0.325 -0.436 -0.542 -0.644 -0.743 -0.838 -0.929 -1.017 -1.100 
-1.180 -1.255 -1.326 -1.393 -1.457 -1.517 -1.573 -1.626 -1.676 -1.722 
-1.756 
-1.992 -2.044 -2.079 -2.112 -2.142 -2.169 -2.194 -2.216 -2.236 -2.253 
-2.268 -2.280 -2.291 -2.299 -2.305 -2.308 -2.310 -2.309 -2.306 -2.301 
-2.294 -2.284 -2.272 -2.258 -2.242 -2.223 -2.202 -2.178 -2.152 -2.123 
-2.091 -2.056 -2.018 -1.978 -1.934 -1.886 -1.835 -1.780 -1.721 -1.658 
-1.590 -1.516 -1.438 -1.354 -1.263 -1.166 -1.062 -0.951 -0.835 -0.713 
-0.589 -0.466 -0.351 -0.249 -0.167 -0.109 -0.071 -0.044 -0.016 0.011 
0.026 0.032 0.041 0.065 0.110 0.179 0.268 0.345 0.339 0.210 
0.002 -0.219 -0.420 -0.596 -0.751 -0.888 -1.012 -1.125 -1.228 -1.323 
-1.410 -1.491 -1.566 -1.636 -1.701 -1.761 -1.818 -1.870 -1.918 -1.963 
-1.981 
-1.927 -1.967 -1.998 -2.026 -2.053 -2.076 -2.097 -2.116 -2.132 -2.146 
-2.158 -2.167 -2.174 -2.180 -2.183 -2.183 -2.182 -2.178 -2.173 -2.165 
-2.155 -2.142 -2.128 -2.111 -2.091 -2.070 -2.045 -2.019 -1.989 -1.957 
-1.922 -1.884 -1.843 -1.799 -1.752 -1.700 -1.645 -1.586 -1.522 -1.454 
-1.380 -1.301 -1.216 -1.124 -1.024 -0.916 -0.799 -0.672 -0.535 -0.387 
-0.232 -0.075 0.070 0.189 0.273 0.323 0.340 0.333 0.314 0.297 
0.288 0.291 0.303 0.316 0.320 0.302 0.255 0.186 0.086 -0.068 
-0.244 -0.412 -0.565 -0.704 -0.831 -0.946 -1.052 -1.150 -1.240 -1.324 
-1.402 -1.474 -1.541 -1.603 -1.661 -1.715 -1.765 -1.812 -1.855 -1.895 
-1.916 
-1.745 -1.759 -1.788 -1.814 -1.838 -1.859 -1.878 -1.895 -1.909 -1.922 
-1.931 -1.939 -1.944 -1.948 -1.949 -1.948 -1.944 -1.939 -1.931 -1.921 
-1.909 -1.895 -1.878 -1.859 -1.837 -1.813 -1.787 -1.757 -1.725 -1.691 
-1.653 -1.612 -1.567 -1.520 -1.468 -1.413 -1.353 -1.289 -1.220 -1.146 
-1.065 -0.978 -0.885 -0.783 -0.672 -0.550 -0.418 -0.273 -0.114 0.056 
0.232 0.394 0.508 0.556 0.553 0.518 0.468 0.418 0.375 0.343 
0.322 0.310 0.302 0.294 0.277 0.244 0.192 0.120 0.027 -0.088 
-0.217 -0.348 -0.475 -0.595 -0.707 -0.810 -0.907 -0.997 -1.080 -1.158 
-1.230 -1.297 -1.360 -1.418 -1.473 -1.524 -1.571 -1.614 -1.655 -1.692 
-1.733 
-1.751 -1.780 -1.812 -1.842 -1.868 -1.892 -1.914 -1.933 -1.949 -1.963 
-1.975 -1.984 -1.991 -1.996 -1.999 -1.999 -1.997 -1.993 -1.986 -1.978 
-1.967 -1.953 -1.937 -1.919 -1.898 -1.875 -1.849 -1.820 -1.789 -1.754 
-1.716 -1.675 -1.631 -1.583 -1.531 -1.475 -1.414 -1.349 -1.278 -1.201 
-1.117 -1.027 -0.927 -0.819 -0.699 -0.566 -0.417 -0.251 -0.064 0.142 
0.350 0.519 0.594 0.562 0.469 0.363 0.269 0.195 0.141 0.108 
0.093 0.094 0.111 0.141 0.183 0.232 0.277 0.300 0.277 0.195 
0.064 -0.093 -0.254 -0.407 -0.549 -0.680 -0.798 -0.907 -1.007 -1.098 
-1.183 -1.260 -1.332 -1.399 -1.460 -1.517 -1.570 -1.619 -1.664 -1.706 
-1.739 
-1.826 -1.852 -1.885 -1.915 -1.943 -1.968 -1.990 -2.009 -2.026 -2.041 
-2.053 -2.062 -2.070 -2.075 -2.077 -2.078 -2.076 -2.072 -2.065 -2.057 
-2.045 -2.032 -2.016 -1.997 -1.976 -1.952 -1.926 -1.897 -1.865 -1.829 
-1.791 -1.749 -1.704 -1.655 -1.601 -1.544 -1.482 -1.414 -1.341 -1.262 
-1.176 -1.082 -0.981 -0.870 -0.750 -0.621 -0.484 -0.344 -0.202 -0.058 
0.083 0.200 0.253 0.226 0.157 0.080 0.012 -0.042 -0.078 -0.096 
-0.096 -0.076 -0.037 0.020 0.089 0.155 0.207 0.248 0.258 0.210 
0.097 -0.059 -0.230 -0.398 -0.553 -0.694 -0.823 -0.939 -1.045 -1.142 
-1.231 -1.313 -1.388 -1.457 -1.522 -1.581 -1.636 -1.686 -1.733 -1.776 
-1.813 
-1.916 -1.958 -1.985 -2.008 -2.029 -2.047 -2.063 -2.077 -2.087 -2.096 
-2.102 -2.106 -2.108 -2.107 -2.105 -2.099 -2.092 -2.082 -2.070 -2.055 
-2.038 -2.018 -1.996 -1.971 -1.944 -1.913 -1.880 -1.843 -1.804 -1.761 
-1.714 -1.664 -1.609 -1.550 -1.486 -1.418 -1.344 -1.263 -1.176 -1.082 
-0.980 -0.870 -0.751 -0.623 -0.489 -0.354 -0.226 -0.119 -0.045 -0.009 
-0.005 -0.020 -0.047 -0.084 -0.124 -0.157 -0.178 -0.183 -0.172 -0.142 
-0.093 -0.024 0.066 0.165 0.249 0.274 0.216 0.098 -0.035 -0.172 
-0.322 -0.479 -0.630 -0.769 -0.896 -1.010 -1.114 -1.209 -1.296 -1.375 
-1.449 -1.516 -1.578 -1.636 -1.689 -1.738 -1.783 -1.824 -1.863 -1.897 
-1.908 
-1.844 -1.851 -1.877 -1.900 -1.921 -1.939 -1.955 -1.968 -1.979 -1.987 
-1.994 -1.998 -2.000 -1.999 -1.997 -1.992 -1.985 -1.975 -1.963 -1.949 
-1.933 -1.914 -1.892 -1.868 -1.841 -1.811 -1.779 -1.743 -1.705 -1.663 
-1.617 -1.568 -1.515 -1.458 -1.396 -1.329 -1.257 -1.179 -1.095 -1.004 
-0.905 -0.797 -0.681 -0.556 -0.423 -0.286 -0.155 -0.049 0.017 0.043 
0.036 0.005 -0.040 -0.089 -0.134 -0.171 -0.198 -0.215 -0.221 -0.216 
-0.201 -0.175 -0.140 -0.097 -0.054 -0.033 -0.049 -0.090 -0.163 -0.279 
-0.411 -0.539 -0.658 -0.770 -0.873 -0.970 -1.060 -1.144 -1.222 -1.295 
-1.363 -1.426 -1.484 -1.539 -1.590 -1.637 -1.680 -1.720 -1.758 -1.792 
-1.832 
-1.899 -1.943 -1.969 -1.993 -2.014 -2.033 -2.049 -2.062 -2.073 -2.081 
-2.087 -2.091 -2.092 -2.091 -2.087 -2.081 -2.073 -2.062 -2.048 -2.032 
-2.014 -1.993 -1.969 -1.942 -1.912 -1.879 -1.843 -1.803 -1.760 -1.713 
-1.662 -1.606 -1.546 -1.480 -1.409 -1.331 -1.247 -1.155 -1.056 -0.948 
-0.833 -0.712 -0.585 -0.452 -0.310 -0.164 -0.035 0.040 0.039 -0.021 
-0.107 -0.194 -0.272 -0.338 -0.390 -0.428 -0.452 -0.464 -0.462 -0.448 
-0.420 -0.377 -0.319 -0.244 -0.149 -0.036 0.078 0.152 0.134 0.013 
-0.166 -0.354 -0.529 -0.685 -0.824 -0.948 -1.060 -1.161 -1.253 -1.337 
-1.414 -1.485 -1.550 -1.610 -1.665 -1.716 -1.762 -1.805 -1.844 -1.880 
-1.890 
-1.767 -1.786 -1.808 -1.828 -1.845 -1.860 -1.872 -1.882 -1.889 -1.894 
-1.896 -1.896 -1.894 -1.889 -1.882 -1.873 -1.861 -1.846 -1.829 -1.810 
-1.787 -1.762 -1.735 -1.704 -1.670 -1.633 -1.592 -1.548 -1.500 -1.448 
-1.392 -1.331 -1.265 -1.193 -1.115 -1.031 -0.940 -0.843 -0.739 -0.632 
-0.525 -0.426 -0.344 -0.288 -0.258 -0.248 -0.245 -0.254 -0.287 -0.339 
-0.389 -0.429 -0.457 -0.476 -0.486 -0.491 -0.491 -0.488 -0.481 -0.472 
-0.457 -0.435 -0.404 -0.361 -0.306 -0.242 -0.176 -0.132 -0.143 -0.216 
-0.323 -0.443 -0.566 -0.685 -0.798 -0.903 -1.000 -1.089 -1.171 -1.247 
-1.316 -1.379 -1.438 -1.492 -1.541 -1.586 -1.628 -1.666 -1.701 -1.732 
-1.758 
-1.679 -1.685 -1.702 -1.716 -1.728 -1.738 -1.746 -1.751 -1.755 -1.757 
-1.757 -1.754 -1.750 -1.744 -1.735 -1.725 -1.713 -1.698 -1.682 -1.663 
-1.642 -1.619 -1.593 -1.566 -1.535 -1.503 -1.468 -1.430 -1.390 -1.346 
-1.300 -1.251 -1.199 -1.144 -1.085 -1.024 -0.959 -0.891 -0.820 -0.748 
-0.676 -0.606 -0.542 -0.488 -0.445 -0.409 -0.377 -0.346 -0.313 -0.281 
-0.249 -0.220 -0.193 -0.170 -0.150 -0.136 -0.128 -0.128 -0.136 -0.153 
-0.179 -0.214 -0.256 -0.302 -0.351 -0.398 -0.445 -0.493 -0.548 -0.613 
-0.689 -0.769 -0.849 -0.927 -1.000 -1.068 -1.132 -1.191 -1.247 -1.298 
-1.346 -1.391 -1.432 -1.471 -1.507 -1.540 -1.570 -1.598 -1.623 -1.646 
-1.672 
-1.762 -1.772 -1.788 -1.801 -1.811 -1.820 -1.826 -1.830 -1.831 -1.831 
-1.828 -1.823 -1.815 -1.806 -1.794 -1.780 -1.763 -1.744 -1.722 -1.698 
-1.671 -1.641 -1.609 -1.573 -1.535 -1.493 -1.448 -1.399 -1.347 -1.291 
-1.230 -1.166 -1.097 -1.024 -0.949 -0.871 -0.794 -0.721 -0.654 -0.597 
-0.548 -0.509 -0.480 -0.462 -0.453 -0.453 -0.458 -0.465 -0.472 -0.477 
-0.480 -0.480 -0.477 -0.471 -0.463 -0.454 -0.444 -0.433 -0.423 -0.414 
-0.407 -0.404 -0.407 -0.420 -0.444 -0.481 -0.530 -0.589 -0.656 -0.728 
-0.803 -0.877 -0.951 -1.023 -1.092 -1.157 -1.220 -1.278 -1.333 -1.385 
-1.434 -1.479 -1.521 -1.560 -1.596 -1.629 -1.659 -1.687 -1.712 -1.735 
-1.755 
-1.935 -1.967 -1.979 -1.989 -1.996 -2.001 -2.003 -2.003 -2.000 -1.995 
-1.988 -1.978 -1.965 -1.950 -1.933 -1.912 -1.889 -1.863 -1.834 -1.802 
-1.767 -1.728 -1.686 -1.640 -1.590 -1.536 -1.477 -1.413 -1.344 -1.270 
-1.190 -1.104 -1.013 -0.918 -0.821 -0.727 -0.642 -0.575 -0.531 -0.513 
-0.517 -0.536 -0.561 -0.590 -0.620 -0.649 -0.676 -0.700 -0.721 -0.737 
-0.748 -0.752 -0.751 -0.742 -0.727 -0.705 -0.676 -0.642 -0.602 -0.559 
-0.517 -0.482 -0.461 -0.461 -0.488 -0.540 -0.613 -0.699 -0.791 -0.884 
-0.976 -1.065 -1.149 -1.228 -1.302 -1.371 -1.436 -1.496 -1.552 -1.604 
-1.652 -1.696 -1.737 -1.774 -1.808 -1.839 -1.868 -1.893 -1.915 -1.935 
-1.931 
-1.931 -1.928 -1.941 -1.953 -1.961 -1.968 -1.972 -1.973 -1.973 -1.970 
-1.965 -1.957 -1.947 -1.935 -1.920 -1.903 -1.883 -1.861 -1.836 -1.808 
-1.778 -1.744 -1.707 -1.668 -1.624 -1.578 -1.527 -1.473 -1.415 -1.352 
-1.286 -1.215 -1.141 -1.063 -0.984 -0.906 -0.832 -0.765 -0.707 -0.660 
-0.623 -0.593 -0.570 -0.556 -0.550 -0.551 -0.558 -0.568 -0.578 -0.587 
-0.593 -0.595 -0.592 -0.583 -0.568 -0.547 -0.521 -0.491 -0.459 -0.429 
-0.405 -0.391 -0.392 -0.411 -0.450 -0.508 -0.581 -0.665 -0.754 -0.845 
-0.934 -1.021 -1.103 -1.181 -1.254 -1.323 -1.387 -1.447 -1.503 -1.555 
-1.603 -1.648 -1.689 -1.727 -1.762 -1.794 -1.823 -1.849 -1.873 -1.894 
-1.924 
-2.094 -2.114 -2.122 -2.127 -2.130 -2.131 -2.129 -2.125 -2.118 -2.109 
-2.097 -2.083 -2.066 -2.047 -2.025 -2.000 -1.972 -1.942 -1.908 -1.871 
-1.831 -1.787 -1.740 -1.688 -1.633 -1.574 -1.510 -1.442 -1.370 -1.293 
-1.212 -1.128 -1.043 -0.958 -0.878 -0.806 -0.748 -0.706 -0.684 -0.680 
-0.689 -0.705 -0.725 -0.745 -0.764 -0.781 -0.795 -0.805 -0.810 -0.809 
-0.802 -0.787 -0.765 -0.735 -0.697 -0.653 -0.605 -0.556 -0.515 -0.488 
-0.485 -0.507 -0.552 -0.610 -0.672 -0.735 -0.806 -0.894 -0.995 -1.098 
-1.198 -1.290 -1.375 -1.453 -1.525 -1.591 -1.652 -1.707 -1.758 -1.806 
-1.849 -1.888 -1.924 -1.957 -1.986 -2.013 -2.036 -2.057 -2.075 -2.091 
-2.091 
-2.220 -2.234 -2.246 -2.256 -2.262 -2.266 -2.268 -2.266 -2.262 -2.256 
-2.247 -2.235 -2.220 -2.203 -2.182 -2.159 -2.133 -2.103 -2.071 -2.034 
-1.995 -1.951 -1.904 -1.852 -1.796 -1.735 -1.669 -1.598 -1.521 -1.439 
-1.353 -1.262 -1.169 -1.074 -0.981 -0.893 -0.818 -0.763 -0.738 -0.746 
-0.781 -0.833 -0.892 -0.950 -1.004 -1.050 -1.089 -1.119 -1.141 -1.155 
-1.160 -1.158 -1.147 -1.127 -1.099 -1.063 -1.019 -0.969 -0.915 -0.860 
-0.806 -0.753 -0.698 -0.641 -0.588 -0.555 -0.565 -0.630 -0.741 -0.874 
-1.010 -1.140 -1.260 -1.368 -1.467 -1.556 -1.636 -1.709 -1.776 -1.836 
-1.892 -1.942 -1.987 -2.029 -2.066 -2.100 -2.130 -2.157 -2.181 -2.202 
-2.214 
-2.222 -2.241 -2.250 -2.255 -2.258 -2.259 -2.256 -2.251 -2.243 -2.233 
-2.219 -2.203 -2.184 -2.162 -2.137 -2.109 -2.078 -2.043 -2.004 -1.962 
-1.916 -1.866 -1.812 -1.753 -1.689 -1.621 -1.547 -1.469 -1.388 -1.303 
-1.219 -1.137 -1.063 -1.002 -0.957 -0.930 -0.920 -0.926 -0.948 -0.984 
-1.029 -1.079 -1.127 -1.171 -1.209 -1.240 -1.264 -1.281 -1.290 -1.292 
-1.287 -1.274 -1.254 -1.225 -1.187 -1.140 -1.084 -1.017 -0.941 -0.858 
-0.773 -0.698 -0.650 -0.641 -0.672 -0.731 -0.810 -0.905 -1.011 -1.118 
-1.221 -1.319 -1.411 -1.497 -1.578 -1.653 -1.722 -1.786 -1.844 -1.898 
-1.947 -1.991 -2.031 -2.068 -2.101 -2.130 -2.157 -2.179 -2.199 -2.216 
-2.219 
-2.102 -2.114 -2.130 -2.143 -2.154 -2.161 -2.166 -2.168 -2.168 -2.165 
-2.159 -2.150 -2.138 -2.124 -2.106 -2.086 -2.062 -2.035 -2.005 -1.971 
-1.934 -1.892 -1.847 -1.798 -1.743 -1.684 -1.621 -1.552 -1.478 -1.399 
-1.317 -1.232 -1.148 -1.068 -0.998 -0.943 -0.908 -0.894 -0.900 -0.919 
-0.946 -0.979 -1.018 -1.065 -1.115 -1.165 -1.211 -1.252 -1.285 -1.312 
-1.332 -1.345 -1.351 -1.350 -1.342 -1.327 -1.304 -1.273 -1.235 -1.189 
-1.136 -1.084 -1.039 -1.011 -0.998 -0.991 -0.985 -0.982 -0.988 -1.010 
-1.048 -1.101 -1.165 -1.237 -1.311 -1.386 -1.460 -1.531 -1.597 -1.660 
-1.719 -1.774 -1.824 -1.870 -1.913 -1.952 -1.987 -2.018 -2.047 -2.072 
-2.095 
-2.089 -2.096 -2.118 -2.137 -2.154 -2.168 -2.179 -2.188 -2.193 -2.197 
-2.198 -2.196 -2.191 -2.184 -2.175 -2.162 -2.147 -2.129 -2.108 -2.084 
-2.057 -2.027 -1.993 -1.956 -1.915 -1.869 -1.820 -1.766 -1.708 -1.644 
-1.575 -1.501 -1.422 -1.339 -1.253 -1.166 -1.080 -0.994 -0.911 -0.834 
-0.772 -0.736 -0.731 -0.756 -0.804 -0.864 -0.928 -0.990 -1.047 -1.097 
-1.140 -1.176 -1.206 -1.228 -1.245 -1.255 -1.260 -1.259 -1.254 -1.243 
-1.229 -1.211 -1.190 -1.167 -1.142 -1.117 -1.093 -1.074 -1.063 -1.063 
-1.077 -1.104 -1.143 -1.194 -1.253 -1.318 -1.385 -1.452 -1.519 -1.583 
-1.644 -1.703 -1.757 -1.808 -1.856 -1.900 -1.941 -1.978 -2.012 -2.043 
-2.078 
-2.280 -2.313 -2.329 -2.342 -2.354 -2.362 -2.369 -2.373 -2.374 -2.374 
-2.371 -2.365 -2.357 -2.347 -2.334 -2.319 -2.301 -2.281 -2.258 -2.232 
-2.204 -2.172 -2.138 -2.100 -2.059 -2.014 -1.966 -1.914 -1.857 -1.797 
-1.732 -1.662 -1.588 -1.509 -1.425 -1.338 -1.248 -1.157 -1.069 -0.990 
-0.924 -0.880 -0.860 -0.864 -0.886 -0.921 -0.961 -1.002 -1.041 -1.077 
-1.107 -1.133 -1.153 -1.167 -1.177 -1.182 -1.183 -1.181 -1.178 -1.173 
-1.170 -1.168 -1.170 -1.177 -1.188 -1.204 -1.225 -1.251 -1.283 -1.321 
-1.366 -1.418 -1.475 -1.536 -1.599 -1.662 -1.725 -1.785 -1.843 -1.898 
-1.950 -1.999 -2.044 -2.086 -2.124 -2.160 -2.192 -2.222 -2.248 -2.272 
-2.276 
-2.377 -2.392 -2.413 -2.431 -2.447 -2.460 -2.470 -2.478 -2.483 -2.486 
-2.486 -2.484 -2.480 -2.472 -2.463 -2.450 -2.436 -2.418 -2.398 -2.374 
-2.348 -2.319 -2.286 -2.250 -2.210 -2.167 -2.119 -2.067 -2.010 -1.947 
-1.878 -1.801 -1.716 -1.620 -1.511 -1.391 -1.273 -1.191 -1.156 -1.128 
-1.089 -1.048 -1.019 -1.009 -1.020 -1.049 -1.089 -1.135 -1.180 -1.223 
-1.261 -1.293 -1.319 -1.338 -1.351 -1.358 -1.359 -1.354 -1.344 -1.329 
-1.309 -1.286 -1.259 -1.230 -1.202 -1.175 -1.156 -1.147 -1.153 -1.176 
-1.217 -1.274 -1.344 -1.422 -1.504 -1.586 -1.666 -1.743 -1.816 -1.884 
-1.948 -2.007 -2.062 -2.113 -2.160 -2.203 -2.242 -2.278 -2.311 -2.341 
-2.368 
-2.409 -2.447 -2.469 -2.488 -2.504 -2.517 -2.527 -2.534 -2.538 -2.540 
-2.538 -2.534 -2.527 -2.518 -2.505 -2.489 -2.470 -2.448 -2.422 -2.393 
-2.360 -2.324 -2.282 -2.236 -2.185 -2.129 -2.066 -1.995 -1.917 -1.829 
-1.729 -1.615 -1.486 -1.337 -1.171 -1.000 -0.859 -0.800 -0.842 -0.945 
-1.055 -1.146 -1.218 -1.280 -1.339 -1.398 -1.455 -1.508 -1.557 -1.600 
-1.636 -1.666 -1.690 -1.706 -1.717 -1.721 -1.720 -1.712 -1.698 -1.679 
-1.653 -1.623 -1.586 -1.545 -1.500 -1.453 -1.405 -1.361 -1.323 -1.298 
-1.291 -1.307 -1.347 -1.408 -1.484 -1.568 -1.654 -1.739 -1.819 -1.895 
-1.966 -2.031 -2.092 -2.147 -2.199 -2.245 -2.288 -2.327 -2.362 -2.394 
-2.401 
-2.319 -2.315 -2.336 -2.355 -2.371 -2.384 -2.395 -2.403 -2.408 -2.411 
-2.412 -2.409 -2.405 -2.397 -2.387 -2.375 -2.359 -2.341 -2.320 -2.296 
-2.268 -2.238 -2.204 -2.167 -2.125 -2.080 -2.030 -1.976 -1.916 -1.851 
-1.779 -1.699 -1.612 -1.515 -1.406 -1.288 -1.172 -1.086 -1.042 -1.013 
-0.991 -0.986 -1.002 -1.037 -1.086 -1.142 -1.199 -1.253 -1.303 -1.348 
-1.385 -1.417 -1.442 -1.460 -1.472 -1.479 -1.478 -1.472 -1.460 -1.443 
-1.420 -1.392 -1.362 -1.332 -1.305 -1.286 -1.274 -1.269 -1.270 -1.278 
-1.297 -1.327 -1.370 -1.425 -1.486 -1.553 -1.620 -1.688 -1.753 -1.816 
-1.876 -1.933 -1.986 -2.036 -2.082 -2.125 -2.164 -2.200 -2.234 -2.264 
-2.308 
-2.535 -2.580 -2.598 -2.613 -2.625 -2.635 -2.643 -2.647 -2.649 -2.649 
-2.646 -2.641 -2.633 -2.622 -2.609 -2.593 -2.574 -2.552 -2.528 -2.500 
-2.469 -2.435 -2.398 -2.356 -2.311 -2.262 -2.208 -2.149 -2.085 -2.016 
-1.940 -1.858 -1.769 -1.672 -1.568 -1.458 -1.345 -1.233 -1.134 -1.059 
-1.019 -1.016 -1.044 -1.094 -1.154 -1.217 -1.278 -1.334 -1.381 -1.420 
-1.451 -1.473 -1.487 -1.493 -1.490 -1.479 -1.460 -1.433 -1.398 -1.355 
-1.306 -1.254 -1.205 -1.165 -1.144 -1.151 -1.186 -1.245 -1.317 -1.394 
-1.472 -1.548 -1.624 -1.700 -1.775 -1.850 -1.922 -1.992 -2.057 -2.120 
-2.178 -2.232 -2.282 -2.329 -2.372 -2.411 -2.447 -2.479 -2.509 -2.535 
-2.531 
-2.503 -2.542 -2.568 -2.590 -2.610 -2.628 -2.642 -2.655 -2.664 -2.671 
-2.676 -2.678 -2.677 -2.674 -2.669 -2.661 -2.650 -2.636 -2.620 -2.601 
-2.579 -2.553 -2.525 -2.493 -2.458 -2.419 -2.376 -2.329 -2.278 -2.221 
-2.160 -2.092 -2.019 -1.939 -1.851 -1.757 -1.656 -1.551 -1.447 -1.349 
-1.266 -1.203 -1.164 -1.153 -1.169 -1.208 -1.262 -1.325 -1.389 -1.450 
-1.505 -1.553 -1.593 -1.625 -1.649 -1.665 -1.673 -1.674 -1.667 -1.652 
-1.631 -1.603 -1.572 -1.541 -1.514 -1.497 -1.488 -1.485 -1.484 -1.487 
-1.497 -1.519 -1.555 -1.605 -1.664 -1.730 -1.800 -1.869 -1.938 -2.003 
-2.066 -2.126 -2.182 -2.234 -2.284 -2.330 -2.373 -2.413 -2.449 -2.483 
-2.494 
-2.275 -2.287 -2.313 -2.337 -2.359 -2.378 -2.396 -2.411 -2.425 -2.436 
-2.445 -2.452 -2.456 -2.458 -2.458 -2.456 -2.451 -2.444 -2.434 -2.422 
-2.407 -2.390 -2.370 -2.347 -2.322 -2.293 -2.261 -2.225 -2.186 -2.143 
-2.097 -2.045 -1.990 -1.929 -1.863 -1.791 -1.713 -1.629 -1.539 -1.444 
-1.347 -1.252 -1.165 -1.096 -1.050 -1.034 -1.047 -1.084 -1.135 -1.194 
-1.256 -1.318 -1.377 -1.431 -1.481 -1.525 -1.563 -1.596 -1.623 -1.646 
-1.664 -1.677 -1.686 -1.691 -1.693 -1.692 -1.688 -1.683 -1.679 -1.676 
-1.676 -1.682 -1.693 -1.709 -1.730 -1.754 -1.781 -1.810 -1.842 -1.876 
-1.911 -1.947 -1.984 -2.021 -2.058 -2.095 -2.130 -2.165 -2.198 -2.229 
-2.264 
-2.275 -2.285 -2.310 -2.334 -2.357 -2.377 -2.396 -2.413 -2.428 -2.440 
-2.451 -2.460 -2.467 -2.472 -2.475 -2.476 -2.474 -2.470 -2.465 -2.456 
-2.446 -2.433 -2.418 -2.400 -2.380 -2.356 -2.331 -2.302 -2.270 -2.235 
-2.196 -2.154 -2.108 -2.057 -2.002 -1.943 -1.877 -1.806 -1.729 -1.646 
-1.556 -1.461 -1.368 -1.285 -1.223 -1.181 -1.152 -1.136 -1.133 -1.147 
-1.177 -1.220 -1.270 -1.325 -1.379 -1.430 -1.479 -1.523 -1.562 -1.597 
-1.627 -1.654 -1.677 -1.696 -1.712 -1.726 -1.738 -1.747 -1.756 -1.764 
-1.772 -1.780 -1.790 -1.801 -1.814 -1.830 -1.848 -1.869 -1.893 -1.919 
-1.947 -1.977 -2.008 -2.040 -2.072 -2.105 -2.137 -2.169 -2.199 -2.229 
-2.264 
-2.525 -2.567 -2.594 -2.618 -2.639 -2.659 -2.676 -2.691 -2.703 -2.713 
-2.721 -2.726 -2.729 -2.729 -2.727 -2.723 -2.716 -2.706 -2.694 -2.679 
-2.661 -2.640 -2.617 -2.590 -2.559 -2.526 -2.488 -2.447 -2.402 -2.352 
-2.297 -2.237 -2.172 -2.100 -2.022 -1.938 -1.847 -1.749 -1.646 -1.536 
-1.422 -1.307 -1.206 -1.140 -1.129 -1.170 -1.241 -1.319 -1.392 -1.458 
-1.519 -1.577 -1.631 -1.679 -1.723 -1.760 -1.792 -1.818 -1.839 -1.856 
-1.870 -1.882 -1.893 -1.902 -1.912 -1.922 -1.931 -1.939 -1.946 -1.953 
-1.959 -1.965 -1.973 -1.984 -1.997 -2.016 -2.038 -2.065 -2.097 -2.131 
-2.169 -2.208 -2.248 -2.288 -2.328 -2.367 -2.405 -2.441 -2.476 -2.508 
-2.516 
-2.692 -2.701 -2.714 -2.724 -2.731 -2.736 -2.739 -2.739 -2.737 -2.732 
-2.725 -2.716 -2.703 -2.689 -2.672 -2.652 -2.629 -2.604 -2.575 -2.544 
-2.510 -2.473 -2.432 -2.389 -2.342 -2.292 -2.238 -2.181 -2.121 -2.057 
-1.991 -1.921 -1.849 -1.774 -1.696 -1.616 -1.535 -1.456 -1.382 -1.319 
-1.270 -1.238 -1.222 -1.223 -1.244 -1.283 -1.329 -1.375 -1.415 -1.450 
-1.480 -1.506 -1.527 -1.546 -1.560 -1.572 -1.580 -1.586 -1.590 -1.593 
-1.597 -1.605 -1.617 -1.635 -1.661 -1.694 -1.733 -1.779 -1.828 -1.880 
-1.933 -1.985 -2.037 -2.088 -2.137 -2.184 -2.230 -2.275 -2.318 -2.360 
-2.401 -2.440 -2.477 -2.511 -2.544 -2.574 -2.601 -2.626 -2.649 -2.669 
-2.686 
-2.824 -2.835 -2.833 -2.830 -2.824 -2.816 -2.805 -2.792 -2.777 -2.759 
-2.739 -2.716 -2.690 -2.663 -2.632 -2.599 -2.563 -2.524 -2.483 -2.439 
-2.392 -2.343 -2.290 -2.236 -2.179 -2.119 -2.059 -1.997 -1.935 -1.874 
-1.814 -1.758 -1.705 -1.656 -1.612 -1.573 -1.539 -1.507 -1.478 -1.451 
-1.428 -1.408 -1.393 -1.383 -1.379 -1.382 -1.389 -1.399 -1.411 -1.425 
-1.443 -1.468 -1.498 -1.536 -1.580 -1.628 -1.678 -1.728 -1.778 -1.825 
-1.869 -1.911 -1.951 -1.991 -2.031 -2.072 -2.115 -2.158 -2.203 -2.249 
-2.295 -2.340 -2.385 -2.429 -2.472 -2.513 -2.552 -2.588 -2.623 -2.655 
-2.684 -2.710 -2.734 -2.756 -2.774 -2.790 -2.804 -2.815 -2.823 -2.830 
-2.825 
-2.882 -2.891 -2.909 -2.924 -2.937 -2.946 -2.954 -2.958 -2.960 -2.960 
-2.957 -2.951 -2.943 -2.932 -2.918 -2.902 -2.883 -2.860 -2.835 -2.807 
-2.776 -2.742 -2.705 -2.664 -2.621 -2.574 -2.524 -2.472 -2.418 -2.362 
-2.304 -2.246 -2.187 -2.127 -2.066 -2.003 -1.936 -1.863 -1.784 -1.696 
-1.601 -1.504 -1.411 -1.338 -1.304 -1.321 -1.370 -1.432 -1.497 -1.559 
-1.616 -1.669 -1.717 -1.762 -1.804 -1.841 -1.875 -1.905 -1.930 -1.951 
-1.968 -1.981 -1.991 -2.000 -2.008 -2.017 -2.026 -2.038 -2.052 -2.070 
-2.090 -2.114 -2.142 -2.173 -2.211 -2.254 -2.303 -2.355 -2.408 -2.461 
-2.513 -2.561 -2.607 -2.651 -2.691 -2.728 -2.762 -2.794 -2.822 -2.848 
-2.873 
-2.891 -2.947 -2.978 -3.006 -3.031 -3.054 -3.073 -3.090 -3.105 -3.116 
-3.125 -3.132 -3.136 -3.138 -3.137 -3.133 -3.127 -3.118 -3.107 -3.093 
-3.076 -3.056 -3.034 -3.008 -2.979 -2.947 -2.911 -2.871 -2.827 -2.779 
-2.726 -2.668 -2.605 -2.535 -2.458 -2.373 -2.279 -2.174 -2.057 -1.925 
-1.778 -1.615 -1.447 -1.311 -1.257 -1.303 -1.412 -1.536 -1.653 -1.758 
-1.848 -1.927 -1.994 -2.052 -2.100 -2.140 -2.172 -2.198 -2.217 -2.230 
-2.237 -2.239 -2.237 -2.230 -2.218 -2.202 -2.182 -2.159 -2.131 -2.102 
-2.072 -2.045 -2.026 -2.019 -2.030 -2.060 -2.108 -2.168 -2.237 -2.308 
-2.380 -2.450 -2.516 -2.579 -2.638 -2.693 -2.744 -2.792 -2.835 -2.876 
-2.881 
-2.683 -2.685 -2.710 -2.732 -2.753 -2.771 -2.787 -2.800 -2.811 -2.820 
-2.827 -2.831 -2.832 -2.832 -2.828 -2.822 -2.814 -2.803 -2.789 -2.773 
-2.754 -2.731 -2.706 -2.677 -2.645 -2.610 -2.571 -2.528 -2.480 -2.429 
-2.374 -2.315 -2.251 -2.185 -2.117 -2.047 -1.979 -1.911 -1.844 -1.775 
-1.700 -1.616 -1.525 -1.438 -1.380 -1.368 -1.390 -1.435 -1.496 -1.566 
-1.637 -1.705 -1.768 -1.824 -1.874 -1.918 -1.956 -1.988 -2.016 -2.040 
-2.060 -2.076 -2.089 -2.100 -2.107 -2.113 -2.116 -2.117 -2.116 -2.115 
-2.113 -2.112 -2.113 -2.119 -2.130 -2.149 -2.173 -2.203 -2.236 -2.271 
-2.308 -2.346 -2.384 -2.422 -2.460 -2.496 -2.532 -2.566 -2.599 -2.629 
-2.672 
-2.739 -2.755 -2.763 -2.770 -2.774 -2.776 -2.775 -2.773 -2.768 -2.761 
-2.752 -2.740 -2.726 -2.710 -2.691 -2.669 -2.645 -2.618 -2.588 -2.556 
-2.520 -2.482 -2.440 -2.395 -2.346 -2.294 -2.238 -2.178 -2.115 -2.048 
-1.978 -1.905 -1.830 -1.756 -1.685 -1.620 -1.566 -1.526 -1.502 -1.494 
-1.500 -1.515 -1.534 -1.554 -1.574 -1.597 -1.625 -1.659 -1.697 -1.735 
-1.769 -1.801 -1.828 -1.852 -1.873 -1.891 -1.908 -1.923 -1.939 -1.954 
-1.970 -1.987 -2.006 -2.027 -2.050 -2.075 -2.102 -2.131 -2.162 -2.193 
-2.224 -2.256 -2.288 -2.319 -2.351 -2.382 -2.413 -2.444 -2.474 -2.504 
-2.533 -2.561 -2.588 -2.614 -2.638 -2.660 -2.681 -2.700 -2.717 -2.731 
-2.736 
-2.826 -2.824 -2.832 -2.839 -2.843 -2.844 -2.844 -2.842 -2.837 -2.831 
-2.822 -2.810 -2.797 -2.781 -2.763 -2.743 -2.720 -2.694 -2.667 -2.636 
-2.603 -2.567 -2.529 -2.487 -2.443 -2.396 -2.346 -2.294 -2.238 -2.181 
-2.121 -2.061 -1.999 -1.939 -1.882 -1.830 -1.785 -1.750 -1.726 -1.714 
-1.713 -1.721 -1.735 -1.753 -1.773 -1.794 -1.814 -1.832 -1.849 -1.862 
-1.873 -1.881 -1.887 -1.889 -1.889 -1.887 -1.883 -1.878 -1.873 -1.868 
-1.865 -1.865 -1.870 -1.883 -1.903 -1.932 -1.968 -2.009 -2.054 -2.101 
-2.150 -2.199 -2.247 -2.296 -2.343 -2.388 -2.432 -2.473 -2.513 -2.551 
-2.586 -2.619 -2.649 -2.678 -2.704 -2.728 -2.749 -2.769 -2.786 -2.801 
-2.822 
-3.043 -3.076 -3.083 -3.088 -3.091 -3.091 -3.089 -3.085 -3.079 -3.071 
-3.061 -3.048 -3.033 -3.017 -2.998 -2.976 -2.953 -2.927 -2.899 -2.869 
-2.836 -2.800 -2.762 -2.721 -2.677 -2.630 -2.580 -2.527 -2.471 -2.411 
-2.349 -2.285 -2.221 -2.157 -2.096 -2.042 -1.996 -1.961 -1.938 -1.928 
-1.929 -1.938 -1.951 -1.967 -1.983 -1.996 -2.006 -2.011 -2.011 -2.005 
-1.995 -1.982 -1.968 -1.955 -1.944 -1.934 -1.922 -1.907 -1.887 -1.863 
-1.839 -1.819 -1.811 -1.818 -1.845 -1.891 -1.952 -2.024 -2.101 -2.179 
-2.257 -2.331 -2.402 -2.469 -2.532 -2.591 -2.646 -2.696 -2.743 -2.787 
-2.827 -2.864 -2.897 -2.928 -2.956 -2.981 -3.003 -3.022 -3.039 -3.054 
-3.039 
-3.036 -3.029 -3.027 -3.023 -3.017 -3.010 -3.001 -2.991 -2.979 -2.966 
-2.951 -2.936 -2.919 -2.901 -2.882 -2.863 -2.842 -2.821 -2.799 -2.777 
-2.754 -2.731 -2.707 -2.682 -2.657 -2.631 -2.603 -2.575 -2.544 -2.512 
-2.477 -2.440 -2.399 -2.356 -2.310 -2.263 -2.216 -2.172 -2.133 -2.102 
-2.080 -2.066 -2.056 -2.045 -2.030 -2.009 -1.980 -1.943 -1.901 -1.856 
-1.811 -1.771 -1.744 -1.733 -1.744 -1.774 -1.820 -1.874 -1.932 -1.987 
-2.037 -2.082 -2.123 -2.166 -2.212 -2.263 -2.319 -2.377 -2.435 -2.491 
-2.545 -2.596 -2.645 -2.690 -2.731 -2.770 -2.806 -2.838 -2.868 -2.895 
-2.919 -2.940 -2.959 -2.976 -2.990 -3.002 -3.012 -3.019 -3.024 -3.028 
-3.038 
-3.036 -3.052 -3.062 -3.070 -3.076 -3.080 -3.082 -3.081 -3.078 -3.073 
-3.066 -3.057 -3.046 -3.033 -3.017 -3.000 -2.980 -2.958 -2.933 -2.907 
-2.878 -2.846 -2.812 -2.774 -2.734 -2.690 -2.643 -2.591 -2.536 -2.476 
-2.411 -2.341 -2.266 -2.186 -2.103 -2.018 -1.935 -1.858 -1.793 -1.746 
-1.720 -1.714 -1.726 -1.752 -1.787 -1.827 -1.867 -1.904 -1.936 -1.961 
-1.978 -1.991 -2.001 -2.013 -2.028 -2.047 -2.069 -2.091 -2.111 -2.128 
-2.144 -2.158 -2.171 -2.186 -2.204 -2.224 -2.248 -2.276 -2.308 -2.344 
-2.382 -2.423 -2.465 -2.508 -2.551 -2.593 -2.636 -2.677 -2.716 -2.755 
-2.791 -2.826 -2.858 -2.889 -2.917 -2.943 -2.967 -2.988 -3.008 -3.025 
-3.031 
-2.991 -3.000 -3.016 -3.030 -3.043 -3.052 -3.060 -3.066 -3.069 -3.070 
-3.069 -3.065 -3.060 -3.052 -3.041 -3.028 -3.013 -2.995 -2.974 -2.951 
-2.924 -2.895 -2.863 -2.828 -2.789 -2.747 -2.701 -2.651 -2.597 -2.539 
-2.476 -2.409 -2.338 -2.263 -2.184 -2.104 -2.025 -1.947 -1.875 -1.809 
-1.751 -1.703 -1.672 -1.662 -1.675 -1.710 -1.760 -1.818 -1.878 -1.936 
-1.991 -2.040 -2.085 -2.124 -2.158 -2.187 -2.213 -2.234 -2.252 -2.268 
-2.281 -2.292 -2.302 -2.312 -2.321 -2.331 -2.342 -2.355 -2.369 -2.385 
-2.404 -2.425 -2.448 -2.474 -2.502 -2.532 -2.564 -2.598 -2.632 -2.666 
-2.701 -2.735 -2.768 -2.800 -2.831 -2.861 -2.889 -2.915 -2.939 -2.961 
-2.983 
-2.980 -2.990 -2.993 -2.995 -2.994 -2.992 -2.988 -2.982 -2.975 -2.965 
-2.953 -2.940 -2.924 -2.906 -2.886 -2.864 -2.839 -2.812 -2.783 -2.751 
-2.716 -2.678 -2.638 -2.594 -2.547 -2.496 -2.442 -2.384 -2.322 -2.257 
-2.188 -2.115 -2.040 -1.964 -1.889 -1.818 -1.756 -1.707 -1.674 -1.659 
-1.660 -1.675 -1.699 -1.731 -1.769 -1.811 -1.856 -1.901 -1.944 -1.986 
-2.025 -2.062 -2.098 -2.132 -2.165 -2.196 -2.227 -2.256 -2.285 -2.313 
-2.341 -2.368 -2.395 -2.421 -2.447 -2.472 -2.498 -2.523 -2.548 -2.574 
-2.599 -2.624 -2.650 -2.675 -2.701 -2.726 -2.751 -2.776 -2.799 -2.822 
-2.844 -2.865 -2.885 -2.903 -2.919 -2.934 -2.948 -2.960 -2.970 -2.978 
-2.979 
-2.930 -2.926 -2.929 -2.930 -2.930 -2.929 -2.927 -2.923 -2.918 -2.912 
-2.904 -2.896 -2.886 -2.874 -2.861 -2.847 -2.831 -2.814 -2.795 -2.775 
-2.753 -2.729 -2.704 -2.677 -2.647 -2.616 -2.583 -2.547 -2.509 -2.469 
-2.426 -2.380 -2.332 -2.282 -2.231 -2.181 -2.132 -2.089 -2.052 -2.024 
-2.001 -1.984 -1.969 -1.956 -1.944 -1.935 -1.930 -1.929 -1.935 -1.946 
-1.964 -1.986 -2.013 -2.043 -2.076 -2.110 -2.145 -2.181 -2.217 -2.253 
-2.288 -2.323 -2.358 -2.392 -2.425 -2.457 -2.489 -2.519 -2.549 -2.577 
-2.605 -2.631 -2.657 -2.681 -2.705 -2.727 -2.748 -2.768 -2.787 -2.804 
-2.821 -2.836 -2.851 -2.864 -2.876 -2.886 -2.896 -2.904 -2.912 -2.918 
-2.928 
-2.936 -2.947 -2.948 -2.949 -2.949 -2.949 -2.948 -2.946 -2.943 -2.940 
-2.936 -2.930 -2.924 -2.917 -2.909 -2.899 -2.889 -2.877 -2.864 -2.850 
-2.835 -2.818 -2.800 -2.781 -2.759 -2.737 -2.712 -2.686 -2.658 -2.628 
-2.596 -2.562 -2.526 -2.487 -2.446 -2.403 -2.358 -2.310 -2.259 -2.207 
-2.154 -2.100 -2.046 -1.996 -1.950 -1.914 -1.890 -1.880 -1.886 -1.907 
-1.939 -1.980 -2.027 -2.078 -2.130 -2.183 -2.234 -2.285 -2.333 -2.379 
-2.423 -2.465 -2.504 -2.541 -2.576 -2.608 -2.639 -2.668 -2.694 -2.719 
-2.743 -2.764 -2.784 -2.802 -2.819 -2.834 -2.848 -2.861 -2.872 -2.883 
-2.892 -2.900 -2.908 -2.915 -2.921 -2.926 -2.931 -2.935 -2.939 -2.942 
-2.936 
-2.923 -2.910 -2.918 -2.927 -2.935 -2.944 -2.953 -2.961 -2.969 -2.975 
-2.981 -2.986 -2.989 -2.991 -2.991 -2.989 -2.985 -2.979 -2.971 -2.961 
-2.948 -2.932 -2.913 -2.891 -2.866 -2.837 -2.805 -2.768 -2.728 -2.685 
-2.638 -2.589 -2.540 -2.492 -2.447 -2.405 -2.366 -2.326 -2.285 -2.239 
-2.187 -2.130 -2.070 -2.010 -1.956 -1.915 -1.894 -1.897 -1.921 -1.961 
-2.011 -2.064 -2.115 -2.161 -2.202 -2.237 -2.268 -2.300 -2.336 -2.378 
-2.425 -2.476 -2.527 -2.576 -2.621 -2.662 -2.698 -2.730 -2.757 -2.780 
-2.800 -2.816 -2.830 -2.841 -2.850 -2.856 -2.861 -2.865 -2.868 -2.869 
-2.871 -2.872 -2.873 -2.874 -2.875 -2.878 -2.881 -2.885 -2.890 -2.896 
-2.919 
-3.165 -3.200 -3.201 -3.200 -3.198 -3.194 -3.189 -3.181 -3.171 -3.159 
-3.145 -3.128 -3.109 -3.087 -3.062 -3.035 -3.005 -2.972 -2.936 -2.897 
-2.854 -2.808 -2.759 -2.707 -2.651 -2.591 -2.529 -2.463 -2.394 -2.325 
-2.255 -2.188 -2.126 -2.073 -2.031 -2.002 -1.985 -1.980 -1.981 -1.987 
-1.993 -1.997 -1.997 -1.993 -1.985 -1.977 -1.970 -1.966 -1.965 -1.966 
-1.965 -1.961 -1.953 -1.939 -1.923 -1.907 -1.898 -1.901 -1.921 -1.960 
-2.016 -2.085 -2.164 -2.246 -2.328 -2.409 -2.485 -2.558 -2.625 -2.687 
-2.745 -2.797 -2.845 -2.889 -2.929 -2.965 -2.997 -3.026 -3.052 -3.075 
-3.096 -3.114 -3.129 -3.143 -3.155 -3.166 -3.175 -3.182 -3.189 -3.194 
-3.164 
-3.113 -3.108 -3.099 -3.089 -3.078 -3.064 -3.049 -3.033 -3.015 -2.995 
-2.974 -2.952 -2.927 -2.902 -2.874 -2.846 -2.816 -2.784 -2.751 -2.717 
-2.681 -2.644 -2.606 -2.568 -2.528 -2.487 -2.446 -2.404 -2.361 -2.318 
-2.275 -2.233 -2.191 -2.151 -2.114 -2.079 -2.046 -2.015 -1.984 -1.954 
-1.922 -1.890 -1.858 -1.827 -1.799 -1.777 -1.763 -1.758 -1.766 -1.786 
-1.817 -1.858 -1.906 -1.957 -2.008 -2.058 -2.108 -2.157 -2.209 -2.264 
-2.324 -2.387 -2.450 -2.512 -2.571 -2.627 -2.679 -2.728 -2.773 -2.814 
-2.853 -2.888 -2.920 -2.950 -2.977 -3.001 -3.023 -3.042 -3.060 -3.075 
-3.088 -3.099 -3.108 -3.115 -3.120 -3.124 -3.125 -3.125 -3.124 -3.120 
-3.116 
-3.042 -3.018 -3.009 -3.000 -2.990 -2.979 -2.968 -2.955 -2.942 -2.929 
-2.914 -2.899 -2.883 -2.867 -2.850 -2.831 -2.812 -2.792 -2.771 -2.749 
-2.726 -2.701 -2.675 -2.648 -2.619 -2.588 -2.556 -2.523 -2.489 -2.455 
-2.420 -2.385 -2.351 -2.317 -2.283 -2.248 -2.212 -2.174 -2.135 -2.093 
-2.050 -2.007 -1.966 -1.930 -1.900 -1.880 -1.873 -1.880 -1.901 -1.933 
-1.976 -2.025 -2.079 -2.135 -2.193 -2.251 -2.309 -2.367 -2.423 -2.477 
-2.528 -2.577 -2.624 -2.667 -2.708 -2.746 -2.781 -2.814 -2.844 -2.871 
-2.896 -2.919 -2.940 -2.959 -2.975 -2.990 -3.003 -3.014 -3.023 -3.031 
-3.037 -3.042 -3.045 -3.047 -3.048 -3.047 -3.045 -3.041 -3.037 -3.032 
-3.045 
-3.279 -3.297 -3.289 -3.280 -3.269 -3.256 -3.241 -3.224 -3.206 -3.185 
-3.163 -3.139 -3.112 -3.084 -3.053 -3.019 -2.984 -2.946 -2.905 -2.862 
-2.816 -2.767 -2.717 -2.664 -2.610 -2.554 -2.499 -2.445 -2.392 -2.344 
-2.301 -2.264 -2.235 -2.213 -2.198 -2.189 -2.184 -2.182 -2.180 -2.178 
-2.174 -2.168 -2.160 -2.150 -2.140 -2.130 -2.122 -2.116 -2.112 -2.112 
-2.114 -2.119 -2.129 -2.145 -2.167 -2.195 -2.230 -2.271 -2.316 -2.366 
-2.421 -2.479 -2.540 -2.602 -2.663 -2.723 -2.780 -2.833 -2.884 -2.931 
-2.975 -3.016 -3.053 -3.088 -3.119 -3.148 -3.174 -3.198 -3.219 -3.238 
-3.254 -3.268 -3.280 -3.290 -3.297 -3.303 -3.307 -3.308 -3.308 -3.306 
-3.280 
-3.387 -3.382 -3.378 -3.371 -3.363 -3.351 -3.338 -3.322 -3.304 -3.284 
-3.261 -3.236 -3.209 -3.180 -3.148 -3.115 -3.079 -3.041 -3.001 -2.960 
-2.917 -2.873 -2.829 -2.785 -2.741 -2.699 -2.659 -2.622 -2.589 -2.560 
-2.536 -2.517 -2.504 -2.497 -2.493 -2.494 -2.496 -2.501 -2.505 -2.509 
-2.511 -2.511 -2.508 -2.502 -2.493 -2.481 -2.465 -2.446 -2.423 -2.398 
-2.370 -2.340 -2.310 -2.278 -2.248 -2.221 -2.199 -2.186 -2.185 -2.200 
-2.232 -2.279 -2.338 -2.406 -2.478 -2.551 -2.623 -2.693 -2.760 -2.823 
-2.882 -2.937 -2.988 -3.036 -3.080 -3.120 -3.157 -3.191 -3.222 -3.250 
-3.275 -3.297 -3.317 -3.334 -3.348 -3.360 -3.370 -3.377 -3.382 -3.384 
-3.387 
-3.419 -3.419 -3.414 -3.407 -3.397 -3.385 -3.371 -3.354 -3.335 -3.313 
-3.289 -3.263 -3.234 -3.203 -3.169 -3.133 -3.094 -3.054 -3.010 -2.965 
-2.918 -2.870 -2.821 -2.771 -2.722 -2.674 -2.629 -2.587 -2.549 -2.517 
-2.490 -2.469 -2.453 -2.443 -2.437 -2.435 -2.437 -2.442 -2.449 -2.456 
-2.462 -2.467 -2.469 -2.468 -2.463 -2.454 -2.441 -2.424 -2.403 -2.378 
-2.350 -2.321 -2.291 -2.263 -2.241 -2.226 -2.223 -2.232 -2.255 -2.291 
-2.339 -2.396 -2.459 -2.525 -2.592 -2.659 -2.724 -2.787 -2.846 -2.903 
-2.957 -3.007 -3.054 -3.098 -3.139 -3.176 -3.211 -3.243 -3.272 -3.298 
-3.322 -3.343 -3.361 -3.377 -3.391 -3.402 -3.411 -3.417 -3.421 -3.423 
-3.420 
-3.443 -3.441 -3.442 -3.440 -3.437 -3.431 -3.423 -3.412 -3.400 -3.384 
-3.367 -3.347 -3.324 -3.299 -3.271 -3.241 -3.208 -3.172 -3.133 -3.091 
-3.046 -2.999 -2.949 -2.895 -2.840 -2.781 -2.721 -2.658 -2.594 -2.530 
-2.465 -2.402 -2.343 -2.292 -2.252 -2.228 -2.219 -2.225 -2.240 -2.262 
-2.287 -2.312 -2.337 -2.360 -2.380 -2.397 -2.410 -2.419 -2.424 -2.426 
-2.424 -2.420 -2.413 -2.405 -2.398 -2.393 -2.391 -2.394 -2.403 -2.418 
-2.438 -2.465 -2.497 -2.534 -2.577 -2.623 -2.673 -2.724 -2.776 -2.828 
-2.879 -2.929 -2.978 -3.024 -3.068 -3.109 -3.148 -3.184 -3.218 -3.250 
-3.279 -3.305 -3.330 -3.351 -3.370 -3.387 -3.402 -3.414 -3.424 -3.432 
-3.441 
-3.510 -3.525 -3.528 -3.530 -3.528 -3.525 -3.519 -3.510 -3.499 -3.485 
-3.469 -3.450 -3.429 -3.404 -3.377 -3.347 -3.313 -3.276 -3.236 -3.192 
-3.144 -3.092 -3.036 -2.975 -2.909 -2.837 -2.760 -2.678 -2.589 -2.496 
-2.399 -2.303 -2.212 -2.135 -2.081 -2.058 -2.065 -2.098 -2.147 -2.204 
-2.261 -2.316 -2.365 -2.409 -2.447 -2.478 -2.504 -2.524 -2.538 -2.547 
-2.551 -2.551 -2.547 -2.539 -2.528 -2.515 -2.501 -2.487 -2.474 -2.465 
-2.462 -2.465 -2.478 -2.501 -2.533 -2.574 -2.622 -2.676 -2.733 -2.792 
-2.851 -2.909 -2.965 -3.020 -3.071 -3.120 -3.166 -3.209 -3.250 -3.287 
-3.321 -3.353 -3.382 -3.408 -3.431 -3.452 -3.470 -3.486 -3.500 -3.510 
-3.507 
