IRGRID 64 91
1e+308

0.025 0.03 0.035 0.04 0.045 0.05 0.055 0.06 0.065 0.07
0.075 0.08 0.085 0.09 0.095 0.1 0.11 0.12 0.13 0.14
0.15 0.16 0.17 0.18 0.19 0.2 0.21 0.22 0.23 0.24
0.25 0.26 0.27 0.28 0.29 0.3 0.31 0.32 0.33 0.34
0.35 0.36 0.37 0.38 0.39 0.4 0.41 0.42 0.43 0.44
0.45 0.46 0.47 0.48 0.49 0.5 0.51 0.52 0.53 0.54
0.55 0.56 0.57 0.58
0 4 8 12 16 20 24 28 32 36
40 44 48 52 56 60 64 68 72 76
80 84 88 92 96 100 104 108 112 116
120 124 128 132 136 140 144 148 152 156
160 164 168 172 176 180 184 188 192 196
200 204 208 212 216 220 224 228 232 236
240 244 248 252 256 260 264 268 272 276
280 284 288 292 296 300 304 308 312 316
320 324 328 332 336 340 344 348 352 356
360
-4.000 -4.000 -4.000 -4.000 -4.000 -4.000 -4.000 -4.000 -4.000 -4.000 
-4.000 -4.000 -4.000 -4.000 -4.000 -4.000 -4.000 -4.000 -4.000 -4.000 
-4.000 -4.000 -4.000 -4.000 -4.000 -4.000 -4.000 -4.000 -4.000 -4.000 
-4.000 -4.000 -4.000 -4.000 -4.000 -4.000 -4.000 -4.000 -4.000 -4.000 
-4.000 -4.000 -4.000 -4.000 -4.000 -4.000 -4.000 -3.976 -3.800 -3.673 
-3.694 -3.853 -4.000 -4.000 -4.000 -4.000 -4.000 -4.000 -4.000 -4.000 
-4.000 -4.000 -4.000 -4.000 -4.000 -4.000 -4.000 -4.000 -4.000 -4.000 
-4.000 -4.000 -4.000 -4.000 -4.000 -4.000 -4.000 -4.000 -4.000 -4.000 
-4.000 -4.000 -4.000 -4.000 -4.000 -4.000 -4.000 -4.000 -4.000 -4.000 
-4.000 
-4.000 -4.000 -4.000 -4.000 -4.000 -4.000 -4.000 -4.000 -4.000 -4.000 
-4.000 -4.000 -4.000 -4.000 -4.000 -4.000 -4.000 -4.000 -4.000 -4.000 
-4.000 -4.000 -4.000 -4.000 -4.000 -4.000 -4.000 -4.000 -4.000 -4.000 
-4.000 -4.000 -4.000 -3.947 -3.888 -3.852 -3.844 -3.857 -3.876 -3.890 
-3.891 -3.875 -3.846 -3.810 -3.774 -3.747 -3.734 -3.735 -3.742 -3.750 
-3.796 -3.875 -3.946 -4.000 -4.000 -4.000 -4.000 -4.000 -4.000 -4.000 
-4.000 -4.000 -4.000 -4.000 -4.000 -4.000 -4.000 -4.000 -4.000 -3.988 
-3.930 -3.869 -3.813 -3.772 -3.758 -3.771 -3.806 -3.849 -3.893 -3.933 
-3.970 -4.000 -4.000 -4.000 -4.000 -4.000 -4.000 -4.000 -4.000 -4.000 
-4.000 
-3.956 -4.000 -4.000 -4.000 -4.000 -4.000 -4.000 -4.000 -4.000 -4.000 
-4.000 -4.000 -4.000 -4.000 -4.000 -4.000 -4.000 -4.000 -4.000 -4.000 
-4.000 -4.000 -4.000 -3.989 -3.939 -3.883 -3.821 -3.753 -3.678 -3.597 
-3.510 -3.421 -3.333 -3.255 -3.197 -3.168 -3.172 -3.205 -3.257 -3.316 
-3.373 -3.421 -3.458 -3.486 -3.507 -3.528 -3.552 -3.582 -3.617 -3.654 
-3.692 -3.726 -3.757 -3.783 -3.804 -3.819 -3.829 -3.833 -3.831 -3.823 
-3.810 -3.790 -3.764 -3.732 -3.693 -3.647 -3.593 -3.531 -3.463 -3.387 
-3.309 -3.231 -3.165 -3.121 -3.109 -3.132 -3.183 -3.250 -3.319 -3.383 
-3.439 -3.489 -3.538 -3.590 -3.645 -3.704 -3.765 -3.824 -3.881 -3.934 
-3.947 
-3.491 -3.551 -3.612 -3.668 -3.719 -3.766 -3.809 -3.847 -3.882 -3.913 
-3.939 -3.963 -3.982 -3.999 -4.000 -4.000 -4.000 -4.000 -4.000 -4.000 
-4.000 -4.000 -3.997 -3.979 -3.958 -3.933 -3.903 -3.869 -3.829 -3.785 
-3.735 -3.680 -3.621 -3.562 -3.506 -3.457 -3.415 -3.376 -3.333 -3.284 
-3.229 -3.172 -3.119 -3.078 -3.054 -3.049 -3.063 -3.094 -3.135 -3.185 
-3.238 -3.291 -3.342 -3.390 -3.434 -3.473 -3.507 -3.536 -3.561 -3.580 
-3.595 -3.604 -3.609 -3.608 -3.603 -3.592 -3.576 -3.555 -3.527 -3.493 
-3.454 -3.410 -3.364 -3.321 -3.282 -3.249 -3.217 -3.181 -3.142 -3.103 
-3.070 -3.048 -3.043 -3.058 -3.093 -3.144 -3.206 -3.275 -3.347 -3.418 
-3.470 
-3.239 -3.275 -3.331 -3.382 -3.426 -3.466 -3.499 -3.527 -3.550 -3.567 
-3.579 -3.587 -3.589 -3.586 -3.578 -3.565 -3.547 -3.525 -3.498 -3.468 
-3.434 -3.400 -3.365 -3.334 -3.307 -3.288 -3.278 -3.276 -3.281 -3.288 
-3.296 -3.299 -3.296 -3.285 -3.264 -3.232 -3.190 -3.138 -3.078 -3.012 
-2.944 -2.881 -2.831 -2.801 -2.796 -2.817 -2.859 -2.914 -2.976 -3.038 
-3.098 -3.153 -3.202 -3.245 -3.281 -3.311 -3.335 -3.352 -3.363 -3.368 
-3.368 -3.362 -3.351 -3.336 -3.317 -3.295 -3.273 -3.250 -3.228 -3.210 
-3.195 -3.183 -3.171 -3.159 -3.143 -3.121 -3.092 -3.056 -3.014 -2.969 
-2.924 -2.886 -2.860 -2.852 -2.866 -2.901 -2.952 -3.014 -3.081 -3.148 
-3.213 
-3.201 -3.217 -3.228 -3.236 -3.239 -3.239 -3.235 -3.227 -3.216 -3.201 
-3.183 -3.160 -3.134 -3.105 -3.072 -3.035 -2.995 -2.951 -2.905 -2.857 
-2.809 -2.761 -2.716 -2.677 -2.646 -2.625 -2.617 -2.620 -2.633 -2.654 
-2.678 -2.703 -2.727 -2.750 -2.772 -2.793 -2.816 -2.838 -2.860 -2.881 
-2.899 -2.914 -2.926 -2.940 -2.956 -2.975 -2.997 -3.018 -3.036 -3.050 
-3.059 -3.063 -3.062 -3.057 -3.047 -3.033 -3.015 -2.993 -2.967 -2.938 
-2.905 -2.869 -2.832 -2.792 -2.753 -2.715 -2.680 -2.651 -2.630 -2.619 
-2.619 -2.630 -2.652 -2.682 -2.719 -2.758 -2.799 -2.839 -2.877 -2.911 
-2.941 -2.967 -2.990 -3.014 -3.041 -3.070 -3.100 -3.130 -3.157 -3.181 
-3.198 
-3.125 -3.155 -3.168 -3.178 -3.185 -3.190 -3.192 -3.191 -3.187 -3.180 
-3.170 -3.157 -3.142 -3.123 -3.101 -3.076 -3.047 -3.015 -2.980 -2.942 
-2.900 -2.855 -2.808 -2.760 -2.709 -2.657 -2.605 -2.552 -2.499 -2.449 
-2.404 -2.369 -2.345 -2.333 -2.332 -2.339 -2.356 -2.379 -2.409 -2.443 
-2.479 -2.516 -2.553 -2.587 -2.619 -2.648 -2.673 -2.694 -2.712 -2.726 
-2.736 -2.742 -2.744 -2.742 -2.737 -2.727 -2.714 -2.697 -2.677 -2.653 
-2.625 -2.596 -2.564 -2.531 -2.498 -2.466 -2.439 -2.417 -2.403 -2.398 
-2.405 -2.422 -2.449 -2.485 -2.526 -2.572 -2.621 -2.671 -2.721 -2.770 
-2.817 -2.862 -2.904 -2.944 -2.981 -3.015 -3.045 -3.073 -3.098 -3.120 
-3.120 
-2.950 -2.944 -2.957 -2.967 -2.974 -2.978 -2.979 -2.978 -2.973 -2.966 
-2.955 -2.942 -2.925 -2.905 -2.881 -2.854 -2.824 -2.789 -2.751 -2.708 
-2.661 -2.609 -2.553 -2.492 -2.426 -2.357 -2.284 -2.212 -2.142 -2.081 
-2.035 -2.009 -2.006 -2.024 -2.057 -2.098 -2.141 -2.182 -2.218 -2.249 
-2.273 -2.292 -2.306 -2.315 -2.319 -2.318 -2.312 -2.300 -2.282 -2.255 
-2.218 -2.171 -2.110 -2.033 -1.938 -1.828 -1.714 -1.633 -1.637 -1.739 
-1.887 -2.031 -2.150 -2.237 -2.297 -2.333 -2.352 -2.358 -2.358 -2.356 
-2.354 -2.356 -2.363 -2.377 -2.398 -2.426 -2.459 -2.496 -2.536 -2.578 
-2.619 -2.660 -2.700 -2.738 -2.773 -2.806 -2.836 -2.863 -2.888 -2.909 
-2.943 
-2.856 -2.908 -2.914 -2.918 -2.921 -2.921 -2.919 -2.915 -2.909 -2.901 
-2.892 -2.880 -2.866 -2.850 -2.832 -2.812 -2.789 -2.764 -2.737 -2.708 
-2.675 -2.641 -2.603 -2.563 -2.520 -2.474 -2.425 -2.374 -2.322 -2.270 
-2.221 -2.175 -2.135 -2.097 -2.059 -2.021 -1.981 -1.940 -1.900 -1.860 
-1.821 -1.783 -1.746 -1.708 -1.668 -1.624 -1.576 -1.522 -1.461 -1.391 
-1.315 -1.235 -1.158 -1.090 -1.030 -0.965 -0.895 -0.847 -0.867 -0.968 
-1.123 -1.294 -1.456 -1.603 -1.733 -1.847 -1.949 -2.039 -2.119 -2.190 
-2.254 -2.312 -2.365 -2.414 -2.460 -2.504 -2.545 -2.585 -2.623 -2.659 
-2.693 -2.724 -2.753 -2.779 -2.803 -2.825 -2.844 -2.862 -2.876 -2.889 
-2.855 
-2.488 -2.482 -2.487 -2.491 -2.493 -2.493 -2.491 -2.488 -2.484 -2.477 
-2.469 -2.460 -2.449 -2.436 -2.422 -2.406 -2.388 -2.369 -2.349 -2.326 
-2.302 -2.277 -2.250 -2.221 -2.191 -2.159 -2.126 -2.091 -2.055 -2.018 
-1.981 -1.943 -1.904 -1.866 -1.827 -1.789 -1.749 -1.710 -1.668 -1.625 
-1.580 -1.531 -1.478 -1.421 -1.358 -1.290 -1.214 -1.131 -1.042 -0.947 
-0.851 -0.763 -0.696 -0.666 -0.680 -0.730 -0.799 -0.871 -0.946 -1.022 
-1.070 -1.056 -0.956 -0.827 -0.874 -1.091 -1.307 -1.477 -1.611 -1.718 
-1.808 -1.885 -1.952 -2.012 -2.065 -2.113 -2.157 -2.197 -2.234 -2.267 
-2.297 -2.325 -2.350 -2.373 -2.394 -2.412 -2.429 -2.443 -2.456 -2.466 
-2.486 
-2.262 -2.302 -2.316 -2.327 -2.336 -2.343 -2.347 -2.349 -2.349 -2.346 
-2.341 -2.334 -2.324 -2.312 -2.298 -2.281 -2.261 -2.240 -2.216 -2.189 
-2.160 -2.129 -2.096 -2.060 -2.022 -1.983 -1.942 -1.901 -1.859 -1.818 
-1.778 -1.740 -1.705 -1.674 -1.647 -1.625 -1.607 -1.593 -1.582 -1.574 
-1.566 -1.557 -1.546 -1.533 -1.515 -1.491 -1.462 -1.425 -1.380 -1.327 
-1.267 -1.204 -1.145 -1.099 -1.069 -1.041 -1.000 -0.934 -0.837 -0.711 
-0.557 -0.383 -0.207 -0.093 -0.136 -0.330 -0.571 -0.786 -0.965 -1.115 
-1.243 -1.356 -1.455 -1.544 -1.624 -1.697 -1.763 -1.824 -1.881 -1.933 
-1.980 -2.025 -2.065 -2.103 -2.137 -2.169 -2.198 -2.224 -2.247 -2.268 
-2.258 
-1.906 -1.926 -1.950 -1.973 -1.994 -2.014 -2.032 -2.048 -2.064 -2.078 
-2.090 -2.101 -2.110 -2.118 -2.124 -2.129 -2.132 -2.133 -2.132 -2.130 
-2.126 -2.120 -2.112 -2.102 -2.090 -2.076 -2.060 -2.042 -2.023 -2.002 
-1.980 -1.957 -1.933 -1.909 -1.884 -1.860 -1.835 -1.810 -1.785 -1.757 
-1.728 -1.697 -1.663 -1.626 -1.585 -1.540 -1.492 -1.439 -1.382 -1.320 
-1.252 -1.179 -1.098 -1.010 -0.914 -0.807 -0.688 -0.555 -0.408 -0.249 
-0.088 0.037 0.073 0.030 -0.080 -0.236 -0.392 -0.533 -0.660 -0.774 
-0.876 -0.969 -1.053 -1.131 -1.203 -1.269 -1.332 -1.390 -1.444 -1.495 
-1.544 -1.589 -1.632 -1.673 -1.711 -1.747 -1.781 -1.814 -1.844 -1.873 
-1.896 
-1.742 -1.744 -1.765 -1.784 -1.804 -1.822 -1.840 -1.857 -1.874 -1.890 
-1.905 -1.919 -1.933 -1.946 -1.957 -1.968 -1.978 -1.987 -1.994 -2.001 
-2.006 -2.010 -2.013 -2.014 -2.014 -2.012 -2.009 -2.004 -1.998 -1.990 
-1.980 -1.969 -1.956 -1.940 -1.923 -1.904 -1.882 -1.859 -1.833 -1.804 
-1.773 -1.740 -1.703 -1.663 -1.620 -1.574 -1.523 -1.468 -1.409 -1.344 
-1.274 -1.196 -1.111 -1.017 -0.911 -0.792 -0.655 -0.498 -0.314 -0.105 
0.103 0.246 0.276 0.224 0.051 -0.171 -0.363 -0.523 -0.656 -0.770 
-0.869 -0.956 -1.034 -1.103 -1.166 -1.223 -1.276 -1.324 -1.368 -1.409 
-1.447 -1.482 -1.515 -1.546 -1.575 -1.603 -1.629 -1.654 -1.678 -1.701 
-1.735 
-1.841 -1.869 -1.891 -1.910 -1.927 -1.942 -1.954 -1.963 -1.971 -1.976 
-1.981 -1.984 -1.988 -1.992 -1.998 -2.006 -2.016 -2.028 -2.041 -2.054 
-2.066 -2.077 -2.087 -2.094 -2.100 -2.103 -2.104 -2.102 -2.098 -2.091 
-2.082 -2.070 -2.057 -2.041 -2.022 -2.001 -1.978 -1.952 -1.924 -1.893 
-1.860 -1.824 -1.785 -1.743 -1.698 -1.649 -1.597 -1.541 -1.481 -1.417 
-1.347 -1.272 -1.189 -1.100 -1.001 -0.891 -0.767 -0.626 -0.463 -0.270 
-0.043 0.209 0.451 0.664 0.477 0.215 -0.045 -0.261 -0.439 -0.587 
-0.714 -0.825 -0.924 -1.013 -1.094 -1.169 -1.238 -1.302 -1.362 -1.418 
-1.470 -1.520 -1.566 -1.610 -1.651 -1.689 -1.725 -1.758 -1.790 -1.818 
-1.831 
-1.809 -1.818 -1.806 -1.792 -1.776 -1.757 -1.737 -1.715 -1.693 -1.672 
-1.652 -1.636 -1.623 -1.617 -1.617 -1.624 -1.639 -1.660 -1.687 -1.718 
-1.751 -1.786 -1.822 -1.856 -1.890 -1.921 -1.951 -1.977 -2.001 -2.022 
-2.040 -2.055 -2.067 -2.076 -2.082 -2.084 -2.084 -2.080 -2.073 -2.063 
-2.050 -2.033 -2.013 -1.989 -1.961 -1.929 -1.894 -1.853 -1.808 -1.758 
-1.702 -1.640 -1.571 -1.494 -1.408 -1.310 -1.198 -1.069 -0.917 -0.731 
-0.494 -0.156 0.391 0.773 0.584 0.176 -0.278 -0.561 -0.767 -0.928 
-1.061 -1.172 -1.268 -1.352 -1.425 -1.490 -1.547 -1.598 -1.643 -1.682 
-1.716 -1.745 -1.770 -1.790 -1.807 -1.819 -1.828 -1.833 -1.834 -1.832 
-1.813 
-1.664 -1.641 -1.638 -1.636 -1.633 -1.631 -1.630 -1.630 -1.632 -1.635 
-1.641 -1.650 -1.661 -1.675 -1.692 -1.711 -1.733 -1.757 -1.782 -1.808 
-1.835 -1.861 -1.886 -1.910 -1.932 -1.953 -1.971 -1.988 -2.002 -2.015 
-2.024 -2.032 -2.037 -2.040 -2.040 -2.037 -2.032 -2.025 -2.015 -2.002 
-1.986 -1.968 -1.947 -1.922 -1.895 -1.864 -1.830 -1.793 -1.751 -1.705 
-1.655 -1.600 -1.538 -1.471 -1.395 -1.311 -1.216 -1.108 -0.982 -0.833 
-0.649 -0.408 -0.053 0.531 0.761 0.636 0.236 -0.163 -0.429 -0.631 
-0.792 -0.924 -1.036 -1.130 -1.211 -1.282 -1.343 -1.396 -1.442 -1.481 
-1.516 -1.545 -1.569 -1.589 -1.606 -1.618 -1.628 -1.635 -1.639 -1.641 
-1.665 
-1.891 -1.922 -1.942 -1.960 -1.976 -1.991 -2.005 -2.019 -2.032 -2.045 
-2.057 -2.070 -2.082 -2.095 -2.107 -2.118 -2.129 -2.139 -2.147 -2.154 
-2.160 -2.163 -2.166 -2.166 -2.164 -2.161 -2.155 -2.148 -2.138 -2.127 
-2.114 -2.099 -2.081 -2.062 -2.042 -2.019 -1.994 -1.967 -1.939 -1.908 
-1.875 -1.841 -1.804 -1.765 -1.724 -1.681 -1.635 -1.587 -1.536 -1.483 
-1.427 -1.367 -1.304 -1.237 -1.166 -1.089 -1.006 -0.915 -0.814 -0.700 
-0.569 -0.414 -0.229 0.008 0.361 0.348 0.218 0.057 -0.143 -0.342 
-0.521 -0.677 -0.815 -0.936 -1.044 -1.141 -1.228 -1.308 -1.381 -1.447 
-1.509 -1.565 -1.617 -1.664 -1.708 -1.748 -1.784 -1.817 -1.847 -1.875 
-1.882 
-2.175 -2.219 -2.251 -2.280 -2.306 -2.330 -2.352 -2.372 -2.390 -2.405 
-2.418 -2.430 -2.439 -2.446 -2.451 -2.455 -2.456 -2.455 -2.453 -2.448 
-2.442 -2.434 -2.423 -2.411 -2.396 -2.380 -2.361 -2.340 -2.317 -2.292 
-2.265 -2.235 -2.203 -2.168 -2.131 -2.092 -2.050 -2.005 -1.959 -1.910 
-1.859 -1.806 -1.752 -1.697 -1.642 -1.587 -1.533 -1.479 -1.426 -1.372 
-1.318 -1.262 -1.205 -1.146 -1.084 -1.020 -0.953 -0.881 -0.804 -0.720 
-0.627 -0.520 -0.398 -0.257 -0.101 0.047 0.181 0.275 0.003 -0.241 
-0.451 -0.638 -0.804 -0.951 -1.083 -1.202 -1.310 -1.409 -1.499 -1.583 
-1.660 -1.731 -1.797 -1.859 -1.916 -1.969 -2.019 -2.065 -2.108 -2.148 
-2.164 
-2.232 -2.258 -2.286 -2.310 -2.333 -2.352 -2.369 -2.384 -2.396 -2.406 
-2.414 -2.419 -2.422 -2.423 -2.421 -2.418 -2.412 -2.404 -2.394 -2.381 
-2.366 -2.349 -2.330 -2.308 -2.284 -2.257 -2.228 -2.196 -2.161 -2.124 
-2.084 -2.042 -1.997 -1.949 -1.898 -1.844 -1.789 -1.730 -1.670 -1.609 
-1.546 -1.484 -1.423 -1.365 -1.310 -1.260 -1.216 -1.178 -1.145 -1.118 
-1.094 -1.073 -1.052 -1.030 -1.006 -0.977 -0.942 -0.900 -0.849 -0.786 
-0.709 -0.614 -0.494 -0.339 -0.128 0.179 0.537 0.731 0.484 0.038 
-0.319 -0.583 -0.793 -0.967 -1.116 -1.247 -1.362 -1.466 -1.560 -1.645 
-1.723 -1.794 -1.860 -1.920 -1.976 -2.027 -2.074 -2.118 -2.158 -2.194 
-2.222 
-2.172 -2.210 -2.241 -2.268 -2.294 -2.316 -2.336 -2.354 -2.369 -2.382 
-2.393 -2.402 -2.408 -2.413 -2.415 -2.415 -2.413 -2.409 -2.402 -2.394 
-2.383 -2.370 -2.355 -2.338 -2.319 -2.297 -2.273 -2.247 -2.218 -2.187 
-2.153 -2.117 -2.078 -2.037 -1.993 -1.947 -1.898 -1.847 -1.793 -1.738 
-1.681 -1.623 -1.564 -1.505 -1.448 -1.392 -1.339 -1.289 -1.242 -1.200 
-1.161 -1.125 -1.091 -1.058 -1.025 -0.990 -0.951 -0.906 -0.854 -0.792 
-0.716 -0.624 -0.510 -0.364 -0.173 0.088 0.440 0.703 0.601 0.264 
-0.123 -0.423 -0.654 -0.843 -1.003 -1.141 -1.264 -1.373 -1.471 -1.560 
-1.642 -1.717 -1.785 -1.849 -1.908 -1.962 -2.012 -2.058 -2.101 -2.141 
-2.161 
-2.005 -2.030 -2.062 -2.092 -2.120 -2.146 -2.170 -2.191 -2.210 -2.228 
-2.243 -2.256 -2.268 -2.278 -2.286 -2.292 -2.296 -2.298 -2.299 -2.298 
-2.295 -2.291 -2.284 -2.276 -2.267 -2.255 -2.242 -2.227 -2.210 -2.191 
-2.171 -2.148 -2.124 -2.098 -2.069 -2.039 -2.007 -1.973 -1.937 -1.899 
-1.859 -1.817 -1.773 -1.727 -1.680 -1.632 -1.582 -1.531 -1.480 -1.427 
-1.374 -1.319 -1.262 -1.203 -1.141 -1.075 -1.004 -0.926 -0.840 -0.745 
-0.636 -0.511 -0.363 -0.184 0.037 0.306 0.560 0.669 0.502 0.164 
-0.137 -0.376 -0.571 -0.734 -0.876 -1.000 -1.111 -1.212 -1.303 -1.387 
-1.465 -1.536 -1.602 -1.664 -1.722 -1.775 -1.825 -1.872 -1.916 -1.956 
-1.992 
-1.957 -1.968 -1.996 -2.022 -2.046 -2.068 -2.089 -2.107 -2.124 -2.138 
-2.152 -2.163 -2.173 -2.181 -2.188 -2.193 -2.196 -2.198 -2.199 -2.198 
-2.195 -2.191 -2.186 -2.179 -2.170 -2.160 -2.149 -2.136 -2.121 -2.105 
-2.088 -2.069 -2.048 -2.026 -2.002 -1.976 -1.949 -1.920 -1.889 -1.857 
-1.822 -1.786 -1.747 -1.706 -1.664 -1.619 -1.572 -1.524 -1.474 -1.422 
-1.369 -1.314 -1.258 -1.199 -1.138 -1.072 -1.001 -0.923 -0.836 -0.738 
-0.625 -0.495 -0.345 -0.173 0.008 0.166 0.274 0.278 0.083 -0.160 
-0.376 -0.560 -0.716 -0.852 -0.971 -1.077 -1.172 -1.259 -1.338 -1.411 
-1.478 -1.540 -1.598 -1.651 -1.701 -1.748 -1.791 -1.831 -1.869 -1.904 
-1.945 
-2.135 -2.180 -2.212 -2.240 -2.266 -2.290 -2.311 -2.331 -2.348 -2.362 
-2.375 -2.386 -2.394 -2.401 -2.405 -2.408 -2.409 -2.407 -2.404 -2.399 
-2.392 -2.383 -2.371 -2.358 -2.343 -2.326 -2.306 -2.285 -2.261 -2.235 
-2.207 -2.176 -2.143 -2.108 -2.070 -2.029 -1.986 -1.940 -1.892 -1.840 
-1.787 -1.730 -1.671 -1.610 -1.547 -1.483 -1.419 -1.354 -1.290 -1.229 
-1.169 -1.113 -1.060 -1.010 -0.962 -0.915 -0.867 -0.815 -0.758 -0.693 
-0.617 -0.526 -0.417 -0.285 -0.129 0.041 0.184 0.245 0.171 -0.025 
-0.264 -0.490 -0.685 -0.854 -1.001 -1.132 -1.248 -1.353 -1.448 -1.535 
-1.615 -1.688 -1.756 -1.819 -1.877 -1.931 -1.981 -2.027 -2.070 -2.110 
-2.124 
-2.186 -2.211 -2.244 -2.274 -2.302 -2.327 -2.350 -2.371 -2.389 -2.406 
-2.420 -2.432 -2.443 -2.451 -2.458 -2.463 -2.466 -2.467 -2.466 -2.464 
-2.459 -2.453 -2.445 -2.436 -2.425 -2.411 -2.396 -2.379 -2.361 -2.340 
-2.317 -2.292 -2.265 -2.236 -2.205 -2.172 -2.136 -2.097 -2.057 -2.013 
-1.967 -1.919 -1.868 -1.815 -1.759 -1.701 -1.641 -1.579 -1.516 -1.452 
-1.386 -1.320 -1.253 -1.186 -1.116 -1.045 -0.971 -0.892 -0.808 -0.717 
-0.617 -0.504 -0.375 -0.228 -0.066 0.091 0.206 0.225 0.073 -0.150 
-0.371 -0.569 -0.744 -0.898 -1.035 -1.159 -1.270 -1.372 -1.466 -1.552 
-1.632 -1.706 -1.774 -1.838 -1.897 -1.952 -2.004 -2.052 -2.096 -2.137 
-2.173 
-2.240 -2.258 -2.282 -2.304 -2.323 -2.341 -2.357 -2.370 -2.383 -2.393 
-2.402 -2.410 -2.416 -2.421 -2.424 -2.426 -2.427 -2.428 -2.427 -2.425 
-2.422 -2.418 -2.413 -2.407 -2.401 -2.394 -2.386 -2.377 -2.367 -2.356 
-2.345 -2.332 -2.319 -2.304 -2.288 -2.271 -2.253 -2.233 -2.211 -2.188 
-2.163 -2.136 -2.106 -2.074 -2.040 -2.003 -1.963 -1.920 -1.874 -1.825 
-1.773 -1.719 -1.661 -1.600 -1.536 -1.468 -1.397 -1.321 -1.239 -1.150 
-1.050 -0.935 -0.802 -0.641 -0.442 -0.189 0.073 0.192 0.013 -0.284 
-0.552 -0.769 -0.950 -1.105 -1.239 -1.358 -1.463 -1.557 -1.642 -1.719 
-1.788 -1.852 -1.910 -1.963 -2.012 -2.057 -2.098 -2.136 -2.171 -2.202 
-2.231 
-2.382 -2.420 -2.455 -2.487 -2.516 -2.542 -2.566 -2.588 -2.607 -2.625 
-2.640 -2.653 -2.664 -2.673 -2.680 -2.686 -2.689 -2.691 -2.691 -2.689 
-2.686 -2.681 -2.674 -2.666 -2.656 -2.644 -2.630 -2.615 -2.597 -2.578 
-2.557 -2.534 -2.509 -2.482 -2.452 -2.420 -2.386 -2.349 -2.309 -2.267 
-2.222 -2.174 -2.123 -2.070 -2.013 -1.953 -1.891 -1.826 -1.759 -1.689 
-1.618 -1.547 -1.475 -1.404 -1.335 -1.268 -1.204 -1.142 -1.082 -1.021 
-0.957 -0.887 -0.808 -0.718 -0.610 -0.479 -0.312 -0.178 -0.244 -0.340 
-0.468 -0.627 -0.798 -0.963 -1.117 -1.257 -1.385 -1.501 -1.607 -1.704 
-1.793 -1.874 -1.950 -2.020 -2.084 -2.144 -2.199 -2.251 -2.298 -2.342 
-2.369 
-2.473 -2.505 -2.545 -2.582 -2.616 -2.647 -2.675 -2.701 -2.724 -2.745 
-2.764 -2.780 -2.794 -2.806 -2.815 -2.822 -2.827 -2.830 -2.831 -2.830 
-2.827 -2.821 -2.813 -2.804 -2.792 -2.777 -2.761 -2.742 -2.721 -2.698 
-2.672 -2.644 -2.614 -2.580 -2.544 -2.505 -2.464 -2.419 -2.371 -2.321 
-2.266 -2.209 -2.147 -2.083 -2.014 -1.942 -1.866 -1.786 -1.704 -1.618 
-1.531 -1.444 -1.358 -1.275 -1.198 -1.128 -1.066 -1.013 -0.967 -0.925 
-0.885 -0.844 -0.798 -0.744 -0.681 -0.606 -0.522 -0.439 -0.380 -0.371 
-0.430 -0.550 -0.708 -0.877 -1.043 -1.198 -1.340 -1.469 -1.588 -1.696 
-1.796 -1.887 -1.972 -2.050 -2.123 -2.190 -2.253 -2.311 -2.365 -2.415 
-2.457 
-2.584 -2.624 -2.666 -2.705 -2.741 -2.774 -2.805 -2.833 -2.858 -2.881 
-2.901 -2.919 -2.935 -2.948 -2.959 -2.968 -2.975 -2.980 -2.983 -2.983 
-2.982 -2.978 -2.972 -2.964 -2.954 -2.941 -2.927 -2.910 -2.891 -2.870 
-2.846 -2.820 -2.791 -2.760 -2.726 -2.689 -2.650 -2.607 -2.562 -2.513 
-2.461 -2.406 -2.347 -2.284 -2.217 -2.146 -2.071 -1.991 -1.908 -1.820 
-1.728 -1.634 -1.537 -1.439 -1.342 -1.247 -1.158 -1.075 -1.001 -0.935 
-0.876 -0.822 -0.769 -0.713 -0.649 -0.576 -0.495 -0.413 -0.349 -0.337 
-0.410 -0.560 -0.743 -0.928 -1.104 -1.266 -1.413 -1.547 -1.670 -1.782 
-1.885 -1.980 -2.068 -2.149 -2.225 -2.295 -2.360 -2.421 -2.477 -2.530 
-2.569 
-2.656 -2.704 -2.747 -2.786 -2.823 -2.856 -2.887 -2.915 -2.941 -2.964 
-2.984 -3.002 -3.018 -3.031 -3.043 -3.052 -3.059 -3.063 -3.066 -3.066 
-3.064 -3.060 -3.054 -3.046 -3.036 -3.023 -3.008 -2.991 -2.972 -2.950 
-2.926 -2.899 -2.870 -2.838 -2.803 -2.766 -2.726 -2.682 -2.636 -2.586 
-2.533 -2.476 -2.415 -2.350 -2.281 -2.207 -2.129 -2.047 -1.959 -1.867 
-1.770 -1.670 -1.568 -1.464 -1.364 -1.269 -1.183 -1.109 -1.047 -0.996 
-0.953 -0.912 -0.869 -0.817 -0.753 -0.672 -0.568 -0.446 -0.327 -0.266 
-0.324 -0.492 -0.707 -0.921 -1.116 -1.292 -1.450 -1.593 -1.722 -1.839 
-1.947 -2.045 -2.136 -2.220 -2.297 -2.369 -2.436 -2.498 -2.555 -2.609 
-2.641 
-2.583 -2.620 -2.665 -2.706 -2.745 -2.780 -2.813 -2.842 -2.869 -2.894 
-2.916 -2.935 -2.952 -2.967 -2.979 -2.990 -2.997 -3.003 -3.007 -3.008 
-3.007 -3.004 -2.998 -2.991 -2.981 -2.969 -2.955 -2.938 -2.919 -2.898 
-2.874 -2.848 -2.819 -2.787 -2.753 -2.715 -2.675 -2.631 -2.584 -2.533 
-2.479 -2.421 -2.359 -2.292 -2.221 -2.144 -2.063 -1.976 -1.883 -1.785 
-1.682 -1.575 -1.464 -1.354 -1.247 -1.150 -1.066 -1.002 -0.960 -0.940 
-0.937 -0.941 -0.943 -0.937 -0.920 -0.889 -0.842 -0.778 -0.702 -0.644 
-0.652 -0.716 -0.808 -0.923 -1.056 -1.197 -1.337 -1.472 -1.599 -1.717 
-1.827 -1.929 -2.023 -2.111 -2.192 -2.267 -2.337 -2.402 -2.463 -2.519 
-2.566 
-2.545 -2.583 -2.631 -2.676 -2.718 -2.756 -2.791 -2.824 -2.854 -2.881 
-2.906 -2.928 -2.948 -2.965 -2.980 -2.993 -3.003 -3.012 -3.018 -3.021 
-3.023 -3.023 -3.020 -3.015 -3.008 -2.998 -2.987 -2.973 -2.957 -2.938 
-2.917 -2.893 -2.867 -2.839 -2.807 -2.773 -2.735 -2.695 -2.651 -2.604 
-2.553 -2.498 -2.439 -2.376 -2.308 -2.235 -2.156 -2.071 -1.980 -1.881 
-1.775 -1.660 -1.538 -1.407 -1.271 -1.133 -1.002 -0.890 -0.809 -0.763 
-0.742 -0.730 -0.733 -0.758 -0.797 -0.835 -0.863 -0.880 -0.887 -0.891 
-0.898 -0.919 -0.960 -1.025 -1.109 -1.209 -1.318 -1.432 -1.546 -1.657 
-1.763 -1.864 -1.959 -2.049 -2.132 -2.211 -2.284 -2.352 -2.416 -2.476 
-2.526 
-2.615 -2.646 -2.695 -2.741 -2.783 -2.823 -2.859 -2.893 -2.924 -2.952 
-2.978 -3.002 -3.023 -3.041 -3.058 -3.072 -3.084 -3.093 -3.101 -3.106 
-3.110 -3.111 -3.110 -3.107 -3.101 -3.094 -3.084 -3.073 -3.059 -3.042 
-3.024 -3.003 -2.979 -2.953 -2.925 -2.894 -2.860 -2.823 -2.783 -2.740 
-2.694 -2.644 -2.590 -2.533 -2.471 -2.404 -2.332 -2.255 -2.172 -2.082 
-1.985 -1.879 -1.764 -1.639 -1.503 -1.355 -1.194 -1.024 -0.850 -0.687 
-0.551 -0.442 -0.381 -0.381 -0.428 -0.492 -0.555 -0.610 -0.655 -0.694 
-0.730 -0.781 -0.870 -0.989 -1.115 -1.242 -1.367 -1.490 -1.608 -1.721 
-1.827 -1.928 -2.022 -2.111 -2.194 -2.272 -2.345 -2.414 -2.478 -2.538 
-2.595 
-2.825 -2.908 -2.957 -3.003 -3.046 -3.085 -3.121 -3.155 -3.185 -3.213 
-3.239 -3.262 -3.282 -3.301 -3.316 -3.330 -3.341 -3.350 -3.357 -3.362 
-3.365 -3.365 -3.363 -3.359 -3.353 -3.345 -3.334 -3.322 -3.307 -3.289 
-3.269 -3.247 -3.223 -3.195 -3.165 -3.132 -3.097 -3.058 -3.016 -2.971 
-2.922 -2.870 -2.813 -2.752 -2.686 -2.615 -2.539 -2.456 -2.366 -2.268 
-2.160 -2.043 -1.912 -1.766 -1.602 -1.415 -1.204 -0.977 -0.766 -0.629 
-0.596 -0.626 -0.671 -0.720 -0.768 -0.805 -0.820 -0.810 -0.771 -0.709 
-0.647 -0.640 -0.734 -0.912 -1.121 -1.321 -1.501 -1.661 -1.805 -1.936 
-2.055 -2.165 -2.266 -2.360 -2.447 -2.528 -2.603 -2.673 -2.738 -2.799 
-2.812 
-2.723 -2.744 -2.794 -2.840 -2.884 -2.924 -2.962 -2.996 -3.028 -3.058 
-3.084 -3.109 -3.131 -3.150 -3.168 -3.183 -3.196 -3.206 -3.215 -3.222 
-3.226 -3.228 -3.228 -3.226 -3.222 -3.216 -3.208 -3.197 -3.185 -3.170 
-3.152 -3.133 -3.111 -3.087 -3.060 -3.031 -2.999 -2.965 -2.927 -2.887 
-2.843 -2.796 -2.746 -2.692 -2.634 -2.572 -2.505 -2.433 -2.357 -2.274 
-2.186 -2.090 -1.986 -1.874 -1.752 -1.618 -1.471 -1.310 -1.147 -1.016 
-0.952 -0.926 -0.908 -0.897 -0.896 -0.903 -0.914 -0.924 -0.930 -0.932 
-0.931 -0.950 -1.021 -1.125 -1.238 -1.353 -1.471 -1.588 -1.703 -1.814 
-1.919 -2.019 -2.114 -2.203 -2.287 -2.365 -2.439 -2.508 -2.573 -2.634 
-2.701 
-2.813 -2.877 -2.930 -2.978 -3.024 -3.066 -3.105 -3.141 -3.174 -3.204 
-3.232 -3.257 -3.280 -3.300 -3.317 -3.333 -3.346 -3.357 -3.366 -3.372 
-3.376 -3.379 -3.379 -3.376 -3.372 -3.365 -3.357 -3.346 -3.332 -3.317 
-3.299 -3.278 -3.256 -3.230 -3.202 -3.172 -3.138 -3.102 -3.063 -3.020 
-2.974 -2.925 -2.872 -2.815 -2.753 -2.687 -2.616 -2.539 -2.456 -2.367 
-2.271 -2.166 -2.052 -1.929 -1.796 -1.652 -1.501 -1.351 -1.215 -1.113 
-1.059 -1.051 -1.070 -1.101 -1.133 -1.161 -1.181 -1.192 -1.195 -1.191 
-1.182 -1.175 -1.178 -1.201 -1.256 -1.344 -1.457 -1.585 -1.716 -1.845 
-1.968 -2.083 -2.190 -2.291 -2.384 -2.470 -2.551 -2.625 -2.695 -2.760 
-2.796 
-2.791 -2.824 -2.873 -2.919 -2.962 -3.001 -3.038 -3.072 -3.103 -3.131 
-3.157 -3.180 -3.201 -3.220 -3.236 -3.250 -3.262 -3.271 -3.279 -3.284 
-3.287 -3.288 -3.287 -3.284 -3.278 -3.270 -3.261 -3.249 -3.234 -3.218 
-3.199 -3.178 -3.154 -3.128 -3.099 -3.068 -3.034 -2.997 -2.957 -2.914 
-2.867 -2.818 -2.764 -2.707 -2.646 -2.580 -2.510 -2.435 -2.355 -2.269 
-2.178 -2.080 -1.977 -1.868 -1.754 -1.637 -1.519 -1.404 -1.300 -1.217 
-1.161 -1.134 -1.128 -1.134 -1.144 -1.154 -1.160 -1.162 -1.162 -1.163 
-1.171 -1.191 -1.228 -1.284 -1.359 -1.453 -1.558 -1.670 -1.783 -1.893 
-1.999 -2.100 -2.195 -2.284 -2.368 -2.447 -2.521 -2.590 -2.655 -2.715 
-2.771 
-2.825 -2.873 -2.918 -2.961 -3.000 -3.036 -3.069 -3.100 -3.128 -3.154 
-3.177 -3.197 -3.215 -3.232 -3.245 -3.257 -3.266 -3.273 -3.278 -3.281 
-3.282 -3.281 -3.277 -3.271 -3.264 -3.254 -3.241 -3.227 -3.210 -3.191 
-3.170 -3.146 -3.120 -3.091 -3.060 -3.026 -2.989 -2.949 -2.906 -2.860 
-2.810 -2.757 -2.701 -2.640 -2.575 -2.506 -2.432 -2.354 -2.270 -2.182 
-2.088 -1.990 -1.887 -1.782 -1.676 -1.572 -1.473 -1.385 -1.309 -1.247 
-1.199 -1.164 -1.138 -1.120 -1.107 -1.095 -1.082 -1.067 -1.056 -1.055 
-1.074 -1.121 -1.198 -1.298 -1.414 -1.535 -1.658 -1.777 -1.892 -2.000 
-2.102 -2.198 -2.287 -2.371 -2.450 -2.523 -2.592 -2.656 -2.716 -2.772 
-2.809 
-2.813 -2.843 -2.888 -2.931 -2.970 -3.006 -3.040 -3.071 -3.100 -3.126 
-3.150 -3.172 -3.191 -3.209 -3.224 -3.236 -3.247 -3.256 -3.263 -3.267 
-3.270 -3.270 -3.269 -3.265 -3.260 -3.252 -3.243 -3.231 -3.217 -3.201 
-3.183 -3.163 -3.140 -3.115 -3.088 -3.058 -3.026 -2.991 -2.954 -2.913 
-2.870 -2.824 -2.775 -2.722 -2.666 -2.606 -2.542 -2.473 -2.401 -2.323 
-2.241 -2.153 -2.060 -1.961 -1.858 -1.750 -1.639 -1.526 -1.414 -1.305 
-1.203 -1.115 -1.047 -1.001 -0.976 -0.962 -0.954 -0.961 -1.004 -1.074 
-1.151 -1.233 -1.322 -1.419 -1.520 -1.623 -1.726 -1.828 -1.926 -2.021 
-2.112 -2.199 -2.281 -2.360 -2.433 -2.503 -2.569 -2.631 -2.689 -2.744 
-2.795 
-2.887 -2.930 -2.970 -3.006 -3.040 -3.071 -3.100 -3.126 -3.150 -3.172 
-3.191 -3.209 -3.224 -3.237 -3.248 -3.257 -3.265 -3.270 -3.273 -3.275 
-3.275 -3.273 -3.269 -3.263 -3.255 -3.245 -3.234 -3.221 -3.206 -3.189 
-3.170 -3.149 -3.126 -3.101 -3.075 -3.046 -3.015 -2.982 -2.947 -2.910 
-2.871 -2.829 -2.785 -2.738 -2.689 -2.638 -2.583 -2.525 -2.464 -2.399 
-2.329 -2.254 -2.172 -2.081 -1.982 -1.872 -1.761 -1.663 -1.593 -1.539 
-1.478 -1.401 -1.312 -1.210 -1.092 -0.960 -0.841 -0.786 -0.838 -0.975 
-1.143 -1.303 -1.438 -1.545 -1.629 -1.702 -1.785 -1.887 -2.000 -2.112 
-2.216 -2.312 -2.399 -2.479 -2.552 -2.619 -2.681 -2.739 -2.792 -2.842 
-2.874 
-2.859 -2.920 -2.978 -3.031 -3.080 -3.125 -3.167 -3.206 -3.241 -3.273 
-3.302 -3.328 -3.352 -3.373 -3.391 -3.408 -3.421 -3.432 -3.441 -3.448 
-3.452 -3.455 -3.454 -3.452 -3.448 -3.441 -3.432 -3.421 -3.407 -3.391 
-3.373 -3.352 -3.329 -3.303 -3.275 -3.244 -3.210 -3.173 -3.133 -3.090 
-3.043 -2.992 -2.937 -2.878 -2.814 -2.744 -2.668 -2.586 -2.495 -2.396 
-2.286 -2.164 -2.028 -1.878 -1.715 -1.548 -1.399 -1.300 -1.274 -1.311 
-1.376 -1.435 -1.471 -1.478 -1.457 -1.412 -1.352 -1.316 -1.348 -1.416 
-1.462 -1.470 -1.445 -1.401 -1.359 -1.344 -1.380 -1.469 -1.594 -1.734 
-1.874 -2.009 -2.134 -2.252 -2.360 -2.460 -2.553 -2.638 -2.717 -2.790 
-2.839 
-2.744 -2.788 -2.856 -2.920 -2.979 -3.035 -3.086 -3.135 -3.179 -3.221 
-3.259 -3.295 -3.327 -3.357 -3.384 -3.409 -3.431 -3.451 -3.468 -3.483 
-3.495 -3.506 -3.514 -3.519 -3.523 -3.524 -3.524 -3.520 -3.515 -3.507 
-3.498 -3.485 -3.471 -3.454 -3.434 -3.412 -3.388 -3.361 -3.330 -3.297 
-3.261 -3.222 -3.179 -3.132 -3.082 -3.027 -2.967 -2.902 -2.831 -2.754 
-2.669 -2.575 -2.470 -2.354 -2.225 -2.086 -1.948 -1.835 -1.765 -1.718 
-1.659 -1.577 -1.484 -1.398 -1.338 -1.311 -1.313 -1.335 -1.364 -1.389 
-1.407 -1.415 -1.413 -1.406 -1.400 -1.406 -1.437 -1.493 -1.567 -1.652 
-1.748 -1.851 -1.957 -2.065 -2.172 -2.275 -2.373 -2.467 -2.555 -2.638 
-2.716 
-2.830 -2.892 -2.958 -3.020 -3.078 -3.132 -3.182 -3.228 -3.271 -3.311 
-3.348 -3.382 -3.413 -3.442 -3.468 -3.491 -3.512 -3.531 -3.547 -3.561 
-3.573 -3.582 -3.589 -3.594 -3.597 -3.598 -3.596 -3.593 -3.587 -3.579 
-3.569 -3.556 -3.541 -3.524 -3.505 -3.483 -3.458 -3.431 -3.401 -3.369 
-3.333 -3.295 -3.253 -3.208 -3.160 -3.108 -3.051 -2.991 -2.925 -2.855 
-2.779 -2.696 -2.607 -2.509 -2.403 -2.286 -2.157 -2.015 -1.863 -1.712 
-1.584 -1.486 -1.397 -1.307 -1.228 -1.176 -1.155 -1.158 -1.170 -1.182 
-1.186 -1.180 -1.168 -1.155 -1.155 -1.182 -1.247 -1.349 -1.477 -1.617 
-1.759 -1.897 -2.029 -2.154 -2.270 -2.379 -2.480 -2.575 -2.663 -2.745 
-2.807 
-2.902 -2.973 -3.036 -3.094 -3.148 -3.198 -3.244 -3.287 -3.326 -3.363 
-3.396 -3.426 -3.454 -3.479 -3.501 -3.521 -3.539 -3.553 -3.566 -3.576 
-3.584 -3.590 -3.593 -3.595 -3.593 -3.590 -3.585 -3.577 -3.566 -3.554 
-3.539 -3.522 -3.502 -3.480 -3.455 -3.427 -3.396 -3.363 -3.326 -3.287 
-3.244 -3.197 -3.147 -3.092 -3.033 -2.970 -2.901 -2.826 -2.745 -2.658 
-2.562 -2.458 -2.344 -2.218 -2.081 -1.929 -1.765 -1.591 -1.419 -1.273 
-1.187 -1.178 -1.225 -1.289 -1.344 -1.385 -1.415 -1.437 -1.448 -1.446 
-1.429 -1.397 -1.354 -1.308 -1.273 -1.270 -1.315 -1.409 -1.538 -1.686 
-1.837 -1.983 -2.121 -2.249 -2.367 -2.476 -2.576 -2.668 -2.753 -2.832 
-2.882 
-2.816 -2.861 -2.925 -2.985 -3.040 -3.091 -3.138 -3.181 -3.221 -3.258 
-3.291 -3.322 -3.350 -3.375 -3.397 -3.417 -3.434 -3.449 -3.462 -3.472 
-3.479 -3.485 -3.488 -3.488 -3.487 -3.483 -3.477 -3.468 -3.457 -3.444 
-3.428 -3.410 -3.389 -3.366 -3.340 -3.311 -3.279 -3.245 -3.207 -3.165 
-3.121 -3.072 -3.020 -2.963 -2.902 -2.836 -2.764 -2.687 -2.603 -2.512 
-2.413 -2.307 -2.191 -2.066 -1.933 -1.796 -1.660 -1.537 -1.440 -1.381 
-1.365 -1.395 -1.453 -1.519 -1.578 -1.625 -1.658 -1.678 -1.684 -1.676 
-1.654 -1.620 -1.574 -1.520 -1.466 -1.423 -1.407 -1.429 -1.493 -1.594 
-1.718 -1.853 -1.988 -2.117 -2.237 -2.349 -2.452 -2.548 -2.636 -2.717 
-2.790 
-2.849 -2.907 -2.970 -3.028 -3.083 -3.133 -3.179 -3.222 -3.261 -3.297 
-3.330 -3.361 -3.388 -3.412 -3.434 -3.454 -3.470 -3.485 -3.497 -3.506 
-3.513 -3.518 -3.521 -3.521 -3.519 -3.515 -3.508 -3.499 -3.488 -3.474 
-3.457 -3.439 -3.417 -3.393 -3.367 -3.337 -3.305 -3.269 -3.230 -3.188 
-3.143 -3.093 -3.040 -2.982 -2.919 -2.852 -2.779 -2.700 -2.614 -2.521 
-2.421 -2.312 -2.194 -2.068 -1.936 -1.801 -1.674 -1.568 -1.499 -1.475 
-1.492 -1.537 -1.593 -1.649 -1.698 -1.736 -1.763 -1.778 -1.781 -1.772 
-1.751 -1.719 -1.676 -1.626 -1.573 -1.527 -1.500 -1.510 -1.568 -1.667 
-1.790 -1.922 -2.053 -2.178 -2.295 -2.404 -2.505 -2.598 -2.685 -2.764 
-2.825 
-2.924 -2.973 -3.036 -3.095 -3.150 -3.200 -3.246 -3.289 -3.328 -3.364 
-3.396 -3.426 -3.452 -3.476 -3.498 -3.516 -3.532 -3.546 -3.557 -3.566 
-3.572 -3.576 -3.578 -3.577 -3.575 -3.569 -3.562 -3.551 -3.539 -3.524 
-3.507 -3.487 -3.464 -3.439 -3.410 -3.379 -3.345 -3.308 -3.267 -3.223 
-3.175 -3.123 -3.067 -3.007 -2.941 -2.870 -2.793 -2.710 -2.619 -2.521 
-2.415 -2.300 -2.176 -2.044 -1.909 -1.779 -1.666 -1.588 -1.554 -1.563 
-1.603 -1.658 -1.715 -1.766 -1.806 -1.836 -1.852 -1.855 -1.845 -1.822 
-1.784 -1.731 -1.667 -1.595 -1.526 -1.467 -1.427 -1.427 -1.488 -1.606 
-1.755 -1.913 -2.066 -2.206 -2.335 -2.453 -2.559 -2.657 -2.746 -2.828 
-2.898 
-3.070 -3.139 -3.195 -3.247 -3.295 -3.339 -3.380 -3.417 -3.452 -3.483 
-3.511 -3.537 -3.560 -3.580 -3.598 -3.613 -3.626 -3.637 -3.645 -3.651 
-3.655 -3.656 -3.656 -3.652 -3.647 -3.639 -3.629 -3.617 -3.602 -3.585 
-3.566 -3.543 -3.519 -3.491 -3.461 -3.428 -3.392 -3.353 -3.311 -3.265 
-3.216 -3.163 -3.106 -3.044 -2.978 -2.907 -2.831 -2.750 -2.662 -2.569 
-2.469 -2.363 -2.251 -2.134 -2.015 -1.900 -1.797 -1.716 -1.668 -1.652 
-1.662 -1.687 -1.716 -1.742 -1.760 -1.767 -1.762 -1.743 -1.709 -1.661 
-1.597 -1.523 -1.448 -1.391 -1.379 -1.425 -1.519 -1.639 -1.776 -1.927 
-2.079 -2.223 -2.356 -2.477 -2.587 -2.687 -2.779 -2.863 -2.941 -3.012 
-3.053 
-3.001 -3.056 -3.112 -3.163 -3.209 -3.253 -3.292 -3.328 -3.361 -3.391 
-3.418 -3.443 -3.464 -3.483 -3.500 -3.514 -3.526 -3.535 -3.542 -3.547 
-3.549 -3.549 -3.547 -3.542 -3.536 -3.527 -3.515 -3.501 -3.485 -3.467 
-3.446 -3.422 -3.396 -3.367 -3.336 -3.301 -3.264 -3.223 -3.180 -3.133 
-3.082 -3.028 -2.970 -2.908 -2.843 -2.773 -2.698 -2.620 -2.538 -2.452 
-2.365 -2.276 -2.188 -2.103 -2.023 -1.951 -1.889 -1.837 -1.798 -1.777 
-1.775 -1.787 -1.803 -1.816 -1.820 -1.813 -1.795 -1.765 -1.723 -1.667 
-1.601 -1.529 -1.462 -1.419 -1.421 -1.474 -1.565 -1.662 -1.744 -1.827 
-1.946 -2.093 -2.239 -2.373 -2.492 -2.598 -2.694 -2.780 -2.859 -2.930 
-2.983 
-2.867 -2.926 -3.000 -3.068 -3.130 -3.187 -3.239 -3.287 -3.332 -3.372 
-3.409 -3.443 -3.473 -3.501 -3.526 -3.548 -3.567 -3.584 -3.598 -3.609 
-3.618 -3.625 -3.629 -3.631 -3.631 -3.628 -3.623 -3.615 -3.605 -3.593 
-3.578 -3.560 -3.540 -3.518 -3.492 -3.464 -3.433 -3.399 -3.361 -3.321 
-3.277 -3.229 -3.177 -3.121 -3.061 -2.997 -2.928 -2.853 -2.773 -2.687 
-2.596 -2.499 -2.396 -2.287 -2.172 -2.053 -1.931 -1.814 -1.717 -1.657 
-1.646 -1.676 -1.731 -1.792 -1.846 -1.890 -1.919 -1.935 -1.936 -1.923 
-1.895 -1.853 -1.802 -1.746 -1.690 -1.627 -1.544 -1.444 -1.360 -1.349 
-1.441 -1.607 -1.797 -1.982 -2.150 -2.300 -2.433 -2.553 -2.660 -2.757 
-2.836 
-2.812 -2.876 -2.951 -3.019 -3.081 -3.139 -3.192 -3.240 -3.285 -3.326 
-3.364 -3.398 -3.429 -3.457 -3.483 -3.505 -3.525 -3.542 -3.557 -3.569 
-3.578 -3.586 -3.590 -3.593 -3.593 -3.591 -3.586 -3.579 -3.570 -3.558 
-3.543 -3.526 -3.507 -3.485 -3.460 -3.433 -3.402 -3.369 -3.333 -3.293 
-3.250 -3.203 -3.153 -3.099 -3.040 -2.978 -2.910 -2.838 -2.761 -2.680 
-2.593 -2.503 -2.410 -2.315 -2.223 -2.135 -2.056 -1.988 -1.935 -1.901 
-1.890 -1.899 -1.920 -1.948 -1.978 -2.005 -2.026 -2.038 -2.040 -2.031 
-2.009 -1.974 -1.924 -1.858 -1.771 -1.664 -1.535 -1.398 -1.291 -1.275 
-1.376 -1.553 -1.751 -1.937 -2.104 -2.252 -2.385 -2.503 -2.610 -2.707 
-2.784 
-2.838 -2.892 -2.967 -3.036 -3.101 -3.161 -3.216 -3.268 -3.315 -3.359 
-3.400 -3.437 -3.471 -3.502 -3.530 -3.556 -3.579 -3.599 -3.617 -3.632 
-3.645 -3.655 -3.663 -3.668 -3.672 -3.673 -3.671 -3.668 -3.662 -3.653 
-3.642 -3.629 -3.613 -3.595 -3.574 -3.550 -3.524 -3.495 -3.462 -3.427 
-3.388 -3.346 -3.300 -3.249 -3.195 -3.135 -3.070 -2.999 -2.922 -2.837 
-2.743 -2.641 -2.532 -2.426 -2.336 -2.267 -2.204 -2.132 -2.049 -1.961 
-1.880 -1.818 -1.785 -1.782 -1.804 -1.839 -1.879 -1.915 -1.944 -1.964 
-1.973 -1.972 -1.959 -1.935 -1.900 -1.852 -1.794 -1.725 -1.656 -1.614 
-1.624 -1.743 -1.903 -2.048 -2.180 -2.304 -2.420 -2.529 -2.630 -2.724 
-2.808 
-2.968 -3.076 -3.155 -3.228 -3.295 -3.356 -3.412 -3.464 -3.511 -3.554 
-3.594 -3.630 -3.662 -3.692 -3.718 -3.741 -3.762 -3.779 -3.794 -3.807 
-3.816 -3.824 -3.828 -3.830 -3.830 -3.827 -3.821 -3.813 -3.802 -3.788 
-3.772 -3.753 -3.731 -3.706 -3.678 -3.646 -3.611 -3.573 -3.530 -3.483 
-3.432 -3.376 -3.314 -3.246 -3.171 -3.088 -2.997 -2.895 -2.782 -2.657 
-2.519 -2.371 -2.225 -2.103 -2.034 -2.029 -2.070 -2.121 -2.155 -2.168 
-2.173 -2.182 -2.201 -2.231 -2.269 -2.309 -2.344 -2.372 -2.390 -2.398 
-2.394 -2.378 -2.349 -2.307 -2.248 -2.170 -2.066 -1.926 -1.737 -1.526 
-1.408 -1.512 -1.756 -2.008 -2.217 -2.390 -2.539 -2.670 -2.787 -2.893 
-2.946 
-2.771 -2.838 -2.921 -2.998 -3.069 -3.135 -3.196 -3.253 -3.305 -3.353 
-3.398 -3.438 -3.476 -3.510 -3.541 -3.569 -3.595 -3.617 -3.637 -3.654 
-3.669 -3.681 -3.690 -3.698 -3.702 -3.705 -3.704 -3.702 -3.697 -3.689 
-3.679 -3.667 -3.652 -3.634 -3.614 -3.591 -3.565 -3.535 -3.503 -3.468 
-3.428 -3.386 -3.339 -3.287 -3.231 -3.170 -3.103 -3.029 -2.948 -2.858 
-2.759 -2.650 -2.534 -2.418 -2.315 -2.227 -2.141 -2.047 -1.957 -1.886 
-1.846 -1.832 -1.836 -1.858 -1.908 -1.977 -2.046 -2.106 -2.153 -2.187 
-2.208 -2.217 -2.214 -2.201 -2.176 -2.139 -2.091 -2.029 -1.950 -1.849 
-1.765 -1.816 -1.913 -2.007 -2.109 -2.219 -2.332 -2.444 -2.552 -2.654 
-2.739 
-2.663 -2.725 -2.807 -2.885 -2.958 -3.027 -3.091 -3.150 -3.206 -3.258 
-3.306 -3.350 -3.391 -3.429 -3.464 -3.496 -3.525 -3.552 -3.575 -3.596 
-3.615 -3.631 -3.644 -3.655 -3.664 -3.671 -3.675 -3.677 -3.676 -3.673 
-3.668 -3.660 -3.650 -3.638 -3.623 -3.606 -3.586 -3.563 -3.538 -3.510 
-3.479 -3.444 -3.407 -3.366 -3.321 -3.273 -3.220 -3.163 -3.101 -3.034 
-2.961 -2.881 -2.794 -2.700 -2.596 -2.483 -2.361 -2.229 -2.090 -1.946 
-1.801 -1.662 -1.553 -1.504 -1.526 -1.601 -1.698 -1.793 -1.877 -1.945 
-1.999 -2.039 -2.067 -2.083 -2.089 -2.086 -2.075 -2.057 -2.037 -2.016 
-2.002 -1.999 -2.015 -2.052 -2.109 -2.183 -2.268 -2.360 -2.454 -2.547 
-2.632 
-2.742 -2.811 -2.897 -2.978 -3.053 -3.123 -3.189 -3.249 -3.306 -3.358 
-3.406 -3.451 -3.492 -3.530 -3.565 -3.596 -3.625 -3.651 -3.674 -3.695 
-3.713 -3.728 -3.741 -3.751 -3.759 -3.765 -3.768 -3.769 -3.767 -3.764 
-3.757 -3.749 -3.738 -3.724 -3.708 -3.689 -3.668 -3.644 -3.617 -3.587 
-3.554 -3.517 -3.478 -3.434 -3.387 -3.336 -3.281 -3.221 -3.155 -3.084 
-3.007 -2.923 -2.832 -2.734 -2.627 -2.513 -2.391 -2.265 -2.137 -2.010 
-1.889 -1.787 -1.723 -1.714 -1.759 -1.836 -1.920 -1.998 -2.063 -2.113 
-2.150 -2.174 -2.185 -2.183 -2.170 -2.147 -2.116 -2.086 -2.064 -2.056 
-2.058 -2.068 -2.086 -2.120 -2.172 -2.244 -2.330 -2.426 -2.525 -2.624 
-2.708 
-2.894 -2.988 -3.067 -3.139 -3.205 -3.266 -3.322 -3.374 -3.421 -3.464 
-3.504 -3.541 -3.574 -3.604 -3.630 -3.655 -3.676 -3.695 -3.711 -3.724 
-3.735 -3.744 -3.750 -3.754 -3.755 -3.754 -3.750 -3.745 -3.736 -3.726 
-3.713 -3.697 -3.679 -3.658 -3.634 -3.608 -3.578 -3.546 -3.511 -3.472 
-3.430 -3.384 -3.334 -3.280 -3.221 -3.158 -3.089 -3.014 -2.933 -2.845 
-2.749 -2.645 -2.533 -2.414 -2.294 -2.183 -2.088 -2.007 -1.944 -1.904 
-1.889 -1.894 -1.917 -1.955 -2.001 -2.046 -2.084 -2.110 -2.125 -2.128 
-2.118 -2.096 -2.061 -2.015 -1.958 -1.894 -1.834 -1.790 -1.780 -1.814 
-1.885 -1.970 -2.038 -2.077 -2.148 -2.292 -2.445 -2.581 -2.700 -2.806 
-2.872 
-2.827 -2.919 -3.024 -3.118 -3.203 -3.279 -3.347 -3.410 -3.467 -3.518 
-3.565 -3.608 -3.647 -3.682 -3.713 -3.741 -3.766 -3.788 -3.807 -3.823 
-3.836 -3.847 -3.855 -3.860 -3.863 -3.863 -3.860 -3.855 -3.847 -3.837 
-3.824 -3.808 -3.789 -3.767 -3.743 -3.715 -3.684 -3.649 -3.611 -3.569 
-3.523 -3.472 -3.417 -3.356 -3.289 -3.216 -3.135 -3.046 -2.948 -2.839 
-2.718 -2.585 -2.442 -2.299 -2.175 -2.096 -2.076 -2.097 -2.131 -2.161 
-2.193 -2.238 -2.293 -2.353 -2.409 -2.457 -2.495 -2.523 -2.540 -2.546 
-2.542 -2.526 -2.499 -2.461 -2.411 -2.351 -2.283 -2.212 -2.141 -2.064 
-1.964 -1.842 -1.737 -1.678 -1.716 -1.879 -2.101 -2.316 -2.503 -2.662 
-2.781 
-2.777 -2.850 -2.947 -3.034 -3.114 -3.187 -3.253 -3.314 -3.369 -3.420 
-3.467 -3.510 -3.549 -3.584 -3.616 -3.645 -3.671 -3.694 -3.715 -3.732 
-3.747 -3.759 -3.769 -3.776 -3.781 -3.783 -3.783 -3.780 -3.775 -3.767 
-3.757 -3.744 -3.728 -3.710 -3.690 -3.666 -3.639 -3.610 -3.577 -3.541 
-3.501 -3.457 -3.410 -3.358 -3.302 -3.240 -3.173 -3.100 -3.020 -2.933 
-2.837 -2.733 -2.619 -2.499 -2.379 -2.270 -2.177 -2.092 -2.010 -1.943 
-1.907 -1.913 -1.954 -2.016 -2.082 -2.145 -2.198 -2.241 -2.271 -2.290 
-2.297 -2.292 -2.274 -2.243 -2.197 -2.135 -2.054 -1.953 -1.830 -1.689 
-1.550 -1.455 -1.457 -1.565 -1.739 -1.948 -2.151 -2.330 -2.485 -2.622 
-2.735 
-2.929 -3.009 -3.090 -3.165 -3.232 -3.294 -3.351 -3.403 -3.450 -3.494 
-3.533 -3.569 -3.602 -3.632 -3.658 -3.681 -3.702 -3.720 -3.735 -3.747 
-3.757 -3.765 -3.769 -3.772 -3.772 -3.769 -3.764 -3.756 -3.746 -3.734 
-3.719 -3.701 -3.680 -3.657 -3.631 -3.601 -3.569 -3.533 -3.494 -3.452 
-3.406 -3.355 -3.301 -3.241 -3.177 -3.108 -3.033 -2.951 -2.864 -2.770 
-2.669 -2.563 -2.453 -2.343 -2.241 -2.156 -2.098 -2.069 -2.067 -2.083 
-2.112 -2.153 -2.203 -2.253 -2.298 -2.334 -2.360 -2.376 -2.381 -2.375 
-2.357 -2.327 -2.285 -2.228 -2.155 -2.065 -1.960 -1.846 -1.740 -1.660 
-1.626 -1.654 -1.755 -1.922 -2.110 -2.288 -2.446 -2.585 -2.709 -2.820 
-2.900 
-3.068 -3.148 -3.218 -3.282 -3.341 -3.395 -3.444 -3.489 -3.531 -3.568 
-3.603 -3.634 -3.662 -3.687 -3.709 -3.728 -3.745 -3.759 -3.770 -3.780 
-3.786 -3.790 -3.792 -3.791 -3.788 -3.783 -3.775 -3.764 -3.752 -3.736 
-3.718 -3.698 -3.675 -3.649 -3.620 -3.588 -3.553 -3.516 -3.474 -3.430 
-3.382 -3.330 -3.274 -3.214 -3.150 -3.082 -3.009 -2.933 -2.852 -2.768 
-2.682 -2.597 -2.513 -2.436 -2.369 -2.317 -2.285 -2.275 -2.283 -2.304 
-2.332 -2.361 -2.386 -2.408 -2.422 -2.430 -2.429 -2.420 -2.401 -2.372 
-2.332 -2.279 -2.212 -2.129 -2.029 -1.914 -1.796 -1.701 -1.662 -1.695 
-1.786 -1.922 -2.086 -2.254 -2.411 -2.552 -2.679 -2.792 -2.895 -2.987 
-3.046 
-2.950 -3.030 -3.110 -3.182 -3.248 -3.308 -3.363 -3.413 -3.459 -3.500 
-3.538 -3.572 -3.603 -3.631 -3.655 -3.677 -3.696 -3.712 -3.725 -3.736 
-3.744 -3.749 -3.753 -3.753 -3.751 -3.747 -3.740 -3.730 -3.718 -3.704 
-3.687 -3.667 -3.644 -3.619 -3.591 -3.559 -3.525 -3.488 -3.447 -3.403 
-3.355 -3.304 -3.249 -3.189 -3.127 -3.060 -2.989 -2.916 -2.840 -2.763 
-2.686 -2.614 -2.547 -2.490 -2.445 -2.415 -2.399 -2.397 -2.408 -2.430 
-2.456 -2.485 -2.511 -2.534 -2.551 -2.561 -2.564 -2.560 -2.547 -2.526 
-2.495 -2.454 -2.400 -2.334 -2.254 -2.157 -2.048 -1.935 -1.838 -1.779 
-1.773 -1.835 -1.948 -2.082 -2.219 -2.358 -2.494 -2.622 -2.739 -2.846 
-2.923 
-2.790 -2.860 -2.957 -3.045 -3.125 -3.198 -3.265 -3.326 -3.382 -3.434 
-3.480 -3.523 -3.562 -3.597 -3.629 -3.657 -3.683 -3.705 -3.725 -3.742 
-3.756 -3.767 -3.776 -3.782 -3.786 -3.787 -3.785 -3.781 -3.775 -3.766 
-3.754 -3.740 -3.723 -3.703 -3.680 -3.655 -3.627 -3.595 -3.560 -3.522 
-3.481 -3.435 -3.386 -3.333 -3.275 -3.213 -3.146 -3.075 -2.998 -2.917 
-2.832 -2.743 -2.652 -2.561 -2.473 -2.395 -2.332 -2.291 -2.276 -2.286 
-2.314 -2.355 -2.400 -2.445 -2.486 -2.521 -2.549 -2.569 -2.582 -2.586 
-2.582 -2.568 -2.546 -2.513 -2.469 -2.413 -2.343 -2.260 -2.166 -2.071 
-1.993 -1.946 -1.931 -1.949 -2.007 -2.107 -2.235 -2.374 -2.510 -2.637 
-2.747 
-2.824 -2.901 -2.991 -3.072 -3.146 -3.215 -3.277 -3.335 -3.387 -3.436 
-3.480 -3.521 -3.558 -3.591 -3.622 -3.649 -3.673 -3.695 -3.714 -3.730 
-3.744 -3.755 -3.763 -3.769 -3.773 -3.774 -3.773 -3.769 -3.763 -3.755 
-3.744 -3.730 -3.714 -3.695 -3.674 -3.650 -3.623 -3.593 -3.560 -3.524 
-3.485 -3.442 -3.395 -3.345 -3.290 -3.231 -3.168 -3.100 -3.026 -2.948 
-2.863 -2.774 -2.680 -2.582 -2.484 -2.388 -2.302 -2.231 -2.184 -2.162 
-2.166 -2.188 -2.221 -2.259 -2.297 -2.330 -2.357 -2.377 -2.389 -2.392 
-2.386 -2.370 -2.344 -2.306 -2.256 -2.193 -2.116 -2.025 -1.924 -1.825 
-1.752 -1.728 -1.769 -1.867 -2.003 -2.153 -2.304 -2.446 -2.577 -2.695 
-2.789 
-2.920 -2.999 -3.081 -3.156 -3.224 -3.287 -3.345 -3.398 -3.447 -3.492 
-3.533 -3.571 -3.605 -3.636 -3.664 -3.690 -3.712 -3.732 -3.749 -3.763 
-3.775 -3.784 -3.791 -3.796 -3.798 -3.797 -3.795 -3.789 -3.782 -3.772 
-3.760 -3.745 -3.727 -3.707 -3.684 -3.658 -3.630 -3.598 -3.564 -3.526 
-3.485 -3.440 -3.391 -3.339 -3.282 -3.220 -3.154 -3.082 -3.004 -2.920 
-2.830 -2.734 -2.631 -2.523 -2.411 -2.301 -2.199 -2.114 -2.057 -2.033 
-2.040 -2.071 -2.114 -2.161 -2.205 -2.243 -2.273 -2.294 -2.304 -2.305 
-2.295 -2.273 -2.239 -2.193 -2.132 -2.056 -1.966 -1.865 -1.766 -1.693 
-1.674 -1.724 -1.836 -1.986 -2.149 -2.307 -2.452 -2.584 -2.704 -2.812 
-2.878 
