IRGRID 64 91
1e+308

0.025 0.03 0.035 0.04 0.045 0.05 0.055 0.06 0.065 0.07
0.075 0.08 0.085 0.09 0.095 0.1 0.11 0.12 0.13 0.14
0.15 0.16 0.17 0.18 0.19 0.2 0.21 0.22 0.23 0.24
0.25 0.26 0.27 0.28 0.29 0.3 0.31 0.32 0.33 0.34
0.35 0.36 0.37 0.38 0.39 0.4 0.41 0.42 0.43 0.44
0.45 0.46 0.47 0.48 0.49 0.5 0.51 0.52 0.53 0.54
0.55 0.56 0.57 0.58
0 4 8 12 16 20 24 28 32 36
40 44 48 52 56 60 64 68 72 76
80 84 88 92 96 100 104 108 112 116
120 124 128 132 136 140 144 148 152 156
160 164 168 172 176 180 184 188 192 196
200 204 208 212 216 220 224 228 232 236
240 244 248 252 256 260 264 268 272 276
280 284 288 292 296 300 304 308 312 316
320 324 328 332 336 340 344 348 352 356
360
-4.000 -4.000 -4.000 -4.000 -4.000 -4.000 -4.000 -4.000 -4.000 -4.000 
-4.000 -4.000 -4.000 -4.000 -4.000 -4.000 -4.000 -4.000 -4.000 -4.000 
-4.000 -4.000 -4.000 -4.000 -4.000 -4.000 -4.000 -4.000 -4.000 -4.000 
-4.000 -4.000 -4.000 -4.000 -4.000 -4.000 -4.000 -4.000 -4.000 -4.000 
-4.000 -4.000 -4.000 -4.000 -4.000 -4.000 -4.000 -4.000 -4.000 -4.000 
-4.000 -4.000 -4.000 -4.000 -4.000 -4.000 -4.000 -4.000 -4.000 -4.000 
-4.000 -4.000 -4.000 -4.000 -4.000 -4.000 -4.000 -4.000 -4.000 -4.000 
-4.000 -4.000 -4.000 -4.000 -4.000 -4.000 -4.000 -4.000 -4.000 -4.000 
-4.000 -4.000 -4.000 -4.000 -4.000 -4.000 -4.000 -4.000 -4.000 -4.000 
-4.000 
-4.000 -4.000 -4.000 -4.000 -4.000 -4.000 -4.000 -4.000 -4.000 -4.000 
-4.000 -4.000 -4.000 -4.000 -4.000 -4.000 -4.000 -4.000 -4.000 -4.000 
-4.000 -4.000 -4.000 -4.000 -4.000 -4.000 -4.000 -4.000 -4.000 -4.000 
-4.000 -4.000 -4.000 -4.000 -4.000 -4.000 -4.000 -4.000 -4.000 -4.000 
-4.000 -4.000 -4.000 -4.000 -4.000 -4.000 -4.000 -4.000 -4.000 -4.000 
-4.000 -4.000 -4.000 -4.000 -4.000 -3.968 -3.932 -3.895 -3.859 -3.824 
-3.794 -3.769 -3.751 -3.742 -3.741 -3.748 -3.761 -3.780 -3.803 -3.829 
-3.858 -3.888 -3.919 -3.952 -3.984 -4.000 -4.000 -4.000 -4.000 -4.000 
-4.000 -4.000 -4.000 -4.000 -4.000 -4.000 -4.000 -4.000 -4.000 -4.000 
-4.000 
-3.711 -3.734 -3.735 -3.733 -3.732 -3.730 -3.728 -3.727 -3.728 -3.730 
-3.734 -3.739 -3.745 -3.752 -3.759 -3.766 -3.771 -3.776 -3.779 -3.781 
-3.781 -3.779 -3.776 -3.771 -3.766 -3.759 -3.751 -3.742 -3.733 -3.724 
-3.715 -3.705 -3.696 -3.687 -3.679 -3.671 -3.663 -3.655 -3.648 -3.641 
-3.633 -3.626 -3.617 -3.608 -3.599 -3.588 -3.575 -3.561 -3.545 -3.526 
-3.506 -3.482 -3.456 -3.427 -3.395 -3.362 -3.328 -3.295 -3.266 -3.245 
-3.231 -3.225 -3.225 -3.229 -3.236 -3.245 -3.254 -3.266 -3.279 -3.295 
-3.314 -3.336 -3.360 -3.386 -3.414 -3.443 -3.473 -3.503 -3.532 -3.559 
-3.586 -3.611 -3.634 -3.654 -3.673 -3.689 -3.702 -3.714 -3.722 -3.728 
-3.707 
-3.296 -3.279 -3.260 -3.243 -3.227 -3.214 -3.205 -3.201 -3.201 -3.207 
-3.218 -3.234 -3.255 -3.279 -3.306 -3.335 -3.365 -3.395 -3.425 -3.454 
-3.481 -3.507 -3.531 -3.553 -3.572 -3.589 -3.604 -3.616 -3.626 -3.634 
-3.639 -3.642 -3.643 -3.642 -3.638 -3.632 -3.623 -3.613 -3.599 -3.584 
-3.565 -3.544 -3.519 -3.492 -3.461 -3.426 -3.387 -3.345 -3.298 -3.248 
-3.193 -3.134 -3.073 -3.010 -2.946 -2.887 -2.834 -2.791 -2.763 -2.750 
-2.755 -2.775 -2.809 -2.852 -2.901 -2.952 -3.002 -3.051 -3.097 -3.139 
-3.178 -3.214 -3.246 -3.275 -3.301 -3.323 -3.343 -3.359 -3.371 -3.381 
-3.387 -3.390 -3.390 -3.387 -3.381 -3.372 -3.361 -3.348 -3.332 -3.315 
-3.302 
-3.171 -3.132 -3.113 -3.095 -3.081 -3.070 -3.064 -3.063 -3.068 -3.079 
-3.095 -3.116 -3.140 -3.168 -3.197 -3.227 -3.257 -3.286 -3.314 -3.339 
-3.363 -3.383 -3.401 -3.414 -3.424 -3.428 -3.428 -3.422 -3.408 -3.387 
-3.356 -3.315 -3.261 -3.197 -3.127 -3.060 -3.012 -2.998 -3.018 -3.056 
-3.097 -3.129 -3.150 -3.157 -3.153 -3.137 -3.111 -3.077 -3.034 -2.985 
-2.929 -2.869 -2.806 -2.743 -2.683 -2.633 -2.596 -2.578 -2.579 -2.598 
-2.630 -2.671 -2.713 -2.751 -2.779 -2.790 -2.775 -2.727 -2.646 -2.572 
-2.583 -2.692 -2.828 -2.945 -3.036 -3.104 -3.154 -3.191 -3.218 -3.237 
-3.249 -3.256 -3.257 -3.254 -3.248 -3.237 -3.224 -3.209 -3.191 -3.172 
-3.180 
-3.434 -3.490 -3.498 -3.504 -3.508 -3.512 -3.516 -3.520 -3.525 -3.531 
-3.538 -3.544 -3.550 -3.555 -3.557 -3.556 -3.552 -3.544 -3.532 -3.515 
-3.494 -3.467 -3.436 -3.398 -3.355 -3.305 -3.249 -3.186 -3.114 -3.034 
-2.945 -2.847 -2.742 -2.631 -2.524 -2.434 -2.375 -2.360 -2.389 -2.447 
-2.519 -2.592 -2.657 -2.714 -2.763 -2.803 -2.837 -2.865 -2.887 -2.903 
-2.912 -2.914 -2.910 -2.900 -2.885 -2.866 -2.847 -2.828 -2.809 -2.789 
-2.763 -2.728 -2.680 -2.617 -2.535 -2.432 -2.306 -2.160 -2.013 -1.911 
-1.909 -2.010 -2.162 -2.320 -2.465 -2.598 -2.718 -2.826 -2.923 -3.010 
-3.088 -3.157 -3.218 -3.271 -3.318 -3.358 -3.392 -3.421 -3.445 -3.464 
-3.429 
-3.285 -3.311 -3.340 -3.366 -3.390 -3.410 -3.428 -3.443 -3.456 -3.466 
-3.474 -3.479 -3.482 -3.482 -3.480 -3.476 -3.469 -3.460 -3.448 -3.433 
-3.416 -3.396 -3.374 -3.348 -3.319 -3.288 -3.252 -3.214 -3.171 -3.124 
-3.072 -3.016 -2.954 -2.888 -2.818 -2.751 -2.695 -2.655 -2.630 -2.611 
-2.592 -2.573 -2.555 -2.540 -2.528 -2.521 -2.516 -2.513 -2.510 -2.507 
-2.503 -2.497 -2.491 -2.484 -2.477 -2.471 -2.465 -2.458 -2.452 -2.443 
-2.433 -2.419 -2.400 -2.376 -2.344 -2.303 -2.252 -2.189 -2.117 -2.050 
-2.018 -2.024 -2.055 -2.108 -2.184 -2.274 -2.372 -2.470 -2.565 -2.654 
-2.737 -2.813 -2.884 -2.949 -3.009 -3.064 -3.115 -3.162 -3.204 -3.243 
-3.273 
-2.906 -2.954 -2.965 -2.974 -2.979 -2.982 -2.983 -2.981 -2.977 -2.970 
-2.961 -2.950 -2.936 -2.920 -2.903 -2.883 -2.862 -2.839 -2.815 -2.790 
-2.764 -2.737 -2.711 -2.684 -2.658 -2.633 -2.608 -2.584 -2.561 -2.539 
-2.517 -2.496 -2.474 -2.452 -2.429 -2.404 -2.378 -2.349 -2.318 -2.284 
-2.247 -2.206 -2.162 -2.115 -2.062 -2.005 -1.941 -1.869 -1.788 -1.695 
-1.586 -1.460 -1.321 -1.199 -1.161 -1.242 -1.384 -1.524 -1.638 -1.727 
-1.798 -1.855 -1.903 -1.946 -1.984 -2.021 -2.055 -2.087 -2.118 -2.148 
-2.177 -2.208 -2.245 -2.291 -2.343 -2.399 -2.455 -2.508 -2.559 -2.607 
-2.652 -2.694 -2.733 -2.769 -2.802 -2.832 -2.859 -2.883 -2.905 -2.924 
-2.900 
-2.383 -2.398 -2.399 -2.398 -2.395 -2.390 -2.384 -2.375 -2.365 -2.352 
-2.337 -2.320 -2.301 -2.280 -2.257 -2.232 -2.206 -2.179 -2.151 -2.122 
-2.093 -2.063 -2.034 -2.006 -1.979 -1.953 -1.929 -1.906 -1.884 -1.864 
-1.846 -1.828 -1.811 -1.794 -1.777 -1.759 -1.740 -1.719 -1.695 -1.668 
-1.637 -1.601 -1.561 -1.514 -1.460 -1.398 -1.326 -1.242 -1.144 -1.030 
-0.897 -0.746 -0.591 -0.466 -0.419 -0.462 -0.570 -0.738 -0.925 -1.095 
-1.242 -1.369 -1.479 -1.576 -1.663 -1.739 -1.809 -1.871 -1.928 -1.980 
-2.027 -2.071 -2.110 -2.146 -2.179 -2.208 -2.235 -2.259 -2.280 -2.299 
-2.315 -2.330 -2.343 -2.354 -2.364 -2.372 -2.379 -2.385 -2.390 -2.394 
-2.384 
-2.062 -2.063 -2.077 -2.091 -2.105 -2.119 -2.132 -2.144 -2.155 -2.165 
-2.172 -2.178 -2.181 -2.182 -2.181 -2.179 -2.174 -2.168 -2.160 -2.151 
-2.142 -2.132 -2.123 -2.113 -2.105 -2.097 -2.089 -2.082 -2.075 -2.068 
-2.061 -2.053 -2.044 -2.034 -2.022 -2.008 -1.992 -1.972 -1.949 -1.923 
-1.893 -1.857 -1.817 -1.771 -1.718 -1.658 -1.589 -1.510 -1.419 -1.313 
-1.190 -1.047 -0.881 -0.702 -0.528 -0.387 -0.339 -0.418 -0.533 -0.548 
-0.436 -0.496 -0.756 -0.990 -1.167 -1.303 -1.411 -1.500 -1.574 -1.637 
-1.691 -1.737 -1.776 -1.810 -1.840 -1.865 -1.887 -1.905 -1.921 -1.935 
-1.947 -1.958 -1.967 -1.977 -1.986 -1.995 -2.004 -2.015 -2.026 -2.037 
-2.056 
-1.940 -1.946 -1.946 -1.944 -1.939 -1.933 -1.925 -1.915 -1.903 -1.889 
-1.874 -1.857 -1.839 -1.820 -1.800 -1.779 -1.759 -1.738 -1.719 -1.700 
-1.683 -1.668 -1.655 -1.645 -1.637 -1.631 -1.628 -1.627 -1.627 -1.629 
-1.631 -1.634 -1.636 -1.638 -1.639 -1.638 -1.635 -1.631 -1.624 -1.614 
-1.602 -1.586 -1.567 -1.543 -1.516 -1.484 -1.447 -1.403 -1.354 -1.296 
-1.229 -1.151 -1.058 -0.946 -0.812 -0.659 -0.519 -0.379 -0.165 0.127 
0.402 0.334 0.039 -0.264 -0.515 -0.715 -0.879 -1.015 -1.132 -1.233 
-1.321 -1.399 -1.468 -1.530 -1.585 -1.634 -1.679 -1.718 -1.753 -1.785 
-1.813 -1.837 -1.859 -1.878 -1.894 -1.908 -1.919 -1.929 -1.936 -1.942 
-1.940 
-1.759 -1.783 -1.795 -1.805 -1.814 -1.821 -1.826 -1.829 -1.831 -1.831 
-1.830 -1.828 -1.824 -1.818 -1.812 -1.805 -1.797 -1.788 -1.779 -1.769 
-1.760 -1.750 -1.740 -1.731 -1.722 -1.713 -1.704 -1.695 -1.686 -1.677 
-1.667 -1.657 -1.647 -1.635 -1.622 -1.608 -1.592 -1.575 -1.556 -1.535 
-1.512 -1.486 -1.457 -1.426 -1.390 -1.351 -1.308 -1.260 -1.206 -1.146 
-1.079 -1.002 -0.915 -0.815 -0.698 -0.559 -0.388 -0.172 0.116 0.485 
0.766 0.708 0.386 0.031 -0.238 -0.445 -0.611 -0.748 -0.865 -0.966 
-1.054 -1.131 -1.200 -1.262 -1.317 -1.367 -1.412 -1.453 -1.490 -1.524 
-1.555 -1.584 -1.611 -1.636 -1.659 -1.681 -1.701 -1.721 -1.738 -1.755 
-1.756 
-1.586 -1.588 -1.619 -1.650 -1.680 -1.710 -1.738 -1.766 -1.792 -1.817 
-1.840 -1.861 -1.881 -1.899 -1.916 -1.931 -1.944 -1.956 -1.965 -1.974 
-1.980 -1.985 -1.989 -1.991 -1.991 -1.990 -1.987 -1.983 -1.977 -1.970 
-1.961 -1.950 -1.938 -1.924 -1.908 -1.889 -1.869 -1.847 -1.822 -1.795 
-1.765 -1.732 -1.696 -1.657 -1.613 -1.566 -1.515 -1.458 -1.396 -1.327 
-1.252 -1.168 -1.074 -0.968 -0.847 -0.708 -0.543 -0.343 -0.094 0.223 
0.550 0.629 0.451 0.171 -0.089 -0.295 -0.457 -0.588 -0.696 -0.787 
-0.865 -0.932 -0.990 -1.041 -1.085 -1.125 -1.160 -1.193 -1.223 -1.251 
-1.277 -1.303 -1.329 -1.355 -1.382 -1.409 -1.438 -1.466 -1.496 -1.527 
-1.572 
-1.763 -1.788 -1.805 -1.821 -1.836 -1.850 -1.862 -1.873 -1.883 -1.891 
-1.898 -1.903 -1.906 -1.908 -1.909 -1.907 -1.905 -1.901 -1.897 -1.893 
-1.889 -1.886 -1.884 -1.884 -1.885 -1.887 -1.890 -1.893 -1.895 -1.896 
-1.896 -1.894 -1.890 -1.883 -1.875 -1.864 -1.851 -1.835 -1.816 -1.795 
-1.770 -1.743 -1.712 -1.679 -1.641 -1.600 -1.554 -1.504 -1.449 -1.387 
-1.320 -1.244 -1.160 -1.066 -0.959 -0.836 -0.692 -0.523 -0.319 -0.076 
0.185 0.351 0.275 0.058 -0.182 -0.391 -0.565 -0.710 -0.832 -0.936 
-1.026 -1.105 -1.175 -1.237 -1.293 -1.343 -1.388 -1.429 -1.466 -1.501 
-1.533 -1.562 -1.590 -1.616 -1.641 -1.665 -1.688 -1.710 -1.731 -1.751 
-1.758 
-1.891 -1.927 -1.930 -1.930 -1.928 -1.924 -1.917 -1.907 -1.894 -1.878 
-1.859 -1.837 -1.813 -1.786 -1.758 -1.728 -1.698 -1.669 -1.642 -1.618 
-1.598 -1.584 -1.576 -1.574 -1.579 -1.589 -1.604 -1.622 -1.642 -1.663 
-1.685 -1.705 -1.724 -1.741 -1.756 -1.768 -1.777 -1.783 -1.785 -1.784 
-1.780 -1.771 -1.759 -1.742 -1.722 -1.697 -1.667 -1.632 -1.591 -1.544 
-1.490 -1.429 -1.359 -1.278 -1.186 -1.077 -0.950 -0.798 -0.613 -0.385 
-0.121 0.095 0.136 0.019 -0.222 -0.484 -0.698 -0.871 -1.013 -1.132 
-1.234 -1.322 -1.399 -1.467 -1.527 -1.580 -1.627 -1.669 -1.706 -1.739 
-1.768 -1.794 -1.817 -1.838 -1.856 -1.871 -1.885 -1.897 -1.907 -1.916 
-1.892 
-1.721 -1.714 -1.738 -1.763 -1.788 -1.814 -1.839 -1.863 -1.887 -1.909 
-1.930 -1.948 -1.964 -1.978 -1.989 -1.997 -2.002 -2.006 -2.008 -2.008 
-2.009 -2.010 -2.013 -2.018 -2.024 -2.032 -2.041 -2.050 -2.059 -2.066 
-2.073 -2.077 -2.078 -2.077 -2.074 -2.067 -2.057 -2.045 -2.029 -2.010 
-1.988 -1.962 -1.933 -1.901 -1.865 -1.825 -1.782 -1.734 -1.681 -1.624 
-1.560 -1.491 -1.415 -1.331 -1.237 -1.132 -1.013 -0.877 -0.717 -0.526 
-0.294 -0.023 0.210 0.310 0.181 -0.070 -0.319 -0.520 -0.681 -0.814 
-0.925 -1.019 -1.100 -1.170 -1.231 -1.285 -1.331 -1.373 -1.409 -1.441 
-1.470 -1.497 -1.521 -1.543 -1.564 -1.585 -1.605 -1.625 -1.646 -1.668 
-1.711 
-1.902 -1.940 -1.967 -1.993 -2.017 -2.041 -2.063 -2.084 -2.103 -2.121 
-2.137 -2.151 -2.164 -2.175 -2.185 -2.193 -2.198 -2.203 -2.205 -2.205 
-2.204 -2.201 -2.196 -2.190 -2.181 -2.171 -2.159 -2.145 -2.129 -2.111 
-2.091 -2.070 -2.047 -2.021 -1.994 -1.964 -1.933 -1.899 -1.863 -1.825 
-1.785 -1.742 -1.697 -1.650 -1.600 -1.547 -1.491 -1.432 -1.369 -1.304 
-1.234 -1.160 -1.080 -0.995 -0.903 -0.802 -0.690 -0.565 -0.423 -0.259 
-0.074 0.119 0.277 0.335 0.247 0.099 -0.074 -0.261 -0.436 -0.592 
-0.728 -0.848 -0.955 -1.051 -1.138 -1.218 -1.291 -1.358 -1.420 -1.478 
-1.531 -1.581 -1.628 -1.671 -1.711 -1.749 -1.785 -1.819 -1.852 -1.882 
-1.893 
-2.031 -2.075 -2.105 -2.133 -2.159 -2.183 -2.205 -2.225 -2.243 -2.259 
-2.273 -2.285 -2.295 -2.303 -2.310 -2.314 -2.317 -2.318 -2.317 -2.314 
-2.309 -2.302 -2.294 -2.283 -2.271 -2.257 -2.240 -2.222 -2.202 -2.179 
-2.155 -2.129 -2.100 -2.069 -2.036 -2.001 -1.963 -1.923 -1.881 -1.836 
-1.789 -1.739 -1.687 -1.633 -1.576 -1.517 -1.455 -1.391 -1.326 -1.258 
-1.188 -1.116 -1.042 -0.966 -0.886 -0.803 -0.715 -0.619 -0.514 -0.396 
-0.260 -0.104 0.063 0.229 0.446 0.464 0.265 0.065 -0.148 -0.348 
-0.527 -0.684 -0.823 -0.948 -1.060 -1.162 -1.255 -1.341 -1.420 -1.493 
-1.561 -1.625 -1.684 -1.740 -1.792 -1.841 -1.886 -1.929 -1.969 -2.007 
-2.021 
-1.914 -1.934 -1.967 -1.999 -2.028 -2.057 -2.083 -2.108 -2.132 -2.154 
-2.175 -2.193 -2.211 -2.227 -2.241 -2.253 -2.265 -2.274 -2.282 -2.288 
-2.293 -2.296 -2.297 -2.296 -2.294 -2.290 -2.285 -2.277 -2.268 -2.257 
-2.244 -2.229 -2.213 -2.194 -2.173 -2.150 -2.125 -2.098 -2.068 -2.036 
-2.001 -1.964 -1.924 -1.882 -1.837 -1.788 -1.737 -1.683 -1.625 -1.564 
-1.499 -1.430 -1.356 -1.277 -1.193 -1.101 -1.001 -0.888 -0.761 -0.613 
-0.436 -0.215 0.078 0.483 0.809 0.796 0.454 0.061 -0.212 -0.419 
-0.585 -0.724 -0.843 -0.947 -1.040 -1.124 -1.200 -1.271 -1.336 -1.398 
-1.455 -1.510 -1.562 -1.611 -1.658 -1.703 -1.746 -1.787 -1.826 -1.864 
-1.901 
-1.881 -1.912 -1.948 -1.982 -2.014 -2.045 -2.073 -2.100 -2.125 -2.149 
-2.170 -2.190 -2.208 -2.225 -2.240 -2.253 -2.264 -2.274 -2.282 -2.288 
-2.292 -2.295 -2.296 -2.296 -2.293 -2.289 -2.283 -2.275 -2.266 -2.254 
-2.241 -2.226 -2.208 -2.189 -2.168 -2.144 -2.119 -2.091 -2.061 -2.029 
-1.993 -1.956 -1.916 -1.872 -1.826 -1.776 -1.724 -1.667 -1.606 -1.541 
-1.472 -1.397 -1.316 -1.229 -1.134 -1.030 -0.915 -0.787 -0.642 -0.473 
-0.272 -0.026 0.262 0.509 0.628 0.502 0.185 -0.046 -0.225 -0.378 
-0.513 -0.636 -0.747 -0.848 -0.942 -1.028 -1.108 -1.183 -1.253 -1.320 
-1.383 -1.442 -1.500 -1.554 -1.606 -1.656 -1.704 -1.749 -1.793 -1.834 
-1.868 
-1.909 -1.937 -1.977 -2.014 -2.049 -2.081 -2.111 -2.139 -2.164 -2.187 
-2.208 -2.227 -2.244 -2.259 -2.272 -2.283 -2.293 -2.300 -2.305 -2.308 
-2.310 -2.309 -2.307 -2.303 -2.297 -2.289 -2.279 -2.267 -2.254 -2.238 
-2.220 -2.201 -2.179 -2.155 -2.129 -2.101 -2.071 -2.038 -2.003 -1.966 
-1.926 -1.884 -1.839 -1.791 -1.741 -1.687 -1.630 -1.570 -1.507 -1.439 
-1.368 -1.292 -1.212 -1.127 -1.037 -0.941 -0.840 -0.732 -0.616 -0.493 
-0.359 -0.211 -0.043 0.140 0.230 0.237 0.231 0.157 0.045 -0.081 
-0.214 -0.347 -0.477 -0.601 -0.718 -0.829 -0.933 -1.031 -1.124 -1.211 
-1.293 -1.371 -1.444 -1.512 -1.577 -1.638 -1.696 -1.750 -1.801 -1.849 
-1.893 
-2.056 -2.083 -2.114 -2.142 -2.168 -2.192 -2.214 -2.233 -2.251 -2.266 
-2.280 -2.291 -2.300 -2.308 -2.314 -2.318 -2.320 -2.320 -2.319 -2.316 
-2.311 -2.304 -2.295 -2.285 -2.273 -2.259 -2.243 -2.226 -2.207 -2.186 
-2.163 -2.138 -2.111 -2.082 -2.052 -2.019 -1.985 -1.949 -1.911 -1.871 
-1.830 -1.788 -1.745 -1.701 -1.657 -1.614 -1.570 -1.526 -1.482 -1.436 
-1.388 -1.337 -1.282 -1.223 -1.159 -1.089 -1.012 -0.928 -0.834 -0.730 
-0.612 -0.478 -0.322 -0.139 0.072 0.263 0.343 0.284 0.148 -0.149 
-0.384 -0.572 -0.730 -0.869 -0.993 -1.105 -1.207 -1.300 -1.387 -1.466 
-1.540 -1.609 -1.673 -1.732 -1.788 -1.840 -1.888 -1.933 -1.975 -2.014 
-2.045 
-2.293 -2.339 -2.366 -2.392 -2.414 -2.434 -2.451 -2.467 -2.479 -2.490 
-2.498 -2.504 -2.508 -2.509 -2.509 -2.506 -2.501 -2.494 -2.485 -2.473 
-2.460 -2.444 -2.426 -2.405 -2.382 -2.357 -2.329 -2.299 -2.266 -2.230 
-2.192 -2.151 -2.108 -2.062 -2.013 -1.962 -1.908 -1.853 -1.796 -1.738 
-1.680 -1.624 -1.569 -1.519 -1.472 -1.432 -1.397 -1.367 -1.343 -1.322 
-1.303 -1.284 -1.265 -1.243 -1.218 -1.188 -1.152 -1.109 -1.056 -0.992 
-0.913 -0.817 -0.697 -0.546 -0.352 -0.113 0.151 0.388 0.423 0.108 
-0.299 -0.607 -0.840 -1.027 -1.185 -1.320 -1.439 -1.544 -1.639 -1.725 
-1.803 -1.875 -1.940 -2.001 -2.056 -2.108 -2.155 -2.198 -2.238 -2.275 
-2.284 
-2.353 -2.367 -2.397 -2.425 -2.450 -2.472 -2.492 -2.509 -2.525 -2.537 
-2.548 -2.556 -2.562 -2.566 -2.568 -2.567 -2.565 -2.560 -2.553 -2.544 
-2.533 -2.520 -2.504 -2.487 -2.467 -2.444 -2.420 -2.393 -2.363 -2.331 
-2.297 -2.260 -2.221 -2.179 -2.134 -2.087 -2.038 -1.987 -1.933 -1.878 
-1.822 -1.765 -1.708 -1.651 -1.596 -1.543 -1.492 -1.442 -1.395 -1.349 
-1.306 -1.263 -1.222 -1.182 -1.142 -1.101 -1.057 -1.010 -0.957 -0.896 
-0.823 -0.736 -0.629 -0.496 -0.328 -0.116 0.123 0.315 0.247 -0.056 
-0.357 -0.613 -0.827 -1.007 -1.162 -1.299 -1.420 -1.528 -1.626 -1.716 
-1.797 -1.873 -1.942 -2.005 -2.064 -2.118 -2.169 -2.215 -2.258 -2.297 
-2.340 
-2.444 -2.503 -2.534 -2.563 -2.588 -2.610 -2.630 -2.647 -2.662 -2.673 
-2.683 -2.690 -2.695 -2.697 -2.697 -2.694 -2.689 -2.682 -2.673 -2.661 
-2.646 -2.629 -2.610 -2.588 -2.564 -2.537 -2.507 -2.475 -2.440 -2.403 
-2.362 -2.319 -2.273 -2.224 -2.173 -2.119 -2.063 -2.005 -1.947 -1.888 
-1.829 -1.773 -1.720 -1.671 -1.627 -1.589 -1.557 -1.530 -1.507 -1.488 
-1.469 -1.450 -1.430 -1.407 -1.381 -1.349 -1.312 -1.267 -1.214 -1.149 
-1.071 -0.977 -0.860 -0.713 -0.518 -0.244 0.090 0.288 0.085 -0.270 
-0.567 -0.784 -0.962 -1.120 -1.263 -1.394 -1.514 -1.624 -1.725 -1.818 
-1.904 -1.983 -2.056 -2.124 -2.186 -2.243 -2.296 -2.345 -2.390 -2.431 
-2.436 
-2.314 -2.332 -2.379 -2.424 -2.466 -2.504 -2.540 -2.573 -2.604 -2.632 
-2.657 -2.680 -2.700 -2.719 -2.734 -2.748 -2.759 -2.768 -2.775 -2.779 
-2.782 -2.782 -2.779 -2.775 -2.768 -2.758 -2.746 -2.732 -2.715 -2.696 
-2.674 -2.649 -2.622 -2.591 -2.558 -2.522 -2.484 -2.442 -2.398 -2.353 
-2.306 -2.258 -2.209 -2.162 -2.115 -2.069 -2.024 -1.978 -1.930 -1.879 
-1.821 -1.756 -1.681 -1.596 -1.498 -1.390 -1.279 -1.180 -1.106 -1.056 
-1.010 -0.953 -0.879 -0.788 -0.679 -0.548 -0.367 -0.176 -0.282 -0.349 
-0.398 -0.472 -0.573 -0.694 -0.825 -0.958 -1.087 -1.211 -1.328 -1.437 
-1.540 -1.637 -1.728 -1.813 -1.893 -1.969 -2.039 -2.105 -2.168 -2.226 
-2.292 
-2.418 -2.481 -2.530 -2.575 -2.617 -2.656 -2.692 -2.725 -2.755 -2.782 
-2.807 -2.830 -2.850 -2.868 -2.883 -2.896 -2.907 -2.916 -2.922 -2.926 
-2.928 -2.928 -2.926 -2.921 -2.915 -2.906 -2.894 -2.881 -2.865 -2.847 
-2.826 -2.803 -2.777 -2.749 -2.717 -2.683 -2.646 -2.606 -2.562 -2.515 
-2.464 -2.409 -2.350 -2.286 -2.217 -2.142 -2.061 -1.973 -1.878 -1.774 
-1.660 -1.536 -1.401 -1.254 -1.098 -0.940 -0.795 -0.684 -0.623 -0.613 
-0.634 -0.666 -0.694 -0.713 -0.718 -0.708 -0.683 -0.646 -0.607 -0.573 
-0.558 -0.573 -0.627 -0.722 -0.847 -0.987 -1.130 -1.269 -1.401 -1.524 
-1.640 -1.747 -1.846 -1.938 -2.024 -2.104 -2.179 -2.248 -2.313 -2.373 
-2.403 
-2.407 -2.441 -2.494 -2.542 -2.588 -2.630 -2.669 -2.705 -2.738 -2.768 
-2.796 -2.821 -2.844 -2.864 -2.882 -2.898 -2.911 -2.922 -2.931 -2.938 
-2.942 -2.945 -2.945 -2.943 -2.939 -2.932 -2.924 -2.913 -2.900 -2.885 
-2.867 -2.847 -2.825 -2.800 -2.772 -2.742 -2.709 -2.673 -2.634 -2.592 
-2.547 -2.498 -2.445 -2.388 -2.327 -2.262 -2.191 -2.115 -2.033 -1.945 
-1.849 -1.746 -1.634 -1.512 -1.382 -1.245 -1.106 -0.976 -0.866 -0.778 
-0.710 -0.667 -0.649 -0.654 -0.671 -0.691 -0.708 -0.718 -0.722 -0.720 
-0.720 -0.730 -0.760 -0.813 -0.889 -0.983 -1.092 -1.208 -1.326 -1.444 
-1.558 -1.666 -1.768 -1.865 -1.955 -2.039 -2.118 -2.192 -2.261 -2.325 
-2.385 
-2.478 -2.523 -2.572 -2.618 -2.661 -2.700 -2.737 -2.771 -2.802 -2.831 
-2.857 -2.880 -2.901 -2.920 -2.937 -2.951 -2.963 -2.973 -2.981 -2.986 
-2.990 -2.991 -2.990 -2.987 -2.982 -2.975 -2.965 -2.954 -2.940 -2.924 
-2.905 -2.884 -2.861 -2.835 -2.807 -2.776 -2.743 -2.706 -2.667 -2.624 
-2.578 -2.529 -2.476 -2.419 -2.358 -2.292 -2.222 -2.147 -2.066 -1.979 
-1.886 -1.785 -1.677 -1.562 -1.438 -1.308 -1.172 -1.036 -0.907 -0.795 
-0.711 -0.660 -0.637 -0.632 -0.634 -0.640 -0.652 -0.673 -0.697 -0.724 
-0.758 -0.804 -0.865 -0.944 -1.038 -1.145 -1.258 -1.373 -1.487 -1.598 
-1.703 -1.803 -1.898 -1.987 -2.070 -2.148 -2.221 -2.290 -2.354 -2.414 
-2.460 
-2.557 -2.606 -2.656 -2.703 -2.747 -2.788 -2.826 -2.862 -2.895 -2.926 
-2.954 -2.979 -3.003 -3.024 -3.042 -3.059 -3.073 -3.086 -3.096 -3.104 
-3.110 -3.114 -3.115 -3.115 -3.113 -3.108 -3.102 -3.093 -3.082 -3.070 
-3.054 -3.037 -3.017 -2.995 -2.971 -2.944 -2.915 -2.882 -2.848 -2.810 
-2.769 -2.725 -2.678 -2.627 -2.572 -2.514 -2.451 -2.383 -2.311 -2.233 
-2.150 -2.061 -1.965 -1.863 -1.754 -1.641 -1.523 -1.405 -1.289 -1.178 
-1.073 -0.971 -0.866 -0.757 -0.659 -0.594 -0.580 -0.614 -0.679 -0.758 
-0.842 -0.926 -1.014 -1.106 -1.203 -1.305 -1.409 -1.513 -1.615 -1.715 
-1.812 -1.904 -1.993 -2.077 -2.157 -2.232 -2.304 -2.372 -2.436 -2.496 
-2.540 
-2.561 -2.604 -2.654 -2.699 -2.742 -2.781 -2.818 -2.851 -2.882 -2.910 
-2.936 -2.959 -2.980 -2.998 -3.014 -3.028 -3.039 -3.049 -3.056 -3.061 
-3.063 -3.064 -3.062 -3.058 -3.052 -3.044 -3.034 -3.021 -3.006 -2.989 
-2.969 -2.947 -2.923 -2.895 -2.866 -2.833 -2.798 -2.760 -2.718 -2.674 
-2.626 -2.574 -2.519 -2.459 -2.395 -2.327 -2.254 -2.176 -2.093 -2.004 
-1.910 -1.810 -1.705 -1.597 -1.488 -1.381 -1.282 -1.198 -1.133 -1.091 
-1.066 -1.052 -1.039 -1.019 -0.991 -0.968 -0.961 -0.970 -0.986 -0.999 
-1.009 -1.022 -1.045 -1.088 -1.154 -1.240 -1.342 -1.451 -1.562 -1.671 
-1.777 -1.878 -1.974 -2.063 -2.148 -2.227 -2.301 -2.370 -2.435 -2.495 
-2.543 
-2.536 -2.582 -2.630 -2.676 -2.717 -2.756 -2.792 -2.825 -2.855 -2.882 
-2.907 -2.930 -2.950 -2.967 -2.982 -2.995 -3.006 -3.015 -3.021 -3.025 
-3.027 -3.027 -3.024 -3.020 -3.013 -3.004 -2.993 -2.979 -2.964 -2.945 
-2.925 -2.902 -2.877 -2.849 -2.818 -2.785 -2.749 -2.710 -2.668 -2.622 
-2.574 -2.522 -2.466 -2.406 -2.342 -2.275 -2.202 -2.126 -2.045 -1.959 
-1.870 -1.778 -1.684 -1.591 -1.500 -1.416 -1.342 -1.281 -1.235 -1.204 
-1.185 -1.174 -1.166 -1.159 -1.149 -1.136 -1.118 -1.094 -1.064 -1.032 
-1.001 -0.979 -0.978 -1.007 -1.070 -1.163 -1.274 -1.395 -1.516 -1.633 
-1.745 -1.850 -1.948 -2.040 -2.126 -2.205 -2.280 -2.349 -2.413 -2.474 
-2.518 
-2.486 -2.522 -2.571 -2.617 -2.659 -2.699 -2.736 -2.770 -2.802 -2.831 
-2.858 -2.882 -2.905 -2.924 -2.942 -2.957 -2.971 -2.982 -2.991 -2.998 
-3.003 -3.005 -3.006 -3.005 -3.002 -2.996 -2.989 -2.979 -2.968 -2.954 
-2.938 -2.920 -2.899 -2.877 -2.852 -2.824 -2.794 -2.762 -2.727 -2.689 
-2.648 -2.605 -2.558 -2.508 -2.455 -2.399 -2.339 -2.275 -2.208 -2.137 
-2.062 -1.984 -1.903 -1.819 -1.735 -1.651 -1.568 -1.489 -1.414 -1.344 
-1.279 -1.222 -1.173 -1.133 -1.103 -1.081 -1.066 -1.058 -1.055 -1.057 
-1.065 -1.080 -1.108 -1.151 -1.211 -1.287 -1.374 -1.467 -1.562 -1.656 
-1.748 -1.838 -1.924 -2.006 -2.084 -2.158 -2.228 -2.294 -2.356 -2.415 
-2.467 
-2.551 -2.583 -2.632 -2.678 -2.720 -2.760 -2.796 -2.830 -2.861 -2.889 
-2.915 -2.938 -2.959 -2.977 -2.994 -3.008 -3.019 -3.029 -3.036 -3.041 
-3.044 -3.045 -3.044 -3.040 -3.035 -3.027 -3.017 -3.005 -2.991 -2.974 
-2.955 -2.934 -2.911 -2.885 -2.857 -2.826 -2.793 -2.757 -2.719 -2.678 
-2.635 -2.589 -2.542 -2.492 -2.440 -2.387 -2.331 -2.274 -2.215 -2.154 
-2.091 -2.026 -1.958 -1.890 -1.820 -1.751 -1.684 -1.620 -1.559 -1.505 
-1.456 -1.412 -1.375 -1.342 -1.313 -1.286 -1.260 -1.234 -1.207 -1.181 
-1.161 -1.152 -1.160 -1.187 -1.233 -1.298 -1.380 -1.472 -1.571 -1.672 
-1.772 -1.868 -1.960 -2.048 -2.131 -2.208 -2.281 -2.350 -2.414 -2.474 
-2.531 
-2.775 -2.847 -2.888 -2.926 -2.960 -2.992 -3.020 -3.046 -3.069 -3.089 
-3.106 -3.121 -3.134 -3.144 -3.152 -3.157 -3.160 -3.161 -3.159 -3.155 
-3.149 -3.140 -3.129 -3.116 -3.100 -3.083 -3.062 -3.039 -3.014 -2.987 
-2.957 -2.924 -2.889 -2.851 -2.811 -2.769 -2.724 -2.677 -2.628 -2.578 
-2.527 -2.475 -2.423 -2.372 -2.322 -2.275 -2.231 -2.190 -2.151 -2.116 
-2.081 -2.046 -2.009 -1.968 -1.923 -1.875 -1.826 -1.782 -1.747 -1.722 
-1.704 -1.688 -1.669 -1.645 -1.612 -1.569 -1.516 -1.453 -1.385 -1.321 
-1.278 -1.274 -1.314 -1.388 -1.481 -1.582 -1.687 -1.793 -1.900 -2.003 
-2.102 -2.196 -2.285 -2.368 -2.444 -2.516 -2.582 -2.644 -2.701 -2.753 
-2.765 
-2.689 -2.727 -2.779 -2.827 -2.871 -2.912 -2.950 -2.985 -3.017 -3.046 
-3.072 -3.096 -3.117 -3.135 -3.151 -3.165 -3.177 -3.186 -3.192 -3.197 
-3.199 -3.199 -3.196 -3.191 -3.184 -3.175 -3.163 -3.149 -3.133 -3.114 
-3.093 -3.069 -3.042 -3.013 -2.981 -2.947 -2.910 -2.869 -2.826 -2.780 
-2.731 -2.679 -2.625 -2.567 -2.506 -2.443 -2.375 -2.304 -2.228 -2.147 
-2.060 -1.966 -1.865 -1.760 -1.653 -1.550 -1.457 -1.382 -1.331 -1.304 
-1.298 -1.308 -1.328 -1.352 -1.375 -1.392 -1.400 -1.399 -1.389 -1.372 
-1.354 -1.343 -1.345 -1.358 -1.386 -1.430 -1.492 -1.572 -1.664 -1.763 
-1.865 -1.966 -2.063 -2.157 -2.245 -2.329 -2.407 -2.480 -2.549 -2.612 
-2.668 
-2.641 -2.680 -2.736 -2.787 -2.835 -2.879 -2.921 -2.959 -2.994 -3.026 
-3.056 -3.082 -3.107 -3.128 -3.148 -3.165 -3.179 -3.192 -3.202 -3.209 
-3.215 -3.218 -3.219 -3.218 -3.215 -3.210 -3.202 -3.192 -3.180 -3.166 
-3.149 -3.130 -3.108 -3.084 -3.058 -3.029 -2.997 -2.963 -2.925 -2.885 
-2.841 -2.795 -2.745 -2.691 -2.634 -2.573 -2.507 -2.438 -2.363 -2.284 
-2.199 -2.109 -2.012 -1.909 -1.801 -1.688 -1.574 -1.462 -1.359 -1.270 
-1.206 -1.170 -1.163 -1.177 -1.202 -1.228 -1.249 -1.262 -1.265 -1.258 
-1.242 -1.222 -1.212 -1.221 -1.255 -1.307 -1.376 -1.460 -1.557 -1.660 
-1.767 -1.873 -1.976 -2.074 -2.168 -2.256 -2.339 -2.417 -2.490 -2.558 
-2.619 
-2.619 -2.684 -2.722 -2.758 -2.790 -2.821 -2.849 -2.876 -2.902 -2.926 
-2.948 -2.970 -2.990 -3.009 -3.026 -3.042 -3.056 -3.069 -3.080 -3.089 
-3.096 -3.101 -3.104 -3.104 -3.103 -3.099 -3.093 -3.085 -3.074 -3.061 
-3.046 -3.027 -3.007 -2.984 -2.958 -2.930 -2.899 -2.866 -2.830 -2.791 
-2.749 -2.705 -2.659 -2.610 -2.559 -2.505 -2.450 -2.394 -2.336 -2.278 
-2.220 -2.162 -2.104 -2.047 -1.990 -1.933 -1.874 -1.813 -1.751 -1.690 
-1.637 -1.595 -1.564 -1.535 -1.502 -1.458 -1.401 -1.336 -1.271 -1.208 
-1.145 -1.088 -1.064 -1.095 -1.183 -1.307 -1.445 -1.581 -1.710 -1.831 
-1.942 -2.044 -2.138 -2.223 -2.301 -2.372 -2.436 -2.495 -2.549 -2.598 
-2.607 
-2.401 -2.390 -2.410 -2.429 -2.448 -2.467 -2.487 -2.507 -2.528 -2.549 
-2.571 -2.594 -2.617 -2.640 -2.664 -2.687 -2.710 -2.733 -2.755 -2.776 
-2.796 -2.815 -2.832 -2.849 -2.863 -2.876 -2.888 -2.897 -2.905 -2.911 
-2.914 -2.916 -2.915 -2.912 -2.907 -2.899 -2.889 -2.877 -2.862 -2.844 
-2.824 -2.801 -2.775 -2.747 -2.716 -2.683 -2.647 -2.609 -2.568 -2.526 
-2.482 -2.437 -2.391 -2.344 -2.296 -2.246 -2.194 -2.140 -2.080 -2.015 
-1.943 -1.861 -1.769 -1.665 -1.549 -1.425 -1.306 -1.211 -1.164 -1.171 
-1.215 -1.269 -1.323 -1.386 -1.469 -1.565 -1.665 -1.762 -1.851 -1.931 
-2.001 -2.062 -2.115 -2.162 -2.203 -2.239 -2.271 -2.299 -2.325 -2.348 
-2.393 
-2.587 -2.642 -2.682 -2.718 -2.752 -2.783 -2.813 -2.841 -2.867 -2.891 
-2.915 -2.937 -2.957 -2.976 -2.994 -3.010 -3.025 -3.037 -3.048 -3.058 
-3.065 -3.070 -3.074 -3.075 -3.074 -3.071 -3.066 -3.059 -3.049 -3.038 
-3.024 -3.007 -2.989 -2.968 -2.945 -2.919 -2.891 -2.861 -2.829 -2.795 
-2.758 -2.719 -2.678 -2.636 -2.592 -2.546 -2.500 -2.452 -2.405 -2.357 
-2.309 -2.263 -2.217 -2.174 -2.132 -2.092 -2.053 -2.017 -1.981 -1.946 
-1.910 -1.872 -1.829 -1.781 -1.726 -1.661 -1.590 -1.520 -1.462 -1.420 
-1.382 -1.340 -1.300 -1.278 -1.290 -1.341 -1.427 -1.535 -1.652 -1.768 
-1.879 -1.983 -2.078 -2.166 -2.246 -2.319 -2.386 -2.446 -2.502 -2.553 
-2.573 
-2.640 -2.694 -2.744 -2.791 -2.835 -2.876 -2.914 -2.949 -2.982 -3.012 
-3.040 -3.065 -3.088 -3.109 -3.127 -3.144 -3.158 -3.169 -3.179 -3.186 
-3.192 -3.195 -3.196 -3.195 -3.191 -3.186 -3.179 -3.169 -3.157 -3.143 
-3.127 -3.109 -3.088 -3.065 -3.040 -3.012 -2.982 -2.950 -2.915 -2.878 
-2.838 -2.795 -2.750 -2.703 -2.653 -2.600 -2.545 -2.488 -2.430 -2.370 
-2.309 -2.247 -2.186 -2.127 -2.069 -2.015 -1.965 -1.920 -1.879 -1.843 
-1.810 -1.779 -1.748 -1.716 -1.683 -1.647 -1.610 -1.572 -1.533 -1.494 
-1.454 -1.414 -1.380 -1.361 -1.367 -1.403 -1.469 -1.556 -1.657 -1.762 
-1.867 -1.968 -2.064 -2.154 -2.238 -2.317 -2.390 -2.459 -2.524 -2.584 
-2.623 
-2.551 -2.571 -2.617 -2.662 -2.705 -2.747 -2.787 -2.826 -2.863 -2.898 
-2.931 -2.962 -2.992 -3.019 -3.045 -3.068 -3.090 -3.110 -3.128 -3.144 
-3.158 -3.170 -3.180 -3.188 -3.195 -3.199 -3.201 -3.202 -3.200 -3.196 
-3.191 -3.183 -3.173 -3.161 -3.147 -3.131 -3.112 -3.091 -3.068 -3.043 
-3.014 -2.984 -2.950 -2.914 -2.876 -2.834 -2.790 -2.743 -2.693 -2.640 
-2.585 -2.528 -2.469 -2.409 -2.347 -2.284 -2.221 -2.158 -2.094 -2.028 
-1.960 -1.890 -1.818 -1.744 -1.672 -1.606 -1.551 -1.511 -1.490 -1.485 
-1.493 -1.508 -1.527 -1.552 -1.587 -1.636 -1.697 -1.766 -1.837 -1.908 
-1.975 -2.040 -2.100 -2.159 -2.215 -2.269 -2.322 -2.374 -2.425 -2.475 
-2.533 
-2.748 -2.802 -2.852 -2.899 -2.944 -2.985 -3.024 -3.060 -3.094 -3.125 
-3.154 -3.181 -3.205 -3.226 -3.246 -3.263 -3.278 -3.291 -3.302 -3.311 
-3.318 -3.322 -3.324 -3.325 -3.323 -3.319 -3.313 -3.305 -3.294 -3.282 
-3.267 -3.250 -3.231 -3.210 -3.186 -3.160 -3.132 -3.101 -3.067 -3.031 
-2.993 -2.951 -2.907 -2.861 -2.812 -2.760 -2.705 -2.648 -2.589 -2.528 
-2.466 -2.402 -2.339 -2.276 -2.215 -2.156 -2.100 -2.048 -2.000 -1.955 
-1.913 -1.872 -1.833 -1.793 -1.752 -1.710 -1.667 -1.624 -1.582 -1.540 
-1.497 -1.457 -1.423 -1.405 -1.407 -1.434 -1.498 -1.599 -1.721 -1.843 
-1.959 -2.067 -2.167 -2.259 -2.344 -2.424 -2.497 -2.566 -2.631 -2.691 
-2.731 
-2.985 -3.053 -3.111 -3.164 -3.213 -3.258 -3.300 -3.338 -3.373 -3.405 
-3.434 -3.460 -3.483 -3.504 -3.522 -3.538 -3.551 -3.562 -3.571 -3.577 
-3.581 -3.583 -3.583 -3.580 -3.575 -3.568 -3.559 -3.548 -3.534 -3.518 
-3.499 -3.478 -3.455 -3.429 -3.401 -3.370 -3.336 -3.300 -3.261 -3.219 
-3.174 -3.126 -3.075 -3.021 -2.964 -2.904 -2.841 -2.775 -2.707 -2.637 
-2.566 -2.494 -2.423 -2.354 -2.286 -2.222 -2.164 -2.119 -2.091 -2.081 
-2.081 -2.083 -2.082 -2.075 -2.063 -2.044 -2.017 -1.981 -1.935 -1.879 
-1.812 -1.732 -1.639 -1.536 -1.432 -1.359 -1.355 -1.427 -1.538 -1.685 
-1.866 -2.045 -2.204 -2.344 -2.467 -2.577 -2.676 -2.766 -2.847 -2.922 
-2.966 
-2.961 -3.034 -3.104 -3.168 -3.227 -3.281 -3.331 -3.376 -3.418 -3.457 
-3.492 -3.524 -3.552 -3.578 -3.601 -3.622 -3.639 -3.655 -3.667 -3.677 
-3.685 -3.690 -3.693 -3.694 -3.692 -3.688 -3.682 -3.673 -3.662 -3.648 
-3.632 -3.613 -3.592 -3.568 -3.542 -3.512 -3.480 -3.444 -3.406 -3.364 
-3.319 -3.270 -3.217 -3.161 -3.100 -3.034 -2.963 -2.887 -2.805 -2.717 
-2.622 -2.520 -2.410 -2.293 -2.171 -2.052 -1.947 -1.873 -1.843 -1.856 
-1.899 -1.955 -2.010 -2.058 -2.095 -2.121 -2.135 -2.137 -2.126 -2.103 
-2.065 -2.011 -1.939 -1.847 -1.737 -1.618 -1.503 -1.398 -1.337 -1.387 
-1.548 -1.757 -1.962 -2.144 -2.304 -2.444 -2.570 -2.682 -2.783 -2.874 
-2.936 
-2.789 -2.848 -2.920 -2.986 -3.046 -3.102 -3.153 -3.200 -3.244 -3.283 
-3.320 -3.353 -3.383 -3.410 -3.434 -3.456 -3.475 -3.491 -3.505 -3.517 
-3.526 -3.532 -3.537 -3.539 -3.538 -3.536 -3.531 -3.524 -3.514 -3.502 
-3.488 -3.472 -3.453 -3.431 -3.407 -3.380 -3.351 -3.319 -3.284 -3.247 
-3.206 -3.162 -3.116 -3.066 -3.013 -2.956 -2.897 -2.834 -2.768 -2.699 
-2.627 -2.553 -2.477 -2.400 -2.321 -2.241 -2.165 -2.099 -2.051 -2.030 
-2.038 -2.064 -2.096 -2.124 -2.144 -2.157 -2.163 -2.160 -2.148 -2.128 
-2.100 -2.061 -2.013 -1.954 -1.884 -1.806 -1.723 -1.643 -1.591 -1.608 
-1.685 -1.782 -1.889 -2.007 -2.133 -2.260 -2.380 -2.491 -2.592 -2.685 
-2.763 
-2.739 -2.808 -2.897 -2.978 -3.053 -3.121 -3.184 -3.241 -3.294 -3.343 
-3.387 -3.428 -3.465 -3.498 -3.529 -3.556 -3.581 -3.603 -3.621 -3.638 
-3.651 -3.663 -3.671 -3.677 -3.681 -3.682 -3.681 -3.678 -3.672 -3.663 
-3.652 -3.639 -3.623 -3.604 -3.583 -3.559 -3.532 -3.503 -3.470 -3.434 
-3.395 -3.352 -3.306 -3.255 -3.201 -3.142 -3.079 -3.010 -2.936 -2.856 
-2.769 -2.674 -2.571 -2.458 -2.335 -2.203 -2.064 -1.929 -1.819 -1.757 
-1.757 -1.807 -1.884 -1.966 -2.042 -2.105 -2.156 -2.194 -2.220 -2.233 
-2.235 -2.226 -2.205 -2.172 -2.128 -2.071 -2.003 -1.927 -1.845 -1.765 
-1.702 -1.681 -1.712 -1.794 -1.918 -2.063 -2.211 -2.353 -2.483 -2.602 
-2.700 
-2.834 -2.914 -3.001 -3.080 -3.153 -3.220 -3.281 -3.337 -3.389 -3.436 
-3.480 -3.519 -3.556 -3.589 -3.619 -3.645 -3.669 -3.691 -3.709 -3.725 
-3.738 -3.749 -3.757 -3.763 -3.766 -3.767 -3.766 -3.762 -3.755 -3.747 
-3.735 -3.721 -3.705 -3.686 -3.664 -3.640 -3.612 -3.582 -3.548 -3.511 
-3.471 -3.427 -3.379 -3.327 -3.271 -3.209 -3.142 -3.070 -2.991 -2.905 
-2.811 -2.708 -2.596 -2.473 -2.340 -2.198 -2.054 -1.919 -1.816 -1.762 
-1.764 -1.812 -1.885 -1.963 -2.037 -2.100 -2.151 -2.188 -2.214 -2.226 
-2.227 -2.215 -2.189 -2.149 -2.094 -2.022 -1.931 -1.820 -1.695 -1.575 
-1.498 -1.505 -1.614 -1.789 -1.978 -2.157 -2.319 -2.465 -2.595 -2.712 
-2.801 
-2.954 -3.039 -3.129 -3.210 -3.285 -3.352 -3.415 -3.471 -3.523 -3.571 
-3.615 -3.655 -3.691 -3.724 -3.753 -3.780 -3.804 -3.824 -3.842 -3.858 
-3.870 -3.881 -3.888 -3.893 -3.896 -3.896 -3.894 -3.889 -3.882 -3.872 
-3.860 -3.845 -3.827 -3.807 -3.784 -3.757 -3.728 -3.696 -3.661 -3.622 
-3.579 -3.532 -3.482 -3.426 -3.366 -3.301 -3.229 -3.151 -3.066 -2.972 
-2.869 -2.756 -2.631 -2.494 -2.346 -2.191 -2.043 -1.926 -1.864 -1.871 
-1.932 -2.019 -2.112 -2.197 -2.270 -2.330 -2.377 -2.410 -2.431 -2.441 
-2.438 -2.422 -2.394 -2.352 -2.295 -2.219 -2.123 -2.002 -1.855 -1.690 
-1.541 -1.480 -1.562 -1.760 -1.994 -2.212 -2.400 -2.563 -2.704 -2.829 
-2.920 
-3.002 -3.081 -3.167 -3.244 -3.315 -3.381 -3.440 -3.495 -3.546 -3.592 
-3.634 -3.673 -3.708 -3.740 -3.769 -3.794 -3.817 -3.837 -3.855 -3.870 
-3.882 -3.892 -3.899 -3.904 -3.906 -3.906 -3.903 -3.898 -3.891 -3.881 
-3.868 -3.853 -3.835 -3.815 -3.792 -3.766 -3.737 -3.704 -3.669 -3.630 
-3.587 -3.541 -3.490 -3.435 -3.375 -3.310 -3.239 -3.161 -3.076 -2.983 
-2.880 -2.767 -2.641 -2.502 -2.349 -2.186 -2.023 -1.885 -1.804 -1.793 
-1.832 -1.889 -1.960 -2.045 -2.130 -2.205 -2.264 -2.307 -2.335 -2.348 
-2.348 -2.334 -2.305 -2.261 -2.200 -2.119 -2.017 -1.892 -1.749 -1.614 
-1.537 -1.568 -1.713 -1.924 -2.135 -2.325 -2.492 -2.638 -2.768 -2.884 
-2.970 
-2.961 -3.047 -3.136 -3.217 -3.292 -3.361 -3.424 -3.482 -3.535 -3.585 
-3.630 -3.672 -3.710 -3.745 -3.776 -3.805 -3.831 -3.854 -3.874 -3.892 
-3.907 -3.919 -3.929 -3.937 -3.942 -3.945 -3.946 -3.944 -3.940 -3.933 
-3.924 -3.913 -3.899 -3.882 -3.863 -3.841 -3.817 -3.789 -3.759 -3.726 
-3.689 -3.649 -3.605 -3.557 -3.506 -3.450 -3.388 -3.322 -3.250 -3.171 
-3.085 -2.990 -2.886 -2.771 -2.644 -2.504 -2.352 -2.195 -2.045 -1.906 
-1.782 -1.697 -1.684 -1.740 -1.834 -1.934 -2.021 -2.091 -2.144 -2.179 
-2.197 -2.200 -2.186 -2.156 -2.108 -2.041 -1.953 -1.844 -1.723 -1.615 
-1.570 -1.628 -1.773 -1.952 -2.131 -2.298 -2.453 -2.596 -2.725 -2.843 
-2.929 
-2.850 -2.932 -3.032 -3.123 -3.207 -3.284 -3.355 -3.420 -3.480 -3.536 
-3.587 -3.634 -3.677 -3.716 -3.753 -3.785 -3.815 -3.842 -3.866 -3.887 
-3.906 -3.922 -3.935 -3.946 -3.954 -3.960 -3.964 -3.965 -3.963 -3.960 
-3.953 -3.945 -3.934 -3.920 -3.904 -3.885 -3.864 -3.839 -3.812 -3.782 
-3.749 -3.713 -3.673 -3.629 -3.582 -3.530 -3.474 -3.413 -3.347 -3.275 
-3.197 -3.111 -3.018 -2.916 -2.805 -2.684 -2.553 -2.413 -2.270 -2.136 
-2.025 -1.958 -1.947 -1.978 -2.027 -2.085 -2.153 -2.221 -2.280 -2.328 
-2.362 -2.382 -2.388 -2.381 -2.361 -2.325 -2.275 -2.208 -2.126 -2.039 
-1.974 -1.953 -1.963 -1.999 -2.071 -2.178 -2.307 -2.443 -2.578 -2.705 
-2.810 
-2.825 -2.910 -3.013 -3.107 -3.193 -3.273 -3.346 -3.413 -3.476 -3.533 
-3.586 -3.635 -3.680 -3.722 -3.760 -3.795 -3.826 -3.855 -3.881 -3.904 
-3.924 -3.942 -3.957 -3.970 -3.980 -3.988 -3.994 -3.997 -3.998 -3.996 
-3.992 -3.986 -3.977 -3.966 -3.953 -3.936 -3.918 -3.896 -3.872 -3.845 
-3.815 -3.782 -3.746 -3.706 -3.663 -3.615 -3.564 -3.508 -3.447 -3.381 
-3.309 -3.231 -3.145 -3.051 -2.948 -2.835 -2.714 -2.587 -2.462 -2.346 
-2.241 -2.139 -2.032 -1.932 -1.862 -1.848 -1.886 -1.956 -2.033 -2.103 
-2.160 -2.202 -2.228 -2.239 -2.236 -2.217 -2.184 -2.135 -2.072 -1.996 
-1.915 -1.841 -1.804 -1.835 -1.937 -2.080 -2.237 -2.392 -2.539 -2.674 
-2.783 
-2.899 -2.992 -3.096 -3.189 -3.274 -3.352 -3.422 -3.487 -3.546 -3.601 
-3.651 -3.696 -3.738 -3.776 -3.810 -3.842 -3.870 -3.895 -3.917 -3.936 
-3.953 -3.967 -3.979 -3.987 -3.994 -3.998 -3.999 -3.998 -3.994 -3.988 
-3.979 -3.968 -3.954 -3.938 -3.918 -3.896 -3.871 -3.843 -3.812 -3.778 
-3.740 -3.698 -3.653 -3.603 -3.549 -3.490 -3.425 -3.355 -3.278 -3.194 
-3.101 -3.000 -2.888 -2.766 -2.634 -2.497 -2.364 -2.249 -2.162 -2.115 
-2.114 -2.148 -2.190 -2.221 -2.242 -2.274 -2.325 -2.383 -2.435 -2.476 
-2.503 -2.517 -2.516 -2.503 -2.475 -2.433 -2.374 -2.298 -2.200 -2.081 
-1.942 -1.803 -1.711 -1.718 -1.841 -2.040 -2.247 -2.436 -2.602 -2.748 
-2.858 
-2.998 -3.098 -3.206 -3.303 -3.390 -3.469 -3.541 -3.606 -3.665 -3.719 
-3.768 -3.813 -3.853 -3.890 -3.924 -3.953 -3.980 -4.000 -4.000 -4.000 
-4.000 -4.000 -4.000 -4.000 -4.000 -4.000 -4.000 -4.000 -4.000 -4.000 
-4.000 -4.000 -4.000 -4.000 -3.988 -3.962 -3.933 -3.901 -3.866 -3.827 
-3.783 -3.736 -3.685 -3.628 -3.566 -3.499 -3.424 -3.343 -3.254 -3.155 
-3.046 -2.926 -2.794 -2.652 -2.506 -2.373 -2.276 -2.234 -2.245 -2.291 
-2.359 -2.441 -2.525 -2.603 -2.670 -2.727 -2.772 -2.806 -2.830 -2.843 
-2.846 -2.840 -2.822 -2.794 -2.753 -2.699 -2.630 -2.543 -2.435 -2.303 
-2.149 -1.988 -1.848 -1.775 -1.834 -2.023 -2.260 -2.482 -2.672 -2.835 
-2.953 
-3.017 -3.122 -3.221 -3.310 -3.390 -3.464 -3.531 -3.592 -3.648 -3.699 
-3.746 -3.789 -3.828 -3.863 -3.895 -3.924 -3.950 -3.973 -3.992 -4.000 
-4.000 -4.000 -4.000 -4.000 -4.000 -4.000 -4.000 -4.000 -4.000 -4.000 
-4.000 -4.000 -4.000 -3.981 -3.960 -3.935 -3.908 -3.878 -3.844 -3.807 
-3.767 -3.723 -3.675 -3.622 -3.565 -3.503 -3.436 -3.362 -3.283 -3.196 
-3.101 -2.998 -2.886 -2.767 -2.641 -2.516 -2.403 -2.318 -2.264 -2.242 
-2.253 -2.295 -2.359 -2.430 -2.495 -2.552 -2.597 -2.632 -2.655 -2.667 
-2.669 -2.659 -2.638 -2.604 -2.556 -2.494 -2.413 -2.313 -2.191 -2.051 
-1.914 -1.826 -1.826 -1.896 -2.024 -2.208 -2.405 -2.587 -2.747 -2.887 
-2.985 
-2.898 -2.989 -3.100 -3.201 -3.291 -3.374 -3.449 -3.517 -3.580 -3.638 
-3.690 -3.739 -3.783 -3.823 -3.860 -3.893 -3.923 -3.951 -3.975 -3.996 
-4.000 -4.000 -4.000 -4.000 -4.000 -4.000 -4.000 -4.000 -4.000 -4.000 
-4.000 -4.000 -4.000 -4.000 -4.000 -3.986 -3.963 -3.938 -3.909 -3.878 
-3.843 -3.804 -3.762 -3.717 -3.667 -3.612 -3.553 -3.489 -3.418 -3.342 
-3.258 -3.167 -3.067 -2.958 -2.838 -2.709 -2.571 -2.428 -2.290 -2.177 
-2.113 -2.112 -2.163 -2.241 -2.325 -2.404 -2.474 -2.532 -2.578 -2.612 
-2.635 -2.647 -2.648 -2.638 -2.616 -2.582 -2.534 -2.473 -2.394 -2.298 
-2.189 -2.082 -2.002 -1.951 -1.954 -2.045 -2.204 -2.388 -2.564 -2.723 
-2.848 
-2.846 -2.928 -3.021 -3.106 -3.185 -3.258 -3.325 -3.388 -3.445 -3.498 
-3.548 -3.593 -3.635 -3.673 -3.708 -3.740 -3.769 -3.795 -3.819 -3.840 
-3.858 -3.873 -3.886 -3.897 -3.905 -3.911 -3.915 -3.916 -3.915 -3.911 
-3.905 -3.897 -3.886 -3.873 -3.857 -3.839 -3.818 -3.795 -3.769 -3.740 
-3.707 -3.672 -3.634 -3.592 -3.546 -3.497 -3.444 -3.386 -3.323 -3.256 
-3.183 -3.103 -3.018 -2.925 -2.825 -2.717 -2.602 -2.481 -2.358 -2.242 
-2.149 -2.089 -2.068 -2.079 -2.114 -2.163 -2.215 -2.265 -2.309 -2.344 
-2.370 -2.386 -2.392 -2.389 -2.377 -2.355 -2.326 -2.288 -2.246 -2.201 
-2.160 -2.127 -2.108 -2.108 -2.145 -2.232 -2.351 -2.479 -2.603 -2.720 
-2.814 
-2.881 -2.956 -3.060 -3.155 -3.242 -3.322 -3.396 -3.463 -3.526 -3.583 
-3.636 -3.684 -3.729 -3.770 -3.807 -3.841 -3.872 -3.899 -3.924 -3.946 
-3.966 -3.982 -3.996 -4.000 -4.000 -4.000 -4.000 -4.000 -4.000 -4.000 
-4.000 -4.000 -4.000 -3.987 -3.971 -3.953 -3.931 -3.907 -3.880 -3.850 
-3.817 -3.781 -3.741 -3.697 -3.649 -3.597 -3.541 -3.479 -3.412 -3.340 
-3.261 -3.176 -3.085 -2.988 -2.888 -2.786 -2.685 -2.582 -2.475 -2.366 
-2.266 -2.192 -2.158 -2.169 -2.213 -2.274 -2.340 -2.400 -2.452 -2.493 
-2.523 -2.542 -2.549 -2.546 -2.531 -2.504 -2.464 -2.410 -2.337 -2.242 
-2.123 -2.026 -2.036 -2.079 -2.129 -2.209 -2.322 -2.453 -2.589 -2.720 
-2.835 
-3.079 -3.193 -3.284 -3.367 -3.442 -3.511 -3.573 -3.631 -3.683 -3.731 
-3.774 -3.814 -3.850 -3.883 -3.912 -3.938 -3.961 -3.982 -3.999 -4.000 
-4.000 -4.000 -4.000 -4.000 -4.000 -4.000 -4.000 -4.000 -4.000 -4.000 
-4.000 -3.991 -3.972 -3.951 -3.927 -3.900 -3.869 -3.836 -3.799 -3.759 
-3.715 -3.667 -3.616 -3.559 -3.498 -3.433 -3.361 -3.284 -3.202 -3.113 
-3.018 -2.918 -2.816 -2.716 -2.623 -2.549 -2.500 -2.480 -2.481 -2.494 
-2.508 -2.522 -2.541 -2.572 -2.612 -2.651 -2.685 -2.709 -2.723 -2.726 
-2.718 -2.699 -2.668 -2.623 -2.564 -2.488 -2.391 -2.271 -2.119 -1.935 
-1.747 -1.652 -1.747 -1.965 -2.194 -2.391 -2.563 -2.717 -2.856 -2.980 
-3.053 
-3.010 -3.083 -3.165 -3.240 -3.308 -3.370 -3.428 -3.480 -3.528 -3.572 
-3.612 -3.649 -3.682 -3.712 -3.739 -3.763 -3.784 -3.803 -3.819 -3.832 
-3.843 -3.851 -3.857 -3.860 -3.861 -3.859 -3.855 -3.849 -3.840 -3.829 
-3.816 -3.799 -3.781 -3.760 -3.736 -3.709 -3.680 -3.647 -3.612 -3.574 
-3.532 -3.487 -3.439 -3.387 -3.332 -3.273 -3.210 -3.143 -3.073 -2.999 
-2.923 -2.845 -2.766 -2.689 -2.617 -2.554 -2.506 -2.478 -2.470 -2.477 
-2.495 -2.517 -2.539 -2.560 -2.577 -2.589 -2.596 -2.596 -2.590 -2.575 
-2.553 -2.521 -2.480 -2.427 -2.364 -2.288 -2.200 -2.104 -2.008 -1.925 
-1.868 -1.859 -1.949 -2.085 -2.226 -2.374 -2.521 -2.657 -2.781 -2.892 
-2.980 
-2.903 -2.995 -3.101 -3.195 -3.280 -3.358 -3.428 -3.492 -3.550 -3.603 
-3.652 -3.696 -3.736 -3.773 -3.805 -3.835 -3.861 -3.885 -3.905 -3.922 
-3.937 -3.949 -3.958 -3.965 -3.969 -3.971 -3.970 -3.967 -3.961 -3.952 
-3.941 -3.927 -3.911 -3.891 -3.869 -3.844 -3.816 -3.785 -3.751 -3.713 
-3.672 -3.627 -3.578 -3.525 -3.467 -3.405 -3.337 -3.264 -3.185 -3.099 
-3.008 -2.910 -2.807 -2.700 -2.595 -2.500 -2.425 -2.382 -2.374 -2.399 
-2.446 -2.503 -2.561 -2.615 -2.663 -2.703 -2.734 -2.756 -2.770 -2.776 
-2.772 -2.760 -2.738 -2.706 -2.663 -2.608 -2.541 -2.461 -2.372 -2.279 
-2.187 -2.098 -2.010 -1.943 -1.932 -2.039 -2.228 -2.419 -2.591 -2.743 
-2.860 
-2.905 -2.998 -3.122 -3.231 -3.328 -3.415 -3.494 -3.565 -3.630 -3.689 
-3.742 -3.791 -3.836 -3.876 -3.913 -3.946 -3.976 -4.000 -4.000 -4.000 
-4.000 -4.000 -4.000 -4.000 -4.000 -4.000 -4.000 -4.000 -4.000 -4.000 
-4.000 -4.000 -4.000 -4.000 -4.000 -4.000 -3.979 -3.950 -3.918 -3.882 
-3.843 -3.800 -3.753 -3.702 -3.646 -3.585 -3.519 -3.447 -3.369 -3.284 
-3.191 -3.091 -2.982 -2.864 -2.737 -2.598 -2.449 -2.340 -2.365 -2.439 
-2.509 -2.578 -2.646 -2.710 -2.768 -2.818 -2.860 -2.893 -2.917 -2.932 
-2.939 -2.937 -2.925 -2.904 -2.873 -2.831 -2.775 -2.705 -2.618 -2.509 
-2.372 -2.203 -1.996 -1.788 -1.688 -1.773 -2.000 -2.263 -2.497 -2.692 
-2.845 
-3.097 -3.240 -3.357 -3.461 -3.554 -3.638 -3.714 -3.782 -3.845 -3.901 
-3.953 -4.000 -4.000 -4.000 -4.000 -4.000 -4.000 -4.000 -4.000 -4.000 
-4.000 -4.000 -4.000 -4.000 -4.000 -4.000 -4.000 -4.000 -4.000 -4.000 
-4.000 -4.000 -4.000 -4.000 -4.000 -4.000 -4.000 -4.000 -4.000 -4.000 
-3.999 -3.952 -3.900 -3.844 -3.781 -3.713 -3.638 -3.555 -3.463 -3.360 
-3.244 -3.111 -2.958 -2.776 -2.557 -2.299 -2.054 -1.930 -1.996 -2.186 
-2.392 -2.560 -2.693 -2.797 -2.881 -2.948 -3.000 -3.040 -3.068 -3.086 
-3.093 -3.090 -3.077 -3.053 -3.018 -2.970 -2.907 -2.826 -2.724 -2.593 
-2.425 -2.211 -1.971 -1.803 -1.805 -1.994 -2.283 -2.548 -2.767 -2.950 
-3.044 
