IRGRID 64 91
1e+308

0.025 0.03 0.035 0.04 0.045 0.05 0.055 0.06 0.065 0.07
0.075 0.08 0.085 0.09 0.095 0.1 0.11 0.12 0.13 0.14
0.15 0.16 0.17 0.18 0.19 0.2 0.21 0.22 0.23 0.24
0.25 0.26 0.27 0.28 0.29 0.3 0.31 0.32 0.33 0.34
0.35 0.36 0.37 0.38 0.39 0.4 0.41 0.42 0.43 0.44
0.45 0.46 0.47 0.48 0.49 0.5 0.51 0.52 0.53 0.54
0.55 0.56 0.57 0.58
0 4 8 12 16 20 24 28 32 36
40 44 48 52 56 60 64 68 72 76
80 84 88 92 96 100 104 108 112 116
120 124 128 132 136 140 144 148 152 156
160 164 168 172 176 180 184 188 192 196
200 204 208 212 216 220 224 228 232 236
240 244 248 252 256 260 264 268 272 276
280 284 288 292 296 300 304 308 312 316
320 324 328 332 336 340 344 348 352 356
360
-3.785 -3.902 -3.953 -3.999 -4.000 -4.000 -4.000 -4.000 -4.000 -4.000 
-4.000 -4.000 -4.000 -4.000 -4.000 -4.000 -4.000 -4.000 -4.000 -4.000 
-4.000 -4.000 -4.000 -4.000 -4.000 -4.000 -4.000 -4.000 -4.000 -3.980 
-3.941 -3.900 -3.860 -3.821 -3.785 -3.753 -3.727 -3.708 -3.697 -3.693 
-3.696 -3.705 -3.720 -3.740 -3.763 -3.789 -3.817 -3.846 -3.875 -3.904 
-3.930 -3.955 -3.978 -3.998 -4.000 -4.000 -4.000 -4.000 -4.000 -4.000 
-4.000 -4.000 -4.000 -4.000 -4.000 -3.991 -3.968 -3.941 -3.909 -3.874 
-3.835 -3.792 -3.745 -3.695 -3.642 -3.587 -3.532 -3.478 -3.427 -3.382 
-3.349 -3.333 -3.343 -3.379 -3.436 -3.505 -3.578 -3.651 -3.721 -3.786 
-3.771 
-2.907 -3.197 -3.347 -3.459 -3.547 -3.619 -3.678 -3.727 -3.769 -3.804 
-3.833 -3.857 -3.877 -3.891 -3.902 -3.908 -3.911 -3.910 -3.905 -3.896 
-3.884 -3.868 -3.849 -3.826 -3.800 -3.770 -3.737 -3.700 -3.661 -3.620 
-3.578 -3.535 -3.493 -3.454 -3.421 -3.394 -3.377 -3.370 -3.373 -3.384 
-3.400 -3.419 -3.435 -3.442 -3.433 -3.397 -3.316 -3.171 -2.947 -2.716 
-2.746 -2.993 -3.220 -3.388 -3.508 -3.596 -3.661 -3.709 -3.745 -3.770 
-3.787 -3.797 -3.801 -3.799 -3.791 -3.778 -3.760 -3.737 -3.708 -3.674 
-3.634 -3.588 -3.537 -3.478 -3.414 -3.342 -3.265 -3.183 -3.100 -3.021 
-2.954 -2.911 -2.897 -2.909 -2.932 -2.934 -2.869 -2.685 -2.509 -2.699 
-2.900 
-2.345 -2.504 -2.705 -2.859 -2.984 -3.088 -3.177 -3.253 -3.321 -3.380 
-3.433 -3.479 -3.520 -3.556 -3.587 -3.614 -3.637 -3.656 -3.671 -3.683 
-3.692 -3.696 -3.698 -3.696 -3.690 -3.682 -3.670 -3.654 -3.635 -3.613 
-3.587 -3.558 -3.525 -3.490 -3.452 -3.412 -3.369 -3.322 -3.271 -3.214 
-3.149 -3.075 -2.990 -2.893 -2.781 -2.651 -2.496 -2.307 -2.090 -1.924 
-1.941 -2.116 -2.320 -2.488 -2.622 -2.732 -2.826 -2.906 -2.974 -3.032 
-3.082 -3.124 -3.159 -3.187 -3.209 -3.226 -3.236 -3.241 -3.241 -3.236 
-3.224 -3.208 -3.186 -3.158 -3.124 -3.083 -3.036 -2.982 -2.922 -2.857 
-2.787 -2.715 -2.642 -2.568 -2.484 -2.371 -2.192 -1.959 -1.822 -1.959 
-2.207 
-2.234 -2.307 -2.384 -2.449 -2.507 -2.558 -2.603 -2.645 -2.683 -2.719 
-2.753 -2.785 -2.816 -2.846 -2.873 -2.899 -2.923 -2.944 -2.963 -2.980 
-2.994 -3.005 -3.013 -3.019 -3.021 -3.021 -3.017 -3.010 -3.000 -2.986 
-2.969 -2.949 -2.924 -2.896 -2.863 -2.826 -2.784 -2.737 -2.684 -2.626 
-2.561 -2.489 -2.411 -2.325 -2.232 -2.134 -2.036 -1.943 -1.861 -1.802 
-1.802 -1.850 -1.907 -1.964 -2.012 -2.044 -2.062 -2.071 -2.082 -2.106 
-2.147 -2.199 -2.254 -2.308 -2.357 -2.398 -2.432 -2.458 -2.477 -2.488 
-2.493 -2.490 -2.481 -2.466 -2.444 -2.414 -2.379 -2.336 -2.287 -2.232 
-2.174 -2.114 -2.057 -2.010 -1.981 -1.972 -1.982 -1.989 -1.992 -2.096 
-2.205 
-2.224 -2.242 -2.246 -2.249 -2.252 -2.257 -2.265 -2.275 -2.288 -2.305 
-2.325 -2.347 -2.371 -2.397 -2.423 -2.450 -2.477 -2.502 -2.527 -2.550 
-2.572 -2.592 -2.610 -2.626 -2.639 -2.651 -2.660 -2.666 -2.671 -2.672 
-2.672 -2.668 -2.663 -2.654 -2.643 -2.629 -2.612 -2.591 -2.568 -2.541 
-2.510 -2.475 -2.435 -2.391 -2.342 -2.287 -2.228 -2.167 -2.106 -2.050 
-1.999 -1.949 -1.894 -1.829 -1.757 -1.681 -1.610 -1.552 -1.519 -1.515 
-1.539 -1.583 -1.637 -1.694 -1.749 -1.801 -1.849 -1.894 -1.936 -1.976 
-2.013 -2.047 -2.078 -2.107 -2.132 -2.154 -2.172 -2.187 -2.198 -2.204 
-2.206 -2.204 -2.199 -2.193 -2.189 -2.190 -2.196 -2.207 -2.219 -2.229 
-2.228 
-2.158 -2.161 -2.182 -2.203 -2.223 -2.243 -2.262 -2.281 -2.299 -2.317 
-2.335 -2.351 -2.367 -2.382 -2.396 -2.409 -2.420 -2.430 -2.438 -2.444 
-2.448 -2.451 -2.451 -2.449 -2.446 -2.440 -2.432 -2.421 -2.409 -2.394 
-2.376 -2.357 -2.335 -2.311 -2.285 -2.257 -2.227 -2.196 -2.165 -2.133 
-2.102 -2.071 -2.041 -2.012 -1.984 -1.955 -1.927 -1.898 -1.867 -1.835 
-1.799 -1.761 -1.720 -1.675 -1.627 -1.577 -1.526 -1.476 -1.428 -1.383 
-1.340 -1.294 -1.241 -1.176 -1.092 -1.000 -0.943 -0.984 -1.104 -1.233 
-1.342 -1.431 -1.503 -1.564 -1.618 -1.666 -1.709 -1.750 -1.788 -1.824 
-1.859 -1.891 -1.923 -1.954 -1.983 -2.011 -2.039 -2.065 -2.090 -2.115 
-2.148 
-2.284 -2.308 -2.329 -2.347 -2.362 -2.375 -2.386 -2.395 -2.402 -2.406 
-2.407 -2.407 -2.404 -2.398 -2.390 -2.380 -2.366 -2.350 -2.332 -2.310 
-2.285 -2.257 -2.225 -2.190 -2.150 -2.107 -2.058 -2.005 -1.946 -1.882 
-1.812 -1.737 -1.662 -1.590 -1.529 -1.486 -1.464 -1.456 -1.457 -1.457 
-1.456 -1.451 -1.443 -1.434 -1.425 -1.415 -1.405 -1.394 -1.382 -1.368 
-1.351 -1.329 -1.301 -1.266 -1.220 -1.161 -1.082 -0.972 -0.809 -0.568 
-0.384 -0.540 -0.653 -0.617 -0.505 -0.383 -0.318 -0.363 -0.506 -0.693 
-0.880 -1.048 -1.196 -1.324 -1.437 -1.536 -1.625 -1.705 -1.777 -1.843 
-1.902 -1.957 -2.007 -2.053 -2.095 -2.134 -2.170 -2.203 -2.233 -2.261 
-2.276 
-2.203 -2.260 -2.269 -2.275 -2.279 -2.280 -2.279 -2.275 -2.269 -2.260 
-2.248 -2.234 -2.217 -2.198 -2.176 -2.150 -2.122 -2.090 -2.056 -2.017 
-1.975 -1.929 -1.878 -1.823 -1.763 -1.698 -1.626 -1.549 -1.465 -1.375 
-1.280 -1.183 -1.089 -1.004 -0.938 -0.899 -0.890 -0.905 -0.937 -0.975 
-1.013 -1.046 -1.074 -1.094 -1.107 -1.114 -1.114 -1.108 -1.094 -1.073 
-1.044 -1.005 -0.954 -0.890 -0.809 -0.706 -0.571 -0.390 -0.142 0.132 
0.285 0.214 0.285 0.375 -0.028 -0.352 -0.547 -0.704 -0.872 -1.036 
-1.182 -1.308 -1.419 -1.516 -1.603 -1.681 -1.751 -1.814 -1.872 -1.924 
-1.972 -2.015 -2.054 -2.090 -2.122 -2.150 -2.176 -2.198 -2.218 -2.235 
-2.202 
-1.758 -1.769 -1.781 -1.791 -1.798 -1.804 -1.807 -1.807 -1.806 -1.802 
-1.796 -1.787 -1.777 -1.764 -1.749 -1.732 -1.712 -1.690 -1.666 -1.640 
-1.611 -1.579 -1.546 -1.509 -1.471 -1.430 -1.386 -1.340 -1.292 -1.242 
-1.190 -1.137 -1.084 -1.032 -0.986 -0.947 -0.917 -0.894 -0.876 -0.861 
-0.848 -0.835 -0.823 -0.811 -0.798 -0.785 -0.769 -0.752 -0.731 -0.706 
-0.676 -0.641 -0.598 -0.546 -0.484 -0.409 -0.317 -0.202 -0.055 0.139 
0.374 0.659 0.995 1.203 0.888 0.443 0.105 -0.148 -0.349 -0.515 
-0.656 -0.779 -0.887 -0.984 -1.071 -1.149 -1.221 -1.286 -1.345 -1.400 
-1.449 -1.495 -1.537 -1.575 -1.609 -1.641 -1.669 -1.694 -1.717 -1.737 
-1.752 
-1.551 -1.552 -1.563 -1.572 -1.578 -1.581 -1.582 -1.581 -1.577 -1.571 
-1.562 -1.551 -1.538 -1.522 -1.504 -1.483 -1.460 -1.434 -1.405 -1.375 
-1.341 -1.305 -1.266 -1.225 -1.181 -1.134 -1.086 -1.036 -0.984 -0.931 
-0.879 -0.827 -0.776 -0.729 -0.686 -0.649 -0.617 -0.592 -0.572 -0.558 
-0.549 -0.543 -0.541 -0.540 -0.541 -0.541 -0.540 -0.536 -0.528 -0.515 
-0.497 -0.473 -0.440 -0.399 -0.348 -0.284 -0.205 -0.107 0.015 0.174 
0.388 0.700 1.148 1.457 1.342 1.045 0.510 0.179 -0.060 -0.249 
-0.405 -0.538 -0.654 -0.756 -0.848 -0.930 -1.004 -1.071 -1.132 -1.187 
-1.238 -1.284 -1.326 -1.364 -1.398 -1.429 -1.457 -1.482 -1.504 -1.523 
-1.546 
-1.549 -1.562 -1.577 -1.589 -1.599 -1.607 -1.612 -1.615 -1.615 -1.613 
-1.609 -1.603 -1.594 -1.583 -1.570 -1.555 -1.537 -1.518 -1.495 -1.471 
-1.444 -1.414 -1.382 -1.347 -1.310 -1.270 -1.228 -1.182 -1.134 -1.083 
-1.030 -0.975 -0.918 -0.860 -0.801 -0.743 -0.685 -0.630 -0.579 -0.533 
-0.495 -0.464 -0.442 -0.428 -0.421 -0.420 -0.421 -0.423 -0.424 -0.422 
-0.416 -0.405 -0.386 -0.360 -0.325 -0.278 -0.219 -0.145 -0.050 0.071 
0.230 0.448 0.775 1.285 1.555 1.491 1.040 0.510 0.182 -0.057 
-0.246 -0.403 -0.537 -0.655 -0.758 -0.851 -0.934 -1.009 -1.078 -1.140 
-1.197 -1.249 -1.296 -1.339 -1.378 -1.414 -1.446 -1.475 -1.501 -1.524 
-1.542 
-1.544 -1.565 -1.575 -1.582 -1.587 -1.591 -1.592 -1.591 -1.588 -1.584 
-1.578 -1.570 -1.561 -1.550 -1.538 -1.525 -1.510 -1.494 -1.478 -1.460 
-1.442 -1.423 -1.404 -1.385 -1.365 -1.346 -1.326 -1.307 -1.288 -1.269 
-1.249 -1.230 -1.210 -1.188 -1.165 -1.141 -1.114 -1.087 -1.059 -1.032 
-1.006 -0.984 -0.965 -0.950 -0.938 -0.927 -0.917 -0.904 -0.888 -0.868 
-0.843 -0.812 -0.774 -0.727 -0.671 -0.604 -0.524 -0.428 -0.310 -0.163 
0.028 0.291 0.683 1.048 1.228 1.116 0.618 0.215 -0.064 -0.274 
-0.442 -0.583 -0.702 -0.806 -0.898 -0.979 -1.052 -1.117 -1.176 -1.229 
-1.277 -1.320 -1.359 -1.395 -1.426 -1.455 -1.480 -1.503 -1.522 -1.539 
-1.540 
-1.476 -1.463 -1.471 -1.476 -1.480 -1.480 -1.479 -1.475 -1.468 -1.460 
-1.449 -1.437 -1.422 -1.405 -1.386 -1.366 -1.344 -1.320 -1.295 -1.269 
-1.242 -1.214 -1.186 -1.158 -1.130 -1.104 -1.078 -1.054 -1.032 -1.013 
-0.995 -0.980 -0.969 -0.961 -0.956 -0.956 -0.959 -0.965 -0.972 -0.980 
-0.987 -0.992 -0.995 -0.996 -0.994 -0.988 -0.979 -0.966 -0.949 -0.927 
-0.901 -0.869 -0.831 -0.787 -0.735 -0.674 -0.602 -0.518 -0.418 -0.298 
-0.149 0.042 0.305 0.694 1.023 1.288 1.052 0.621 0.238 -0.032 
-0.236 -0.401 -0.538 -0.656 -0.757 -0.847 -0.926 -0.997 -1.060 -1.117 
-1.168 -1.214 -1.255 -1.292 -1.325 -1.354 -1.380 -1.402 -1.422 -1.438 
-1.471 
-1.670 -1.727 -1.741 -1.753 -1.762 -1.768 -1.771 -1.771 -1.769 -1.764 
-1.756 -1.746 -1.732 -1.717 -1.698 -1.677 -1.652 -1.626 -1.596 -1.564 
-1.528 -1.490 -1.449 -1.405 -1.359 -1.310 -1.258 -1.204 -1.149 -1.093 
-1.039 -0.989 -0.945 -0.911 -0.889 -0.880 -0.882 -0.895 -0.915 -0.940 
-0.965 -0.989 -1.010 -1.028 -1.041 -1.049 -1.051 -1.047 -1.037 -1.021 
-0.998 -0.968 -0.932 -0.888 -0.837 -0.777 -0.707 -0.627 -0.535 -0.427 
-0.299 -0.142 0.061 0.352 0.844 1.236 0.969 0.497 0.129 -0.122 
-0.320 -0.487 -0.630 -0.756 -0.867 -0.967 -1.057 -1.138 -1.212 -1.279 
-1.340 -1.396 -1.447 -1.493 -1.535 -1.573 -1.607 -1.638 -1.665 -1.689 
-1.667 
-1.606 -1.600 -1.633 -1.663 -1.690 -1.716 -1.738 -1.758 -1.776 -1.792 
-1.805 -1.816 -1.824 -1.830 -1.834 -1.835 -1.834 -1.830 -1.824 -1.815 
-1.802 -1.787 -1.769 -1.747 -1.722 -1.692 -1.659 -1.622 -1.581 -1.537 
-1.489 -1.439 -1.387 -1.334 -1.279 -1.222 -1.166 -1.122 -1.103 -1.111 
-1.132 -1.149 -1.155 -1.149 -1.132 -1.105 -1.070 -1.028 -0.979 -0.925 
-0.866 -0.802 -0.734 -0.661 -0.583 -0.500 -0.412 -0.318 -0.216 -0.106 
0.015 0.149 0.297 0.459 0.646 1.114 0.773 0.595 0.425 0.244 
0.071 -0.089 -0.234 -0.366 -0.486 -0.595 -0.697 -0.790 -0.877 -0.958 
-1.034 -1.104 -1.170 -1.232 -1.289 -1.343 -1.394 -1.441 -1.485 -1.526 
-1.589 
-1.908 -2.005 -2.031 -2.054 -2.074 -2.092 -2.106 -2.118 -2.128 -2.135 
-2.139 -2.140 -2.138 -2.134 -2.127 -2.117 -2.104 -2.088 -2.069 -2.046 
-2.020 -1.990 -1.955 -1.916 -1.872 -1.823 -1.768 -1.706 -1.637 -1.560 
-1.473 -1.376 -1.267 -1.148 -1.020 -0.890 -0.775 -0.694 -0.668 -0.696 
-0.762 -0.841 -0.917 -0.981 -1.029 -1.062 -1.079 -1.084 -1.077 -1.061 
-1.037 -1.007 -0.970 -0.928 -0.880 -0.826 -0.765 -0.696 -0.616 -0.523 
-0.413 -0.280 -0.111 0.141 0.900 1.396 0.980 0.430 0.158 -0.100 
-0.325 -0.515 -0.679 -0.822 -0.948 -1.062 -1.165 -1.259 -1.344 -1.423 
-1.496 -1.563 -1.625 -1.683 -1.736 -1.785 -1.830 -1.872 -1.910 -1.945 
-1.905 
-1.787 -1.783 -1.812 -1.839 -1.864 -1.886 -1.905 -1.922 -1.936 -1.949 
-1.959 -1.966 -1.972 -1.975 -1.976 -1.975 -1.971 -1.965 -1.957 -1.947 
-1.934 -1.919 -1.901 -1.881 -1.858 -1.832 -1.803 -1.770 -1.734 -1.694 
-1.648 -1.597 -1.539 -1.473 -1.398 -1.317 -1.235 -1.166 -1.126 -1.111 
-1.105 -1.092 -1.067 -1.030 -0.984 -0.933 -0.879 -0.824 -0.771 -0.720 
-0.673 -0.629 -0.587 -0.548 -0.509 -0.469 -0.426 -0.379 -0.325 -0.262 
-0.186 -0.094 0.021 0.169 0.374 0.955 0.759 0.810 0.725 0.465 
0.173 -0.073 -0.278 -0.452 -0.602 -0.734 -0.852 -0.958 -1.055 -1.142 
-1.222 -1.296 -1.364 -1.427 -1.485 -1.538 -1.588 -1.633 -1.675 -1.714 
-1.773 
-1.953 -2.000 -2.031 -2.059 -2.084 -2.107 -2.127 -2.144 -2.159 -2.172 
-2.182 -2.190 -2.195 -2.199 -2.200 -2.198 -2.195 -2.189 -2.181 -2.171 
-2.159 -2.144 -2.127 -2.107 -2.085 -2.060 -2.033 -2.003 -1.971 -1.936 
-1.897 -1.856 -1.812 -1.764 -1.713 -1.658 -1.600 -1.538 -1.472 -1.403 
-1.330 -1.253 -1.174 -1.094 -1.013 -0.934 -0.861 -0.795 -0.740 -0.697 
-0.666 -0.647 -0.635 -0.628 -0.622 -0.614 -0.601 -0.582 -0.554 -0.515 
-0.463 -0.395 -0.307 -0.193 -0.043 0.155 0.406 0.654 0.770 0.601 
0.275 -0.061 -0.328 -0.543 -0.721 -0.873 -1.006 -1.124 -1.229 -1.325 
-1.411 -1.490 -1.562 -1.628 -1.689 -1.746 -1.798 -1.845 -1.889 -1.930 
-1.943 
-2.019 -2.056 -2.088 -2.116 -2.141 -2.164 -2.183 -2.201 -2.215 -2.227 
-2.237 -2.244 -2.249 -2.251 -2.251 -2.249 -2.245 -2.238 -2.228 -2.217 
-2.203 -2.186 -2.167 -2.145 -2.121 -2.094 -2.065 -2.032 -1.997 -1.958 
-1.917 -1.872 -1.824 -1.772 -1.717 -1.658 -1.595 -1.528 -1.458 -1.385 
-1.308 -1.229 -1.149 -1.070 -0.995 -0.927 -0.868 -0.822 -0.791 -0.774 
-0.769 -0.773 -0.782 -0.793 -0.802 -0.807 -0.807 -0.800 -0.784 -0.759 
-0.722 -0.671 -0.605 -0.519 -0.408 -0.262 -0.067 0.193 0.447 0.488 
0.351 0.074 -0.224 -0.475 -0.681 -0.854 -1.002 -1.132 -1.247 -1.349 
-1.442 -1.526 -1.602 -1.672 -1.736 -1.794 -1.848 -1.897 -1.943 -1.984 
-2.008 
-1.929 -1.947 -1.977 -2.005 -2.030 -2.052 -2.072 -2.088 -2.103 -2.115 
-2.124 -2.131 -2.136 -2.138 -2.138 -2.136 -2.131 -2.124 -2.115 -2.103 
-2.090 -2.073 -2.055 -2.033 -2.010 -1.984 -1.955 -1.923 -1.889 -1.852 
-1.812 -1.770 -1.724 -1.675 -1.624 -1.569 -1.512 -1.452 -1.390 -1.326 
-1.261 -1.197 -1.133 -1.072 -1.016 -0.965 -0.923 -0.889 -0.865 -0.848 
-0.838 -0.832 -0.828 -0.824 -0.819 -0.810 -0.797 -0.778 -0.753 -0.718 
-0.675 -0.619 -0.549 -0.461 -0.351 -0.213 -0.042 0.160 0.341 0.414 
0.305 0.071 -0.183 -0.410 -0.604 -0.769 -0.913 -1.039 -1.151 -1.252 
-1.342 -1.425 -1.500 -1.568 -1.631 -1.689 -1.742 -1.790 -1.835 -1.876 
-1.916 
-1.966 -1.999 -2.032 -2.062 -2.090 -2.114 -2.137 -2.156 -2.173 -2.188 
-2.200 -2.210 -2.218 -2.224 -2.227 -2.228 -2.227 -2.224 -2.218 -2.210 
-2.201 -2.189 -2.174 -2.158 -2.139 -2.118 -2.094 -2.068 -2.039 -2.009 
-1.975 -1.939 -1.900 -1.858 -1.814 -1.767 -1.717 -1.665 -1.610 -1.553 
-1.493 -1.432 -1.370 -1.308 -1.246 -1.185 -1.126 -1.070 -1.017 -0.967 
-0.922 -0.880 -0.841 -0.804 -0.770 -0.735 -0.700 -0.662 -0.620 -0.573 
-0.518 -0.452 -0.372 -0.273 -0.150 0.006 0.193 0.376 0.471 0.402 
0.200 -0.053 -0.289 -0.494 -0.671 -0.825 -0.961 -1.082 -1.191 -1.290 
-1.380 -1.462 -1.537 -1.607 -1.671 -1.730 -1.784 -1.834 -1.881 -1.924 
-1.954 
-2.001 -2.032 -2.071 -2.107 -2.140 -2.171 -2.199 -2.224 -2.246 -2.267 
-2.284 -2.300 -2.313 -2.324 -2.333 -2.340 -2.344 -2.347 -2.347 -2.345 
-2.341 -2.335 -2.327 -2.317 -2.304 -2.289 -2.273 -2.253 -2.232 -2.208 
-2.182 -2.153 -2.122 -2.089 -2.053 -2.014 -1.972 -1.928 -1.881 -1.831 
-1.778 -1.722 -1.664 -1.602 -1.538 -1.472 -1.404 -1.334 -1.262 -1.190 
-1.117 -1.044 -0.972 -0.901 -0.831 -0.763 -0.697 -0.635 -0.574 -0.515 
-0.455 -0.391 -0.321 -0.241 -0.146 -0.032 0.102 0.246 0.348 0.337 
0.218 0.030 -0.181 -0.383 -0.566 -0.730 -0.876 -1.007 -1.126 -1.234 
-1.333 -1.424 -1.508 -1.585 -1.657 -1.723 -1.784 -1.842 -1.895 -1.944 
-1.985 
-2.030 -2.074 -2.112 -2.147 -2.179 -2.208 -2.235 -2.259 -2.280 -2.299 
-2.316 -2.331 -2.343 -2.353 -2.361 -2.367 -2.370 -2.372 -2.371 -2.369 
-2.364 -2.357 -2.348 -2.336 -2.323 -2.307 -2.290 -2.270 -2.247 -2.223 
-2.196 -2.166 -2.134 -2.100 -2.063 -2.023 -1.981 -1.936 -1.888 -1.838 
-1.785 -1.728 -1.670 -1.608 -1.544 -1.479 -1.411 -1.343 -1.274 -1.205 
-1.138 -1.074 -1.012 -0.954 -0.901 -0.850 -0.804 -0.759 -0.716 -0.672 
-0.626 -0.576 -0.520 -0.454 -0.378 -0.288 -0.185 -0.079 0.007 0.030 
-0.040 -0.178 -0.346 -0.517 -0.678 -0.827 -0.962 -1.086 -1.199 -1.302 
-1.397 -1.485 -1.566 -1.640 -1.710 -1.774 -1.834 -1.889 -1.941 -1.989 
-2.018 
-1.972 -2.000 -2.041 -2.079 -2.114 -2.146 -2.176 -2.203 -2.228 -2.250 
-2.270 -2.287 -2.303 -2.316 -2.327 -2.335 -2.342 -2.346 -2.349 -2.349 
-2.347 -2.343 -2.337 -2.329 -2.319 -2.307 -2.292 -2.276 -2.257 -2.236 
-2.213 -2.187 -2.159 -2.129 -2.096 -2.060 -2.022 -1.982 -1.938 -1.892 
-1.843 -1.792 -1.737 -1.679 -1.619 -1.556 -1.490 -1.422 -1.352 -1.281 
-1.209 -1.136 -1.064 -0.994 -0.926 -0.862 -0.803 -0.749 -0.700 -0.658 
-0.618 -0.581 -0.543 -0.504 -0.461 -0.415 -0.367 -0.321 -0.286 -0.277 
-0.308 -0.375 -0.463 -0.563 -0.669 -0.778 -0.886 -0.993 -1.097 -1.196 
-1.290 -1.378 -1.461 -1.539 -1.611 -1.679 -1.742 -1.801 -1.856 -1.908 
-1.956 
-1.985 -2.037 -2.086 -2.132 -2.174 -2.213 -2.250 -2.283 -2.313 -2.341 
-2.367 -2.389 -2.410 -2.428 -2.443 -2.457 -2.468 -2.477 -2.483 -2.488 
-2.490 -2.491 -2.489 -2.485 -2.479 -2.470 -2.460 -2.447 -2.432 -2.415 
-2.395 -2.373 -2.349 -2.322 -2.293 -2.261 -2.227 -2.189 -2.149 -2.106 
-2.060 -2.010 -1.957 -1.901 -1.841 -1.778 -1.710 -1.638 -1.563 -1.483 
-1.400 -1.313 -1.224 -1.133 -1.044 -0.960 -0.884 -0.821 -0.774 -0.742 
-0.724 -0.716 -0.712 -0.709 -0.703 -0.693 -0.679 -0.662 -0.644 -0.629 
-0.621 -0.620 -0.629 -0.651 -0.689 -0.746 -0.821 -0.910 -1.009 -1.111 
-1.213 -1.311 -1.406 -1.496 -1.580 -1.659 -1.734 -1.803 -1.868 -1.928 
-1.967 
-1.943 -1.970 -2.017 -2.060 -2.101 -2.138 -2.173 -2.205 -2.235 -2.262 
-2.286 -2.309 -2.329 -2.346 -2.362 -2.375 -2.386 -2.395 -2.402 -2.407 
-2.410 -2.411 -2.410 -2.406 -2.401 -2.394 -2.385 -2.373 -2.360 -2.344 
-2.327 -2.307 -2.285 -2.261 -2.235 -2.207 -2.176 -2.143 -2.108 -2.071 
-2.031 -1.989 -1.945 -1.898 -1.849 -1.798 -1.745 -1.690 -1.633 -1.575 
-1.514 -1.453 -1.391 -1.328 -1.266 -1.206 -1.149 -1.097 -1.053 -1.016 
-0.985 -0.959 -0.935 -0.912 -0.889 -0.864 -0.838 -0.811 -0.783 -0.755 
-0.731 -0.714 -0.709 -0.722 -0.755 -0.808 -0.877 -0.956 -1.042 -1.130 
-1.218 -1.305 -1.389 -1.469 -1.545 -1.617 -1.686 -1.750 -1.810 -1.867 
-1.924 
-1.995 -2.059 -2.104 -2.147 -2.186 -2.222 -2.255 -2.286 -2.314 -2.339 
-2.362 -2.382 -2.400 -2.416 -2.429 -2.440 -2.449 -2.455 -2.460 -2.462 
-2.462 -2.460 -2.456 -2.450 -2.442 -2.431 -2.419 -2.405 -2.388 -2.369 
-2.349 -2.326 -2.301 -2.274 -2.244 -2.213 -2.180 -2.145 -2.108 -2.069 
-2.028 -1.986 -1.942 -1.898 -1.852 -1.807 -1.761 -1.715 -1.670 -1.627 
-1.584 -1.543 -1.504 -1.466 -1.429 -1.393 -1.358 -1.322 -1.287 -1.250 
-1.214 -1.177 -1.139 -1.101 -1.062 -1.021 -0.978 -0.930 -0.878 -0.824 
-0.771 -0.727 -0.704 -0.711 -0.753 -0.825 -0.915 -1.014 -1.114 -1.211 
-1.305 -1.394 -1.479 -1.560 -1.636 -1.709 -1.777 -1.841 -1.901 -1.957 
-1.982 
-1.878 -1.908 -1.961 -2.012 -2.060 -2.106 -2.148 -2.188 -2.224 -2.259 
-2.291 -2.320 -2.347 -2.371 -2.394 -2.414 -2.431 -2.447 -2.460 -2.472 
-2.481 -2.488 -2.493 -2.496 -2.497 -2.496 -2.493 -2.488 -2.480 -2.471 
-2.460 -2.446 -2.431 -2.413 -2.393 -2.371 -2.347 -2.320 -2.292 -2.261 
-2.228 -2.192 -2.155 -2.115 -2.073 -2.029 -1.982 -1.934 -1.884 -1.831 
-1.777 -1.720 -1.661 -1.599 -1.535 -1.469 -1.400 -1.330 -1.260 -1.191 
-1.125 -1.064 -1.011 -0.965 -0.928 -0.898 -0.875 -0.855 -0.838 -0.824 
-0.814 -0.810 -0.816 -0.834 -0.865 -0.906 -0.953 -1.004 -1.058 -1.117 
-1.180 -1.246 -1.315 -1.386 -1.457 -1.527 -1.596 -1.664 -1.729 -1.791 
-1.855 
-1.921 -1.970 -2.017 -2.061 -2.102 -2.140 -2.176 -2.210 -2.241 -2.270 
-2.297 -2.321 -2.344 -2.364 -2.383 -2.399 -2.414 -2.427 -2.438 -2.447 
-2.454 -2.460 -2.463 -2.465 -2.465 -2.464 -2.460 -2.455 -2.448 -2.440 
-2.429 -2.417 -2.403 -2.388 -2.370 -2.351 -2.330 -2.307 -2.283 -2.256 
-2.228 -2.198 -2.166 -2.132 -2.097 -2.059 -2.020 -1.979 -1.936 -1.891 
-1.844 -1.795 -1.745 -1.692 -1.638 -1.581 -1.523 -1.462 -1.400 -1.337 
-1.272 -1.207 -1.141 -1.076 -1.010 -0.944 -0.879 -0.817 -0.761 -0.716 
-0.688 -0.684 -0.703 -0.744 -0.802 -0.870 -0.944 -1.022 -1.102 -1.182 
-1.262 -1.340 -1.416 -1.490 -1.561 -1.629 -1.694 -1.755 -1.814 -1.869 
-1.906 
-1.923 -1.964 -2.013 -2.058 -2.100 -2.139 -2.176 -2.209 -2.240 -2.268 
-2.294 -2.317 -2.338 -2.357 -2.374 -2.389 -2.401 -2.411 -2.420 -2.426 
-2.431 -2.433 -2.434 -2.433 -2.430 -2.425 -2.418 -2.409 -2.398 -2.386 
-2.372 -2.356 -2.338 -2.319 -2.298 -2.275 -2.251 -2.225 -2.197 -2.168 
-2.138 -2.106 -2.074 -2.040 -2.006 -1.970 -1.935 -1.898 -1.862 -1.825 
-1.789 -1.753 -1.717 -1.681 -1.645 -1.610 -1.575 -1.540 -1.504 -1.468 
-1.432 -1.393 -1.353 -1.311 -1.267 -1.220 -1.170 -1.119 -1.067 -1.018 
-0.974 -0.938 -0.911 -0.893 -0.885 -0.890 -0.912 -0.955 -1.016 -1.093 
-1.177 -1.265 -1.352 -1.436 -1.517 -1.594 -1.666 -1.734 -1.797 -1.857 
-1.905 
-1.949 -1.982 -2.032 -2.078 -2.121 -2.160 -2.196 -2.229 -2.259 -2.285 
-2.310 -2.331 -2.350 -2.367 -2.381 -2.393 -2.402 -2.410 -2.415 -2.418 
-2.419 -2.418 -2.415 -2.410 -2.402 -2.393 -2.383 -2.370 -2.355 -2.338 
-2.320 -2.300 -2.278 -2.255 -2.230 -2.204 -2.176 -2.147 -2.118 -2.087 
-2.056 -2.024 -1.993 -1.962 -1.931 -1.901 -1.872 -1.844 -1.818 -1.793 
-1.770 -1.748 -1.727 -1.708 -1.689 -1.671 -1.653 -1.635 -1.617 -1.597 
-1.576 -1.552 -1.526 -1.497 -1.464 -1.427 -1.385 -1.338 -1.285 -1.225 
-1.159 -1.087 -1.010 -0.931 -0.859 -0.809 -0.797 -0.825 -0.888 -0.976 
-1.079 -1.186 -1.292 -1.393 -1.488 -1.576 -1.658 -1.734 -1.803 -1.868 
-1.928 
-2.113 -2.185 -2.238 -2.288 -2.333 -2.374 -2.413 -2.447 -2.479 -2.508 
-2.534 -2.558 -2.579 -2.597 -2.613 -2.626 -2.637 -2.646 -2.653 -2.658 
-2.660 -2.660 -2.659 -2.655 -2.649 -2.641 -2.631 -2.619 -2.604 -2.588 
-2.570 -2.550 -2.528 -2.504 -2.478 -2.450 -2.421 -2.389 -2.356 -2.322 
-2.285 -2.248 -2.209 -2.170 -2.130 -2.089 -2.049 -2.008 -1.969 -1.930 
-1.893 -1.858 -1.825 -1.794 -1.765 -1.739 -1.714 -1.691 -1.668 -1.646 
-1.622 -1.597 -1.570 -1.539 -1.504 -1.464 -1.418 -1.364 -1.302 -1.229 
-1.145 -1.050 -0.944 -0.836 -0.744 -0.695 -0.710 -0.785 -0.899 -1.033 
-1.171 -1.306 -1.432 -1.548 -1.654 -1.751 -1.840 -1.921 -1.996 -2.064 
-2.097 
-1.987 -2.057 -2.120 -2.179 -2.233 -2.283 -2.329 -2.371 -2.410 -2.446 
-2.478 -2.508 -2.535 -2.560 -2.581 -2.601 -2.618 -2.632 -2.645 -2.655 
-2.663 -2.669 -2.673 -2.674 -2.674 -2.671 -2.667 -2.661 -2.652 -2.642 
-2.630 -2.615 -2.599 -2.581 -2.561 -2.539 -2.515 -2.489 -2.461 -2.432 
-2.401 -2.368 -2.333 -2.297 -2.260 -2.222 -2.182 -2.143 -2.103 -2.063 
-2.024 -1.985 -1.948 -1.912 -1.878 -1.845 -1.815 -1.785 -1.757 -1.730 
-1.703 -1.675 -1.646 -1.616 -1.583 -1.547 -1.507 -1.461 -1.409 -1.351 
-1.283 -1.207 -1.120 -1.026 -0.931 -0.848 -0.793 -0.777 -0.803 -0.869 
-0.961 -1.069 -1.186 -1.307 -1.427 -1.540 -1.645 -1.742 -1.831 -1.912 
-1.966 
-1.770 -1.819 -1.890 -1.955 -2.015 -2.071 -2.122 -2.170 -2.214 -2.255 
-2.292 -2.326 -2.358 -2.386 -2.412 -2.435 -2.456 -2.474 -2.489 -2.502 
-2.513 -2.522 -2.528 -2.532 -2.534 -2.534 -2.531 -2.527 -2.520 -2.511 
-2.500 -2.486 -2.471 -2.453 -2.434 -2.412 -2.388 -2.361 -2.333 -2.303 
-2.270 -2.236 -2.200 -2.162 -2.123 -2.082 -2.041 -1.999 -1.958 -1.917 
-1.876 -1.838 -1.802 -1.768 -1.737 -1.710 -1.685 -1.663 -1.643 -1.624 
-1.606 -1.587 -1.568 -1.546 -1.523 -1.498 -1.471 -1.443 -1.412 -1.380 
-1.345 -1.305 -1.260 -1.207 -1.146 -1.078 -1.007 -0.939 -0.884 -0.846 
-0.834 -0.861 -0.928 -1.025 -1.138 -1.255 -1.367 -1.473 -1.570 -1.660 
-1.739 
-1.759 -1.799 -1.854 -1.907 -1.959 -2.008 -2.056 -2.102 -2.146 -2.187 
-2.227 -2.264 -2.299 -2.332 -2.363 -2.391 -2.418 -2.442 -2.464 -2.484 
-2.502 -2.519 -2.533 -2.545 -2.555 -2.563 -2.569 -2.573 -2.575 -2.575 
-2.574 -2.570 -2.564 -2.556 -2.547 -2.535 -2.521 -2.505 -2.487 -2.466 
-2.444 -2.420 -2.393 -2.364 -2.333 -2.300 -2.266 -2.229 -2.190 -2.150 
-2.108 -2.065 -2.020 -1.974 -1.927 -1.878 -1.827 -1.775 -1.721 -1.665 
-1.607 -1.548 -1.489 -1.430 -1.374 -1.321 -1.273 -1.232 -1.200 -1.175 
-1.159 -1.150 -1.146 -1.148 -1.152 -1.157 -1.161 -1.163 -1.164 -1.166 
-1.177 -1.205 -1.253 -1.312 -1.376 -1.441 -1.504 -1.565 -1.625 -1.684 
-1.740 
-1.833 -1.915 -1.978 -2.036 -2.092 -2.144 -2.194 -2.241 -2.285 -2.327 
-2.366 -2.403 -2.438 -2.471 -2.502 -2.530 -2.556 -2.581 -2.603 -2.623 
-2.641 -2.658 -2.672 -2.685 -2.695 -2.704 -2.711 -2.716 -2.719 -2.720 
-2.720 -2.717 -2.713 -2.707 -2.699 -2.689 -2.677 -2.663 -2.647 -2.629 
-2.610 -2.588 -2.564 -2.538 -2.509 -2.479 -2.446 -2.411 -2.374 -2.334 
-2.292 -2.247 -2.199 -2.149 -2.097 -2.041 -1.983 -1.923 -1.859 -1.794 
-1.726 -1.656 -1.585 -1.514 -1.446 -1.387 -1.340 -1.306 -1.282 -1.266 
-1.256 -1.252 -1.254 -1.260 -1.272 -1.287 -1.306 -1.329 -1.353 -1.379 
-1.406 -1.432 -1.458 -1.482 -1.508 -1.539 -1.584 -1.642 -1.710 -1.780 
-1.820 
-1.741 -1.806 -1.917 -2.019 -2.113 -2.199 -2.279 -2.352 -2.419 -2.480 
-2.537 -2.590 -2.638 -2.683 -2.723 -2.761 -2.795 -2.827 -2.855 -2.881 
-2.904 -2.924 -2.942 -2.958 -2.971 -2.982 -2.990 -2.997 -3.001 -3.003 
-3.003 -3.000 -2.996 -2.989 -2.980 -2.969 -2.956 -2.941 -2.923 -2.903 
-2.881 -2.857 -2.830 -2.801 -2.769 -2.735 -2.698 -2.658 -2.616 -2.571 
-2.523 -2.471 -2.416 -2.357 -2.294 -2.226 -2.153 -2.073 -1.986 -1.892 
-1.790 -1.681 -1.567 -1.456 -1.357 -1.285 -1.249 -1.248 -1.274 -1.313 
-1.353 -1.388 -1.416 -1.435 -1.446 -1.447 -1.438 -1.420 -1.395 -1.367 
-1.339 -1.315 -1.291 -1.266 -1.248 -1.249 -1.284 -1.355 -1.454 -1.570 
-1.689 
-1.940 -2.037 -2.122 -2.200 -2.272 -2.338 -2.398 -2.454 -2.505 -2.552 
-2.595 -2.635 -2.671 -2.704 -2.734 -2.762 -2.786 -2.808 -2.828 -2.844 
-2.859 -2.871 -2.881 -2.889 -2.895 -2.898 -2.900 -2.899 -2.897 -2.892 
-2.885 -2.877 -2.866 -2.853 -2.839 -2.822 -2.804 -2.783 -2.761 -2.737 
-2.711 -2.683 -2.653 -2.621 -2.588 -2.554 -2.517 -2.480 -2.441 -2.401 
-2.360 -2.318 -2.275 -2.232 -2.189 -2.144 -2.099 -2.054 -2.008 -1.961 
-1.912 -1.862 -1.810 -1.757 -1.705 -1.661 -1.632 -1.618 -1.611 -1.603 
-1.589 -1.566 -1.532 -1.488 -1.434 -1.370 -1.300 -1.226 -1.156 -1.103 
-1.081 -1.102 -1.164 -1.252 -1.346 -1.441 -1.536 -1.637 -1.742 -1.845 
-1.916 
-2.112 -2.186 -2.266 -2.338 -2.405 -2.467 -2.524 -2.577 -2.626 -2.671 
-2.713 -2.752 -2.788 -2.821 -2.851 -2.879 -2.904 -2.927 -2.948 -2.966 
-2.982 -2.996 -3.008 -3.018 -3.026 -3.031 -3.035 -3.036 -3.035 -3.033 
-3.028 -3.021 -3.012 -3.001 -2.988 -2.972 -2.955 -2.935 -2.913 -2.888 
-2.862 -2.832 -2.801 -2.766 -2.729 -2.689 -2.647 -2.602 -2.553 -2.502 
-2.448 -2.390 -2.330 -2.267 -2.201 -2.133 -2.064 -1.995 -1.928 -1.863 
-1.805 -1.754 -1.711 -1.678 -1.652 -1.633 -1.616 -1.601 -1.583 -1.561 
-1.535 -1.503 -1.466 -1.425 -1.378 -1.325 -1.263 -1.191 -1.113 -1.044 
-1.006 -1.024 -1.104 -1.229 -1.375 -1.521 -1.659 -1.785 -1.900 -2.005 
-2.080 
-2.066 -2.138 -2.198 -2.253 -2.304 -2.352 -2.397 -2.440 -2.480 -2.518 
-2.553 -2.587 -2.619 -2.649 -2.677 -2.703 -2.728 -2.751 -2.773 -2.793 
-2.811 -2.827 -2.843 -2.856 -2.868 -2.878 -2.887 -2.894 -2.900 -2.904 
-2.906 -2.907 -2.906 -2.904 -2.900 -2.894 -2.886 -2.877 -2.866 -2.853 
-2.838 -2.821 -2.802 -2.782 -2.759 -2.734 -2.706 -2.676 -2.644 -2.609 
-2.572 -2.532 -2.488 -2.442 -2.393 -2.342 -2.287 -2.230 -2.172 -2.113 
-2.055 -1.997 -1.941 -1.887 -1.834 -1.780 -1.725 -1.667 -1.606 -1.543 
-1.481 -1.422 -1.373 -1.338 -1.319 -1.318 -1.330 -1.349 -1.366 -1.379 
-1.394 -1.427 -1.485 -1.556 -1.629 -1.702 -1.779 -1.856 -1.933 -2.006 
-2.053 
-1.915 -1.973 -2.066 -2.153 -2.234 -2.308 -2.378 -2.442 -2.501 -2.556 
-2.607 -2.654 -2.698 -2.738 -2.775 -2.810 -2.841 -2.870 -2.897 -2.920 
-2.942 -2.961 -2.978 -2.993 -3.006 -3.016 -3.025 -3.031 -3.035 -3.038 
-3.038 -3.036 -3.032 -3.027 -3.019 -3.009 -2.997 -2.983 -2.966 -2.948 
-2.927 -2.905 -2.879 -2.852 -2.822 -2.789 -2.755 -2.717 -2.677 -2.634 
-2.588 -2.539 -2.488 -2.433 -2.376 -2.317 -2.256 -2.193 -2.129 -2.067 
-2.006 -1.949 -1.897 -1.851 -1.813 -1.781 -1.755 -1.733 -1.712 -1.692 
-1.670 -1.646 -1.622 -1.597 -1.574 -1.551 -1.527 -1.498 -1.464 -1.428 
-1.395 -1.370 -1.355 -1.354 -1.372 -1.414 -1.481 -1.569 -1.668 -1.772 
-1.873 
-1.999 -2.078 -2.159 -2.234 -2.304 -2.368 -2.428 -2.484 -2.536 -2.584 
-2.629 -2.670 -2.708 -2.744 -2.776 -2.806 -2.833 -2.858 -2.881 -2.901 
-2.919 -2.935 -2.949 -2.960 -2.970 -2.978 -2.984 -2.988 -2.990 -2.990 
-2.988 -2.985 -2.979 -2.972 -2.963 -2.952 -2.940 -2.926 -2.910 -2.892 
-2.872 -2.851 -2.828 -2.804 -2.777 -2.749 -2.719 -2.688 -2.655 -2.620 
-2.584 -2.547 -2.508 -2.467 -2.426 -2.383 -2.340 -2.295 -2.251 -2.206 
-2.161 -2.118 -2.076 -2.035 -1.997 -1.960 -1.924 -1.887 -1.850 -1.810 
-1.768 -1.720 -1.668 -1.610 -1.545 -1.475 -1.399 -1.323 -1.251 -1.195 
-1.168 -1.177 -1.224 -1.298 -1.389 -1.489 -1.593 -1.698 -1.800 -1.899 
-1.972 
-2.097 -2.161 -2.240 -2.314 -2.383 -2.447 -2.507 -2.562 -2.614 -2.662 
-2.706 -2.748 -2.786 -2.821 -2.854 -2.883 -2.910 -2.935 -2.957 -2.977 
-2.995 -3.010 -3.023 -3.034 -3.043 -3.050 -3.054 -3.057 -3.058 -3.056 
-3.053 -3.048 -3.040 -3.031 -3.020 -3.006 -2.991 -2.974 -2.954 -2.933 
-2.910 -2.884 -2.857 -2.827 -2.796 -2.762 -2.726 -2.689 -2.649 -2.608 
-2.565 -2.520 -2.474 -2.426 -2.378 -2.329 -2.279 -2.230 -2.182 -2.135 
-2.090 -2.046 -2.004 -1.965 -1.928 -1.892 -1.858 -1.824 -1.791 -1.756 
-1.720 -1.682 -1.641 -1.596 -1.548 -1.497 -1.444 -1.391 -1.344 -1.307 
-1.288 -1.296 -1.334 -1.399 -1.485 -1.583 -1.687 -1.790 -1.891 -1.986 
-2.067 
-2.187 -2.269 -2.340 -2.408 -2.472 -2.532 -2.588 -2.641 -2.690 -2.737 
-2.780 -2.820 -2.858 -2.893 -2.925 -2.955 -2.982 -3.007 -3.030 -3.050 
-3.068 -3.084 -3.097 -3.109 -3.119 -3.126 -3.131 -3.135 -3.136 -3.136 
-3.133 -3.128 -3.122 -3.113 -3.103 -3.090 -3.075 -3.058 -3.040 -3.019 
-2.996 -2.970 -2.943 -2.913 -2.881 -2.847 -2.811 -2.772 -2.731 -2.688 
-2.642 -2.594 -2.544 -2.492 -2.438 -2.382 -2.325 -2.267 -2.207 -2.147 
-2.087 -2.027 -1.968 -1.910 -1.853 -1.798 -1.744 -1.691 -1.639 -1.587 
-1.535 -1.483 -1.432 -1.383 -1.340 -1.304 -1.278 -1.266 -1.270 -1.294 
-1.337 -1.398 -1.473 -1.559 -1.653 -1.749 -1.844 -1.937 -2.027 -2.112 
-2.165 
-2.094 -2.148 -2.218 -2.286 -2.351 -2.413 -2.472 -2.529 -2.583 -2.633 
-2.682 -2.727 -2.770 -2.811 -2.849 -2.884 -2.917 -2.948 -2.977 -3.004 
-3.028 -3.050 -3.070 -3.088 -3.104 -3.118 -3.130 -3.140 -3.148 -3.154 
-3.158 -3.160 -3.161 -3.159 -3.156 -3.150 -3.143 -3.133 -3.122 -3.108 
-3.093 -3.075 -3.056 -3.034 -3.010 -2.984 -2.956 -2.925 -2.892 -2.857 
-2.819 -2.778 -2.735 -2.690 -2.641 -2.590 -2.536 -2.480 -2.420 -2.358 
-2.293 -2.225 -2.154 -2.080 -2.003 -1.923 -1.841 -1.755 -1.667 -1.578 
-1.490 -1.406 -1.331 -1.268 -1.223 -1.197 -1.190 -1.199 -1.223 -1.257 
-1.303 -1.361 -1.430 -1.507 -1.589 -1.673 -1.757 -1.839 -1.920 -1.998 
-2.069 
-2.054 -2.133 -2.220 -2.301 -2.376 -2.446 -2.512 -2.574 -2.632 -2.686 
-2.737 -2.785 -2.830 -2.872 -2.911 -2.947 -2.981 -3.013 -3.042 -3.069 
-3.094 -3.116 -3.137 -3.155 -3.171 -3.186 -3.198 -3.208 -3.217 -3.224 
-3.228 -3.231 -3.232 -3.231 -3.228 -3.224 -3.217 -3.209 -3.199 -3.186 
-3.172 -3.156 -3.138 -3.119 -3.097 -3.073 -3.046 -3.018 -2.988 -2.955 
-2.920 -2.883 -2.843 -2.800 -2.755 -2.707 -2.655 -2.601 -2.543 -2.481 
-2.416 -2.348 -2.279 -2.210 -2.144 -2.084 -2.028 -1.972 -1.915 -1.853 
-1.787 -1.718 -1.647 -1.578 -1.512 -1.450 -1.390 -1.334 -1.284 -1.248 
-1.234 -1.249 -1.291 -1.352 -1.418 -1.491 -1.587 -1.705 -1.825 -1.937 
-2.024 
-2.077 -2.175 -2.305 -2.421 -2.525 -2.619 -2.705 -2.783 -2.855 -2.922 
-2.983 -3.039 -3.091 -3.139 -3.183 -3.223 -3.261 -3.295 -3.326 -3.355 
-3.381 -3.404 -3.424 -3.442 -3.458 -3.471 -3.482 -3.491 -3.497 -3.502 
-3.504 -3.503 -3.501 -3.496 -3.489 -3.480 -3.468 -3.454 -3.438 -3.419 
-3.398 -3.374 -3.348 -3.319 -3.287 -3.252 -3.213 -3.172 -3.127 -3.078 
-3.025 -2.968 -2.907 -2.841 -2.769 -2.692 -2.609 -2.520 -2.425 -2.324 
-2.220 -2.116 -2.015 -1.927 -1.859 -1.817 -1.802 -1.809 -1.830 -1.854 
-1.875 -1.890 -1.894 -1.887 -1.869 -1.838 -1.797 -1.745 -1.685 -1.619 
-1.549 -1.472 -1.392 -1.330 -1.294 -1.293 -1.365 -1.509 -1.687 -1.866 
-2.014 
-2.250 -2.382 -2.502 -2.611 -2.709 -2.798 -2.880 -2.955 -3.024 -3.087 
-3.146 -3.200 -3.249 -3.295 -3.337 -3.375 -3.411 -3.443 -3.472 -3.498 
-3.522 -3.543 -3.561 -3.577 -3.590 -3.601 -3.610 -3.616 -3.620 -3.622 
-3.621 -3.618 -3.612 -3.605 -3.595 -3.582 -3.567 -3.550 -3.530 -3.508 
-3.483 -3.455 -3.424 -3.391 -3.354 -3.314 -3.271 -3.224 -3.173 -3.119 
-3.060 -2.997 -2.928 -2.855 -2.775 -2.690 -2.598 -2.500 -2.394 -2.282 
-2.165 -2.046 -1.930 -1.824 -1.740 -1.685 -1.664 -1.673 -1.700 -1.735 
-1.769 -1.796 -1.813 -1.818 -1.810 -1.788 -1.749 -1.691 -1.613 -1.511 
-1.388 -1.258 -1.161 -1.150 -1.232 -1.371 -1.546 -1.739 -1.926 -2.096 
-2.213 
-2.324 -2.424 -2.557 -2.676 -2.784 -2.881 -2.969 -3.050 -3.124 -3.191 
-3.254 -3.312 -3.365 -3.413 -3.458 -3.499 -3.537 -3.572 -3.603 -3.631 
-3.657 -3.680 -3.700 -3.717 -3.732 -3.745 -3.755 -3.763 -3.768 -3.771 
-3.771 -3.770 -3.765 -3.759 -3.750 -3.739 -3.725 -3.709 -3.690 -3.669 
-3.644 -3.618 -3.588 -3.555 -3.519 -3.480 -3.437 -3.391 -3.341 -3.286 
-3.227 -3.163 -3.093 -3.018 -2.935 -2.845 -2.746 -2.638 -2.518 -2.385 
-2.244 -2.107 -1.996 -1.909 -1.831 -1.771 -1.745 -1.757 -1.796 -1.848 
-1.900 -1.945 -1.979 -2.001 -2.009 -2.002 -1.980 -1.941 -1.883 -1.804 
-1.701 -1.577 -1.444 -1.333 -1.273 -1.331 -1.492 -1.700 -1.911 -2.104 
-2.261 
-2.533 -2.671 -2.803 -2.919 -3.024 -3.118 -3.203 -3.280 -3.351 -3.416 
-3.476 -3.530 -3.580 -3.626 -3.668 -3.707 -3.741 -3.773 -3.802 -3.827 
-3.850 -3.870 -3.887 -3.901 -3.913 -3.923 -3.929 -3.934 -3.936 -3.935 
-3.932 -3.927 -3.919 -3.909 -3.896 -3.880 -3.862 -3.841 -3.818 -3.791 
-3.761 -3.728 -3.692 -3.652 -3.609 -3.562 -3.510 -3.453 -3.392 -3.325 
-3.252 -3.171 -3.083 -2.986 -2.878 -2.758 -2.624 -2.473 -2.305 -2.122 
-1.943 -1.806 -1.752 -1.789 -1.873 -1.962 -2.041 -2.113 -2.180 -2.239 
-2.288 -2.324 -2.347 -2.356 -2.352 -2.333 -2.298 -2.246 -2.174 -2.077 
-1.948 -1.777 -1.555 -1.331 -1.242 -1.357 -1.615 -1.899 -2.143 -2.348 
-2.485 
-2.469 -2.632 -2.759 -2.872 -2.974 -3.066 -3.150 -3.227 -3.297 -3.362 
-3.421 -3.475 -3.525 -3.571 -3.613 -3.652 -3.687 -3.719 -3.747 -3.773 
-3.796 -3.816 -3.834 -3.849 -3.861 -3.871 -3.878 -3.883 -3.885 -3.885 
-3.883 -3.878 -3.871 -3.861 -3.849 -3.834 -3.817 -3.796 -3.773 -3.748 
-3.719 -3.687 -3.652 -3.613 -3.571 -3.525 -3.475 -3.420 -3.360 -3.295 
-3.224 -3.146 -3.061 -2.968 -2.865 -2.751 -2.624 -2.483 -2.328 -2.162 
-1.998 -1.863 -1.795 -1.806 -1.873 -1.961 -2.044 -2.112 -2.163 -2.200 
-2.226 -2.243 -2.250 -2.248 -2.234 -2.207 -2.166 -2.106 -2.023 -1.912 
-1.760 -1.558 -1.328 -1.178 -1.233 -1.449 -1.708 -1.941 -2.147 -2.330 
-2.438 
-2.173 -2.253 -2.389 -2.512 -2.623 -2.724 -2.816 -2.901 -2.979 -3.051 
-3.117 -3.178 -3.234 -3.286 -3.334 -3.379 -3.420 -3.457 -3.492 -3.523 
-3.552 -3.577 -3.600 -3.621 -3.639 -3.654 -3.667 -3.678 -3.686 -3.692 
-3.696 -3.697 -3.697 -3.694 -3.688 -3.681 -3.671 -3.658 -3.644 -3.627 
-3.607 -3.585 -3.560 -3.533 -3.502 -3.469 -3.433 -3.394 -3.351 -3.305 
-3.255 -3.201 -3.142 -3.079 -3.010 -2.935 -2.853 -2.764 -2.666 -2.558 
-2.444 -2.335 -2.251 -2.200 -2.164 -2.127 -2.085 -2.044 -2.010 -1.985 
-1.970 -1.962 -1.958 -1.955 -1.948 -1.935 -1.914 -1.882 -1.837 -1.776 
-1.699 -1.600 -1.478 -1.361 -1.335 -1.364 -1.448 -1.589 -1.762 -1.938 
-2.103 
-2.362 -2.483 -2.595 -2.696 -2.790 -2.875 -2.954 -3.027 -3.094 -3.156 
-3.214 -3.267 -3.316 -3.362 -3.404 -3.442 -3.478 -3.510 -3.540 -3.566 
-3.590 -3.612 -3.631 -3.647 -3.662 -3.673 -3.683 -3.690 -3.695 -3.698 
-3.699 -3.697 -3.693 -3.687 -3.679 -3.668 -3.655 -3.640 -3.623 -3.603 
-3.581 -3.556 -3.529 -3.499 -3.466 -3.431 -3.392 -3.351 -3.307 -3.259 
-3.208 -3.154 -3.096 -3.034 -2.969 -2.900 -2.827 -2.751 -2.672 -2.591 
-2.509 -2.428 -2.350 -2.278 -2.214 -2.161 -2.119 -2.089 -2.068 -2.055 
-2.046 -2.038 -2.028 -2.015 -1.995 -1.967 -1.931 -1.885 -1.831 -1.773 
-1.715 -1.665 -1.631 -1.620 -1.639 -1.695 -1.799 -1.936 -2.085 -2.228 
-2.328 
-2.539 -2.636 -2.730 -2.816 -2.897 -2.971 -3.040 -3.104 -3.164 -3.219 
-3.270 -3.318 -3.362 -3.403 -3.441 -3.476 -3.508 -3.537 -3.564 -3.588 
-3.610 -3.629 -3.646 -3.661 -3.674 -3.684 -3.693 -3.699 -3.703 -3.705 
-3.705 -3.702 -3.698 -3.692 -3.684 -3.673 -3.660 -3.646 -3.629 -3.610 
-3.589 -3.565 -3.540 -3.512 -3.481 -3.449 -3.413 -3.376 -3.335 -3.293 
-3.247 -3.199 -3.148 -3.095 -3.039 -2.980 -2.919 -2.856 -2.790 -2.723 
-2.656 -2.588 -2.522 -2.458 -2.397 -2.341 -2.291 -2.244 -2.202 -2.162 
-2.122 -2.082 -2.040 -1.993 -1.942 -1.884 -1.820 -1.752 -1.684 -1.624 
-1.586 -1.579 -1.609 -1.674 -1.775 -1.902 -2.039 -2.175 -2.304 -2.423 
-2.509 
-2.357 -2.480 -2.589 -2.692 -2.789 -2.880 -2.964 -3.042 -3.114 -3.182 
-3.244 -3.301 -3.355 -3.404 -3.449 -3.491 -3.530 -3.566 -3.598 -3.628 
-3.655 -3.679 -3.701 -3.720 -3.736 -3.751 -3.763 -3.773 -3.780 -3.786 
-3.789 -3.790 -3.789 -3.785 -3.780 -3.772 -3.762 -3.750 -3.736 -3.720 
-3.701 -3.680 -3.657 -3.631 -3.603 -3.573 -3.540 -3.504 -3.466 -3.425 
-3.382 -3.335 -3.286 -3.235 -3.180 -3.123 -3.063 -3.001 -2.937 -2.871 
-2.804 -2.737 -2.670 -2.604 -2.540 -2.479 -2.422 -2.368 -2.317 -2.268 
-2.222 -2.178 -2.135 -2.094 -2.053 -2.010 -1.961 -1.905 -1.840 -1.766 
-1.688 -1.616 -1.565 -1.562 -1.622 -1.733 -1.869 -2.004 -2.131 -2.251 
-2.325 
-2.076 -2.131 -2.239 -2.349 -2.458 -2.563 -2.662 -2.756 -2.844 -2.926 
-3.002 -3.074 -3.140 -3.202 -3.260 -3.313 -3.363 -3.409 -3.452 -3.492 
-3.528 -3.561 -3.592 -3.620 -3.645 -3.668 -3.688 -3.706 -3.721 -3.734 
-3.745 -3.753 -3.760 -3.764 -3.766 -3.765 -3.763 -3.758 -3.751 -3.742 
-3.731 -3.717 -3.702 -3.683 -3.663 -3.640 -3.615 -3.587 -3.557 -3.524 
-3.488 -3.450 -3.409 -3.365 -3.318 -3.268 -3.215 -3.159 -3.099 -3.036 
-2.970 -2.901 -2.828 -2.752 -2.673 -2.591 -2.505 -2.417 -2.327 -2.238 
-2.153 -2.076 -2.012 -1.964 -1.933 -1.915 -1.906 -1.900 -1.892 -1.877 
-1.852 -1.818 -1.781 -1.754 -1.748 -1.759 -1.784 -1.822 -1.873 -1.943 
-2.038 
-2.202 -2.321 -2.437 -2.547 -2.650 -2.747 -2.837 -2.921 -2.999 -3.071 
-3.138 -3.200 -3.258 -3.311 -3.361 -3.407 -3.449 -3.488 -3.524 -3.557 
-3.588 -3.615 -3.640 -3.662 -3.682 -3.700 -3.715 -3.728 -3.738 -3.747 
-3.753 -3.757 -3.759 -3.759 -3.757 -3.753 -3.747 -3.739 -3.728 -3.716 
-3.702 -3.685 -3.666 -3.646 -3.623 -3.598 -3.571 -3.542 -3.510 -3.477 
-3.441 -3.403 -3.363 -3.321 -3.277 -3.231 -3.183 -3.134 -3.083 -3.030 
-2.976 -2.922 -2.866 -2.809 -2.751 -2.691 -2.628 -2.563 -2.493 -2.419 
-2.342 -2.266 -2.199 -2.149 -2.118 -2.101 -2.088 -2.070 -2.042 -2.002 
-1.948 -1.883 -1.811 -1.745 -1.704 -1.707 -1.760 -1.851 -1.962 -2.081 
-2.165 
-2.178 -2.268 -2.379 -2.488 -2.594 -2.696 -2.791 -2.881 -2.966 -3.045 
-3.119 -3.188 -3.252 -3.312 -3.368 -3.420 -3.468 -3.513 -3.555 -3.594 
-3.629 -3.662 -3.692 -3.719 -3.743 -3.766 -3.785 -3.802 -3.817 -3.830 
-3.840 -3.849 -3.855 -3.858 -3.860 -3.859 -3.857 -3.852 -3.845 -3.835 
-3.824 -3.810 -3.794 -3.776 -3.756 -3.733 -3.707 -3.679 -3.649 -3.616 
-3.580 -3.542 -3.500 -3.456 -3.408 -3.357 -3.303 -3.245 -3.183 -3.118 
-3.047 -2.972 -2.892 -2.807 -2.715 -2.616 -2.511 -2.398 -2.279 -2.155 
-2.031 -1.917 -1.826 -1.769 -1.751 -1.764 -1.793 -1.825 -1.853 -1.871 
-1.878 -1.874 -1.861 -1.843 -1.829 -1.831 -1.857 -1.905 -1.974 -2.061 
-2.144 
-2.022 -2.139 -2.264 -2.386 -2.500 -2.606 -2.705 -2.797 -2.883 -2.962 
-3.036 -3.104 -3.168 -3.228 -3.283 -3.334 -3.382 -3.426 -3.467 -3.505 
-3.540 -3.572 -3.601 -3.628 -3.652 -3.673 -3.692 -3.709 -3.723 -3.736 
-3.745 -3.753 -3.758 -3.761 -3.762 -3.761 -3.758 -3.752 -3.745 -3.735 
-3.723 -3.708 -3.691 -3.672 -3.651 -3.627 -3.601 -3.572 -3.540 -3.506 
-3.468 -3.428 -3.385 -3.338 -3.288 -3.235 -3.178 -3.117 -3.053 -2.984 
-2.911 -2.834 -2.753 -2.667 -2.579 -2.488 -2.396 -2.304 -2.217 -2.136 
-2.065 -2.007 -1.963 -1.935 -1.924 -1.924 -1.928 -1.932 -1.931 -1.923 
-1.909 -1.889 -1.863 -1.836 -1.813 -1.799 -1.800 -1.820 -1.859 -1.923 
-1.991 
-1.877 -1.969 -2.138 -2.306 -2.463 -2.605 -2.732 -2.846 -2.950 -3.044 
-3.130 -3.209 -3.281 -3.347 -3.408 -3.465 -3.517 -3.565 -3.609 -3.649 
-3.686 -3.720 -3.751 -3.779 -3.804 -3.827 -3.847 -3.864 -3.879 -3.892 
-3.902 -3.909 -3.915 -3.918 -3.919 -3.917 -3.914 -3.908 -3.899 -3.889 
-3.876 -3.861 -3.843 -3.823 -3.800 -3.775 -3.747 -3.716 -3.683 -3.646 
-3.607 -3.564 -3.519 -3.469 -3.417 -3.360 -3.300 -3.235 -3.167 -3.094 
-3.016 -2.934 -2.847 -2.755 -2.660 -2.560 -2.460 -2.362 -2.271 -2.197 
-2.145 -2.119 -2.115 -2.125 -2.142 -2.158 -2.169 -2.171 -2.163 -2.142 
-2.107 -2.055 -1.988 -1.912 -1.851 -1.825 -1.811 -1.779 -1.744 -1.750 
-1.830 
-2.146 -2.299 -2.445 -2.580 -2.700 -2.809 -2.907 -2.995 -3.076 -3.150 
-3.218 -3.280 -3.338 -3.391 -3.440 -3.484 -3.526 -3.564 -3.598 -3.630 
-3.659 -3.685 -3.708 -3.729 -3.747 -3.763 -3.776 -3.787 -3.796 -3.803 
-3.807 -3.809 -3.809 -3.806 -3.802 -3.795 -3.786 -3.775 -3.761 -3.745 
-3.727 -3.707 -3.684 -3.659 -3.631 -3.601 -3.568 -3.532 -3.493 -3.452 
-3.408 -3.361 -3.310 -3.257 -3.200 -3.140 -3.077 -3.010 -2.940 -2.867 
-2.792 -2.715 -2.637 -2.559 -2.485 -2.418 -2.361 -2.314 -2.277 -2.246 
-2.223 -2.204 -2.190 -2.175 -2.157 -2.131 -2.097 -2.051 -1.992 -1.918 
-1.825 -1.715 -1.594 -1.483 -1.421 -1.447 -1.563 -1.724 -1.876 -2.011 
-2.107 
-2.310 -2.459 -2.599 -2.725 -2.839 -2.943 -3.037 -3.123 -3.203 -3.276 
-3.343 -3.405 -3.462 -3.515 -3.563 -3.608 -3.650 -3.688 -3.722 -3.754 
-3.783 -3.809 -3.832 -3.853 -3.871 -3.887 -3.900 -3.911 -3.919 -3.925 
-3.929 -3.931 -3.930 -3.927 -3.922 -3.914 -3.904 -3.892 -3.877 -3.860 
-3.841 -3.818 -3.794 -3.766 -3.736 -3.703 -3.667 -3.628 -3.585 -3.539 
-3.490 -3.436 -3.379 -3.316 -3.250 -3.178 -3.100 -3.017 -2.928 -2.833 
-2.732 -2.627 -2.520 -2.416 -2.322 -2.248 -2.200 -2.180 -2.182 -2.199 
-2.220 -2.241 -2.256 -2.263 -2.262 -2.251 -2.229 -2.196 -2.148 -2.085 
-2.003 -1.901 -1.777 -1.640 -1.525 -1.489 -1.570 -1.738 -1.936 -2.128 
-2.261 
-1.959 -2.093 -2.251 -2.405 -2.545 -2.669 -2.780 -2.880 -2.971 -3.054 
-3.130 -3.200 -3.265 -3.325 -3.380 -3.431 -3.478 -3.522 -3.562 -3.599 
-3.633 -3.664 -3.692 -3.718 -3.741 -3.761 -3.779 -3.795 -3.808 -3.819 
-3.828 -3.834 -3.838 -3.840 -3.840 -3.838 -3.833 -3.827 -3.818 -3.807 
-3.793 -3.778 -3.760 -3.740 -3.717 -3.692 -3.665 -3.635 -3.602 -3.567 
-3.529 -3.487 -3.443 -3.396 -3.345 -3.291 -3.234 -3.172 -3.107 -3.038 
-2.964 -2.887 -2.808 -2.727 -2.648 -2.575 -2.513 -2.460 -2.415 -2.373 
-2.333 -2.295 -2.264 -2.241 -2.224 -2.209 -2.191 -2.167 -2.135 -2.095 
-2.044 -1.982 -1.909 -1.827 -1.746 -1.693 -1.697 -1.747 -1.816 -1.888 
-1.925 
-1.638 -1.691 -1.866 -2.076 -2.279 -2.460 -2.618 -2.759 -2.883 -2.994 
-3.095 -3.186 -3.269 -3.345 -3.415 -3.479 -3.539 -3.593 -3.643 -3.689 
-3.732 -3.771 -3.807 -3.839 -3.869 -3.895 -3.919 -3.941 -3.959 -3.976 
-3.989 -4.000 -4.000 -4.000 -4.000 -4.000 -4.000 -4.000 -4.000 -4.000 
-3.999 -3.988 -3.974 -3.957 -3.939 -3.917 -3.894 -3.867 -3.838 -3.807 
-3.772 -3.735 -3.694 -3.650 -3.603 -3.553 -3.499 -3.441 -3.379 -3.312 
-3.241 -3.165 -3.084 -2.998 -2.906 -2.807 -2.702 -2.592 -2.477 -2.363 
-2.258 -2.173 -2.118 -2.097 -2.105 -2.130 -2.161 -2.188 -2.207 -2.214 
-2.208 -2.188 -2.154 -2.107 -2.047 -1.979 -1.905 -1.820 -1.720 -1.630 
-1.624 
