IRGRID 64 91
1e+308

0.025 0.03 0.035 0.04 0.045 0.05 0.055 0.06 0.065 0.07
0.075 0.08 0.085 0.09 0.095 0.1 0.11 0.12 0.13 0.14
0.15 0.16 0.17 0.18 0.19 0.2 0.21 0.22 0.23 0.24
0.25 0.26 0.27 0.28 0.29 0.3 0.31 0.32 0.33 0.34
0.35 0.36 0.37 0.38 0.39 0.4 0.41 0.42 0.43 0.44
0.45 0.46 0.47 0.48 0.49 0.5 0.51 0.52 0.53 0.54
0.55 0.56 0.57 0.58
0 4 8 12 16 20 24 28 32 36
40 44 48 52 56 60 64 68 72 76
80 84 88 92 96 100 104 108 112 116
120 124 128 132 136 140 144 148 152 156
160 164 168 172 176 180 184 188 192 196
200 204 208 212 216 220 224 228 232 236
240 244 248 252 256 260 264 268 272 276
280 284 288 292 296 300 304 308 312 316
320 324 328 332 336 340 344 348 352 356
360
-3.991 -4.000 -4.000 -4.000 -3.986 -3.967 -3.948 -3.931 -3.917 -3.907 
-3.902 -3.902 -3.909 -3.921 -3.937 -3.956 -3.977 -3.999 -4.000 -4.000 
-4.000 -4.000 -4.000 -4.000 -4.000 -4.000 -4.000 -4.000 -4.000 -4.000 
-4.000 -4.000 -4.000 -4.000 -4.000 -4.000 -4.000 -4.000 -3.975 -3.940 
-3.901 -3.858 -3.810 -3.757 -3.699 -3.636 -3.567 -3.493 -3.415 -3.335 
-3.255 -3.183 -3.126 -3.093 -3.090 -3.117 -3.168 -3.236 -3.311 -3.389 
-3.466 -3.539 -3.607 -3.670 -3.728 -3.781 -3.829 -3.873 -3.912 -3.948 
-3.979 -4.000 -4.000 -4.000 -4.000 -4.000 -4.000 -4.000 -4.000 -4.000 
-4.000 -4.000 -4.000 -4.000 -4.000 -4.000 -4.000 -4.000 -4.000 -4.000 
-3.991 
-3.617 -3.600 -3.572 -3.543 -3.512 -3.482 -3.452 -3.426 -3.403 -3.385 
-3.374 -3.370 -3.373 -3.383 -3.397 -3.414 -3.434 -3.454 -3.473 -3.491 
-3.506 -3.519 -3.529 -3.538 -3.544 -3.549 -3.553 -3.555 -3.558 -3.559 
-3.561 -3.562 -3.562 -3.561 -3.558 -3.553 -3.546 -3.536 -3.523 -3.506 
-3.484 -3.458 -3.426 -3.389 -3.346 -3.295 -3.238 -3.174 -3.104 -3.029 
-2.954 -2.885 -2.832 -2.804 -2.806 -2.837 -2.885 -2.939 -2.989 -3.027 
-3.049 -3.056 -3.050 -3.039 -3.030 -3.033 -3.054 -3.094 -3.148 -3.210 
-3.275 -3.339 -3.399 -3.453 -3.503 -3.546 -3.583 -3.616 -3.642 -3.664 
-3.681 -3.694 -3.702 -3.706 -3.705 -3.701 -3.693 -3.681 -3.666 -3.647 
-3.629 
-3.318 -3.317 -3.302 -3.282 -3.258 -3.231 -3.202 -3.176 -3.153 -3.139 
-3.134 -3.138 -3.147 -3.158 -3.169 -3.177 -3.181 -3.180 -3.176 -3.169 
-3.159 -3.147 -3.134 -3.121 -3.109 -3.098 -3.088 -3.081 -3.076 -3.074 
-3.074 -3.076 -3.080 -3.085 -3.090 -3.097 -3.102 -3.107 -3.111 -3.113 
-3.114 -3.111 -3.106 -3.097 -3.085 -3.069 -3.047 -3.021 -2.989 -2.951 
-2.907 -2.858 -2.806 -2.755 -2.710 -2.675 -2.652 -2.636 -2.617 -2.588 
-2.549 -2.502 -2.453 -2.409 -2.378 -2.367 -2.380 -2.418 -2.474 -2.543 
-2.618 -2.694 -2.769 -2.840 -2.906 -2.967 -3.023 -3.074 -3.120 -3.162 
-3.198 -3.230 -3.258 -3.282 -3.301 -3.316 -3.327 -3.334 -3.336 -3.334 
-3.316 
-3.088 -3.034 -2.984 -2.930 -2.873 -2.817 -2.763 -2.717 -2.683 -2.665 
-2.665 -2.683 -2.714 -2.754 -2.796 -2.838 -2.876 -2.910 -2.941 -2.969 
-2.996 -3.022 -3.047 -3.073 -3.097 -3.120 -3.141 -3.160 -3.177 -3.192 
-3.205 -3.215 -3.223 -3.228 -3.230 -3.230 -3.226 -3.219 -3.208 -3.193 
-3.174 -3.151 -3.122 -3.089 -3.049 -3.004 -2.952 -2.892 -2.825 -2.750 
-2.666 -2.575 -2.479 -2.384 -2.297 -2.223 -2.159 -2.099 -2.082 -2.161 
-2.296 -2.425 -2.528 -2.606 -2.666 -2.717 -2.768 -2.822 -2.879 -2.937 
-2.994 -3.046 -3.094 -3.136 -3.172 -3.203 -3.228 -3.248 -3.263 -3.273 
-3.279 -3.280 -3.276 -3.268 -3.255 -3.238 -3.216 -3.189 -3.158 -3.121 
-3.108 
-3.013 -3.039 -3.020 -2.997 -2.971 -2.942 -2.910 -2.878 -2.846 -2.817 
-2.789 -2.763 -2.737 -2.710 -2.682 -2.654 -2.628 -2.605 -2.588 -2.577 
-2.574 -2.577 -2.586 -2.599 -2.614 -2.630 -2.646 -2.660 -2.673 -2.684 
-2.694 -2.702 -2.708 -2.712 -2.715 -2.717 -2.716 -2.714 -2.709 -2.702 
-2.692 -2.680 -2.663 -2.643 -2.619 -2.589 -2.555 -2.514 -2.466 -2.411 
-2.346 -2.271 -2.183 -2.079 -1.959 -1.818 -1.663 -1.522 -1.451 -1.476 
-1.548 -1.614 -1.681 -1.775 -1.895 -2.023 -2.147 -2.262 -2.365 -2.458 
-2.541 -2.616 -2.682 -2.742 -2.795 -2.842 -2.885 -2.922 -2.955 -2.984 
-3.008 -3.029 -3.046 -3.059 -3.069 -3.076 -3.078 -3.078 -3.073 -3.066 
-3.017 
-2.431 -2.467 -2.463 -2.461 -2.462 -2.465 -2.471 -2.479 -2.487 -2.494 
-2.500 -2.503 -2.503 -2.500 -2.494 -2.485 -2.473 -2.460 -2.444 -2.428 
-2.412 -2.395 -2.378 -2.360 -2.343 -2.326 -2.309 -2.293 -2.278 -2.265 
-2.253 -2.242 -2.233 -2.225 -2.218 -2.211 -2.205 -2.199 -2.193 -2.185 
-2.176 -2.165 -2.152 -2.136 -2.117 -2.095 -2.068 -2.037 -2.001 -1.959 
-1.910 -1.853 -1.786 -1.707 -1.611 -1.493 -1.339 -1.119 -0.804 -0.753 
-0.939 -0.998 -1.035 -1.109 -1.219 -1.347 -1.477 -1.599 -1.711 -1.812 
-1.903 -1.984 -2.057 -2.123 -2.181 -2.233 -2.279 -2.320 -2.355 -2.386 
-2.413 -2.434 -2.452 -2.466 -2.476 -2.482 -2.485 -2.485 -2.482 -2.478 
-2.430 
-1.985 -1.954 -1.945 -1.942 -1.946 -1.957 -1.975 -2.000 -2.030 -2.063 
-2.099 -2.137 -2.174 -2.210 -2.244 -2.277 -2.307 -2.334 -2.358 -2.380 
-2.399 -2.415 -2.428 -2.439 -2.447 -2.453 -2.456 -2.458 -2.458 -2.456 
-2.453 -2.448 -2.441 -2.433 -2.423 -2.411 -2.397 -2.381 -2.361 -2.340 
-2.314 -2.285 -2.253 -2.216 -2.174 -2.126 -2.073 -2.013 -1.944 -1.867 
-1.778 -1.677 -1.558 -1.417 -1.245 -1.028 -0.740 -0.352 -0.004 -0.074 
-0.395 -0.733 -0.973 -1.152 -1.301 -1.429 -1.539 -1.634 -1.715 -1.786 
-1.846 -1.898 -1.942 -1.979 -2.011 -2.037 -2.057 -2.073 -2.084 -2.091 
-2.094 -2.093 -2.088 -2.080 -2.069 -2.055 -2.039 -2.021 -2.002 -1.984 
-1.992 
-1.964 -1.974 -1.976 -1.980 -1.985 -1.992 -2.000 -2.009 -2.020 -2.031 
-2.042 -2.054 -2.065 -2.075 -2.085 -2.094 -2.102 -2.109 -2.114 -2.118 
-2.121 -2.122 -2.122 -2.120 -2.116 -2.111 -2.104 -2.096 -2.086 -2.075 
-2.062 -2.048 -2.032 -2.016 -1.997 -1.978 -1.957 -1.935 -1.911 -1.885 
-1.857 -1.826 -1.793 -1.756 -1.715 -1.670 -1.619 -1.562 -1.499 -1.426 
-1.343 -1.247 -1.133 -0.997 -0.828 -0.608 -0.304 0.072 0.329 0.210 
0.037 0.204 0.000 -0.415 -0.705 -0.914 -1.074 -1.203 -1.311 -1.402 
-1.481 -1.550 -1.610 -1.662 -1.709 -1.750 -1.786 -1.817 -1.845 -1.869 
-1.889 -1.907 -1.922 -1.934 -1.944 -1.952 -1.958 -1.963 -1.966 -1.969 
-1.962 
-1.662 -1.711 -1.714 -1.718 -1.724 -1.731 -1.739 -1.749 -1.759 -1.769 
-1.780 -1.789 -1.797 -1.803 -1.807 -1.809 -1.809 -1.806 -1.801 -1.794 
-1.785 -1.774 -1.761 -1.747 -1.731 -1.713 -1.695 -1.675 -1.655 -1.635 
-1.614 -1.592 -1.571 -1.549 -1.527 -1.505 -1.483 -1.461 -1.438 -1.415 
-1.391 -1.365 -1.339 -1.310 -1.279 -1.244 -1.207 -1.165 -1.119 -1.066 
-1.007 -0.938 -0.859 -0.767 -0.656 -0.520 -0.345 -0.107 0.182 0.343 
0.588 0.835 0.709 0.341 -0.037 -0.311 -0.518 -0.684 -0.822 -0.940 
-1.042 -1.131 -1.209 -1.279 -1.341 -1.396 -1.445 -1.489 -1.527 -1.561 
-1.590 -1.616 -1.637 -1.655 -1.670 -1.681 -1.690 -1.697 -1.702 -1.705 
-1.659 
-1.235 -1.207 -1.201 -1.199 -1.200 -1.205 -1.214 -1.227 -1.243 -1.261 
-1.283 -1.307 -1.333 -1.360 -1.389 -1.419 -1.448 -1.477 -1.506 -1.532 
-1.557 -1.580 -1.600 -1.618 -1.633 -1.645 -1.655 -1.662 -1.667 -1.669 
-1.668 -1.665 -1.659 -1.652 -1.641 -1.629 -1.613 -1.596 -1.575 -1.552 
-1.526 -1.497 -1.464 -1.427 -1.386 -1.341 -1.290 -1.232 -1.168 -1.096 
-1.013 -0.920 -0.811 -0.684 -0.533 -0.348 -0.114 0.175 0.451 0.591 
0.880 0.660 0.260 -0.094 -0.336 -0.512 -0.650 -0.763 -0.856 -0.934 
-1.001 -1.058 -1.107 -1.148 -1.183 -1.211 -1.235 -1.254 -1.268 -1.278 
-1.284 -1.286 -1.286 -1.282 -1.276 -1.268 -1.258 -1.247 -1.236 -1.225 
-1.238 
-1.158 -1.169 -1.156 -1.143 -1.130 -1.117 -1.105 -1.094 -1.086 -1.081 
-1.081 -1.086 -1.097 -1.113 -1.136 -1.162 -1.193 -1.226 -1.261 -1.296 
-1.330 -1.364 -1.396 -1.426 -1.454 -1.480 -1.503 -1.524 -1.541 -1.556 
-1.568 -1.578 -1.584 -1.587 -1.588 -1.585 -1.580 -1.571 -1.559 -1.544 
-1.525 -1.502 -1.476 -1.446 -1.411 -1.371 -1.327 -1.276 -1.219 -1.155 
-1.083 -1.001 -0.906 -0.798 -0.670 -0.516 -0.325 -0.077 0.266 0.904 
1.366 1.169 0.753 0.393 0.018 -0.242 -0.430 -0.576 -0.694 -0.791 
-0.873 -0.942 -1.001 -1.052 -1.095 -1.131 -1.161 -1.186 -1.205 -1.221 
-1.232 -1.239 -1.242 -1.242 -1.240 -1.234 -1.227 -1.217 -1.207 -1.195 
-1.164 
-1.022 -1.003 -1.018 -1.036 -1.058 -1.083 -1.111 -1.141 -1.171 -1.203 
-1.235 -1.267 -1.299 -1.332 -1.366 -1.399 -1.431 -1.463 -1.494 -1.522 
-1.549 -1.574 -1.597 -1.617 -1.635 -1.650 -1.663 -1.673 -1.680 -1.685 
-1.686 -1.686 -1.682 -1.676 -1.667 -1.655 -1.639 -1.621 -1.600 -1.575 
-1.547 -1.516 -1.480 -1.441 -1.397 -1.348 -1.294 -1.235 -1.169 -1.096 
-1.016 -0.926 -0.827 -0.714 -0.588 -0.444 -0.282 -0.102 0.091 0.312 
0.864 0.842 0.983 0.905 0.575 0.232 -0.005 -0.177 -0.311 -0.421 
-0.512 -0.591 -0.659 -0.717 -0.769 -0.813 -0.851 -0.883 -0.909 -0.930 
-0.947 -0.959 -0.968 -0.974 -0.977 -0.978 -0.979 -0.980 -0.982 -0.986 
-1.018 
-1.350 -1.400 -1.427 -1.455 -1.483 -1.512 -1.541 -1.570 -1.598 -1.624 
-1.650 -1.674 -1.695 -1.715 -1.733 -1.748 -1.761 -1.772 -1.780 -1.786 
-1.790 -1.792 -1.791 -1.788 -1.783 -1.776 -1.766 -1.754 -1.739 -1.723 
-1.704 -1.682 -1.658 -1.631 -1.602 -1.570 -1.535 -1.497 -1.456 -1.412 
-1.364 -1.312 -1.257 -1.197 -1.133 -1.064 -0.989 -0.909 -0.822 -0.727 
-0.624 -0.511 -0.388 -0.251 -0.100 0.067 0.246 0.427 0.581 0.673 
0.696 0.711 0.688 0.541 0.306 0.147 0.024 -0.080 -0.172 -0.258 
-0.339 -0.416 -0.490 -0.563 -0.633 -0.701 -0.766 -0.830 -0.890 -0.947 
-1.002 -1.052 -1.100 -1.144 -1.184 -1.222 -1.256 -1.288 -1.317 -1.345 
-1.340 
-1.768 -1.809 -1.832 -1.854 -1.874 -1.892 -1.909 -1.925 -1.939 -1.953 
-1.964 -1.975 -1.984 -1.992 -1.999 -2.004 -2.009 -2.012 -2.013 -2.014 
-2.013 -2.011 -2.007 -2.002 -1.996 -1.988 -1.979 -1.968 -1.955 -1.941 
-1.926 -1.908 -1.889 -1.868 -1.844 -1.819 -1.791 -1.761 -1.729 -1.694 
-1.656 -1.615 -1.571 -1.524 -1.472 -1.416 -1.356 -1.290 -1.218 -1.140 
-1.054 -0.960 -0.855 -0.737 -0.605 -0.456 -0.287 -0.100 0.103 0.331 
0.613 0.829 0.813 0.458 0.096 -0.144 -0.322 -0.463 -0.582 -0.686 
-0.778 -0.863 -0.942 -1.015 -1.084 -1.149 -1.211 -1.269 -1.324 -1.376 
-1.426 -1.472 -1.516 -1.557 -1.596 -1.633 -1.667 -1.699 -1.729 -1.758 
-1.763 
-1.888 -1.919 -1.945 -1.969 -1.991 -2.011 -2.030 -2.048 -2.064 -2.078 
-2.091 -2.102 -2.112 -2.121 -2.128 -2.133 -2.138 -2.140 -2.142 -2.141 
-2.140 -2.137 -2.132 -2.126 -2.119 -2.110 -2.099 -2.087 -2.073 -2.058 
-2.041 -2.022 -2.001 -1.979 -1.955 -1.929 -1.900 -1.870 -1.837 -1.802 
-1.765 -1.725 -1.682 -1.637 -1.588 -1.536 -1.480 -1.420 -1.355 -1.285 
-1.210 -1.127 -1.037 -0.938 -0.826 -0.700 -0.554 -0.381 -0.168 0.112 
0.502 0.922 1.119 0.882 0.449 0.075 -0.182 -0.378 -0.536 -0.670 
-0.786 -0.889 -0.981 -1.065 -1.142 -1.213 -1.280 -1.342 -1.400 -1.455 
-1.507 -1.556 -1.602 -1.646 -1.688 -1.727 -1.764 -1.799 -1.832 -1.863 
-1.878 
-1.822 -1.832 -1.850 -1.867 -1.882 -1.896 -1.909 -1.920 -1.930 -1.938 
-1.946 -1.952 -1.957 -1.961 -1.963 -1.965 -1.965 -1.964 -1.962 -1.959 
-1.955 -1.949 -1.943 -1.935 -1.926 -1.916 -1.905 -1.892 -1.878 -1.863 
-1.847 -1.829 -1.810 -1.789 -1.767 -1.743 -1.718 -1.690 -1.661 -1.630 
-1.597 -1.561 -1.523 -1.482 -1.439 -1.391 -1.341 -1.286 -1.226 -1.161 
-1.090 -1.011 -0.923 -0.824 -0.711 -0.580 -0.423 -0.230 0.023 0.374 
0.743 0.923 0.851 0.601 0.257 -0.070 -0.307 -0.489 -0.636 -0.761 
-0.869 -0.964 -1.049 -1.126 -1.195 -1.259 -1.317 -1.372 -1.422 -1.468 
-1.512 -1.552 -1.590 -1.625 -1.657 -1.688 -1.717 -1.743 -1.768 -1.791 
-1.816 
-1.861 -1.873 -1.891 -1.908 -1.923 -1.936 -1.948 -1.958 -1.967 -1.974 
-1.979 -1.984 -1.986 -1.988 -1.988 -1.986 -1.984 -1.980 -1.975 -1.968 
-1.961 -1.952 -1.942 -1.930 -1.918 -1.904 -1.889 -1.873 -1.856 -1.838 
-1.818 -1.797 -1.775 -1.752 -1.727 -1.701 -1.674 -1.645 -1.615 -1.584 
-1.551 -1.516 -1.479 -1.441 -1.400 -1.358 -1.313 -1.266 -1.215 -1.162 
-1.104 -1.041 -0.973 -0.897 -0.812 -0.715 -0.602 -0.467 -0.299 -0.076 
0.243 0.525 0.694 0.920 0.776 0.385 0.029 -0.233 -0.437 -0.603 
-0.742 -0.863 -0.969 -1.063 -1.147 -1.224 -1.294 -1.357 -1.416 -1.470 
-1.520 -1.566 -1.609 -1.648 -1.685 -1.718 -1.750 -1.779 -1.805 -1.830 
-1.854 
-2.024 -2.052 -2.075 -2.095 -2.114 -2.130 -2.144 -2.156 -2.166 -2.174 
-2.181 -2.185 -2.187 -2.188 -2.187 -2.184 -2.179 -2.172 -2.164 -2.154 
-2.142 -2.128 -2.112 -2.095 -2.075 -2.054 -2.031 -2.007 -1.980 -1.951 
-1.921 -1.888 -1.854 -1.818 -1.780 -1.740 -1.698 -1.655 -1.610 -1.563 
-1.515 -1.466 -1.415 -1.363 -1.311 -1.257 -1.203 -1.148 -1.092 -1.035 
-0.975 -0.914 -0.848 -0.778 -0.701 -0.616 -0.521 -0.411 -0.282 -0.128 
0.065 0.321 0.668 0.969 0.926 0.591 0.201 -0.096 -0.328 -0.519 
-0.682 -0.824 -0.949 -1.061 -1.163 -1.255 -1.340 -1.417 -1.489 -1.555 
-1.616 -1.673 -1.726 -1.774 -1.819 -1.861 -1.900 -1.936 -1.969 -1.999 
-2.016 
-2.135 -2.175 -2.209 -2.240 -2.268 -2.294 -2.317 -2.339 -2.357 -2.374 
-2.388 -2.400 -2.410 -2.418 -2.424 -2.428 -2.429 -2.429 -2.427 -2.422 
-2.416 -2.407 -2.397 -2.384 -2.369 -2.352 -2.334 -2.312 -2.289 -2.264 
-2.236 -2.206 -2.173 -2.139 -2.102 -2.062 -2.020 -1.975 -1.928 -1.878 
-1.826 -1.770 -1.712 -1.651 -1.587 -1.520 -1.449 -1.374 -1.295 -1.211 
-1.123 -1.029 -0.929 -0.822 -0.709 -0.587 -0.458 -0.319 -0.169 -0.006 
0.173 0.366 0.561 0.729 0.704 0.484 0.255 0.043 -0.146 -0.316 
-0.475 -0.624 -0.764 -0.895 -1.017 -1.130 -1.235 -1.333 -1.424 -1.509 
-1.588 -1.662 -1.731 -1.795 -1.855 -1.911 -1.963 -2.012 -2.058 -2.100 
-2.124 
-2.072 -2.107 -2.147 -2.184 -2.218 -2.250 -2.280 -2.307 -2.332 -2.355 
-2.375 -2.394 -2.411 -2.425 -2.438 -2.448 -2.457 -2.464 -2.468 -2.471 
-2.472 -2.471 -2.468 -2.463 -2.456 -2.447 -2.435 -2.422 -2.406 -2.389 
-2.369 -2.346 -2.322 -2.295 -2.265 -2.233 -2.198 -2.160 -2.119 -2.075 
-2.028 -1.977 -1.923 -1.865 -1.803 -1.737 -1.666 -1.590 -1.509 -1.423 
-1.330 -1.231 -1.126 -1.013 -0.893 -0.765 -0.631 -0.490 -0.346 -0.200 
-0.058 0.079 0.206 0.311 0.343 0.270 0.184 0.101 0.008 -0.102 
-0.229 -0.366 -0.507 -0.647 -0.781 -0.909 -1.029 -1.141 -1.246 -1.343 
-1.434 -1.519 -1.597 -1.671 -1.739 -1.803 -1.863 -1.919 -1.971 -2.019 
-2.057 
-1.972 -1.999 -2.030 -2.059 -2.087 -2.114 -2.139 -2.163 -2.186 -2.207 
-2.227 -2.246 -2.263 -2.279 -2.294 -2.308 -2.320 -2.330 -2.340 -2.347 
-2.354 -2.359 -2.362 -2.364 -2.364 -2.363 -2.360 -2.356 -2.350 -2.342 
-2.332 -2.321 -2.307 -2.292 -2.275 -2.255 -2.234 -2.210 -2.184 -2.156 
-2.125 -2.091 -2.055 -2.015 -1.972 -1.926 -1.876 -1.822 -1.763 -1.700 
-1.631 -1.556 -1.475 -1.386 -1.289 -1.183 -1.067 -0.939 -0.800 -0.647 
-0.476 -0.278 -0.036 0.217 0.351 0.239 0.013 -0.196 -0.364 -0.510 
-0.646 -0.772 -0.891 -1.000 -1.099 -1.189 -1.272 -1.347 -1.416 -1.479 
-1.538 -1.593 -1.645 -1.693 -1.739 -1.782 -1.823 -1.861 -1.898 -1.934 
-1.962 
-1.945 -1.963 -2.002 -2.039 -2.074 -2.107 -2.139 -2.169 -2.196 -2.222 
-2.247 -2.269 -2.290 -2.309 -2.326 -2.341 -2.355 -2.367 -2.377 -2.385 
-2.392 -2.397 -2.400 -2.401 -2.401 -2.399 -2.394 -2.388 -2.381 -2.371 
-2.359 -2.346 -2.330 -2.312 -2.292 -2.271 -2.246 -2.220 -2.191 -2.160 
-2.126 -2.089 -2.049 -2.007 -1.961 -1.912 -1.860 -1.803 -1.743 -1.678 
-1.609 -1.534 -1.453 -1.366 -1.272 -1.170 -1.060 -0.938 -0.805 -0.657 
-0.489 -0.298 -0.084 0.131 0.264 0.215 0.066 -0.109 -0.273 -0.420 
-0.553 -0.673 -0.781 -0.881 -0.971 -1.055 -1.134 -1.207 -1.277 -1.343 
-1.407 -1.467 -1.526 -1.582 -1.637 -1.689 -1.739 -1.788 -1.834 -1.879 
-1.928 
-2.157 -2.208 -2.248 -2.286 -2.321 -2.354 -2.384 -2.412 -2.438 -2.461 
-2.483 -2.502 -2.519 -2.534 -2.547 -2.557 -2.566 -2.573 -2.578 -2.581 
-2.582 -2.581 -2.578 -2.573 -2.566 -2.557 -2.546 -2.533 -2.518 -2.500 
-2.481 -2.459 -2.436 -2.410 -2.381 -2.350 -2.317 -2.281 -2.243 -2.202 
-2.158 -2.111 -2.061 -2.008 -1.951 -1.891 -1.827 -1.759 -1.687 -1.611 
-1.529 -1.443 -1.352 -1.255 -1.154 -1.047 -0.936 -0.821 -0.703 -0.584 
-0.465 -0.348 -0.231 -0.117 -0.027 0.000 -0.028 -0.094 -0.187 -0.302 
-0.430 -0.564 -0.699 -0.830 -0.954 -1.071 -1.181 -1.284 -1.380 -1.470 
-1.554 -1.633 -1.708 -1.778 -1.843 -1.905 -1.964 -2.019 -2.070 -2.119 
-2.144 
-2.262 -2.307 -2.338 -2.368 -2.395 -2.421 -2.445 -2.467 -2.487 -2.505 
-2.522 -2.536 -2.549 -2.560 -2.569 -2.577 -2.582 -2.586 -2.588 -2.588 
-2.586 -2.582 -2.577 -2.569 -2.560 -2.549 -2.536 -2.522 -2.505 -2.487 
-2.467 -2.445 -2.421 -2.395 -2.367 -2.337 -2.306 -2.272 -2.237 -2.199 
-2.160 -2.118 -2.075 -2.030 -1.982 -1.932 -1.880 -1.826 -1.769 -1.710 
-1.647 -1.581 -1.512 -1.438 -1.360 -1.276 -1.185 -1.086 -0.978 -0.856 
-0.714 -0.540 -0.365 -0.304 -0.235 -0.155 -0.141 -0.226 -0.377 -0.549 
-0.716 -0.871 -1.013 -1.142 -1.260 -1.368 -1.467 -1.557 -1.640 -1.717 
-1.788 -1.853 -1.913 -1.970 -2.022 -2.071 -2.117 -2.160 -2.200 -2.238 
-2.253 
-2.179 -2.180 -2.208 -2.237 -2.265 -2.293 -2.320 -2.347 -2.372 -2.397 
-2.421 -2.444 -2.465 -2.486 -2.504 -2.521 -2.537 -2.551 -2.563 -2.574 
-2.583 -2.590 -2.595 -2.598 -2.600 -2.599 -2.597 -2.592 -2.586 -2.578 
-2.567 -2.554 -2.539 -2.522 -2.503 -2.482 -2.458 -2.432 -2.403 -2.372 
-2.339 -2.303 -2.264 -2.223 -2.178 -2.131 -2.081 -2.028 -1.971 -1.910 
-1.845 -1.774 -1.698 -1.615 -1.523 -1.420 -1.301 -1.163 -0.996 -0.788 
-0.523 -0.233 -0.048 -0.112 -0.297 -0.434 -0.533 -0.675 -0.844 -1.005 
-1.145 -1.265 -1.368 -1.456 -1.533 -1.600 -1.659 -1.712 -1.760 -1.803 
-1.842 -1.878 -1.912 -1.945 -1.976 -2.006 -2.035 -2.064 -2.093 -2.122 
-2.167 
-2.362 -2.426 -2.459 -2.489 -2.518 -2.545 -2.570 -2.593 -2.614 -2.633 
-2.650 -2.665 -2.679 -2.690 -2.700 -2.707 -2.713 -2.717 -2.718 -2.718 
-2.716 -2.712 -2.705 -2.697 -2.687 -2.675 -2.660 -2.644 -2.626 -2.605 
-2.583 -2.558 -2.531 -2.502 -2.471 -2.438 -2.403 -2.365 -2.326 -2.284 
-2.240 -2.194 -2.146 -2.095 -2.043 -1.989 -1.932 -1.874 -1.813 -1.751 
-1.686 -1.618 -1.547 -1.472 -1.394 -1.310 -1.221 -1.126 -1.024 -0.910 
-0.777 -0.605 -0.431 -0.394 -0.359 -0.317 -0.344 -0.454 -0.605 -0.754 
-0.879 -0.983 -1.078 -1.176 -1.280 -1.388 -1.495 -1.598 -1.694 -1.783 
-1.864 -1.938 -2.006 -2.068 -2.125 -2.178 -2.226 -2.272 -2.314 -2.354 
-2.354 
-2.315 -2.336 -2.384 -2.427 -2.468 -2.506 -2.540 -2.572 -2.601 -2.627 
-2.651 -2.673 -2.691 -2.708 -2.722 -2.734 -2.744 -2.751 -2.757 -2.760 
-2.761 -2.760 -2.757 -2.751 -2.744 -2.734 -2.722 -2.708 -2.692 -2.673 
-2.652 -2.629 -2.604 -2.576 -2.545 -2.512 -2.476 -2.438 -2.397 -2.352 
-2.305 -2.254 -2.201 -2.143 -2.082 -2.018 -1.949 -1.876 -1.799 -1.718 
-1.631 -1.541 -1.445 -1.345 -1.242 -1.136 -1.030 -0.928 -0.834 -0.754 
-0.692 -0.646 -0.610 -0.577 -0.540 -0.504 -0.484 -0.469 -0.437 -0.420 
-0.462 -0.527 -0.594 -0.676 -0.778 -0.896 -1.023 -1.151 -1.277 -1.396 
-1.509 -1.614 -1.712 -1.803 -1.888 -1.966 -2.040 -2.108 -2.171 -2.230 
-2.293 
-2.395 -2.452 -2.494 -2.532 -2.568 -2.601 -2.631 -2.658 -2.683 -2.705 
-2.725 -2.743 -2.758 -2.772 -2.782 -2.791 -2.798 -2.802 -2.804 -2.804 
-2.802 -2.798 -2.792 -2.783 -2.773 -2.760 -2.745 -2.727 -2.708 -2.686 
-2.661 -2.634 -2.605 -2.573 -2.538 -2.501 -2.461 -2.418 -2.371 -2.322 
-2.269 -2.213 -2.154 -2.091 -2.025 -1.955 -1.881 -1.804 -1.725 -1.642 
-1.558 -1.473 -1.389 -1.305 -1.224 -1.146 -1.072 -1.003 -0.941 -0.887 
-0.841 -0.800 -0.757 -0.706 -0.639 -0.548 -0.428 -0.284 -0.154 -0.114 
-0.215 -0.410 -0.623 -0.815 -0.984 -1.137 -1.277 -1.405 -1.523 -1.631 
-1.730 -1.822 -1.907 -1.987 -2.060 -2.129 -2.193 -2.252 -2.308 -2.359 
-2.383 
-2.321 -2.352 -2.395 -2.435 -2.473 -2.508 -2.541 -2.572 -2.600 -2.626 
-2.650 -2.672 -2.691 -2.709 -2.724 -2.737 -2.748 -2.757 -2.764 -2.769 
-2.771 -2.772 -2.770 -2.767 -2.761 -2.754 -2.744 -2.732 -2.718 -2.701 
-2.683 -2.662 -2.638 -2.612 -2.584 -2.553 -2.519 -2.482 -2.443 -2.400 
-2.355 -2.305 -2.253 -2.196 -2.136 -2.072 -2.003 -1.930 -1.852 -1.769 
-1.682 -1.589 -1.492 -1.390 -1.286 -1.180 -1.077 -0.983 -0.904 -0.845 
-0.811 -0.801 -0.814 -0.843 -0.873 -0.889 -0.878 -0.831 -0.757 -0.732 
-0.836 -0.998 -1.139 -1.251 -1.340 -1.417 -1.488 -1.554 -1.619 -1.683 
-1.746 -1.809 -1.870 -1.931 -1.990 -2.048 -2.104 -2.158 -2.210 -2.260 
-2.305 
-2.309 -2.342 -2.392 -2.439 -2.484 -2.526 -2.566 -2.604 -2.639 -2.673 
-2.703 -2.732 -2.758 -2.782 -2.803 -2.823 -2.840 -2.855 -2.868 -2.879 
-2.888 -2.895 -2.899 -2.902 -2.902 -2.901 -2.897 -2.891 -2.883 -2.873 
-2.860 -2.845 -2.828 -2.809 -2.787 -2.763 -2.736 -2.706 -2.673 -2.638 
-2.600 -2.558 -2.513 -2.464 -2.412 -2.355 -2.294 -2.229 -2.158 -2.081 
-1.998 -1.909 -1.812 -1.707 -1.593 -1.471 -1.339 -1.199 -1.053 -0.907 
-0.778 -0.699 -0.698 -0.757 -0.848 -0.946 -1.037 -1.118 -1.187 -1.245 
-1.295 -1.337 -1.373 -1.406 -1.437 -1.470 -1.507 -1.550 -1.598 -1.652 
-1.709 -1.767 -1.827 -1.887 -1.947 -2.007 -2.067 -2.125 -2.182 -2.237 
-2.291 
-2.481 -2.533 -2.590 -2.644 -2.693 -2.740 -2.783 -2.823 -2.860 -2.894 
-2.926 -2.954 -2.981 -3.004 -3.025 -3.044 -3.060 -3.074 -3.086 -3.095 
-3.102 -3.107 -3.110 -3.110 -3.108 -3.104 -3.098 -3.090 -3.079 -3.066 
-3.050 -3.033 -3.012 -2.990 -2.964 -2.937 -2.906 -2.873 -2.836 -2.797 
-2.755 -2.709 -2.660 -2.608 -2.551 -2.491 -2.426 -2.358 -2.284 -2.205 
-2.120 -2.028 -1.929 -1.821 -1.702 -1.570 -1.420 -1.250 -1.060 -0.861 
-0.692 -0.604 -0.624 -0.712 -0.815 -0.906 -0.980 -1.045 -1.104 -1.155 
-1.195 -1.223 -1.241 -1.253 -1.265 -1.285 -1.320 -1.372 -1.443 -1.529 
-1.624 -1.723 -1.823 -1.920 -2.013 -2.101 -2.185 -2.264 -2.338 -2.407 
-2.458 
-2.684 -2.737 -2.775 -2.811 -2.843 -2.872 -2.899 -2.923 -2.945 -2.964 
-2.981 -2.996 -3.008 -3.018 -3.026 -3.032 -3.036 -3.038 -3.038 -3.036 
-3.031 -3.025 -3.017 -3.006 -2.994 -2.980 -2.963 -2.944 -2.924 -2.901 
-2.876 -2.849 -2.820 -2.788 -2.754 -2.718 -2.680 -2.639 -2.595 -2.549 
-2.501 -2.450 -2.397 -2.341 -2.282 -2.221 -2.158 -2.092 -2.024 -1.955 
-1.883 -1.810 -1.736 -1.661 -1.585 -1.507 -1.426 -1.340 -1.246 -1.141 
-1.031 -0.948 -0.906 -0.876 -0.839 -0.804 -0.789 -0.811 -0.884 -0.996 
-1.122 -1.245 -1.359 -1.461 -1.550 -1.631 -1.709 -1.789 -1.872 -1.959 
-2.046 -2.132 -2.213 -2.290 -2.362 -2.429 -2.491 -2.548 -2.601 -2.650 
-2.674 
-2.646 -2.677 -2.706 -2.732 -2.756 -2.778 -2.798 -2.815 -2.831 -2.846 
-2.858 -2.869 -2.878 -2.885 -2.891 -2.895 -2.897 -2.898 -2.897 -2.894 
-2.890 -2.884 -2.877 -2.868 -2.857 -2.844 -2.830 -2.814 -2.796 -2.776 
-2.754 -2.731 -2.706 -2.679 -2.650 -2.620 -2.587 -2.553 -2.517 -2.480 
-2.441 -2.401 -2.359 -2.315 -2.271 -2.225 -2.178 -2.130 -2.081 -2.031 
-1.979 -1.926 -1.872 -1.817 -1.760 -1.700 -1.638 -1.572 -1.502 -1.425 
-1.341 -1.248 -1.143 -1.025 -0.896 -0.766 -0.667 -0.643 -0.709 -0.844 
-1.011 -1.179 -1.336 -1.477 -1.605 -1.720 -1.824 -1.919 -2.006 -2.085 
-2.159 -2.226 -2.288 -2.346 -2.399 -2.449 -2.494 -2.537 -2.576 -2.612 
-2.635 
-2.531 -2.539 -2.561 -2.581 -2.600 -2.618 -2.634 -2.649 -2.663 -2.676 
-2.689 -2.700 -2.710 -2.720 -2.729 -2.737 -2.744 -2.751 -2.756 -2.761 
-2.765 -2.768 -2.770 -2.771 -2.770 -2.769 -2.767 -2.763 -2.758 -2.751 
-2.743 -2.734 -2.723 -2.710 -2.696 -2.680 -2.662 -2.642 -2.621 -2.597 
-2.572 -2.545 -2.516 -2.485 -2.452 -2.417 -2.381 -2.343 -2.303 -2.261 
-2.217 -2.170 -2.122 -2.070 -2.014 -1.954 -1.889 -1.817 -1.737 -1.647 
-1.544 -1.426 -1.289 -1.131 -0.959 -0.803 -0.716 -0.740 -0.855 -1.010 
-1.167 -1.313 -1.446 -1.567 -1.675 -1.773 -1.861 -1.940 -2.012 -2.077 
-2.136 -2.190 -2.240 -2.285 -2.326 -2.365 -2.400 -2.432 -2.462 -2.490 
-2.523 
-2.534 -2.580 -2.613 -2.644 -2.672 -2.698 -2.722 -2.744 -2.764 -2.781 
-2.797 -2.811 -2.823 -2.833 -2.841 -2.848 -2.853 -2.856 -2.857 -2.857 
-2.855 -2.851 -2.845 -2.838 -2.829 -2.818 -2.805 -2.791 -2.774 -2.756 
-2.736 -2.714 -2.690 -2.664 -2.637 -2.607 -2.576 -2.543 -2.509 -2.473 
-2.435 -2.396 -2.356 -2.315 -2.272 -2.229 -2.186 -2.141 -2.097 -2.052 
-2.007 -1.962 -1.917 -1.871 -1.825 -1.778 -1.730 -1.681 -1.629 -1.575 
-1.517 -1.453 -1.381 -1.299 -1.206 -1.108 -1.033 -1.010 -1.023 -1.058 
-1.119 -1.206 -1.307 -1.415 -1.522 -1.623 -1.717 -1.804 -1.885 -1.960 
-2.030 -2.096 -2.158 -2.217 -2.273 -2.325 -2.375 -2.421 -2.465 -2.506 
-2.523 
-2.442 -2.460 -2.505 -2.548 -2.589 -2.627 -2.663 -2.696 -2.727 -2.756 
-2.783 -2.807 -2.829 -2.849 -2.867 -2.882 -2.896 -2.907 -2.916 -2.924 
-2.929 -2.932 -2.933 -2.932 -2.929 -2.924 -2.917 -2.908 -2.896 -2.883 
-2.868 -2.850 -2.830 -2.809 -2.784 -2.758 -2.729 -2.699 -2.665 -2.630 
-2.592 -2.552 -2.509 -2.464 -2.417 -2.367 -2.315 -2.262 -2.206 -2.149 
-2.091 -2.032 -1.973 -1.915 -1.859 -1.805 -1.754 -1.707 -1.666 -1.632 
-1.604 -1.582 -1.564 -1.549 -1.535 -1.520 -1.503 -1.489 -1.484 -1.493 
-1.518 -1.552 -1.589 -1.621 -1.646 -1.665 -1.678 -1.693 -1.719 -1.765 
-1.826 -1.892 -1.958 -2.021 -2.083 -2.143 -2.200 -2.256 -2.310 -2.362 
-2.423 
-2.605 -2.674 -2.731 -2.783 -2.831 -2.876 -2.917 -2.955 -2.990 -3.022 
-3.051 -3.078 -3.102 -3.123 -3.142 -3.158 -3.172 -3.184 -3.193 -3.201 
-3.205 -3.208 -3.208 -3.206 -3.202 -3.195 -3.186 -3.175 -3.162 -3.146 
-3.127 -3.107 -3.083 -3.057 -3.029 -2.997 -2.963 -2.926 -2.886 -2.843 
-2.796 -2.747 -2.695 -2.639 -2.581 -2.521 -2.459 -2.396 -2.333 -2.272 
-2.215 -2.163 -2.118 -2.080 -2.050 -2.026 -2.008 -1.993 -1.981 -1.971 
-1.964 -1.960 -1.958 -1.957 -1.956 -1.955 -1.951 -1.944 -1.932 -1.914 
-1.888 -1.854 -1.810 -1.755 -1.688 -1.613 -1.541 -1.491 -1.487 -1.540 
-1.639 -1.761 -1.888 -2.010 -2.121 -2.223 -2.315 -2.400 -2.477 -2.548 
-2.585 
-2.608 -2.654 -2.703 -2.750 -2.794 -2.836 -2.876 -2.913 -2.947 -2.979 
-3.008 -3.036 -3.061 -3.083 -3.104 -3.122 -3.138 -3.152 -3.164 -3.173 
-3.181 -3.186 -3.190 -3.191 -3.190 -3.187 -3.182 -3.175 -3.166 -3.155 
-3.141 -3.125 -3.107 -3.087 -3.064 -3.039 -3.011 -2.981 -2.948 -2.913 
-2.874 -2.833 -2.789 -2.741 -2.691 -2.638 -2.581 -2.521 -2.459 -2.394 
-2.327 -2.258 -2.188 -2.116 -2.045 -1.975 -1.911 -1.858 -1.820 -1.796 
-1.784 -1.779 -1.779 -1.782 -1.789 -1.797 -1.807 -1.817 -1.826 -1.834 
-1.840 -1.845 -1.848 -1.849 -1.846 -1.840 -1.833 -1.831 -1.848 -1.893 
-1.958 -2.030 -2.103 -2.173 -2.241 -2.306 -2.369 -2.431 -2.490 -2.547 
-2.591 
-2.568 -2.597 -2.648 -2.697 -2.743 -2.786 -2.828 -2.866 -2.902 -2.935 
-2.966 -2.995 -3.021 -3.044 -3.065 -3.084 -3.101 -3.115 -3.127 -3.137 
-3.145 -3.150 -3.153 -3.154 -3.153 -3.150 -3.145 -3.137 -3.127 -3.115 
-3.100 -3.083 -3.064 -3.042 -3.018 -2.991 -2.962 -2.929 -2.894 -2.855 
-2.814 -2.769 -2.720 -2.668 -2.611 -2.550 -2.485 -2.414 -2.338 -2.256 
-2.168 -2.074 -1.975 -1.872 -1.770 -1.674 -1.593 -1.538 -1.514 -1.519 
-1.548 -1.588 -1.633 -1.675 -1.710 -1.738 -1.757 -1.765 -1.763 -1.751 
-1.732 -1.715 -1.713 -1.733 -1.773 -1.819 -1.862 -1.902 -1.938 -1.975 
-2.013 -2.055 -2.100 -2.150 -2.203 -2.259 -2.316 -2.374 -2.432 -2.488 
-2.548 
-2.745 -2.800 -2.848 -2.892 -2.933 -2.972 -3.007 -3.040 -3.070 -3.098 
-3.123 -3.146 -3.166 -3.184 -3.200 -3.214 -3.225 -3.235 -3.242 -3.248 
-3.251 -3.252 -3.252 -3.249 -3.244 -3.237 -3.229 -3.218 -3.205 -3.191 
-3.174 -3.155 -3.134 -3.111 -3.086 -3.059 -3.029 -2.998 -2.964 -2.928 
-2.889 -2.848 -2.805 -2.759 -2.711 -2.660 -2.606 -2.550 -2.490 -2.428 
-2.364 -2.297 -2.228 -2.159 -2.091 -2.026 -1.968 -1.922 -1.890 -1.870 
-1.857 -1.842 -1.821 -1.792 -1.753 -1.705 -1.646 -1.578 -1.502 -1.421 
-1.346 -1.292 -1.275 -1.306 -1.381 -1.485 -1.601 -1.719 -1.832 -1.938 
-2.038 -2.130 -2.217 -2.298 -2.374 -2.446 -2.514 -2.578 -2.639 -2.696 
-2.730 
-2.856 -2.902 -2.951 -2.996 -3.038 -3.077 -3.112 -3.145 -3.174 -3.201 
-3.226 -3.247 -3.267 -3.284 -3.298 -3.310 -3.320 -3.328 -3.333 -3.336 
-3.338 -3.336 -3.333 -3.328 -3.320 -3.310 -3.299 -3.284 -3.268 -3.249 
-3.228 -3.205 -3.179 -3.151 -3.121 -3.088 -3.052 -3.013 -2.972 -2.928 
-2.881 -2.830 -2.777 -2.720 -2.660 -2.596 -2.529 -2.459 -2.386 -2.310 
-2.234 -2.160 -2.089 -2.025 -1.972 -1.932 -1.905 -1.890 -1.885 -1.886 
-1.889 -1.891 -1.889 -1.883 -1.870 -1.849 -1.821 -1.784 -1.740 -1.690 
-1.638 -1.592 -1.564 -1.561 -1.581 -1.623 -1.684 -1.762 -1.854 -1.954 
-2.056 -2.158 -2.256 -2.349 -2.436 -2.518 -2.594 -2.665 -2.731 -2.792 
-2.837 
-2.789 -2.849 -2.893 -2.934 -2.972 -3.008 -3.041 -3.070 -3.098 -3.122 
-3.145 -3.164 -3.182 -3.197 -3.209 -3.220 -3.228 -3.234 -3.238 -3.240 
-3.240 -3.237 -3.233 -3.227 -3.218 -3.208 -3.196 -3.181 -3.165 -3.147 
-3.126 -3.104 -3.080 -3.054 -3.026 -2.997 -2.965 -2.932 -2.897 -2.861 
-2.823 -2.784 -2.743 -2.702 -2.660 -2.616 -2.572 -2.528 -2.482 -2.436 
-2.390 -2.344 -2.298 -2.254 -2.212 -2.174 -2.140 -2.111 -2.084 -2.061 
-2.040 -2.020 -1.999 -1.976 -1.949 -1.917 -1.879 -1.836 -1.790 -1.743 
-1.702 -1.672 -1.660 -1.671 -1.706 -1.761 -1.832 -1.913 -1.997 -2.082 
-2.164 -2.242 -2.317 -2.388 -2.456 -2.520 -2.582 -2.641 -2.698 -2.751 
-2.777 
-2.489 -2.545 -2.600 -2.653 -2.705 -2.754 -2.801 -2.845 -2.887 -2.925 
-2.962 -2.995 -3.026 -3.055 -3.081 -3.104 -3.125 -3.144 -3.160 -3.174 
-3.186 -3.195 -3.203 -3.208 -3.210 -3.211 -3.209 -3.205 -3.199 -3.191 
-3.181 -3.168 -3.153 -3.136 -3.116 -3.094 -3.070 -3.043 -3.014 -2.983 
-2.949 -2.912 -2.873 -2.832 -2.788 -2.741 -2.691 -2.638 -2.582 -2.524 
-2.462 -2.398 -2.330 -2.261 -2.192 -2.123 -2.057 -1.997 -1.947 -1.908 
-1.881 -1.868 -1.864 -1.869 -1.877 -1.887 -1.897 -1.905 -1.909 -1.911 
-1.910 -1.910 -1.912 -1.921 -1.934 -1.951 -1.969 -1.986 -2.004 -2.022 
-2.044 -2.069 -2.098 -2.133 -2.174 -2.219 -2.268 -2.321 -2.375 -2.432 
-2.471 
-2.224 -2.279 -2.348 -2.415 -2.480 -2.542 -2.601 -2.657 -2.709 -2.759 
-2.806 -2.851 -2.892 -2.930 -2.966 -2.999 -3.030 -3.058 -3.083 -3.106 
-3.127 -3.146 -3.162 -3.176 -3.187 -3.197 -3.204 -3.209 -3.212 -3.213 
-3.211 -3.208 -3.202 -3.194 -3.184 -3.172 -3.157 -3.140 -3.121 -3.100 
-3.075 -3.049 -3.020 -2.988 -2.953 -2.916 -2.876 -2.833 -2.786 -2.737 
-2.685 -2.629 -2.570 -2.509 -2.445 -2.380 -2.313 -2.248 -2.184 -2.124 
-2.070 -2.025 -1.989 -1.965 -1.950 -1.941 -1.937 -1.937 -1.939 -1.944 
-1.949 -1.954 -1.959 -1.962 -1.963 -1.963 -1.961 -1.957 -1.953 -1.949 
-1.946 -1.944 -1.944 -1.948 -1.956 -1.969 -1.991 -2.026 -2.078 -2.141 
-2.204 
-2.170 -2.242 -2.354 -2.461 -2.559 -2.649 -2.732 -2.808 -2.878 -2.943 
-3.002 -3.056 -3.106 -3.153 -3.195 -3.233 -3.269 -3.301 -3.330 -3.356 
-3.380 -3.400 -3.418 -3.434 -3.447 -3.457 -3.465 -3.471 -3.474 -3.475 
-3.474 -3.470 -3.464 -3.456 -3.445 -3.432 -3.416 -3.398 -3.377 -3.354 
-3.328 -3.299 -3.268 -3.233 -3.196 -3.155 -3.111 -3.063 -3.012 -2.956 
-2.896 -2.832 -2.763 -2.689 -2.609 -2.523 -2.432 -2.336 -2.238 -2.143 
-2.060 -1.996 -1.962 -1.957 -1.977 -2.010 -2.048 -2.085 -2.117 -2.142 
-2.161 -2.172 -2.176 -2.173 -2.162 -2.143 -2.118 -2.088 -2.055 -2.026 
-2.002 -1.982 -1.962 -1.933 -1.898 -1.863 -1.847 -1.866 -1.924 -2.016 
-2.121 
-2.405 -2.509 -2.595 -2.675 -2.748 -2.815 -2.876 -2.933 -2.985 -3.033 
-3.077 -3.117 -3.154 -3.188 -3.219 -3.248 -3.273 -3.296 -3.316 -3.334 
-3.349 -3.362 -3.373 -3.381 -3.387 -3.392 -3.394 -3.393 -3.391 -3.387 
-3.380 -3.371 -3.361 -3.348 -3.333 -3.316 -3.296 -3.275 -3.251 -3.225 
-3.197 -3.167 -3.134 -3.099 -3.062 -3.022 -2.980 -2.936 -2.890 -2.842 
-2.792 -2.740 -2.686 -2.632 -2.576 -2.519 -2.462 -2.405 -2.349 -2.294 
-2.242 -2.198 -2.165 -2.141 -2.126 -2.113 -2.100 -2.084 -2.065 -2.042 
-2.014 -1.981 -1.943 -1.898 -1.849 -1.795 -1.740 -1.688 -1.646 -1.624 
-1.630 -1.668 -1.733 -1.814 -1.900 -1.983 -2.061 -2.140 -2.228 -2.322 
-2.383 
-2.476 -2.550 -2.623 -2.691 -2.754 -2.813 -2.867 -2.917 -2.964 -3.007 
-3.047 -3.083 -3.117 -3.148 -3.176 -3.202 -3.225 -3.245 -3.263 -3.279 
-3.293 -3.304 -3.313 -3.320 -3.325 -3.328 -3.328 -3.327 -3.323 -3.318 
-3.310 -3.301 -3.289 -3.275 -3.259 -3.241 -3.222 -3.199 -3.175 -3.149 
-3.121 -3.090 -3.057 -3.023 -2.986 -2.947 -2.906 -2.863 -2.819 -2.773 
-2.726 -2.677 -2.628 -2.578 -2.529 -2.479 -2.431 -2.384 -2.339 -2.297 
-2.256 -2.218 -2.183 -2.150 -2.119 -2.090 -2.063 -2.036 -2.008 -1.978 
-1.946 -1.910 -1.871 -1.827 -1.780 -1.732 -1.686 -1.647 -1.621 -1.615 
-1.631 -1.669 -1.727 -1.802 -1.893 -1.993 -2.097 -2.198 -2.295 -2.386 
-2.453 
-2.415 -2.476 -2.570 -2.657 -2.737 -2.812 -2.881 -2.944 -3.003 -3.058 
-3.108 -3.155 -3.198 -3.238 -3.274 -3.308 -3.338 -3.366 -3.391 -3.413 
-3.433 -3.451 -3.466 -3.479 -3.489 -3.497 -3.503 -3.507 -3.508 -3.508 
-3.505 -3.500 -3.493 -3.483 -3.472 -3.458 -3.442 -3.424 -3.403 -3.380 
-3.355 -3.327 -3.297 -3.265 -3.230 -3.192 -3.152 -3.109 -3.064 -3.015 
-2.965 -2.911 -2.855 -2.796 -2.735 -2.671 -2.605 -2.538 -2.470 -2.401 
-2.334 -2.268 -2.207 -2.151 -2.102 -2.062 -2.030 -2.005 -1.985 -1.969 
-1.953 -1.936 -1.916 -1.892 -1.862 -1.826 -1.786 -1.742 -1.696 -1.653 
-1.616 -1.590 -1.586 -1.615 -1.682 -1.781 -1.899 -2.023 -2.146 -2.264 
-2.371 
-2.586 -2.681 -2.765 -2.844 -2.916 -2.984 -3.047 -3.105 -3.160 -3.210 
-3.257 -3.300 -3.340 -3.377 -3.411 -3.442 -3.471 -3.497 -3.520 -3.541 
-3.560 -3.576 -3.590 -3.601 -3.611 -3.618 -3.623 -3.626 -3.627 -3.625 
-3.622 -3.616 -3.608 -3.599 -3.587 -3.572 -3.556 -3.537 -3.516 -3.493 
-3.468 -3.440 -3.409 -3.376 -3.341 -3.303 -3.262 -3.218 -3.172 -3.122 
-3.070 -3.014 -2.956 -2.894 -2.829 -2.761 -2.690 -2.617 -2.542 -2.465 
-2.389 -2.314 -2.242 -2.175 -2.115 -2.064 -2.021 -1.986 -1.958 -1.934 
-1.912 -1.890 -1.866 -1.838 -1.805 -1.769 -1.731 -1.694 -1.662 -1.641 
-1.634 -1.651 -1.707 -1.799 -1.911 -2.032 -2.155 -2.274 -2.386 -2.492 
-2.561 
-2.622 -2.713 -2.806 -2.890 -2.967 -3.037 -3.102 -3.161 -3.216 -3.266 
-3.313 -3.356 -3.395 -3.431 -3.464 -3.494 -3.521 -3.546 -3.567 -3.587 
-3.604 -3.619 -3.631 -3.641 -3.649 -3.655 -3.658 -3.660 -3.659 -3.656 
-3.651 -3.645 -3.636 -3.625 -3.611 -3.596 -3.579 -3.560 -3.538 -3.515 
-3.489 -3.461 -3.431 -3.399 -3.364 -3.328 -3.289 -3.248 -3.205 -3.160 
-3.113 -3.063 -3.012 -2.959 -2.905 -2.850 -2.796 -2.743 -2.694 -2.649 
-2.609 -2.573 -2.540 -2.508 -2.476 -2.446 -2.417 -2.389 -2.361 -2.332 
-2.300 -2.265 -2.223 -2.174 -2.117 -2.049 -1.969 -1.876 -1.769 -1.654 
-1.553 -1.504 -1.537 -1.638 -1.764 -1.904 -2.063 -2.222 -2.367 -2.496 
-2.590 
-2.496 -2.607 -2.727 -2.835 -2.931 -3.019 -3.098 -3.170 -3.236 -3.297 
-3.352 -3.403 -3.449 -3.492 -3.531 -3.566 -3.598 -3.626 -3.652 -3.675 
-3.695 -3.712 -3.727 -3.739 -3.749 -3.756 -3.760 -3.763 -3.762 -3.760 
-3.755 -3.747 -3.738 -3.725 -3.710 -3.693 -3.673 -3.651 -3.625 -3.597 
-3.566 -3.532 -3.495 -3.454 -3.410 -3.363 -3.312 -3.257 -3.198 -3.134 
-3.067 -2.995 -2.919 -2.841 -2.761 -2.682 -2.606 -2.539 -2.485 -2.446 
-2.422 -2.411 -2.406 -2.403 -2.395 -2.384 -2.373 -2.366 -2.367 -2.373 
-2.380 -2.384 -2.381 -2.368 -2.345 -2.310 -2.260 -2.195 -2.113 -2.013 
-1.904 -1.800 -1.715 -1.639 -1.598 -1.641 -1.776 -1.960 -2.147 -2.319 
-2.447 
-2.341 -2.451 -2.576 -2.688 -2.791 -2.884 -2.970 -3.048 -3.121 -3.187 
-3.249 -3.305 -3.357 -3.406 -3.450 -3.491 -3.528 -3.562 -3.593 -3.622 
-3.647 -3.670 -3.690 -3.707 -3.722 -3.735 -3.745 -3.753 -3.758 -3.761 
-3.762 -3.760 -3.756 -3.750 -3.741 -3.730 -3.717 -3.701 -3.682 -3.661 
-3.638 -3.611 -3.582 -3.550 -3.515 -3.476 -3.435 -3.390 -3.341 -3.288 
-3.231 -3.171 -3.106 -3.036 -2.963 -2.886 -2.807 -2.726 -2.644 -2.561 
-2.476 -2.388 -2.297 -2.204 -2.114 -2.034 -1.973 -1.936 -1.923 -1.929 
-1.947 -1.969 -1.988 -2.000 -2.004 -1.996 -1.976 -1.942 -1.894 -1.830 
-1.751 -1.663 -1.576 -1.514 -1.504 -1.564 -1.683 -1.835 -2.000 -2.162 
-2.294 
-2.273 -2.383 -2.524 -2.650 -2.763 -2.865 -2.958 -3.042 -3.119 -3.190 
-3.255 -3.314 -3.368 -3.418 -3.464 -3.506 -3.545 -3.580 -3.612 -3.641 
-3.666 -3.689 -3.710 -3.727 -3.742 -3.755 -3.765 -3.773 -3.778 -3.781 
-3.781 -3.779 -3.775 -3.768 -3.759 -3.748 -3.734 -3.718 -3.699 -3.678 
-3.654 -3.628 -3.598 -3.566 -3.531 -3.493 -3.452 -3.408 -3.360 -3.309 
-3.255 -3.197 -3.135 -3.071 -3.003 -2.932 -2.859 -2.785 -2.711 -2.640 
-2.572 -2.511 -2.456 -2.410 -2.371 -2.340 -2.319 -2.309 -2.311 -2.320 
-2.334 -2.346 -2.354 -2.356 -2.350 -2.334 -2.309 -2.273 -2.225 -2.164 
-2.089 -2.002 -1.907 -1.816 -1.743 -1.700 -1.703 -1.771 -1.901 -2.063 
-2.211 
-2.350 -2.456 -2.574 -2.681 -2.779 -2.868 -2.949 -3.024 -3.093 -3.156 
-3.214 -3.268 -3.317 -3.362 -3.404 -3.442 -3.477 -3.508 -3.537 -3.563 
-3.586 -3.606 -3.624 -3.639 -3.651 -3.662 -3.670 -3.675 -3.678 -3.679 
-3.678 -3.674 -3.668 -3.660 -3.649 -3.637 -3.621 -3.604 -3.584 -3.561 
-3.536 -3.508 -3.478 -3.445 -3.410 -3.371 -3.330 -3.286 -3.239 -3.189 
-3.135 -3.079 -3.020 -2.958 -2.894 -2.828 -2.760 -2.691 -2.623 -2.557 
-2.495 -2.439 -2.392 -2.355 -2.329 -2.313 -2.306 -2.304 -2.305 -2.307 
-2.307 -2.304 -2.296 -2.281 -2.259 -2.228 -2.187 -2.134 -2.069 -1.989 
-1.895 -1.793 -1.704 -1.660 -1.665 -1.706 -1.783 -1.899 -2.039 -2.186 
-2.306 
-2.452 -2.556 -2.657 -2.749 -2.832 -2.908 -2.978 -3.042 -3.101 -3.154 
-3.204 -3.249 -3.291 -3.329 -3.364 -3.396 -3.425 -3.451 -3.475 -3.496 
-3.514 -3.530 -3.543 -3.555 -3.564 -3.570 -3.575 -3.577 -3.578 -3.576 
-3.572 -3.566 -3.558 -3.548 -3.536 -3.522 -3.505 -3.487 -3.466 -3.443 
-3.418 -3.391 -3.361 -3.329 -3.295 -3.259 -3.221 -3.180 -3.138 -3.093 
-3.047 -3.000 -2.951 -2.902 -2.854 -2.805 -2.758 -2.713 -2.670 -2.631 
-2.595 -2.563 -2.535 -2.512 -2.492 -2.475 -2.460 -2.446 -2.430 -2.412 
-2.389 -2.361 -2.327 -2.284 -2.233 -2.170 -2.094 -2.004 -1.895 -1.767 
-1.625 -1.488 -1.402 -1.413 -1.523 -1.685 -1.860 -2.027 -2.181 -2.319 
-2.417 
-2.379 -2.464 -2.559 -2.647 -2.728 -2.802 -2.870 -2.933 -2.991 -3.044 
-3.092 -3.137 -3.179 -3.217 -3.251 -3.283 -3.313 -3.339 -3.363 -3.385 
-3.405 -3.422 -3.438 -3.451 -3.463 -3.472 -3.480 -3.486 -3.491 -3.494 
-3.495 -3.495 -3.493 -3.489 -3.485 -3.478 -3.471 -3.462 -3.451 -3.440 
-3.427 -3.413 -3.397 -3.380 -3.362 -3.343 -3.322 -3.301 -3.277 -3.253 
-3.228 -3.201 -3.173 -3.145 -3.115 -3.085 -3.054 -3.023 -2.992 -2.960 
-2.929 -2.897 -2.865 -2.831 -2.796 -2.760 -2.721 -2.681 -2.639 -2.597 
-2.554 -2.509 -2.462 -2.410 -2.351 -2.284 -2.205 -2.114 -2.009 -1.889 
-1.760 -1.636 -1.550 -1.541 -1.614 -1.737 -1.875 -2.011 -2.136 -2.253 
-2.344 
-2.110 -2.247 -2.395 -2.532 -2.653 -2.763 -2.863 -2.954 -3.038 -3.115 
-3.186 -3.251 -3.312 -3.368 -3.420 -3.467 -3.511 -3.552 -3.589 -3.623 
-3.654 -3.682 -3.708 -3.731 -3.751 -3.769 -3.785 -3.799 -3.810 -3.819 
-3.826 -3.831 -3.834 -3.836 -3.835 -3.832 -3.828 -3.821 -3.813 -3.802 
-3.790 -3.776 -3.760 -3.743 -3.723 -3.701 -3.677 -3.651 -3.623 -3.592 
-3.559 -3.524 -3.485 -3.444 -3.400 -3.353 -3.302 -3.247 -3.189 -3.126 
-3.060 -2.990 -2.916 -2.840 -2.761 -2.682 -2.605 -2.534 -2.471 -2.420 
-2.382 -2.356 -2.340 -2.330 -2.323 -2.314 -2.301 -2.282 -2.253 -2.212 
-2.158 -2.096 -2.040 -2.010 -2.012 -2.026 -2.041 -2.058 -2.075 -2.089 
-2.087 
-1.821 -1.923 -2.144 -2.378 -2.585 -2.761 -2.913 -3.045 -3.162 -3.267 
-3.361 -3.447 -3.524 -3.595 -3.661 -3.720 -3.775 -3.826 -3.872 -3.915 
-3.954 -3.990 -4.000 -4.000 -4.000 -4.000 -4.000 -4.000 -4.000 -4.000 
-4.000 -4.000 -4.000 -4.000 -4.000 -4.000 -4.000 -4.000 -4.000 -4.000 
-4.000 -4.000 -4.000 -4.000 -4.000 -4.000 -4.000 -3.995 -3.961 -3.923 
-3.882 -3.838 -3.790 -3.738 -3.682 -3.621 -3.556 -3.486 -3.411 -3.330 
-3.243 -3.150 -3.051 -2.947 -2.841 -2.737 -2.641 -2.561 -2.504 -2.473 
-2.467 -2.479 -2.503 -2.532 -2.560 -2.584 -2.602 -2.611 -2.611 -2.601 
-2.581 -2.548 -2.502 -2.440 -2.360 -2.255 -2.117 -1.962 -1.861 -1.800 
-1.806 
-1.942 -2.161 -2.394 -2.598 -2.773 -2.924 -3.056 -3.174 -3.278 -3.373 
-3.459 -3.537 -3.609 -3.674 -3.734 -3.789 -3.840 -3.887 -3.929 -3.969 
-4.000 -4.000 -4.000 -4.000 -4.000 -4.000 -4.000 -4.000 -4.000 -4.000 
-4.000 -4.000 -4.000 -4.000 -4.000 -4.000 -4.000 -4.000 -4.000 -4.000 
-4.000 -4.000 -4.000 -4.000 -4.000 -4.000 -3.999 -3.963 -3.924 -3.881 
-3.835 -3.785 -3.731 -3.672 -3.609 -3.540 -3.466 -3.386 -3.299 -3.206 
-3.106 -2.998 -2.885 -2.768 -2.653 -2.547 -2.461 -2.404 -2.380 -2.384 
-2.407 -2.440 -2.476 -2.510 -2.539 -2.560 -2.572 -2.573 -2.563 -2.539 
-2.500 -2.443 -2.366 -2.262 -2.126 -1.950 -1.745 -1.582 -1.568 -1.713 
-1.869 
-1.940 -2.101 -2.336 -2.541 -2.717 -2.870 -3.004 -3.124 -3.231 -3.327 
-3.415 -3.495 -3.568 -3.635 -3.696 -3.753 -3.805 -3.853 -3.897 -3.938 
-3.975 -4.000 -4.000 -4.000 -4.000 -4.000 -4.000 -4.000 -4.000 -4.000 
-4.000 -4.000 -4.000 -4.000 -4.000 -4.000 -4.000 -4.000 -4.000 -4.000 
-4.000 -4.000 -4.000 -4.000 -4.000 -4.000 -4.000 -3.977 -3.941 -3.902 
-3.860 -3.815 -3.766 -3.714 -3.658 -3.599 -3.535 -3.468 -3.397 -3.322 
-3.244 -3.162 -3.077 -2.990 -2.900 -2.812 -2.728 -2.654 -2.591 -2.539 
-2.499 -2.471 -2.457 -2.454 -2.459 -2.466 -2.470 -2.467 -2.455 -2.431 
-2.392 -2.337 -2.264 -2.175 -2.076 -1.970 -1.838 -1.686 -1.605 -1.667 
-1.841 
-2.257 -2.496 -2.669 -2.817 -2.946 -3.059 -3.160 -3.251 -3.333 -3.407 
-3.475 -3.537 -3.594 -3.646 -3.694 -3.738 -3.779 -3.815 -3.849 -3.879 
-3.907 -3.931 -3.953 -3.972 -3.989 -4.000 -4.000 -4.000 -4.000 -4.000 
-4.000 -4.000 -4.000 -4.000 -4.000 -4.000 -4.000 -3.988 -3.972 -3.953 
-3.932 -3.908 -3.882 -3.854 -3.822 -3.788 -3.751 -3.711 -3.669 -3.623 
-3.575 -3.523 -3.468 -3.410 -3.350 -3.287 -3.222 -3.155 -3.087 -3.020 
-2.955 -2.893 -2.835 -2.785 -2.742 -2.706 -2.677 -2.653 -2.634 -2.617 
-2.601 -2.588 -2.575 -2.561 -2.544 -2.521 -2.490 -2.449 -2.395 -2.327 
-2.244 -2.145 -2.036 -1.933 -1.865 -1.862 -1.915 -1.976 -2.018 -2.117 
-2.232 
-2.266 -2.391 -2.570 -2.732 -2.876 -3.005 -3.119 -3.222 -3.315 -3.399 
-3.476 -3.546 -3.610 -3.669 -3.723 -3.772 -3.818 -3.859 -3.897 -3.932 
-3.963 -3.991 -4.000 -4.000 -4.000 -4.000 -4.000 -4.000 -4.000 -4.000 
-4.000 -4.000 -4.000 -4.000 -4.000 -4.000 -4.000 -4.000 -4.000 -4.000 
-4.000 -4.000 -4.000 -3.976 -3.947 -3.916 -3.882 -3.846 -3.806 -3.764 
-3.719 -3.672 -3.621 -3.568 -3.512 -3.453 -3.393 -3.331 -3.269 -3.206 
-3.145 -3.087 -3.033 -2.985 -2.945 -2.913 -2.890 -2.875 -2.867 -2.863 
-2.862 -2.861 -2.858 -2.853 -2.843 -2.827 -2.804 -2.772 -2.732 -2.680 
-2.616 -2.538 -2.446 -2.345 -2.248 -2.167 -2.091 -2.018 -1.993 -2.062 
-2.195 
-2.286 -2.402 -2.538 -2.669 -2.791 -2.903 -3.006 -3.101 -3.188 -3.268 
-3.343 -3.411 -3.475 -3.534 -3.589 -3.639 -3.686 -3.730 -3.769 -3.806 
-3.839 -3.870 -3.898 -3.923 -3.945 -3.965 -3.982 -3.997 -4.000 -4.000 
-4.000 -4.000 -4.000 -4.000 -4.000 -4.000 -4.000 -4.000 -4.000 -3.992 
-3.976 -3.958 -3.937 -3.914 -3.888 -3.860 -3.828 -3.794 -3.757 -3.717 
-3.674 -3.627 -3.577 -3.524 -3.467 -3.407 -3.344 -3.278 -3.209 -3.138 
-3.066 -2.995 -2.927 -2.864 -2.809 -2.764 -2.729 -2.705 -2.691 -2.682 
-2.676 -2.669 -2.660 -2.646 -2.626 -2.603 -2.576 -2.547 -2.517 -2.486 
-2.453 -2.417 -2.375 -2.326 -2.269 -2.205 -2.142 -2.097 -2.095 -2.157 
-2.247 
-2.331 -2.403 -2.493 -2.583 -2.670 -2.755 -2.837 -2.916 -2.991 -3.062 
-3.130 -3.195 -3.256 -3.313 -3.368 -3.419 -3.467 -3.512 -3.554 -3.594 
-3.631 -3.665 -3.697 -3.726 -3.753 -3.778 -3.800 -3.820 -3.838 -3.854 
-3.867 -3.878 -3.888 -3.895 -3.900 -3.903 -3.904 -3.903 -3.900 -3.895 
-3.888 -3.879 -3.867 -3.854 -3.838 -3.820 -3.799 -3.777 -3.751 -3.724 
-3.694 -3.661 -3.625 -3.587 -3.545 -3.501 -3.453 -3.403 -3.349 -3.292 
-3.233 -3.171 -3.108 -3.044 -2.980 -2.916 -2.854 -2.791 -2.727 -2.661 
-2.592 -2.520 -2.446 -2.373 -2.302 -2.236 -2.177 -2.127 -2.087 -2.058 
-2.038 -2.028 -2.026 -2.031 -2.043 -2.061 -2.086 -2.120 -2.169 -2.235 
-2.294 
