IRGRID 64 91
1e+308

0.025 0.03 0.035 0.04 0.045 0.05 0.055 0.06 0.065 0.07
0.075 0.08 0.085 0.09 0.095 0.1 0.11 0.12 0.13 0.14
0.15 0.16 0.17 0.18 0.19 0.2 0.21 0.22 0.23 0.24
0.25 0.26 0.27 0.28 0.29 0.3 0.31 0.32 0.33 0.34
0.35 0.36 0.37 0.38 0.39 0.4 0.41 0.42 0.43 0.44
0.45 0.46 0.47 0.48 0.49 0.5 0.51 0.52 0.53 0.54
0.55 0.56 0.57 0.58
0 4 8 12 16 20 24 28 32 36
40 44 48 52 56 60 64 68 72 76
80 84 88 92 96 100 104 108 112 116
120 124 128 132 136 140 144 148 152 156
160 164 168 172 176 180 184 188 192 196
200 204 208 212 216 220 224 228 232 236
240 244 248 252 256 260 264 268 272 276
280 284 288 292 296 300 304 308 312 316
320 324 328 332 336 340 344 348 352 356
360
-4.000 -4.000 -4.000 -4.000 -4.000 -4.000 -4.000 -4.000 -4.000 -4.000 
-4.000 -4.000 -4.000 -4.000 -4.000 -4.000 -4.000 -4.000 -4.000 -4.000 
-4.000 -4.000 -4.000 -4.000 -4.000 -4.000 -4.000 -4.000 -4.000 -4.000 
-3.964 -3.870 -3.768 -3.660 -3.550 -3.447 -3.365 -3.311 -3.280 -3.264 
-3.264 -3.284 -3.324 -3.380 -3.442 -3.504 -3.563 -3.615 -3.660 -3.697 
-3.727 -3.748 -3.762 -3.769 -3.767 -3.758 -3.741 -3.714 -3.679 -3.633 
-3.575 -3.502 -3.413 -3.303 -3.164 -2.987 -2.763 -2.516 -2.348 -2.350 
-2.526 -2.808 -3.071 -3.289 -3.469 -3.621 -3.752 -3.866 -3.966 -4.000 
-4.000 -4.000 -4.000 -4.000 -4.000 -4.000 -4.000 -4.000 -4.000 -4.000 
-4.000 
-3.863 -3.929 -3.912 -3.892 -3.867 -3.838 -3.805 -3.769 -3.730 -3.689 
-3.649 -3.610 -3.575 -3.546 -3.526 -3.517 -3.518 -3.529 -3.547 -3.571 
-3.596 -3.621 -3.642 -3.657 -3.666 -3.665 -3.654 -3.632 -3.597 -3.548 
-3.484 -3.406 -3.314 -3.212 -3.110 -3.022 -2.969 -2.962 -2.998 -3.061 
-3.134 -3.206 -3.272 -3.329 -3.376 -3.412 -3.437 -3.451 -3.454 -3.446 
-3.429 -3.403 -3.368 -3.326 -3.280 -3.233 -3.190 -3.156 -3.137 -3.133 
-3.138 -3.144 -3.140 -3.114 -3.059 -2.963 -2.817 -2.614 -2.390 -2.260 
-2.307 -2.514 -2.771 -2.997 -3.179 -3.326 -3.446 -3.545 -3.628 -3.698 
-3.756 -3.805 -3.845 -3.878 -3.904 -3.923 -3.937 -3.946 -3.949 -3.947 
-3.861 
-3.259 -3.229 -3.205 -3.176 -3.145 -3.110 -3.071 -3.030 -2.987 -2.944 
-2.900 -2.860 -2.824 -2.795 -2.775 -2.766 -2.769 -2.783 -2.805 -2.835 
-2.868 -2.904 -2.939 -2.973 -3.004 -3.033 -3.058 -3.079 -3.097 -3.111 
-3.122 -3.128 -3.129 -3.125 -3.115 -3.102 -3.092 -3.091 -3.098 -3.108 
-3.113 -3.114 -3.107 -3.095 -3.077 -3.054 -3.025 -2.991 -2.952 -2.907 
-2.856 -2.801 -2.741 -2.679 -2.616 -2.556 -2.506 -2.469 -2.450 -2.451 
-2.465 -2.484 -2.497 -2.492 -2.460 -2.404 -2.341 -2.309 -2.329 -2.379 
-2.479 -2.626 -2.756 -2.862 -2.948 -3.019 -3.078 -3.127 -3.168 -3.203 
-3.231 -3.253 -3.270 -3.282 -3.290 -3.293 -3.293 -3.288 -3.279 -3.266 
-3.269 
-2.694 -2.787 -2.806 -2.825 -2.843 -2.860 -2.875 -2.889 -2.899 -2.908 
-2.913 -2.915 -2.916 -2.915 -2.914 -2.913 -2.913 -2.914 -2.915 -2.915 
-2.915 -2.913 -2.909 -2.904 -2.898 -2.891 -2.885 -2.878 -2.873 -2.868 
-2.864 -2.862 -2.861 -2.860 -2.861 -2.862 -2.862 -2.863 -2.863 -2.862 
-2.859 -2.854 -2.848 -2.839 -2.827 -2.811 -2.793 -2.771 -2.744 -2.714 
-2.678 -2.637 -2.591 -2.538 -2.479 -2.412 -2.338 -2.254 -2.157 -2.043 
-1.904 -1.732 -1.520 -1.291 -1.167 -1.239 -1.352 -1.435 -1.525 -1.641 
-1.771 -1.898 -2.013 -2.115 -2.203 -2.280 -2.346 -2.403 -2.453 -2.497 
-2.535 -2.568 -2.597 -2.624 -2.647 -2.669 -2.690 -2.709 -2.729 -2.748 
-2.692 
-2.119 -2.125 -2.148 -2.173 -2.200 -2.226 -2.254 -2.281 -2.308 -2.335 
-2.361 -2.385 -2.409 -2.432 -2.453 -2.473 -2.491 -2.508 -2.524 -2.538 
-2.551 -2.563 -2.573 -2.581 -2.589 -2.595 -2.599 -2.602 -2.604 -2.604 
-2.603 -2.601 -2.597 -2.591 -2.583 -2.574 -2.563 -2.549 -2.534 -2.516 
-2.495 -2.472 -2.446 -2.416 -2.384 -2.348 -2.307 -2.263 -2.214 -2.160 
-2.100 -2.034 -1.960 -1.877 -1.783 -1.676 -1.551 -1.403 -1.220 -0.978 
-0.613 0.085 0.076 -0.359 -0.416 -0.538 -0.736 -0.936 -1.106 -1.248 
-1.367 -1.467 -1.552 -1.624 -1.686 -1.739 -1.784 -1.824 -1.858 -1.887 
-1.913 -1.936 -1.957 -1.975 -1.993 -2.010 -2.026 -2.044 -2.062 -2.081 
-2.110 
-1.972 -1.979 -1.992 -2.003 -2.013 -2.023 -2.032 -2.040 -2.048 -2.055 
-2.062 -2.069 -2.075 -2.081 -2.087 -2.093 -2.098 -2.104 -2.109 -2.114 
-2.118 -2.122 -2.126 -2.129 -2.131 -2.133 -2.133 -2.133 -2.131 -2.128 
-2.124 -2.118 -2.111 -2.102 -2.091 -2.078 -2.063 -2.046 -2.027 -2.005 
-1.981 -1.953 -1.923 -1.889 -1.852 -1.811 -1.766 -1.717 -1.662 -1.602 
-1.536 -1.462 -1.380 -1.288 -1.183 -1.062 -0.921 -0.749 -0.531 -0.223 
0.325 0.781 0.789 0.515 0.138 -0.208 -0.472 -0.675 -0.839 -0.975 
-1.091 -1.192 -1.280 -1.359 -1.430 -1.494 -1.552 -1.604 -1.652 -1.694 
-1.733 -1.768 -1.800 -1.829 -1.855 -1.878 -1.899 -1.918 -1.936 -1.952 
-1.969 
-1.977 -1.999 -2.029 -2.057 -2.083 -2.108 -2.130 -2.151 -2.170 -2.187 
-2.203 -2.217 -2.230 -2.242 -2.252 -2.261 -2.268 -2.274 -2.279 -2.282 
-2.284 -2.284 -2.283 -2.281 -2.277 -2.271 -2.264 -2.254 -2.244 -2.231 
-2.216 -2.200 -2.181 -2.161 -2.138 -2.113 -2.086 -2.056 -2.024 -1.989 
-1.952 -1.911 -1.868 -1.822 -1.772 -1.719 -1.662 -1.601 -1.535 -1.465 
-1.389 -1.308 -1.219 -1.123 -1.017 -0.900 -0.768 -0.618 -0.443 -0.229 
0.051 0.493 0.745 0.867 0.709 0.379 0.061 -0.181 -0.372 -0.530 
-0.665 -0.784 -0.891 -0.988 -1.078 -1.162 -1.240 -1.313 -1.382 -1.447 
-1.509 -1.567 -1.622 -1.675 -1.724 -1.771 -1.815 -1.856 -1.895 -1.932 
-1.964 
-2.092 -2.106 -2.131 -2.156 -2.179 -2.200 -2.221 -2.240 -2.259 -2.276 
-2.293 -2.308 -2.323 -2.337 -2.351 -2.363 -2.374 -2.384 -2.393 -2.401 
-2.407 -2.412 -2.415 -2.416 -2.416 -2.414 -2.411 -2.406 -2.398 -2.389 
-2.379 -2.366 -2.351 -2.334 -2.315 -2.294 -2.271 -2.246 -2.218 -2.187 
-2.154 -2.119 -2.080 -2.038 -1.993 -1.944 -1.892 -1.835 -1.774 -1.707 
-1.635 -1.556 -1.470 -1.375 -1.268 -1.148 -1.012 -0.854 -0.672 -0.460 
-0.193 0.118 0.362 0.435 0.183 -0.156 -0.419 -0.622 -0.786 -0.922 
-1.038 -1.140 -1.230 -1.311 -1.385 -1.452 -1.514 -1.571 -1.625 -1.675 
-1.722 -1.767 -1.809 -1.848 -1.886 -1.922 -1.957 -1.989 -2.021 -2.050 
-2.082 
-2.437 -2.464 -2.462 -2.459 -2.455 -2.450 -2.445 -2.442 -2.440 -2.440 
-2.443 -2.449 -2.458 -2.469 -2.484 -2.501 -2.519 -2.538 -2.558 -2.578 
-2.597 -2.615 -2.632 -2.647 -2.661 -2.672 -2.681 -2.688 -2.693 -2.694 
-2.694 -2.690 -2.684 -2.674 -2.662 -2.646 -2.627 -2.605 -2.579 -2.550 
-2.516 -2.478 -2.436 -2.389 -2.338 -2.283 -2.225 -2.164 -2.102 -2.039 
-1.974 -1.903 -1.823 -1.727 -1.610 -1.466 -1.293 -1.108 -0.958 -0.893 
-0.851 -0.685 -0.465 -0.603 -0.916 -1.173 -1.368 -1.518 -1.637 -1.734 
-1.814 -1.882 -1.941 -1.995 -2.045 -2.094 -2.140 -2.184 -2.225 -2.264 
-2.299 -2.330 -2.358 -2.383 -2.404 -2.421 -2.436 -2.447 -2.455 -2.460 
-2.441 
-2.674 -2.722 -2.746 -2.766 -2.784 -2.799 -2.811 -2.822 -2.832 -2.841 
-2.849 -2.857 -2.866 -2.874 -2.881 -2.888 -2.894 -2.899 -2.902 -2.904 
-2.903 -2.900 -2.894 -2.885 -2.874 -2.859 -2.842 -2.821 -2.798 -2.771 
-2.741 -2.708 -2.671 -2.631 -2.587 -2.540 -2.490 -2.436 -2.378 -2.317 
-2.253 -2.186 -2.117 -2.046 -1.975 -1.906 -1.840 -1.780 -1.730 -1.691 
-1.666 -1.654 -1.652 -1.655 -1.656 -1.648 -1.621 -1.565 -1.499 -1.495 
-1.564 -1.631 -1.670 -1.688 -1.691 -1.688 -1.682 -1.678 -1.679 -1.686 
-1.701 -1.722 -1.750 -1.785 -1.829 -1.881 -1.940 -2.004 -2.072 -2.140 
-2.207 -2.272 -2.335 -2.394 -2.449 -2.500 -2.547 -2.590 -2.629 -2.664 
-2.663 
-2.518 -2.528 -2.556 -2.580 -2.602 -2.622 -2.640 -2.654 -2.667 -2.677 
-2.686 -2.692 -2.695 -2.697 -2.696 -2.693 -2.688 -2.681 -2.671 -2.660 
-2.646 -2.630 -2.611 -2.591 -2.568 -2.542 -2.514 -2.484 -2.451 -2.415 
-2.377 -2.336 -2.292 -2.246 -2.197 -2.145 -2.091 -2.034 -1.975 -1.915 
-1.853 -1.791 -1.729 -1.668 -1.610 -1.556 -1.508 -1.465 -1.430 -1.402 
-1.382 -1.368 -1.360 -1.355 -1.351 -1.348 -1.343 -1.335 -1.325 -1.311 
-1.293 -1.272 -1.248 -1.225 -1.203 -1.186 -1.179 -1.184 -1.204 -1.241 
-1.292 -1.355 -1.427 -1.504 -1.584 -1.663 -1.741 -1.818 -1.891 -1.961 
-2.027 -2.090 -2.149 -2.204 -2.256 -2.305 -2.349 -2.391 -2.430 -2.465 
-2.507 
-2.509 -2.541 -2.566 -2.589 -2.610 -2.628 -2.644 -2.658 -2.669 -2.678 
-2.685 -2.689 -2.691 -2.692 -2.689 -2.685 -2.679 -2.670 -2.659 -2.646 
-2.631 -2.613 -2.593 -2.571 -2.546 -2.519 -2.489 -2.456 -2.421 -2.384 
-2.343 -2.300 -2.254 -2.205 -2.154 -2.100 -2.044 -1.985 -1.925 -1.863 
-1.800 -1.736 -1.672 -1.608 -1.544 -1.483 -1.423 -1.367 -1.317 -1.273 
-1.237 -1.209 -1.188 -1.173 -1.160 -1.149 -1.136 -1.120 -1.098 -1.068 
-1.026 -0.969 -0.890 -0.788 -0.706 -0.735 -0.851 -0.964 -1.061 -1.151 
-1.241 -1.333 -1.425 -1.517 -1.606 -1.692 -1.775 -1.853 -1.926 -1.996 
-2.061 -2.122 -2.179 -2.232 -2.282 -2.328 -2.371 -2.411 -2.447 -2.481 
-2.499 
-2.404 -2.430 -2.451 -2.469 -2.486 -2.500 -2.511 -2.521 -2.528 -2.532 
-2.535 -2.535 -2.533 -2.529 -2.522 -2.513 -2.502 -2.489 -2.473 -2.455 
-2.435 -2.412 -2.387 -2.359 -2.328 -2.295 -2.260 -2.221 -2.181 -2.137 
-2.091 -2.042 -1.991 -1.938 -1.883 -1.826 -1.769 -1.711 -1.654 -1.598 
-1.545 -1.495 -1.449 -1.407 -1.368 -1.331 -1.295 -1.255 -1.208 -1.148 
-1.066 -0.953 -0.824 -0.750 -0.791 -0.869 -0.916 -0.922 -0.890 -0.826 
-0.730 -0.599 -0.436 -0.267 -0.164 -0.204 -0.378 -0.601 -0.812 -0.993 
-1.148 -1.282 -1.400 -1.505 -1.599 -1.684 -1.762 -1.834 -1.900 -1.961 
-2.018 -2.071 -2.121 -2.167 -2.210 -2.249 -2.286 -2.320 -2.352 -2.380 
-2.397 
-2.320 -2.319 -2.347 -2.372 -2.396 -2.418 -2.437 -2.455 -2.471 -2.485 
-2.496 -2.506 -2.514 -2.519 -2.523 -2.524 -2.524 -2.521 -2.516 -2.509 
-2.500 -2.488 -2.474 -2.458 -2.439 -2.418 -2.395 -2.368 -2.339 -2.307 
-2.272 -2.235 -2.194 -2.150 -2.103 -2.052 -1.998 -1.941 -1.880 -1.816 
-1.747 -1.673 -1.594 -1.508 -1.413 -1.310 -1.199 -1.082 -0.955 -0.808 
-0.629 -0.427 -0.249 -0.170 -0.232 -0.383 -0.550 -0.694 -0.806 -0.884 
-0.929 -0.935 -0.895 -0.806 -0.716 -0.710 -0.729 -0.788 -0.988 -1.179 
-1.316 -1.417 -1.495 -1.561 -1.618 -1.671 -1.721 -1.769 -1.816 -1.862 
-1.906 -1.950 -1.994 -2.036 -2.076 -2.116 -2.154 -2.190 -2.225 -2.258 
-2.307 
-2.470 -2.551 -2.570 -2.586 -2.601 -2.612 -2.621 -2.629 -2.633 -2.636 
-2.637 -2.635 -2.632 -2.627 -2.620 -2.612 -2.602 -2.591 -2.579 -2.565 
-2.551 -2.535 -2.519 -2.502 -2.483 -2.464 -2.443 -2.421 -2.398 -2.372 
-2.344 -2.313 -2.278 -2.239 -2.196 -2.146 -2.091 -2.028 -1.957 -1.877 
-1.786 -1.685 -1.572 -1.449 -1.318 -1.188 -1.073 -0.989 -0.945 -0.932 
-0.920 -0.877 -0.796 -0.750 -0.814 -0.923 -1.009 -1.054 -1.062 -1.034 
-0.974 -0.889 -0.799 -0.721 -0.619 -0.453 -0.289 -0.276 -0.474 -0.760 
-1.023 -1.235 -1.408 -1.550 -1.670 -1.774 -1.865 -1.946 -2.018 -2.084 
-2.144 -2.199 -2.249 -2.296 -2.339 -2.378 -2.414 -2.447 -2.477 -2.505 
-2.465 
-2.073 -2.091 -2.102 -2.112 -2.118 -2.123 -2.125 -2.125 -2.124 -2.120 
-2.115 -2.108 -2.099 -2.090 -2.079 -2.067 -2.055 -2.041 -2.028 -2.014 
-2.000 -1.986 -1.972 -1.959 -1.946 -1.934 -1.922 -1.911 -1.900 -1.890 
-1.879 -1.869 -1.857 -1.845 -1.831 -1.816 -1.798 -1.777 -1.753 -1.724 
-1.689 -1.648 -1.600 -1.543 -1.476 -1.400 -1.319 -1.240 -1.167 -1.094 
-1.011 -0.916 -0.814 -0.723 -0.660 -0.632 -0.630 -0.631 -0.615 -0.570 
-0.495 -0.408 -0.347 -0.351 -0.419 -0.502 -0.546 -0.610 -0.766 -0.912 
-1.028 -1.126 -1.215 -1.298 -1.377 -1.452 -1.522 -1.588 -1.650 -1.707 
-1.759 -1.808 -1.852 -1.892 -1.929 -1.961 -1.991 -2.017 -2.040 -2.060 
-2.071 
-1.807 -1.827 -1.858 -1.886 -1.911 -1.934 -1.954 -1.972 -1.987 -2.001 
-2.012 -2.020 -2.027 -2.032 -2.034 -2.034 -2.033 -2.029 -2.024 -2.016 
-2.007 -1.996 -1.983 -1.969 -1.952 -1.934 -1.913 -1.891 -1.866 -1.840 
-1.810 -1.778 -1.743 -1.705 -1.664 -1.619 -1.571 -1.518 -1.460 -1.398 
-1.331 -1.258 -1.179 -1.092 -0.999 -0.897 -0.786 -0.665 -0.534 -0.394 
-0.246 -0.101 0.027 0.118 0.161 0.159 0.124 0.072 0.016 -0.036 
-0.078 -0.110 -0.135 -0.165 -0.203 -0.245 -0.290 -0.340 -0.395 -0.456 
-0.523 -0.595 -0.672 -0.752 -0.833 -0.914 -0.995 -1.073 -1.148 -1.221 
-1.290 -1.355 -1.417 -1.476 -1.531 -1.583 -1.631 -1.676 -1.718 -1.758 
-1.794 
-1.696 -1.723 -1.751 -1.777 -1.800 -1.821 -1.839 -1.855 -1.869 -1.880 
-1.890 -1.897 -1.902 -1.905 -1.906 -1.905 -1.901 -1.896 -1.888 -1.878 
-1.866 -1.851 -1.835 -1.816 -1.794 -1.770 -1.744 -1.715 -1.684 -1.649 
-1.612 -1.572 -1.528 -1.481 -1.431 -1.377 -1.318 -1.256 -1.189 -1.117 
-1.039 -0.956 -0.866 -0.769 -0.664 -0.550 -0.426 -0.292 -0.148 0.005 
0.162 0.308 0.424 0.490 0.501 0.469 0.416 0.358 0.304 0.257 
0.217 0.182 0.150 0.117 0.078 0.030 -0.030 -0.102 -0.186 -0.278 
-0.374 -0.472 -0.570 -0.665 -0.757 -0.845 -0.929 -1.008 -1.084 -1.155 
-1.221 -1.284 -1.343 -1.398 -1.449 -1.498 -1.543 -1.585 -1.623 -1.659 
-1.685 
-1.598 -1.619 -1.643 -1.665 -1.684 -1.702 -1.717 -1.730 -1.741 -1.749 
-1.756 -1.761 -1.763 -1.764 -1.762 -1.758 -1.753 -1.745 -1.735 -1.723 
-1.709 -1.692 -1.674 -1.653 -1.629 -1.604 -1.576 -1.545 -1.512 -1.476 
-1.437 -1.395 -1.350 -1.302 -1.250 -1.195 -1.136 -1.073 -1.005 -0.933 
-0.856 -0.773 -0.685 -0.590 -0.488 -0.378 -0.260 -0.134 -0.001 0.129 
0.239 0.321 0.382 0.424 0.441 0.436 0.414 0.379 0.337 0.289 
0.237 0.181 0.122 0.058 -0.010 -0.081 -0.157 -0.236 -0.317 -0.399 
-0.481 -0.561 -0.641 -0.718 -0.793 -0.865 -0.935 -1.001 -1.065 -1.125 
-1.182 -1.236 -1.287 -1.335 -1.380 -1.422 -1.462 -1.498 -1.532 -1.564 
-1.590 
-1.585 -1.597 -1.626 -1.653 -1.677 -1.698 -1.718 -1.735 -1.749 -1.762 
-1.772 -1.780 -1.785 -1.789 -1.790 -1.789 -1.786 -1.780 -1.772 -1.762 
-1.750 -1.735 -1.718 -1.698 -1.676 -1.652 -1.624 -1.594 -1.560 -1.524 
-1.485 -1.442 -1.395 -1.344 -1.289 -1.230 -1.166 -1.096 -1.020 -0.937 
-0.846 -0.746 -0.635 -0.511 -0.371 -0.213 -0.035 0.147 0.295 0.397 
0.449 0.433 0.360 0.269 0.184 0.111 0.047 -0.009 -0.059 -0.105 
-0.146 -0.184 -0.217 -0.247 -0.275 -0.301 -0.327 -0.355 -0.387 -0.424 
-0.467 -0.517 -0.572 -0.633 -0.697 -0.763 -0.831 -0.899 -0.965 -1.030 
-1.093 -1.153 -1.211 -1.265 -1.317 -1.365 -1.411 -1.454 -1.494 -1.531 
-1.572 
-1.795 -1.835 -1.862 -1.885 -1.906 -1.925 -1.941 -1.955 -1.966 -1.976 
-1.982 -1.987 -1.989 -1.989 -1.986 -1.981 -1.974 -1.965 -1.953 -1.938 
-1.922 -1.902 -1.880 -1.855 -1.828 -1.797 -1.764 -1.727 -1.687 -1.643 
-1.595 -1.543 -1.487 -1.426 -1.359 -1.287 -1.208 -1.122 -1.027 -0.923 
-0.807 -0.678 -0.533 -0.369 -0.185 0.019 0.229 0.397 0.458 0.401 
0.291 0.168 0.047 -0.062 -0.152 -0.222 -0.275 -0.313 -0.339 -0.353 
-0.359 -0.359 -0.356 -0.353 -0.353 -0.360 -0.377 -0.406 -0.450 -0.508 
-0.577 -0.654 -0.736 -0.820 -0.903 -0.985 -1.065 -1.141 -1.213 -1.282 
-1.347 -1.409 -1.466 -1.520 -1.571 -1.618 -1.662 -1.702 -1.740 -1.775 
-1.786 
-1.946 -1.959 -1.979 -1.996 -2.011 -2.024 -2.034 -2.042 -2.047 -2.051 
-2.052 -2.050 -2.047 -2.041 -2.033 -2.022 -2.009 -1.994 -1.976 -1.955 
-1.932 -1.906 -1.877 -1.846 -1.811 -1.773 -1.732 -1.687 -1.638 -1.585 
-1.527 -1.464 -1.396 -1.322 -1.241 -1.153 -1.056 -0.949 -0.833 -0.707 
-0.576 -0.450 -0.333 -0.218 -0.096 0.022 0.117 0.175 0.170 0.095 
-0.002 -0.090 -0.161 -0.216 -0.255 -0.281 -0.294 -0.297 -0.291 -0.279 
-0.265 -0.255 -0.255 -0.271 -0.306 -0.359 -0.427 -0.506 -0.594 -0.686 
-0.781 -0.875 -0.967 -1.056 -1.140 -1.220 -1.296 -1.366 -1.432 -1.494 
-1.551 -1.605 -1.655 -1.701 -1.744 -1.783 -1.820 -1.853 -1.884 -1.911 
-1.937 
-2.076 -2.113 -2.129 -2.143 -2.155 -2.164 -2.170 -2.174 -2.176 -2.175 
-2.172 -2.167 -2.159 -2.148 -2.135 -2.120 -2.101 -2.080 -2.056 -2.030 
-2.000 -1.967 -1.931 -1.891 -1.848 -1.800 -1.749 -1.692 -1.631 -1.564 
-1.491 -1.412 -1.325 -1.229 -1.124 -1.008 -0.880 -0.740 -0.591 -0.439 
-0.303 -0.206 -0.167 -0.179 -0.214 -0.244 -0.265 -0.291 -0.333 -0.384 
-0.436 -0.480 -0.513 -0.532 -0.537 -0.528 -0.507 -0.475 -0.433 -0.386 
-0.344 -0.319 -0.324 -0.367 -0.443 -0.541 -0.650 -0.761 -0.869 -0.970 
-1.065 -1.153 -1.235 -1.312 -1.385 -1.454 -1.520 -1.582 -1.640 -1.695 
-1.747 -1.796 -1.841 -1.883 -1.922 -1.958 -1.991 -2.021 -2.048 -2.072 
-2.071 
-2.019 -2.027 -2.053 -2.078 -2.100 -2.119 -2.136 -2.150 -2.162 -2.172 
-2.179 -2.184 -2.187 -2.187 -2.185 -2.180 -2.173 -2.163 -2.151 -2.137 
-2.119 -2.099 -2.077 -2.051 -2.022 -1.990 -1.954 -1.915 -1.871 -1.824 
-1.771 -1.714 -1.651 -1.581 -1.504 -1.418 -1.323 -1.216 -1.099 -0.973 
-0.848 -0.741 -0.667 -0.613 -0.551 -0.472 -0.391 -0.333 -0.318 -0.348 
-0.410 -0.484 -0.558 -0.624 -0.678 -0.721 -0.750 -0.767 -0.772 -0.766 
-0.754 -0.742 -0.739 -0.746 -0.759 -0.771 -0.785 -0.811 -0.855 -0.911 
-0.970 -1.028 -1.086 -1.143 -1.200 -1.259 -1.319 -1.379 -1.439 -1.498 
-1.555 -1.611 -1.664 -1.715 -1.764 -1.809 -1.852 -1.893 -1.930 -1.965 
-2.007 
-2.141 -2.173 -2.199 -2.223 -2.244 -2.262 -2.278 -2.292 -2.303 -2.311 
-2.317 -2.321 -2.323 -2.322 -2.319 -2.314 -2.306 -2.296 -2.284 -2.269 
-2.251 -2.231 -2.209 -2.183 -2.155 -2.124 -2.089 -2.052 -2.011 -1.967 
-1.919 -1.866 -1.810 -1.749 -1.682 -1.610 -1.532 -1.448 -1.356 -1.255 
-1.146 -1.027 -0.897 -0.758 -0.612 -0.471 -0.350 -0.275 -0.258 -0.293 
-0.358 -0.433 -0.503 -0.563 -0.610 -0.644 -0.665 -0.674 -0.670 -0.654 
-0.626 -0.587 -0.538 -0.485 -0.433 -0.393 -0.379 -0.402 -0.469 -0.571 
-0.693 -0.821 -0.946 -1.063 -1.172 -1.272 -1.365 -1.451 -1.531 -1.605 
-1.675 -1.739 -1.799 -1.854 -1.906 -1.954 -1.999 -2.040 -2.078 -2.112 
-2.131 
-2.254 -2.272 -2.295 -2.315 -2.333 -2.348 -2.361 -2.372 -2.380 -2.386 
-2.389 -2.390 -2.389 -2.386 -2.381 -2.373 -2.363 -2.350 -2.335 -2.318 
-2.298 -2.276 -2.251 -2.223 -2.192 -2.159 -2.123 -2.083 -2.040 -1.994 
-1.944 -1.890 -1.833 -1.771 -1.704 -1.633 -1.557 -1.475 -1.390 -1.300 
-1.206 -1.111 -1.014 -0.917 -0.822 -0.730 -0.650 -0.593 -0.569 -0.573 
-0.593 -0.617 -0.641 -0.660 -0.673 -0.677 -0.673 -0.658 -0.634 -0.600 
-0.558 -0.510 -0.462 -0.424 -0.407 -0.419 -0.463 -0.538 -0.639 -0.757 
-0.882 -1.006 -1.125 -1.237 -1.340 -1.436 -1.525 -1.607 -1.682 -1.752 
-1.817 -1.877 -1.933 -1.984 -2.032 -2.076 -2.116 -2.153 -2.187 -2.219 
-2.245 
-2.383 -2.409 -2.431 -2.450 -2.467 -2.481 -2.492 -2.501 -2.508 -2.512 
-2.513 -2.512 -2.509 -2.503 -2.495 -2.485 -2.472 -2.456 -2.438 -2.417 
-2.393 -2.367 -2.337 -2.305 -2.269 -2.230 -2.188 -2.142 -2.092 -2.038 
-1.979 -1.916 -1.848 -1.776 -1.698 -1.615 -1.527 -1.436 -1.343 -1.251 
-1.165 -1.091 -1.033 -0.995 -0.976 -0.973 -0.982 -0.998 -1.018 -1.040 
-1.064 -1.086 -1.105 -1.119 -1.126 -1.126 -1.118 -1.101 -1.075 -1.040 
-0.997 -0.946 -0.891 -0.837 -0.791 -0.759 -0.748 -0.765 -0.813 -0.894 
-0.998 -1.114 -1.232 -1.346 -1.454 -1.554 -1.647 -1.732 -1.811 -1.884 
-1.951 -2.013 -2.070 -2.122 -2.170 -2.215 -2.255 -2.292 -2.326 -2.357 
-2.375 
-2.460 -2.481 -2.502 -2.521 -2.537 -2.550 -2.562 -2.570 -2.576 -2.580 
-2.582 -2.581 -2.577 -2.572 -2.563 -2.553 -2.540 -2.524 -2.506 -2.485 
-2.462 -2.435 -2.406 -2.374 -2.338 -2.300 -2.258 -2.212 -2.163 -2.109 
-2.051 -1.989 -1.921 -1.849 -1.770 -1.687 -1.597 -1.502 -1.402 -1.300 
-1.197 -1.101 -1.016 -0.952 -0.915 -0.906 -0.922 -0.955 -0.998 -1.043 
-1.084 -1.121 -1.150 -1.171 -1.183 -1.188 -1.183 -1.170 -1.148 -1.118 
-1.079 -1.034 -0.984 -0.933 -0.889 -0.860 -0.857 -0.887 -0.950 -1.038 
-1.142 -1.252 -1.362 -1.467 -1.567 -1.661 -1.748 -1.829 -1.904 -1.973 
-2.037 -2.096 -2.151 -2.202 -2.248 -2.291 -2.331 -2.367 -2.400 -2.430 
-2.451 
-2.484 -2.507 -2.529 -2.547 -2.564 -2.577 -2.589 -2.597 -2.604 -2.608 
-2.609 -2.608 -2.605 -2.599 -2.591 -2.580 -2.567 -2.551 -2.533 -2.512 
-2.488 -2.461 -2.432 -2.399 -2.363 -2.324 -2.282 -2.235 -2.185 -2.131 
-2.072 -2.009 -1.940 -1.866 -1.786 -1.701 -1.610 -1.513 -1.412 -1.308 
-1.207 -1.113 -1.034 -0.977 -0.944 -0.930 -0.928 -0.933 -0.949 -0.984 
-1.033 -1.082 -1.123 -1.154 -1.174 -1.182 -1.180 -1.167 -1.143 -1.109 
-1.065 -1.012 -0.952 -0.890 -0.838 -0.807 -0.813 -0.860 -0.943 -1.048 
-1.162 -1.276 -1.387 -1.492 -1.592 -1.684 -1.771 -1.851 -1.926 -1.996 
-2.060 -2.120 -2.175 -2.226 -2.273 -2.316 -2.356 -2.392 -2.425 -2.456 
-2.476 
-2.437 -2.467 -2.495 -2.521 -2.544 -2.565 -2.583 -2.599 -2.612 -2.623 
-2.632 -2.638 -2.641 -2.643 -2.642 -2.638 -2.633 -2.624 -2.614 -2.600 
-2.585 -2.566 -2.545 -2.521 -2.495 -2.465 -2.432 -2.396 -2.356 -2.313 
-2.266 -2.214 -2.159 -2.098 -2.032 -1.960 -1.883 -1.799 -1.708 -1.611 
-1.507 -1.399 -1.286 -1.168 -1.043 -0.911 -0.779 -0.667 -0.603 -0.612 
-0.685 -0.783 -0.881 -0.968 -1.040 -1.098 -1.143 -1.176 -1.197 -1.208 
-1.209 -1.200 -1.184 -1.162 -1.138 -1.121 -1.117 -1.132 -1.162 -1.203 
-1.254 -1.313 -1.380 -1.453 -1.528 -1.604 -1.679 -1.752 -1.823 -1.892 
-1.957 -2.019 -2.078 -2.133 -2.186 -2.235 -2.281 -2.324 -2.364 -2.401 
-2.426 
-2.376 -2.393 -2.425 -2.455 -2.482 -2.507 -2.529 -2.549 -2.567 -2.582 
-2.595 -2.606 -2.615 -2.621 -2.624 -2.626 -2.625 -2.622 -2.616 -2.608 
-2.598 -2.585 -2.570 -2.552 -2.531 -2.508 -2.481 -2.452 -2.419 -2.383 
-2.344 -2.301 -2.254 -2.202 -2.146 -2.085 -2.018 -1.945 -1.864 -1.776 
-1.678 -1.570 -1.449 -1.314 -1.162 -0.993 -0.810 -0.637 -0.519 -0.506 
-0.596 -0.736 -0.877 -1.003 -1.109 -1.197 -1.271 -1.332 -1.382 -1.422 
-1.455 -1.480 -1.498 -1.512 -1.521 -1.527 -1.532 -1.537 -1.544 -1.555 
-1.570 -1.590 -1.613 -1.640 -1.669 -1.702 -1.738 -1.778 -1.820 -1.865 
-1.912 -1.960 -2.009 -2.058 -2.106 -2.153 -2.198 -2.241 -2.283 -2.322 
-2.363 
-2.471 -2.497 -2.521 -2.543 -2.562 -2.580 -2.595 -2.608 -2.618 -2.627 
-2.634 -2.638 -2.640 -2.640 -2.638 -2.634 -2.627 -2.619 -2.607 -2.594 
-2.578 -2.560 -2.539 -2.516 -2.490 -2.461 -2.430 -2.395 -2.357 -2.316 
-2.271 -2.222 -2.170 -2.113 -2.051 -1.985 -1.915 -1.839 -1.759 -1.675 
-1.588 -1.498 -1.407 -1.311 -1.211 -1.105 -0.995 -0.891 -0.813 -0.796 
-0.839 -0.910 -0.987 -1.063 -1.133 -1.197 -1.254 -1.303 -1.346 -1.383 
-1.415 -1.444 -1.470 -1.494 -1.517 -1.541 -1.566 -1.592 -1.621 -1.652 
-1.686 -1.721 -1.759 -1.798 -1.839 -1.881 -1.924 -1.968 -2.013 -2.057 
-2.102 -2.146 -2.189 -2.231 -2.271 -2.310 -2.346 -2.381 -2.413 -2.443 
-2.463 
-2.555 -2.576 -2.594 -2.609 -2.623 -2.634 -2.642 -2.649 -2.653 -2.655 
-2.654 -2.652 -2.647 -2.640 -2.630 -2.618 -2.604 -2.587 -2.568 -2.546 
-2.521 -2.494 -2.463 -2.430 -2.394 -2.354 -2.311 -2.265 -2.214 -2.160 
-2.101 -2.038 -1.971 -1.899 -1.822 -1.740 -1.655 -1.566 -1.477 -1.390 
-1.310 -1.242 -1.192 -1.163 -1.153 -1.157 -1.168 -1.181 -1.197 -1.220 
-1.252 -1.289 -1.327 -1.362 -1.392 -1.415 -1.433 -1.445 -1.453 -1.457 
-1.458 -1.458 -1.459 -1.463 -1.471 -1.485 -1.506 -1.536 -1.573 -1.618 
-1.668 -1.722 -1.779 -1.838 -1.896 -1.954 -2.011 -2.066 -2.119 -2.169 
-2.217 -2.263 -2.305 -2.346 -2.383 -2.418 -2.451 -2.481 -2.508 -2.533 
-2.548 
-2.606 -2.608 -2.626 -2.641 -2.654 -2.665 -2.673 -2.679 -2.683 -2.684 
-2.683 -2.679 -2.673 -2.665 -2.655 -2.642 -2.626 -2.608 -2.588 -2.564 
-2.538 -2.509 -2.477 -2.442 -2.404 -2.362 -2.317 -2.267 -2.214 -2.157 
-2.094 -2.027 -1.955 -1.878 -1.795 -1.706 -1.613 -1.517 -1.419 -1.324 
-1.235 -1.159 -1.103 -1.074 -1.072 -1.094 -1.133 -1.181 -1.230 -1.277 
-1.318 -1.354 -1.383 -1.405 -1.421 -1.430 -1.432 -1.429 -1.420 -1.405 
-1.384 -1.358 -1.327 -1.295 -1.277 -1.294 -1.342 -1.402 -1.464 -1.529 
-1.596 -1.666 -1.736 -1.806 -1.875 -1.942 -2.007 -2.069 -2.127 -2.182 
-2.234 -2.283 -2.329 -2.371 -2.411 -2.447 -2.481 -2.512 -2.540 -2.565 
-2.597 
-2.874 -2.914 -2.930 -2.944 -2.955 -2.963 -2.970 -2.973 -2.974 -2.973 
-2.969 -2.963 -2.954 -2.942 -2.928 -2.912 -2.892 -2.870 -2.845 -2.817 
-2.786 -2.752 -2.714 -2.673 -2.629 -2.580 -2.527 -2.469 -2.407 -2.340 
-2.268 -2.190 -2.106 -2.018 -1.925 -1.830 -1.735 -1.645 -1.567 -1.504 
-1.460 -1.432 -1.415 -1.407 -1.407 -1.422 -1.456 -1.503 -1.552 -1.596 
-1.631 -1.657 -1.672 -1.677 -1.671 -1.655 -1.628 -1.589 -1.535 -1.467 
-1.382 -1.279 -1.166 -1.062 -1.004 -1.026 -1.118 -1.243 -1.378 -1.517 
-1.655 -1.783 -1.901 -2.007 -2.104 -2.192 -2.272 -2.346 -2.414 -2.476 
-2.533 -2.586 -2.634 -2.679 -2.719 -2.757 -2.790 -2.821 -2.849 -2.873 
-2.869 
-2.980 -3.007 -3.030 -3.050 -3.068 -3.083 -3.095 -3.105 -3.113 -3.118 
-3.121 -3.121 -3.118 -3.114 -3.106 -3.097 -3.084 -3.069 -3.052 -3.032 
-3.008 -2.982 -2.953 -2.921 -2.886 -2.847 -2.804 -2.758 -2.707 -2.652 
-2.592 -2.527 -2.456 -2.380 -2.298 -2.211 -2.118 -2.023 -1.925 -1.825 
-1.721 -1.609 -1.490 -1.371 -1.275 -1.225 -1.230 -1.278 -1.347 -1.418 
-1.481 -1.533 -1.575 -1.606 -1.626 -1.636 -1.636 -1.625 -1.604 -1.570 
-1.524 -1.464 -1.391 -1.310 -1.234 -1.181 -1.150 -1.147 -1.193 -1.294 
-1.432 -1.581 -1.727 -1.862 -1.986 -2.098 -2.200 -2.293 -2.377 -2.455 
-2.526 -2.591 -2.651 -2.706 -2.756 -2.802 -2.845 -2.884 -2.919 -2.951 
-2.971 
-2.948 -2.956 -2.978 -2.998 -3.016 -3.031 -3.044 -3.054 -3.062 -3.068 
-3.072 -3.074 -3.073 -3.071 -3.066 -3.058 -3.049 -3.037 -3.023 -3.007 
-2.988 -2.967 -2.944 -2.917 -2.889 -2.857 -2.823 -2.785 -2.745 -2.701 
-2.654 -2.604 -2.550 -2.491 -2.429 -2.362 -2.290 -2.214 -2.131 -2.043 
-1.949 -1.849 -1.745 -1.639 -1.542 -1.464 -1.411 -1.379 -1.362 -1.357 
-1.361 -1.371 -1.383 -1.394 -1.404 -1.409 -1.411 -1.407 -1.399 -1.388 
-1.376 -1.363 -1.354 -1.350 -1.353 -1.364 -1.386 -1.423 -1.488 -1.579 
-1.684 -1.791 -1.895 -1.992 -2.084 -2.170 -2.250 -2.324 -2.394 -2.459 
-2.520 -2.576 -2.629 -2.678 -2.723 -2.765 -2.804 -2.840 -2.873 -2.903 
-2.938 
-3.024 -3.063 -3.082 -3.098 -3.111 -3.123 -3.132 -3.139 -3.144 -3.147 
-3.147 -3.146 -3.142 -3.136 -3.128 -3.118 -3.106 -3.091 -3.074 -3.055 
-3.033 -3.009 -2.982 -2.953 -2.921 -2.886 -2.848 -2.807 -2.763 -2.715 
-2.664 -2.609 -2.551 -2.487 -2.420 -2.347 -2.269 -2.186 -2.096 -2.000 
-1.898 -1.790 -1.676 -1.560 -1.445 -1.339 -1.252 -1.193 -1.165 -1.165 
-1.184 -1.213 -1.244 -1.273 -1.297 -1.315 -1.328 -1.336 -1.342 -1.349 
-1.360 -1.379 -1.409 -1.452 -1.508 -1.576 -1.653 -1.737 -1.825 -1.915 
-2.003 -2.089 -2.172 -2.251 -2.326 -2.397 -2.464 -2.527 -2.586 -2.641 
-2.693 -2.741 -2.786 -2.828 -2.867 -2.903 -2.936 -2.966 -2.994 -3.020 
-3.019 
-2.887 -2.897 -2.914 -2.928 -2.941 -2.952 -2.960 -2.967 -2.972 -2.974 
-2.975 -2.974 -2.971 -2.966 -2.958 -2.949 -2.938 -2.924 -2.909 -2.891 
-2.871 -2.849 -2.824 -2.797 -2.767 -2.735 -2.701 -2.663 -2.623 -2.579 
-2.533 -2.483 -2.430 -2.373 -2.312 -2.248 -2.180 -2.108 -2.031 -1.951 
-1.867 -1.781 -1.692 -1.603 -1.517 -1.437 -1.369 -1.317 -1.284 -1.269 
-1.269 -1.279 -1.297 -1.320 -1.345 -1.370 -1.396 -1.422 -1.449 -1.477 
-1.508 -1.543 -1.584 -1.631 -1.684 -1.742 -1.803 -1.866 -1.930 -1.994 
-2.057 -2.119 -2.179 -2.237 -2.293 -2.346 -2.398 -2.446 -2.493 -2.537 
-2.579 -2.619 -2.656 -2.692 -2.725 -2.756 -2.784 -2.811 -2.836 -2.858 
-2.881 
-2.812 -2.828 -2.849 -2.869 -2.886 -2.902 -2.915 -2.928 -2.938 -2.946 
-2.953 -2.958 -2.961 -2.962 -2.962 -2.959 -2.955 -2.949 -2.941 -2.931 
-2.919 -2.905 -2.888 -2.870 -2.849 -2.826 -2.801 -2.773 -2.743 -2.710 
-2.674 -2.635 -2.594 -2.549 -2.501 -2.449 -2.393 -2.334 -2.271 -2.204 
-2.134 -2.061 -1.988 -1.915 -1.845 -1.781 -1.722 -1.669 -1.625 -1.590 
-1.568 -1.558 -1.562 -1.578 -1.604 -1.638 -1.675 -1.715 -1.755 -1.796 
-1.836 -1.876 -1.915 -1.954 -1.992 -2.030 -2.066 -2.101 -2.134 -2.164 
-2.193 -2.218 -2.241 -2.263 -2.283 -2.304 -2.328 -2.357 -2.391 -2.430 
-2.470 -2.511 -2.552 -2.591 -2.627 -2.662 -2.695 -2.726 -2.754 -2.781 
-2.805 
-2.837 -2.864 -2.902 -2.936 -2.967 -2.995 -3.020 -3.042 -3.061 -3.078 
-3.091 -3.103 -3.111 -3.117 -3.121 -3.122 -3.121 -3.117 -3.111 -3.102 
-3.090 -3.076 -3.059 -3.039 -3.017 -2.991 -2.962 -2.931 -2.895 -2.856 
-2.814 -2.767 -2.716 -2.660 -2.600 -2.534 -2.463 -2.387 -2.305 -2.219 
-2.131 -2.043 -1.961 -1.890 -1.836 -1.799 -1.775 -1.763 -1.769 -1.797 
-1.841 -1.891 -1.941 -1.988 -2.033 -2.075 -2.114 -2.149 -2.178 -2.203 
-2.222 -2.236 -2.244 -2.247 -2.244 -2.235 -2.222 -2.203 -2.180 -2.154 
-2.127 -2.099 -2.073 -2.051 -2.035 -2.030 -2.038 -2.061 -2.101 -2.154 
-2.217 -2.285 -2.356 -2.426 -2.494 -2.559 -2.619 -2.676 -2.729 -2.778 
-2.820 
-2.907 -2.957 -2.992 -3.025 -3.055 -3.081 -3.106 -3.127 -3.146 -3.162 
-3.176 -3.187 -3.196 -3.203 -3.207 -3.209 -3.208 -3.205 -3.199 -3.191 
-3.180 -3.167 -3.151 -3.133 -3.112 -3.087 -3.060 -3.030 -2.997 -2.960 
-2.920 -2.876 -2.828 -2.775 -2.718 -2.655 -2.587 -2.513 -2.432 -2.345 
-2.250 -2.148 -2.038 -1.922 -1.800 -1.677 -1.562 -1.475 -1.435 -1.451 
-1.509 -1.587 -1.668 -1.744 -1.809 -1.864 -1.910 -1.947 -1.976 -1.998 
-2.013 -2.021 -2.022 -2.018 -2.009 -1.995 -1.977 -1.957 -1.937 -1.920 
-1.910 -1.909 -1.920 -1.944 -1.980 -2.027 -2.083 -2.144 -2.211 -2.280 
-2.350 -2.420 -2.488 -2.554 -2.616 -2.675 -2.731 -2.783 -2.831 -2.876 
-2.896 
-2.836 -2.848 -2.882 -2.913 -2.943 -2.970 -2.994 -3.017 -3.037 -3.055 
-3.071 -3.085 -3.096 -3.106 -3.113 -3.119 -3.122 -3.123 -3.122 -3.119 
-3.114 -3.106 -3.097 -3.085 -3.071 -3.055 -3.037 -3.016 -2.992 -2.966 
-2.938 -2.907 -2.873 -2.836 -2.797 -2.754 -2.707 -2.657 -2.604 -2.546 
-2.483 -2.416 -2.343 -2.264 -2.179 -2.089 -1.999 -1.920 -1.867 -1.844 
-1.838 -1.837 -1.834 -1.831 -1.827 -1.824 -1.823 -1.824 -1.828 -1.836 
-1.848 -1.863 -1.880 -1.897 -1.914 -1.929 -1.941 -1.952 -1.962 -1.972 
-1.983 -1.997 -2.016 -2.041 -2.072 -2.108 -2.149 -2.195 -2.243 -2.293 
-2.344 -2.396 -2.448 -2.500 -2.550 -2.598 -2.645 -2.690 -2.733 -2.774 
-2.821 
-2.977 -3.009 -3.038 -3.065 -3.089 -3.112 -3.133 -3.152 -3.168 -3.183 
-3.196 -3.207 -3.216 -3.223 -3.228 -3.232 -3.233 -3.233 -3.230 -3.226 
-3.220 -3.212 -3.201 -3.189 -3.175 -3.159 -3.140 -3.119 -3.096 -3.071 
-3.043 -3.013 -2.980 -2.944 -2.905 -2.863 -2.818 -2.770 -2.717 -2.661 
-2.600 -2.536 -2.468 -2.400 -2.332 -2.270 -2.214 -2.164 -2.117 -2.067 
-2.014 -1.956 -1.894 -1.831 -1.768 -1.709 -1.656 -1.615 -1.588 -1.577 
-1.583 -1.603 -1.635 -1.676 -1.721 -1.769 -1.817 -1.864 -1.910 -1.954 
-1.998 -2.045 -2.096 -2.151 -2.209 -2.268 -2.327 -2.385 -2.441 -2.497 
-2.550 -2.602 -2.652 -2.700 -2.746 -2.790 -2.832 -2.872 -2.909 -2.945 
-2.968 
-3.061 -3.120 -3.152 -3.181 -3.208 -3.231 -3.252 -3.271 -3.287 -3.301 
-3.312 -3.321 -3.327 -3.332 -3.334 -3.333 -3.331 -3.326 -3.318 -3.308 
-3.296 -3.282 -3.264 -3.244 -3.222 -3.196 -3.168 -3.137 -3.102 -3.065 
-3.023 -2.978 -2.929 -2.876 -2.818 -2.755 -2.687 -2.614 -2.535 -2.451 
-2.361 -2.269 -2.176 -2.087 -2.009 -1.950 -1.916 -1.905 -1.914 -1.934 
-1.958 -1.980 -1.996 -2.007 -2.010 -2.008 -2.001 -1.993 -1.986 -1.982 
-1.982 -1.984 -1.985 -1.985 -1.979 -1.967 -1.949 -1.927 -1.905 -1.887 
-1.883 -1.897 -1.932 -1.988 -2.059 -2.140 -2.224 -2.309 -2.392 -2.472 
-2.548 -2.619 -2.687 -2.750 -2.809 -2.864 -2.915 -2.963 -3.007 -3.048 
-3.052 
-2.856 -2.868 -2.904 -2.938 -2.969 -2.997 -3.022 -3.045 -3.065 -3.083 
-3.098 -3.111 -3.122 -3.131 -3.137 -3.141 -3.143 -3.142 -3.139 -3.134 
-3.127 -3.118 -3.106 -3.091 -3.075 -3.056 -3.034 -3.010 -2.984 -2.954 
-2.922 -2.887 -2.849 -2.809 -2.764 -2.717 -2.666 -2.611 -2.553 -2.491 
-2.426 -2.357 -2.287 -2.215 -2.144 -2.079 -2.019 -1.968 -1.922 -1.883 
-1.849 -1.824 -1.808 -1.802 -1.807 -1.818 -1.833 -1.849 -1.863 -1.874 
-1.881 -1.884 -1.883 -1.878 -1.869 -1.857 -1.843 -1.828 -1.814 -1.804 
-1.801 -1.808 -1.825 -1.854 -1.894 -1.942 -1.998 -2.060 -2.126 -2.195 
-2.264 -2.333 -2.400 -2.465 -2.527 -2.585 -2.641 -2.692 -2.741 -2.787 
-2.840 
-2.941 -2.979 -3.025 -3.067 -3.105 -3.141 -3.174 -3.203 -3.230 -3.254 
-3.275 -3.294 -3.310 -3.324 -3.335 -3.344 -3.351 -3.355 -3.357 -3.356 
-3.353 -3.347 -3.340 -3.329 -3.317 -3.302 -3.284 -3.264 -3.241 -3.215 
-3.187 -3.155 -3.121 -3.083 -3.042 -2.998 -2.950 -2.898 -2.842 -2.781 
-2.717 -2.647 -2.572 -2.493 -2.408 -2.318 -2.225 -2.130 -2.037 -1.949 
-1.872 -1.809 -1.768 -1.753 -1.765 -1.797 -1.841 -1.888 -1.934 -1.974 
-2.008 -2.034 -2.053 -2.064 -2.068 -2.065 -2.055 -2.039 -2.017 -1.989 
-1.956 -1.921 -1.893 -1.886 -1.905 -1.942 -1.987 -2.041 -2.102 -2.171 
-2.246 -2.324 -2.403 -2.480 -2.556 -2.628 -2.696 -2.760 -2.821 -2.877 
-2.923 
-3.166 -3.217 -3.259 -3.298 -3.334 -3.366 -3.395 -3.422 -3.445 -3.465 
-3.483 -3.498 -3.511 -3.521 -3.528 -3.533 -3.536 -3.536 -3.533 -3.528 
-3.521 -3.511 -3.498 -3.483 -3.465 -3.444 -3.421 -3.395 -3.365 -3.333 
-3.297 -3.258 -3.215 -3.169 -3.118 -3.063 -3.003 -2.938 -2.868 -2.793 
-2.711 -2.624 -2.530 -2.432 -2.329 -2.226 -2.126 -2.036 -1.964 -1.917 
-1.897 -1.902 -1.925 -1.961 -2.004 -2.051 -2.096 -2.136 -2.169 -2.194 
-2.209 -2.215 -2.212 -2.199 -2.175 -2.140 -2.094 -2.035 -1.963 -1.878 
-1.787 -1.701 -1.643 -1.640 -1.701 -1.810 -1.941 -2.075 -2.202 -2.321 
-2.431 -2.533 -2.628 -2.715 -2.796 -2.872 -2.941 -3.005 -3.065 -3.120 
-3.152 
-3.293 -3.330 -3.368 -3.403 -3.435 -3.464 -3.489 -3.512 -3.532 -3.549 
-3.563 -3.575 -3.584 -3.591 -3.595 -3.597 -3.596 -3.592 -3.587 -3.578 
-3.567 -3.554 -3.538 -3.519 -3.497 -3.473 -3.445 -3.415 -3.381 -3.344 
-3.304 -3.260 -3.212 -3.160 -3.104 -3.044 -2.978 -2.908 -2.833 -2.753 
-2.668 -2.580 -2.489 -2.400 -2.315 -2.242 -2.185 -2.148 -2.133 -2.138 
-2.161 -2.197 -2.240 -2.285 -2.327 -2.364 -2.395 -2.419 -2.435 -2.445 
-2.447 -2.441 -2.428 -2.408 -2.380 -2.344 -2.302 -2.253 -2.200 -2.144 
-2.089 -2.039 -2.006 -2.006 -2.047 -2.121 -2.212 -2.311 -2.414 -2.515 
-2.612 -2.704 -2.791 -2.871 -2.946 -3.015 -3.079 -3.138 -3.192 -3.242 
-3.279 
-3.307 -3.349 -3.384 -3.417 -3.446 -3.471 -3.495 -3.515 -3.533 -3.548 
-3.560 -3.570 -3.578 -3.583 -3.585 -3.585 -3.583 -3.579 -3.572 -3.562 
-3.550 -3.536 -3.519 -3.500 -3.477 -3.453 -3.425 -3.395 -3.361 -3.325 
-3.285 -3.242 -3.196 -3.146 -3.092 -3.034 -2.973 -2.908 -2.839 -2.766 
-2.690 -2.611 -2.532 -2.454 -2.379 -2.312 -2.256 -2.214 -2.186 -2.173 
-2.174 -2.187 -2.208 -2.233 -2.258 -2.281 -2.299 -2.311 -2.317 -2.317 
-2.309 -2.294 -2.271 -2.242 -2.206 -2.165 -2.121 -2.077 -2.040 -2.016 
-2.013 -2.032 -2.072 -2.128 -2.193 -2.264 -2.341 -2.424 -2.511 -2.599 
-2.687 -2.771 -2.850 -2.925 -2.994 -3.058 -3.117 -3.172 -3.222 -3.268 
-3.296 
-3.190 -3.235 -3.284 -3.329 -3.371 -3.408 -3.443 -3.473 -3.501 -3.526 
-3.548 -3.566 -3.583 -3.596 -3.607 -3.615 -3.621 -3.624 -3.625 -3.623 
-3.618 -3.611 -3.602 -3.590 -3.575 -3.557 -3.537 -3.514 -3.488 -3.459 
-3.427 -3.392 -3.353 -3.311 -3.264 -3.214 -3.160 -3.102 -3.038 -2.971 
-2.898 -2.820 -2.737 -2.650 -2.560 -2.467 -2.375 -2.287 -2.210 -2.152 
-2.117 -2.107 -2.118 -2.140 -2.166 -2.192 -2.220 -2.252 -2.286 -2.319 
-2.346 -2.367 -2.379 -2.382 -2.376 -2.363 -2.341 -2.314 -2.282 -2.248 
-2.215 -2.183 -2.150 -2.116 -2.083 -2.059 -2.049 -2.064 -2.115 -2.203 
-2.312 -2.428 -2.539 -2.644 -2.742 -2.831 -2.913 -2.989 -3.059 -3.122 
-3.172 
-3.059 -3.117 -3.179 -3.236 -3.289 -3.337 -3.382 -3.423 -3.460 -3.494 
-3.525 -3.552 -3.577 -3.599 -3.619 -3.635 -3.650 -3.661 -3.670 -3.677 
-3.681 -3.682 -3.682 -3.679 -3.673 -3.665 -3.654 -3.641 -3.625 -3.607 
-3.585 -3.562 -3.535 -3.505 -3.472 -3.435 -3.395 -3.352 -3.304 -3.252 
-3.196 -3.135 -3.068 -2.997 -2.919 -2.837 -2.749 -2.658 -2.566 -2.475 
-2.388 -2.302 -2.216 -2.131 -2.055 -1.998 -1.971 -1.976 -2.005 -2.048 
-2.096 -2.143 -2.184 -2.217 -2.241 -2.256 -2.262 -2.257 -2.242 -2.217 
-2.181 -2.134 -2.075 -2.004 -1.924 -1.841 -1.770 -1.733 -1.754 -1.837 
-1.961 -2.103 -2.245 -2.378 -2.501 -2.614 -2.717 -2.811 -2.897 -2.977 
-3.036 
-2.969 -3.005 -3.063 -3.118 -3.168 -3.215 -3.258 -3.298 -3.335 -3.369 
-3.400 -3.427 -3.453 -3.475 -3.495 -3.512 -3.527 -3.539 -3.549 -3.556 
-3.561 -3.564 -3.564 -3.562 -3.558 -3.551 -3.542 -3.531 -3.517 -3.500 
-3.482 -3.460 -3.436 -3.410 -3.380 -3.348 -3.313 -3.275 -3.233 -3.189 
-3.141 -3.090 -3.035 -2.977 -2.915 -2.850 -2.781 -2.708 -2.631 -2.552 
-2.470 -2.386 -2.303 -2.223 -2.154 -2.100 -2.067 -2.055 -2.063 -2.084 
-2.112 -2.142 -2.171 -2.196 -2.216 -2.230 -2.237 -2.237 -2.231 -2.217 
-2.197 -2.172 -2.142 -2.110 -2.076 -2.045 -2.018 -2.007 -2.025 -2.073 
-2.142 -2.221 -2.305 -2.393 -2.480 -2.566 -2.649 -2.729 -2.804 -2.875 
-2.944 
-3.041 -3.100 -3.146 -3.190 -3.230 -3.266 -3.300 -3.331 -3.358 -3.383 
-3.406 -3.425 -3.443 -3.457 -3.470 -3.480 -3.487 -3.493 -3.496 -3.496 
-3.495 -3.491 -3.485 -3.477 -3.466 -3.453 -3.438 -3.421 -3.401 -3.379 
-3.354 -3.327 -3.298 -3.266 -3.231 -3.194 -3.155 -3.113 -3.069 -3.022 
-2.973 -2.922 -2.870 -2.816 -2.762 -2.708 -2.655 -2.604 -2.555 -2.510 
-2.470 -2.434 -2.403 -2.377 -2.355 -2.339 -2.328 -2.323 -2.323 -2.326 
-2.328 -2.329 -2.326 -2.320 -2.308 -2.290 -2.267 -2.239 -2.205 -2.168 
-2.129 -2.090 -2.057 -2.036 -2.030 -2.045 -2.079 -2.130 -2.194 -2.266 
-2.344 -2.424 -2.505 -2.585 -2.662 -2.737 -2.807 -2.874 -2.936 -2.995 
-3.026 
-2.996 -3.024 -3.069 -3.111 -3.149 -3.185 -3.218 -3.248 -3.275 -3.299 
-3.321 -3.340 -3.357 -3.372 -3.384 -3.394 -3.401 -3.406 -3.409 -3.410 
-3.408 -3.405 -3.399 -3.391 -3.380 -3.368 -3.353 -3.336 -3.316 -3.295 
-3.271 -3.245 -3.216 -3.185 -3.152 -3.117 -3.079 -3.039 -2.997 -2.954 
-2.908 -2.862 -2.814 -2.767 -2.720 -2.675 -2.632 -2.593 -2.559 -2.531 
-2.508 -2.491 -2.479 -2.471 -2.467 -2.465 -2.465 -2.466 -2.466 -2.465 
-2.463 -2.459 -2.451 -2.441 -2.427 -2.410 -2.389 -2.364 -2.335 -2.304 
-2.271 -2.236 -2.203 -2.174 -2.151 -2.137 -2.134 -2.147 -2.180 -2.236 
-2.305 -2.381 -2.458 -2.534 -2.608 -2.678 -2.745 -2.808 -2.867 -2.923 
-2.978 
-3.026 -3.090 -3.145 -3.195 -3.242 -3.284 -3.322 -3.358 -3.389 -3.418 
-3.443 -3.465 -3.485 -3.501 -3.515 -3.527 -3.536 -3.542 -3.545 -3.546 
-3.545 -3.541 -3.535 -3.526 -3.514 -3.500 -3.483 -3.464 -3.442 -3.417 
-3.390 -3.359 -3.326 -3.289 -3.250 -3.207 -3.161 -3.112 -3.061 -3.006 
-2.949 -2.890 -2.831 -2.771 -2.714 -2.662 -2.616 -2.579 -2.552 -2.536 
-2.529 -2.531 -2.538 -2.548 -2.559 -2.568 -2.574 -2.578 -2.578 -2.577 
-2.573 -2.569 -2.563 -2.555 -2.544 -2.530 -2.511 -2.486 -2.456 -2.418 
-2.373 -2.320 -2.258 -2.188 -2.112 -2.036 -1.974 -1.941 -1.953 -2.012 
-2.105 -2.214 -2.328 -2.439 -2.544 -2.642 -2.733 -2.816 -2.893 -2.964 
-3.008 
-2.950 -2.997 -3.062 -3.124 -3.180 -3.233 -3.282 -3.327 -3.369 -3.408 
-3.443 -3.476 -3.505 -3.532 -3.556 -3.577 -3.596 -3.612 -3.626 -3.637 
-3.646 -3.652 -3.656 -3.658 -3.658 -3.655 -3.649 -3.642 -3.632 -3.619 
-3.604 -3.586 -3.566 -3.543 -3.517 -3.489 -3.458 -3.423 -3.386 -3.346 
-3.303 -3.257 -3.208 -3.158 -3.107 -3.055 -3.004 -2.955 -2.907 -2.861 
-2.816 -2.769 -2.720 -2.669 -2.616 -2.562 -2.509 -2.460 -2.415 -2.377 
-2.347 -2.326 -2.312 -2.303 -2.299 -2.296 -2.292 -2.287 -2.278 -2.264 
-2.246 -2.222 -2.192 -2.156 -2.117 -2.076 -2.038 -2.013 -2.008 -2.029 
-2.074 -2.140 -2.222 -2.313 -2.408 -2.504 -2.597 -2.687 -2.772 -2.852 
-2.923 
-2.998 -3.051 -3.119 -3.183 -3.241 -3.295 -3.345 -3.391 -3.434 -3.473 
-3.508 -3.541 -3.570 -3.597 -3.621 -3.642 -3.661 -3.677 -3.690 -3.701 
-3.710 -3.716 -3.720 -3.722 -3.721 -3.718 -3.713 -3.705 -3.695 -3.683 
-3.668 -3.651 -3.632 -3.610 -3.585 -3.558 -3.528 -3.495 -3.459 -3.421 
-3.380 -3.335 -3.288 -3.239 -3.187 -3.134 -3.080 -3.027 -2.976 -2.927 
-2.881 -2.837 -2.795 -2.754 -2.715 -2.679 -2.646 -2.617 -2.593 -2.574 
-2.559 -2.548 -2.540 -2.534 -2.528 -2.520 -2.511 -2.498 -2.480 -2.457 
-2.428 -2.392 -2.349 -2.299 -2.241 -2.177 -2.109 -2.041 -1.983 -1.962 
-1.999 -2.078 -2.177 -2.287 -2.400 -2.511 -2.617 -2.717 -2.810 -2.897 
-2.970 
-3.118 -3.206 -3.269 -3.328 -3.381 -3.430 -3.474 -3.514 -3.551 -3.584 
-3.614 -3.641 -3.665 -3.686 -3.704 -3.720 -3.732 -3.743 -3.750 -3.756 
-3.758 -3.758 -3.756 -3.751 -3.744 -3.735 -3.722 -3.707 -3.690 -3.670 
-3.647 -3.621 -3.592 -3.560 -3.525 -3.487 -3.446 -3.400 -3.352 -3.299 
-3.243 -3.184 -3.122 -3.058 -2.994 -2.931 -2.872 -2.821 -2.781 -2.753 
-2.738 -2.736 -2.743 -2.755 -2.770 -2.786 -2.800 -2.811 -2.820 -2.825 
-2.828 -2.827 -2.822 -2.813 -2.800 -2.782 -2.758 -2.728 -2.692 -2.648 
-2.596 -2.536 -2.466 -2.387 -2.296 -2.194 -2.078 -1.952 -1.844 -1.810 
-1.885 -2.038 -2.214 -2.380 -2.528 -2.659 -2.776 -2.880 -2.974 -3.059 
-3.099 
-2.996 -3.024 -3.080 -3.132 -3.180 -3.224 -3.265 -3.303 -3.337 -3.369 
-3.397 -3.424 -3.447 -3.468 -3.487 -3.503 -3.517 -3.529 -3.539 -3.547 
-3.553 -3.556 -3.558 -3.557 -3.555 -3.551 -3.544 -3.536 -3.526 -3.514 
-3.499 -3.483 -3.465 -3.445 -3.423 -3.398 -3.372 -3.343 -3.312 -3.278 
-3.242 -3.203 -3.162 -3.117 -3.070 -3.021 -2.971 -2.922 -2.876 -2.837 
-2.808 -2.791 -2.781 -2.777 -2.772 -2.766 -2.758 -2.745 -2.730 -2.712 
-2.691 -2.668 -2.641 -2.612 -2.579 -2.542 -2.502 -2.457 -2.407 -2.353 
-2.293 -2.228 -2.160 -2.091 -2.025 -1.969 -1.926 -1.897 -1.866 -1.819 
-1.836 -2.015 -2.194 -2.338 -2.459 -2.565 -2.660 -2.746 -2.825 -2.897 
-2.972 
-3.090 -3.176 -3.247 -3.310 -3.368 -3.421 -3.469 -3.512 -3.551 -3.587 
-3.619 -3.647 -3.673 -3.695 -3.715 -3.731 -3.745 -3.757 -3.765 -3.771 
-3.775 -3.776 -3.774 -3.770 -3.763 -3.754 -3.742 -3.728 -3.711 -3.691 
-3.668 -3.642 -3.613 -3.581 -3.546 -3.506 -3.463 -3.416 -3.365 -3.309 
-3.248 -3.182 -3.110 -3.034 -2.952 -2.866 -2.780 -2.696 -2.621 -2.563 
-2.529 -2.520 -2.535 -2.567 -2.609 -2.653 -2.697 -2.736 -2.769 -2.796 
-2.817 -2.831 -2.838 -2.839 -2.833 -2.820 -2.801 -2.775 -2.742 -2.701 
-2.651 -2.593 -2.525 -2.447 -2.358 -2.254 -2.126 -1.956 -1.726 -1.502 
-1.440 -1.621 -1.895 -2.146 -2.354 -2.528 -2.675 -2.802 -2.913 -3.011 
-3.066 
-3.044 -3.099 -3.179 -3.251 -3.316 -3.375 -3.429 -3.478 -3.522 -3.562 
-3.598 -3.630 -3.659 -3.685 -3.707 -3.727 -3.743 -3.757 -3.768 -3.776 
-3.781 -3.784 -3.784 -3.781 -3.776 -3.768 -3.758 -3.745 -3.729 -3.710 
-3.688 -3.664 -3.637 -3.606 -3.572 -3.536 -3.495 -3.451 -3.404 -3.353 
-3.298 -3.239 -3.176 -3.110 -3.041 -2.969 -2.897 -2.826 -2.761 -2.705 
-2.663 -2.637 -2.628 -2.633 -2.649 -2.673 -2.702 -2.733 -2.764 -2.792 
-2.818 -2.839 -2.856 -2.868 -2.874 -2.874 -2.868 -2.856 -2.837 -2.810 
-2.775 -2.732 -2.678 -2.613 -2.534 -2.439 -2.326 -2.191 -2.030 -1.850 
-1.753 -1.804 -1.900 -2.043 -2.213 -2.383 -2.539 -2.679 -2.802 -2.913 
-3.008 
-3.127 -3.197 -3.266 -3.329 -3.386 -3.438 -3.486 -3.529 -3.567 -3.602 
-3.634 -3.662 -3.687 -3.708 -3.727 -3.743 -3.756 -3.766 -3.773 -3.778 
-3.780 -3.780 -3.777 -3.771 -3.763 -3.752 -3.738 -3.722 -3.703 -3.681 
-3.656 -3.628 -3.597 -3.563 -3.526 -3.485 -3.441 -3.393 -3.342 -3.287 
-3.228 -3.165 -3.100 -3.031 -2.961 -2.890 -2.820 -2.753 -2.694 -2.644 
-2.609 -2.589 -2.586 -2.597 -2.619 -2.649 -2.681 -2.714 -2.746 -2.774 
-2.797 -2.816 -2.829 -2.837 -2.838 -2.833 -2.821 -2.802 -2.776 -2.741 
-2.698 -2.644 -2.580 -2.504 -2.414 -2.310 -2.195 -2.077 -1.978 -1.927 
-1.941 -2.016 -2.139 -2.290 -2.446 -2.590 -2.721 -2.838 -2.942 -3.036 
-3.102 
-3.184 -3.236 -3.299 -3.355 -3.407 -3.453 -3.496 -3.534 -3.568 -3.599 
-3.627 -3.651 -3.672 -3.690 -3.705 -3.718 -3.727 -3.734 -3.738 -3.740 
-3.739 -3.735 -3.729 -3.720 -3.709 -3.694 -3.677 -3.658 -3.635 -3.610 
-3.582 -3.551 -3.517 -3.479 -3.439 -3.395 -3.348 -3.298 -3.245 -3.189 
-3.131 -3.070 -3.009 -2.948 -2.889 -2.834 -2.785 -2.744 -2.713 -2.693 
-2.685 -2.687 -2.699 -2.719 -2.744 -2.770 -2.797 -2.822 -2.843 -2.861 
-2.874 -2.883 -2.886 -2.884 -2.876 -2.861 -2.840 -2.812 -2.777 -2.733 
-2.680 -2.617 -2.543 -2.456 -2.357 -2.246 -2.130 -2.026 -1.958 -1.954 
-2.020 -2.142 -2.289 -2.437 -2.575 -2.701 -2.815 -2.917 -3.009 -3.093 
-3.149 
