IRGRID 64 91
1e+308

0.025 0.03 0.035 0.04 0.045 0.05 0.055 0.06 0.065 0.07
0.075 0.08 0.085 0.09 0.095 0.1 0.11 0.12 0.13 0.14
0.15 0.16 0.17 0.18 0.19 0.2 0.21 0.22 0.23 0.24
0.25 0.26 0.27 0.28 0.29 0.3 0.31 0.32 0.33 0.34
0.35 0.36 0.37 0.38 0.39 0.4 0.41 0.42 0.43 0.44
0.45 0.46 0.47 0.48 0.49 0.5 0.51 0.52 0.53 0.54
0.55 0.56 0.57 0.58
0 4 8 12 16 20 24 28 32 36
40 44 48 52 56 60 64 68 72 76
80 84 88 92 96 100 104 108 112 116
120 124 128 132 136 140 144 148 152 156
160 164 168 172 176 180 184 188 192 196
200 204 208 212 216 220 224 228 232 236
240 244 248 252 256 260 264 268 272 276
280 284 288 292 296 300 304 308 312 316
320 324 328 332 336 340 344 348 352 356
360
-4.000 -4.000 -4.000 -4.000 -4.000 -4.000 -4.000 -4.000 -4.000 -4.000 
-4.000 -4.000 -4.000 -4.000 -4.000 -4.000 -4.000 -4.000 -4.000 -4.000 
-4.000 -4.000 -4.000 -4.000 -4.000 -4.000 -4.000 -4.000 -4.000 -4.000 
-4.000 -4.000 -4.000 -4.000 -4.000 -4.000 -4.000 -4.000 -4.000 -4.000 
-4.000 -4.000 -4.000 -4.000 -4.000 -4.000 -4.000 -4.000 -4.000 -4.000 
-4.000 -4.000 -4.000 -4.000 -4.000 -4.000 -4.000 -4.000 -4.000 -4.000 
-4.000 -4.000 -4.000 -4.000 -4.000 -4.000 -4.000 -4.000 -4.000 -4.000 
-4.000 -4.000 -4.000 -4.000 -4.000 -4.000 -4.000 -4.000 -4.000 -4.000 
-4.000 -4.000 -4.000 -4.000 -4.000 -4.000 -4.000 -4.000 -4.000 -4.000 
-4.000 
-4.000 -4.000 -4.000 -4.000 -4.000 -4.000 -4.000 -4.000 -4.000 -4.000 
-4.000 -4.000 -4.000 -4.000 -4.000 -4.000 -4.000 -4.000 -4.000 -4.000 
-4.000 -4.000 -4.000 -4.000 -4.000 -4.000 -4.000 -4.000 -4.000 -4.000 
-4.000 -4.000 -4.000 -4.000 -4.000 -4.000 -4.000 -4.000 -4.000 -4.000 
-4.000 -4.000 -4.000 -4.000 -4.000 -4.000 -3.999 -3.998 -4.000 -4.000 
-4.000 -4.000 -4.000 -4.000 -4.000 -4.000 -4.000 -4.000 -4.000 -4.000 
-4.000 -4.000 -4.000 -4.000 -3.991 -3.884 -3.767 -3.661 -3.610 -3.644 
-3.734 -3.830 -3.900 -3.939 -3.953 -3.952 -3.950 -3.959 -3.987 -4.000 
-4.000 -4.000 -4.000 -4.000 -4.000 -4.000 -4.000 -4.000 -4.000 -4.000 
-4.000 
-4.000 -4.000 -4.000 -4.000 -4.000 -4.000 -4.000 -4.000 -4.000 -4.000 
-4.000 -4.000 -4.000 -4.000 -4.000 -4.000 -4.000 -4.000 -4.000 -4.000 
-4.000 -3.972 -3.898 -3.818 -3.730 -3.636 -3.538 -3.441 -3.352 -3.282 
-3.243 -3.238 -3.261 -3.298 -3.343 -3.399 -3.466 -3.542 -3.618 -3.689 
-3.751 -3.804 -3.848 -3.882 -3.909 -3.929 -3.946 -3.961 -3.974 -3.985 
-3.992 -3.994 -3.990 -3.980 -3.963 -3.939 -3.909 -3.871 -3.825 -3.770 
-3.705 -3.628 -3.539 -3.436 -3.317 -3.186 -3.053 -2.945 -2.899 -2.937 
-3.043 -3.178 -3.313 -3.437 -3.548 -3.645 -3.732 -3.810 -3.883 -3.952 
-4.000 -4.000 -4.000 -4.000 -4.000 -4.000 -4.000 -4.000 -4.000 -4.000 
-4.000 
-4.000 -4.000 -4.000 -4.000 -4.000 -4.000 -4.000 -4.000 -4.000 -4.000 
-4.000 -4.000 -4.000 -4.000 -4.000 -4.000 -4.000 -4.000 -4.000 -4.000 
-4.000 -3.978 -3.930 -3.875 -3.815 -3.747 -3.673 -3.592 -3.506 -3.418 
-3.331 -3.245 -3.161 -3.086 -3.035 -3.021 -3.045 -3.093 -3.152 -3.212 
-3.272 -3.331 -3.390 -3.448 -3.504 -3.557 -3.605 -3.648 -3.686 -3.718 
-3.745 -3.767 -3.783 -3.795 -3.800 -3.801 -3.796 -3.786 -3.771 -3.749 
-3.721 -3.686 -3.644 -3.593 -3.532 -3.462 -3.384 -3.308 -3.258 -3.247 
-3.262 -3.284 -3.310 -3.343 -3.383 -3.426 -3.471 -3.514 -3.557 -3.599 
-3.642 -3.687 -3.733 -3.779 -3.825 -3.871 -3.915 -3.956 -3.995 -4.000 
-4.000 
-3.523 -3.535 -3.568 -3.598 -3.625 -3.649 -3.670 -3.689 -3.704 -3.716 
-3.726 -3.732 -3.736 -3.737 -3.735 -3.730 -3.723 -3.712 -3.698 -3.682 
-3.662 -3.639 -3.612 -3.582 -3.548 -3.511 -3.470 -3.424 -3.374 -3.320 
-3.261 -3.198 -3.132 -3.065 -3.003 -2.948 -2.902 -2.866 -2.842 -2.832 
-2.839 -2.861 -2.896 -2.941 -2.989 -3.040 -3.089 -3.136 -3.180 -3.219 
-3.255 -3.287 -3.314 -3.337 -3.356 -3.371 -3.382 -3.390 -3.393 -3.393 
-3.389 -3.381 -3.370 -3.355 -3.337 -3.316 -3.291 -3.264 -3.235 -3.206 
-3.176 -3.149 -3.123 -3.101 -3.082 -3.068 -3.058 -3.054 -3.059 -3.071 
-3.092 -3.121 -3.157 -3.198 -3.241 -3.286 -3.332 -3.377 -3.420 -3.461 
-3.508 
-3.477 -3.486 -3.510 -3.533 -3.552 -3.569 -3.583 -3.595 -3.604 -3.610 
-3.613 -3.614 -3.613 -3.608 -3.601 -3.592 -3.579 -3.564 -3.545 -3.524 
-3.499 -3.472 -3.440 -3.406 -3.368 -3.326 -3.280 -3.232 -3.181 -3.130 
-3.081 -3.037 -3.001 -2.972 -2.949 -2.930 -2.914 -2.900 -2.891 -2.888 
-2.891 -2.902 -2.918 -2.938 -2.960 -2.983 -3.007 -3.029 -3.049 -3.067 
-3.083 -3.095 -3.103 -3.107 -3.107 -3.101 -3.089 -3.070 -3.041 -2.999 
-2.939 -2.849 -2.713 -2.502 -2.236 -2.212 -2.475 -2.682 -2.795 -2.851 
-2.876 -2.887 -2.893 -2.899 -2.908 -2.922 -2.942 -2.968 -2.999 -3.034 
-3.072 -3.113 -3.156 -3.199 -3.241 -3.282 -3.322 -3.359 -3.395 -3.428 
-3.466 
-3.581 -3.646 -3.660 -3.672 -3.681 -3.686 -3.689 -3.689 -3.686 -3.679 
-3.670 -3.658 -3.642 -3.623 -3.601 -3.575 -3.546 -3.513 -3.475 -3.434 
-3.388 -3.338 -3.282 -3.222 -3.157 -3.087 -3.013 -2.937 -2.860 -2.788 
-2.725 -2.678 -2.648 -2.637 -2.641 -2.652 -2.664 -2.675 -2.686 -2.699 
-2.718 -2.743 -2.775 -2.808 -2.842 -2.873 -2.900 -2.922 -2.939 -2.949 
-2.953 -2.950 -2.940 -2.922 -2.896 -2.860 -2.812 -2.752 -2.675 -2.577 
-2.451 -2.285 -2.063 -1.781 -1.544 -1.528 -1.761 -2.057 -2.285 -2.442 
-2.552 -2.640 -2.718 -2.795 -2.871 -2.945 -3.016 -3.083 -3.147 -3.208 
-3.264 -3.317 -3.365 -3.411 -3.452 -3.490 -3.524 -3.555 -3.583 -3.607 
-3.579 
-3.078 -3.137 -3.163 -3.186 -3.206 -3.224 -3.240 -3.253 -3.263 -3.271 
-3.276 -3.278 -3.278 -3.276 -3.270 -3.262 -3.251 -3.236 -3.219 -3.199 
-3.175 -3.148 -3.117 -3.083 -3.044 -3.001 -2.954 -2.903 -2.848 -2.789 
-2.728 -2.666 -2.603 -2.539 -2.475 -2.410 -2.347 -2.291 -2.247 -2.219 
-2.208 -2.212 -2.227 -2.245 -2.261 -2.269 -2.268 -2.257 -2.238 -2.217 
-2.200 -2.191 -2.195 -2.211 -2.233 -2.259 -2.283 -2.303 -2.315 -2.319 
-2.311 -2.287 -2.239 -2.146 -1.998 -1.971 -2.081 -2.127 -2.132 -2.128 
-2.133 -2.153 -2.191 -2.244 -2.307 -2.374 -2.442 -2.508 -2.572 -2.632 
-2.689 -2.743 -2.794 -2.843 -2.888 -2.932 -2.972 -3.010 -3.046 -3.079 
-3.072 
-2.688 -2.687 -2.714 -2.739 -2.762 -2.783 -2.802 -2.819 -2.833 -2.845 
-2.854 -2.862 -2.866 -2.869 -2.868 -2.865 -2.860 -2.851 -2.840 -2.826 
-2.809 -2.789 -2.766 -2.740 -2.710 -2.678 -2.643 -2.606 -2.567 -2.527 
-2.486 -2.446 -2.406 -2.368 -2.332 -2.297 -2.263 -2.230 -2.196 -2.162 
-2.127 -2.089 -2.046 -1.996 -1.939 -1.877 -1.810 -1.741 -1.676 -1.620 
-1.576 -1.551 -1.543 -1.549 -1.562 -1.573 -1.572 -1.542 -1.460 -1.294 
-1.037 -0.939 -1.212 -1.486 -1.668 -1.787 -1.866 -1.920 -1.960 -1.990 
-2.017 -2.042 -2.068 -2.094 -2.122 -2.150 -2.180 -2.211 -2.242 -2.276 
-2.310 -2.345 -2.381 -2.418 -2.454 -2.491 -2.526 -2.561 -2.595 -2.627 
-2.675 
-2.508 -2.575 -2.587 -2.597 -2.603 -2.607 -2.609 -2.607 -2.603 -2.596 
-2.587 -2.575 -2.561 -2.544 -2.524 -2.502 -2.477 -2.450 -2.421 -2.389 
-2.354 -2.318 -2.279 -2.239 -2.197 -2.154 -2.110 -2.065 -2.021 -1.979 
-1.939 -1.902 -1.871 -1.846 -1.827 -1.815 -1.809 -1.807 -1.810 -1.814 
-1.819 -1.822 -1.823 -1.821 -1.815 -1.803 -1.785 -1.762 -1.733 -1.700 
-1.663 -1.623 -1.577 -1.522 -1.454 -1.364 -1.246 -1.089 -0.876 -0.598 
-0.334 -0.260 -0.476 -0.799 -1.077 -1.279 -1.416 -1.501 -1.542 -1.554 
-1.560 -1.581 -1.630 -1.702 -1.787 -1.874 -1.957 -2.034 -2.104 -2.167 
-2.224 -2.276 -2.323 -2.365 -2.403 -2.438 -2.469 -2.496 -2.521 -2.542 
-2.507 
-1.824 -1.881 -1.895 -1.907 -1.918 -1.928 -1.937 -1.945 -1.951 -1.957 
-1.961 -1.964 -1.966 -1.966 -1.964 -1.961 -1.956 -1.948 -1.939 -1.928 
-1.916 -1.902 -1.887 -1.871 -1.855 -1.839 -1.824 -1.810 -1.798 -1.788 
-1.781 -1.776 -1.773 -1.773 -1.776 -1.781 -1.787 -1.794 -1.802 -1.809 
-1.816 -1.820 -1.823 -1.823 -1.821 -1.815 -1.805 -1.791 -1.773 -1.750 
-1.722 -1.688 -1.647 -1.598 -1.541 -1.472 -1.389 -1.288 -1.160 -0.991 
-0.773 -0.632 -0.612 -0.536 -0.522 -0.610 -0.725 -0.807 -0.843 -0.848 
-0.848 -0.864 -0.910 -0.982 -1.070 -1.162 -1.251 -1.334 -1.409 -1.477 
-1.537 -1.591 -1.638 -1.680 -1.717 -1.750 -1.779 -1.805 -1.827 -1.847 
-1.819 
-1.356 -1.351 -1.366 -1.380 -1.394 -1.408 -1.423 -1.438 -1.454 -1.470 
-1.487 -1.504 -1.521 -1.539 -1.556 -1.573 -1.590 -1.606 -1.622 -1.637 
-1.650 -1.663 -1.674 -1.684 -1.693 -1.700 -1.707 -1.711 -1.715 -1.717 
-1.718 -1.718 -1.717 -1.714 -1.709 -1.703 -1.695 -1.685 -1.672 -1.657 
-1.640 -1.619 -1.596 -1.569 -1.539 -1.506 -1.469 -1.427 -1.381 -1.331 
-1.275 -1.213 -1.144 -1.067 -0.982 -0.886 -0.777 -0.654 -0.515 -0.357 
-0.187 -0.023 0.114 0.204 0.208 0.111 -0.042 -0.203 -0.346 -0.466 
-0.567 -0.653 -0.731 -0.802 -0.867 -0.925 -0.976 -1.022 -1.062 -1.099 
-1.131 -1.160 -1.187 -1.211 -1.233 -1.253 -1.272 -1.290 -1.306 -1.322 
-1.352 
-1.375 -1.382 -1.415 -1.448 -1.480 -1.512 -1.542 -1.572 -1.601 -1.628 
-1.654 -1.679 -1.703 -1.725 -1.746 -1.766 -1.784 -1.800 -1.814 -1.827 
-1.837 -1.845 -1.851 -1.854 -1.854 -1.851 -1.845 -1.833 -1.816 -1.792 
-1.761 -1.720 -1.671 -1.618 -1.575 -1.554 -1.557 -1.572 -1.587 -1.595 
-1.592 -1.580 -1.560 -1.533 -1.499 -1.460 -1.414 -1.363 -1.305 -1.242 
-1.171 -1.093 -1.007 -0.911 -0.804 -0.684 -0.549 -0.397 -0.228 -0.049 
0.115 0.224 0.248 0.226 0.724 0.009 -0.177 -0.313 -0.425 -0.519 
-0.599 -0.667 -0.727 -0.778 -0.824 -0.865 -0.902 -0.937 -0.969 -0.999 
-1.029 -1.059 -1.089 -1.119 -1.150 -1.181 -1.214 -1.247 -1.280 -1.314 
-1.360 
-1.961 -2.087 -2.117 -2.145 -2.172 -2.196 -2.218 -2.238 -2.255 -2.270 
-2.281 -2.290 -2.295 -2.297 -2.295 -2.289 -2.279 -2.265 -2.247 -2.224 
-2.196 -2.163 -2.124 -2.079 -2.026 -1.966 -1.898 -1.820 -1.733 -1.634 
-1.526 -1.411 -1.295 -1.192 -1.120 -1.095 -1.119 -1.177 -1.252 -1.328 
-1.396 -1.453 -1.498 -1.531 -1.554 -1.567 -1.571 -1.566 -1.552 -1.530 
-1.498 -1.458 -1.408 -1.346 -1.272 -1.185 -1.080 -0.957 -0.812 -0.645 
-0.465 -0.286 -0.042 0.787 1.248 0.707 -0.311 -0.662 -0.875 -1.030 
-1.152 -1.252 -1.335 -1.407 -1.468 -1.523 -1.571 -1.614 -1.654 -1.692 
-1.727 -1.761 -1.794 -1.827 -1.860 -1.893 -1.926 -1.959 -1.992 -2.024 
-1.960 
-2.005 -2.067 -2.079 -2.088 -2.096 -2.103 -2.108 -2.112 -2.114 -2.115 
-2.115 -2.114 -2.112 -2.108 -2.103 -2.097 -2.089 -2.080 -2.069 -2.057 
-2.043 -2.027 -2.009 -1.988 -1.965 -1.939 -1.910 -1.878 -1.841 -1.799 
-1.751 -1.697 -1.637 -1.578 -1.528 -1.500 -1.493 -1.499 -1.505 -1.505 
-1.500 -1.489 -1.475 -1.458 -1.438 -1.416 -1.391 -1.363 -1.331 -1.295 
-1.255 -1.208 -1.154 -1.092 -1.019 -0.933 -0.832 -0.711 -0.565 -0.391 
-0.193 0.027 0.389 0.737 0.925 0.247 -0.226 -0.526 -0.743 -0.914 
-1.055 -1.175 -1.279 -1.370 -1.451 -1.524 -1.589 -1.648 -1.701 -1.749 
-1.793 -1.833 -1.869 -1.901 -1.931 -1.957 -1.981 -2.003 -2.022 -2.039 
-2.002 
-1.571 -1.548 -1.558 -1.566 -1.574 -1.580 -1.586 -1.591 -1.596 -1.600 
-1.603 -1.606 -1.609 -1.611 -1.613 -1.615 -1.617 -1.618 -1.619 -1.619 
-1.619 -1.619 -1.618 -1.616 -1.614 -1.610 -1.606 -1.601 -1.595 -1.587 
-1.578 -1.568 -1.557 -1.544 -1.529 -1.513 -1.496 -1.476 -1.455 -1.432 
-1.407 -1.379 -1.350 -1.318 -1.283 -1.244 -1.203 -1.157 -1.107 -1.052 
-0.990 -0.922 -0.846 -0.760 -0.663 -0.551 -0.422 -0.273 -0.101 0.085 
0.249 0.333 0.321 0.383 0.254 0.009 -0.156 -0.324 -0.478 -0.610 
-0.724 -0.822 -0.907 -0.982 -1.049 -1.109 -1.162 -1.211 -1.254 -1.293 
-1.329 -1.361 -1.390 -1.416 -1.439 -1.461 -1.480 -1.497 -1.512 -1.526 
-1.567 
-1.704 -1.743 -1.764 -1.782 -1.799 -1.815 -1.828 -1.841 -1.852 -1.861 
-1.869 -1.876 -1.882 -1.887 -1.890 -1.893 -1.894 -1.894 -1.893 -1.891 
-1.887 -1.882 -1.877 -1.869 -1.861 -1.851 -1.840 -1.828 -1.814 -1.799 
-1.782 -1.764 -1.744 -1.723 -1.701 -1.677 -1.651 -1.624 -1.596 -1.565 
-1.534 -1.501 -1.466 -1.429 -1.391 -1.351 -1.309 -1.264 -1.217 -1.167 
-1.114 -1.057 -0.995 -0.927 -0.852 -0.769 -0.675 -0.567 -0.442 -0.297 
-0.140 0.003 0.143 0.375 0.428 0.349 0.244 0.073 -0.122 -0.305 
-0.466 -0.607 -0.730 -0.840 -0.937 -1.025 -1.104 -1.176 -1.242 -1.302 
-1.357 -1.408 -1.455 -1.498 -1.538 -1.575 -1.609 -1.641 -1.670 -1.696 
-1.697 
-1.758 -1.768 -1.792 -1.814 -1.836 -1.856 -1.875 -1.893 -1.910 -1.926 
-1.940 -1.954 -1.967 -1.978 -1.989 -1.998 -2.006 -2.013 -2.018 -2.023 
-2.026 -2.028 -2.029 -2.028 -2.026 -2.022 -2.017 -2.010 -2.002 -1.993 
-1.981 -1.968 -1.954 -1.937 -1.919 -1.899 -1.878 -1.854 -1.828 -1.800 
-1.770 -1.737 -1.702 -1.665 -1.625 -1.581 -1.534 -1.484 -1.430 -1.371 
-1.307 -1.238 -1.161 -1.078 -0.985 -0.883 -0.768 -0.640 -0.495 -0.331 
-0.139 0.108 0.461 0.767 0.750 0.455 0.131 -0.111 -0.305 -0.464 
-0.600 -0.718 -0.823 -0.918 -1.003 -1.081 -1.152 -1.218 -1.278 -1.333 
-1.385 -1.432 -1.476 -1.518 -1.556 -1.592 -1.626 -1.658 -1.687 -1.716 
-1.749 
-1.912 -1.948 -1.983 -2.016 -2.046 -2.075 -2.101 -2.125 -2.147 -2.168 
-2.186 -2.202 -2.217 -2.230 -2.241 -2.251 -2.258 -2.264 -2.268 -2.270 
-2.271 -2.269 -2.266 -2.261 -2.254 -2.245 -2.234 -2.221 -2.206 -2.189 
-2.170 -2.149 -2.125 -2.099 -2.071 -2.040 -2.007 -1.971 -1.932 -1.890 
-1.844 -1.796 -1.744 -1.689 -1.630 -1.566 -1.498 -1.426 -1.348 -1.265 
-1.175 -1.080 -0.976 -0.866 -0.746 -0.618 -0.481 -0.337 -0.188 -0.044 
0.083 0.184 0.271 0.412 0.389 0.223 0.076 -0.071 -0.205 -0.328 
-0.443 -0.553 -0.659 -0.762 -0.860 -0.955 -1.047 -1.133 -1.216 -1.294 
-1.369 -1.439 -1.505 -1.567 -1.626 -1.681 -1.733 -1.782 -1.828 -1.870 
-1.899 
-2.065 -2.107 -2.141 -2.174 -2.204 -2.231 -2.256 -2.279 -2.300 -2.319 
-2.335 -2.350 -2.362 -2.372 -2.381 -2.387 -2.392 -2.394 -2.395 -2.393 
-2.390 -2.385 -2.377 -2.368 -2.357 -2.344 -2.329 -2.312 -2.293 -2.272 
-2.248 -2.223 -2.195 -2.165 -2.132 -2.098 -2.061 -2.021 -1.979 -1.934 
-1.886 -1.836 -1.783 -1.726 -1.667 -1.604 -1.538 -1.469 -1.396 -1.319 
-1.239 -1.155 -1.066 -0.974 -0.877 -0.776 -0.669 -0.556 -0.436 -0.310 
-0.179 -0.044 0.099 0.254 0.386 0.421 0.316 0.128 -0.075 -0.262 
-0.432 -0.585 -0.724 -0.851 -0.969 -1.077 -1.178 -1.272 -1.360 -1.442 
-1.519 -1.591 -1.659 -1.722 -1.782 -1.838 -1.890 -1.940 -1.986 -2.029 
-2.053 
-2.105 -2.123 -2.158 -2.190 -2.220 -2.247 -2.272 -2.294 -2.314 -2.332 
-2.347 -2.360 -2.372 -2.380 -2.387 -2.392 -2.395 -2.395 -2.394 -2.390 
-2.384 -2.376 -2.367 -2.354 -2.340 -2.324 -2.305 -2.284 -2.261 -2.236 
-2.208 -2.177 -2.144 -2.109 -2.070 -2.029 -1.986 -1.939 -1.890 -1.838 
-1.784 -1.727 -1.667 -1.605 -1.541 -1.475 -1.407 -1.336 -1.262 -1.185 
-1.105 -1.022 -0.937 -0.850 -0.762 -0.675 -0.591 -0.508 -0.429 -0.351 
-0.272 -0.189 -0.100 0.000 0.101 0.164 0.176 0.125 -0.023 -0.181 
-0.339 -0.494 -0.642 -0.781 -0.911 -1.031 -1.142 -1.245 -1.341 -1.429 
-1.512 -1.589 -1.660 -1.727 -1.790 -1.848 -1.902 -1.953 -2.000 -2.044 
-2.090 
-2.284 -2.326 -2.354 -2.379 -2.401 -2.421 -2.439 -2.454 -2.466 -2.477 
-2.485 -2.490 -2.494 -2.495 -2.494 -2.491 -2.486 -2.478 -2.469 -2.457 
-2.442 -2.426 -2.407 -2.386 -2.363 -2.337 -2.309 -2.278 -2.245 -2.209 
-2.170 -2.130 -2.086 -2.040 -1.991 -1.940 -1.887 -1.831 -1.774 -1.715 
-1.656 -1.597 -1.539 -1.483 -1.431 -1.382 -1.337 -1.297 -1.260 -1.227 
-1.195 -1.163 -1.129 -1.091 -1.050 -1.003 -0.952 -0.896 -0.834 -0.766 
-0.689 -0.599 -0.491 -0.354 -0.173 0.061 0.271 0.284 0.053 -0.253 
-0.518 -0.733 -0.914 -1.070 -1.207 -1.330 -1.440 -1.540 -1.631 -1.715 
-1.791 -1.862 -1.927 -1.987 -2.043 -2.094 -2.141 -2.185 -2.225 -2.261 
-2.276 
-2.349 -2.372 -2.398 -2.421 -2.441 -2.459 -2.475 -2.488 -2.500 -2.509 
-2.515 -2.520 -2.523 -2.523 -2.522 -2.518 -2.513 -2.505 -2.496 -2.484 
-2.471 -2.455 -2.438 -2.418 -2.396 -2.373 -2.347 -2.320 -2.290 -2.258 
-2.225 -2.189 -2.152 -2.113 -2.072 -2.030 -1.986 -1.941 -1.895 -1.849 
-1.802 -1.756 -1.711 -1.666 -1.623 -1.582 -1.544 -1.507 -1.473 -1.440 
-1.408 -1.377 -1.344 -1.308 -1.270 -1.227 -1.179 -1.122 -1.057 -0.980 
-0.887 -0.775 -0.637 -0.464 -0.251 -0.022 0.146 0.124 -0.093 -0.376 
-0.635 -0.850 -1.030 -1.185 -1.319 -1.437 -1.543 -1.638 -1.725 -1.803 
-1.875 -1.942 -2.002 -2.058 -2.110 -2.158 -2.202 -2.242 -2.279 -2.313 
-2.339 
-2.366 -2.386 -2.412 -2.436 -2.457 -2.475 -2.491 -2.505 -2.516 -2.525 
-2.532 -2.536 -2.538 -2.538 -2.536 -2.532 -2.526 -2.518 -2.507 -2.495 
-2.480 -2.463 -2.444 -2.423 -2.400 -2.375 -2.348 -2.319 -2.287 -2.254 
-2.219 -2.182 -2.144 -2.103 -2.062 -2.020 -1.977 -1.933 -1.890 -1.848 
-1.806 -1.766 -1.728 -1.692 -1.658 -1.627 -1.597 -1.570 -1.543 -1.517 
-1.490 -1.463 -1.433 -1.401 -1.366 -1.326 -1.281 -1.230 -1.172 -1.104 
-1.024 -0.930 -0.816 -0.676 -0.504 -0.294 -0.082 0.039 0.003 -0.205 
-0.478 -0.727 -0.936 -1.111 -1.261 -1.392 -1.508 -1.611 -1.704 -1.788 
-1.865 -1.935 -2.000 -2.059 -2.113 -2.163 -2.209 -2.251 -2.289 -2.325 
-2.356 
-2.428 -2.461 -2.493 -2.521 -2.548 -2.571 -2.592 -2.611 -2.628 -2.642 
-2.654 -2.664 -2.672 -2.677 -2.681 -2.683 -2.682 -2.680 -2.676 -2.670 
-2.661 -2.651 -2.639 -2.625 -2.608 -2.590 -2.570 -2.548 -2.524 -2.498 
-2.470 -2.440 -2.408 -2.375 -2.339 -2.302 -2.262 -2.222 -2.179 -2.136 
-2.091 -2.045 -1.998 -1.949 -1.900 -1.849 -1.796 -1.742 -1.687 -1.630 
-1.571 -1.510 -1.449 -1.386 -1.323 -1.258 -1.192 -1.124 -1.051 -0.974 
-0.888 -0.791 -0.679 -0.549 -0.401 -0.245 -0.124 -0.082 -0.162 -0.359 
-0.582 -0.788 -0.971 -1.133 -1.276 -1.404 -1.519 -1.624 -1.720 -1.807 
-1.888 -1.962 -2.031 -2.095 -2.154 -2.208 -2.259 -2.306 -2.350 -2.390 
-2.416 
-2.430 -2.454 -2.480 -2.503 -2.524 -2.543 -2.560 -2.574 -2.587 -2.597 
-2.605 -2.612 -2.617 -2.619 -2.620 -2.620 -2.617 -2.613 -2.607 -2.600 
-2.591 -2.581 -2.569 -2.555 -2.540 -2.524 -2.506 -2.487 -2.467 -2.446 
-2.423 -2.399 -2.375 -2.349 -2.322 -2.295 -2.266 -2.236 -2.206 -2.175 
-2.142 -2.109 -2.074 -2.039 -2.001 -1.963 -1.922 -1.879 -1.834 -1.786 
-1.735 -1.682 -1.625 -1.565 -1.501 -1.434 -1.362 -1.287 -1.207 -1.120 
-1.024 -0.914 -0.784 -0.629 -0.454 -0.300 -0.238 -0.310 -0.477 -0.674 
-0.858 -1.021 -1.168 -1.300 -1.420 -1.530 -1.630 -1.722 -1.807 -1.884 
-1.956 -2.022 -2.082 -2.138 -2.190 -2.238 -2.282 -2.322 -2.359 -2.394 
-2.422 
-2.457 -2.482 -2.520 -2.555 -2.587 -2.617 -2.644 -2.668 -2.691 -2.710 
-2.728 -2.743 -2.756 -2.767 -2.776 -2.783 -2.788 -2.790 -2.791 -2.790 
-2.787 -2.782 -2.775 -2.766 -2.755 -2.742 -2.727 -2.711 -2.692 -2.672 
-2.649 -2.625 -2.598 -2.570 -2.539 -2.507 -2.472 -2.434 -2.395 -2.353 
-2.308 -2.261 -2.211 -2.157 -2.100 -2.040 -1.977 -1.910 -1.839 -1.764 
-1.686 -1.604 -1.520 -1.434 -1.347 -1.260 -1.175 -1.094 -1.018 -0.947 
-0.882 -0.822 -0.763 -0.703 -0.638 -0.570 -0.538 -0.569 -0.628 -0.697 
-0.781 -0.879 -0.988 -1.102 -1.219 -1.333 -1.443 -1.547 -1.646 -1.739 
-1.826 -1.908 -1.985 -2.056 -2.123 -2.186 -2.244 -2.299 -2.350 -2.397 
-2.441 
-2.588 -2.633 -2.670 -2.705 -2.737 -2.767 -2.794 -2.818 -2.841 -2.861 
-2.879 -2.894 -2.908 -2.919 -2.928 -2.936 -2.941 -2.944 -2.945 -2.944 
-2.941 -2.936 -2.928 -2.919 -2.908 -2.894 -2.879 -2.861 -2.841 -2.819 
-2.795 -2.768 -2.739 -2.707 -2.673 -2.636 -2.597 -2.554 -2.509 -2.462 
-2.411 -2.357 -2.300 -2.239 -2.176 -2.109 -2.039 -1.967 -1.891 -1.813 
-1.732 -1.651 -1.568 -1.486 -1.405 -1.326 -1.250 -1.177 -1.107 -1.038 
-0.970 -0.901 -0.827 -0.748 -0.665 -0.600 -0.584 -0.615 -0.680 -0.774 
-0.890 -1.017 -1.148 -1.276 -1.400 -1.516 -1.626 -1.728 -1.824 -1.914 
-1.998 -2.076 -2.150 -2.219 -2.283 -2.344 -2.400 -2.453 -2.503 -2.549 
-2.576 
-2.614 -2.647 -2.687 -2.724 -2.759 -2.791 -2.822 -2.850 -2.876 -2.900 
-2.922 -2.942 -2.960 -2.976 -2.990 -3.002 -3.012 -3.021 -3.027 -3.031 
-3.034 -3.035 -3.034 -3.031 -3.026 -3.019 -3.011 -3.000 -2.987 -2.973 
-2.956 -2.938 -2.917 -2.894 -2.869 -2.842 -2.812 -2.781 -2.746 -2.709 
-2.670 -2.628 -2.583 -2.535 -2.485 -2.431 -2.374 -2.313 -2.250 -2.183 
-2.113 -2.039 -1.963 -1.883 -1.800 -1.713 -1.622 -1.526 -1.422 -1.309 
-1.181 -1.035 -0.869 -0.687 -0.516 -0.411 -0.423 -0.535 -0.694 -0.858 
-1.013 -1.156 -1.285 -1.404 -1.514 -1.615 -1.709 -1.798 -1.882 -1.960 
-2.035 -2.106 -2.174 -2.238 -2.299 -2.357 -2.412 -2.464 -2.514 -2.561 
-2.599 
-2.623 -2.650 -2.685 -2.717 -2.747 -2.775 -2.800 -2.824 -2.845 -2.865 
-2.882 -2.898 -2.912 -2.924 -2.934 -2.942 -2.949 -2.953 -2.956 -2.958 
-2.957 -2.955 -2.951 -2.945 -2.938 -2.929 -2.918 -2.905 -2.891 -2.874 
-2.856 -2.837 -2.815 -2.792 -2.766 -2.739 -2.710 -2.679 -2.646 -2.611 
-2.574 -2.534 -2.493 -2.449 -2.403 -2.355 -2.304 -2.250 -2.194 -2.134 
-2.072 -2.006 -1.936 -1.862 -1.784 -1.701 -1.614 -1.520 -1.422 -1.317 
-1.205 -1.084 -0.950 -0.803 -0.659 -0.555 -0.541 -0.621 -0.761 -0.920 
-1.075 -1.218 -1.347 -1.465 -1.574 -1.674 -1.768 -1.855 -1.937 -2.013 
-2.086 -2.154 -2.218 -2.278 -2.335 -2.389 -2.439 -2.487 -2.532 -2.574 
-2.611 
-2.717 -2.748 -2.788 -2.825 -2.859 -2.891 -2.921 -2.948 -2.973 -2.995 
-3.015 -3.034 -3.050 -3.064 -3.076 -3.086 -3.093 -3.099 -3.103 -3.105 
-3.105 -3.103 -3.099 -3.093 -3.085 -3.076 -3.064 -3.050 -3.034 -3.016 
-2.996 -2.973 -2.949 -2.922 -2.893 -2.862 -2.828 -2.791 -2.752 -2.711 
-2.666 -2.619 -2.569 -2.516 -2.459 -2.400 -2.337 -2.270 -2.199 -2.125 
-2.047 -1.965 -1.878 -1.788 -1.694 -1.597 -1.499 -1.402 -1.310 -1.225 
-1.152 -1.092 -1.043 -1.000 -0.960 -0.927 -0.927 -0.977 -1.060 -1.153 
-1.246 -1.336 -1.425 -1.514 -1.603 -1.692 -1.780 -1.866 -1.950 -2.031 
-2.110 -2.184 -2.256 -2.324 -2.388 -2.449 -2.507 -2.561 -2.613 -2.661 
-2.701 
-2.881 -2.925 -2.960 -2.992 -3.022 -3.049 -3.074 -3.097 -3.117 -3.134 
-3.150 -3.164 -3.175 -3.184 -3.191 -3.196 -3.199 -3.200 -3.199 -3.196 
-3.191 -3.184 -3.175 -3.164 -3.151 -3.136 -3.118 -3.099 -3.078 -3.054 
-3.028 -3.000 -2.969 -2.937 -2.902 -2.864 -2.824 -2.782 -2.737 -2.690 
-2.640 -2.588 -2.533 -2.476 -2.417 -2.355 -2.291 -2.226 -2.159 -2.090 
-2.021 -1.950 -1.880 -1.809 -1.738 -1.666 -1.595 -1.523 -1.450 -1.377 
-1.303 -1.227 -1.149 -1.068 -0.989 -0.925 -0.898 -0.923 -0.998 -1.102 
-1.219 -1.346 -1.477 -1.606 -1.730 -1.846 -1.954 -2.054 -2.148 -2.235 
-2.317 -2.393 -2.464 -2.530 -2.592 -2.650 -2.704 -2.755 -2.802 -2.846 
-2.870 
-2.832 -2.894 -2.938 -2.979 -3.017 -3.052 -3.084 -3.114 -3.140 -3.165 
-3.186 -3.205 -3.222 -3.237 -3.249 -3.259 -3.267 -3.272 -3.276 -3.277 
-3.276 -3.273 -3.268 -3.260 -3.251 -3.239 -3.225 -3.209 -3.191 -3.170 
-3.147 -3.121 -3.094 -3.063 -3.030 -2.995 -2.957 -2.916 -2.873 -2.826 
-2.777 -2.725 -2.669 -2.611 -2.549 -2.485 -2.418 -2.347 -2.275 -2.200 
-2.124 -2.047 -1.970 -1.894 -1.820 -1.747 -1.678 -1.609 -1.542 -1.476 
-1.415 -1.362 -1.318 -1.275 -1.227 -1.173 -1.122 -1.082 -1.054 -1.045 
-1.074 -1.149 -1.264 -1.399 -1.539 -1.671 -1.793 -1.904 -2.005 -2.098 
-2.184 -2.266 -2.344 -2.419 -2.490 -2.558 -2.623 -2.684 -2.742 -2.796 
-2.819 
-2.627 -2.648 -2.702 -2.754 -2.802 -2.847 -2.890 -2.929 -2.966 -3.000 
-3.032 -3.061 -3.087 -3.111 -3.133 -3.152 -3.169 -3.183 -3.196 -3.206 
-3.214 -3.220 -3.224 -3.225 -3.225 -3.222 -3.217 -3.210 -3.200 -3.189 
-3.175 -3.159 -3.141 -3.120 -3.097 -3.071 -3.043 -3.012 -2.978 -2.941 
-2.901 -2.859 -2.812 -2.763 -2.710 -2.653 -2.592 -2.526 -2.457 -2.382 
-2.303 -2.218 -2.127 -2.030 -1.926 -1.815 -1.696 -1.570 -1.442 -1.323 
-1.227 -1.171 -1.157 -1.176 -1.214 -1.259 -1.304 -1.343 -1.374 -1.401 
-1.438 -1.491 -1.553 -1.614 -1.668 -1.714 -1.757 -1.799 -1.843 -1.892 
-1.945 -2.003 -2.066 -2.132 -2.200 -2.268 -2.337 -2.403 -2.468 -2.531 
-2.602 
-2.782 -2.827 -2.867 -2.905 -2.940 -2.973 -3.003 -3.031 -3.057 -3.081 
-3.103 -3.122 -3.140 -3.155 -3.169 -3.180 -3.190 -3.197 -3.203 -3.207 
-3.209 -3.209 -3.207 -3.203 -3.198 -3.190 -3.181 -3.170 -3.157 -3.142 
-3.125 -3.106 -3.084 -3.061 -3.036 -3.009 -2.980 -2.949 -2.915 -2.880 
-2.842 -2.802 -2.759 -2.715 -2.668 -2.618 -2.566 -2.510 -2.452 -2.390 
-2.324 -2.254 -2.180 -2.100 -2.014 -1.922 -1.823 -1.718 -1.606 -1.492 
-1.382 -1.283 -1.202 -1.144 -1.117 -1.125 -1.163 -1.215 -1.266 -1.319 
-1.404 -1.516 -1.628 -1.728 -1.818 -1.898 -1.971 -2.040 -2.105 -2.169 
-2.232 -2.294 -2.356 -2.416 -2.475 -2.533 -2.588 -2.641 -2.691 -2.739 
-2.770 
-2.947 -2.999 -3.033 -3.064 -3.093 -3.120 -3.144 -3.166 -3.186 -3.203 
-3.218 -3.232 -3.243 -3.252 -3.259 -3.264 -3.267 -3.268 -3.268 -3.265 
-3.260 -3.254 -3.246 -3.235 -3.223 -3.209 -3.193 -3.175 -3.156 -3.134 
-3.111 -3.086 -3.059 -3.030 -3.000 -2.968 -2.935 -2.900 -2.864 -2.826 
-2.788 -2.749 -2.709 -2.669 -2.629 -2.589 -2.548 -2.508 -2.468 -2.427 
-2.386 -2.345 -2.302 -2.257 -2.210 -2.159 -2.104 -2.044 -1.977 -1.904 
-1.823 -1.737 -1.648 -1.560 -1.478 -1.395 -1.301 -1.191 -1.088 -1.041 
-1.095 -1.235 -1.412 -1.586 -1.744 -1.884 -2.009 -2.121 -2.221 -2.313 
-2.397 -2.474 -2.546 -2.612 -2.673 -2.730 -2.784 -2.833 -2.879 -2.922 
-2.937 
-2.874 -2.891 -2.930 -2.967 -3.001 -3.033 -3.063 -3.090 -3.115 -3.138 
-3.159 -3.179 -3.196 -3.211 -3.225 -3.236 -3.246 -3.254 -3.260 -3.265 
-3.267 -3.268 -3.267 -3.265 -3.261 -3.255 -3.247 -3.237 -3.226 -3.213 
-3.198 -3.182 -3.163 -3.143 -3.121 -3.098 -3.072 -3.045 -3.015 -2.985 
-2.952 -2.917 -2.881 -2.843 -2.803 -2.761 -2.718 -2.672 -2.624 -2.573 
-2.520 -2.464 -2.404 -2.342 -2.277 -2.210 -2.143 -2.078 -2.015 -1.953 
-1.888 -1.817 -1.738 -1.649 -1.552 -1.447 -1.342 -1.247 -1.180 -1.162 
-1.211 -1.309 -1.424 -1.539 -1.648 -1.752 -1.855 -1.956 -2.054 -2.148 
-2.235 -2.317 -2.394 -2.465 -2.531 -2.594 -2.652 -2.706 -2.757 -2.805 
-2.857 
-2.978 -3.036 -3.088 -3.138 -3.183 -3.225 -3.264 -3.299 -3.332 -3.362 
-3.389 -3.414 -3.436 -3.456 -3.473 -3.489 -3.502 -3.512 -3.521 -3.527 
-3.532 -3.534 -3.534 -3.532 -3.528 -3.522 -3.514 -3.503 -3.491 -3.476 
-3.459 -3.439 -3.417 -3.393 -3.367 -3.337 -3.305 -3.271 -3.233 -3.192 
-3.148 -3.101 -3.050 -2.995 -2.936 -2.873 -2.805 -2.732 -2.654 -2.571 
-2.483 -2.390 -2.293 -2.194 -2.097 -2.005 -1.923 -1.856 -1.806 -1.767 
-1.728 -1.675 -1.612 -1.595 -1.628 -1.652 -1.649 -1.629 -1.605 -1.592 
-1.591 -1.593 -1.593 -1.595 -1.609 -1.647 -1.709 -1.791 -1.886 -1.990 
-2.099 -2.211 -2.321 -2.426 -2.524 -2.615 -2.700 -2.778 -2.850 -2.917 
-2.960 
-2.992 -3.062 -3.134 -3.201 -3.263 -3.321 -3.374 -3.423 -3.469 -3.511 
-3.549 -3.585 -3.617 -3.647 -3.674 -3.698 -3.719 -3.738 -3.755 -3.769 
-3.780 -3.789 -3.796 -3.801 -3.803 -3.803 -3.801 -3.796 -3.789 -3.780 
-3.768 -3.754 -3.737 -3.718 -3.697 -3.672 -3.645 -3.615 -3.583 -3.547 
-3.508 -3.465 -3.419 -3.369 -3.315 -3.257 -3.194 -3.127 -3.054 -2.975 
-2.891 -2.800 -2.703 -2.600 -2.491 -2.376 -2.256 -2.127 -1.983 -1.815 
-1.619 -1.413 -1.259 -1.229 -1.321 -1.461 -1.588 -1.687 -1.756 -1.801 
-1.825 -1.831 -1.825 -1.810 -1.791 -1.774 -1.761 -1.758 -1.775 -1.821 
-1.898 -2.003 -2.123 -2.249 -2.374 -2.494 -2.607 -2.712 -2.810 -2.901 
-2.966 
-2.927 -2.974 -3.047 -3.115 -3.177 -3.236 -3.290 -3.340 -3.387 -3.430 
-3.469 -3.506 -3.539 -3.570 -3.597 -3.622 -3.645 -3.665 -3.682 -3.697 
-3.710 -3.720 -3.728 -3.734 -3.737 -3.738 -3.737 -3.733 -3.728 -3.720 
-3.709 -3.697 -3.682 -3.664 -3.644 -3.622 -3.597 -3.569 -3.539 -3.505 
-3.469 -3.429 -3.386 -3.340 -3.290 -3.236 -3.177 -3.114 -3.047 -2.974 
-2.895 -2.811 -2.719 -2.620 -2.513 -2.398 -2.274 -2.143 -2.006 -1.869 
-1.741 -1.630 -1.552 -1.548 -1.613 -1.695 -1.766 -1.823 -1.865 -1.893 
-1.909 -1.913 -1.906 -1.891 -1.869 -1.843 -1.817 -1.798 -1.796 -1.819 
-1.874 -1.957 -2.060 -2.174 -2.292 -2.408 -2.518 -2.622 -2.720 -2.811 
-2.896 
-3.069 -3.132 -3.190 -3.244 -3.295 -3.342 -3.385 -3.426 -3.463 -3.497 
-3.529 -3.558 -3.585 -3.608 -3.630 -3.649 -3.666 -3.680 -3.692 -3.702 
-3.710 -3.716 -3.719 -3.721 -3.720 -3.717 -3.712 -3.705 -3.696 -3.684 
-3.671 -3.655 -3.637 -3.616 -3.594 -3.568 -3.541 -3.510 -3.477 -3.442 
-3.403 -3.362 -3.318 -3.270 -3.219 -3.165 -3.107 -3.046 -2.981 -2.912 
-2.838 -2.761 -2.681 -2.596 -2.509 -2.419 -2.329 -2.239 -2.151 -2.068 
-1.994 -1.934 -1.893 -1.867 -1.850 -1.837 -1.829 -1.827 -1.833 -1.843 
-1.854 -1.865 -1.874 -1.885 -1.900 -1.924 -1.959 -2.004 -2.061 -2.129 
-2.209 -2.299 -2.396 -2.495 -2.591 -2.684 -2.771 -2.853 -2.930 -3.002 
-3.050 
-3.158 -3.203 -3.248 -3.290 -3.330 -3.366 -3.400 -3.431 -3.460 -3.487 
-3.511 -3.533 -3.553 -3.570 -3.586 -3.599 -3.611 -3.620 -3.628 -3.633 
-3.637 -3.639 -3.639 -3.637 -3.633 -3.628 -3.621 -3.612 -3.601 -3.588 
-3.574 -3.558 -3.540 -3.521 -3.499 -3.476 -3.451 -3.424 -3.395 -3.364 
-3.331 -3.296 -3.258 -3.218 -3.175 -3.130 -3.082 -3.030 -2.975 -2.917 
-2.855 -2.789 -2.719 -2.645 -2.567 -2.484 -2.398 -2.308 -2.215 -2.119 
-2.022 -1.924 -1.827 -1.734 -1.650 -1.582 -1.536 -1.516 -1.521 -1.549 
-1.598 -1.668 -1.753 -1.846 -1.939 -2.031 -2.123 -2.214 -2.304 -2.393 
-2.480 -2.565 -2.645 -2.722 -2.796 -2.865 -2.930 -2.992 -3.050 -3.104 
-3.142 
-3.128 -3.157 -3.191 -3.223 -3.252 -3.278 -3.302 -3.324 -3.343 -3.361 
-3.376 -3.389 -3.400 -3.409 -3.417 -3.422 -3.426 -3.428 -3.429 -3.428 
-3.425 -3.421 -3.415 -3.408 -3.400 -3.390 -3.379 -3.367 -3.353 -3.339 
-3.323 -3.306 -3.288 -3.269 -3.250 -3.229 -3.207 -3.185 -3.162 -3.138 
-3.113 -3.087 -3.060 -3.033 -3.004 -2.974 -2.943 -2.910 -2.875 -2.839 
-2.801 -2.760 -2.718 -2.673 -2.626 -2.576 -2.523 -2.467 -2.408 -2.344 
-2.276 -2.203 -2.124 -2.042 -1.955 -1.868 -1.780 -1.692 -1.610 -1.546 
-1.520 -1.546 -1.619 -1.723 -1.846 -1.975 -2.101 -2.219 -2.328 -2.428 
-2.520 -2.604 -2.682 -2.753 -2.818 -2.879 -2.935 -2.987 -3.034 -3.079 
-3.116 
-3.121 -3.160 -3.207 -3.249 -3.289 -3.325 -3.358 -3.389 -3.417 -3.442 
-3.465 -3.485 -3.504 -3.519 -3.533 -3.545 -3.554 -3.561 -3.566 -3.570 
-3.571 -3.570 -3.568 -3.563 -3.557 -3.548 -3.538 -3.526 -3.512 -3.496 
-3.479 -3.459 -3.437 -3.414 -3.388 -3.361 -3.331 -3.300 -3.266 -3.230 
-3.192 -3.152 -3.109 -3.064 -3.017 -2.967 -2.915 -2.861 -2.805 -2.748 
-2.689 -2.629 -2.569 -2.509 -2.450 -2.392 -2.336 -2.282 -2.231 -2.181 
-2.132 -2.084 -2.035 -1.985 -1.931 -1.872 -1.807 -1.734 -1.656 -1.577 
-1.509 -1.465 -1.457 -1.496 -1.579 -1.695 -1.828 -1.963 -2.095 -2.220 
-2.336 -2.443 -2.542 -2.634 -2.719 -2.797 -2.870 -2.937 -2.999 -3.057 
-3.103 
-3.112 -3.166 -3.222 -3.274 -3.323 -3.368 -3.410 -3.449 -3.484 -3.518 
-3.548 -3.576 -3.601 -3.623 -3.644 -3.662 -3.677 -3.691 -3.702 -3.711 
-3.718 -3.723 -3.726 -3.727 -3.725 -3.722 -3.716 -3.709 -3.699 -3.687 
-3.673 -3.657 -3.638 -3.618 -3.595 -3.570 -3.542 -3.512 -3.480 -3.445 
-3.408 -3.368 -3.325 -3.280 -3.231 -3.180 -3.126 -3.070 -3.010 -2.947 
-2.882 -2.815 -2.745 -2.673 -2.600 -2.525 -2.451 -2.377 -2.304 -2.234 
-2.167 -2.105 -2.047 -1.995 -1.946 -1.900 -1.854 -1.808 -1.760 -1.710 
-1.661 -1.620 -1.596 -1.600 -1.635 -1.699 -1.783 -1.881 -1.987 -2.099 
-2.213 -2.327 -2.437 -2.542 -2.640 -2.732 -2.818 -2.898 -2.972 -3.041 
-3.093 
-3.081 -3.131 -3.198 -3.261 -3.319 -3.373 -3.423 -3.469 -3.513 -3.552 
-3.589 -3.623 -3.654 -3.682 -3.708 -3.731 -3.751 -3.770 -3.786 -3.799 
-3.810 -3.820 -3.826 -3.831 -3.834 -3.834 -3.832 -3.828 -3.822 -3.814 
-3.804 -3.791 -3.776 -3.759 -3.739 -3.718 -3.693 -3.667 -3.637 -3.606 
-3.571 -3.534 -3.494 -3.451 -3.404 -3.355 -3.302 -3.246 -3.186 -3.123 
-3.055 -2.984 -2.908 -2.829 -2.746 -2.660 -2.572 -2.485 -2.401 -2.327 
-2.265 -2.217 -2.180 -2.151 -2.126 -2.104 -2.083 -2.062 -2.039 -2.012 
-1.981 -1.948 -1.913 -1.880 -1.852 -1.830 -1.819 -1.827 -1.862 -1.929 
-2.024 -2.138 -2.259 -2.380 -2.497 -2.608 -2.711 -2.808 -2.898 -2.982 
-3.054 
-3.085 -3.165 -3.234 -3.298 -3.357 -3.413 -3.464 -3.512 -3.556 -3.597 
-3.634 -3.669 -3.701 -3.730 -3.756 -3.780 -3.802 -3.820 -3.837 -3.851 
-3.863 -3.872 -3.879 -3.884 -3.887 -3.888 -3.886 -3.882 -3.876 -3.867 
-3.856 -3.843 -3.828 -3.810 -3.790 -3.767 -3.741 -3.713 -3.682 -3.648 
-3.611 -3.570 -3.527 -3.479 -3.428 -3.373 -3.313 -3.249 -3.179 -3.104 
-3.023 -2.935 -2.840 -2.739 -2.631 -2.517 -2.401 -2.290 -2.191 -2.117 
-2.074 -2.063 -2.075 -2.099 -2.125 -2.147 -2.161 -2.166 -2.163 -2.151 
-2.131 -2.104 -2.072 -2.033 -1.992 -1.950 -1.913 -1.893 -1.902 -1.948 
-2.032 -2.142 -2.264 -2.389 -2.511 -2.626 -2.733 -2.833 -2.925 -3.011 
-3.063 
-2.957 -2.995 -3.060 -3.121 -3.178 -3.231 -3.282 -3.329 -3.373 -3.415 
-3.453 -3.489 -3.522 -3.553 -3.581 -3.607 -3.630 -3.652 -3.671 -3.688 
-3.702 -3.715 -3.725 -3.734 -3.740 -3.745 -3.747 -3.748 -3.746 -3.742 
-3.737 -3.729 -3.719 -3.707 -3.693 -3.677 -3.659 -3.638 -3.615 -3.590 
-3.563 -3.532 -3.500 -3.464 -3.426 -3.385 -3.341 -3.294 -3.243 -3.188 
-3.130 -3.068 -3.002 -2.931 -2.856 -2.777 -2.696 -2.613 -2.534 -2.464 
-2.407 -2.362 -2.322 -2.283 -2.240 -2.194 -2.144 -2.094 -2.045 -1.998 
-1.954 -1.915 -1.883 -1.857 -1.839 -1.831 -1.831 -1.841 -1.864 -1.913 
-1.995 -2.099 -2.208 -2.316 -2.418 -2.516 -2.608 -2.695 -2.776 -2.854 
-2.930 
-3.032 -3.104 -3.175 -3.241 -3.302 -3.359 -3.411 -3.459 -3.504 -3.545 
-3.583 -3.617 -3.649 -3.678 -3.703 -3.727 -3.747 -3.766 -3.781 -3.795 
-3.806 -3.814 -3.820 -3.825 -3.826 -3.826 -3.823 -3.818 -3.811 -3.801 
-3.789 -3.775 -3.759 -3.740 -3.718 -3.694 -3.668 -3.639 -3.608 -3.574 
-3.537 -3.498 -3.456 -3.411 -3.364 -3.314 -3.262 -3.207 -3.150 -3.091 
-3.030 -2.967 -2.901 -2.834 -2.766 -2.698 -2.633 -2.571 -2.517 -2.471 
-2.434 -2.407 -2.387 -2.371 -2.358 -2.343 -2.327 -2.306 -2.280 -2.250 
-2.213 -2.171 -2.122 -2.065 -1.997 -1.917 -1.826 -1.733 -1.665 -1.662 
-1.746 -1.892 -2.060 -2.224 -2.375 -2.512 -2.636 -2.747 -2.849 -2.941 
-3.006 
-3.040 -3.115 -3.188 -3.255 -3.315 -3.370 -3.421 -3.466 -3.508 -3.545 
-3.580 -3.610 -3.638 -3.662 -3.684 -3.702 -3.718 -3.731 -3.742 -3.750 
-3.756 -3.759 -3.760 -3.758 -3.754 -3.748 -3.739 -3.728 -3.714 -3.699 
-3.680 -3.660 -3.637 -3.611 -3.583 -3.553 -3.520 -3.485 -3.447 -3.407 
-3.366 -3.322 -3.276 -3.230 -3.182 -3.134 -3.087 -3.040 -2.995 -2.953 
-2.912 -2.875 -2.839 -2.805 -2.772 -2.740 -2.710 -2.687 -2.671 -2.663 
-2.662 -2.664 -2.666 -2.668 -2.666 -2.660 -2.648 -2.630 -2.604 -2.570 
-2.525 -2.470 -2.401 -2.317 -2.216 -2.094 -1.951 -1.797 -1.667 -1.618 
-1.680 -1.801 -1.915 -2.062 -2.255 -2.437 -2.592 -2.725 -2.841 -2.943 
-3.016 
-2.926 -3.018 -3.118 -3.207 -3.288 -3.360 -3.427 -3.487 -3.541 -3.591 
-3.637 -3.678 -3.716 -3.749 -3.780 -3.807 -3.831 -3.852 -3.870 -3.886 
-3.899 -3.909 -3.916 -3.921 -3.923 -3.923 -3.921 -3.915 -3.908 -3.898 
-3.885 -3.870 -3.852 -3.831 -3.808 -3.782 -3.753 -3.721 -3.687 -3.649 
-3.608 -3.565 -3.518 -3.467 -3.413 -3.356 -3.296 -3.231 -3.163 -3.090 
-3.013 -2.931 -2.845 -2.757 -2.670 -2.589 -2.521 -2.475 -2.455 -2.459 
-2.481 -2.516 -2.555 -2.594 -2.629 -2.658 -2.680 -2.694 -2.699 -2.696 
-2.683 -2.660 -2.626 -2.578 -2.516 -2.436 -2.336 -2.213 -2.076 -1.952 
-1.835 -1.696 -1.594 -1.618 -1.772 -2.016 -2.255 -2.459 -2.631 -2.778 
-2.887 
-2.837 -2.925 -3.036 -3.135 -3.224 -3.304 -3.377 -3.444 -3.505 -3.561 
-3.612 -3.658 -3.701 -3.740 -3.776 -3.808 -3.837 -3.863 -3.886 -3.907 
-3.925 -3.940 -3.953 -3.963 -3.971 -3.976 -3.979 -3.980 -3.978 -3.974 
-3.967 -3.958 -3.947 -3.933 -3.917 -3.898 -3.876 -3.852 -3.825 -3.796 
-3.763 -3.727 -3.688 -3.646 -3.600 -3.550 -3.497 -3.440 -3.378 -3.313 
-3.243 -3.170 -3.093 -3.015 -2.936 -2.860 -2.791 -2.734 -2.693 -2.667 
-2.656 -2.655 -2.661 -2.672 -2.682 -2.691 -2.695 -2.693 -2.685 -2.669 
-2.645 -2.611 -2.568 -2.513 -2.447 -2.368 -2.279 -2.186 -2.103 -2.037 
-1.963 -1.837 -1.669 -1.549 -1.575 -1.770 -2.034 -2.278 -2.482 -2.653 
-2.784 
-2.782 -2.893 -2.984 -3.067 -3.142 -3.212 -3.276 -3.336 -3.391 -3.442 
-3.489 -3.532 -3.573 -3.610 -3.644 -3.676 -3.705 -3.731 -3.755 -3.776 
-3.795 -3.812 -3.827 -3.839 -3.849 -3.858 -3.864 -3.868 -3.870 -3.870 
-3.868 -3.864 -3.858 -3.849 -3.839 -3.827 -3.813 -3.796 -3.778 -3.757 
-3.734 -3.709 -3.682 -3.652 -3.620 -3.586 -3.549 -3.509 -3.467 -3.422 
-3.375 -3.325 -3.272 -3.217 -3.160 -3.102 -3.043 -2.984 -2.926 -2.871 
-2.818 -2.767 -2.717 -2.668 -2.620 -2.571 -2.521 -2.469 -2.415 -2.356 
-2.292 -2.223 -2.146 -2.061 -1.966 -1.863 -1.757 -1.663 -1.605 -1.608 
-1.670 -1.761 -1.830 -1.850 -1.910 -2.069 -2.247 -2.410 -2.554 -2.680 
-2.759 
-2.583 -2.667 -2.783 -2.888 -2.983 -3.069 -3.149 -3.221 -3.288 -3.349 
-3.405 -3.457 -3.505 -3.549 -3.589 -3.626 -3.660 -3.691 -3.719 -3.744 
-3.767 -3.787 -3.804 -3.819 -3.831 -3.842 -3.850 -3.855 -3.858 -3.859 
-3.858 -3.855 -3.849 -3.842 -3.831 -3.819 -3.804 -3.788 -3.768 -3.747 
-3.722 -3.696 -3.667 -3.635 -3.600 -3.563 -3.523 -3.480 -3.434 -3.385 
-3.333 -3.278 -3.220 -3.159 -3.095 -3.028 -2.960 -2.891 -2.821 -2.752 
-2.685 -2.621 -2.563 -2.511 -2.467 -2.434 -2.411 -2.398 -2.390 -2.383 
-2.373 -2.357 -2.333 -2.299 -2.254 -2.198 -2.129 -2.055 -1.987 -1.935 
-1.887 -1.819 -1.732 -1.658 -1.645 -1.727 -1.879 -2.058 -2.233 -2.394 
-2.530 
-2.545 -2.673 -2.801 -2.918 -3.024 -3.122 -3.211 -3.293 -3.367 -3.436 
-3.500 -3.558 -3.612 -3.661 -3.707 -3.748 -3.787 -3.822 -3.854 -3.882 
-3.908 -3.932 -3.952 -3.970 -3.985 -3.998 -4.000 -4.000 -4.000 -4.000 
-4.000 -4.000 -4.000 -4.000 -4.000 -3.997 -3.984 -3.969 -3.951 -3.931 
-3.908 -3.882 -3.853 -3.822 -3.788 -3.751 -3.710 -3.667 -3.619 -3.568 
-3.514 -3.455 -3.392 -3.324 -3.251 -3.174 -3.091 -3.003 -2.909 -2.810 
-2.706 -2.599 -2.493 -2.393 -2.306 -2.240 -2.202 -2.194 -2.210 -2.241 
-2.275 -2.306 -2.329 -2.342 -2.344 -2.333 -2.308 -2.268 -2.212 -2.136 
-2.039 -1.920 -1.788 -1.672 -1.627 -1.695 -1.852 -2.041 -2.221 -2.384 
-2.500 
-2.351 -2.454 -2.578 -2.701 -2.818 -2.927 -3.029 -3.123 -3.209 -3.289 
-3.363 -3.432 -3.495 -3.553 -3.607 -3.657 -3.703 -3.745 -3.784 -3.819 
-3.852 -3.881 -3.908 -3.931 -3.952 -3.971 -3.987 -4.000 -4.000 -4.000 
-4.000 -4.000 -4.000 -4.000 -4.000 -4.000 -4.000 -4.000 -3.989 -3.973 
-3.955 -3.935 -3.911 -3.885 -3.856 -3.825 -3.790 -3.751 -3.710 -3.664 
-3.615 -3.562 -3.504 -3.442 -3.374 -3.301 -3.221 -3.136 -3.042 -2.941 
-2.832 -2.715 -2.592 -2.465 -2.342 -2.234 -2.158 -2.123 -2.131 -2.167 
-2.217 -2.269 -2.318 -2.359 -2.391 -2.413 -2.424 -2.423 -2.410 -2.384 
-2.343 -2.285 -2.211 -2.128 -2.070 -2.068 -2.093 -2.121 -2.164 -2.237 
-2.316 
-2.194 -2.280 -2.397 -2.512 -2.622 -2.725 -2.822 -2.912 -2.995 -3.073 
-3.145 -3.212 -3.275 -3.332 -3.386 -3.435 -3.481 -3.524 -3.563 -3.599 
-3.632 -3.662 -3.689 -3.714 -3.736 -3.755 -3.772 -3.787 -3.799 -3.809 
-3.816 -3.821 -3.824 -3.825 -3.823 -3.819 -3.813 -3.805 -3.794 -3.781 
-3.766 -3.748 -3.727 -3.704 -3.679 -3.651 -3.620 -3.586 -3.549 -3.509 
-3.465 -3.419 -3.368 -3.314 -3.255 -3.193 -3.125 -3.053 -2.976 -2.893 
-2.805 -2.712 -2.613 -2.511 -2.407 -2.307 -2.218 -2.148 -2.099 -2.070 
-2.061 -2.065 -2.080 -2.099 -2.117 -2.132 -2.141 -2.143 -2.135 -2.118 
-2.090 -2.051 -2.002 -1.942 -1.877 -1.828 -1.828 -1.880 -1.959 -2.055 
-2.156 
-2.234 -2.352 -2.494 -2.623 -2.740 -2.847 -2.944 -3.033 -3.116 -3.191 
-3.261 -3.326 -3.386 -3.441 -3.493 -3.540 -3.584 -3.624 -3.661 -3.695 
-3.727 -3.755 -3.781 -3.804 -3.824 -3.842 -3.858 -3.871 -3.882 -3.891 
-3.898 -3.902 -3.904 -3.904 -3.902 -3.897 -3.890 -3.881 -3.870 -3.857 
-3.841 -3.823 -3.803 -3.780 -3.755 -3.728 -3.697 -3.664 -3.629 -3.590 
-3.548 -3.504 -3.456 -3.405 -3.350 -3.291 -3.229 -3.163 -3.092 -3.017 
-2.938 -2.855 -2.768 -2.677 -2.585 -2.494 -2.407 -2.328 -2.262 -2.211 
-2.177 -2.157 -2.148 -2.143 -2.140 -2.132 -2.119 -2.096 -2.063 -2.016 
-1.954 -1.875 -1.779 -1.668 -1.560 -1.496 -1.524 -1.650 -1.830 -2.018 
-2.170 
-2.310 -2.437 -2.558 -2.670 -2.772 -2.865 -2.951 -3.030 -3.103 -3.170 
-3.232 -3.289 -3.343 -3.392 -3.438 -3.480 -3.519 -3.555 -3.588 -3.618 
-3.646 -3.671 -3.694 -3.714 -3.732 -3.747 -3.761 -3.772 -3.781 -3.787 
-3.792 -3.795 -3.796 -3.794 -3.791 -3.785 -3.778 -3.768 -3.756 -3.743 
-3.727 -3.709 -3.689 -3.667 -3.643 -3.616 -3.588 -3.557 -3.524 -3.488 
-3.450 -3.410 -3.368 -3.323 -3.275 -3.226 -3.173 -3.119 -3.062 -3.003 
-2.943 -2.882 -2.822 -2.763 -2.708 -2.657 -2.610 -2.566 -2.524 -2.486 
-2.451 -2.419 -2.389 -2.358 -2.325 -2.288 -2.245 -2.197 -2.142 -2.081 
-2.014 -1.946 -1.882 -1.829 -1.795 -1.792 -1.843 -1.946 -2.065 -2.186 
-2.278 
-2.171 -2.300 -2.457 -2.609 -2.749 -2.876 -2.989 -3.091 -3.184 -3.268 
-3.344 -3.414 -3.478 -3.537 -3.591 -3.640 -3.686 -3.727 -3.765 -3.800 
-3.831 -3.859 -3.885 -3.907 -3.927 -3.945 -3.960 -3.972 -3.982 -3.989 
-3.994 -3.997 -3.998 -3.996 -3.992 -3.986 -3.977 -3.966 -3.952 -3.936 
-3.918 -3.897 -3.874 -3.848 -3.819 -3.788 -3.753 -3.716 -3.675 -3.631 
-3.584 -3.533 -3.478 -3.419 -3.356 -3.289 -3.217 -3.141 -3.061 -2.979 
-2.897 -2.818 -2.747 -2.689 -2.649 -2.629 -2.626 -2.635 -2.651 -2.669 
-2.684 -2.695 -2.700 -2.699 -2.691 -2.675 -2.652 -2.621 -2.581 -2.533 
-2.476 -2.411 -2.339 -2.263 -2.180 -2.083 -1.978 -1.926 -1.961 -2.039 
-2.133 
-2.081 -2.215 -2.392 -2.548 -2.685 -2.807 -2.916 -3.015 -3.104 -3.185 
-3.259 -3.327 -3.390 -3.447 -3.500 -3.548 -3.593 -3.634 -3.671 -3.705 
-3.737 -3.765 -3.790 -3.813 -3.833 -3.851 -3.866 -3.879 -3.889 -3.897 
-3.903 -3.907 -3.908 -3.907 -3.904 -3.899 -3.892 -3.882 -3.871 -3.857 
-3.840 -3.822 -3.801 -3.778 -3.753 -3.725 -3.695 -3.663 -3.628 -3.591 
-3.551 -3.508 -3.463 -3.416 -3.366 -3.314 -3.259 -3.202 -3.144 -3.084 
-3.023 -2.963 -2.905 -2.851 -2.803 -2.763 -2.729 -2.702 -2.681 -2.664 
-2.650 -2.637 -2.624 -2.609 -2.590 -2.565 -2.534 -2.496 -2.447 -2.388 
-2.314 -2.224 -2.113 -1.977 -1.814 -1.635 -1.493 -1.470 -1.593 -1.797 
-1.995 
-2.215 -2.391 -2.568 -2.721 -2.857 -2.978 -3.086 -3.184 -3.273 -3.354 
-3.429 -3.497 -3.560 -3.618 -3.671 -3.720 -3.765 -3.807 -3.845 -3.880 
-3.912 -3.941 -3.967 -3.990 -4.000 -4.000 -4.000 -4.000 -4.000 -4.000 
-4.000 -4.000 -4.000 -4.000 -4.000 -4.000 -4.000 -4.000 -4.000 -4.000 
-4.000 -3.999 -3.977 -3.953 -3.926 -3.896 -3.864 -3.829 -3.791 -3.750 
-3.706 -3.659 -3.608 -3.553 -3.495 -3.433 -3.366 -3.295 -3.220 -3.140 
-3.055 -2.965 -2.872 -2.778 -2.686 -2.604 -2.541 -2.499 -2.475 -2.465 
-2.463 -2.468 -2.474 -2.480 -2.481 -2.477 -2.464 -2.441 -2.407 -2.359 
-2.294 -2.211 -2.104 -1.970 -1.810 -1.647 -1.541 -1.563 -1.726 -1.959 
-2.150 
-2.314 -2.479 -2.672 -2.838 -2.984 -3.112 -3.226 -3.328 -3.420 -3.504 
-3.581 -3.650 -3.715 -3.773 -3.827 -3.877 -3.922 -3.964 -4.000 -4.000 
-4.000 -4.000 -4.000 -4.000 -4.000 -4.000 -4.000 -4.000 -4.000 -4.000 
-4.000 -4.000 -4.000 -4.000 -4.000 -4.000 -4.000 -4.000 -4.000 -4.000 
-4.000 -4.000 -4.000 -4.000 -4.000 -3.998 -3.960 -3.919 -3.875 -3.826 
-3.773 -3.717 -3.655 -3.589 -3.518 -3.441 -3.359 -3.270 -3.175 -3.074 
-2.966 -2.851 -2.731 -2.611 -2.499 -2.413 -2.368 -2.370 -2.405 -2.459 
-2.516 -2.568 -2.612 -2.645 -2.668 -2.680 -2.680 -2.668 -2.644 -2.605 
-2.550 -2.476 -2.381 -2.259 -2.108 -1.934 -1.782 -1.732 -1.822 -2.020 
-2.226 
-2.410 -2.569 -2.742 -2.892 -3.024 -3.141 -3.245 -3.338 -3.423 -3.500 
-3.570 -3.634 -3.693 -3.747 -3.796 -3.840 -3.881 -3.919 -3.953 -3.983 
-4.000 -4.000 -4.000 -4.000 -4.000 -4.000 -4.000 -4.000 -4.000 -4.000 
-4.000 -4.000 -4.000 -4.000 -4.000 -4.000 -4.000 -4.000 -4.000 -4.000 
-4.000 -3.982 -3.952 -3.919 -3.883 -3.844 -3.801 -3.755 -3.706 -3.652 
-3.595 -3.534 -3.469 -3.400 -3.327 -3.251 -3.172 -3.092 -3.012 -2.935 
-2.863 -2.799 -2.744 -2.698 -2.660 -2.634 -2.627 -2.643 -2.675 -2.712 
-2.746 -2.774 -2.793 -2.803 -2.803 -2.794 -2.775 -2.744 -2.701 -2.644 
-2.571 -2.479 -2.364 -2.223 -2.056 -1.889 -1.780 -1.786 -1.923 -2.143 
-2.315 
