IRGRID 64 91
1e+308

0.025 0.03 0.035 0.04 0.045 0.05 0.055 0.06 0.065 0.07
0.075 0.08 0.085 0.09 0.095 0.1 0.11 0.12 0.13 0.14
0.15 0.16 0.17 0.18 0.19 0.2 0.21 0.22 0.23 0.24
0.25 0.26 0.27 0.28 0.29 0.3 0.31 0.32 0.33 0.34
0.35 0.36 0.37 0.38 0.39 0.4 0.41 0.42 0.43 0.44
0.45 0.46 0.47 0.48 0.49 0.5 0.51 0.52 0.53 0.54
0.55 0.56 0.57 0.58
0 4 8 12 16 20 24 28 32 36
40 44 48 52 56 60 64 68 72 76
80 84 88 92 96 100 104 108 112 116
120 124 128 132 136 140 144 148 152 156
160 164 168 172 176 180 184 188 192 196
200 204 208 212 216 220 224 228 232 236
240 244 248 252 256 260 264 268 272 276
280 284 288 292 296 300 304 308 312 316
320 324 328 332 336 340 344 348 352 356
360
-3.483 -3.586 -3.612 -3.634 -3.654 -3.670 -3.684 -3.694 -3.702 -3.707 
-3.710 -3.709 -3.706 -3.701 -3.693 -3.682 -3.669 -3.654 -3.636 -3.616 
-3.594 -3.570 -3.544 -3.517 -3.488 -3.459 -3.429 -3.400 -3.371 -3.344 
-3.318 -3.294 -3.273 -3.254 -3.236 -3.219 -3.201 -3.181 -3.157 -3.128 
-3.093 -3.051 -3.002 -2.947 -2.890 -2.834 -2.786 -2.751 -2.733 -2.733 
-2.749 -2.775 -2.806 -2.839 -2.869 -2.896 -2.917 -2.933 -2.942 -2.947 
-2.945 -2.938 -2.927 -2.911 -2.892 -2.870 -2.845 -2.820 -2.795 -2.771 
-2.750 -2.733 -2.723 -2.724 -2.737 -2.764 -2.806 -2.860 -2.921 -2.988 
-3.055 -3.122 -3.185 -3.246 -3.302 -3.355 -3.403 -3.447 -3.487 -3.524 
-3.472 
-3.134 -3.136 -3.152 -3.166 -3.177 -3.186 -3.191 -3.195 -3.196 -3.194 
-3.190 -3.184 -3.175 -3.163 -3.150 -3.134 -3.116 -3.096 -3.073 -3.049 
-3.023 -2.995 -2.965 -2.934 -2.903 -2.870 -2.838 -2.807 -2.776 -2.747 
-2.721 -2.696 -2.674 -2.654 -2.635 -2.616 -2.596 -2.575 -2.552 -2.530 
-2.512 -2.503 -2.506 -2.519 -2.539 -2.563 -2.585 -2.606 -2.625 -2.643 
-2.658 -2.670 -2.679 -2.684 -2.685 -2.682 -2.674 -2.661 -2.645 -2.625 
-2.600 -2.572 -2.541 -2.506 -2.467 -2.425 -2.379 -2.327 -2.269 -2.206 
-2.145 -2.110 -2.129 -2.199 -2.293 -2.387 -2.473 -2.551 -2.622 -2.686 
-2.746 -2.800 -2.850 -2.895 -2.937 -2.975 -3.010 -3.041 -3.069 -3.095 
-3.127 
-2.636 -2.739 -2.773 -2.805 -2.834 -2.861 -2.885 -2.907 -2.926 -2.942 
-2.955 -2.966 -2.973 -2.978 -2.980 -2.979 -2.975 -2.969 -2.959 -2.947 
-2.931 -2.913 -2.891 -2.867 -2.839 -2.808 -2.773 -2.736 -2.695 -2.650 
-2.601 -2.548 -2.490 -2.427 -2.360 -2.288 -2.211 -2.133 -2.055 -1.982 
-1.918 -1.864 -1.817 -1.767 -1.706 -1.633 -1.573 -1.566 -1.625 -1.722 
-1.827 -1.922 -2.003 -2.069 -2.122 -2.162 -2.192 -2.212 -2.223 -2.224 
-2.217 -2.200 -2.174 -2.137 -2.089 -2.029 -1.956 -1.868 -1.767 -1.660 
-1.567 -1.516 -1.533 -1.616 -1.738 -1.868 -1.988 -2.090 -2.175 -2.245 
-2.303 -2.352 -2.395 -2.436 -2.474 -2.513 -2.551 -2.590 -2.628 -2.666 
-2.631 
-2.124 -2.124 -2.155 -2.183 -2.210 -2.233 -2.254 -2.272 -2.288 -2.301 
-2.311 -2.320 -2.326 -2.332 -2.336 -2.339 -2.342 -2.343 -2.344 -2.344 
-2.343 -2.340 -2.336 -2.330 -2.322 -2.311 -2.298 -2.281 -2.261 -2.237 
-2.210 -2.178 -2.141 -2.099 -2.051 -1.997 -1.937 -1.869 -1.794 -1.710 
-1.617 -1.512 -1.396 -1.266 -1.129 -1.001 -0.910 -0.886 -0.933 -1.025 
-1.127 -1.218 -1.291 -1.354 -1.417 -1.485 -1.555 -1.624 -1.689 -1.746 
-1.795 -1.837 -1.871 -1.897 -1.916 -1.927 -1.930 -1.924 -1.908 -1.883 
-1.851 -1.828 -1.829 -1.850 -1.873 -1.888 -1.893 -1.893 -1.889 -1.885 
-1.883 -1.885 -1.891 -1.902 -1.919 -1.940 -1.966 -1.995 -2.027 -2.059 
-2.108 
-2.058 -2.068 -2.057 -2.045 -2.029 -2.013 -1.994 -1.974 -1.953 -1.931 
-1.909 -1.886 -1.863 -1.841 -1.818 -1.797 -1.777 -1.760 -1.747 -1.739 
-1.738 -1.744 -1.756 -1.772 -1.791 -1.810 -1.828 -1.844 -1.858 -1.869 
-1.876 -1.879 -1.879 -1.875 -1.866 -1.853 -1.836 -1.813 -1.785 -1.750 
-1.708 -1.659 -1.599 -1.529 -1.449 -1.361 -1.282 -1.227 -1.194 -1.162 
-1.117 -1.069 -1.030 -1.015 -1.030 -1.073 -1.134 -1.196 -1.245 -1.264 
-1.232 -1.127 -0.939 -0.759 -0.820 -1.057 -1.280 -1.451 -1.582 -1.683 
-1.763 -1.826 -1.878 -1.920 -1.955 -1.982 -2.004 -2.022 -2.036 -2.047 
-2.056 -2.063 -2.069 -2.075 -2.079 -2.083 -2.086 -2.086 -2.085 -2.082 
-2.063 
-1.806 -1.823 -1.817 -1.807 -1.794 -1.777 -1.756 -1.732 -1.705 -1.673 
-1.638 -1.600 -1.559 -1.515 -1.470 -1.426 -1.383 -1.346 -1.316 -1.296 
-1.289 -1.294 -1.310 -1.336 -1.367 -1.401 -1.435 -1.466 -1.494 -1.517 
-1.534 -1.546 -1.551 -1.551 -1.546 -1.535 -1.519 -1.500 -1.477 -1.451 
-1.423 -1.393 -1.362 -1.330 -1.298 -1.265 -1.231 -1.196 -1.160 -1.121 
-1.079 -1.035 -0.990 -0.945 -0.898 -0.845 -0.782 -0.703 -0.606 -0.486 
-0.340 -0.164 0.026 0.154 0.120 -0.051 -0.265 -0.464 -0.638 -0.789 
-0.921 -1.037 -1.139 -1.229 -1.310 -1.383 -1.448 -1.506 -1.558 -1.604 
-1.645 -1.682 -1.714 -1.741 -1.765 -1.784 -1.800 -1.811 -1.820 -1.824 
-1.809 
-1.023 -1.072 -1.061 -1.074 -1.110 -1.164 -1.225 -1.285 -1.339 -1.384 
-1.420 -1.447 -1.465 -1.477 -1.481 -1.480 -1.475 -1.466 -1.456 -1.445 
-1.435 -1.424 -1.414 -1.403 -1.390 -1.375 -1.356 -1.333 -1.307 -1.278 
-1.246 -1.211 -1.174 -1.134 -1.093 -1.051 -1.007 -0.963 -0.919 -0.875 
-0.832 -0.790 -0.749 -0.710 -0.673 -0.638 -0.603 -0.570 -0.537 -0.503 
-0.468 -0.431 -0.390 -0.344 -0.291 -0.231 -0.161 -0.080 0.017 0.132 
0.271 0.459 0.922 0.771 0.577 0.441 0.275 0.100 -0.065 -0.214 
-0.348 -0.467 -0.574 -0.669 -0.754 -0.831 -0.900 -0.961 -1.015 -1.063 
-1.103 -1.137 -1.164 -1.184 -1.196 -1.200 -1.195 -1.181 -1.159 -1.130 
-1.021 
-0.514 -0.442 -0.423 -0.434 -0.478 -0.548 -0.635 -0.730 -0.825 -0.916 
-1.001 -1.079 -1.150 -1.214 -1.271 -1.322 -1.368 -1.408 -1.442 -1.472 
-1.497 -1.518 -1.535 -1.547 -1.556 -1.561 -1.562 -1.560 -1.554 -1.546 
-1.533 -1.518 -1.500 -1.479 -1.455 -1.429 -1.400 -1.369 -1.337 -1.303 
-1.267 -1.230 -1.192 -1.154 -1.114 -1.074 -1.032 -0.988 -0.942 -0.893 
-0.840 -0.783 -0.720 -0.650 -0.572 -0.486 -0.387 -0.272 -0.133 0.051 
0.334 0.951 1.409 1.221 0.735 0.312 0.075 -0.100 -0.240 -0.357 
-0.454 -0.537 -0.608 -0.668 -0.719 -0.761 -0.795 -0.821 -0.840 -0.851 
-0.854 -0.850 -0.838 -0.818 -0.790 -0.753 -0.708 -0.656 -0.599 -0.539 
-0.539 
-0.921 -0.957 -0.956 -0.972 -1.008 -1.057 -1.112 -1.166 -1.215 -1.258 
-1.295 -1.326 -1.352 -1.373 -1.391 -1.405 -1.416 -1.424 -1.429 -1.432 
-1.433 -1.431 -1.428 -1.423 -1.416 -1.406 -1.395 -1.383 -1.368 -1.352 
-1.333 -1.313 -1.291 -1.268 -1.242 -1.214 -1.185 -1.153 -1.120 -1.084 
-1.046 -1.007 -0.964 -0.920 -0.873 -0.823 -0.771 -0.716 -0.657 -0.596 
-0.532 -0.464 -0.393 -0.318 -0.241 -0.161 -0.079 0.002 0.082 0.159 
0.241 0.372 0.865 0.668 0.441 0.286 0.138 0.016 -0.087 -0.178 
-0.261 -0.338 -0.410 -0.477 -0.540 -0.599 -0.654 -0.706 -0.754 -0.798 
-0.839 -0.876 -0.909 -0.937 -0.960 -0.978 -0.990 -0.994 -0.991 -0.981 
-0.916 
-1.454 -1.491 -1.507 -1.518 -1.523 -1.521 -1.513 -1.500 -1.487 -1.480 
-1.487 -1.511 -1.546 -1.585 -1.623 -1.657 -1.686 -1.709 -1.727 -1.740 
-1.750 -1.757 -1.760 -1.761 -1.759 -1.755 -1.749 -1.741 -1.730 -1.718 
-1.703 -1.686 -1.668 -1.647 -1.625 -1.600 -1.574 -1.545 -1.514 -1.481 
-1.446 -1.408 -1.368 -1.325 -1.280 -1.232 -1.181 -1.126 -1.069 -1.007 
-0.942 -0.872 -0.797 -0.717 -0.631 -0.537 -0.434 -0.319 -0.181 0.026 
0.526 0.323 0.506 0.710 0.773 0.633 0.396 0.166 -0.025 -0.182 
-0.315 -0.430 -0.531 -0.622 -0.705 -0.782 -0.852 -0.918 -0.979 -1.036 
-1.090 -1.141 -1.189 -1.234 -1.277 -1.316 -1.353 -1.387 -1.418 -1.446 
-1.445 
-1.522 -1.491 -1.445 -1.391 -1.329 -1.261 -1.190 -1.122 -1.066 -1.033 
-1.031 -1.061 -1.119 -1.194 -1.276 -1.357 -1.433 -1.502 -1.564 -1.617 
-1.664 -1.703 -1.737 -1.764 -1.787 -1.806 -1.821 -1.832 -1.840 -1.845 
-1.848 -1.848 -1.846 -1.841 -1.835 -1.826 -1.815 -1.802 -1.787 -1.769 
-1.748 -1.725 -1.698 -1.669 -1.636 -1.599 -1.558 -1.512 -1.462 -1.405 
-1.342 -1.271 -1.190 -1.098 -0.991 -0.862 -0.702 -0.486 -0.138 0.547 
0.986 0.593 0.145 0.144 0.150 -0.041 -0.283 -0.490 -0.660 -0.802 
-0.921 -1.024 -1.114 -1.193 -1.262 -1.324 -1.379 -1.427 -1.469 -1.505 
-1.536 -1.562 -1.582 -1.596 -1.605 -1.609 -1.606 -1.597 -1.582 -1.559 
-1.539 
-1.467 -1.485 -1.487 -1.485 -1.479 -1.468 -1.453 -1.435 -1.417 -1.405 
-1.405 -1.418 -1.440 -1.464 -1.485 -1.502 -1.514 -1.521 -1.525 -1.525 
-1.523 -1.519 -1.514 -1.508 -1.500 -1.493 -1.484 -1.476 -1.467 -1.458 
-1.448 -1.439 -1.428 -1.418 -1.407 -1.395 -1.383 -1.369 -1.355 -1.339 
-1.321 -1.301 -1.280 -1.256 -1.229 -1.200 -1.167 -1.131 -1.090 -1.044 
-0.994 -0.937 -0.873 -0.800 -0.717 -0.622 -0.511 -0.378 -0.213 0.028 
0.542 0.338 0.340 0.294 0.172 0.002 -0.175 -0.337 -0.480 -0.604 
-0.712 -0.807 -0.892 -0.967 -1.033 -1.093 -1.146 -1.194 -1.236 -1.274 
-1.308 -1.338 -1.365 -1.388 -1.408 -1.426 -1.441 -1.454 -1.465 -1.474 
-1.463 
-1.258 -1.260 -1.272 -1.287 -1.304 -1.323 -1.345 -1.370 -1.396 -1.425 
-1.455 -1.485 -1.516 -1.546 -1.574 -1.601 -1.626 -1.648 -1.669 -1.687 
-1.703 -1.717 -1.729 -1.739 -1.746 -1.752 -1.756 -1.758 -1.758 -1.757 
-1.754 -1.749 -1.742 -1.734 -1.724 -1.712 -1.698 -1.681 -1.663 -1.642 
-1.618 -1.592 -1.562 -1.530 -1.493 -1.453 -1.408 -1.359 -1.304 -1.243 
-1.175 -1.098 -1.013 -0.916 -0.805 -0.677 -0.525 -0.341 -0.112 0.186 
0.638 0.689 0.456 0.232 0.004 -0.196 -0.362 -0.501 -0.616 -0.714 
-0.796 -0.866 -0.926 -0.977 -1.021 -1.059 -1.090 -1.116 -1.138 -1.157 
-1.171 -1.183 -1.193 -1.201 -1.208 -1.213 -1.219 -1.225 -1.232 -1.240 
-1.252 
-1.204 -1.177 -1.161 -1.148 -1.139 -1.137 -1.141 -1.154 -1.174 -1.201 
-1.234 -1.271 -1.312 -1.354 -1.397 -1.440 -1.481 -1.521 -1.559 -1.595 
-1.628 -1.659 -1.687 -1.713 -1.736 -1.756 -1.774 -1.788 -1.801 -1.810 
-1.817 -1.821 -1.823 -1.822 -1.817 -1.811 -1.801 -1.788 -1.772 -1.753 
-1.731 -1.705 -1.676 -1.643 -1.605 -1.563 -1.516 -1.464 -1.405 -1.340 
-1.267 -1.185 -1.092 -0.986 -0.862 -0.717 -0.539 -0.312 0.008 0.585 
1.049 1.027 0.671 0.210 -0.134 -0.369 -0.544 -0.681 -0.793 -0.886 
-0.964 -1.030 -1.086 -1.134 -1.173 -1.206 -1.234 -1.255 -1.272 -1.284 
-1.291 -1.295 -1.295 -1.291 -1.284 -1.275 -1.262 -1.248 -1.231 -1.213 
-1.214 
-1.438 -1.442 -1.435 -1.429 -1.426 -1.425 -1.429 -1.436 -1.448 -1.463 
-1.482 -1.504 -1.527 -1.553 -1.579 -1.606 -1.633 -1.659 -1.684 -1.709 
-1.733 -1.755 -1.776 -1.795 -1.812 -1.827 -1.841 -1.853 -1.863 -1.871 
-1.876 -1.880 -1.881 -1.881 -1.878 -1.872 -1.864 -1.854 -1.841 -1.825 
-1.807 -1.785 -1.760 -1.732 -1.700 -1.665 -1.625 -1.580 -1.531 -1.475 
-1.413 -1.344 -1.266 -1.178 -1.077 -0.959 -0.820 -0.650 -0.430 -0.113 
0.488 0.644 0.737 0.566 0.264 -0.056 -0.330 -0.538 -0.699 -0.829 
-0.936 -1.026 -1.103 -1.168 -1.225 -1.273 -1.314 -1.350 -1.379 -1.404 
-1.424 -1.440 -1.453 -1.461 -1.467 -1.469 -1.469 -1.466 -1.462 -1.456 
-1.438 
-1.619 -1.661 -1.674 -1.686 -1.697 -1.708 -1.718 -1.728 -1.737 -1.746 
-1.755 -1.764 -1.772 -1.780 -1.788 -1.796 -1.803 -1.810 -1.817 -1.823 
-1.829 -1.834 -1.839 -1.843 -1.846 -1.849 -1.851 -1.853 -1.853 -1.853 
-1.851 -1.849 -1.845 -1.840 -1.834 -1.826 -1.816 -1.805 -1.792 -1.776 
-1.759 -1.739 -1.716 -1.691 -1.663 -1.632 -1.597 -1.558 -1.515 -1.467 
-1.414 -1.355 -1.289 -1.214 -1.130 -1.035 -0.924 -0.794 -0.636 -0.440 
-0.182 0.153 0.434 0.433 0.459 0.290 0.003 -0.267 -0.478 -0.645 
-0.781 -0.895 -0.991 -1.073 -1.145 -1.208 -1.263 -1.312 -1.355 -1.394 
-1.429 -1.460 -1.488 -1.514 -1.537 -1.559 -1.579 -1.598 -1.615 -1.632 
-1.615 
-1.474 -1.475 -1.505 -1.535 -1.565 -1.595 -1.624 -1.653 -1.680 -1.707 
-1.733 -1.758 -1.783 -1.806 -1.828 -1.849 -1.869 -1.888 -1.905 -1.921 
-1.935 -1.948 -1.959 -1.968 -1.976 -1.982 -1.986 -1.989 -1.990 -1.989 
-1.986 -1.981 -1.973 -1.964 -1.953 -1.939 -1.923 -1.905 -1.884 -1.860 
-1.833 -1.804 -1.771 -1.735 -1.695 -1.651 -1.603 -1.550 -1.492 -1.428 
-1.357 -1.279 -1.192 -1.095 -0.985 -0.859 -0.713 -0.539 -0.326 -0.055 
0.286 0.615 0.689 0.451 0.229 -0.019 -0.252 -0.430 -0.568 -0.680 
-0.771 -0.848 -0.913 -0.968 -1.015 -1.056 -1.092 -1.124 -1.152 -1.177 
-1.201 -1.223 -1.245 -1.267 -1.289 -1.312 -1.337 -1.362 -1.389 -1.417 
-1.461 
-1.493 -1.539 -1.551 -1.562 -1.572 -1.582 -1.593 -1.604 -1.617 -1.631 
-1.646 -1.663 -1.682 -1.702 -1.723 -1.745 -1.768 -1.791 -1.814 -1.836 
-1.857 -1.877 -1.896 -1.913 -1.929 -1.942 -1.954 -1.964 -1.972 -1.977 
-1.980 -1.981 -1.980 -1.976 -1.969 -1.960 -1.949 -1.934 -1.917 -1.897 
-1.874 -1.847 -1.817 -1.784 -1.746 -1.705 -1.659 -1.607 -1.551 -1.489 
-1.419 -1.342 -1.256 -1.159 -1.050 -0.924 -0.777 -0.603 -0.389 -0.112 
0.288 0.667 0.729 0.374 -0.037 -0.303 -0.495 -0.644 -0.765 -0.864 
-0.948 -1.018 -1.079 -1.131 -1.176 -1.216 -1.250 -1.280 -1.307 -1.332 
-1.354 -1.375 -1.395 -1.414 -1.432 -1.450 -1.467 -1.483 -1.499 -1.513 
-1.494 
-1.328 -1.329 -1.366 -1.403 -1.439 -1.474 -1.508 -1.541 -1.572 -1.602 
-1.630 -1.658 -1.684 -1.708 -1.731 -1.753 -1.773 -1.791 -1.808 -1.823 
-1.836 -1.847 -1.856 -1.863 -1.868 -1.871 -1.872 -1.870 -1.867 -1.861 
-1.853 -1.843 -1.830 -1.815 -1.798 -1.778 -1.755 -1.730 -1.702 -1.672 
-1.638 -1.601 -1.561 -1.518 -1.470 -1.419 -1.364 -1.304 -1.239 -1.169 
-1.092 -1.009 -0.917 -0.816 -0.703 -0.576 -0.431 -0.265 -0.072 0.145 
0.358 0.537 0.551 0.370 0.232 0.105 -0.030 -0.166 -0.289 -0.397 
-0.489 -0.568 -0.635 -0.693 -0.744 -0.788 -0.826 -0.862 -0.894 -0.924 
-0.954 -0.983 -1.013 -1.043 -1.075 -1.108 -1.143 -1.179 -1.216 -1.253 
-1.311 
-1.564 -1.621 -1.657 -1.690 -1.721 -1.751 -1.779 -1.804 -1.828 -1.850 
-1.870 -1.887 -1.903 -1.917 -1.928 -1.938 -1.946 -1.952 -1.956 -1.958 
-1.957 -1.956 -1.952 -1.946 -1.938 -1.928 -1.917 -1.903 -1.887 -1.869 
-1.850 -1.828 -1.804 -1.777 -1.749 -1.718 -1.686 -1.650 -1.613 -1.572 
-1.530 -1.484 -1.436 -1.385 -1.332 -1.275 -1.214 -1.151 -1.084 -1.013 
-0.938 -0.858 -0.774 -0.683 -0.586 -0.481 -0.366 -0.237 -0.092 0.076 
0.263 0.427 0.493 0.511 0.521 0.479 0.371 0.221 0.061 -0.092 
-0.234 -0.362 -0.479 -0.585 -0.682 -0.771 -0.852 -0.927 -0.997 -1.062 
-1.122 -1.178 -1.232 -1.282 -1.331 -1.377 -1.422 -1.465 -1.506 -1.546 
-1.555 
-1.696 -1.727 -1.757 -1.784 -1.810 -1.833 -1.855 -1.875 -1.892 -1.908 
-1.922 -1.934 -1.945 -1.953 -1.960 -1.965 -1.968 -1.970 -1.970 -1.968 
-1.964 -1.958 -1.951 -1.941 -1.930 -1.918 -1.903 -1.886 -1.868 -1.847 
-1.825 -1.800 -1.774 -1.745 -1.714 -1.681 -1.645 -1.607 -1.567 -1.524 
-1.478 -1.429 -1.378 -1.323 -1.265 -1.203 -1.137 -1.067 -0.992 -0.911 
-0.825 -0.732 -0.632 -0.521 -0.400 -0.264 -0.112 0.062 0.259 0.473 
0.674 0.796 0.771 0.620 0.438 0.270 0.109 -0.046 -0.190 -0.320 
-0.438 -0.546 -0.646 -0.738 -0.825 -0.906 -0.982 -1.053 -1.121 -1.185 
-1.245 -1.303 -1.357 -1.408 -1.457 -1.503 -1.546 -1.587 -1.625 -1.661 
-1.686 
-1.686 -1.703 -1.736 -1.767 -1.795 -1.821 -1.845 -1.866 -1.886 -1.903 
-1.919 -1.932 -1.943 -1.953 -1.960 -1.966 -1.969 -1.971 -1.970 -1.968 
-1.964 -1.958 -1.950 -1.940 -1.927 -1.913 -1.897 -1.879 -1.858 -1.835 
-1.810 -1.783 -1.753 -1.721 -1.686 -1.649 -1.609 -1.566 -1.519 -1.470 
-1.417 -1.361 -1.300 -1.236 -1.166 -1.092 -1.012 -0.925 -0.831 -0.727 
-0.612 -0.479 -0.322 -0.119 0.142 0.292 0.286 0.387 0.553 0.715 
0.813 0.813 0.713 0.550 0.382 0.229 0.094 -0.027 -0.137 -0.237 
-0.329 -0.418 -0.506 -0.595 -0.684 -0.771 -0.856 -0.937 -1.015 -1.088 
-1.158 -1.223 -1.285 -1.344 -1.399 -1.451 -1.500 -1.546 -1.589 -1.630 
-1.673 
-1.799 -1.854 -1.895 -1.933 -1.967 -1.999 -2.028 -2.055 -2.079 -2.100 
-2.119 -2.136 -2.150 -2.162 -2.172 -2.180 -2.185 -2.188 -2.189 -2.188 
-2.185 -2.179 -2.171 -2.161 -2.149 -2.134 -2.117 -2.097 -2.076 -2.051 
-2.024 -1.994 -1.961 -1.926 -1.887 -1.845 -1.799 -1.750 -1.696 -1.638 
-1.576 -1.508 -1.434 -1.354 -1.266 -1.170 -1.064 -0.945 -0.810 -0.656 
-0.476 -0.257 0.017 0.357 0.669 0.783 0.641 0.420 0.274 0.235 
0.233 0.179 0.074 -0.035 -0.126 -0.192 -0.237 -0.265 -0.282 -0.296 
-0.314 -0.347 -0.398 -0.470 -0.558 -0.656 -0.759 -0.863 -0.963 -1.060 
-1.153 -1.240 -1.321 -1.398 -1.470 -1.537 -1.600 -1.658 -1.713 -1.763 
-1.786 
-1.756 -1.782 -1.826 -1.867 -1.905 -1.940 -1.972 -2.001 -2.028 -2.052 
-2.074 -2.094 -2.111 -2.125 -2.137 -2.148 -2.155 -2.161 -2.164 -2.165 
-2.164 -2.161 -2.155 -2.147 -2.137 -2.125 -2.110 -2.092 -2.073 -2.050 
-2.025 -1.998 -1.967 -1.934 -1.897 -1.857 -1.814 -1.767 -1.717 -1.662 
-1.602 -1.537 -1.467 -1.391 -1.308 -1.217 -1.118 -1.007 -0.884 -0.745 
-0.586 -0.401 -0.180 0.090 0.403 0.623 0.657 0.552 0.382 0.207 
0.055 -0.066 -0.161 -0.233 -0.287 -0.327 -0.355 -0.376 -0.391 -0.405 
-0.421 -0.444 -0.478 -0.523 -0.580 -0.648 -0.724 -0.806 -0.891 -0.977 
-1.063 -1.146 -1.226 -1.303 -1.377 -1.446 -1.511 -1.573 -1.630 -1.684 
-1.738 
-1.847 -1.881 -1.920 -1.956 -1.990 -2.021 -2.049 -2.075 -2.098 -2.119 
-2.138 -2.154 -2.168 -2.180 -2.190 -2.197 -2.203 -2.206 -2.207 -2.206 
-2.202 -2.197 -2.189 -2.179 -2.167 -2.152 -2.135 -2.116 -2.094 -2.070 
-2.043 -2.014 -1.981 -1.946 -1.907 -1.866 -1.821 -1.772 -1.719 -1.663 
-1.601 -1.535 -1.463 -1.386 -1.301 -1.209 -1.109 -0.999 -0.878 -0.745 
-0.597 -0.436 -0.263 -0.084 0.102 0.299 0.457 0.532 0.531 0.448 
0.328 0.216 0.124 0.047 -0.026 -0.101 -0.175 -0.246 -0.313 -0.378 
-0.443 -0.510 -0.582 -0.657 -0.736 -0.819 -0.903 -0.988 -1.072 -1.154 
-1.234 -1.310 -1.383 -1.453 -1.518 -1.580 -1.639 -1.694 -1.745 -1.794 
-1.832 
-2.032 -2.067 -2.097 -2.125 -2.149 -2.172 -2.192 -2.209 -2.224 -2.237 
-2.248 -2.256 -2.262 -2.266 -2.268 -2.268 -2.265 -2.261 -2.254 -2.244 
-2.233 -2.219 -2.203 -2.185 -2.164 -2.141 -2.115 -2.086 -2.055 -2.021 
-1.984 -1.944 -1.901 -1.854 -1.803 -1.749 -1.690 -1.627 -1.560 -1.487 
-1.408 -1.323 -1.230 -1.131 -1.022 -0.903 -0.774 -0.633 -0.481 -0.321 
-0.158 0.000 0.146 0.269 0.351 0.388 0.398 0.400 0.385 0.354 
0.329 0.315 0.303 0.274 0.213 0.116 -0.010 -0.152 -0.297 -0.437 
-0.569 -0.693 -0.810 -0.919 -1.022 -1.119 -1.211 -1.298 -1.380 -1.457 
-1.529 -1.596 -1.660 -1.719 -1.774 -1.826 -1.874 -1.919 -1.960 -1.999 
-2.022 
-2.086 -2.132 -2.161 -2.187 -2.211 -2.232 -2.251 -2.267 -2.281 -2.293 
-2.302 -2.309 -2.314 -2.316 -2.316 -2.314 -2.310 -2.304 -2.295 -2.284 
-2.270 -2.255 -2.236 -2.216 -2.193 -2.167 -2.138 -2.107 -2.073 -2.035 
-1.995 -1.951 -1.903 -1.852 -1.797 -1.737 -1.673 -1.603 -1.528 -1.447 
-1.359 -1.263 -1.159 -1.045 -0.921 -0.785 -0.637 -0.479 -0.316 -0.161 
-0.036 0.042 0.074 0.072 0.051 0.017 -0.024 -0.062 -0.088 -0.101 
-0.101 -0.092 -0.082 -0.083 -0.106 -0.158 -0.237 -0.339 -0.454 -0.572 
-0.687 -0.797 -0.902 -1.002 -1.098 -1.191 -1.281 -1.367 -1.448 -1.525 
-1.597 -1.665 -1.729 -1.788 -1.843 -1.895 -1.942 -1.987 -2.027 -2.065 
-2.078 
-1.959 -1.969 -2.005 -2.038 -2.068 -2.095 -2.120 -2.142 -2.162 -2.179 
-2.193 -2.206 -2.216 -2.223 -2.229 -2.232 -2.233 -2.231 -2.227 -2.221 
-2.213 -2.202 -2.189 -2.173 -2.155 -2.135 -2.112 -2.086 -2.057 -2.026 
-1.991 -1.953 -1.912 -1.868 -1.819 -1.767 -1.710 -1.649 -1.583 -1.511 
-1.434 -1.350 -1.258 -1.158 -1.049 -0.930 -0.800 -0.659 -0.508 -0.353 
-0.209 -0.096 -0.036 -0.035 -0.084 -0.156 -0.230 -0.296 -0.349 -0.389 
-0.418 -0.438 -0.452 -0.464 -0.479 -0.499 -0.524 -0.553 -0.582 -0.609 
-0.639 -0.676 -0.723 -0.781 -0.850 -0.928 -1.010 -1.095 -1.180 -1.263 
-1.343 -1.419 -1.492 -1.560 -1.624 -1.684 -1.741 -1.793 -1.842 -1.888 
-1.942 
-2.093 -2.136 -2.165 -2.191 -2.215 -2.237 -2.255 -2.272 -2.286 -2.298 
-2.307 -2.314 -2.319 -2.322 -2.322 -2.321 -2.317 -2.311 -2.302 -2.292 
-2.279 -2.264 -2.246 -2.227 -2.204 -2.179 -2.152 -2.122 -2.089 -2.053 
-2.015 -1.973 -1.928 -1.879 -1.827 -1.771 -1.711 -1.647 -1.578 -1.504 
-1.424 -1.339 -1.248 -1.150 -1.046 -0.934 -0.816 -0.692 -0.565 -0.442 
-0.335 -0.252 -0.197 -0.174 -0.175 -0.190 -0.209 -0.228 -0.245 -0.260 
-0.275 -0.292 -0.317 -0.352 -0.401 -0.463 -0.534 -0.610 -0.684 -0.754 
-0.817 -0.877 -0.940 -1.012 -1.093 -1.180 -1.269 -1.357 -1.441 -1.520 
-1.594 -1.664 -1.729 -1.789 -1.845 -1.897 -1.945 -1.990 -2.031 -2.069 
-2.085 
-2.108 -2.147 -2.183 -2.217 -2.247 -2.275 -2.300 -2.322 -2.341 -2.358 
-2.373 -2.385 -2.394 -2.401 -2.406 -2.409 -2.409 -2.407 -2.402 -2.396 
-2.386 -2.375 -2.361 -2.344 -2.325 -2.304 -2.279 -2.252 -2.222 -2.189 
-2.153 -2.114 -2.071 -2.024 -1.974 -1.919 -1.860 -1.795 -1.725 -1.650 
-1.567 -1.477 -1.379 -1.271 -1.152 -1.021 -0.879 -0.726 -0.575 -0.447 
-0.368 -0.351 -0.377 -0.417 -0.456 -0.491 -0.526 -0.561 -0.594 -0.624 
-0.648 -0.669 -0.688 -0.706 -0.723 -0.738 -0.747 -0.747 -0.739 -0.723 
-0.707 -0.701 -0.718 -0.766 -0.844 -0.942 -1.051 -1.161 -1.269 -1.372 
-1.467 -1.556 -1.638 -1.714 -1.784 -1.849 -1.909 -1.965 -2.016 -2.063 
-2.094 
-2.023 -2.042 -2.075 -2.106 -2.134 -2.159 -2.182 -2.203 -2.221 -2.237 
-2.251 -2.262 -2.272 -2.279 -2.284 -2.287 -2.288 -2.286 -2.283 -2.277 
-2.269 -2.259 -2.247 -2.232 -2.215 -2.196 -2.175 -2.150 -2.124 -2.094 
-2.062 -2.027 -1.989 -1.948 -1.904 -1.856 -1.804 -1.749 -1.689 -1.625 
-1.555 -1.481 -1.400 -1.314 -1.220 -1.119 -1.010 -0.893 -0.771 -0.651 
-0.545 -0.457 -0.380 -0.312 -0.261 -0.235 -0.236 -0.259 -0.294 -0.334 
-0.373 -0.408 -0.440 -0.468 -0.495 -0.521 -0.549 -0.582 -0.620 -0.663 
-0.712 -0.766 -0.829 -0.901 -0.981 -1.066 -1.153 -1.238 -1.320 -1.398 
-1.472 -1.541 -1.607 -1.669 -1.727 -1.782 -1.833 -1.881 -1.926 -1.967 
-2.009 
-2.082 -2.112 -2.142 -2.170 -2.195 -2.218 -2.238 -2.256 -2.272 -2.285 
-2.297 -2.306 -2.312 -2.317 -2.319 -2.320 -2.318 -2.314 -2.307 -2.299 
-2.288 -2.275 -2.260 -2.242 -2.222 -2.200 -2.175 -2.147 -2.116 -2.083 
-2.047 -2.008 -1.966 -1.920 -1.871 -1.818 -1.761 -1.700 -1.635 -1.565 
-1.489 -1.409 -1.323 -1.231 -1.134 -1.031 -0.925 -0.817 -0.712 -0.613 
-0.528 -0.460 -0.412 -0.386 -0.382 -0.397 -0.425 -0.457 -0.490 -0.520 
-0.544 -0.563 -0.578 -0.590 -0.602 -0.617 -0.638 -0.667 -0.707 -0.757 
-0.817 -0.885 -0.960 -1.040 -1.121 -1.203 -1.284 -1.362 -1.438 -1.511 
-1.579 -1.645 -1.706 -1.764 -1.819 -1.870 -1.918 -1.962 -2.004 -2.043 
-2.071 
-2.187 -2.214 -2.250 -2.283 -2.313 -2.341 -2.366 -2.388 -2.408 -2.425 
-2.441 -2.453 -2.464 -2.472 -2.478 -2.482 -2.484 -2.483 -2.480 -2.475 
-2.468 -2.458 -2.446 -2.432 -2.415 -2.396 -2.374 -2.350 -2.323 -2.293 
-2.261 -2.225 -2.187 -2.145 -2.099 -2.050 -1.997 -1.940 -1.878 -1.811 
-1.740 -1.662 -1.578 -1.488 -1.390 -1.285 -1.171 -1.048 -0.918 -0.780 
-0.637 -0.496 -0.372 -0.303 -0.312 -0.368 -0.442 -0.518 -0.586 -0.643 
-0.690 -0.725 -0.750 -0.768 -0.779 -0.786 -0.791 -0.797 -0.805 -0.821 
-0.846 -0.885 -0.940 -1.009 -1.090 -1.175 -1.264 -1.351 -1.437 -1.519 
-1.598 -1.673 -1.744 -1.811 -1.874 -1.933 -1.989 -2.041 -2.089 -2.134 
-2.172 
-2.330 -2.380 -2.419 -2.455 -2.488 -2.519 -2.546 -2.571 -2.593 -2.612 
-2.630 -2.644 -2.657 -2.667 -2.674 -2.680 -2.683 -2.684 -2.682 -2.679 
-2.673 -2.664 -2.654 -2.641 -2.625 -2.607 -2.587 -2.564 -2.538 -2.510 
-2.478 -2.444 -2.406 -2.366 -2.321 -2.273 -2.221 -2.165 -2.104 -2.037 
-1.966 -1.888 -1.803 -1.710 -1.608 -1.495 -1.369 -1.228 -1.069 -0.886 
-0.677 -0.453 -0.262 -0.176 -0.229 -0.358 -0.495 -0.610 -0.700 -0.768 
-0.818 -0.853 -0.873 -0.880 -0.876 -0.862 -0.839 -0.812 -0.784 -0.763 
-0.758 -0.779 -0.833 -0.918 -1.023 -1.139 -1.257 -1.372 -1.482 -1.584 
-1.680 -1.770 -1.853 -1.930 -2.002 -2.069 -2.131 -2.188 -2.242 -2.291 
-2.316 
-2.295 -2.326 -2.363 -2.397 -2.428 -2.456 -2.482 -2.505 -2.526 -2.544 
-2.560 -2.574 -2.585 -2.594 -2.601 -2.606 -2.608 -2.609 -2.607 -2.602 
-2.596 -2.588 -2.577 -2.564 -2.548 -2.530 -2.510 -2.487 -2.462 -2.434 
-2.404 -2.370 -2.334 -2.295 -2.252 -2.206 -2.157 -2.103 -2.046 -1.985 
-1.919 -1.848 -1.772 -1.691 -1.604 -1.512 -1.413 -1.309 -1.199 -1.084 
-0.962 -0.830 -0.697 -0.616 -0.623 -0.657 -0.685 -0.710 -0.733 -0.753 
-0.769 -0.780 -0.784 -0.782 -0.774 -0.763 -0.751 -0.743 -0.743 -0.757 
-0.789 -0.843 -0.916 -1.006 -1.106 -1.210 -1.313 -1.413 -1.508 -1.599 
-1.684 -1.764 -1.839 -1.910 -1.975 -2.037 -2.094 -2.147 -2.197 -2.243 
-2.281 
-2.274 -2.293 -2.326 -2.357 -2.385 -2.410 -2.433 -2.453 -2.471 -2.486 
-2.499 -2.510 -2.519 -2.525 -2.529 -2.531 -2.531 -2.528 -2.523 -2.516 
-2.507 -2.495 -2.481 -2.465 -2.446 -2.425 -2.401 -2.375 -2.345 -2.313 
-2.278 -2.240 -2.199 -2.154 -2.106 -2.054 -1.998 -1.938 -1.873 -1.804 
-1.730 -1.651 -1.567 -1.478 -1.385 -1.289 -1.192 -1.097 -1.009 -0.932 
-0.872 -0.832 -0.813 -0.813 -0.825 -0.846 -0.871 -0.898 -0.922 -0.943 
-0.959 -0.969 -0.974 -0.973 -0.968 -0.961 -0.953 -0.947 -0.947 -0.958 
-0.985 -1.029 -1.089 -1.160 -1.239 -1.321 -1.404 -1.487 -1.566 -1.644 
-1.717 -1.787 -1.854 -1.916 -1.975 -2.031 -2.082 -2.131 -2.176 -2.218 
-2.261 
-2.444 -2.478 -2.511 -2.541 -2.568 -2.593 -2.615 -2.634 -2.651 -2.665 
-2.677 -2.686 -2.693 -2.698 -2.700 -2.700 -2.698 -2.693 -2.686 -2.676 
-2.664 -2.650 -2.633 -2.613 -2.591 -2.566 -2.539 -2.509 -2.475 -2.439 
-2.399 -2.356 -2.309 -2.258 -2.204 -2.145 -2.082 -2.014 -1.942 -1.864 
-1.781 -1.694 -1.602 -1.508 -1.414 -1.322 -1.236 -1.160 -1.091 -1.016 
-0.911 -0.822 -0.893 -1.005 -1.084 -1.141 -1.182 -1.212 -1.232 -1.243 
-1.244 -1.236 -1.219 -1.193 -1.158 -1.116 -1.067 -1.017 -0.970 -0.936 
-0.923 -0.942 -1.002 -1.103 -1.224 -1.347 -1.465 -1.575 -1.677 -1.771 
-1.859 -1.939 -2.014 -2.083 -2.147 -2.206 -2.261 -2.312 -2.358 -2.402 
-2.432 
-2.709 -2.750 -2.788 -2.822 -2.854 -2.882 -2.907 -2.930 -2.950 -2.967 
-2.982 -2.994 -3.003 -3.010 -3.015 -3.017 -3.017 -3.014 -3.009 -3.002 
-2.992 -2.980 -2.965 -2.947 -2.927 -2.904 -2.879 -2.850 -2.819 -2.784 
-2.746 -2.704 -2.659 -2.609 -2.556 -2.498 -2.435 -2.367 -2.293 -2.212 
-2.124 -2.029 -1.924 -1.809 -1.682 -1.538 -1.373 -1.174 -0.934 -0.671 
-0.456 -0.348 -0.446 -0.661 -0.870 -1.029 -1.143 -1.225 -1.281 -1.316 
-1.331 -1.330 -1.312 -1.280 -1.238 -1.195 -1.158 -1.116 -1.055 -0.974 
-0.889 -0.839 -0.864 -0.976 -1.142 -1.321 -1.491 -1.646 -1.784 -1.907 
-2.018 -2.118 -2.209 -2.292 -2.368 -2.437 -2.501 -2.559 -2.613 -2.663 
-2.694 
-2.886 -2.946 -2.975 -3.002 -3.025 -3.046 -3.065 -3.081 -3.094 -3.105 
-3.114 -3.120 -3.124 -3.126 -3.126 -3.123 -3.118 -3.110 -3.101 -3.088 
-3.074 -3.057 -3.037 -3.015 -2.990 -2.963 -2.933 -2.899 -2.863 -2.823 
-2.780 -2.733 -2.682 -2.627 -2.567 -2.502 -2.432 -2.355 -2.272 -2.181 
-2.080 -1.969 -1.846 -1.706 -1.546 -1.361 -1.142 -0.885 -0.617 -0.424 
-0.389 -0.466 -0.620 -0.779 -0.901 -0.992 -1.058 -1.102 -1.126 -1.132 
-1.119 -1.090 -1.045 -0.991 -0.942 -0.922 -0.953 -1.034 -1.143 -1.243 
-1.312 -1.357 -1.428 -1.553 -1.704 -1.850 -1.982 -2.100 -2.204 -2.297 
-2.381 -2.457 -2.527 -2.591 -2.649 -2.703 -2.753 -2.798 -2.840 -2.879 
-2.879 
-2.700 -2.711 -2.738 -2.763 -2.785 -2.805 -2.822 -2.837 -2.850 -2.861 
-2.870 -2.876 -2.880 -2.882 -2.882 -2.880 -2.875 -2.869 -2.860 -2.849 
-2.836 -2.820 -2.802 -2.782 -2.759 -2.734 -2.706 -2.675 -2.642 -2.605 
-2.566 -2.523 -2.477 -2.427 -2.373 -2.316 -2.253 -2.186 -2.114 -2.035 
-1.951 -1.859 -1.759 -1.650 -1.531 -1.400 -1.254 -1.091 -0.910 -0.741 
-0.661 -0.639 -0.637 -0.663 -0.711 -0.771 -0.831 -0.885 -0.931 -0.968 
-0.996 -1.017 -1.033 -1.046 -1.059 -1.082 -1.124 -1.189 -1.268 -1.353 
-1.441 -1.530 -1.619 -1.706 -1.790 -1.872 -1.950 -2.025 -2.096 -2.164 
-2.228 -2.288 -2.344 -2.397 -2.447 -2.493 -2.537 -2.577 -2.615 -2.650 
-2.689 
-2.671 -2.695 -2.723 -2.748 -2.771 -2.791 -2.808 -2.824 -2.837 -2.848 
-2.856 -2.863 -2.867 -2.869 -2.868 -2.866 -2.861 -2.854 -2.845 -2.833 
-2.819 -2.803 -2.784 -2.763 -2.739 -2.713 -2.683 -2.651 -2.616 -2.578 
-2.536 -2.491 -2.442 -2.389 -2.331 -2.269 -2.202 -2.129 -2.049 -1.963 
-1.870 -1.770 -1.665 -1.557 -1.450 -1.345 -1.235 -1.116 -0.991 -0.874 
-0.784 -0.737 -0.738 -0.776 -0.835 -0.898 -0.958 -1.009 -1.052 -1.085 
-1.112 -1.132 -1.149 -1.165 -1.182 -1.205 -1.234 -1.272 -1.319 -1.374 
-1.436 -1.505 -1.579 -1.659 -1.741 -1.823 -1.904 -1.982 -2.056 -2.127 
-2.193 -2.256 -2.315 -2.370 -2.422 -2.470 -2.515 -2.557 -2.596 -2.632 
-2.660 
-2.702 -2.728 -2.760 -2.788 -2.813 -2.835 -2.855 -2.871 -2.885 -2.897 
-2.905 -2.912 -2.915 -2.917 -2.915 -2.911 -2.905 -2.896 -2.885 -2.871 
-2.854 -2.834 -2.812 -2.786 -2.758 -2.726 -2.691 -2.653 -2.610 -2.564 
-2.513 -2.458 -2.398 -2.332 -2.260 -2.182 -2.096 -2.003 -1.901 -1.792 
-1.674 -1.552 -1.432 -1.325 -1.239 -1.177 -1.139 -1.165 -1.226 -1.266 
-1.284 -1.303 -1.339 -1.390 -1.445 -1.496 -1.538 -1.571 -1.595 -1.610 
-1.616 -1.615 -1.608 -1.595 -1.577 -1.556 -1.532 -1.507 -1.484 -1.467 
-1.463 -1.476 -1.508 -1.558 -1.620 -1.691 -1.770 -1.856 -1.945 -2.034 
-2.120 -2.200 -2.274 -2.343 -2.407 -2.466 -2.519 -2.569 -2.614 -2.656 
-2.690 
-2.785 -2.818 -2.859 -2.896 -2.930 -2.960 -2.987 -3.011 -3.031 -3.049 
-3.064 -3.076 -3.085 -3.091 -3.095 -3.096 -3.094 -3.090 -3.083 -3.073 
-3.060 -3.045 -3.027 -3.005 -2.981 -2.953 -2.922 -2.887 -2.849 -2.807 
-2.760 -2.709 -2.652 -2.590 -2.522 -2.447 -2.365 -2.274 -2.173 -2.060 
-1.934 -1.793 -1.634 -1.453 -1.249 -1.040 -0.900 -0.913 -1.058 -1.246 
-1.415 -1.554 -1.666 -1.756 -1.829 -1.886 -1.931 -1.965 -1.988 -2.001 
-2.006 -2.001 -1.988 -1.966 -1.935 -1.896 -1.849 -1.797 -1.744 -1.697 
-1.664 -1.644 -1.628 -1.612 -1.600 -1.606 -1.641 -1.708 -1.800 -1.904 
-2.012 -2.118 -2.217 -2.309 -2.394 -2.472 -2.543 -2.609 -2.668 -2.723 
-2.767 
-2.861 -2.915 -2.949 -2.981 -3.009 -3.034 -3.056 -3.075 -3.092 -3.105 
-3.116 -3.125 -3.131 -3.134 -3.135 -3.133 -3.129 -3.122 -3.113 -3.101 
-3.086 -3.069 -3.049 -3.026 -3.000 -2.971 -2.938 -2.902 -2.863 -2.820 
-2.772 -2.720 -2.664 -2.602 -2.534 -2.460 -2.378 -2.289 -2.189 -2.079 
-1.955 -1.816 -1.659 -1.482 -1.289 -1.096 -0.952 -0.924 -1.005 -1.138 
-1.277 -1.402 -1.507 -1.592 -1.660 -1.713 -1.753 -1.780 -1.796 -1.801 
-1.795 -1.779 -1.752 -1.714 -1.666 -1.608 -1.542 -1.474 -1.414 -1.377 
-1.376 -1.414 -1.482 -1.565 -1.652 -1.742 -1.836 -1.935 -2.037 -2.139 
-2.236 -2.326 -2.410 -2.487 -2.558 -2.624 -2.683 -2.738 -2.788 -2.834 
-2.852 
-2.768 -2.780 -2.818 -2.852 -2.884 -2.911 -2.936 -2.958 -2.977 -2.994 
-3.007 -3.018 -3.026 -3.032 -3.035 -3.035 -3.033 -3.028 -3.021 -3.011 
-2.998 -2.983 -2.964 -2.943 -2.919 -2.892 -2.861 -2.827 -2.790 -2.749 
-2.703 -2.653 -2.599 -2.539 -2.474 -2.402 -2.323 -2.236 -2.139 -2.032 
-1.913 -1.779 -1.630 -1.463 -1.284 -1.107 -0.991 -0.996 -1.078 -1.197 
-1.324 -1.440 -1.541 -1.626 -1.696 -1.753 -1.797 -1.831 -1.855 -1.869 
-1.874 -1.870 -1.858 -1.836 -1.806 -1.767 -1.719 -1.665 -1.608 -1.553 
-1.507 -1.473 -1.454 -1.453 -1.478 -1.535 -1.623 -1.728 -1.839 -1.947 
-2.051 -2.147 -2.236 -2.319 -2.395 -2.465 -2.529 -2.588 -2.642 -2.692 
-2.750 
-2.958 -3.008 -3.049 -3.086 -3.120 -3.150 -3.176 -3.200 -3.220 -3.238 
-3.252 -3.264 -3.273 -3.279 -3.283 -3.283 -3.282 -3.277 -3.270 -3.260 
-3.247 -3.231 -3.212 -3.191 -3.166 -3.138 -3.106 -3.071 -3.032 -2.988 
-2.941 -2.888 -2.831 -2.767 -2.697 -2.619 -2.533 -2.436 -2.328 -2.205 
-2.064 -1.900 -1.708 -1.487 -1.246 -1.031 -0.938 -1.049 -1.258 -1.461 
-1.628 -1.763 -1.871 -1.959 -2.030 -2.086 -2.130 -2.163 -2.186 -2.199 
-2.203 -2.198 -2.184 -2.160 -2.127 -2.083 -2.027 -1.961 -1.886 -1.808 
-1.738 -1.676 -1.614 -1.552 -1.514 -1.532 -1.615 -1.743 -1.889 -2.032 
-2.165 -2.285 -2.393 -2.491 -2.579 -2.659 -2.732 -2.798 -2.858 -2.913 
-2.943 
-3.119 -3.163 -3.194 -3.223 -3.248 -3.270 -3.290 -3.306 -3.320 -3.330 
-3.339 -3.344 -3.347 -3.347 -3.345 -3.340 -3.333 -3.322 -3.309 -3.294 
-3.275 -3.254 -3.229 -3.202 -3.171 -3.136 -3.098 -3.056 -3.010 -2.960 
-2.904 -2.843 -2.777 -2.703 -2.622 -2.532 -2.433 -2.321 -2.195 -2.051 
-1.887 -1.700 -1.496 -1.301 -1.167 -1.119 -1.151 -1.297 -1.473 -1.626 
-1.751 -1.851 -1.930 -1.993 -2.042 -2.077 -2.102 -2.115 -2.118 -2.111 
-2.094 -2.067 -2.029 -1.979 -1.918 -1.844 -1.759 -1.666 -1.577 -1.509 
-1.489 -1.528 -1.614 -1.716 -1.812 -1.910 -2.027 -2.155 -2.281 -2.396 
-2.501 -2.595 -2.679 -2.756 -2.825 -2.888 -2.945 -2.997 -3.045 -3.088 
-3.109 
-3.022 -3.056 -3.087 -3.115 -3.140 -3.162 -3.181 -3.198 -3.211 -3.223 
-3.231 -3.237 -3.241 -3.242 -3.240 -3.236 -3.230 -3.221 -3.209 -3.195 
-3.177 -3.158 -3.135 -3.109 -3.080 -3.048 -3.013 -2.974 -2.931 -2.884 
-2.832 -2.776 -2.715 -2.647 -2.573 -2.492 -2.403 -2.303 -2.193 -2.069 
-1.928 -1.769 -1.589 -1.394 -1.208 -1.074 -1.026 -1.080 -1.205 -1.349 
-1.482 -1.594 -1.686 -1.759 -1.817 -1.861 -1.892 -1.912 -1.922 -1.921 
-1.910 -1.889 -1.858 -1.818 -1.768 -1.711 -1.649 -1.589 -1.539 -1.513 
-1.522 -1.572 -1.654 -1.752 -1.856 -1.961 -2.067 -2.170 -2.268 -2.361 
-2.448 -2.529 -2.603 -2.672 -2.735 -2.794 -2.847 -2.897 -2.942 -2.983 
-3.011 
-2.901 -2.922 -2.958 -2.991 -3.021 -3.048 -3.071 -3.092 -3.110 -3.125 
-3.138 -3.148 -3.155 -3.160 -3.162 -3.162 -3.159 -3.153 -3.145 -3.135 
-3.121 -3.105 -3.087 -3.065 -3.040 -3.012 -2.981 -2.947 -2.909 -2.867 
-2.821 -2.771 -2.716 -2.655 -2.589 -2.517 -2.437 -2.349 -2.252 -2.144 
-2.023 -1.888 -1.735 -1.565 -1.385 -1.220 -1.120 -1.118 -1.199 -1.319 
-1.443 -1.556 -1.653 -1.734 -1.801 -1.856 -1.899 -1.932 -1.955 -1.969 
-1.975 -1.973 -1.963 -1.946 -1.921 -1.890 -1.854 -1.814 -1.774 -1.739 
-1.711 -1.694 -1.687 -1.697 -1.729 -1.785 -1.861 -1.950 -2.045 -2.141 
-2.234 -2.322 -2.405 -2.483 -2.554 -2.621 -2.682 -2.738 -2.790 -2.838 
-2.885 
-2.971 -2.995 -3.024 -3.050 -3.074 -3.094 -3.113 -3.128 -3.142 -3.152 
-3.161 -3.167 -3.170 -3.172 -3.171 -3.167 -3.161 -3.153 -3.143 -3.130 
-3.114 -3.096 -3.075 -3.052 -3.025 -2.996 -2.964 -2.929 -2.890 -2.848 
-2.802 -2.751 -2.697 -2.638 -2.574 -2.505 -2.430 -2.348 -2.259 -2.162 
-2.058 -1.946 -1.829 -1.709 -1.590 -1.479 -1.391 -1.349 -1.353 -1.386 
-1.438 -1.498 -1.560 -1.619 -1.671 -1.714 -1.750 -1.777 -1.796 -1.807 
-1.811 -1.809 -1.801 -1.787 -1.769 -1.747 -1.723 -1.701 -1.692 -1.711 
-1.755 -1.811 -1.871 -1.932 -1.997 -2.069 -2.147 -2.226 -2.306 -2.382 
-2.455 -2.524 -2.588 -2.649 -2.705 -2.757 -2.805 -2.850 -2.891 -2.929 
-2.960 
-3.157 -3.183 -3.209 -3.233 -3.254 -3.272 -3.287 -3.300 -3.310 -3.318 
-3.323 -3.326 -3.326 -3.324 -3.320 -3.313 -3.303 -3.291 -3.276 -3.259 
-3.239 -3.216 -3.190 -3.161 -3.129 -3.094 -3.055 -3.012 -2.966 -2.916 
-2.861 -2.801 -2.736 -2.665 -2.588 -2.504 -2.412 -2.312 -2.204 -2.087 
-1.964 -1.838 -1.719 -1.622 -1.564 -1.550 -1.569 -1.608 -1.657 -1.712 
-1.770 -1.825 -1.875 -1.916 -1.949 -1.972 -1.985 -1.988 -1.982 -1.965 
-1.938 -1.899 -1.848 -1.784 -1.706 -1.616 -1.519 -1.431 -1.376 -1.382 
-1.469 -1.612 -1.769 -1.919 -2.057 -2.181 -2.294 -2.396 -2.489 -2.574 
-2.652 -2.723 -2.789 -2.849 -2.904 -2.955 -3.002 -3.045 -3.085 -3.121 
-3.147 
-3.347 -3.400 -3.428 -3.453 -3.475 -3.494 -3.511 -3.525 -3.536 -3.545 
-3.551 -3.554 -3.555 -3.554 -3.550 -3.543 -3.534 -3.522 -3.508 -3.491 
-3.471 -3.448 -3.422 -3.393 -3.361 -3.325 -3.285 -3.242 -3.195 -3.143 
-3.086 -3.025 -2.957 -2.882 -2.801 -2.711 -2.612 -2.503 -2.381 -2.247 
-2.100 -1.947 -1.801 -1.691 -1.646 -1.669 -1.738 -1.817 -1.888 -1.948 
-2.002 -2.054 -2.104 -2.148 -2.185 -2.213 -2.230 -2.237 -2.234 -2.220 
-2.194 -2.155 -2.103 -2.035 -1.949 -1.841 -1.709 -1.560 -1.421 -1.358 
-1.427 -1.602 -1.809 -2.002 -2.170 -2.315 -2.443 -2.556 -2.658 -2.751 
-2.835 -2.911 -2.981 -3.046 -3.105 -3.159 -3.209 -3.254 -3.296 -3.334 
-3.339 
-3.240 -3.260 -3.291 -3.320 -3.345 -3.368 -3.388 -3.406 -3.421 -3.434 
-3.444 -3.452 -3.458 -3.461 -3.461 -3.460 -3.456 -3.449 -3.440 -3.429 
-3.415 -3.399 -3.380 -3.358 -3.333 -3.306 -3.275 -3.241 -3.204 -3.163 
-3.118 -3.069 -3.016 -2.958 -2.894 -2.824 -2.748 -2.664 -2.572 -2.470 
-2.359 -2.239 -2.117 -2.007 -1.927 -1.876 -1.834 -1.788 -1.745 -1.718 
-1.718 -1.743 -1.788 -1.840 -1.894 -1.943 -1.984 -2.018 -2.043 -2.059 
-2.066 -2.066 -2.057 -2.040 -2.015 -1.982 -1.938 -1.882 -1.817 -1.776 
-1.817 -1.910 -2.008 -2.103 -2.195 -2.285 -2.374 -2.460 -2.542 -2.621 
-2.696 -2.766 -2.833 -2.895 -2.953 -3.008 -3.058 -3.105 -3.149 -3.189 
-3.227 
-3.198 -3.221 -3.249 -3.275 -3.297 -3.317 -3.334 -3.348 -3.360 -3.369 
-3.376 -3.380 -3.382 -3.381 -3.378 -3.372 -3.364 -3.353 -3.339 -3.323 
-3.304 -3.283 -3.258 -3.231 -3.200 -3.166 -3.129 -3.088 -3.043 -2.994 
-2.941 -2.883 -2.820 -2.751 -2.676 -2.594 -2.505 -2.408 -2.303 -2.190 
-2.070 -1.947 -1.830 -1.733 -1.669 -1.646 -1.659 -1.695 -1.741 -1.791 
-1.842 -1.892 -1.941 -1.985 -2.021 -2.048 -2.066 -2.075 -2.075 -2.065 
-2.045 -2.016 -1.978 -1.931 -1.878 -1.822 -1.771 -1.731 -1.707 -1.702 
-1.727 -1.783 -1.869 -1.972 -2.083 -2.194 -2.301 -2.401 -2.495 -2.582 
-2.662 -2.736 -2.805 -2.868 -2.926 -2.980 -3.029 -3.075 -3.116 -3.155 
-3.187 
-3.230 -3.256 -3.282 -3.306 -3.327 -3.345 -3.360 -3.373 -3.384 -3.392 
-3.397 -3.400 -3.401 -3.399 -3.395 -3.388 -3.379 -3.368 -3.354 -3.337 
-3.318 -3.296 -3.272 -3.244 -3.214 -3.180 -3.144 -3.104 -3.060 -3.013 
-2.961 -2.906 -2.845 -2.780 -2.709 -2.633 -2.550 -2.461 -2.364 -2.260 
-2.149 -2.032 -1.913 -1.800 -1.701 -1.629 -1.593 -1.592 -1.618 -1.661 
-1.711 -1.761 -1.805 -1.842 -1.870 -1.888 -1.895 -1.893 -1.880 -1.857 
-1.823 -1.778 -1.725 -1.665 -1.606 -1.557 -1.533 -1.544 -1.592 -1.666 
-1.752 -1.839 -1.926 -2.022 -2.131 -2.245 -2.357 -2.461 -2.556 -2.643 
-2.722 -2.795 -2.861 -2.922 -2.978 -3.029 -3.076 -3.119 -3.158 -3.194 
-3.221 
-3.201 -3.248 -3.283 -3.315 -3.343 -3.369 -3.391 -3.410 -3.427 -3.441 
-3.452 -3.461 -3.467 -3.470 -3.471 -3.469 -3.465 -3.458 -3.449 -3.437 
-3.422 -3.404 -3.384 -3.360 -3.334 -3.304 -3.271 -3.235 -3.195 -3.151 
-3.103 -3.051 -2.993 -2.931 -2.862 -2.788 -2.706 -2.616 -2.518 -2.410 
-2.292 -2.163 -2.026 -1.888 -1.765 -1.680 -1.650 -1.674 -1.735 -1.814 
-1.896 -1.973 -2.042 -2.100 -2.147 -2.184 -2.210 -2.226 -2.233 -2.229 
-2.216 -2.192 -2.159 -2.117 -2.068 -2.019 -1.976 -1.942 -1.910 -1.869 
-1.816 -1.763 -1.740 -1.769 -1.851 -1.968 -2.098 -2.226 -2.346 -2.457 
-2.559 -2.652 -2.738 -2.816 -2.888 -2.953 -3.014 -3.069 -3.120 -3.167 
-3.189 
-3.065 -3.080 -3.117 -3.151 -3.181 -3.209 -3.234 -3.256 -3.275 -3.292 
-3.305 -3.317 -3.325 -3.331 -3.335 -3.336 -3.334 -3.330 -3.323 -3.314 
-3.302 -3.287 -3.270 -3.249 -3.226 -3.199 -3.170 -3.137 -3.100 -3.060 
-3.016 -2.967 -2.913 -2.855 -2.790 -2.720 -2.642 -2.557 -2.463 -2.361 
-2.252 -2.140 -2.034 -1.936 -1.846 -1.765 -1.706 -1.681 -1.692 -1.736 
-1.800 -1.874 -1.948 -2.016 -2.077 -2.129 -2.172 -2.206 -2.233 -2.251 
-2.262 -2.266 -2.262 -2.252 -2.235 -2.211 -2.180 -2.143 -2.100 -2.053 
-2.004 -1.961 -1.937 -1.942 -1.979 -2.036 -2.105 -2.181 -2.261 -2.343 
-2.423 -2.502 -2.577 -2.649 -2.717 -2.781 -2.840 -2.896 -2.947 -2.995 
-3.049 
-3.192 -3.229 -3.264 -3.296 -3.324 -3.349 -3.371 -3.389 -3.405 -3.418 
-3.428 -3.435 -3.440 -3.441 -3.440 -3.437 -3.430 -3.421 -3.409 -3.394 
-3.376 -3.354 -3.330 -3.302 -3.271 -3.236 -3.197 -3.155 -3.107 -3.055 
-2.997 -2.934 -2.864 -2.787 -2.702 -2.608 -2.505 -2.391 -2.266 -2.134 
-2.001 -1.882 -1.793 -1.753 -1.781 -1.854 -1.930 -1.998 -2.063 -2.131 
-2.200 -2.267 -2.326 -2.377 -2.420 -2.454 -2.479 -2.497 -2.506 -2.509 
-2.503 -2.491 -2.470 -2.442 -2.406 -2.362 -2.309 -2.247 -2.178 -2.104 
-2.031 -1.968 -1.929 -1.924 -1.953 -2.003 -2.069 -2.165 -2.284 -2.403 
-2.514 -2.614 -2.705 -2.787 -2.861 -2.929 -2.992 -3.048 -3.100 -3.147 
-3.180 
-3.397 -3.441 -3.484 -3.523 -3.558 -3.589 -3.616 -3.639 -3.660 -3.677 
-3.691 -3.701 -3.709 -3.714 -3.716 -3.715 -3.711 -3.704 -3.694 -3.680 
-3.664 -3.645 -3.622 -3.596 -3.566 -3.533 -3.495 -3.453 -3.407 -3.355 
-3.298 -3.235 -3.165 -3.087 -3.000 -2.903 -2.794 -2.671 -2.531 -2.371 
-2.189 -1.992 -1.809 -1.705 -1.737 -1.882 -2.064 -2.232 -2.372 -2.488 
-2.585 -2.664 -2.730 -2.784 -2.829 -2.863 -2.890 -2.909 -2.920 -2.924 
-2.921 -2.911 -2.894 -2.869 -2.836 -2.795 -2.745 -2.686 -2.617 -2.538 
-2.450 -2.357 -2.260 -2.159 -2.053 -1.957 -1.916 -1.972 -2.111 -2.284 
-2.455 -2.608 -2.743 -2.861 -2.965 -3.057 -3.139 -3.213 -3.279 -3.339 
-3.380 
-3.468 -3.533 -3.572 -3.607 -3.639 -3.666 -3.690 -3.711 -3.729 -3.744 
-3.756 -3.764 -3.770 -3.773 -3.773 -3.770 -3.764 -3.756 -3.744 -3.729 
-3.712 -3.691 -3.666 -3.639 -3.607 -3.572 -3.533 -3.489 -3.440 -3.387 
-3.327 -3.262 -3.189 -3.108 -3.017 -2.916 -2.801 -2.671 -2.521 -2.350 
-2.161 -1.980 -1.857 -1.837 -1.926 -2.077 -2.230 -2.366 -2.482 -2.580 
-2.664 -2.734 -2.792 -2.841 -2.880 -2.910 -2.933 -2.948 -2.956 -2.958 
-2.952 -2.939 -2.919 -2.892 -2.857 -2.814 -2.762 -2.702 -2.632 -2.554 
-2.469 -2.381 -2.298 -2.228 -2.180 -2.165 -2.194 -2.283 -2.417 -2.560 
-2.695 -2.817 -2.927 -3.025 -3.113 -3.192 -3.264 -3.329 -3.388 -3.441 
-3.457 
-3.259 -3.276 -3.311 -3.342 -3.371 -3.396 -3.417 -3.436 -3.452 -3.465 
-3.475 -3.483 -3.487 -3.489 -3.489 -3.485 -3.479 -3.470 -3.458 -3.443 
-3.426 -3.405 -3.382 -3.355 -3.324 -3.290 -3.253 -3.211 -3.165 -3.115 
-3.060 -2.999 -2.932 -2.859 -2.779 -2.690 -2.593 -2.486 -2.369 -2.243 
-2.109 -1.976 -1.865 -1.796 -1.763 -1.770 -1.843 -1.956 -2.068 -2.168 
-2.253 -2.325 -2.385 -2.434 -2.474 -2.505 -2.527 -2.542 -2.549 -2.549 
-2.541 -2.527 -2.504 -2.474 -2.436 -2.390 -2.335 -2.272 -2.202 -2.127 
-2.052 -1.986 -1.942 -1.932 -1.962 -2.031 -2.128 -2.240 -2.354 -2.465 
-2.568 -2.665 -2.753 -2.834 -2.908 -2.976 -3.038 -3.095 -3.146 -3.194 
-3.244 
-3.287 -3.313 -3.350 -3.384 -3.415 -3.442 -3.466 -3.486 -3.504 -3.519 
-3.531 -3.540 -3.547 -3.551 -3.552 -3.550 -3.546 -3.539 -3.529 -3.517 
-3.501 -3.483 -3.462 -3.437 -3.409 -3.378 -3.343 -3.304 -3.261 -3.214 
-3.162 -3.105 -3.042 -2.973 -2.896 -2.812 -2.718 -2.613 -2.495 -2.363 
-2.212 -2.040 -1.846 -1.642 -1.491 -1.444 -1.508 -1.652 -1.818 -1.968 
-2.095 -2.199 -2.284 -2.353 -2.409 -2.454 -2.487 -2.511 -2.527 -2.533 
-2.532 -2.522 -2.504 -2.478 -2.442 -2.397 -2.342 -2.276 -2.200 -2.114 
-2.022 -1.937 -1.879 -1.865 -1.898 -1.973 -2.080 -2.202 -2.327 -2.447 
-2.560 -2.663 -2.757 -2.844 -2.923 -2.995 -3.060 -3.121 -3.175 -3.226 
-3.271 
-3.447 -3.512 -3.548 -3.580 -3.608 -3.633 -3.655 -3.674 -3.690 -3.703 
-3.714 -3.721 -3.726 -3.727 -3.727 -3.723 -3.717 -3.707 -3.695 -3.681 
-3.663 -3.642 -3.618 -3.590 -3.559 -3.525 -3.486 -3.444 -3.396 -3.345 
-3.287 -3.224 -3.154 -3.077 -2.992 -2.896 -2.789 -2.667 -2.529 -2.371 
-2.187 -1.973 -1.737 -1.536 -1.470 -1.566 -1.746 -1.940 -2.108 -2.247 
-2.359 -2.450 -2.524 -2.583 -2.630 -2.665 -2.690 -2.707 -2.714 -2.712 
-2.702 -2.683 -2.655 -2.616 -2.567 -2.505 -2.430 -2.339 -2.232 -2.111 
-1.990 -1.897 -1.871 -1.926 -2.037 -2.169 -2.304 -2.435 -2.560 -2.677 
-2.786 -2.886 -2.977 -3.061 -3.137 -3.207 -3.270 -3.328 -3.381 -3.429 
-3.438 
-3.335 -3.343 -3.382 -3.417 -3.448 -3.476 -3.500 -3.521 -3.539 -3.554 
-3.566 -3.574 -3.580 -3.583 -3.583 -3.580 -3.575 -3.566 -3.554 -3.540 
-3.522 -3.501 -3.477 -3.449 -3.417 -3.382 -3.342 -3.299 -3.250 -3.196 
-3.137 -3.071 -2.998 -2.917 -2.828 -2.729 -2.618 -2.495 -2.360 -2.216 
-2.072 -1.945 -1.847 -1.781 -1.795 -1.932 -2.092 -2.232 -2.349 -2.447 
-2.529 -2.598 -2.656 -2.703 -2.742 -2.772 -2.795 -2.810 -2.819 -2.821 
-2.816 -2.804 -2.785 -2.759 -2.725 -2.683 -2.631 -2.568 -2.494 -2.408 
-2.315 -2.229 -2.178 -2.169 -2.180 -2.201 -2.240 -2.302 -2.385 -2.479 
-2.578 -2.676 -2.769 -2.857 -2.938 -3.012 -3.081 -3.143 -3.201 -3.253 
-3.309 
