IRGRID 64 91
1e+308

0.025 0.03 0.035 0.04 0.045 0.05 0.055 0.06 0.065 0.07
0.075 0.08 0.085 0.09 0.095 0.1 0.11 0.12 0.13 0.14
0.15 0.16 0.17 0.18 0.19 0.2 0.21 0.22 0.23 0.24
0.25 0.26 0.27 0.28 0.29 0.3 0.31 0.32 0.33 0.34
0.35 0.36 0.37 0.38 0.39 0.4 0.41 0.42 0.43 0.44
0.45 0.46 0.47 0.48 0.49 0.5 0.51 0.52 0.53 0.54
0.55 0.56 0.57 0.58
0 4 8 12 16 20 24 28 32 36
40 44 48 52 56 60 64 68 72 76
80 84 88 92 96 100 104 108 112 116
120 124 128 132 136 140 144 148 152 156
160 164 168 172 176 180 184 188 192 196
200 204 208 212 216 220 224 228 232 236
240 244 248 252 256 260 264 268 272 276
280 284 288 292 296 300 304 308 312 316
320 324 328 332 336 340 344 348 352 356
360
-4.000 -4.000 -4.000 -4.000 -4.000 -4.000 -4.000 -4.000 -4.000 -4.000 
-4.000 -4.000 -4.000 -4.000 -4.000 -4.000 -4.000 -4.000 -4.000 -4.000 
-4.000 -4.000 -3.966 -3.911 -3.856 -3.802 -3.751 -3.708 -3.675 -3.656 
-3.653 -3.666 -3.692 -3.727 -3.767 -3.811 -3.855 -3.899 -3.940 -3.979 
-4.000 -4.000 -4.000 -4.000 -4.000 -4.000 -4.000 -4.000 -4.000 -4.000 
-4.000 -4.000 -4.000 -4.000 -4.000 -4.000 -4.000 -4.000 -4.000 -4.000 
-4.000 -4.000 -4.000 -4.000 -4.000 -4.000 -4.000 -4.000 -4.000 -4.000 
-4.000 -4.000 -4.000 -4.000 -4.000 -4.000 -4.000 -4.000 -4.000 -4.000 
-4.000 -4.000 -4.000 -4.000 -4.000 -4.000 -4.000 -4.000 -4.000 -4.000 
-4.000 
-3.849 -3.865 -3.841 -3.815 -3.786 -3.754 -3.721 -3.688 -3.656 -3.627 
-3.602 -3.583 -3.570 -3.563 -3.559 -3.558 -3.556 -3.551 -3.543 -3.530 
-3.513 -3.491 -3.466 -3.438 -3.408 -3.380 -3.353 -3.330 -3.312 -3.302 
-3.299 -3.304 -3.316 -3.333 -3.355 -3.378 -3.403 -3.427 -3.449 -3.468 
-3.484 -3.494 -3.499 -3.496 -3.484 -3.461 -3.426 -3.375 -3.306 -3.217 
-3.111 -3.002 -2.922 -2.915 -2.988 -3.104 -3.226 -3.334 -3.426 -3.501 
-3.562 -3.612 -3.654 -3.688 -3.717 -3.742 -3.763 -3.783 -3.801 -3.818 
-3.835 -3.851 -3.866 -3.881 -3.894 -3.907 -3.918 -3.928 -3.937 -3.944 
-3.949 -3.953 -3.954 -3.954 -3.952 -3.947 -3.940 -3.930 -3.918 -3.903 
-3.850 
-3.463 -3.399 -3.358 -3.314 -3.269 -3.222 -3.176 -3.131 -3.090 -3.055 
-3.029 -3.013 -3.008 -3.013 -3.029 -3.051 -3.079 -3.107 -3.135 -3.159 
-3.177 -3.187 -3.186 -3.171 -3.141 -3.093 -3.030 -2.962 -2.911 -2.900 
-2.933 -2.990 -3.051 -3.103 -3.145 -3.174 -3.193 -3.201 -3.200 -3.190 
-3.172 -3.144 -3.107 -3.061 -3.004 -2.936 -2.856 -2.761 -2.652 -2.528 
-2.396 -2.274 -2.193 -2.183 -2.248 -2.360 -2.481 -2.590 -2.683 -2.768 
-2.852 -2.939 -3.025 -3.107 -3.182 -3.250 -3.311 -3.365 -3.412 -3.454 
-3.491 -3.523 -3.550 -3.574 -3.593 -3.608 -3.620 -3.629 -3.634 -3.636 
-3.634 -3.629 -3.621 -3.610 -3.595 -3.577 -3.556 -3.531 -3.503 -3.472 
-3.480 
-3.574 -3.616 -3.597 -3.575 -3.551 -3.524 -3.495 -3.465 -3.434 -3.404 
-3.375 -3.348 -3.324 -3.300 -3.276 -3.250 -3.220 -3.183 -3.140 -3.089 
-3.028 -2.958 -2.876 -2.783 -2.678 -2.563 -2.445 -2.339 -2.268 -2.250 
-2.283 -2.350 -2.428 -2.501 -2.562 -2.611 -2.647 -2.674 -2.694 -2.708 
-2.719 -2.727 -2.734 -2.739 -2.743 -2.745 -2.743 -2.735 -2.718 -2.689 
-2.646 -2.592 -2.541 -2.512 -2.505 -2.497 -2.477 -2.453 -2.443 -2.460 
-2.508 -2.584 -2.676 -2.774 -2.871 -2.962 -3.047 -3.125 -3.195 -3.259 
-3.316 -3.368 -3.414 -3.456 -3.493 -3.526 -3.555 -3.581 -3.603 -3.621 
-3.637 -3.649 -3.659 -3.666 -3.669 -3.670 -3.668 -3.664 -3.656 -3.646 
-3.575 
-3.283 -3.259 -3.249 -3.238 -3.225 -3.210 -3.193 -3.174 -3.153 -3.131 
-3.107 -3.082 -3.055 -3.026 -2.996 -2.964 -2.931 -2.897 -2.861 -2.824 
-2.786 -2.745 -2.704 -2.660 -2.613 -2.564 -2.512 -2.460 -2.415 -2.383 
-2.364 -2.351 -2.336 -2.318 -2.298 -2.279 -2.260 -2.243 -2.230 -2.220 
-2.215 -2.214 -2.219 -2.230 -2.246 -2.267 -2.293 -2.323 -2.357 -2.393 
-2.431 -2.469 -2.506 -2.541 -2.573 -2.600 -2.623 -2.642 -2.663 -2.690 
-2.725 -2.765 -2.804 -2.839 -2.868 -2.891 -2.908 -2.920 -2.929 -2.938 
-2.948 -2.963 -2.983 -3.008 -3.037 -3.068 -3.100 -3.131 -3.159 -3.184 
-3.206 -3.225 -3.241 -3.253 -3.263 -3.270 -3.274 -3.275 -3.274 -3.271 
-3.288 
-3.155 -3.200 -3.217 -3.230 -3.241 -3.250 -3.255 -3.258 -3.259 -3.257 
-3.252 -3.245 -3.235 -3.223 -3.209 -3.192 -3.173 -3.152 -3.128 -3.102 
-3.074 -3.044 -3.012 -2.978 -2.942 -2.904 -2.864 -2.822 -2.779 -2.735 
-2.689 -2.643 -2.597 -2.553 -2.510 -2.471 -2.436 -2.407 -2.386 -2.371 
-2.362 -2.361 -2.365 -2.374 -2.387 -2.403 -2.423 -2.443 -2.464 -2.485 
-2.505 -2.522 -2.537 -2.549 -2.558 -2.563 -2.565 -2.563 -2.556 -2.547 
-2.533 -2.517 -2.497 -2.476 -2.453 -2.429 -2.407 -2.388 -2.373 -2.364 
-2.365 -2.377 -2.400 -2.435 -2.478 -2.529 -2.585 -2.642 -2.700 -2.756 
-2.810 -2.862 -2.911 -2.956 -2.998 -3.036 -3.072 -3.103 -3.132 -3.158 
-3.148 
-2.792 -2.823 -2.848 -2.870 -2.889 -2.906 -2.920 -2.932 -2.941 -2.947 
-2.951 -2.953 -2.952 -2.949 -2.944 -2.936 -2.926 -2.914 -2.899 -2.881 
-2.861 -2.839 -2.814 -2.787 -2.757 -2.724 -2.689 -2.651 -2.610 -2.567 
-2.522 -2.474 -2.424 -2.373 -2.321 -2.269 -2.217 -2.167 -2.118 -2.073 
-2.031 -1.993 -1.956 -1.919 -1.877 -1.827 -1.768 -1.706 -1.661 -1.657 
-1.692 -1.748 -1.805 -1.855 -1.894 -1.923 -1.944 -1.957 -1.964 -1.965 
-1.961 -1.954 -1.944 -1.931 -1.918 -1.904 -1.890 -1.877 -1.865 -1.852 
-1.837 -1.820 -1.805 -1.801 -1.822 -1.873 -1.949 -2.038 -2.129 -2.216 
-2.296 -2.370 -2.437 -2.497 -2.553 -2.603 -2.649 -2.691 -2.729 -2.764 
-2.784 
-2.313 -2.385 -2.419 -2.450 -2.477 -2.503 -2.525 -2.545 -2.562 -2.578 
-2.590 -2.601 -2.609 -2.615 -2.619 -2.620 -2.619 -2.617 -2.612 -2.604 
-2.595 -2.583 -2.569 -2.552 -2.533 -2.512 -2.488 -2.462 -2.432 -2.401 
-2.366 -2.328 -2.287 -2.242 -2.195 -2.143 -2.088 -2.029 -1.965 -1.896 
-1.821 -1.739 -1.649 -1.549 -1.438 -1.319 -1.197 -1.089 -1.015 -0.992 
-1.014 -1.061 -1.111 -1.155 -1.191 -1.221 -1.247 -1.271 -1.294 -1.316 
-1.336 -1.353 -1.368 -1.380 -1.387 -1.389 -1.385 -1.374 -1.353 -1.323 
-1.285 -1.241 -1.201 -1.179 -1.189 -1.237 -1.318 -1.418 -1.524 -1.629 
-1.727 -1.817 -1.900 -1.975 -2.044 -2.106 -2.164 -2.216 -2.264 -2.308 
-2.303 
-1.903 -1.903 -1.929 -1.953 -1.975 -1.995 -2.013 -2.029 -2.044 -2.056 
-2.067 -2.076 -2.083 -2.088 -2.091 -2.092 -2.092 -2.090 -2.085 -2.079 
-2.071 -2.061 -2.049 -2.035 -2.019 -2.001 -1.981 -1.959 -1.934 -1.908 
-1.879 -1.847 -1.813 -1.777 -1.739 -1.697 -1.653 -1.606 -1.556 -1.504 
-1.448 -1.389 -1.327 -1.262 -1.194 -1.123 -1.049 -0.976 -0.908 -0.849 
-0.798 -0.750 -0.704 -0.658 -0.605 -0.536 -0.434 -0.310 -0.264 -0.358 
-0.485 -0.587 -0.665 -0.726 -0.778 -0.825 -0.868 -0.909 -0.949 -0.987 
-1.025 -1.061 -1.096 -1.133 -1.174 -1.222 -1.275 -1.330 -1.385 -1.438 
-1.488 -1.536 -1.582 -1.626 -1.667 -1.707 -1.744 -1.780 -1.814 -1.846 
-1.892 
-1.926 -1.959 -1.990 -2.020 -2.047 -2.072 -2.096 -2.117 -2.136 -2.154 
-2.169 -2.183 -2.195 -2.205 -2.213 -2.219 -2.223 -2.225 -2.225 -2.224 
-2.220 -2.215 -2.208 -2.198 -2.187 -2.173 -2.158 -2.140 -2.120 -2.098 
-2.074 -2.047 -2.018 -1.986 -1.951 -1.914 -1.874 -1.832 -1.786 -1.737 
-1.684 -1.628 -1.568 -1.505 -1.437 -1.365 -1.288 -1.207 -1.120 -1.028 
-0.928 -0.818 -0.694 -0.550 -0.377 -0.170 0.061 0.253 0.314 0.210 
0.023 -0.168 -0.329 -0.463 -0.573 -0.666 -0.747 -0.817 -0.880 -0.937 
-0.990 -1.040 -1.087 -1.134 -1.180 -1.228 -1.278 -1.329 -1.381 -1.433 
-1.485 -1.537 -1.587 -1.636 -1.683 -1.729 -1.772 -1.814 -1.853 -1.890 
-1.915 
-1.945 -1.982 -2.021 -2.058 -2.091 -2.122 -2.151 -2.177 -2.200 -2.222 
-2.240 -2.257 -2.271 -2.283 -2.293 -2.300 -2.306 -2.309 -2.310 -2.309 
-2.306 -2.300 -2.293 -2.283 -2.271 -2.256 -2.240 -2.220 -2.199 -2.175 
-2.148 -2.119 -2.087 -2.052 -2.015 -1.974 -1.930 -1.883 -1.832 -1.778 
-1.720 -1.658 -1.592 -1.523 -1.450 -1.373 -1.294 -1.213 -1.132 -1.053 
-0.978 -0.911 -0.851 -0.795 -0.735 -0.652 -0.529 -0.381 -0.328 -0.437 
-0.588 -0.712 -0.802 -0.867 -0.914 -0.948 -0.972 -0.989 -1.000 -1.007 
-1.012 -1.017 -1.026 -1.039 -1.060 -1.091 -1.131 -1.180 -1.237 -1.299 
-1.364 -1.431 -1.497 -1.561 -1.624 -1.684 -1.741 -1.795 -1.847 -1.895 
-1.929 
-1.959 -1.967 -1.998 -2.026 -2.052 -2.076 -2.098 -2.117 -2.134 -2.150 
-2.163 -2.174 -2.183 -2.189 -2.194 -2.197 -2.197 -2.196 -2.192 -2.187 
-2.179 -2.169 -2.157 -2.143 -2.126 -2.107 -2.086 -2.062 -2.036 -2.007 
-1.976 -1.942 -1.905 -1.865 -1.822 -1.776 -1.726 -1.674 -1.618 -1.558 
-1.496 -1.430 -1.361 -1.289 -1.215 -1.140 -1.062 -0.985 -0.908 -0.835 
-0.768 -0.711 -0.669 -0.642 -0.633 -0.637 -0.652 -0.674 -0.699 -0.724 
-0.747 -0.769 -0.789 -0.810 -0.835 -0.863 -0.895 -0.928 -0.961 -0.994 
-1.027 -1.062 -1.098 -1.136 -1.178 -1.223 -1.271 -1.321 -1.374 -1.428 
-1.482 -1.536 -1.588 -1.639 -1.688 -1.735 -1.779 -1.822 -1.862 -1.899 
-1.947 
-2.324 -2.384 -2.409 -2.432 -2.452 -2.470 -2.485 -2.498 -2.508 -2.516 
-2.522 -2.526 -2.527 -2.526 -2.523 -2.518 -2.510 -2.500 -2.488 -2.473 
-2.456 -2.437 -2.415 -2.390 -2.363 -2.334 -2.301 -2.266 -2.228 -2.186 
-2.142 -2.095 -2.044 -1.990 -1.933 -1.873 -1.810 -1.744 -1.675 -1.605 
-1.535 -1.464 -1.396 -1.332 -1.272 -1.219 -1.172 -1.131 -1.094 -1.059 
-1.025 -0.985 -0.933 -0.867 -0.855 -0.889 -0.905 -0.903 -0.889 -0.867 
-0.839 -0.812 -0.792 -0.789 -0.810 -0.859 -0.930 -1.016 -1.108 -1.199 
-1.285 -1.364 -1.435 -1.496 -1.547 -1.589 -1.628 -1.674 -1.733 -1.803 
-1.876 -1.946 -2.010 -2.068 -2.121 -2.170 -2.214 -2.254 -2.291 -2.325 
-2.319 
-2.601 -2.653 -2.699 -2.741 -2.779 -2.813 -2.842 -2.869 -2.892 -2.911 
-2.928 -2.941 -2.952 -2.960 -2.965 -2.967 -2.967 -2.964 -2.958 -2.950 
-2.939 -2.925 -2.908 -2.889 -2.867 -2.842 -2.814 -2.783 -2.749 -2.712 
-2.671 -2.627 -2.580 -2.529 -2.475 -2.417 -2.356 -2.292 -2.224 -2.154 
-2.083 -2.010 -1.939 -1.869 -1.802 -1.739 -1.678 -1.614 -1.542 -1.448 
-1.317 -1.129 -0.894 -0.706 -0.697 -0.853 -1.041 -1.179 -1.263 -1.306 
-1.319 -1.311 -1.291 -1.264 -1.228 -1.175 -1.101 -1.051 -1.105 -1.241 
-1.371 -1.457 -1.494 -1.491 -1.462 -1.423 -1.398 -1.408 -1.465 -1.563 
-1.683 -1.810 -1.933 -2.048 -2.153 -2.248 -2.334 -2.411 -2.481 -2.544 
-2.581 
-2.518 -2.555 -2.585 -2.612 -2.636 -2.658 -2.676 -2.693 -2.706 -2.717 
-2.726 -2.732 -2.736 -2.737 -2.736 -2.733 -2.727 -2.719 -2.709 -2.696 
-2.681 -2.663 -2.643 -2.620 -2.595 -2.567 -2.536 -2.502 -2.466 -2.426 
-2.384 -2.338 -2.289 -2.236 -2.180 -2.121 -2.058 -1.992 -1.923 -1.852 
-1.780 -1.707 -1.636 -1.569 -1.507 -1.454 -1.410 -1.374 -1.347 -1.323 
-1.298 -1.260 -1.192 -1.098 -1.090 -1.160 -1.202 -1.212 -1.201 -1.174 
-1.131 -1.073 -0.997 -0.899 -0.776 -0.632 -0.494 -0.420 -0.468 -0.623 
-0.822 -1.012 -1.177 -1.315 -1.428 -1.519 -1.595 -1.668 -1.750 -1.839 
-1.930 -2.017 -2.097 -2.169 -2.235 -2.295 -2.349 -2.398 -2.443 -2.484 
-2.508 
-2.371 -2.390 -2.423 -2.454 -2.481 -2.507 -2.530 -2.550 -2.568 -2.583 
-2.596 -2.607 -2.616 -2.623 -2.627 -2.629 -2.629 -2.627 -2.622 -2.616 
-2.607 -2.596 -2.583 -2.567 -2.549 -2.529 -2.507 -2.482 -2.454 -2.424 
-2.391 -2.356 -2.317 -2.276 -2.232 -2.184 -2.134 -2.080 -2.023 -1.963 
-1.900 -1.835 -1.766 -1.696 -1.625 -1.552 -1.479 -1.403 -1.326 -1.249 
-1.182 -1.138 -1.119 -1.112 -1.106 -1.100 -1.092 -1.084 -1.075 -1.063 
-1.048 -1.029 -1.005 -0.975 -0.937 -0.890 -0.835 -0.799 -0.831 -0.914 
-1.003 -1.088 -1.169 -1.250 -1.329 -1.408 -1.487 -1.566 -1.645 -1.723 
-1.799 -1.872 -1.941 -2.005 -2.066 -2.123 -2.176 -2.225 -2.271 -2.314 
-2.358 
-2.370 -2.416 -2.459 -2.499 -2.535 -2.569 -2.599 -2.627 -2.652 -2.674 
-2.694 -2.711 -2.726 -2.738 -2.748 -2.755 -2.760 -2.763 -2.763 -2.761 
-2.756 -2.749 -2.740 -2.728 -2.714 -2.697 -2.678 -2.656 -2.631 -2.603 
-2.573 -2.539 -2.502 -2.461 -2.417 -2.368 -2.316 -2.259 -2.197 -2.130 
-2.056 -1.976 -1.888 -1.791 -1.684 -1.566 -1.435 -1.292 -1.143 -1.000 
-0.889 -0.834 -0.843 -0.909 -1.005 -1.102 -1.187 -1.256 -1.310 -1.352 
-1.382 -1.403 -1.416 -1.421 -1.421 -1.416 -1.409 -1.402 -1.395 -1.389 
-1.383 -1.376 -1.369 -1.364 -1.367 -1.383 -1.417 -1.468 -1.534 -1.611 
-1.693 -1.776 -1.858 -1.936 -2.011 -2.081 -2.147 -2.209 -2.266 -2.320 
-2.353 
-2.348 -2.361 -2.397 -2.431 -2.463 -2.493 -2.521 -2.547 -2.571 -2.592 
-2.611 -2.628 -2.642 -2.655 -2.665 -2.673 -2.679 -2.682 -2.684 -2.683 
-2.680 -2.674 -2.666 -2.656 -2.644 -2.629 -2.611 -2.591 -2.568 -2.542 
-2.514 -2.482 -2.447 -2.409 -2.367 -2.322 -2.272 -2.218 -2.159 -2.095 
-2.025 -1.948 -1.864 -1.772 -1.671 -1.558 -1.434 -1.295 -1.144 -0.983 
-0.827 -0.704 -0.647 -0.675 -0.769 -0.891 -1.013 -1.124 -1.221 -1.305 
-1.377 -1.438 -1.491 -1.536 -1.574 -1.605 -1.630 -1.650 -1.665 -1.676 
-1.683 -1.686 -1.689 -1.691 -1.698 -1.710 -1.731 -1.761 -1.797 -1.837 
-1.880 -1.925 -1.971 -2.017 -2.063 -2.108 -2.153 -2.198 -2.241 -2.282 
-2.333 
-2.507 -2.562 -2.581 -2.599 -2.614 -2.627 -2.638 -2.648 -2.655 -2.659 
-2.662 -2.663 -2.662 -2.659 -2.654 -2.647 -2.638 -2.627 -2.614 -2.599 
-2.583 -2.564 -2.544 -2.521 -2.497 -2.471 -2.443 -2.413 -2.381 -2.346 
-2.310 -2.272 -2.231 -2.188 -2.142 -2.094 -2.043 -1.989 -1.931 -1.869 
-1.804 -1.733 -1.657 -1.576 -1.488 -1.393 -1.291 -1.182 -1.068 -0.952 
-0.843 -0.754 -0.705 -0.710 -0.760 -0.835 -0.921 -1.010 -1.096 -1.177 
-1.253 -1.324 -1.391 -1.454 -1.514 -1.572 -1.627 -1.680 -1.731 -1.780 
-1.828 -1.874 -1.919 -1.962 -2.003 -2.043 -2.082 -2.120 -2.158 -2.195 
-2.231 -2.267 -2.303 -2.337 -2.371 -2.403 -2.434 -2.463 -2.491 -2.517 
-2.502 
-2.367 -2.357 -2.361 -2.362 -2.362 -2.361 -2.357 -2.352 -2.346 -2.337 
-2.327 -2.316 -2.303 -2.288 -2.272 -2.254 -2.235 -2.214 -2.191 -2.167 
-2.141 -2.114 -2.085 -2.054 -2.021 -1.987 -1.951 -1.913 -1.873 -1.830 
-1.785 -1.736 -1.685 -1.629 -1.569 -1.503 -1.431 -1.353 -1.271 -1.187 
-1.111 -1.051 -1.010 -0.985 -0.964 -0.938 -0.902 -0.857 -0.806 -0.753 
-0.705 -0.673 -0.663 -0.680 -0.723 -0.784 -0.856 -0.931 -1.008 -1.084 
-1.159 -1.234 -1.308 -1.381 -1.453 -1.522 -1.587 -1.650 -1.710 -1.766 
-1.819 -1.869 -1.916 -1.960 -2.002 -2.041 -2.077 -2.111 -2.142 -2.171 
-2.198 -2.222 -2.244 -2.265 -2.283 -2.299 -2.313 -2.326 -2.336 -2.345 
-2.365 
-2.188 -2.240 -2.252 -2.262 -2.269 -2.274 -2.277 -2.278 -2.276 -2.273 
-2.266 -2.258 -2.247 -2.234 -2.218 -2.200 -2.179 -2.156 -2.130 -2.102 
-2.070 -2.036 -1.998 -1.957 -1.912 -1.864 -1.812 -1.755 -1.694 -1.627 
-1.555 -1.476 -1.391 -1.298 -1.197 -1.087 -0.969 -0.844 -0.712 -0.578 
-0.436 -0.269 -0.083 -0.112 -0.299 -0.440 -0.536 -0.605 -0.654 -0.689 
-0.713 -0.729 -0.742 -0.754 -0.768 -0.782 -0.798 -0.818 -0.844 -0.879 
-0.925 -0.980 -1.044 -1.112 -1.183 -1.253 -1.321 -1.386 -1.446 -1.502 
-1.553 -1.601 -1.647 -1.690 -1.731 -1.772 -1.812 -1.851 -1.889 -1.927 
-1.963 -1.998 -2.031 -2.063 -2.093 -2.120 -2.146 -2.169 -2.190 -2.209 
-2.185 
-1.810 -1.814 -1.830 -1.844 -1.856 -1.865 -1.872 -1.877 -1.879 -1.879 
-1.877 -1.872 -1.865 -1.855 -1.844 -1.829 -1.813 -1.794 -1.772 -1.748 
-1.721 -1.691 -1.658 -1.622 -1.583 -1.540 -1.493 -1.442 -1.386 -1.326 
-1.259 -1.186 -1.106 -1.017 -0.918 -0.806 -0.679 -0.532 -0.361 -0.158 
0.086 0.352 0.538 0.496 0.264 -0.003 -0.218 -0.385 -0.519 -0.627 
-0.716 -0.791 -0.852 -0.904 -0.947 -0.982 -1.013 -1.040 -1.065 -1.089 
-1.113 -1.136 -1.158 -1.177 -1.193 -1.206 -1.217 -1.227 -1.235 -1.243 
-1.253 -1.265 -1.279 -1.297 -1.318 -1.342 -1.370 -1.400 -1.432 -1.466 
-1.501 -1.536 -1.571 -1.605 -1.637 -1.668 -1.698 -1.725 -1.751 -1.774 
-1.801 
-1.690 -1.684 -1.679 -1.671 -1.662 -1.652 -1.639 -1.625 -1.610 -1.592 
-1.573 -1.552 -1.529 -1.505 -1.478 -1.450 -1.420 -1.387 -1.353 -1.316 
-1.277 -1.235 -1.191 -1.144 -1.094 -1.042 -0.986 -0.927 -0.864 -0.798 
-0.727 -0.652 -0.572 -0.485 -0.391 -0.287 -0.172 -0.041 0.107 0.273 
0.442 0.569 0.607 0.509 0.323 0.136 -0.030 -0.177 -0.307 -0.423 
-0.527 -0.621 -0.706 -0.784 -0.856 -0.921 -0.982 -1.037 -1.088 -1.136 
-1.179 -1.219 -1.256 -1.289 -1.320 -1.349 -1.375 -1.399 -1.421 -1.441 
-1.461 -1.480 -1.499 -1.517 -1.535 -1.553 -1.571 -1.588 -1.604 -1.620 
-1.634 -1.647 -1.658 -1.668 -1.676 -1.683 -1.687 -1.690 -1.691 -1.691 
-1.692 
-1.709 -1.688 -1.675 -1.659 -1.642 -1.623 -1.602 -1.579 -1.554 -1.526 
-1.497 -1.465 -1.431 -1.395 -1.357 -1.316 -1.273 -1.227 -1.179 -1.128 
-1.075 -1.019 -0.961 -0.900 -0.837 -0.771 -0.703 -0.632 -0.560 -0.485 
-0.408 -0.330 -0.249 -0.166 -0.081 0.007 0.098 0.191 0.285 0.375 
0.454 0.504 0.502 0.442 0.349 0.239 0.122 0.003 -0.114 -0.227 
-0.333 -0.435 -0.530 -0.620 -0.705 -0.785 -0.860 -0.930 -0.997 -1.059 
-1.118 -1.173 -1.224 -1.273 -1.318 -1.361 -1.401 -1.438 -1.472 -1.504 
-1.534 -1.561 -1.586 -1.609 -1.630 -1.649 -1.666 -1.680 -1.693 -1.704 
-1.713 -1.720 -1.725 -1.728 -1.730 -1.729 -1.727 -1.723 -1.717 -1.709 
-1.714 
-1.963 -1.972 -1.963 -1.952 -1.940 -1.925 -1.908 -1.889 -1.868 -1.844 
-1.819 -1.791 -1.761 -1.728 -1.693 -1.655 -1.614 -1.571 -1.525 -1.477 
-1.425 -1.370 -1.312 -1.250 -1.185 -1.116 -1.044 -0.967 -0.887 -0.801 
-0.711 -0.615 -0.512 -0.403 -0.287 -0.163 -0.031 0.104 0.237 0.355 
0.438 0.472 0.452 0.389 0.299 0.197 0.091 -0.015 -0.119 -0.220 
-0.319 -0.416 -0.510 -0.602 -0.691 -0.777 -0.859 -0.939 -1.016 -1.089 
-1.158 -1.224 -1.287 -1.347 -1.403 -1.456 -1.506 -1.553 -1.598 -1.639 
-1.678 -1.714 -1.748 -1.780 -1.808 -1.835 -1.859 -1.881 -1.901 -1.919 
-1.934 -1.948 -1.959 -1.969 -1.976 -1.981 -1.985 -1.986 -1.985 -1.983 
-1.964 
-2.230 -2.228 -2.223 -2.217 -2.208 -2.198 -2.185 -2.170 -2.153 -2.134 
-2.112 -2.088 -2.062 -2.033 -2.001 -1.967 -1.931 -1.891 -1.848 -1.803 
-1.754 -1.701 -1.645 -1.585 -1.520 -1.452 -1.378 -1.299 -1.214 -1.123 
-1.025 -0.919 -0.804 -0.679 -0.542 -0.391 -0.226 -0.069 0.024 0.072 
0.106 0.114 0.090 0.040 -0.023 -0.088 -0.153 -0.214 -0.272 -0.330 
-0.391 -0.461 -0.543 -0.632 -0.724 -0.816 -0.906 -0.993 -1.077 -1.158 
-1.236 -1.310 -1.381 -1.449 -1.513 -1.574 -1.631 -1.686 -1.737 -1.785 
-1.831 -1.873 -1.913 -1.950 -1.985 -2.017 -2.046 -2.074 -2.099 -2.121 
-2.142 -2.160 -2.176 -2.190 -2.202 -2.212 -2.220 -2.225 -2.229 -2.231 
-2.230 
-2.514 -2.538 -2.533 -2.525 -2.515 -2.504 -2.489 -2.473 -2.454 -2.433 
-2.409 -2.383 -2.354 -2.322 -2.288 -2.251 -2.210 -2.166 -2.119 -2.068 
-2.013 -1.954 -1.890 -1.822 -1.747 -1.667 -1.580 -1.485 -1.382 -1.268 
-1.142 -1.001 -0.841 -0.659 -0.447 -0.205 0.041 0.220 0.257 0.173 
0.055 -0.048 -0.129 -0.191 -0.235 -0.263 -0.275 -0.276 -0.269 -0.267 
-0.287 -0.341 -0.435 -0.559 -0.697 -0.838 -0.973 -1.100 -1.218 -1.328 
-1.429 -1.523 -1.610 -1.691 -1.766 -1.836 -1.902 -1.963 -2.020 -2.073 
-2.123 -2.169 -2.212 -2.252 -2.289 -2.323 -2.354 -2.383 -2.409 -2.432 
-2.453 -2.472 -2.489 -2.503 -2.515 -2.525 -2.532 -2.538 -2.541 -2.542 
-2.515 
-2.543 -2.528 -2.521 -2.512 -2.501 -2.487 -2.471 -2.453 -2.433 -2.410 
-2.385 -2.358 -2.327 -2.295 -2.259 -2.220 -2.179 -2.134 -2.086 -2.034 
-1.979 -1.919 -1.855 -1.787 -1.713 -1.635 -1.550 -1.459 -1.360 -1.254 
-1.138 -1.013 -0.877 -0.728 -0.567 -0.393 -0.212 -0.051 0.031 0.042 
0.020 -0.024 -0.080 -0.137 -0.191 -0.243 -0.295 -0.350 -0.409 -0.474 
-0.546 -0.632 -0.733 -0.845 -0.960 -1.073 -1.181 -1.283 -1.380 -1.471 
-1.556 -1.637 -1.712 -1.783 -1.849 -1.912 -1.970 -2.025 -2.076 -2.124 
-2.169 -2.211 -2.249 -2.285 -2.319 -2.349 -2.377 -2.403 -2.426 -2.447 
-2.466 -2.482 -2.496 -2.508 -2.518 -2.526 -2.532 -2.535 -2.536 -2.536 
-2.545 
-2.624 -2.625 -2.616 -2.604 -2.590 -2.574 -2.556 -2.535 -2.512 -2.486 
-2.458 -2.428 -2.394 -2.358 -2.319 -2.277 -2.232 -2.183 -2.131 -2.075 
-2.015 -1.951 -1.883 -1.809 -1.731 -1.647 -1.557 -1.462 -1.359 -1.250 
-1.134 -1.013 -0.886 -0.756 -0.627 -0.503 -0.388 -0.291 -0.217 -0.171 
-0.152 -0.147 -0.149 -0.154 -0.162 -0.183 -0.224 -0.292 -0.387 -0.503 
-0.631 -0.764 -0.895 -1.022 -1.143 -1.258 -1.365 -1.466 -1.561 -1.649 
-1.732 -1.810 -1.883 -1.951 -2.014 -2.074 -2.129 -2.181 -2.230 -2.275 
-2.317 -2.356 -2.392 -2.426 -2.457 -2.485 -2.510 -2.534 -2.554 -2.573 
-2.589 -2.603 -2.615 -2.625 -2.632 -2.638 -2.641 -2.642 -2.641 -2.638 
-2.625 
-2.680 -2.659 -2.647 -2.632 -2.615 -2.595 -2.574 -2.549 -2.523 -2.493 
-2.461 -2.427 -2.389 -2.348 -2.305 -2.258 -2.208 -2.154 -2.096 -2.034 
-1.968 -1.897 -1.822 -1.741 -1.655 -1.563 -1.465 -1.361 -1.251 -1.135 
-1.015 -0.892 -0.771 -0.655 -0.553 -0.473 -0.418 -0.382 -0.357 -0.338 
-0.320 -0.300 -0.278 -0.259 -0.249 -0.261 -0.305 -0.381 -0.481 -0.598 
-0.727 -0.866 -1.007 -1.143 -1.270 -1.388 -1.498 -1.599 -1.692 -1.779 
-1.859 -1.934 -2.004 -2.069 -2.129 -2.186 -2.238 -2.287 -2.332 -2.374 
-2.413 -2.449 -2.482 -2.512 -2.540 -2.565 -2.588 -2.608 -2.626 -2.642 
-2.655 -2.667 -2.676 -2.682 -2.687 -2.689 -2.690 -2.688 -2.684 -2.678 
-2.683 
-2.892 -2.903 -2.892 -2.880 -2.864 -2.847 -2.827 -2.805 -2.780 -2.752 
-2.722 -2.689 -2.653 -2.614 -2.572 -2.526 -2.477 -2.423 -2.366 -2.305 
-2.238 -2.167 -2.090 -2.007 -1.918 -1.821 -1.716 -1.602 -1.477 -1.341 
-1.194 -1.034 -0.867 -0.704 -0.569 -0.490 -0.477 -0.512 -0.565 -0.614 
-0.650 -0.668 -0.671 -0.661 -0.641 -0.618 -0.593 -0.567 -0.546 -0.549 
-0.597 -0.699 -0.844 -1.010 -1.175 -1.331 -1.474 -1.604 -1.722 -1.831 
-1.930 -2.021 -2.104 -2.182 -2.253 -2.319 -2.381 -2.438 -2.490 -2.539 
-2.584 -2.626 -2.664 -2.699 -2.732 -2.761 -2.788 -2.812 -2.834 -2.853 
-2.870 -2.884 -2.896 -2.906 -2.913 -2.918 -2.921 -2.922 -2.921 -2.917 
-2.894 
-2.928 -2.933 -2.925 -2.914 -2.902 -2.887 -2.869 -2.850 -2.827 -2.802 
-2.775 -2.744 -2.711 -2.675 -2.636 -2.593 -2.547 -2.497 -2.443 -2.385 
-2.322 -2.254 -2.181 -2.101 -2.015 -1.922 -1.820 -1.709 -1.587 -1.454 
-1.307 -1.148 -0.980 -0.815 -0.675 -0.589 -0.569 -0.600 -0.653 -0.708 
-0.755 -0.789 -0.810 -0.814 -0.803 -0.774 -0.730 -0.671 -0.605 -0.549 
-0.527 -0.567 -0.676 -0.832 -1.005 -1.175 -1.332 -1.477 -1.608 -1.727 
-1.836 -1.936 -2.028 -2.112 -2.190 -2.263 -2.330 -2.392 -2.449 -2.503 
-2.552 -2.598 -2.640 -2.679 -2.715 -2.748 -2.778 -2.805 -2.830 -2.852 
-2.871 -2.888 -2.903 -2.915 -2.925 -2.933 -2.939 -2.942 -2.943 -2.942 
-2.929 
-2.834 -2.813 -2.807 -2.798 -2.788 -2.774 -2.759 -2.741 -2.721 -2.699 
-2.674 -2.646 -2.616 -2.583 -2.547 -2.508 -2.466 -2.421 -2.372 -2.319 
-2.263 -2.202 -2.137 -2.067 -1.992 -1.911 -1.824 -1.730 -1.629 -1.519 
-1.401 -1.274 -1.139 -1.000 -0.865 -0.751 -0.670 -0.620 -0.595 -0.589 
-0.595 -0.608 -0.620 -0.627 -0.627 -0.618 -0.601 -0.580 -0.560 -0.553 
-0.579 -0.651 -0.761 -0.891 -1.028 -1.162 -1.290 -1.412 -1.525 -1.632 
-1.731 -1.823 -1.909 -1.990 -2.064 -2.134 -2.199 -2.259 -2.316 -2.368 
-2.417 -2.463 -2.505 -2.544 -2.580 -2.613 -2.644 -2.671 -2.697 -2.719 
-2.740 -2.758 -2.773 -2.786 -2.797 -2.806 -2.813 -2.817 -2.820 -2.820 
-2.836 
-2.954 -2.970 -2.962 -2.951 -2.939 -2.924 -2.906 -2.887 -2.864 -2.840 
-2.812 -2.782 -2.749 -2.713 -2.674 -2.632 -2.586 -2.537 -2.484 -2.427 
-2.365 -2.299 -2.228 -2.151 -2.068 -1.978 -1.881 -1.775 -1.661 -1.537 
-1.402 -1.257 -1.105 -0.950 -0.805 -0.690 -0.625 -0.612 -0.636 -0.676 
-0.715 -0.745 -0.761 -0.760 -0.742 -0.705 -0.649 -0.577 -0.505 -0.463 
-0.490 -0.598 -0.762 -0.943 -1.120 -1.283 -1.432 -1.567 -1.691 -1.804 
-1.908 -2.003 -2.091 -2.173 -2.248 -2.318 -2.383 -2.443 -2.499 -2.551 
-2.599 -2.644 -2.685 -2.723 -2.759 -2.791 -2.820 -2.847 -2.871 -2.892 
-2.911 -2.928 -2.942 -2.954 -2.964 -2.972 -2.977 -2.980 -2.981 -2.979 
-2.955 
-2.923 -2.901 -2.892 -2.880 -2.866 -2.850 -2.831 -2.809 -2.785 -2.759 
-2.730 -2.698 -2.663 -2.625 -2.583 -2.539 -2.491 -2.439 -2.383 -2.323 
-2.258 -2.188 -2.112 -2.031 -1.943 -1.848 -1.745 -1.633 -1.510 -1.374 
-1.222 -1.047 -0.872 -0.799 -0.799 -0.791 -0.790 -0.807 -0.839 -0.873 
-0.903 -0.922 -0.930 -0.925 -0.908 -0.878 -0.839 -0.793 -0.749 -0.724 
-0.740 -0.804 -0.900 -1.019 -1.154 -1.294 -1.429 -1.556 -1.674 -1.783 
-1.883 -1.976 -2.062 -2.141 -2.215 -2.283 -2.346 -2.405 -2.459 -2.510 
-2.557 -2.600 -2.640 -2.677 -2.711 -2.742 -2.770 -2.795 -2.818 -2.838 
-2.856 -2.872 -2.885 -2.896 -2.904 -2.911 -2.915 -2.916 -2.916 -2.913 
-2.925 
-2.996 -3.013 -3.003 -2.992 -2.977 -2.961 -2.942 -2.920 -2.895 -2.868 
-2.838 -2.805 -2.769 -2.730 -2.687 -2.640 -2.589 -2.534 -2.475 -2.410 
-2.339 -2.262 -2.178 -2.085 -1.982 -1.867 -1.738 -1.590 -1.417 -1.210 
-0.962 -0.689 -0.482 -0.454 -0.586 -0.743 -0.848 -0.913 -0.968 -1.028 
-1.086 -1.135 -1.172 -1.194 -1.202 -1.195 -1.173 -1.138 -1.091 -1.035 
-0.977 -0.931 -0.923 -0.976 -1.090 -1.240 -1.399 -1.550 -1.689 -1.815 
-1.929 -2.033 -2.127 -2.213 -2.292 -2.365 -2.432 -2.494 -2.551 -2.604 
-2.653 -2.698 -2.740 -2.778 -2.813 -2.845 -2.874 -2.901 -2.924 -2.945 
-2.964 -2.980 -2.994 -3.005 -3.014 -3.021 -3.025 -3.027 -3.027 -3.025 
-2.998 
-2.901 -2.876 -2.869 -2.858 -2.846 -2.832 -2.815 -2.796 -2.775 -2.751 
-2.724 -2.695 -2.664 -2.629 -2.592 -2.552 -2.508 -2.461 -2.410 -2.355 
-2.296 -2.233 -2.164 -2.090 -2.009 -1.922 -1.826 -1.720 -1.601 -1.466 
-1.307 -1.117 -0.921 -0.828 -0.788 -0.711 -0.630 -0.582 -0.584 -0.629 
-0.700 -0.777 -0.852 -0.918 -0.976 -1.024 -1.063 -1.091 -1.108 -1.114 
-1.118 -1.136 -1.186 -1.271 -1.381 -1.498 -1.609 -1.711 -1.805 -1.892 
-1.972 -2.047 -2.117 -2.183 -2.245 -2.303 -2.358 -2.409 -2.457 -2.502 
-2.545 -2.584 -2.621 -2.655 -2.686 -2.715 -2.742 -2.766 -2.788 -2.808 
-2.825 -2.840 -2.853 -2.864 -2.873 -2.880 -2.885 -2.887 -2.888 -2.886 
-2.903 
-3.038 -3.049 -3.042 -3.032 -3.021 -3.007 -2.990 -2.971 -2.950 -2.926 
-2.900 -2.870 -2.838 -2.803 -2.765 -2.724 -2.679 -2.631 -2.579 -2.522 
-2.462 -2.396 -2.326 -2.249 -2.167 -2.078 -1.981 -1.877 -1.763 -1.640 
-1.509 -1.371 -1.231 -1.098 -0.986 -0.904 -0.857 -0.844 -0.862 -0.903 
-0.954 -1.001 -1.038 -1.060 -1.066 -1.054 -1.024 -0.976 -0.915 -0.852 
-0.814 -0.828 -0.908 -1.039 -1.192 -1.344 -1.487 -1.618 -1.739 -1.849 
-1.952 -2.047 -2.136 -2.218 -2.295 -2.366 -2.433 -2.495 -2.552 -2.606 
-2.655 -2.701 -2.744 -2.784 -2.820 -2.854 -2.884 -2.912 -2.937 -2.960 
-2.980 -2.998 -3.013 -3.026 -3.037 -3.045 -3.052 -3.056 -3.057 -3.057 
-3.039 
-3.063 -3.062 -3.060 -3.054 -3.047 -3.037 -3.025 -3.011 -2.994 -2.974 
-2.952 -2.928 -2.900 -2.870 -2.837 -2.801 -2.762 -2.719 -2.672 -2.622 
-2.568 -2.510 -2.446 -2.378 -2.304 -2.225 -2.139 -2.047 -1.948 -1.843 
-1.731 -1.615 -1.495 -1.375 -1.259 -1.152 -1.058 -0.986 -0.950 -0.955 
-0.993 -1.048 -1.104 -1.153 -1.190 -1.214 -1.224 -1.220 -1.205 -1.184 
-1.169 -1.179 -1.222 -1.284 -1.352 -1.422 -1.495 -1.572 -1.655 -1.741 
-1.829 -1.916 -2.002 -2.085 -2.165 -2.241 -2.313 -2.381 -2.445 -2.505 
-2.561 -2.614 -2.663 -2.708 -2.751 -2.790 -2.826 -2.860 -2.890 -2.918 
-2.943 -2.966 -2.986 -3.004 -3.019 -3.032 -3.043 -3.051 -3.058 -3.061 
-3.062 
-3.030 -3.022 -3.013 -3.002 -2.988 -2.972 -2.953 -2.932 -2.908 -2.882 
-2.853 -2.821 -2.786 -2.747 -2.706 -2.661 -2.613 -2.561 -2.504 -2.444 
-2.378 -2.308 -2.233 -2.152 -2.065 -1.973 -1.875 -1.772 -1.666 -1.562 
-1.463 -1.378 -1.311 -1.264 -1.236 -1.220 -1.212 -1.209 -1.214 -1.231 
-1.255 -1.278 -1.295 -1.302 -1.298 -1.285 -1.264 -1.238 -1.212 -1.193 
-1.188 -1.205 -1.247 -1.312 -1.394 -1.487 -1.587 -1.688 -1.788 -1.885 
-1.978 -2.067 -2.151 -2.230 -2.305 -2.374 -2.439 -2.499 -2.555 -2.608 
-2.656 -2.701 -2.743 -2.781 -2.817 -2.849 -2.878 -2.905 -2.929 -2.951 
-2.970 -2.986 -3.000 -3.012 -3.021 -3.028 -3.033 -3.035 -3.035 -3.033 
-3.033 
-3.004 -3.003 -2.990 -2.975 -2.957 -2.936 -2.912 -2.886 -2.856 -2.823 
-2.788 -2.748 -2.705 -2.659 -2.608 -2.553 -2.493 -2.429 -2.361 -2.287 
-2.209 -2.128 -2.043 -1.958 -1.871 -1.784 -1.694 -1.601 -1.504 -1.412 
-1.334 -1.284 -1.266 -1.279 -1.313 -1.357 -1.403 -1.445 -1.481 -1.509 
-1.528 -1.535 -1.533 -1.518 -1.491 -1.450 -1.395 -1.329 -1.268 -1.244 
-1.263 -1.296 -1.332 -1.377 -1.437 -1.514 -1.606 -1.705 -1.807 -1.908 
-2.005 -2.097 -2.184 -2.264 -2.339 -2.409 -2.474 -2.534 -2.590 -2.641 
-2.688 -2.732 -2.772 -2.809 -2.843 -2.873 -2.901 -2.925 -2.947 -2.967 
-2.983 -2.997 -3.009 -3.018 -3.025 -3.029 -3.031 -3.030 -3.027 -3.022 
-3.006 
-2.901 -2.876 -2.854 -2.829 -2.801 -2.770 -2.736 -2.699 -2.658 -2.614 
-2.566 -2.514 -2.459 -2.399 -2.334 -2.265 -2.192 -2.114 -2.032 -1.946 
-1.859 -1.773 -1.690 -1.616 -1.555 -1.509 -1.479 -1.463 -1.457 -1.457 
-1.462 -1.473 -1.491 -1.515 -1.540 -1.561 -1.575 -1.580 -1.575 -1.559 
-1.532 -1.492 -1.438 -1.369 -1.283 -1.179 -1.061 -0.944 -0.863 -0.860 
-0.949 -1.096 -1.257 -1.410 -1.549 -1.676 -1.794 -1.904 -2.005 -2.100 
-2.187 -2.267 -2.341 -2.408 -2.470 -2.528 -2.580 -2.628 -2.672 -2.713 
-2.749 -2.783 -2.813 -2.840 -2.864 -2.885 -2.904 -2.919 -2.933 -2.943 
-2.951 -2.957 -2.960 -2.960 -2.959 -2.954 -2.948 -2.938 -2.927 -2.912 
-2.908 
-2.911 -2.901 -2.882 -2.861 -2.838 -2.811 -2.782 -2.750 -2.714 -2.676 
-2.634 -2.588 -2.539 -2.485 -2.428 -2.366 -2.300 -2.228 -2.152 -2.071 
-1.986 -1.897 -1.806 -1.715 -1.626 -1.544 -1.473 -1.418 -1.382 -1.367 
-1.369 -1.383 -1.403 -1.424 -1.443 -1.458 -1.468 -1.473 -1.471 -1.463 
-1.448 -1.423 -1.389 -1.344 -1.289 -1.226 -1.157 -1.093 -1.052 -1.059 
-1.126 -1.233 -1.357 -1.484 -1.607 -1.723 -1.830 -1.930 -2.022 -2.108 
-2.187 -2.260 -2.328 -2.392 -2.451 -2.506 -2.557 -2.604 -2.648 -2.688 
-2.725 -2.759 -2.790 -2.819 -2.844 -2.867 -2.887 -2.905 -2.920 -2.933 
-2.943 -2.951 -2.957 -2.960 -2.961 -2.959 -2.956 -2.950 -2.941 -2.930 
-2.916 
-2.929 -2.916 -2.907 -2.895 -2.881 -2.864 -2.845 -2.824 -2.800 -2.773 
-2.744 -2.711 -2.676 -2.638 -2.596 -2.551 -2.502 -2.450 -2.393 -2.332 
-2.267 -2.199 -2.126 -2.052 -1.976 -1.902 -1.832 -1.770 -1.717 -1.671 
-1.631 -1.593 -1.557 -1.523 -1.493 -1.470 -1.454 -1.446 -1.444 -1.446 
-1.451 -1.456 -1.460 -1.462 -1.459 -1.453 -1.443 -1.432 -1.426 -1.428 
-1.443 -1.466 -1.501 -1.555 -1.626 -1.706 -1.786 -1.863 -1.937 -2.008 
-2.077 -2.142 -2.205 -2.266 -2.323 -2.378 -2.429 -2.478 -2.525 -2.568 
-2.609 -2.647 -2.682 -2.715 -2.746 -2.774 -2.800 -2.823 -2.844 -2.862 
-2.879 -2.893 -2.905 -2.915 -2.923 -2.928 -2.932 -2.933 -2.932 -2.929 
-2.930 
-3.009 -3.003 -2.988 -2.970 -2.949 -2.926 -2.900 -2.871 -2.838 -2.803 
-2.765 -2.723 -2.677 -2.628 -2.574 -2.517 -2.455 -2.389 -2.319 -2.245 
-2.168 -2.088 -2.007 -1.929 -1.856 -1.793 -1.743 -1.709 -1.690 -1.684 
-1.688 -1.698 -1.710 -1.723 -1.734 -1.744 -1.753 -1.759 -1.764 -1.766 
-1.764 -1.757 -1.743 -1.723 -1.694 -1.656 -1.607 -1.548 -1.478 -1.400 
-1.324 -1.265 -1.247 -1.284 -1.374 -1.496 -1.628 -1.757 -1.879 -1.990 
-2.092 -2.184 -2.269 -2.347 -2.419 -2.485 -2.546 -2.602 -2.653 -2.701 
-2.745 -2.785 -2.822 -2.855 -2.886 -2.913 -2.938 -2.960 -2.979 -2.996 
-3.010 -3.022 -3.031 -3.037 -3.042 -3.043 -3.043 -3.040 -3.034 -3.026 
-3.013 
-3.085 -3.063 -3.049 -3.032 -3.012 -2.991 -2.966 -2.938 -2.908 -2.875 
-2.838 -2.799 -2.756 -2.709 -2.659 -2.605 -2.547 -2.484 -2.417 -2.346 
-2.270 -2.189 -2.104 -2.016 -1.925 -1.831 -1.734 -1.627 -1.509 -1.430 
-1.457 -1.510 -1.552 -1.587 -1.620 -1.651 -1.678 -1.700 -1.716 -1.725 
-1.727 -1.721 -1.708 -1.686 -1.657 -1.619 -1.575 -1.525 -1.472 -1.422 
-1.381 -1.356 -1.353 -1.373 -1.419 -1.518 -1.653 -1.788 -1.912 -2.024 
-2.126 -2.220 -2.306 -2.385 -2.458 -2.525 -2.587 -2.644 -2.696 -2.745 
-2.789 -2.830 -2.868 -2.902 -2.933 -2.962 -2.987 -3.009 -3.029 -3.046 
-3.061 -3.073 -3.083 -3.090 -3.095 -3.098 -3.098 -3.096 -3.091 -3.084 
-3.089 
-3.317 -3.338 -3.325 -3.310 -3.292 -3.271 -3.247 -3.220 -3.191 -3.158 
-3.121 -3.082 -3.038 -2.990 -2.938 -2.882 -2.820 -2.752 -2.679 -2.597 
-2.508 -2.409 -2.297 -2.171 -2.025 -1.853 -1.646 -1.405 -1.179 -1.071 
-1.146 -1.312 -1.470 -1.589 -1.681 -1.756 -1.819 -1.870 -1.910 -1.939 
-1.958 -1.967 -1.965 -1.954 -1.932 -1.901 -1.860 -1.809 -1.749 -1.680 
-1.602 -1.508 -1.395 -1.280 -1.225 -1.296 -1.469 -1.676 -1.869 -2.037 
-2.183 -2.310 -2.422 -2.521 -2.611 -2.692 -2.766 -2.833 -2.894 -2.950 
-3.002 -3.049 -3.092 -3.131 -3.167 -3.199 -3.228 -3.254 -3.277 -3.297 
-3.315 -3.329 -3.342 -3.351 -3.358 -3.363 -3.365 -3.365 -3.362 -3.356 
-3.320 
-3.297 -3.275 -3.264 -3.250 -3.234 -3.215 -3.193 -3.169 -3.142 -3.112 
-3.079 -3.043 -3.004 -2.961 -2.915 -2.864 -2.809 -2.750 -2.686 -2.616 
-2.540 -2.457 -2.367 -2.267 -2.157 -2.034 -1.894 -1.733 -1.555 -1.422 
-1.390 -1.384 -1.383 -1.397 -1.430 -1.475 -1.525 -1.573 -1.616 -1.650 
-1.674 -1.689 -1.693 -1.687 -1.672 -1.648 -1.616 -1.578 -1.538 -1.501 
-1.473 -1.457 -1.451 -1.448 -1.467 -1.557 -1.702 -1.853 -1.992 -2.117 
-2.230 -2.332 -2.425 -2.510 -2.588 -2.660 -2.726 -2.788 -2.844 -2.896 
-2.944 -2.988 -3.029 -3.066 -3.100 -3.131 -3.159 -3.184 -3.207 -3.227 
-3.244 -3.259 -3.271 -3.281 -3.288 -3.294 -3.296 -3.297 -3.295 -3.291 
-3.300 
-3.339 -3.348 -3.338 -3.325 -3.310 -3.293 -3.272 -3.249 -3.222 -3.193 
-3.161 -3.125 -3.086 -3.043 -2.996 -2.945 -2.889 -2.828 -2.762 -2.689 
-2.610 -2.523 -2.427 -2.322 -2.205 -2.075 -1.931 -1.774 -1.614 -1.470 
-1.379 -1.363 -1.411 -1.493 -1.582 -1.666 -1.740 -1.803 -1.855 -1.895 
-1.924 -1.942 -1.950 -1.948 -1.935 -1.911 -1.877 -1.831 -1.775 -1.707 
-1.628 -1.538 -1.443 -1.364 -1.338 -1.393 -1.513 -1.661 -1.811 -1.953 
-2.085 -2.207 -2.320 -2.423 -2.518 -2.604 -2.684 -2.757 -2.823 -2.885 
-2.941 -2.992 -3.040 -3.083 -3.123 -3.159 -3.191 -3.221 -3.247 -3.271 
-3.292 -3.309 -3.325 -3.337 -3.347 -3.355 -3.360 -3.362 -3.363 -3.360 
-3.341 
-3.256 -3.244 -3.239 -3.230 -3.220 -3.206 -3.190 -3.172 -3.151 -3.127 
-3.100 -3.070 -3.037 -3.000 -2.961 -2.917 -2.870 -2.819 -2.764 -2.704 
-2.639 -2.569 -2.493 -2.411 -2.323 -2.228 -2.126 -2.018 -1.906 -1.799 
-1.716 -1.675 -1.672 -1.690 -1.720 -1.758 -1.801 -1.844 -1.885 -1.922 
-1.952 -1.975 -1.991 -1.999 -2.000 -1.992 -1.976 -1.951 -1.918 -1.875 
-1.822 -1.760 -1.690 -1.623 -1.577 -1.567 -1.585 -1.624 -1.686 -1.768 
-1.866 -1.972 -2.079 -2.182 -2.280 -2.372 -2.458 -2.537 -2.611 -2.679 
-2.741 -2.799 -2.852 -2.901 -2.946 -2.987 -3.025 -3.059 -3.090 -3.118 
-3.143 -3.165 -3.185 -3.202 -3.216 -3.227 -3.236 -3.243 -3.247 -3.249 
-3.257 
-3.284 -3.276 -3.268 -3.259 -3.246 -3.232 -3.214 -3.194 -3.172 -3.146 
-3.118 -3.087 -3.052 -3.015 -2.974 -2.929 -2.881 -2.829 -2.772 -2.711 
-2.645 -2.574 -2.498 -2.416 -2.329 -2.236 -2.138 -2.037 -1.936 -1.842 
-1.761 -1.703 -1.672 -1.667 -1.683 -1.715 -1.754 -1.795 -1.834 -1.869 
-1.897 -1.918 -1.932 -1.937 -1.935 -1.924 -1.905 -1.877 -1.842 -1.799 
-1.750 -1.697 -1.648 -1.613 -1.606 -1.629 -1.679 -1.749 -1.835 -1.932 
-2.034 -2.136 -2.235 -2.329 -2.418 -2.500 -2.577 -2.648 -2.715 -2.776 
-2.832 -2.885 -2.933 -2.977 -3.018 -3.055 -3.090 -3.121 -3.149 -3.174 
-3.196 -3.216 -3.233 -3.248 -3.260 -3.269 -3.276 -3.281 -3.283 -3.283 
-3.285 
-3.430 -3.425 -3.415 -3.403 -3.388 -3.370 -3.350 -3.327 -3.301 -3.272 
-3.240 -3.205 -3.166 -3.124 -3.079 -3.029 -2.975 -2.916 -2.852 -2.783 
-2.708 -2.626 -2.538 -2.442 -2.338 -2.226 -2.107 -1.985 -1.865 -1.756 
-1.672 -1.621 -1.608 -1.636 -1.694 -1.763 -1.829 -1.887 -1.936 -1.974 
-2.002 -2.020 -2.027 -2.024 -2.010 -1.985 -1.949 -1.901 -1.840 -1.766 
-1.680 -1.590 -1.508 -1.460 -1.469 -1.543 -1.664 -1.806 -1.950 -2.087 
-2.214 -2.331 -2.438 -2.536 -2.626 -2.708 -2.784 -2.854 -2.918 -2.976 
-3.031 -3.081 -3.126 -3.168 -3.207 -3.242 -3.274 -3.302 -3.328 -3.351 
-3.371 -3.389 -3.403 -3.416 -3.425 -3.433 -3.437 -3.440 -3.440 -3.437 
-3.432 
-3.555 -3.569 -3.559 -3.547 -3.532 -3.515 -3.494 -3.472 -3.446 -3.417 
-3.385 -3.350 -3.312 -3.270 -3.224 -3.174 -3.119 -3.060 -2.995 -2.925 
-2.849 -2.766 -2.675 -2.576 -2.468 -2.350 -2.224 -2.090 -1.952 -1.814 
-1.683 -1.571 -1.505 -1.509 -1.577 -1.675 -1.776 -1.865 -1.938 -1.995 
-2.038 -2.066 -2.081 -2.083 -2.074 -2.051 -2.016 -1.967 -1.904 -1.827 
-1.740 -1.650 -1.571 -1.522 -1.525 -1.593 -1.717 -1.869 -2.026 -2.176 
-2.313 -2.439 -2.552 -2.655 -2.748 -2.834 -2.912 -2.983 -3.049 -3.109 
-3.165 -3.215 -3.262 -3.305 -3.344 -3.380 -3.412 -3.441 -3.468 -3.491 
-3.511 -3.529 -3.544 -3.557 -3.567 -3.575 -3.580 -3.582 -3.583 -3.580 
-3.556 
-3.458 -3.433 -3.419 -3.403 -3.384 -3.363 -3.338 -3.311 -3.281 -3.247 
-3.211 -3.171 -3.127 -3.079 -3.027 -2.970 -2.909 -2.842 -2.770 -2.691 
-2.606 -2.513 -2.412 -2.303 -2.185 -2.061 -1.934 -1.813 -1.709 -1.638 
-1.606 -1.608 -1.635 -1.686 -1.756 -1.828 -1.892 -1.944 -1.984 -2.011 
-2.027 -2.032 -2.026 -2.008 -1.979 -1.938 -1.883 -1.816 -1.737 -1.650 
-1.565 -1.500 -1.479 -1.512 -1.595 -1.714 -1.853 -1.996 -2.133 -2.261 
-2.378 -2.485 -2.582 -2.671 -2.753 -2.828 -2.896 -2.959 -3.017 -3.070 
-3.119 -3.164 -3.205 -3.242 -3.276 -3.307 -3.335 -3.360 -3.381 -3.401 
-3.417 -3.431 -3.442 -3.451 -3.457 -3.461 -3.463 -3.462 -3.458 -3.452 
-3.461 
-3.538 -3.539 -3.527 -3.511 -3.493 -3.473 -3.449 -3.422 -3.393 -3.360 
-3.323 -3.283 -3.240 -3.192 -3.139 -3.082 -3.020 -2.952 -2.878 -2.798 
-2.709 -2.612 -2.505 -2.387 -2.257 -2.114 -1.961 -1.806 -1.679 -1.636 
-1.670 -1.739 -1.824 -1.913 -1.997 -2.071 -2.134 -2.186 -2.226 -2.257 
-2.277 -2.287 -2.288 -2.279 -2.260 -2.232 -2.193 -2.143 -2.082 -2.013 
-1.938 -1.868 -1.817 -1.794 -1.801 -1.844 -1.927 -2.038 -2.160 -2.284 
-2.402 -2.512 -2.615 -2.709 -2.796 -2.876 -2.949 -3.016 -3.078 -3.135 
-3.188 -3.236 -3.280 -3.320 -3.356 -3.390 -3.420 -3.446 -3.470 -3.491 
-3.510 -3.525 -3.538 -3.548 -3.556 -3.561 -3.564 -3.564 -3.562 -3.557 
-3.541 
-3.560 -3.548 -3.535 -3.521 -3.503 -3.482 -3.458 -3.432 -3.401 -3.368 
-3.331 -3.290 -3.245 -3.196 -3.141 -3.082 -3.016 -2.944 -2.865 -2.777 
-2.679 -2.569 -2.445 -2.304 -2.140 -1.952 -1.739 -1.528 -1.385 -1.376 
-1.485 -1.632 -1.759 -1.861 -1.951 -2.036 -2.114 -2.180 -2.234 -2.276 
-2.306 -2.324 -2.333 -2.331 -2.318 -2.296 -2.263 -2.218 -2.161 -2.090 
-2.006 -1.909 -1.804 -1.705 -1.638 -1.634 -1.703 -1.828 -1.978 -2.131 
-2.275 -2.407 -2.526 -2.635 -2.733 -2.822 -2.903 -2.977 -3.044 -3.106 
-3.163 -3.214 -3.262 -3.305 -3.344 -3.379 -3.411 -3.440 -3.466 -3.489 
-3.508 -3.525 -3.539 -3.551 -3.560 -3.566 -3.569 -3.570 -3.568 -3.564 
-3.563 
-3.559 -3.567 -3.559 -3.548 -3.534 -3.518 -3.499 -3.477 -3.453 -3.425 
-3.395 -3.361 -3.324 -3.283 -3.239 -3.190 -3.138 -3.081 -3.018 -2.951 
-2.877 -2.797 -2.708 -2.610 -2.499 -2.372 -2.223 -2.054 -1.906 -1.843 
-1.823 -1.775 -1.718 -1.692 -1.715 -1.777 -1.857 -1.938 -2.010 -2.070 
-2.116 -2.150 -2.172 -2.182 -2.180 -2.167 -2.143 -2.107 -2.061 -2.003 
-1.938 -1.869 -1.799 -1.732 -1.680 -1.663 -1.700 -1.789 -1.914 -2.054 
-2.194 -2.327 -2.450 -2.563 -2.665 -2.758 -2.843 -2.921 -2.993 -3.058 
-3.118 -3.173 -3.223 -3.269 -3.312 -3.350 -3.385 -3.417 -3.445 -3.471 
-3.493 -3.513 -3.530 -3.545 -3.556 -3.565 -3.572 -3.576 -3.578 -3.577 
-3.560 
-3.463 -3.435 -3.421 -3.404 -3.384 -3.363 -3.338 -3.311 -3.281 -3.248 
-3.212 -3.173 -3.130 -3.085 -3.036 -2.984 -2.928 -2.869 -2.806 -2.739 
-2.670 -2.598 -2.523 -2.447 -2.372 -2.299 -2.234 -2.181 -2.144 -2.119 
-2.099 -2.077 -2.058 -2.054 -2.072 -2.105 -2.139 -2.168 -2.187 -2.197 
-2.198 -2.190 -2.172 -2.145 -2.109 -2.063 -2.006 -1.941 -1.867 -1.790 
-1.715 -1.653 -1.622 -1.658 -1.746 -1.849 -1.958 -2.075 -2.198 -2.318 
-2.431 -2.535 -2.630 -2.717 -2.796 -2.868 -2.935 -2.996 -3.051 -3.103 
-3.149 -3.192 -3.232 -3.267 -3.300 -3.329 -3.355 -3.378 -3.399 -3.416 
-3.432 -3.444 -3.454 -3.462 -3.467 -3.469 -3.470 -3.468 -3.463 -3.456 
-3.468 
-3.592 -3.604 -3.588 -3.570 -3.549 -3.526 -3.499 -3.469 -3.436 -3.400 
-3.361 -3.317 -3.270 -3.219 -3.163 -3.102 -3.036 -2.965 -2.887 -2.803 
-2.712 -2.613 -2.506 -2.393 -2.278 -2.167 -2.074 -2.013 -1.991 -2.006 
-2.046 -2.097 -2.151 -2.203 -2.250 -2.291 -2.324 -2.350 -2.367 -2.376 
-2.376 -2.367 -2.348 -2.319 -2.278 -2.225 -2.158 -2.074 -1.970 -1.843 
-1.693 -1.543 -1.451 -1.486 -1.636 -1.828 -2.013 -2.178 -2.326 -2.459 
-2.580 -2.688 -2.787 -2.876 -2.957 -3.032 -3.100 -3.162 -3.219 -3.272 
-3.319 -3.363 -3.403 -3.439 -3.472 -3.502 -3.528 -3.552 -3.573 -3.590 
-3.606 -3.618 -3.628 -3.635 -3.640 -3.643 -3.642 -3.640 -3.634 -3.627 
-3.595 
-3.529 -3.513 -3.503 -3.490 -3.474 -3.456 -3.435 -3.411 -3.384 -3.355 
-3.322 -3.286 -3.246 -3.203 -3.157 -3.106 -3.050 -2.991 -2.926 -2.856 
-2.780 -2.698 -2.610 -2.517 -2.417 -2.315 -2.215 -2.121 -2.039 -1.972 
-1.928 -1.921 -1.947 -1.991 -2.041 -2.090 -2.136 -2.176 -2.209 -2.234 
-2.252 -2.261 -2.262 -2.255 -2.239 -2.213 -2.178 -2.132 -2.074 -2.003 
-1.918 -1.822 -1.740 -1.718 -1.742 -1.786 -1.854 -1.949 -2.064 -2.186 
-2.306 -2.420 -2.526 -2.624 -2.715 -2.798 -2.874 -2.944 -3.009 -3.068 
-3.123 -3.173 -3.219 -3.261 -3.299 -3.334 -3.366 -3.395 -3.421 -3.443 
-3.463 -3.481 -3.495 -3.507 -3.517 -3.523 -3.528 -3.530 -3.529 -3.526 
-3.531 
-3.525 -3.520 -3.510 -3.497 -3.482 -3.464 -3.443 -3.419 -3.393 -3.363 
-3.330 -3.293 -3.253 -3.208 -3.160 -3.107 -3.050 -2.986 -2.918 -2.842 
-2.759 -2.668 -2.567 -2.455 -2.331 -2.192 -2.041 -1.882 -1.739 -1.640 
-1.595 -1.606 -1.669 -1.762 -1.862 -1.955 -2.036 -2.103 -2.158 -2.200 
-2.231 -2.252 -2.263 -2.264 -2.255 -2.237 -2.209 -2.172 -2.126 -2.072 
-2.012 -1.949 -1.884 -1.820 -1.765 -1.737 -1.752 -1.819 -1.926 -2.055 
-2.188 -2.317 -2.437 -2.547 -2.648 -2.740 -2.824 -2.901 -2.971 -3.035 
-3.094 -3.148 -3.197 -3.242 -3.284 -3.321 -3.355 -3.386 -3.413 -3.438 
-3.459 -3.478 -3.494 -3.507 -3.518 -3.526 -3.531 -3.534 -3.534 -3.532 
-3.527 
-3.549 -3.534 -3.519 -3.501 -3.480 -3.456 -3.430 -3.400 -3.367 -3.330 
-3.290 -3.247 -3.199 -3.146 -3.089 -3.026 -2.958 -2.883 -2.801 -2.710 
-2.610 -2.498 -2.374 -2.234 -2.078 -1.904 -1.721 -1.552 -1.440 -1.420 
-1.483 -1.590 -1.710 -1.824 -1.924 -2.006 -2.073 -2.125 -2.164 -2.191 
-2.207 -2.212 -2.206 -2.191 -2.166 -2.132 -2.089 -2.039 -1.986 -1.935 
-1.895 -1.875 -1.879 -1.904 -1.937 -1.973 -2.026 -2.113 -2.229 -2.355 
-2.476 -2.589 -2.691 -2.784 -2.868 -2.945 -3.015 -3.079 -3.137 -3.191 
-3.240 -3.284 -3.325 -3.362 -3.395 -3.426 -3.453 -3.477 -3.498 -3.516 
-3.532 -3.545 -3.555 -3.563 -3.568 -3.571 -3.571 -3.569 -3.564 -3.556 
-3.553 
-3.617 -3.617 -3.603 -3.586 -3.566 -3.542 -3.516 -3.486 -3.453 -3.416 
-3.375 -3.330 -3.280 -3.225 -3.165 -3.098 -3.025 -2.944 -2.855 -2.756 
-2.647 -2.530 -2.405 -2.275 -2.138 -1.987 -1.830 -1.703 -1.651 -1.693 
-1.805 -1.941 -2.070 -2.181 -2.275 -2.352 -2.415 -2.464 -2.502 -2.530 
-2.548 -2.556 -2.555 -2.546 -2.528 -2.500 -2.464 -2.419 -2.365 -2.305 
-2.241 -2.174 -2.102 -2.020 -1.932 -1.858 -1.834 -1.878 -1.979 -2.113 
-2.260 -2.405 -2.539 -2.661 -2.770 -2.869 -2.957 -3.037 -3.109 -3.175 
-3.234 -3.288 -3.338 -3.382 -3.422 -3.459 -3.491 -3.521 -3.546 -3.569 
-3.588 -3.605 -3.619 -3.629 -3.637 -3.643 -3.645 -3.645 -3.642 -3.636 
-3.620 
-3.586 -3.568 -3.551 -3.531 -3.507 -3.480 -3.449 -3.414 -3.374 -3.331 
-3.282 -3.228 -3.169 -3.103 -3.030 -2.950 -2.861 -2.762 -2.655 -2.539 
-2.417 -2.299 -2.197 -2.130 -2.105 -2.111 -2.122 -2.124 -2.154 -2.239 
-2.351 -2.460 -2.555 -2.635 -2.701 -2.755 -2.799 -2.833 -2.860 -2.879 
-2.890 -2.895 -2.893 -2.884 -2.868 -2.844 -2.814 -2.775 -2.727 -2.670 
-2.602 -2.522 -2.429 -2.323 -2.208 -2.095 -2.004 -1.952 -1.949 -2.003 
-2.109 -2.245 -2.388 -2.524 -2.649 -2.761 -2.862 -2.952 -3.033 -3.106 
-3.172 -3.232 -3.285 -3.334 -3.377 -3.416 -3.451 -3.482 -3.509 -3.532 
-3.552 -3.569 -3.583 -3.593 -3.601 -3.605 -3.607 -3.605 -3.600 -3.593 
-3.593 
