IRGRID 64 91
1e+308

0.025 0.03 0.035 0.04 0.045 0.05 0.055 0.06 0.065 0.07
0.075 0.08 0.085 0.09 0.095 0.1 0.11 0.12 0.13 0.14
0.15 0.16 0.17 0.18 0.19 0.2 0.21 0.22 0.23 0.24
0.25 0.26 0.27 0.28 0.29 0.3 0.31 0.32 0.33 0.34
0.35 0.36 0.37 0.38 0.39 0.4 0.41 0.42 0.43 0.44
0.45 0.46 0.47 0.48 0.49 0.5 0.51 0.52 0.53 0.54
0.55 0.56 0.57 0.58
0 4 8 12 16 20 24 28 32 36
40 44 48 52 56 60 64 68 72 76
80 84 88 92 96 100 104 108 112 116
120 124 128 132 136 140 144 148 152 156
160 164 168 172 176 180 184 188 192 196
200 204 208 212 216 220 224 228 232 236
240 244 248 252 256 260 264 268 272 276
280 284 288 292 296 300 304 308 312 316
320 324 328 332 336 340 344 348 352 356
360
-2.273 -2.309 -2.300 -2.291 -2.282 -2.273 -2.265 -2.258 -2.253 -2.249 
-2.246 -2.245 -2.246 -2.249 -2.254 -2.261 -2.269 -2.279 -2.290 -2.302 
-2.314 -2.327 -2.340 -2.352 -2.364 -2.375 -2.385 -2.393 -2.399 -2.404 
-2.407 -2.407 -2.406 -2.402 -2.395 -2.385 -2.373 -2.357 -2.338 -2.316 
-2.290 -2.260 -2.226 -2.187 -2.143 -2.093 -2.037 -1.973 -1.901 -1.818 
-1.724 -1.614 -1.484 -1.327 -1.131 -0.869 -0.478 0.023 0.372 0.005 
-0.533 -0.892 -1.141 -1.329 -1.480 -1.605 -1.711 -1.802 -1.881 -1.950 
-2.010 -2.063 -2.110 -2.151 -2.187 -2.218 -2.245 -2.268 -2.288 -2.304 
-2.317 -2.327 -2.334 -2.339 -2.342 -2.342 -2.340 -2.336 -2.331 -2.325 
-2.275 
-1.583 -1.649 -1.648 -1.653 -1.665 -1.680 -1.698 -1.716 -1.734 -1.749 
-1.763 -1.775 -1.785 -1.795 -1.804 -1.814 -1.824 -1.835 -1.846 -1.859 
-1.871 -1.885 -1.898 -1.911 -1.924 -1.936 -1.947 -1.956 -1.964 -1.970 
-1.974 -1.976 -1.976 -1.973 -1.967 -1.959 -1.947 -1.933 -1.915 -1.893 
-1.868 -1.839 -1.805 -1.767 -1.723 -1.673 -1.617 -1.553 -1.480 -1.398 
-1.302 -1.191 -1.060 -0.902 -0.703 -0.440 -0.055 0.561 0.787 0.364 
-0.107 -0.471 -0.720 -0.907 -1.056 -1.178 -1.281 -1.368 -1.443 -1.508 
-1.564 -1.613 -1.654 -1.689 -1.719 -1.743 -1.762 -1.777 -1.786 -1.792 
-1.793 -1.790 -1.784 -1.773 -1.760 -1.743 -1.725 -1.706 -1.687 -1.670 
-1.584 
-1.066 -1.028 -1.031 -1.044 -1.067 -1.097 -1.131 -1.168 -1.204 -1.237 
-1.265 -1.284 -1.294 -1.293 -1.278 -1.250 -1.207 -1.152 -1.089 -1.026 
-0.978 -0.958 -0.974 -1.021 -1.087 -1.159 -1.229 -1.294 -1.350 -1.399 
-1.439 -1.473 -1.499 -1.518 -1.532 -1.540 -1.542 -1.539 -1.531 -1.518 
-1.500 -1.476 -1.447 -1.413 -1.372 -1.325 -1.270 -1.207 -1.134 -1.051 
-0.954 -0.840 -0.703 -0.535 -0.317 -0.007 0.542 1.025 1.105 0.688 
0.533 1.191 0.189 -0.227 -0.468 -0.636 -0.764 -0.865 -0.948 -1.016 
-1.073 -1.121 -1.159 -1.191 -1.215 -1.234 -1.246 -1.253 -1.255 -1.252 
-1.244 -1.232 -1.216 -1.196 -1.173 -1.148 -1.121 -1.095 -1.070 -1.049 
-1.070 
-1.185 -1.201 -1.189 -1.177 -1.164 -1.148 -1.128 -1.103 -1.072 -1.035 
-0.991 -0.940 -0.881 -0.815 -0.741 -0.659 -0.571 -0.478 -0.387 -0.305 
-0.244 -0.215 -0.220 -0.253 -0.301 -0.350 -0.392 -0.426 -0.456 -0.488 
-0.525 -0.567 -0.612 -0.658 -0.701 -0.740 -0.775 -0.804 -0.828 -0.846 
-0.859 -0.866 -0.867 -0.862 -0.852 -0.835 -0.812 -0.783 -0.746 -0.701 
-0.646 -0.581 -0.503 -0.408 -0.291 -0.140 0.077 0.516 0.706 0.936 
1.939 1.848 1.336 0.540 0.174 -0.071 -0.257 -0.407 -0.532 -0.638 
-0.731 -0.811 -0.881 -0.943 -0.997 -1.045 -1.087 -1.123 -1.154 -1.180 
-1.202 -1.219 -1.232 -1.241 -1.246 -1.247 -1.245 -1.240 -1.232 -1.222 
-1.188 
-1.112 -1.110 -1.104 -1.095 -1.083 -1.068 -1.050 -1.029 -1.004 -0.976 
-0.944 -0.908 -0.869 -0.825 -0.776 -0.722 -0.663 -0.599 -0.532 -0.462 
-0.394 -0.330 -0.270 -0.210 -0.148 -0.085 -0.026 0.023 0.056 0.068 
0.061 0.036 -0.001 -0.045 -0.091 -0.137 -0.180 -0.219 -0.253 -0.282 
-0.305 -0.322 -0.333 -0.338 -0.336 -0.329 -0.314 -0.293 -0.263 -0.226 
-0.179 -0.121 -0.051 0.035 0.140 0.271 0.440 0.668 1.021 1.916 
2.452 2.073 1.235 0.741 0.439 0.217 0.040 -0.107 -0.232 -0.341 
-0.436 -0.521 -0.596 -0.664 -0.725 -0.779 -0.829 -0.873 -0.913 -0.948 
-0.980 -1.008 -1.032 -1.053 -1.071 -1.085 -1.097 -1.105 -1.111 -1.113 
-1.113 
-0.851 -0.877 -0.873 -0.866 -0.857 -0.846 -0.832 -0.816 -0.798 -0.777 
-0.754 -0.729 -0.702 -0.673 -0.641 -0.607 -0.570 -0.530 -0.487 -0.440 
-0.389 -0.334 -0.274 -0.211 -0.145 -0.079 -0.015 0.043 0.089 0.121 
0.137 0.135 0.119 0.092 0.058 0.022 -0.015 -0.050 -0.081 -0.107 
-0.129 -0.145 -0.156 -0.160 -0.159 -0.151 -0.137 -0.116 -0.087 -0.051 
-0.005 0.051 0.119 0.202 0.303 0.427 0.586 0.797 1.106 1.641 
2.221 2.032 1.832 1.121 0.757 0.506 0.314 0.157 0.025 -0.088 
-0.186 -0.274 -0.351 -0.420 -0.482 -0.537 -0.587 -0.632 -0.672 -0.708 
-0.740 -0.768 -0.793 -0.814 -0.832 -0.847 -0.859 -0.868 -0.874 -0.878 
-0.851 
-0.551 -0.529 -0.527 -0.522 -0.515 -0.506 -0.495 -0.483 -0.469 -0.454 
-0.438 -0.423 -0.407 -0.392 -0.378 -0.365 -0.353 -0.343 -0.336 -0.329 
-0.324 -0.320 -0.317 -0.313 -0.308 -0.302 -0.294 -0.285 -0.277 -0.271 
-0.271 -0.276 -0.286 -0.299 -0.313 -0.327 -0.339 -0.348 -0.353 -0.354 
-0.351 -0.344 -0.333 -0.317 -0.297 -0.272 -0.241 -0.205 -0.163 -0.115 
-0.059 0.006 0.081 0.168 0.270 0.391 0.538 0.724 0.972 1.350 
2.041 2.292 2.342 1.853 1.206 0.881 0.658 0.488 0.351 0.239 
0.145 0.065 -0.003 -0.061 -0.111 -0.154 -0.193 -0.228 -0.261 -0.294 
-0.326 -0.359 -0.390 -0.419 -0.446 -0.469 -0.488 -0.504 -0.515 -0.523 
-0.553 
-0.677 -0.725 -0.767 -0.805 -0.838 -0.867 -0.891 -0.911 -0.927 -0.940 
-0.950 -0.957 -0.961 -0.964 -0.966 -0.967 -0.968 -0.970 -0.972 -0.975 
-0.979 -0.984 -0.990 -0.997 -1.004 -1.010 -1.017 -1.023 -1.027 -1.031 
-1.033 -1.032 -1.030 -1.025 -1.018 -1.008 -0.995 -0.979 -0.959 -0.936 
-0.910 -0.880 -0.845 -0.806 -0.763 -0.714 -0.660 -0.599 -0.532 -0.457 
-0.374 -0.279 -0.173 -0.051 0.091 0.259 0.465 0.733 1.129 1.800 
2.263 2.022 1.802 1.135 0.825 0.627 0.484 0.376 0.294 0.230 
0.181 0.143 0.115 0.094 0.078 0.063 0.049 0.030 0.006 -0.027 
-0.070 -0.121 -0.179 -0.243 -0.309 -0.377 -0.443 -0.508 -0.568 -0.625 
-0.657 
-0.731 -0.778 -0.818 -0.857 -0.895 -0.932 -0.968 -1.002 -1.035 -1.066 
-1.096 -1.123 -1.149 -1.173 -1.194 -1.214 -1.232 -1.248 -1.261 -1.273 
-1.282 -1.290 -1.295 -1.299 -1.300 -1.299 -1.297 -1.292 -1.284 -1.275 
-1.263 -1.249 -1.233 -1.214 -1.193 -1.170 -1.143 -1.114 -1.082 -1.047 
-1.009 -0.967 -0.922 -0.872 -0.819 -0.761 -0.697 -0.628 -0.553 -0.470 
-0.379 -0.278 -0.165 -0.037 0.111 0.286 0.499 0.775 1.174 1.750 
2.189 1.829 1.560 1.106 0.783 0.581 0.433 0.318 0.225 0.149 
0.085 0.030 -0.017 -0.058 -0.094 -0.128 -0.160 -0.192 -0.225 -0.261 
-0.299 -0.340 -0.384 -0.429 -0.474 -0.520 -0.565 -0.609 -0.653 -0.695 
-0.719 
-0.636 -0.644 -0.674 -0.706 -0.741 -0.777 -0.814 -0.851 -0.888 -0.926 
-0.962 -0.997 -1.031 -1.064 -1.095 -1.124 -1.151 -1.176 -1.199 -1.220 
-1.239 -1.256 -1.271 -1.283 -1.294 -1.302 -1.308 -1.312 -1.314 -1.313 
-1.310 -1.305 -1.297 -1.287 -1.274 -1.259 -1.242 -1.221 -1.198 -1.172 
-1.143 -1.111 -1.075 -1.035 -0.992 -0.944 -0.892 -0.835 -0.772 -0.703 
-0.626 -0.542 -0.447 -0.340 -0.217 -0.075 0.094 0.306 0.588 1.020 
1.643 1.628 1.899 1.579 1.052 0.675 0.440 0.270 0.140 0.035 
-0.050 -0.122 -0.182 -0.233 -0.276 -0.313 -0.345 -0.373 -0.396 -0.417 
-0.436 -0.453 -0.469 -0.483 -0.498 -0.514 -0.530 -0.548 -0.568 -0.591 
-0.627 
-0.739 -0.779 -0.810 -0.842 -0.873 -0.905 -0.937 -0.968 -1.000 -1.031 
-1.063 -1.093 -1.123 -1.153 -1.181 -1.208 -1.233 -1.257 -1.279 -1.299 
-1.317 -1.334 -1.348 -1.359 -1.369 -1.377 -1.382 -1.385 -1.385 -1.384 
-1.380 -1.373 -1.364 -1.353 -1.339 -1.322 -1.302 -1.280 -1.255 -1.226 
-1.195 -1.160 -1.121 -1.078 -1.031 -0.980 -0.923 -0.861 -0.792 -0.716 
-0.631 -0.537 -0.430 -0.308 -0.167 0.003 0.213 0.496 0.945 1.589 
1.720 1.565 1.457 0.942 0.557 0.323 0.156 0.029 -0.073 -0.156 
-0.224 -0.281 -0.328 -0.368 -0.402 -0.430 -0.454 -0.475 -0.493 -0.510 
-0.526 -0.541 -0.557 -0.575 -0.594 -0.615 -0.638 -0.663 -0.690 -0.718 
-0.728 
-0.752 -0.739 -0.738 -0.738 -0.739 -0.743 -0.750 -0.760 -0.774 -0.791 
-0.811 -0.834 -0.859 -0.885 -0.913 -0.940 -0.968 -0.995 -1.021 -1.045 
-1.068 -1.089 -1.109 -1.126 -1.141 -1.153 -1.164 -1.172 -1.177 -1.180 
-1.180 -1.178 -1.173 -1.165 -1.154 -1.141 -1.124 -1.104 -1.080 -1.054 
-1.023 -0.989 -0.950 -0.906 -0.858 -0.804 -0.744 -0.676 -0.601 -0.516 
-0.420 -0.310 -0.183 -0.034 0.145 0.365 0.637 1.012 1.585 1.947 
1.618 1.064 0.615 0.349 0.162 0.019 -0.095 -0.189 -0.267 -0.334 
-0.391 -0.440 -0.483 -0.520 -0.553 -0.583 -0.609 -0.632 -0.653 -0.671 
-0.687 -0.701 -0.713 -0.723 -0.730 -0.736 -0.740 -0.742 -0.743 -0.742 
-0.756 
-0.914 -0.958 -0.987 -1.015 -1.040 -1.065 -1.088 -1.111 -1.134 -1.156 
-1.179 -1.201 -1.222 -1.243 -1.263 -1.281 -1.298 -1.313 -1.326 -1.338 
-1.347 -1.354 -1.358 -1.361 -1.361 -1.358 -1.353 -1.346 -1.336 -1.324 
-1.309 -1.291 -1.271 -1.248 -1.222 -1.192 -1.160 -1.125 -1.085 -1.043 
-0.996 -0.945 -0.889 -0.829 -0.762 -0.690 -0.611 -0.523 -0.427 -0.319 
-0.199 -0.062 0.095 0.277 0.490 0.730 0.960 1.111 1.227 1.517 
0.990 0.696 0.501 0.358 0.246 0.158 0.086 0.027 -0.022 -0.062 
-0.096 -0.124 -0.150 -0.173 -0.197 -0.223 -0.255 -0.294 -0.340 -0.391 
-0.447 -0.503 -0.560 -0.615 -0.668 -0.718 -0.766 -0.810 -0.852 -0.890 
-0.902 
-0.763 -0.803 -0.813 -0.823 -0.838 -0.864 -0.901 -0.949 -1.003 -1.059 
-1.114 -1.165 -1.212 -1.255 -1.293 -1.326 -1.356 -1.381 -1.403 -1.421 
-1.436 -1.448 -1.457 -1.462 -1.466 -1.466 -1.463 -1.458 -1.450 -1.440 
-1.426 -1.410 -1.392 -1.370 -1.346 -1.318 -1.287 -1.254 -1.216 -1.175 
-1.131 -1.082 -1.029 -0.971 -0.908 -0.839 -0.764 -0.682 -0.591 -0.491 
-0.380 -0.255 -0.113 0.051 0.244 0.475 0.753 1.088 1.485 1.597 
1.359 1.036 0.773 0.589 0.455 0.356 0.282 0.228 0.190 0.165 
0.149 0.142 0.139 0.137 0.133 0.120 0.095 0.055 -0.001 -0.070 
-0.149 -0.233 -0.319 -0.402 -0.481 -0.554 -0.620 -0.676 -0.723 -0.760 
-0.747 
-0.468 -0.397 -0.355 -0.324 -0.313 -0.323 -0.357 -0.410 -0.476 -0.549 
-0.625 -0.700 -0.772 -0.840 -0.903 -0.961 -1.014 -1.063 -1.106 -1.146 
-1.181 -1.211 -1.238 -1.262 -1.281 -1.297 -1.310 -1.320 -1.326 -1.328 
-1.328 -1.324 -1.317 -1.307 -1.293 -1.275 -1.254 -1.230 -1.201 -1.168 
-1.131 -1.089 -1.042 -0.989 -0.930 -0.863 -0.788 -0.704 -0.608 -0.497 
-0.368 -0.214 -0.027 0.201 0.449 0.605 0.706 1.137 1.573 1.544 
1.111 0.651 0.386 0.206 0.074 -0.024 -0.098 -0.154 -0.195 -0.225 
-0.247 -0.263 -0.277 -0.292 -0.310 -0.334 -0.366 -0.404 -0.448 -0.494 
-0.537 -0.575 -0.603 -0.621 -0.626 -0.620 -0.602 -0.574 -0.537 -0.493 
-0.494 
-0.831 -0.876 -0.873 -0.871 -0.878 -0.898 -0.931 -0.976 -1.027 -1.080 
-1.132 -1.180 -1.223 -1.261 -1.295 -1.324 -1.348 -1.369 -1.385 -1.398 
-1.407 -1.413 -1.416 -1.416 -1.412 -1.406 -1.397 -1.385 -1.371 -1.353 
-1.332 -1.308 -1.282 -1.252 -1.218 -1.181 -1.141 -1.096 -1.048 -0.995 
-0.937 -0.873 -0.804 -0.728 -0.645 -0.552 -0.450 -0.336 -0.207 -0.059 
0.112 0.314 0.555 0.827 1.064 1.160 1.103 1.112 1.264 1.043 
0.657 0.465 0.341 0.254 0.192 0.147 0.116 0.096 0.083 0.075 
0.067 0.057 0.041 0.014 -0.025 -0.076 -0.138 -0.209 -0.284 -0.361 
-0.436 -0.509 -0.578 -0.642 -0.699 -0.749 -0.792 -0.826 -0.852 -0.868 
-0.821 
-1.021 -1.032 -1.067 -1.100 -1.131 -1.161 -1.188 -1.213 -1.237 -1.259 
-1.278 -1.296 -1.312 -1.325 -1.337 -1.347 -1.355 -1.361 -1.365 -1.367 
-1.367 -1.365 -1.361 -1.355 -1.347 -1.336 -1.324 -1.309 -1.292 -1.272 
-1.250 -1.226 -1.199 -1.169 -1.136 -1.100 -1.061 -1.018 -0.972 -0.921 
-0.866 -0.807 -0.742 -0.671 -0.593 -0.507 -0.412 -0.306 -0.186 -0.051 
0.103 0.274 0.450 0.619 0.794 0.974 1.223 1.516 1.599 1.351 
1.017 0.760 0.575 0.435 0.325 0.235 0.159 0.095 0.038 -0.012 
-0.058 -0.101 -0.143 -0.186 -0.231 -0.279 -0.330 -0.382 -0.435 -0.488 
-0.540 -0.591 -0.642 -0.691 -0.739 -0.786 -0.831 -0.874 -0.916 -0.957 
-1.006 
-1.198 -1.265 -1.296 -1.325 -1.351 -1.376 -1.398 -1.417 -1.435 -1.450 
-1.464 -1.475 -1.484 -1.491 -1.496 -1.499 -1.499 -1.498 -1.494 -1.488 
-1.480 -1.470 -1.458 -1.443 -1.425 -1.406 -1.384 -1.359 -1.332 -1.302 
-1.269 -1.233 -1.194 -1.151 -1.105 -1.055 -1.002 -0.943 -0.880 -0.812 
-0.739 -0.658 -0.571 -0.476 -0.372 -0.257 -0.130 0.011 0.169 0.344 
0.534 0.724 0.881 0.961 0.948 0.885 0.856 0.975 1.030 0.765 
0.568 0.445 0.358 0.289 0.229 0.173 0.117 0.058 -0.003 -0.066 
-0.132 -0.199 -0.267 -0.335 -0.401 -0.467 -0.532 -0.595 -0.657 -0.717 
-0.775 -0.830 -0.884 -0.936 -0.985 -1.032 -1.077 -1.119 -1.159 -1.197 
-1.191 
-1.096 -1.101 -1.135 -1.166 -1.195 -1.222 -1.246 -1.268 -1.287 -1.304 
-1.320 -1.332 -1.343 -1.352 -1.358 -1.362 -1.364 -1.364 -1.362 -1.357 
-1.351 -1.342 -1.331 -1.317 -1.301 -1.283 -1.262 -1.239 -1.213 -1.184 
-1.153 -1.118 -1.080 -1.039 -0.995 -0.946 -0.894 -0.837 -0.775 -0.708 
-0.635 -0.556 -0.469 -0.374 -0.268 -0.151 -0.019 0.130 0.299 0.483 
0.656 0.787 0.891 0.956 0.943 0.861 0.747 0.631 0.528 0.441 
0.369 0.311 0.263 0.224 0.191 0.162 0.134 0.105 0.071 0.033 
-0.009 -0.056 -0.106 -0.158 -0.213 -0.270 -0.328 -0.388 -0.449 -0.510 
-0.570 -0.629 -0.686 -0.742 -0.795 -0.846 -0.895 -0.941 -0.985 -1.026 
-1.081 
-1.252 -1.296 -1.326 -1.355 -1.380 -1.404 -1.424 -1.443 -1.458 -1.472 
-1.483 -1.492 -1.499 -1.503 -1.506 -1.506 -1.503 -1.499 -1.492 -1.483 
-1.471 -1.457 -1.441 -1.422 -1.401 -1.377 -1.350 -1.321 -1.288 -1.253 
-1.214 -1.171 -1.125 -1.076 -1.021 -0.963 -0.899 -0.830 -0.755 -0.673 
-0.583 -0.485 -0.376 -0.255 -0.119 0.035 0.209 0.408 0.626 0.835 
0.975 0.996 0.921 0.815 0.708 0.600 0.502 0.422 0.360 0.315 
0.284 0.267 0.259 0.258 0.261 0.262 0.257 0.238 0.203 0.148 
0.078 -0.004 -0.093 -0.185 -0.276 -0.365 -0.450 -0.532 -0.610 -0.684 
-0.754 -0.821 -0.883 -0.942 -0.998 -1.050 -1.098 -1.144 -1.186 -1.225 
-1.242 
-1.311 -1.346 -1.375 -1.401 -1.425 -1.447 -1.466 -1.483 -1.498 -1.511 
-1.521 -1.529 -1.535 -1.539 -1.541 -1.540 -1.538 -1.533 -1.526 -1.517 
-1.506 -1.492 -1.476 -1.458 -1.437 -1.413 -1.387 -1.359 -1.327 -1.293 
-1.255 -1.214 -1.170 -1.122 -1.070 -1.014 -0.953 -0.887 -0.815 -0.738 
-0.653 -0.561 -0.459 -0.348 -0.224 -0.086 0.069 0.241 0.430 0.619 
0.769 0.828 0.795 0.710 0.606 0.505 0.413 0.335 0.270 0.219 
0.180 0.151 0.129 0.114 0.101 0.088 0.072 0.047 0.011 -0.037 
-0.096 -0.165 -0.240 -0.319 -0.399 -0.479 -0.557 -0.633 -0.705 -0.774 
-0.840 -0.902 -0.960 -1.016 -1.067 -1.116 -1.161 -1.204 -1.243 -1.280 
-1.301 
-1.235 -1.244 -1.268 -1.291 -1.312 -1.331 -1.348 -1.363 -1.376 -1.388 
-1.397 -1.405 -1.411 -1.415 -1.417 -1.417 -1.415 -1.412 -1.406 -1.398 
-1.389 -1.377 -1.363 -1.347 -1.329 -1.309 -1.286 -1.261 -1.233 -1.203 
-1.171 -1.135 -1.097 -1.055 -1.010 -0.962 -0.910 -0.854 -0.794 -0.729 
-0.659 -0.583 -0.501 -0.412 -0.315 -0.210 -0.094 0.032 0.168 0.311 
0.448 0.556 0.618 0.636 0.612 0.553 0.474 0.387 0.301 0.222 
0.150 0.085 0.027 -0.025 -0.074 -0.119 -0.163 -0.207 -0.251 -0.298 
-0.347 -0.398 -0.450 -0.503 -0.555 -0.607 -0.659 -0.709 -0.758 -0.805 
-0.852 -0.896 -0.939 -0.980 -1.019 -1.057 -1.093 -1.127 -1.159 -1.189 
-1.225 
-1.337 -1.362 -1.387 -1.409 -1.430 -1.448 -1.465 -1.479 -1.492 -1.502 
-1.511 -1.518 -1.522 -1.525 -1.526 -1.524 -1.521 -1.516 -1.509 -1.499 
-1.488 -1.474 -1.458 -1.440 -1.420 -1.397 -1.372 -1.345 -1.314 -1.282 
-1.246 -1.207 -1.166 -1.121 -1.073 -1.021 -0.965 -0.904 -0.840 -0.770 
-0.695 -0.614 -0.526 -0.432 -0.329 -0.218 -0.098 0.029 0.163 0.296 
0.418 0.513 0.566 0.570 0.531 0.464 0.384 0.302 0.224 0.153 
0.088 0.029 -0.026 -0.077 -0.127 -0.175 -0.224 -0.272 -0.322 -0.373 
-0.426 -0.479 -0.533 -0.588 -0.643 -0.697 -0.751 -0.805 -0.856 -0.907 
-0.956 -1.003 -1.048 -1.091 -1.132 -1.171 -1.208 -1.243 -1.276 -1.307 
-1.328 
-1.445 -1.474 -1.499 -1.522 -1.542 -1.561 -1.577 -1.592 -1.604 -1.615 
-1.623 -1.630 -1.634 -1.637 -1.637 -1.636 -1.632 -1.626 -1.618 -1.609 
-1.597 -1.582 -1.566 -1.547 -1.526 -1.502 -1.476 -1.448 -1.417 -1.382 
-1.345 -1.305 -1.262 -1.215 -1.164 -1.110 -1.051 -0.988 -0.919 -0.846 
-0.766 -0.679 -0.585 -0.483 -0.373 -0.253 -0.123 0.013 0.152 0.282 
0.390 0.462 0.483 0.442 0.356 0.259 0.166 0.081 0.005 -0.061 
-0.120 -0.173 -0.221 -0.265 -0.308 -0.349 -0.390 -0.432 -0.475 -0.519 
-0.565 -0.613 -0.663 -0.713 -0.765 -0.816 -0.868 -0.919 -0.970 -1.019 
-1.067 -1.114 -1.159 -1.202 -1.243 -1.283 -1.320 -1.355 -1.388 -1.419 
-1.437 
-1.486 -1.496 -1.521 -1.544 -1.565 -1.585 -1.602 -1.617 -1.631 -1.642 
-1.652 -1.659 -1.665 -1.669 -1.670 -1.670 -1.668 -1.663 -1.657 -1.649 
-1.638 -1.625 -1.610 -1.593 -1.573 -1.551 -1.527 -1.500 -1.470 -1.438 
-1.403 -1.364 -1.322 -1.277 -1.228 -1.176 -1.118 -1.056 -0.989 -0.917 
-0.837 -0.751 -0.657 -0.554 -0.442 -0.320 -0.189 -0.049 0.099 0.260 
0.428 0.575 0.652 0.624 0.513 0.370 0.232 0.112 0.010 -0.076 
-0.148 -0.210 -0.264 -0.310 -0.351 -0.389 -0.427 -0.465 -0.506 -0.550 
-0.598 -0.647 -0.698 -0.749 -0.801 -0.852 -0.902 -0.951 -1.000 -1.048 
-1.094 -1.139 -1.183 -1.225 -1.265 -1.304 -1.340 -1.375 -1.408 -1.439 
-1.475 
-1.702 -1.740 -1.767 -1.791 -1.813 -1.832 -1.849 -1.864 -1.877 -1.887 
-1.895 -1.900 -1.904 -1.905 -1.904 -1.900 -1.895 -1.887 -1.877 -1.864 
-1.849 -1.832 -1.812 -1.789 -1.764 -1.736 -1.705 -1.671 -1.633 -1.593 
-1.548 -1.500 -1.448 -1.391 -1.330 -1.263 -1.190 -1.111 -1.025 -0.931 
-0.828 -0.716 -0.593 -0.461 -0.327 -0.203 -0.101 -0.024 0.024 0.049 
0.068 0.100 0.118 0.072 -0.024 -0.123 -0.205 -0.266 -0.310 -0.340 
-0.357 -0.364 -0.364 -0.359 -0.352 -0.348 -0.351 -0.365 -0.393 -0.432 
-0.479 -0.531 -0.591 -0.665 -0.752 -0.845 -0.935 -1.021 -1.101 -1.175 
-1.243 -1.307 -1.366 -1.421 -1.473 -1.520 -1.564 -1.605 -1.643 -1.678 
-1.693 
-1.822 -1.869 -1.902 -1.932 -1.959 -1.983 -2.004 -2.022 -2.038 -2.050 
-2.061 -2.068 -2.073 -2.076 -2.076 -2.073 -2.068 -2.061 -2.051 -2.038 
-2.023 -2.005 -1.984 -1.960 -1.933 -1.903 -1.870 -1.833 -1.792 -1.748 
-1.699 -1.646 -1.588 -1.524 -1.454 -1.378 -1.294 -1.201 -1.097 -0.982 
-0.854 -0.711 -0.555 -0.394 -0.251 -0.157 -0.122 -0.123 -0.138 -0.185 
-0.271 -0.370 -0.465 -0.545 -0.612 -0.665 -0.706 -0.736 -0.755 -0.765 
-0.766 -0.759 -0.744 -0.722 -0.695 -0.663 -0.626 -0.586 -0.540 -0.489 
-0.437 -0.399 -0.394 -0.437 -0.526 -0.643 -0.769 -0.893 -1.009 -1.116 
-1.214 -1.303 -1.385 -1.460 -1.528 -1.590 -1.648 -1.700 -1.748 -1.792 
-1.811 
-1.674 -1.699 -1.730 -1.758 -1.784 -1.806 -1.827 -1.844 -1.859 -1.872 
-1.882 -1.890 -1.896 -1.899 -1.900 -1.899 -1.895 -1.889 -1.880 -1.870 
-1.856 -1.840 -1.822 -1.801 -1.777 -1.750 -1.721 -1.688 -1.652 -1.613 
-1.570 -1.524 -1.473 -1.418 -1.358 -1.293 -1.222 -1.144 -1.059 -0.965 
-0.862 -0.747 -0.619 -0.478 -0.326 -0.171 -0.018 0.122 0.214 0.223 
0.152 0.042 -0.073 -0.175 -0.261 -0.331 -0.386 -0.430 -0.462 -0.485 
-0.499 -0.505 -0.505 -0.499 -0.488 -0.475 -0.461 -0.448 -0.440 -0.440 
-0.448 -0.469 -0.506 -0.565 -0.640 -0.726 -0.814 -0.900 -0.984 -1.063 
-1.138 -1.208 -1.275 -1.337 -1.394 -1.448 -1.499 -1.545 -1.589 -1.629 
-1.662 
-1.584 -1.601 -1.629 -1.654 -1.677 -1.698 -1.716 -1.732 -1.746 -1.758 
-1.767 -1.774 -1.779 -1.781 -1.782 -1.780 -1.776 -1.770 -1.762 -1.751 
-1.738 -1.723 -1.705 -1.685 -1.663 -1.638 -1.610 -1.580 -1.547 -1.511 
-1.472 -1.429 -1.384 -1.335 -1.282 -1.226 -1.166 -1.102 -1.033 -0.960 
-0.882 -0.800 -0.714 -0.623 -0.529 -0.430 -0.328 -0.229 -0.153 -0.126 
-0.141 -0.174 -0.211 -0.249 -0.286 -0.320 -0.350 -0.375 -0.396 -0.412 
-0.423 -0.431 -0.435 -0.437 -0.439 -0.441 -0.445 -0.454 -0.469 -0.492 
-0.524 -0.564 -0.613 -0.669 -0.730 -0.794 -0.860 -0.925 -0.990 -1.053 
-1.114 -1.172 -1.228 -1.281 -1.331 -1.378 -1.422 -1.463 -1.501 -1.537 
-1.573 
-1.662 -1.681 -1.710 -1.738 -1.762 -1.784 -1.804 -1.822 -1.837 -1.850 
-1.861 -1.869 -1.875 -1.880 -1.881 -1.881 -1.879 -1.874 -1.867 -1.858 
-1.846 -1.832 -1.816 -1.798 -1.776 -1.753 -1.726 -1.697 -1.665 -1.631 
-1.593 -1.552 -1.507 -1.459 -1.407 -1.351 -1.290 -1.225 -1.155 -1.079 
-0.998 -0.910 -0.815 -0.713 -0.604 -0.490 -0.376 -0.277 -0.205 -0.160 
-0.135 -0.133 -0.152 -0.188 -0.233 -0.280 -0.326 -0.366 -0.401 -0.431 
-0.454 -0.472 -0.486 -0.496 -0.505 -0.513 -0.522 -0.535 -0.552 -0.576 
-0.607 -0.645 -0.692 -0.744 -0.802 -0.863 -0.926 -0.990 -1.054 -1.117 
-1.179 -1.238 -1.294 -1.348 -1.400 -1.448 -1.494 -1.537 -1.577 -1.614 
-1.650 
-1.919 -1.963 -1.991 -2.016 -2.039 -2.059 -2.077 -2.093 -2.106 -2.116 
-2.125 -2.131 -2.134 -2.136 -2.135 -2.132 -2.126 -2.118 -2.108 -2.095 
-2.080 -2.062 -2.042 -2.019 -1.993 -1.964 -1.932 -1.897 -1.858 -1.816 
-1.770 -1.719 -1.664 -1.604 -1.539 -1.467 -1.389 -1.302 -1.207 -1.101 
-0.985 -0.858 -0.724 -0.591 -0.460 -0.328 -0.204 -0.123 -0.113 -0.166 
-0.249 -0.337 -0.420 -0.496 -0.563 -0.621 -0.671 -0.711 -0.744 -0.768 
-0.786 -0.799 -0.806 -0.810 -0.811 -0.813 -0.816 -0.823 -0.835 -0.856 
-0.885 -0.923 -0.970 -1.025 -1.085 -1.148 -1.214 -1.280 -1.346 -1.410 
-1.472 -1.531 -1.587 -1.641 -1.691 -1.739 -1.784 -1.825 -1.864 -1.900 
-1.910 
-2.054 -2.077 -2.104 -2.127 -2.148 -2.167 -2.183 -2.196 -2.206 -2.215 
-2.220 -2.223 -2.224 -2.222 -2.218 -2.211 -2.202 -2.190 -2.176 -2.158 
-2.138 -2.115 -2.089 -2.060 -2.028 -1.992 -1.952 -1.909 -1.861 -1.809 
-1.752 -1.690 -1.622 -1.547 -1.465 -1.374 -1.274 -1.164 -1.041 -0.907 
-0.764 -0.618 -0.489 -0.400 -0.371 -0.391 -0.432 -0.477 -0.540 -0.628 
-0.723 -0.810 -0.885 -0.947 -0.997 -1.036 -1.065 -1.086 -1.099 -1.105 
-1.104 -1.098 -1.086 -1.070 -1.051 -1.031 -1.011 -0.995 -0.985 -0.985 
-0.998 -1.023 -1.062 -1.113 -1.172 -1.238 -1.307 -1.377 -1.446 -1.514 
-1.579 -1.641 -1.700 -1.755 -1.807 -1.855 -1.900 -1.942 -1.980 -2.016 
-2.043 
-2.096 -2.127 -2.153 -2.176 -2.197 -2.215 -2.230 -2.243 -2.253 -2.261 
-2.266 -2.269 -2.269 -2.267 -2.262 -2.255 -2.246 -2.233 -2.219 -2.201 
-2.181 -2.158 -2.132 -2.103 -2.071 -2.035 -1.996 -1.953 -1.906 -1.855 
-1.799 -1.739 -1.672 -1.600 -1.521 -1.435 -1.341 -1.237 -1.124 -1.002 
-0.871 -0.737 -0.610 -0.513 -0.463 -0.470 -0.519 -0.594 -0.678 -0.759 
-0.832 -0.896 -0.950 -0.995 -1.030 -1.057 -1.075 -1.086 -1.089 -1.085 
-1.075 -1.058 -1.036 -1.009 -0.979 -0.949 -0.921 -0.899 -0.889 -0.894 
-0.918 -0.960 -1.018 -1.087 -1.164 -1.244 -1.325 -1.404 -1.480 -1.553 
-1.622 -1.687 -1.747 -1.804 -1.856 -1.905 -1.950 -1.992 -2.030 -2.065 
-2.087 
-2.071 -2.090 -2.118 -2.142 -2.164 -2.184 -2.200 -2.215 -2.226 -2.235 
-2.242 -2.247 -2.249 -2.248 -2.245 -2.240 -2.233 -2.222 -2.210 -2.194 
-2.177 -2.156 -2.133 -2.107 -2.077 -2.045 -2.010 -1.971 -1.928 -1.882 
-1.832 -1.778 -1.719 -1.655 -1.586 -1.511 -1.430 -1.344 -1.250 -1.151 
-1.048 -0.942 -0.840 -0.750 -0.683 -0.647 -0.641 -0.657 -0.690 -0.734 
-0.784 -0.836 -0.884 -0.926 -0.962 -0.989 -1.009 -1.021 -1.026 -1.023 
-1.013 -0.997 -0.974 -0.946 -0.913 -0.879 -0.847 -0.820 -0.806 -0.809 
-0.832 -0.877 -0.940 -1.015 -1.097 -1.182 -1.267 -1.349 -1.427 -1.502 
-1.572 -1.638 -1.700 -1.758 -1.811 -1.861 -1.908 -1.951 -1.990 -2.026 
-2.060 
-2.090 -2.120 -2.149 -2.176 -2.200 -2.222 -2.242 -2.259 -2.274 -2.286 
-2.296 -2.304 -2.310 -2.313 -2.314 -2.312 -2.309 -2.303 -2.294 -2.284 
-2.270 -2.255 -2.236 -2.215 -2.192 -2.165 -2.136 -2.103 -2.067 -2.028 
-1.986 -1.939 -1.888 -1.833 -1.774 -1.709 -1.639 -1.563 -1.482 -1.394 
-1.299 -1.199 -1.095 -0.990 -0.889 -0.797 -0.722 -0.672 -0.654 -0.670 
-0.712 -0.772 -0.838 -0.904 -0.964 -1.018 -1.064 -1.102 -1.133 -1.156 
-1.174 -1.184 -1.190 -1.190 -1.185 -1.178 -1.168 -1.160 -1.155 -1.157 
-1.169 -1.191 -1.222 -1.261 -1.306 -1.356 -1.410 -1.465 -1.522 -1.579 
-1.636 -1.691 -1.744 -1.796 -1.845 -1.892 -1.936 -1.978 -2.017 -2.054 
-2.080 
-2.106 -2.124 -2.156 -2.184 -2.209 -2.232 -2.252 -2.269 -2.284 -2.296 
-2.306 -2.313 -2.318 -2.320 -2.320 -2.317 -2.312 -2.304 -2.294 -2.281 
-2.266 -2.248 -2.228 -2.204 -2.178 -2.148 -2.116 -2.080 -2.041 -1.999 
-1.953 -1.902 -1.848 -1.789 -1.726 -1.658 -1.584 -1.506 -1.421 -1.331 
-1.236 -1.136 -1.033 -0.932 -0.841 -0.769 -0.727 -0.718 -0.739 -0.783 
-0.839 -0.898 -0.955 -1.005 -1.046 -1.080 -1.104 -1.121 -1.130 -1.133 
-1.133 -1.130 -1.128 -1.129 -1.132 -1.135 -1.136 -1.134 -1.129 -1.122 
-1.118 -1.119 -1.130 -1.153 -1.190 -1.238 -1.296 -1.361 -1.429 -1.498 
-1.567 -1.634 -1.698 -1.759 -1.817 -1.871 -1.922 -1.969 -2.012 -2.053 
-2.092 
-2.140 -2.193 -2.217 -2.238 -2.256 -2.271 -2.284 -2.295 -2.302 -2.308 
-2.310 -2.311 -2.308 -2.304 -2.297 -2.288 -2.276 -2.261 -2.244 -2.225 
-2.203 -2.179 -2.151 -2.121 -2.088 -2.053 -2.014 -1.972 -1.927 -1.879 
-1.827 -1.773 -1.714 -1.653 -1.588 -1.521 -1.450 -1.378 -1.304 -1.230 
-1.155 -1.082 -1.009 -0.938 -0.868 -0.808 -0.774 -0.777 -0.807 -0.843 
-0.875 -0.899 -0.915 -0.922 -0.921 -0.914 -0.900 -0.882 -0.859 -0.837 
-0.817 -0.805 -0.806 -0.823 -0.858 -0.909 -0.971 -1.039 -1.107 -1.172 
-1.232 -1.285 -1.335 -1.381 -1.428 -1.474 -1.523 -1.573 -1.625 -1.679 
-1.733 -1.787 -1.840 -1.891 -1.940 -1.985 -2.028 -2.067 -2.103 -2.136 
-2.135 
-1.985 -1.987 -2.024 -2.059 -2.090 -2.118 -2.143 -2.166 -2.185 -2.202 
-2.216 -2.228 -2.236 -2.243 -2.246 -2.247 -2.245 -2.241 -2.234 -2.224 
-2.212 -2.196 -2.178 -2.157 -2.133 -2.106 -2.076 -2.042 -2.005 -1.964 
-1.919 -1.870 -1.816 -1.757 -1.694 -1.624 -1.549 -1.466 -1.376 -1.277 
-1.168 -1.047 -0.915 -0.772 -0.630 -0.511 -0.446 -0.452 -0.518 -0.618 
-0.726 -0.826 -0.913 -0.985 -1.044 -1.089 -1.124 -1.148 -1.164 -1.174 
-1.179 -1.182 -1.187 -1.196 -1.210 -1.226 -1.242 -1.255 -1.264 -1.268 
-1.268 -1.264 -1.258 -1.252 -1.249 -1.252 -1.263 -1.285 -1.317 -1.358 
-1.407 -1.462 -1.520 -1.579 -1.638 -1.696 -1.752 -1.805 -1.855 -1.902 
-1.966 
-2.264 -2.318 -2.349 -2.376 -2.400 -2.422 -2.442 -2.458 -2.472 -2.484 
-2.493 -2.500 -2.504 -2.506 -2.506 -2.503 -2.498 -2.490 -2.480 -2.467 
-2.452 -2.434 -2.413 -2.390 -2.363 -2.334 -2.301 -2.266 -2.226 -2.184 
-2.137 -2.086 -2.030 -1.969 -1.903 -1.831 -1.752 -1.666 -1.571 -1.467 
-1.352 -1.226 -1.089 -0.945 -0.799 -0.664 -0.555 -0.496 -0.499 -0.557 
-0.648 -0.749 -0.844 -0.927 -0.998 -1.056 -1.103 -1.140 -1.168 -1.188 
-1.202 -1.209 -1.212 -1.212 -1.210 -1.207 -1.207 -1.212 -1.225 -1.249 
-1.284 -1.328 -1.377 -1.429 -1.481 -1.532 -1.584 -1.636 -1.690 -1.746 
-1.803 -1.860 -1.917 -1.972 -2.025 -2.076 -2.124 -2.169 -2.211 -2.250 
-2.256 
-2.551 -2.584 -2.611 -2.635 -2.656 -2.674 -2.690 -2.703 -2.714 -2.722 
-2.727 -2.731 -2.731 -2.729 -2.725 -2.718 -2.709 -2.697 -2.683 -2.666 
-2.646 -2.623 -2.598 -2.569 -2.537 -2.502 -2.463 -2.421 -2.375 -2.324 
-2.269 -2.209 -2.143 -2.071 -1.992 -1.906 -1.812 -1.707 -1.592 -1.466 
-1.329 -1.183 -1.040 -0.919 -0.846 -0.825 -0.840 -0.874 -0.929 -1.006 
-1.092 -1.174 -1.246 -1.305 -1.351 -1.386 -1.410 -1.425 -1.430 -1.425 
-1.413 -1.391 -1.362 -1.325 -1.283 -1.236 -1.191 -1.152 -1.129 -1.125 
-1.142 -1.179 -1.250 -1.355 -1.474 -1.591 -1.700 -1.800 -1.891 -1.975 
-2.053 -2.124 -2.189 -2.249 -2.305 -2.356 -2.403 -2.446 -2.485 -2.522 
-2.541 
-2.585 -2.627 -2.659 -2.689 -2.715 -2.738 -2.758 -2.775 -2.789 -2.801 
-2.809 -2.815 -2.818 -2.819 -2.817 -2.812 -2.805 -2.794 -2.781 -2.765 
-2.747 -2.725 -2.700 -2.672 -2.640 -2.605 -2.566 -2.523 -2.476 -2.424 
-2.367 -2.304 -2.236 -2.160 -2.076 -1.984 -1.881 -1.766 -1.637 -1.494 
-1.335 -1.168 -1.011 -0.900 -0.866 -0.913 -1.015 -1.138 -1.257 -1.362 
-1.452 -1.527 -1.589 -1.639 -1.678 -1.706 -1.725 -1.735 -1.736 -1.729 
-1.713 -1.687 -1.652 -1.607 -1.552 -1.486 -1.409 -1.321 -1.222 -1.116 
-1.019 -0.963 -0.985 -1.085 -1.231 -1.386 -1.530 -1.660 -1.776 -1.880 
-1.975 -2.063 -2.143 -2.217 -2.285 -2.348 -2.405 -2.458 -2.506 -2.550 
-2.573 
-2.462 -2.487 -2.524 -2.558 -2.588 -2.616 -2.640 -2.661 -2.679 -2.695 
-2.708 -2.717 -2.725 -2.729 -2.731 -2.730 -2.727 -2.720 -2.711 -2.700 
-2.685 -2.667 -2.647 -2.623 -2.597 -2.567 -2.533 -2.496 -2.455 -2.410 
-2.360 -2.305 -2.246 -2.180 -2.109 -2.030 -1.942 -1.846 -1.738 -1.618 
-1.482 -1.332 -1.174 -1.031 -0.939 -0.925 -0.991 -1.106 -1.233 -1.353 
-1.457 -1.545 -1.618 -1.679 -1.729 -1.769 -1.800 -1.822 -1.837 -1.845 
-1.845 -1.839 -1.826 -1.806 -1.779 -1.745 -1.704 -1.655 -1.599 -1.536 
-1.471 -1.426 -1.427 -1.469 -1.522 -1.570 -1.616 -1.665 -1.720 -1.782 
-1.849 -1.919 -1.989 -2.057 -2.124 -2.187 -2.246 -2.302 -2.354 -2.402 
-2.446 
-2.433 -2.459 -2.486 -2.509 -2.530 -2.547 -2.563 -2.575 -2.585 -2.593 
-2.598 -2.601 -2.601 -2.599 -2.594 -2.587 -2.577 -2.565 -2.551 -2.534 
-2.514 -2.492 -2.467 -2.439 -2.409 -2.376 -2.340 -2.301 -2.259 -2.214 
-2.166 -2.115 -2.061 -2.005 -1.945 -1.884 -1.822 -1.759 -1.696 -1.634 
-1.573 -1.514 -1.455 -1.395 -1.347 -1.334 -1.364 -1.412 -1.460 -1.502 
-1.536 -1.565 -1.588 -1.606 -1.619 -1.628 -1.631 -1.631 -1.625 -1.615 
-1.601 -1.583 -1.561 -1.535 -1.506 -1.476 -1.444 -1.416 -1.393 -1.381 
-1.384 -1.403 -1.438 -1.487 -1.546 -1.610 -1.677 -1.745 -1.814 -1.882 
-1.949 -2.012 -2.073 -2.131 -2.184 -2.234 -2.280 -2.323 -2.362 -2.397 
-2.423 
-2.410 -2.426 -2.444 -2.460 -2.473 -2.484 -2.493 -2.499 -2.503 -2.504 
-2.504 -2.501 -2.496 -2.488 -2.479 -2.467 -2.452 -2.436 -2.417 -2.395 
-2.372 -2.345 -2.316 -2.285 -2.251 -2.215 -2.175 -2.133 -2.089 -2.041 
-1.991 -1.939 -1.884 -1.828 -1.770 -1.712 -1.654 -1.597 -1.542 -1.491 
-1.444 -1.401 -1.362 -1.329 -1.308 -1.305 -1.321 -1.347 -1.375 -1.401 
-1.423 -1.442 -1.458 -1.470 -1.480 -1.487 -1.492 -1.495 -1.496 -1.497 
-1.497 -1.498 -1.501 -1.505 -1.512 -1.521 -1.533 -1.547 -1.565 -1.586 
-1.612 -1.643 -1.678 -1.716 -1.756 -1.797 -1.839 -1.884 -1.932 -1.982 
-2.032 -2.082 -2.130 -2.175 -2.218 -2.257 -2.292 -2.325 -2.354 -2.381 
-2.405 
-2.447 -2.475 -2.512 -2.546 -2.576 -2.602 -2.626 -2.646 -2.663 -2.677 
-2.688 -2.697 -2.702 -2.705 -2.705 -2.703 -2.698 -2.690 -2.679 -2.665 
-2.649 -2.630 -2.608 -2.582 -2.554 -2.522 -2.488 -2.449 -2.407 -2.361 
-2.312 -2.258 -2.199 -2.136 -2.067 -1.994 -1.914 -1.827 -1.733 -1.631 
-1.521 -1.406 -1.293 -1.195 -1.134 -1.127 -1.174 -1.257 -1.352 -1.444 
-1.526 -1.597 -1.657 -1.706 -1.747 -1.780 -1.805 -1.825 -1.839 -1.849 
-1.854 -1.856 -1.853 -1.848 -1.839 -1.826 -1.809 -1.787 -1.758 -1.724 
-1.687 -1.649 -1.617 -1.596 -1.590 -1.596 -1.614 -1.645 -1.690 -1.748 
-1.814 -1.886 -1.959 -2.032 -2.101 -2.168 -2.230 -2.287 -2.341 -2.390 
-2.430 
-2.581 -2.607 -2.642 -2.673 -2.701 -2.725 -2.747 -2.765 -2.780 -2.793 
-2.803 -2.809 -2.814 -2.815 -2.814 -2.810 -2.803 -2.793 -2.780 -2.765 
-2.747 -2.725 -2.701 -2.673 -2.641 -2.606 -2.568 -2.525 -2.477 -2.425 
-2.368 -2.306 -2.237 -2.162 -2.080 -1.989 -1.891 -1.783 -1.667 -1.545 
-1.425 -1.322 -1.255 -1.228 -1.239 -1.284 -1.355 -1.440 -1.526 -1.605 
-1.675 -1.736 -1.787 -1.830 -1.864 -1.890 -1.908 -1.920 -1.924 -1.921 
-1.911 -1.894 -1.870 -1.839 -1.799 -1.752 -1.696 -1.632 -1.562 -1.489 
-1.418 -1.361 -1.330 -1.336 -1.381 -1.455 -1.547 -1.645 -1.743 -1.839 
-1.931 -2.019 -2.101 -2.177 -2.248 -2.314 -2.374 -2.429 -2.480 -2.527 
-2.568 
-2.844 -2.907 -2.940 -2.969 -2.995 -3.018 -3.037 -3.054 -3.067 -3.078 
-3.086 -3.091 -3.093 -3.093 -3.089 -3.083 -3.074 -3.062 -3.047 -3.030 
-3.009 -2.984 -2.957 -2.926 -2.891 -2.852 -2.809 -2.761 -2.708 -2.650 
-2.586 -2.515 -2.437 -2.349 -2.252 -2.144 -2.022 -1.884 -1.732 -1.571 
-1.421 -1.320 -1.299 -1.355 -1.455 -1.570 -1.682 -1.785 -1.876 -1.955 
-2.022 -2.079 -2.126 -2.164 -2.194 -2.216 -2.231 -2.238 -2.239 -2.232 
-2.219 -2.198 -2.170 -2.133 -2.088 -2.034 -1.971 -1.897 -1.814 -1.724 
-1.635 -1.560 -1.520 -1.531 -1.594 -1.693 -1.809 -1.928 -2.041 -2.147 
-2.245 -2.335 -2.417 -2.493 -2.563 -2.626 -2.685 -2.738 -2.787 -2.831 
-2.835 
-2.817 -2.834 -2.867 -2.898 -2.925 -2.949 -2.970 -2.988 -3.004 -3.016 
-3.026 -3.033 -3.038 -3.039 -3.039 -3.035 -3.028 -3.019 -3.007 -2.992 
-2.975 -2.954 -2.929 -2.902 -2.871 -2.836 -2.798 -2.755 -2.708 -2.656 
-2.598 -2.535 -2.465 -2.388 -2.303 -2.208 -2.103 -1.986 -1.858 -1.720 
-1.582 -1.465 -1.399 -1.392 -1.436 -1.511 -1.597 -1.683 -1.765 -1.841 
-1.911 -1.974 -2.029 -2.077 -2.117 -2.149 -2.174 -2.193 -2.206 -2.212 
-2.212 -2.207 -2.197 -2.180 -2.159 -2.133 -2.103 -2.068 -2.030 -1.989 
-1.948 -1.910 -1.887 -1.886 -1.910 -1.950 -1.998 -2.054 -2.114 -2.178 
-2.245 -2.312 -2.378 -2.442 -2.503 -2.561 -2.615 -2.666 -2.713 -2.757 
-2.802 
-2.866 -2.894 -2.923 -2.950 -2.974 -2.996 -3.015 -3.031 -3.044 -3.056 
-3.064 -3.070 -3.074 -3.075 -3.074 -3.070 -3.064 -3.056 -3.045 -3.031 
-3.014 -2.995 -2.973 -2.949 -2.921 -2.890 -2.856 -2.818 -2.777 -2.732 
-2.682 -2.629 -2.570 -2.506 -2.436 -2.360 -2.277 -2.186 -2.087 -1.980 
-1.866 -1.752 -1.648 -1.568 -1.517 -1.493 -1.489 -1.505 -1.540 -1.587 
-1.642 -1.698 -1.751 -1.799 -1.840 -1.874 -1.901 -1.921 -1.934 -1.941 
-1.941 -1.936 -1.925 -1.910 -1.891 -1.868 -1.845 -1.823 -1.806 -1.796 
-1.799 -1.817 -1.851 -1.897 -1.952 -2.014 -2.081 -2.149 -2.218 -2.287 
-2.355 -2.420 -2.482 -2.541 -2.597 -2.650 -2.698 -2.744 -2.786 -2.825 
-2.855 
-2.978 -3.003 -3.031 -3.056 -3.079 -3.098 -3.115 -3.129 -3.140 -3.149 
-3.155 -3.158 -3.159 -3.158 -3.154 -3.147 -3.137 -3.125 -3.110 -3.093 
-3.072 -3.048 -3.022 -2.991 -2.958 -2.921 -2.880 -2.835 -2.785 -2.730 
-2.670 -2.603 -2.530 -2.449 -2.358 -2.257 -2.143 -2.016 -1.884 -1.762 
-1.666 -1.579 -1.490 -1.419 -1.393 -1.419 -1.481 -1.561 -1.645 -1.724 
-1.795 -1.858 -1.911 -1.955 -1.990 -2.017 -2.034 -2.044 -2.046 -2.040 
-2.027 -2.006 -1.977 -1.941 -1.898 -1.849 -1.796 -1.743 -1.695 -1.662 
-1.655 -1.678 -1.733 -1.810 -1.901 -1.999 -2.096 -2.191 -2.281 -2.366 
-2.445 -2.518 -2.587 -2.650 -2.708 -2.762 -2.811 -2.857 -2.899 -2.937 
-2.967 
-3.079 -3.116 -3.140 -3.162 -3.180 -3.195 -3.208 -3.218 -3.225 -3.229 
-3.231 -3.230 -3.226 -3.219 -3.210 -3.198 -3.182 -3.164 -3.143 -3.118 
-3.091 -3.059 -3.024 -2.985 -2.942 -2.894 -2.841 -2.783 -2.718 -2.647 
-2.568 -2.480 -2.381 -2.271 -2.146 -2.006 -1.850 -1.686 -1.535 -1.435 
-1.415 -1.463 -1.536 -1.609 -1.684 -1.768 -1.857 -1.944 -2.023 -2.090 
-2.147 -2.193 -2.229 -2.257 -2.276 -2.287 -2.291 -2.287 -2.276 -2.257 
-2.231 -2.196 -2.154 -2.103 -2.043 -1.975 -1.901 -1.824 -1.754 -1.706 
-1.695 -1.729 -1.803 -1.903 -2.014 -2.126 -2.233 -2.333 -2.426 -2.512 
-2.590 -2.662 -2.729 -2.789 -2.845 -2.895 -2.942 -2.984 -3.022 -3.057 
-3.071 
-3.062 -3.066 -3.089 -3.109 -3.127 -3.142 -3.155 -3.164 -3.172 -3.176 
-3.178 -3.178 -3.175 -3.169 -3.160 -3.149 -3.136 -3.119 -3.100 -3.077 
-3.052 -3.023 -2.991 -2.955 -2.915 -2.871 -2.823 -2.770 -2.712 -2.648 
-2.578 -2.500 -2.414 -2.317 -2.210 -2.088 -1.950 -1.798 -1.652 -1.552 
-1.498 -1.469 -1.468 -1.505 -1.577 -1.666 -1.758 -1.846 -1.924 -1.992 
-2.050 -2.099 -2.139 -2.171 -2.195 -2.212 -2.223 -2.227 -2.225 -2.217 
-2.203 -2.184 -2.160 -2.131 -2.097 -2.058 -2.016 -1.970 -1.922 -1.884 
-1.879 -1.922 -1.995 -2.079 -2.162 -2.243 -2.321 -2.396 -2.467 -2.535 
-2.599 -2.659 -2.716 -2.768 -2.817 -2.863 -2.905 -2.943 -2.978 -3.010 
-3.052 
-3.289 -3.326 -3.350 -3.370 -3.387 -3.401 -3.413 -3.421 -3.427 -3.429 
-3.429 -3.427 -3.421 -3.413 -3.401 -3.387 -3.370 -3.349 -3.325 -3.298 
-3.268 -3.233 -3.194 -3.152 -3.104 -3.051 -2.993 -2.928 -2.856 -2.776 
-2.686 -2.585 -2.470 -2.339 -2.186 -2.007 -1.803 -1.592 -1.434 -1.417 
-1.526 -1.667 -1.791 -1.902 -2.007 -2.107 -2.197 -2.276 -2.344 -2.400 
-2.447 -2.484 -2.512 -2.533 -2.545 -2.551 -2.549 -2.539 -2.522 -2.497 
-2.464 -2.422 -2.369 -2.305 -2.228 -2.135 -2.024 -1.897 -1.764 -1.653 
-1.597 -1.627 -1.772 -1.959 -2.131 -2.283 -2.414 -2.529 -2.631 -2.722 
-2.804 -2.878 -2.945 -3.006 -3.061 -3.111 -3.157 -3.198 -3.236 -3.269 
-3.281 
-3.419 -3.468 -3.493 -3.515 -3.534 -3.549 -3.562 -3.571 -3.577 -3.580 
-3.581 -3.578 -3.573 -3.564 -3.553 -3.538 -3.520 -3.499 -3.475 -3.447 
-3.415 -3.379 -3.339 -3.295 -3.246 -3.191 -3.130 -3.063 -2.988 -2.905 
-2.812 -2.706 -2.586 -2.448 -2.287 -2.096 -1.868 -1.620 -1.438 -1.439 
-1.609 -1.828 -2.022 -2.179 -2.307 -2.412 -2.499 -2.572 -2.631 -2.680 
-2.720 -2.750 -2.773 -2.788 -2.796 -2.797 -2.790 -2.776 -2.755 -2.726 
-2.689 -2.642 -2.584 -2.515 -2.431 -2.330 -2.210 -2.064 -1.889 -1.689 
-1.508 -1.439 -1.561 -1.792 -2.030 -2.233 -2.404 -2.549 -2.674 -2.784 
-2.881 -2.967 -3.044 -3.114 -3.176 -3.232 -3.283 -3.329 -3.370 -3.407 
-3.411 
-3.248 -3.255 -3.280 -3.302 -3.320 -3.336 -3.348 -3.357 -3.364 -3.367 
-3.368 -3.366 -3.361 -3.353 -3.342 -3.327 -3.310 -3.290 -3.267 -3.240 
-3.209 -3.175 -3.136 -3.094 -3.047 -2.995 -2.937 -2.874 -2.804 -2.727 
-2.642 -2.549 -2.445 -2.330 -2.205 -2.071 -1.932 -1.796 -1.684 -1.667 
-1.732 -1.819 -1.919 -2.023 -2.122 -2.211 -2.289 -2.355 -2.411 -2.458 
-2.496 -2.526 -2.548 -2.563 -2.571 -2.572 -2.566 -2.553 -2.533 -2.505 
-2.470 -2.426 -2.372 -2.308 -2.233 -2.146 -2.046 -1.934 -1.816 -1.701 
-1.605 -1.574 -1.657 -1.800 -1.957 -2.110 -2.251 -2.378 -2.492 -2.593 
-2.685 -2.767 -2.841 -2.908 -2.968 -3.023 -3.073 -3.118 -3.158 -3.194 
-3.236 
-3.244 -3.279 -3.303 -3.324 -3.342 -3.357 -3.369 -3.378 -3.385 -3.388 
-3.389 -3.388 -3.383 -3.376 -3.366 -3.353 -3.337 -3.318 -3.296 -3.271 
-3.243 -3.211 -3.176 -3.136 -3.093 -3.044 -2.992 -2.934 -2.870 -2.800 
-2.723 -2.638 -2.544 -2.441 -2.328 -2.205 -2.074 -1.940 -1.815 -1.714 
-1.656 -1.658 -1.716 -1.809 -1.914 -2.016 -2.107 -2.185 -2.252 -2.308 
-2.354 -2.390 -2.417 -2.437 -2.448 -2.452 -2.448 -2.437 -2.418 -2.391 
-2.355 -2.311 -2.257 -2.193 -2.119 -2.037 -1.950 -1.866 -1.799 -1.765 
-1.774 -1.829 -1.924 -2.042 -2.166 -2.285 -2.396 -2.499 -2.592 -2.678 
-2.757 -2.829 -2.895 -2.956 -3.011 -3.061 -3.107 -3.149 -3.187 -3.221 
-3.236 
-3.175 -3.186 -3.212 -3.234 -3.254 -3.270 -3.284 -3.294 -3.302 -3.307 
-3.309 -3.309 -3.305 -3.299 -3.290 -3.278 -3.263 -3.246 -3.225 -3.200 
-3.173 -3.141 -3.106 -3.068 -3.024 -2.977 -2.924 -2.867 -2.803 -2.734 
-2.657 -2.573 -2.481 -2.380 -2.271 -2.155 -2.036 -1.922 -1.826 -1.763 
-1.747 -1.783 -1.859 -1.953 -2.049 -2.139 -2.220 -2.291 -2.352 -2.404 
-2.448 -2.483 -2.512 -2.534 -2.549 -2.558 -2.561 -2.558 -2.549 -2.534 
-2.512 -2.485 -2.451 -2.410 -2.363 -2.309 -2.251 -2.192 -2.139 -2.102 
-2.088 -2.096 -2.121 -2.162 -2.218 -2.285 -2.359 -2.436 -2.513 -2.589 
-2.661 -2.729 -2.794 -2.853 -2.909 -2.960 -3.007 -3.050 -3.090 -3.125 
-3.164 
-3.287 -3.308 -3.335 -3.358 -3.378 -3.396 -3.410 -3.421 -3.429 -3.435 
-3.437 -3.437 -3.434 -3.428 -3.419 -3.407 -3.392 -3.374 -3.352 -3.328 
-3.299 -3.267 -3.231 -3.191 -3.147 -3.097 -3.042 -2.981 -2.914 -2.838 
-2.754 -2.660 -2.552 -2.430 -2.294 -2.152 -2.032 -1.939 -1.851 -1.778 
-1.756 -1.798 -1.888 -1.999 -2.111 -2.214 -2.304 -2.382 -2.448 -2.504 
-2.551 -2.589 -2.619 -2.641 -2.656 -2.665 -2.666 -2.661 -2.649 -2.631 
-2.604 -2.570 -2.526 -2.472 -2.406 -2.327 -2.239 -2.162 -2.122 -2.106 
-2.091 -2.079 -2.089 -2.127 -2.192 -2.277 -2.371 -2.468 -2.562 -2.652 
-2.736 -2.814 -2.885 -2.951 -3.012 -3.067 -3.118 -3.164 -3.206 -3.243 
-3.276 
-3.541 -3.587 -3.606 -3.621 -3.634 -3.644 -3.651 -3.654 -3.655 -3.653 
-3.648 -3.640 -3.629 -3.615 -3.598 -3.577 -3.554 -3.526 -3.495 -3.460 
-3.421 -3.377 -3.329 -3.275 -3.215 -3.148 -3.074 -2.991 -2.898 -2.793 
-2.674 -2.537 -2.381 -2.203 -2.017 -1.859 -1.782 -1.804 -1.875 -1.955 
-2.044 -2.148 -2.261 -2.368 -2.464 -2.546 -2.615 -2.671 -2.717 -2.753 
-2.779 -2.798 -2.808 -2.810 -2.805 -2.792 -2.770 -2.740 -2.700 -2.650 
-2.588 -2.513 -2.421 -2.311 -2.181 -2.036 -1.895 -1.801 -1.795 -1.881 
-2.025 -2.178 -2.316 -2.439 -2.555 -2.666 -2.771 -2.868 -2.958 -3.040 
-3.115 -3.183 -3.245 -3.301 -3.352 -3.398 -3.439 -3.476 -3.509 -3.538 
-3.536 
-3.531 -3.547 -3.567 -3.584 -3.598 -3.609 -3.616 -3.622 -3.624 -3.623 
-3.620 -3.614 -3.605 -3.593 -3.578 -3.560 -3.539 -3.515 -3.487 -3.456 
-3.421 -3.382 -3.339 -3.291 -3.238 -3.180 -3.116 -3.045 -2.966 -2.878 
-2.779 -2.669 -2.544 -2.403 -2.245 -2.080 -1.934 -1.821 -1.751 -1.752 
-1.829 -1.951 -2.083 -2.205 -2.311 -2.401 -2.476 -2.539 -2.590 -2.631 
-2.662 -2.685 -2.700 -2.707 -2.705 -2.697 -2.680 -2.655 -2.620 -2.577 
-2.523 -2.457 -2.377 -2.282 -2.169 -2.038 -1.895 -1.763 -1.684 -1.697 
-1.806 -1.972 -2.151 -2.319 -2.468 -2.600 -2.717 -2.821 -2.914 -2.998 
-3.073 -3.141 -3.203 -3.259 -3.310 -3.356 -3.397 -3.434 -3.468 -3.498 
-3.523 
-3.433 -3.459 -3.477 -3.493 -3.506 -3.516 -3.523 -3.528 -3.530 -3.529 
-3.526 -3.519 -3.510 -3.498 -3.484 -3.466 -3.445 -3.422 -3.395 -3.364 
-3.330 -3.292 -3.250 -3.204 -3.153 -3.097 -3.035 -2.967 -2.892 -2.810 
-2.718 -2.615 -2.502 -2.375 -2.235 -2.087 -1.941 -1.823 -1.764 -1.781 
-1.859 -1.964 -2.070 -2.167 -2.252 -2.326 -2.389 -2.444 -2.489 -2.526 
-2.555 -2.576 -2.591 -2.598 -2.598 -2.591 -2.577 -2.556 -2.527 -2.491 
-2.446 -2.392 -2.328 -2.255 -2.174 -2.086 -1.999 -1.927 -1.890 -1.915 
-2.003 -2.126 -2.257 -2.384 -2.502 -2.609 -2.708 -2.797 -2.878 -2.952 
-3.020 -3.082 -3.138 -3.190 -3.236 -3.279 -3.318 -3.353 -3.384 -3.412 
-3.425 
-3.322 -3.323 -3.341 -3.356 -3.369 -3.379 -3.387 -3.392 -3.395 -3.395 
-3.393 -3.388 -3.381 -3.371 -3.359 -3.344 -3.326 -3.305 -3.282 -3.255 
-3.226 -3.193 -3.157 -3.117 -3.074 -3.026 -2.974 -2.918 -2.856 -2.789 
-2.716 -2.636 -2.549 -2.454 -2.351 -2.243 -2.135 -2.043 -1.986 -1.970 
-1.979 -1.998 -2.026 -2.062 -2.104 -2.149 -2.194 -2.237 -2.276 -2.310 
-2.339 -2.361 -2.378 -2.389 -2.395 -2.394 -2.388 -2.376 -2.359 -2.336 
-2.309 -2.277 -2.241 -2.202 -2.163 -2.126 -2.098 -2.090 -2.108 -2.153 
-2.218 -2.294 -2.374 -2.453 -2.532 -2.607 -2.679 -2.747 -2.811 -2.872 
-2.928 -2.981 -3.030 -3.075 -3.117 -3.156 -3.191 -3.223 -3.253 -3.279 
-3.314 
-3.423 -3.453 -3.470 -3.484 -3.495 -3.504 -3.509 -3.512 -3.513 -3.510 
-3.505 -3.498 -3.487 -3.474 -3.458 -3.439 -3.416 -3.391 -3.362 -3.330 
-3.295 -3.255 -3.211 -3.163 -3.110 -3.052 -2.988 -2.918 -2.840 -2.755 
-2.661 -2.557 -2.442 -2.316 -2.181 -2.044 -1.921 -1.835 -1.809 -1.843 
-1.917 -2.007 -2.097 -2.180 -2.254 -2.320 -2.376 -2.424 -2.464 -2.496 
-2.521 -2.538 -2.547 -2.549 -2.545 -2.532 -2.513 -2.485 -2.450 -2.405 
-2.352 -2.289 -2.217 -2.138 -2.057 -1.984 -1.933 -1.921 -1.952 -2.020 
-2.116 -2.229 -2.347 -2.461 -2.567 -2.666 -2.756 -2.838 -2.913 -2.982 
-3.045 -3.103 -3.155 -3.203 -3.247 -3.287 -3.323 -3.356 -3.385 -3.411 
-3.418 
-3.431 -3.442 -3.462 -3.479 -3.492 -3.503 -3.511 -3.517 -3.519 -3.519 
-3.515 -3.509 -3.500 -3.489 -3.474 -3.456 -3.435 -3.411 -3.384 -3.353 
-3.318 -3.279 -3.237 -3.190 -3.138 -3.080 -3.017 -2.948 -2.871 -2.787 
-2.694 -2.591 -2.478 -2.354 -2.220 -2.082 -1.954 -1.857 -1.817 -1.840 
-1.912 -2.010 -2.115 -2.213 -2.302 -2.379 -2.445 -2.500 -2.546 -2.582 
-2.611 -2.632 -2.645 -2.651 -2.649 -2.641 -2.625 -2.602 -2.571 -2.531 
-2.483 -2.424 -2.356 -2.278 -2.191 -2.099 -2.010 -1.935 -1.887 -1.881 
-1.926 -2.017 -2.137 -2.267 -2.394 -2.514 -2.623 -2.723 -2.813 -2.895 
-2.969 -3.036 -3.098 -3.153 -3.204 -3.250 -3.291 -3.329 -3.362 -3.392 
-3.418 
