IRGRID 64 91
1e+308

0.025 0.03 0.035 0.04 0.045 0.05 0.055 0.06 0.065 0.07
0.075 0.08 0.085 0.09 0.095 0.1 0.11 0.12 0.13 0.14
0.15 0.16 0.17 0.18 0.19 0.2 0.21 0.22 0.23 0.24
0.25 0.26 0.27 0.28 0.29 0.3 0.31 0.32 0.33 0.34
0.35 0.36 0.37 0.38 0.39 0.4 0.41 0.42 0.43 0.44
0.45 0.46 0.47 0.48 0.49 0.5 0.51 0.52 0.53 0.54
0.55 0.56 0.57 0.58
0 4 8 12 16 20 24 28 32 36
40 44 48 52 56 60 64 68 72 76
80 84 88 92 96 100 104 108 112 116
120 124 128 132 136 140 144 148 152 156
160 164 168 172 176 180 184 188 192 196
200 204 208 212 216 220 224 228 232 236
240 244 248 252 256 260 264 268 272 276
280 284 288 292 296 300 304 308 312 316
320 324 328 332 336 340 344 348 352 356
360
-4.000 -4.000 -4.000 -4.000 -4.000 -4.000 -4.000 -4.000 -4.000 -4.000 
-4.000 -4.000 -4.000 -4.000 -4.000 -4.000 -4.000 -4.000 -4.000 -4.000 
-4.000 -4.000 -4.000 -4.000 -4.000 -4.000 -4.000 -4.000 -4.000 -4.000 
-4.000 -4.000 -4.000 -4.000 -4.000 -4.000 -4.000 -4.000 -4.000 -4.000 
-4.000 -4.000 -4.000 -4.000 -4.000 -4.000 -4.000 -4.000 -4.000 -4.000 
-3.980 -3.964 -3.957 -3.958 -3.964 -3.974 -3.988 -4.000 -4.000 -4.000 
-4.000 -4.000 -4.000 -4.000 -4.000 -4.000 -4.000 -4.000 -4.000 -4.000 
-4.000 -4.000 -4.000 -4.000 -4.000 -4.000 -4.000 -4.000 -4.000 -4.000 
-4.000 -4.000 -4.000 -4.000 -4.000 -4.000 -4.000 -4.000 -4.000 -4.000 
-4.000 
-4.000 -4.000 -4.000 -4.000 -4.000 -4.000 -4.000 -4.000 -4.000 -4.000 
-4.000 -3.983 -3.924 -3.855 -3.775 -3.687 -3.600 -3.527 -3.488 -3.493 
-3.538 -3.606 -3.678 -3.747 -3.806 -3.855 -3.894 -3.924 -3.947 -3.963 
-3.974 -3.980 -3.981 -3.979 -3.974 -3.965 -3.954 -3.941 -3.925 -3.906 
-3.885 -3.862 -3.837 -3.809 -3.779 -3.746 -3.712 -3.675 -3.635 -3.594 
-3.550 -3.505 -3.462 -3.424 -3.397 -3.389 -3.401 -3.428 -3.464 -3.503 
-3.541 -3.579 -3.615 -3.651 -3.686 -3.720 -3.754 -3.788 -3.820 -3.852 
-3.882 -3.911 -3.938 -3.963 -3.987 -4.000 -4.000 -4.000 -4.000 -4.000 
-4.000 -4.000 -4.000 -4.000 -4.000 -4.000 -4.000 -4.000 -4.000 -4.000 
-4.000 
-3.764 -3.765 -3.722 -3.675 -3.621 -3.562 -3.496 -3.424 -3.346 -3.264 
-3.182 -3.104 -3.035 -2.978 -2.924 -2.867 -2.806 -2.754 -2.728 -2.742 
-2.793 -2.871 -2.959 -3.047 -3.129 -3.204 -3.269 -3.326 -3.375 -3.416 
-3.451 -3.479 -3.501 -3.517 -3.528 -3.534 -3.534 -3.529 -3.520 -3.505 
-3.485 -3.460 -3.430 -3.394 -3.353 -3.305 -3.253 -3.196 -3.134 -3.071 
-3.008 -2.949 -2.897 -2.857 -2.837 -2.842 -2.877 -2.937 -3.015 -3.100 
-3.186 -3.270 -3.348 -3.421 -3.487 -3.548 -3.603 -3.654 -3.699 -3.741 
-3.778 -3.811 -3.841 -3.867 -3.889 -3.908 -3.924 -3.937 -3.947 -3.953 
-3.957 -3.957 -3.954 -3.947 -3.938 -3.924 -3.908 -3.887 -3.863 -3.835 
-3.771 
-3.339 -3.294 -3.245 -3.189 -3.127 -3.058 -2.982 -2.900 -2.813 -2.726 
-2.645 -2.579 -2.537 -2.526 -2.545 -2.585 -2.633 -2.681 -2.725 -2.767 
-2.808 -2.845 -2.878 -2.910 -2.943 -2.979 -3.020 -3.061 -3.101 -3.138 
-3.171 -3.198 -3.219 -3.235 -3.245 -3.249 -3.247 -3.240 -3.227 -3.208 
-3.184 -3.154 -3.118 -3.076 -3.029 -2.977 -2.921 -2.863 -2.806 -2.755 
-2.713 -2.688 -2.683 -2.698 -2.732 -2.781 -2.840 -2.905 -2.970 -3.033 
-3.089 -3.137 -3.177 -3.209 -3.233 -3.250 -3.261 -3.269 -3.277 -3.286 
-3.298 -3.314 -3.334 -3.357 -3.381 -3.405 -3.428 -3.449 -3.466 -3.480 
-3.490 -3.495 -3.496 -3.493 -3.485 -3.473 -3.456 -3.434 -3.407 -3.375 
-3.357 
-3.228 -3.215 -3.202 -3.184 -3.161 -3.132 -3.097 -3.056 -3.009 -2.956 
-2.899 -2.843 -2.791 -2.748 -2.715 -2.690 -2.671 -2.655 -2.636 -2.611 
-2.581 -2.552 -2.529 -2.521 -2.529 -2.556 -2.598 -2.651 -2.711 -2.772 
-2.833 -2.892 -2.946 -2.996 -3.041 -3.081 -3.117 -3.147 -3.172 -3.193 
-3.208 -3.219 -3.224 -3.225 -3.220 -3.210 -3.195 -3.175 -3.151 -3.125 
-3.101 -3.081 -3.068 -3.059 -3.053 -3.045 -3.030 -3.008 -2.979 -2.943 
-2.904 -2.866 -2.834 -2.810 -2.792 -2.778 -2.765 -2.754 -2.746 -2.745 
-2.751 -2.766 -2.789 -2.820 -2.855 -2.894 -2.934 -2.974 -3.013 -3.050 
-3.084 -3.114 -3.142 -3.166 -3.186 -3.202 -3.214 -3.223 -3.227 -3.228 
-3.227 
-3.092 -3.106 -3.086 -3.061 -3.032 -2.996 -2.954 -2.905 -2.850 -2.787 
-2.718 -2.645 -2.570 -2.500 -2.445 -2.414 -2.414 -2.444 -2.493 -2.552 
-2.610 -2.662 -2.707 -2.746 -2.783 -2.819 -2.854 -2.887 -2.916 -2.941 
-2.960 -2.973 -2.982 -2.986 -2.986 -2.982 -2.975 -2.965 -2.953 -2.938 
-2.920 -2.901 -2.879 -2.855 -2.829 -2.801 -2.770 -2.736 -2.700 -2.660 
-2.618 -2.572 -2.524 -2.472 -2.419 -2.365 -2.313 -2.263 -2.221 -2.188 
-2.168 -2.164 -2.177 -2.207 -2.253 -2.312 -2.377 -2.444 -2.510 -2.573 
-2.632 -2.688 -2.741 -2.791 -2.838 -2.882 -2.923 -2.960 -2.994 -3.025 
-3.051 -3.075 -3.094 -3.111 -3.123 -3.132 -3.138 -3.139 -3.137 -3.131 
-3.098 
-2.841 -2.824 -2.827 -2.828 -2.826 -2.821 -2.813 -2.802 -2.787 -2.768 
-2.745 -2.717 -2.684 -2.649 -2.612 -2.576 -2.542 -2.507 -2.463 -2.403 
-2.326 -2.234 -2.141 -2.074 -2.061 -2.101 -2.166 -2.230 -2.282 -2.319 
-2.342 -2.354 -2.358 -2.355 -2.347 -2.335 -2.320 -2.302 -2.282 -2.261 
-2.237 -2.212 -2.184 -2.155 -2.123 -2.089 -2.051 -2.011 -1.966 -1.915 
-1.857 -1.789 -1.703 -1.584 -1.397 -1.117 -1.125 -1.361 -1.469 -1.512 
-1.542 -1.577 -1.624 -1.681 -1.747 -1.817 -1.890 -1.963 -2.034 -2.102 
-2.167 -2.229 -2.287 -2.341 -2.392 -2.440 -2.484 -2.525 -2.564 -2.599 
-2.632 -2.661 -2.689 -2.713 -2.735 -2.755 -2.773 -2.788 -2.800 -2.811 
-2.837 
-2.609 -2.666 -2.656 -2.644 -2.629 -2.610 -2.589 -2.564 -2.535 -2.503 
-2.466 -2.425 -2.378 -2.326 -2.266 -2.199 -2.123 -2.036 -1.938 -1.826 
-1.704 -1.578 -1.465 -1.391 -1.378 -1.424 -1.507 -1.601 -1.689 -1.765 
-1.828 -1.879 -1.920 -1.952 -1.977 -1.995 -2.007 -2.014 -2.017 -2.014 
-2.006 -1.993 -1.976 -1.952 -1.922 -1.886 -1.842 -1.789 -1.724 -1.646 
-1.550 -1.428 -1.268 -1.045 -0.737 -0.471 -0.466 -0.640 -0.641 -0.484 
-0.591 -0.892 -1.160 -1.371 -1.540 -1.680 -1.799 -1.903 -1.994 -2.076 
-2.149 -2.215 -2.275 -2.329 -2.378 -2.422 -2.462 -2.497 -2.530 -2.558 
-2.583 -2.605 -2.624 -2.640 -2.653 -2.663 -2.670 -2.675 -2.677 -2.676 
-2.612 
-2.090 -2.081 -2.072 -2.060 -2.045 -2.026 -2.005 -1.979 -1.950 -1.917 
-1.880 -1.838 -1.794 -1.747 -1.701 -1.659 -1.626 -1.604 -1.593 -1.588 
-1.583 -1.572 -1.554 -1.538 -1.534 -1.544 -1.559 -1.572 -1.581 -1.587 
-1.592 -1.595 -1.597 -1.599 -1.600 -1.600 -1.598 -1.595 -1.590 -1.583 
-1.573 -1.560 -1.543 -1.522 -1.497 -1.467 -1.432 -1.390 -1.342 -1.285 
-1.218 -1.138 -1.044 -0.927 -0.777 -0.580 -0.423 -0.227 0.037 0.224 
0.235 0.473 -0.204 -0.542 -0.772 -0.951 -1.098 -1.223 -1.331 -1.425 
-1.509 -1.583 -1.650 -1.709 -1.763 -1.811 -1.855 -1.894 -1.929 -1.959 
-1.987 -2.010 -2.031 -2.048 -2.063 -2.074 -2.082 -2.088 -2.090 -2.090 
-2.090 
-1.856 -1.840 -1.819 -1.794 -1.763 -1.728 -1.688 -1.643 -1.592 -1.536 
-1.475 -1.410 -1.342 -1.275 -1.213 -1.163 -1.130 -1.121 -1.136 -1.172 
-1.223 -1.281 -1.341 -1.398 -1.450 -1.497 -1.538 -1.572 -1.602 -1.626 
-1.646 -1.661 -1.674 -1.683 -1.690 -1.693 -1.694 -1.693 -1.689 -1.682 
-1.673 -1.661 -1.645 -1.627 -1.604 -1.578 -1.547 -1.512 -1.470 -1.423 
-1.368 -1.305 -1.232 -1.146 -1.045 -0.922 -0.770 -0.574 -0.310 0.056 
0.615 0.988 0.537 -0.156 -0.483 -0.693 -0.855 -0.992 -1.111 -1.216 
-1.308 -1.390 -1.462 -1.527 -1.585 -1.636 -1.681 -1.721 -1.756 -1.787 
-1.813 -1.835 -1.853 -1.867 -1.877 -1.883 -1.885 -1.884 -1.879 -1.870 
-1.864 
-1.812 -1.802 -1.808 -1.811 -1.811 -1.808 -1.802 -1.792 -1.779 -1.762 
-1.741 -1.715 -1.686 -1.654 -1.621 -1.591 -1.568 -1.556 -1.554 -1.560 
-1.570 -1.578 -1.583 -1.584 -1.581 -1.575 -1.566 -1.555 -1.542 -1.529 
-1.515 -1.500 -1.486 -1.471 -1.457 -1.443 -1.429 -1.415 -1.400 -1.385 
-1.369 -1.352 -1.334 -1.314 -1.293 -1.268 -1.241 -1.211 -1.177 -1.139 
-1.096 -1.047 -0.992 -0.930 -0.858 -0.776 -0.680 -0.569 -0.440 -0.290 
-0.055 0.445 -0.088 -0.213 -0.296 -0.391 -0.496 -0.604 -0.708 -0.805 
-0.895 -0.978 -1.055 -1.128 -1.197 -1.262 -1.323 -1.381 -1.435 -1.485 
-1.531 -1.572 -1.611 -1.645 -1.676 -1.703 -1.727 -1.748 -1.766 -1.781 
-1.808 
-2.099 -2.143 -2.176 -2.206 -2.232 -2.255 -2.276 -2.293 -2.308 -2.320 
-2.329 -2.336 -2.340 -2.342 -2.342 -2.340 -2.335 -2.329 -2.320 -2.310 
-2.299 -2.285 -2.270 -2.254 -2.237 -2.218 -2.199 -2.178 -2.157 -2.135 
-2.112 -2.088 -2.063 -2.037 -2.009 -1.981 -1.952 -1.921 -1.889 -1.857 
-1.825 -1.793 -1.761 -1.728 -1.693 -1.656 -1.615 -1.568 -1.515 -1.453 
-1.382 -1.299 -1.204 -1.094 -0.967 -0.820 -0.651 -0.464 -0.274 -0.122 
-0.054 -0.081 -0.164 -0.255 -0.317 -0.303 -0.322 -0.504 -0.637 -0.728 
-0.802 -0.869 -0.935 -1.003 -1.074 -1.148 -1.226 -1.305 -1.384 -1.462 
-1.539 -1.612 -1.683 -1.749 -1.812 -1.871 -1.926 -1.977 -2.024 -2.067 
-2.084 
-2.222 -2.274 -2.263 -2.250 -2.240 -2.236 -2.244 -2.263 -2.293 -2.330 
-2.369 -2.406 -2.439 -2.466 -2.488 -2.504 -2.514 -2.518 -2.517 -2.511 
-2.501 -2.487 -2.468 -2.445 -2.419 -2.389 -2.355 -2.317 -2.276 -2.231 
-2.183 -2.132 -2.079 -2.022 -1.964 -1.905 -1.846 -1.788 -1.733 -1.683 
-1.639 -1.603 -1.575 -1.554 -1.541 -1.533 -1.528 -1.524 -1.519 -1.510 
-1.496 -1.473 -1.441 -1.396 -1.336 -1.256 -1.152 -1.021 -0.866 -0.709 
-0.574 -0.291 -0.337 -0.431 -0.234 0.009 0.055 -0.196 -0.537 -0.811 
-1.013 -1.169 -1.296 -1.406 -1.505 -1.596 -1.681 -1.762 -1.837 -1.907 
-1.973 -2.032 -2.086 -2.133 -2.175 -2.210 -2.238 -2.259 -2.274 -2.280 
-2.218 
-1.883 -1.807 -1.761 -1.719 -1.688 -1.671 -1.674 -1.698 -1.740 -1.796 
-1.862 -1.932 -2.002 -2.070 -2.135 -2.194 -2.248 -2.297 -2.340 -2.377 
-2.408 -2.434 -2.454 -2.469 -2.478 -2.482 -2.480 -2.473 -2.460 -2.442 
-2.418 -2.390 -2.357 -2.320 -2.280 -2.236 -2.192 -2.147 -2.104 -2.065 
-2.030 -2.001 -1.978 -1.961 -1.948 -1.938 -1.928 -1.917 -1.903 -1.884 
-1.859 -1.825 -1.781 -1.726 -1.656 -1.567 -1.455 -1.309 -1.109 -0.810 
-0.272 0.159 0.094 -0.313 -0.617 -0.562 -0.553 -0.857 -1.131 -1.332 
-1.487 -1.610 -1.711 -1.793 -1.862 -1.918 -1.964 -2.001 -2.030 -2.050 
-2.064 -2.071 -2.071 -2.065 -2.052 -2.033 -2.008 -1.978 -1.941 -1.900 
-1.907 
-2.264 -2.304 -2.286 -2.269 -2.254 -2.247 -2.252 -2.269 -2.298 -2.332 
-2.369 -2.403 -2.434 -2.458 -2.477 -2.489 -2.495 -2.496 -2.492 -2.482 
-2.469 -2.451 -2.428 -2.402 -2.373 -2.339 -2.302 -2.262 -2.219 -2.172 
-2.122 -2.070 -2.015 -1.960 -1.903 -1.847 -1.792 -1.741 -1.694 -1.653 
-1.619 -1.592 -1.573 -1.559 -1.549 -1.542 -1.535 -1.526 -1.515 -1.498 
-1.477 -1.451 -1.420 -1.385 -1.349 -1.309 -1.266 -1.215 -1.148 -1.050 
-0.870 -0.410 -0.459 -0.666 -0.648 -0.646 -0.717 -0.849 -1.008 -1.166 
-1.311 -1.441 -1.555 -1.658 -1.750 -1.832 -1.906 -1.973 -2.034 -2.088 
-2.137 -2.180 -2.218 -2.250 -2.277 -2.299 -2.315 -2.324 -2.328 -2.326 
-2.260 
-2.477 -2.486 -2.510 -2.532 -2.552 -2.570 -2.585 -2.599 -2.610 -2.619 
-2.627 -2.632 -2.635 -2.636 -2.635 -2.632 -2.627 -2.619 -2.610 -2.598 
-2.584 -2.567 -2.548 -2.527 -2.504 -2.477 -2.449 -2.417 -2.383 -2.346 
-2.306 -2.264 -2.219 -2.171 -2.122 -2.071 -2.019 -1.966 -1.915 -1.864 
-1.815 -1.769 -1.723 -1.678 -1.631 -1.582 -1.529 -1.472 -1.410 -1.345 
-1.278 -1.212 -1.150 -1.095 -1.049 -1.016 -0.995 -0.985 -0.984 -0.985 
-0.985 -0.974 -0.943 -0.891 -0.844 -0.868 -0.970 -1.098 -1.219 -1.325 
-1.418 -1.502 -1.579 -1.651 -1.719 -1.784 -1.847 -1.906 -1.964 -2.018 
-2.070 -2.120 -2.167 -2.212 -2.255 -2.295 -2.332 -2.368 -2.401 -2.431 
-2.467 
-2.611 -2.633 -2.652 -2.668 -2.681 -2.693 -2.701 -2.708 -2.712 -2.714 
-2.714 -2.711 -2.706 -2.699 -2.690 -2.678 -2.664 -2.647 -2.628 -2.606 
-2.582 -2.556 -2.526 -2.494 -2.459 -2.422 -2.381 -2.338 -2.292 -2.242 
-2.190 -2.136 -2.079 -2.019 -1.958 -1.897 -1.835 -1.775 -1.718 -1.666 
-1.619 -1.580 -1.548 -1.523 -1.503 -1.489 -1.476 -1.464 -1.450 -1.434 
-1.413 -1.388 -1.359 -1.326 -1.290 -1.251 -1.209 -1.160 -1.100 -1.026 
-0.932 -0.816 -0.680 -0.545 -0.463 -0.497 -0.646 -0.848 -1.047 -1.223 
-1.376 -1.509 -1.626 -1.731 -1.824 -1.910 -1.988 -2.059 -2.125 -2.186 
-2.242 -2.294 -2.343 -2.387 -2.428 -2.466 -2.501 -2.533 -2.562 -2.589 
-2.605 
-2.790 -2.812 -2.829 -2.843 -2.855 -2.865 -2.873 -2.878 -2.881 -2.882 
-2.881 -2.878 -2.872 -2.864 -2.854 -2.841 -2.827 -2.810 -2.791 -2.769 
-2.745 -2.718 -2.689 -2.658 -2.624 -2.587 -2.547 -2.505 -2.460 -2.412 
-2.360 -2.306 -2.249 -2.190 -2.127 -2.063 -1.996 -1.928 -1.860 -1.793 
-1.730 -1.671 -1.622 -1.581 -1.551 -1.528 -1.509 -1.494 -1.480 -1.465 
-1.449 -1.430 -1.407 -1.377 -1.341 -1.297 -1.244 -1.180 -1.106 -1.022 
-0.934 -0.852 -0.789 -0.755 -0.760 -0.837 -0.988 -1.161 -1.326 -1.476 
-1.611 -1.732 -1.842 -1.941 -2.031 -2.114 -2.190 -2.260 -2.324 -2.384 
-2.439 -2.489 -2.536 -2.579 -2.618 -2.655 -2.688 -2.718 -2.745 -2.770 
-2.784 
-2.860 -2.892 -2.911 -2.926 -2.939 -2.949 -2.957 -2.963 -2.966 -2.967 
-2.965 -2.961 -2.955 -2.946 -2.935 -2.921 -2.905 -2.886 -2.864 -2.840 
-2.813 -2.783 -2.751 -2.715 -2.676 -2.633 -2.587 -2.537 -2.483 -2.425 
-2.362 -2.295 -2.223 -2.146 -2.064 -1.978 -1.887 -1.794 -1.702 -1.613 
-1.534 -1.469 -1.424 -1.402 -1.400 -1.415 -1.440 -1.469 -1.497 -1.521 
-1.539 -1.550 -1.552 -1.546 -1.531 -1.506 -1.469 -1.421 -1.360 -1.285 
-1.198 -1.100 -1.001 -0.917 -0.871 -0.894 -0.989 -1.126 -1.275 -1.421 
-1.561 -1.693 -1.815 -1.928 -2.031 -2.125 -2.211 -2.289 -2.361 -2.427 
-2.488 -2.543 -2.595 -2.641 -2.684 -2.724 -2.760 -2.792 -2.822 -2.848 
-2.854 
-2.719 -2.734 -2.753 -2.769 -2.782 -2.792 -2.800 -2.805 -2.808 -2.807 
-2.805 -2.799 -2.791 -2.781 -2.768 -2.751 -2.733 -2.711 -2.686 -2.658 
-2.627 -2.592 -2.554 -2.512 -2.466 -2.415 -2.360 -2.300 -2.235 -2.164 
-2.087 -2.004 -1.916 -1.824 -1.732 -1.646 -1.574 -1.517 -1.474 -1.442 
-1.422 -1.415 -1.423 -1.446 -1.479 -1.518 -1.560 -1.600 -1.635 -1.666 
-1.690 -1.707 -1.718 -1.721 -1.716 -1.704 -1.683 -1.654 -1.616 -1.567 
-1.509 -1.439 -1.359 -1.276 -1.202 -1.159 -1.145 -1.152 -1.185 -1.252 
-1.349 -1.463 -1.581 -1.697 -1.807 -1.908 -2.002 -2.087 -2.166 -2.237 
-2.303 -2.363 -2.418 -2.468 -2.514 -2.556 -2.594 -2.629 -2.660 -2.688 
-2.710 
-2.507 -2.543 -2.558 -2.569 -2.578 -2.584 -2.587 -2.588 -2.586 -2.581 
-2.574 -2.563 -2.550 -2.534 -2.516 -2.494 -2.468 -2.440 -2.408 -2.372 
-2.333 -2.290 -2.242 -2.189 -2.131 -2.068 -1.999 -1.923 -1.840 -1.749 
-1.650 -1.543 -1.429 -1.309 -1.185 -1.060 -0.932 -0.832 -0.853 -0.978 
-1.109 -1.220 -1.313 -1.391 -1.459 -1.517 -1.565 -1.605 -1.638 -1.662 
-1.679 -1.690 -1.693 -1.689 -1.678 -1.661 -1.636 -1.605 -1.567 -1.522 
-1.472 -1.418 -1.364 -1.316 -1.279 -1.262 -1.267 -1.297 -1.350 -1.421 
-1.504 -1.591 -1.675 -1.755 -1.829 -1.899 -1.965 -2.026 -2.085 -2.139 
-2.191 -2.239 -2.283 -2.325 -2.363 -2.398 -2.429 -2.458 -2.484 -2.506 
-2.503 
-2.156 -2.173 -2.186 -2.198 -2.207 -2.214 -2.219 -2.223 -2.224 -2.222 
-2.219 -2.213 -2.205 -2.195 -2.182 -2.166 -2.147 -2.125 -2.100 -2.071 
-2.039 -2.002 -1.962 -1.916 -1.866 -1.809 -1.746 -1.676 -1.597 -1.509 
-1.409 -1.294 -1.162 -1.009 -0.828 -0.619 -0.404 -0.250 -0.229 -0.340 
-0.534 -0.734 -0.907 -1.051 -1.170 -1.270 -1.355 -1.426 -1.487 -1.538 
-1.581 -1.616 -1.645 -1.667 -1.683 -1.693 -1.698 -1.697 -1.691 -1.680 
-1.664 -1.644 -1.621 -1.597 -1.575 -1.560 -1.552 -1.551 -1.554 -1.560 
-1.568 -1.580 -1.595 -1.616 -1.642 -1.673 -1.709 -1.747 -1.787 -1.828 
-1.868 -1.907 -1.945 -1.980 -2.013 -2.043 -2.071 -2.096 -2.119 -2.139 
-2.149 
-1.928 -1.919 -1.918 -1.918 -1.916 -1.915 -1.913 -1.911 -1.907 -1.903 
-1.897 -1.891 -1.882 -1.872 -1.860 -1.846 -1.830 -1.811 -1.790 -1.766 
-1.738 -1.707 -1.671 -1.632 -1.587 -1.537 -1.481 -1.418 -1.346 -1.264 
-1.170 -1.060 -0.930 -0.772 -0.577 -0.346 -0.166 -0.101 -0.050 -0.075 
-0.220 -0.425 -0.626 -0.801 -0.948 -1.073 -1.181 -1.274 -1.356 -1.428 
-1.492 -1.548 -1.598 -1.643 -1.683 -1.717 -1.748 -1.775 -1.798 -1.817 
-1.834 -1.847 -1.858 -1.865 -1.871 -1.874 -1.875 -1.876 -1.875 -1.874 
-1.874 -1.875 -1.877 -1.881 -1.886 -1.892 -1.898 -1.903 -1.909 -1.913 
-1.917 -1.919 -1.921 -1.922 -1.922 -1.922 -1.922 -1.921 -1.921 -1.920 
-1.929 
-1.912 -1.905 -1.903 -1.899 -1.895 -1.889 -1.881 -1.872 -1.861 -1.849 
-1.834 -1.817 -1.798 -1.776 -1.752 -1.725 -1.695 -1.662 -1.626 -1.586 
-1.542 -1.494 -1.441 -1.383 -1.319 -1.248 -1.169 -1.080 -0.979 -0.864 
-0.730 -0.572 -0.387 -0.178 0.034 0.213 0.292 0.176 -0.031 -0.232 
-0.429 -0.609 -0.762 -0.891 -1.001 -1.096 -1.179 -1.252 -1.318 -1.376 
-1.428 -1.474 -1.516 -1.554 -1.588 -1.619 -1.646 -1.671 -1.693 -1.712 
-1.730 -1.746 -1.759 -1.772 -1.783 -1.792 -1.801 -1.809 -1.816 -1.822 
-1.828 -1.834 -1.839 -1.844 -1.849 -1.854 -1.859 -1.864 -1.869 -1.873 
-1.878 -1.883 -1.887 -1.891 -1.895 -1.898 -1.901 -1.903 -1.905 -1.906 
-1.912 
-2.016 -2.010 -1.990 -1.969 -1.946 -1.921 -1.895 -1.866 -1.836 -1.803 
-1.769 -1.732 -1.693 -1.652 -1.609 -1.564 -1.516 -1.465 -1.411 -1.354 
-1.294 -1.230 -1.162 -1.088 -1.009 -0.922 -0.827 -0.721 -0.603 -0.469 
-0.315 -0.139 0.051 0.221 0.307 0.273 0.159 -0.036 -0.248 -0.432 
-0.589 -0.725 -0.845 -0.952 -1.048 -1.136 -1.216 -1.290 -1.359 -1.422 
-1.481 -1.536 -1.588 -1.635 -1.680 -1.722 -1.761 -1.797 -1.830 -1.862 
-1.891 -1.917 -1.942 -1.965 -1.985 -2.004 -2.021 -2.037 -2.051 -2.064 
-2.075 -2.084 -2.093 -2.100 -2.106 -2.111 -2.114 -2.117 -2.118 -2.118 
-2.117 -2.114 -2.111 -2.105 -2.099 -2.091 -2.081 -2.070 -2.058 -2.043 
-2.023 
-2.056 -2.037 -2.017 -1.994 -1.969 -1.943 -1.914 -1.883 -1.850 -1.815 
-1.777 -1.737 -1.694 -1.649 -1.601 -1.549 -1.495 -1.437 -1.375 -1.309 
-1.238 -1.163 -1.081 -0.994 -0.900 -0.798 -0.691 -0.579 -0.465 -0.346 
-0.217 -0.074 0.074 0.194 0.239 0.177 0.041 -0.117 -0.271 -0.412 
-0.538 -0.652 -0.755 -0.849 -0.935 -1.016 -1.091 -1.161 -1.228 -1.291 
-1.350 -1.407 -1.461 -1.513 -1.562 -1.609 -1.654 -1.696 -1.736 -1.774 
-1.811 -1.845 -1.877 -1.907 -1.936 -1.962 -1.987 -2.010 -2.031 -2.050 
-2.067 -2.083 -2.097 -2.109 -2.120 -2.129 -2.136 -2.141 -2.145 -2.147 
-2.147 -2.146 -2.143 -2.138 -2.132 -2.124 -2.114 -2.102 -2.089 -2.073 
-2.062 
-2.109 -2.092 -2.070 -2.046 -2.019 -1.991 -1.959 -1.925 -1.888 -1.848 
-1.805 -1.759 -1.710 -1.656 -1.599 -1.538 -1.471 -1.400 -1.324 -1.241 
-1.152 -1.055 -0.952 -0.840 -0.722 -0.600 -0.480 -0.369 -0.274 -0.196 
-0.138 -0.151 -0.207 -0.246 -0.287 -0.368 -0.475 -0.584 -0.683 -0.770 
-0.846 -0.915 -0.978 -1.036 -1.090 -1.142 -1.192 -1.240 -1.286 -1.332 
-1.377 -1.422 -1.465 -1.509 -1.551 -1.594 -1.635 -1.676 -1.716 -1.755 
-1.793 -1.829 -1.864 -1.898 -1.930 -1.960 -1.989 -2.015 -2.040 -2.063 
-2.085 -2.104 -2.121 -2.137 -2.151 -2.163 -2.173 -2.181 -2.187 -2.191 
-2.194 -2.194 -2.193 -2.190 -2.185 -2.177 -2.168 -2.157 -2.144 -2.129 
-2.116 
-2.198 -2.188 -2.173 -2.155 -2.134 -2.111 -2.086 -2.057 -2.026 -1.992 
-1.954 -1.914 -1.869 -1.821 -1.769 -1.712 -1.651 -1.584 -1.512 -1.433 
-1.346 -1.252 -1.147 -1.031 -0.902 -0.758 -0.594 -0.407 -0.193 0.026 
0.178 0.175 0.032 -0.160 -0.337 -0.484 -0.605 -0.706 -0.791 -0.863 
-0.925 -0.978 -1.026 -1.067 -1.105 -1.139 -1.171 -1.201 -1.230 -1.258 
-1.287 -1.317 -1.348 -1.381 -1.415 -1.452 -1.489 -1.529 -1.569 -1.611 
-1.652 -1.694 -1.735 -1.776 -1.816 -1.854 -1.891 -1.927 -1.961 -1.993 
-2.023 -2.051 -2.077 -2.102 -2.124 -2.144 -2.163 -2.179 -2.193 -2.205 
-2.215 -2.223 -2.229 -2.233 -2.235 -2.235 -2.233 -2.228 -2.222 -2.213 
-2.201 
-2.279 -2.265 -2.248 -2.228 -2.206 -2.182 -2.155 -2.125 -2.093 -2.057 
-2.019 -1.978 -1.933 -1.884 -1.832 -1.776 -1.715 -1.649 -1.577 -1.499 
-1.415 -1.322 -1.220 -1.108 -0.983 -0.843 -0.684 -0.505 -0.305 -0.099 
0.064 0.108 0.030 -0.110 -0.261 -0.399 -0.519 -0.622 -0.710 -0.785 
-0.852 -0.911 -0.964 -1.013 -1.060 -1.104 -1.148 -1.191 -1.236 -1.280 
-1.326 -1.372 -1.420 -1.467 -1.515 -1.563 -1.611 -1.658 -1.705 -1.750 
-1.795 -1.838 -1.880 -1.920 -1.959 -1.996 -2.031 -2.064 -2.095 -2.124 
-2.151 -2.177 -2.200 -2.221 -2.241 -2.258 -2.273 -2.287 -2.298 -2.308 
-2.315 -2.321 -2.324 -2.326 -2.325 -2.323 -2.319 -2.312 -2.303 -2.293 
-2.284 
-2.391 -2.380 -2.362 -2.343 -2.321 -2.297 -2.270 -2.240 -2.208 -2.173 
-2.134 -2.093 -2.048 -2.000 -1.948 -1.892 -1.832 -1.767 -1.697 -1.621 
-1.539 -1.451 -1.354 -1.250 -1.135 -1.010 -0.874 -0.726 -0.570 -0.413 
-0.277 -0.203 -0.207 -0.262 -0.342 -0.429 -0.513 -0.589 -0.655 -0.713 
-0.764 -0.810 -0.851 -0.891 -0.931 -0.972 -1.016 -1.062 -1.113 -1.167 
-1.224 -1.285 -1.347 -1.410 -1.474 -1.537 -1.600 -1.661 -1.721 -1.778 
-1.833 -1.885 -1.935 -1.983 -2.028 -2.070 -2.110 -2.148 -2.183 -2.216 
-2.246 -2.274 -2.299 -2.323 -2.344 -2.363 -2.380 -2.394 -2.407 -2.417 
-2.426 -2.432 -2.436 -2.438 -2.438 -2.436 -2.432 -2.426 -2.418 -2.407 
-2.396 
-2.517 -2.505 -2.486 -2.464 -2.439 -2.412 -2.383 -2.350 -2.315 -2.277 
-2.236 -2.191 -2.143 -2.091 -2.036 -1.976 -1.911 -1.842 -1.768 -1.687 
-1.601 -1.507 -1.406 -1.298 -1.181 -1.056 -0.926 -0.794 -0.665 -0.546 
-0.447 -0.381 -0.357 -0.373 -0.416 -0.471 -0.527 -0.579 -0.624 -0.664 
-0.701 -0.738 -0.780 -0.828 -0.883 -0.944 -1.010 -1.080 -1.154 -1.230 
-1.307 -1.385 -1.462 -1.538 -1.612 -1.684 -1.753 -1.819 -1.882 -1.942 
-1.999 -2.053 -2.104 -2.152 -2.197 -2.239 -2.278 -2.315 -2.349 -2.380 
-2.409 -2.436 -2.460 -2.482 -2.502 -2.519 -2.534 -2.547 -2.558 -2.567 
-2.574 -2.578 -2.580 -2.581 -2.579 -2.575 -2.569 -2.560 -2.550 -2.537 
-2.522 
-2.595 -2.581 -2.555 -2.525 -2.493 -2.458 -2.420 -2.379 -2.335 -2.287 
-2.236 -2.180 -2.121 -2.057 -1.989 -1.916 -1.838 -1.755 -1.666 -1.571 
-1.471 -1.365 -1.253 -1.135 -1.013 -0.889 -0.769 -0.663 -0.581 -0.531 
-0.509 -0.509 -0.522 -0.542 -0.560 -0.570 -0.568 -0.557 -0.546 -0.552 
-0.580 -0.623 -0.681 -0.755 -0.847 -0.951 -1.062 -1.175 -1.285 -1.391 
-1.493 -1.589 -1.680 -1.766 -1.846 -1.922 -1.993 -2.059 -2.121 -2.180 
-2.234 -2.285 -2.332 -2.376 -2.417 -2.455 -2.490 -2.522 -2.551 -2.578 
-2.602 -2.624 -2.643 -2.660 -2.675 -2.687 -2.698 -2.705 -2.711 -2.715 
-2.716 -2.715 -2.712 -2.707 -2.699 -2.689 -2.677 -2.663 -2.646 -2.627 
-2.602 
-2.594 -2.559 -2.524 -2.487 -2.448 -2.405 -2.358 -2.309 -2.256 -2.199 
-2.139 -2.075 -2.006 -1.934 -1.858 -1.777 -1.693 -1.606 -1.517 -1.426 
-1.336 -1.249 -1.166 -1.091 -1.023 -0.963 -0.910 -0.865 -0.829 -0.802 
-0.783 -0.765 -0.739 -0.700 -0.646 -0.575 -0.492 -0.413 -0.367 -0.384 
-0.465 -0.582 -0.713 -0.857 -1.008 -1.156 -1.295 -1.424 -1.544 -1.653 
-1.754 -1.847 -1.933 -2.012 -2.085 -2.153 -2.216 -2.274 -2.328 -2.378 
-2.425 -2.467 -2.507 -2.543 -2.576 -2.607 -2.634 -2.659 -2.682 -2.702 
-2.719 -2.734 -2.747 -2.757 -2.765 -2.771 -2.775 -2.776 -2.776 -2.773 
-2.768 -2.760 -2.751 -2.739 -2.725 -2.708 -2.690 -2.669 -2.645 -2.619 
-2.606 
-2.727 -2.710 -2.679 -2.645 -2.608 -2.568 -2.525 -2.478 -2.428 -2.374 
-2.317 -2.255 -2.189 -2.119 -2.043 -1.963 -1.878 -1.787 -1.692 -1.592 
-1.488 -1.383 -1.278 -1.179 -1.090 -1.019 -0.971 -0.944 -0.936 -0.938 
-0.943 -0.946 -0.940 -0.924 -0.895 -0.850 -0.790 -0.719 -0.648 -0.590 
-0.546 -0.523 -0.550 -0.644 -0.793 -0.964 -1.135 -1.296 -1.442 -1.575 
-1.696 -1.806 -1.906 -1.998 -2.082 -2.160 -2.231 -2.297 -2.359 -2.415 
-2.468 -2.516 -2.561 -2.602 -2.640 -2.675 -2.707 -2.736 -2.762 -2.786 
-2.807 -2.825 -2.842 -2.855 -2.867 -2.876 -2.882 -2.887 -2.889 -2.889 
-2.887 -2.883 -2.876 -2.867 -2.856 -2.842 -2.826 -2.808 -2.787 -2.764 
-2.735 
-2.810 -2.791 -2.762 -2.730 -2.695 -2.656 -2.615 -2.570 -2.522 -2.469 
-2.413 -2.352 -2.287 -2.217 -2.141 -2.059 -1.971 -1.877 -1.775 -1.666 
-1.551 -1.430 -1.308 -1.190 -1.086 -1.007 -0.959 -0.943 -0.950 -0.970 
-0.994 -1.015 -1.030 -1.036 -1.032 -1.015 -0.985 -0.940 -0.880 -0.809 
-0.735 -0.678 -0.667 -0.720 -0.829 -0.971 -1.124 -1.273 -1.415 -1.546 
-1.668 -1.780 -1.884 -1.980 -2.068 -2.150 -2.226 -2.296 -2.361 -2.422 
-2.478 -2.529 -2.578 -2.622 -2.663 -2.701 -2.735 -2.767 -2.796 -2.822 
-2.846 -2.866 -2.885 -2.901 -2.914 -2.926 -2.935 -2.941 -2.945 -2.947 
-2.947 -2.945 -2.940 -2.933 -2.924 -2.912 -2.898 -2.882 -2.863 -2.842 
-2.819 
-2.805 -2.788 -2.764 -2.738 -2.709 -2.677 -2.642 -2.605 -2.564 -2.520 
-2.473 -2.422 -2.368 -2.309 -2.246 -2.179 -2.107 -2.029 -1.947 -1.859 
-1.765 -1.667 -1.564 -1.460 -1.359 -1.266 -1.186 -1.120 -1.067 -1.026 
-0.998 -0.979 -0.969 -0.962 -0.955 -0.945 -0.933 -0.919 -0.908 -0.902 
-0.900 -0.900 -0.909 -0.937 -0.987 -1.056 -1.138 -1.232 -1.333 -1.439 
-1.544 -1.647 -1.746 -1.840 -1.929 -2.012 -2.090 -2.163 -2.232 -2.295 
-2.355 -2.411 -2.462 -2.510 -2.555 -2.596 -2.635 -2.670 -2.702 -2.732 
-2.759 -2.784 -2.805 -2.825 -2.842 -2.857 -2.869 -2.879 -2.887 -2.893 
-2.897 -2.898 -2.897 -2.894 -2.889 -2.881 -2.872 -2.860 -2.845 -2.829 
-2.811 
-2.758 -2.734 -2.704 -2.672 -2.637 -2.599 -2.557 -2.513 -2.466 -2.414 
-2.360 -2.301 -2.239 -2.172 -2.101 -2.025 -1.944 -1.858 -1.768 -1.673 
-1.575 -1.475 -1.376 -1.281 -1.190 -1.107 -1.031 -0.965 -0.909 -0.864 
-0.828 -0.797 -0.769 -0.740 -0.708 -0.675 -0.643 -0.623 -0.624 -0.654 
-0.716 -0.803 -0.909 -1.026 -1.146 -1.264 -1.379 -1.491 -1.599 -1.703 
-1.802 -1.895 -1.982 -2.063 -2.139 -2.210 -2.276 -2.338 -2.395 -2.449 
-2.498 -2.544 -2.587 -2.626 -2.663 -2.696 -2.727 -2.755 -2.780 -2.803 
-2.824 -2.842 -2.858 -2.871 -2.882 -2.891 -2.898 -2.902 -2.905 -2.905 
-2.903 -2.899 -2.893 -2.884 -2.873 -2.861 -2.845 -2.828 -2.808 -2.786 
-2.767 
-2.766 -2.729 -2.696 -2.659 -2.619 -2.576 -2.530 -2.480 -2.426 -2.368 
-2.306 -2.239 -2.167 -2.090 -2.008 -1.920 -1.827 -1.728 -1.625 -1.520 
-1.415 -1.316 -1.228 -1.157 -1.107 -1.075 -1.058 -1.051 -1.050 -1.053 
-1.056 -1.056 -1.049 -1.034 -1.009 -0.974 -0.931 -0.884 -0.836 -0.796 
-0.774 -0.785 -0.839 -0.932 -1.047 -1.168 -1.292 -1.419 -1.547 -1.670 
-1.784 -1.890 -1.988 -2.077 -2.160 -2.235 -2.305 -2.370 -2.429 -2.484 
-2.535 -2.582 -2.625 -2.665 -2.702 -2.735 -2.765 -2.793 -2.818 -2.840 
-2.860 -2.877 -2.892 -2.904 -2.914 -2.922 -2.927 -2.931 -2.931 -2.930 
-2.926 -2.921 -2.912 -2.902 -2.889 -2.874 -2.856 -2.836 -2.813 -2.788 
-2.778 
-2.963 -2.961 -2.934 -2.904 -2.871 -2.834 -2.795 -2.752 -2.706 -2.655 
-2.601 -2.542 -2.479 -2.410 -2.337 -2.257 -2.171 -2.079 -1.981 -1.876 
-1.766 -1.652 -1.537 -1.426 -1.325 -1.241 -1.178 -1.138 -1.122 -1.131 
-1.158 -1.194 -1.229 -1.257 -1.275 -1.280 -1.273 -1.252 -1.217 -1.173 
-1.126 -1.083 -1.048 -1.019 -1.001 -1.014 -1.072 -1.173 -1.303 -1.444 
-1.585 -1.718 -1.843 -1.958 -2.063 -2.160 -2.249 -2.331 -2.406 -2.476 
-2.540 -2.599 -2.654 -2.705 -2.752 -2.795 -2.834 -2.871 -2.904 -2.934 
-2.961 -2.986 -3.008 -3.027 -3.043 -3.058 -3.069 -3.079 -3.086 -3.090 
-3.093 -3.093 -3.090 -3.086 -3.079 -3.069 -3.057 -3.043 -3.027 -3.007 
-2.969 
-2.976 -2.954 -2.926 -2.894 -2.860 -2.823 -2.782 -2.737 -2.689 -2.636 
-2.579 -2.517 -2.450 -2.378 -2.299 -2.213 -2.119 -2.017 -1.906 -1.785 
-1.653 -1.514 -1.371 -1.237 -1.128 -1.065 -1.053 -1.083 -1.137 -1.200 
-1.263 -1.318 -1.363 -1.396 -1.417 -1.425 -1.420 -1.401 -1.369 -1.323 
-1.262 -1.188 -1.107 -1.031 -0.985 -0.993 -1.063 -1.180 -1.318 -1.459 
-1.593 -1.720 -1.839 -1.951 -2.055 -2.151 -2.240 -2.323 -2.399 -2.469 
-2.534 -2.595 -2.650 -2.702 -2.749 -2.792 -2.832 -2.869 -2.903 -2.933 
-2.960 -2.985 -3.007 -3.026 -3.043 -3.057 -3.069 -3.078 -3.085 -3.089 
-3.091 -3.091 -3.088 -3.083 -3.076 -3.066 -3.054 -3.039 -3.022 -3.002 
-2.985 
-2.963 -2.936 -2.911 -2.882 -2.851 -2.816 -2.778 -2.737 -2.692 -2.642 
-2.589 -2.530 -2.467 -2.398 -2.323 -2.241 -2.151 -2.054 -1.946 -1.829 
-1.700 -1.561 -1.415 -1.273 -1.156 -1.085 -1.068 -1.100 -1.165 -1.244 
-1.324 -1.395 -1.456 -1.504 -1.539 -1.563 -1.575 -1.575 -1.562 -1.537 
-1.499 -1.446 -1.382 -1.314 -1.268 -1.267 -1.306 -1.356 -1.407 -1.463 
-1.531 -1.612 -1.703 -1.800 -1.898 -1.993 -2.085 -2.172 -2.254 -2.331 
-2.402 -2.468 -2.529 -2.586 -2.639 -2.688 -2.733 -2.774 -2.812 -2.846 
-2.878 -2.907 -2.932 -2.955 -2.975 -2.993 -3.008 -3.020 -3.030 -3.038 
-3.043 -3.045 -3.046 -3.043 -3.039 -3.032 -3.022 -3.010 -2.996 -2.979 
-2.970 
-3.055 -3.043 -3.014 -2.981 -2.945 -2.906 -2.863 -2.817 -2.766 -2.711 
-2.651 -2.586 -2.515 -2.438 -2.353 -2.261 -2.159 -2.047 -1.923 -1.786 
-1.634 -1.471 -1.304 -1.157 -1.061 -1.033 -1.063 -1.129 -1.209 -1.292 
-1.367 -1.430 -1.479 -1.513 -1.533 -1.538 -1.529 -1.505 -1.465 -1.409 
-1.333 -1.241 -1.138 -1.045 -1.001 -1.038 -1.149 -1.297 -1.447 -1.589 
-1.719 -1.842 -1.957 -2.066 -2.168 -2.263 -2.351 -2.433 -2.509 -2.579 
-2.643 -2.703 -2.758 -2.809 -2.856 -2.899 -2.939 -2.975 -3.008 -3.038 
-3.065 -3.089 -3.111 -3.129 -3.146 -3.159 -3.170 -3.179 -3.185 -3.189 
-3.190 -3.190 -3.186 -3.180 -3.172 -3.161 -3.148 -3.133 -3.114 -3.093 
-3.064 
-3.072 -3.042 -3.015 -2.986 -2.953 -2.917 -2.879 -2.836 -2.790 -2.740 
-2.686 -2.627 -2.563 -2.494 -2.419 -2.338 -2.249 -2.153 -2.047 -1.933 
-1.808 -1.673 -1.532 -1.390 -1.263 -1.165 -1.101 -1.078 -1.100 -1.155 
-1.225 -1.294 -1.354 -1.403 -1.438 -1.460 -1.469 -1.465 -1.448 -1.418 
-1.377 -1.324 -1.264 -1.209 -1.177 -1.188 -1.242 -1.325 -1.429 -1.545 
-1.667 -1.788 -1.905 -2.015 -2.118 -2.213 -2.302 -2.384 -2.460 -2.530 
-2.595 -2.656 -2.712 -2.763 -2.811 -2.855 -2.896 -2.933 -2.967 -2.998 
-3.026 -3.052 -3.074 -3.095 -3.112 -3.127 -3.140 -3.150 -3.157 -3.163 
-3.166 -3.167 -3.165 -3.161 -3.155 -3.146 -3.135 -3.121 -3.105 -3.087 
-3.080 
-3.213 -3.194 -3.163 -3.128 -3.091 -3.050 -3.005 -2.957 -2.905 -2.849 
-2.788 -2.722 -2.651 -2.575 -2.492 -2.403 -2.308 -2.206 -2.099 -1.987 
-1.874 -1.765 -1.664 -1.578 -1.507 -1.458 -1.438 -1.451 -1.490 -1.543 
-1.597 -1.642 -1.676 -1.697 -1.705 -1.700 -1.681 -1.648 -1.601 -1.539 
-1.464 -1.381 -1.301 -1.253 -1.267 -1.343 -1.458 -1.591 -1.729 -1.866 
-1.997 -2.119 -2.233 -2.338 -2.435 -2.524 -2.606 -2.682 -2.751 -2.816 
-2.875 -2.930 -2.981 -3.027 -3.070 -3.110 -3.146 -3.179 -3.209 -3.236 
-3.260 -3.281 -3.300 -3.316 -3.330 -3.341 -3.350 -3.357 -3.361 -3.362 
-3.362 -3.359 -3.354 -3.346 -3.336 -3.323 -3.308 -3.291 -3.270 -3.248 
-3.223 
-3.343 -3.334 -3.303 -3.269 -3.231 -3.191 -3.146 -3.098 -3.046 -2.990 
-2.929 -2.863 -2.791 -2.713 -2.629 -2.537 -2.437 -2.328 -2.209 -2.079 
-1.939 -1.791 -1.641 -1.500 -1.384 -1.313 -1.305 -1.354 -1.432 -1.514 
-1.587 -1.645 -1.686 -1.712 -1.721 -1.714 -1.691 -1.650 -1.591 -1.511 
-1.411 -1.295 -1.186 -1.128 -1.162 -1.280 -1.434 -1.593 -1.754 -1.915 
-2.067 -2.206 -2.332 -2.446 -2.549 -2.643 -2.728 -2.806 -2.878 -2.944 
-3.004 -3.060 -3.112 -3.159 -3.202 -3.242 -3.279 -3.312 -3.342 -3.370 
-3.394 -3.416 -3.435 -3.452 -3.466 -3.477 -3.486 -3.493 -3.497 -3.499 
-3.499 -3.496 -3.491 -3.484 -3.474 -3.461 -3.447 -3.429 -3.409 -3.387 
-3.351 
-3.264 -3.236 -3.205 -3.171 -3.134 -3.093 -3.048 -2.999 -2.946 -2.888 
-2.825 -2.756 -2.682 -2.601 -2.512 -2.415 -2.308 -2.192 -2.065 -1.928 
-1.784 -1.644 -1.524 -1.444 -1.415 -1.432 -1.486 -1.562 -1.643 -1.718 
-1.781 -1.832 -1.869 -1.894 -1.907 -1.908 -1.896 -1.872 -1.834 -1.781 
-1.713 -1.628 -1.534 -1.450 -1.397 -1.365 -1.352 -1.386 -1.483 -1.624 
-1.782 -1.937 -2.081 -2.212 -2.330 -2.437 -2.534 -2.622 -2.702 -2.776 
-2.844 -2.905 -2.962 -3.014 -3.062 -3.106 -3.146 -3.183 -3.216 -3.246 
-3.273 -3.297 -3.318 -3.337 -3.353 -3.366 -3.377 -3.385 -3.391 -3.394 
-3.395 -3.393 -3.389 -3.382 -3.373 -3.362 -3.348 -3.331 -3.311 -3.289 
-3.273 
-3.204 -3.181 -3.148 -3.112 -3.073 -3.030 -2.984 -2.933 -2.877 -2.817 
-2.751 -2.679 -2.601 -2.515 -2.421 -2.319 -2.209 -2.094 -1.982 -1.880 
-1.789 -1.702 -1.617 -1.550 -1.515 -1.517 -1.548 -1.597 -1.652 -1.706 
-1.754 -1.793 -1.822 -1.841 -1.850 -1.848 -1.835 -1.812 -1.779 -1.734 
-1.680 -1.619 -1.555 -1.497 -1.457 -1.448 -1.479 -1.555 -1.668 -1.801 
-1.936 -2.065 -2.185 -2.295 -2.397 -2.490 -2.575 -2.654 -2.726 -2.792 
-2.854 -2.910 -2.962 -3.010 -3.054 -3.095 -3.132 -3.166 -3.196 -3.224 
-3.249 -3.271 -3.290 -3.307 -3.321 -3.332 -3.341 -3.348 -3.352 -3.354 
-3.353 -3.350 -3.345 -3.337 -3.327 -3.314 -3.298 -3.280 -3.260 -3.236 
-3.213 
-3.185 -3.141 -3.100 -3.055 -3.005 -2.951 -2.892 -2.827 -2.757 -2.679 
-2.595 -2.501 -2.399 -2.287 -2.164 -2.032 -1.896 -1.766 -1.660 -1.599 
-1.591 -1.626 -1.684 -1.745 -1.802 -1.856 -1.910 -1.963 -2.011 -2.052 
-2.084 -2.107 -2.120 -2.124 -2.117 -2.101 -2.074 -2.037 -1.989 -1.928 
-1.856 -1.771 -1.679 -1.586 -1.512 -1.482 -1.517 -1.616 -1.750 -1.896 
-2.039 -2.172 -2.294 -2.405 -2.505 -2.597 -2.681 -2.757 -2.827 -2.891 
-2.950 -3.004 -3.053 -3.098 -3.139 -3.176 -3.210 -3.241 -3.268 -3.293 
-3.314 -3.333 -3.348 -3.361 -3.372 -3.380 -3.385 -3.387 -3.388 -3.385 
-3.380 -3.372 -3.362 -3.349 -3.334 -3.315 -3.294 -3.270 -3.243 -3.212 
-3.199 
-3.361 -3.347 -3.308 -3.265 -3.218 -3.166 -3.110 -3.048 -2.981 -2.908 
-2.827 -2.739 -2.642 -2.536 -2.420 -2.292 -2.156 -2.015 -1.881 -1.771 
-1.703 -1.685 -1.722 -1.799 -1.894 -1.987 -2.071 -2.142 -2.200 -2.246 
-2.281 -2.304 -2.318 -2.321 -2.315 -2.298 -2.270 -2.231 -2.180 -2.115 
-2.034 -1.938 -1.825 -1.702 -1.589 -1.521 -1.530 -1.615 -1.755 -1.925 
-2.095 -2.252 -2.393 -2.518 -2.630 -2.730 -2.821 -2.903 -2.978 -3.046 
-3.109 -3.166 -3.218 -3.265 -3.308 -3.348 -3.383 -3.416 -3.445 -3.471 
-3.493 -3.513 -3.530 -3.545 -3.556 -3.565 -3.572 -3.575 -3.577 -3.575 
-3.571 -3.565 -3.556 -3.544 -3.530 -3.513 -3.493 -3.470 -3.444 -3.415 
-3.371 
-3.421 -3.386 -3.351 -3.313 -3.271 -3.224 -3.174 -3.118 -3.058 -2.991 
-2.919 -2.839 -2.752 -2.655 -2.549 -2.430 -2.299 -2.155 -1.999 -1.841 
-1.698 -1.602 -1.576 -1.618 -1.706 -1.813 -1.919 -2.015 -2.096 -2.162 
-2.215 -2.255 -2.284 -2.302 -2.309 -2.306 -2.293 -2.269 -2.233 -2.184 
-2.122 -2.044 -1.948 -1.834 -1.705 -1.576 -1.472 -1.430 -1.492 -1.643 
-1.830 -2.014 -2.182 -2.331 -2.463 -2.581 -2.686 -2.781 -2.867 -2.945 
-3.015 -3.080 -3.139 -3.193 -3.242 -3.287 -3.328 -3.365 -3.398 -3.428 
-3.455 -3.479 -3.500 -3.518 -3.533 -3.546 -3.556 -3.563 -3.568 -3.570 
-3.569 -3.566 -3.561 -3.552 -3.541 -3.528 -3.512 -3.492 -3.470 -3.445 
-3.431 
-3.503 -3.495 -3.464 -3.429 -3.392 -3.350 -3.305 -3.255 -3.201 -3.142 
-3.077 -3.007 -2.929 -2.845 -2.752 -2.649 -2.535 -2.409 -2.269 -2.118 
-1.959 -1.811 -1.694 -1.626 -1.620 -1.676 -1.770 -1.875 -1.972 -2.056 
-2.126 -2.181 -2.224 -2.253 -2.272 -2.279 -2.275 -2.259 -2.233 -2.193 
-2.141 -2.074 -1.989 -1.885 -1.759 -1.613 -1.470 -1.390 -1.438 -1.600 
-1.809 -2.013 -2.193 -2.350 -2.488 -2.610 -2.719 -2.816 -2.904 -2.984 
-3.057 -3.124 -3.185 -3.241 -3.292 -3.338 -3.381 -3.420 -3.455 -3.487 
-3.516 -3.541 -3.564 -3.584 -3.601 -3.615 -3.627 -3.636 -3.643 -3.647 
-3.649 -3.648 -3.644 -3.638 -3.630 -3.619 -3.605 -3.589 -3.569 -3.547 
-3.511 
-3.461 -3.422 -3.392 -3.359 -3.323 -3.283 -3.239 -3.192 -3.140 -3.084 
-3.022 -2.955 -2.883 -2.803 -2.716 -2.621 -2.516 -2.399 -2.271 -2.129 
-1.975 -1.811 -1.652 -1.524 -1.452 -1.451 -1.519 -1.626 -1.737 -1.834 
-1.916 -1.981 -2.032 -2.069 -2.093 -2.107 -2.109 -2.101 -2.082 -2.053 
-2.015 -1.968 -1.915 -1.859 -1.805 -1.756 -1.714 -1.693 -1.731 -1.831 
-1.970 -2.119 -2.261 -2.389 -2.505 -2.609 -2.705 -2.791 -2.871 -2.944 
-3.011 -3.073 -3.129 -3.182 -3.230 -3.274 -3.314 -3.351 -3.385 -3.416 
-3.443 -3.468 -3.490 -3.509 -3.525 -3.539 -3.550 -3.559 -3.566 -3.570 
-3.571 -3.570 -3.567 -3.561 -3.553 -3.542 -3.529 -3.513 -3.494 -3.473 
-3.471 
-3.570 -3.576 -3.548 -3.517 -3.482 -3.444 -3.402 -3.357 -3.307 -3.253 
-3.193 -3.129 -3.058 -2.981 -2.897 -2.804 -2.701 -2.588 -2.463 -2.325 
-2.173 -2.010 -1.840 -1.671 -1.525 -1.446 -1.479 -1.600 -1.747 -1.881 
-1.990 -2.076 -2.142 -2.191 -2.226 -2.246 -2.254 -2.250 -2.234 -2.206 
-2.167 -2.117 -2.058 -1.993 -1.925 -1.853 -1.772 -1.683 -1.618 -1.631 
-1.741 -1.912 -2.098 -2.271 -2.425 -2.562 -2.682 -2.790 -2.887 -2.974 
-3.053 -3.125 -3.191 -3.251 -3.306 -3.356 -3.402 -3.444 -3.482 -3.517 
-3.548 -3.576 -3.601 -3.624 -3.643 -3.660 -3.674 -3.685 -3.694 -3.700 
-3.704 -3.705 -3.704 -3.700 -3.694 -3.685 -3.673 -3.659 -3.643 -3.623 
-3.575 
-3.434 -3.393 -3.360 -3.323 -3.283 -3.239 -3.191 -3.138 -3.082 -3.020 
-2.952 -2.879 -2.799 -2.712 -2.616 -2.510 -2.393 -2.264 -2.121 -1.964 
-1.794 -1.629 -1.532 -1.521 -1.542 -1.581 -1.655 -1.754 -1.847 -1.925 
-1.986 -2.033 -2.066 -2.087 -2.095 -2.092 -2.079 -2.053 -2.017 -1.970 
-1.914 -1.851 -1.788 -1.733 -1.701 -1.699 -1.731 -1.787 -1.856 -1.948 
-2.077 -2.223 -2.362 -2.486 -2.598 -2.698 -2.789 -2.871 -2.946 -3.014 
-3.077 -3.135 -3.187 -3.236 -3.280 -3.321 -3.358 -3.392 -3.422 -3.450 
-3.474 -3.496 -3.515 -3.531 -3.545 -3.556 -3.565 -3.571 -3.575 -3.576 
-3.575 -3.571 -3.565 -3.556 -3.545 -3.532 -3.516 -3.497 -3.475 -3.451 
-3.446 
-3.469 -3.450 -3.415 -3.377 -3.335 -3.288 -3.237 -3.182 -3.121 -3.055 
-2.982 -2.902 -2.814 -2.716 -2.607 -2.485 -2.345 -2.184 -1.996 -1.777 
-1.537 -1.338 -1.268 -1.353 -1.512 -1.676 -1.817 -1.934 -2.029 -2.105 
-2.165 -2.209 -2.241 -2.261 -2.269 -2.266 -2.252 -2.227 -2.191 -2.142 
-2.081 -2.008 -1.923 -1.832 -1.745 -1.679 -1.662 -1.711 -1.821 -1.964 
-2.117 -2.265 -2.401 -2.525 -2.638 -2.740 -2.833 -2.917 -2.994 -3.065 
-3.130 -3.189 -3.243 -3.293 -3.339 -3.380 -3.419 -3.453 -3.484 -3.513 
-3.538 -3.560 -3.579 -3.596 -3.610 -3.621 -3.630 -3.636 -3.640 -3.641 
-3.640 -3.636 -3.629 -3.620 -3.609 -3.595 -3.578 -3.558 -3.536 -3.511 
-3.478 
-3.468 -3.434 -3.399 -3.361 -3.319 -3.274 -3.223 -3.169 -3.109 -3.043 
-2.971 -2.892 -2.804 -2.707 -2.598 -2.475 -2.334 -2.171 -1.986 -1.809 
-1.664 -1.519 -1.419 -1.418 -1.494 -1.614 -1.744 -1.862 -1.961 -2.041 
-2.104 -2.152 -2.187 -2.208 -2.218 -2.216 -2.203 -2.178 -2.141 -2.090 
-2.026 -1.948 -1.856 -1.755 -1.657 -1.582 -1.556 -1.614 -1.752 -1.917 
-2.081 -2.233 -2.372 -2.497 -2.610 -2.713 -2.806 -2.890 -2.968 -3.039 
-3.104 -3.163 -3.218 -3.268 -3.314 -3.356 -3.394 -3.429 -3.461 -3.489 
-3.514 -3.537 -3.556 -3.573 -3.587 -3.599 -3.608 -3.614 -3.618 -3.620 
-3.619 -3.615 -3.609 -3.601 -3.590 -3.576 -3.559 -3.540 -3.518 -3.493 
-3.478 
-3.541 -3.517 -3.476 -3.431 -3.381 -3.326 -3.266 -3.199 -3.126 -3.046 
-2.957 -2.857 -2.745 -2.619 -2.475 -2.309 -2.117 -1.902 -1.693 -1.564 
-1.581 -1.692 -1.801 -1.889 -1.995 -2.112 -2.220 -2.311 -2.384 -2.442 
-2.485 -2.515 -2.534 -2.542 -2.539 -2.525 -2.500 -2.464 -2.415 -2.350 
-2.269 -2.165 -2.034 -1.865 -1.651 -1.482 -1.466 -1.526 -1.698 -1.925 
-2.143 -2.333 -2.495 -2.636 -2.760 -2.869 -2.967 -3.054 -3.134 -3.205 
-3.271 -3.330 -3.384 -3.434 -3.479 -3.520 -3.557 -3.590 -3.620 -3.646 
-3.670 -3.690 -3.708 -3.723 -3.735 -3.744 -3.750 -3.754 -3.756 -3.754 
-3.750 -3.744 -3.734 -3.722 -3.707 -3.690 -3.669 -3.645 -3.618 -3.588 
-3.552 
-3.563 -3.521 -3.477 -3.429 -3.376 -3.318 -3.255 -3.186 -3.110 -3.027 
-2.936 -2.836 -2.726 -2.605 -2.475 -2.337 -2.197 -2.067 -1.956 -1.889 
-1.911 -1.977 -2.030 -2.100 -2.202 -2.306 -2.394 -2.463 -2.516 -2.556 
-2.583 -2.598 -2.604 -2.598 -2.582 -2.554 -2.515 -2.461 -2.392 -2.302 
-2.187 -2.037 -1.837 -1.574 -1.306 -1.195 -1.357 -1.618 -1.863 -2.076 
-2.271 -2.447 -2.602 -2.737 -2.855 -2.960 -3.054 -3.138 -3.214 -3.282 
-3.344 -3.401 -3.452 -3.499 -3.541 -3.580 -3.614 -3.645 -3.673 -3.697 
-3.719 -3.737 -3.753 -3.765 -3.775 -3.783 -3.787 -3.789 -3.788 -3.785 
-3.779 -3.770 -3.759 -3.744 -3.727 -3.707 -3.685 -3.659 -3.629 -3.597 
-3.577 
-3.685 -3.669 -3.634 -3.596 -3.554 -3.508 -3.457 -3.401 -3.340 -3.272 
-3.198 -3.116 -3.026 -2.927 -2.817 -2.697 -2.567 -2.432 -2.293 -2.145 
-1.978 -1.811 -1.701 -1.706 -1.813 -1.962 -2.108 -2.233 -2.335 -2.417 
-2.482 -2.532 -2.568 -2.593 -2.606 -2.608 -2.599 -2.579 -2.546 -2.499 
-2.435 -2.350 -2.235 -2.075 -1.856 -1.707 -1.765 -1.762 -1.747 -1.810 
-1.959 -2.146 -2.330 -2.496 -2.644 -2.774 -2.890 -2.994 -3.087 -3.171 
-3.247 -3.317 -3.380 -3.437 -3.490 -3.537 -3.581 -3.620 -3.656 -3.688 
-3.717 -3.743 -3.765 -3.785 -3.802 -3.816 -3.827 -3.835 -3.841 -3.844 
-3.845 -3.843 -3.838 -3.830 -3.820 -3.807 -3.792 -3.773 -3.752 -3.727 
-3.693 
-3.673 -3.652 -3.619 -3.583 -3.542 -3.497 -3.448 -3.394 -3.335 -3.270 
-3.198 -3.119 -3.032 -2.936 -2.828 -2.708 -2.575 -2.428 -2.269 -2.105 
-1.939 -1.792 -1.711 -1.741 -1.859 -2.007 -2.147 -2.266 -2.366 -2.446 
-2.511 -2.562 -2.600 -2.628 -2.645 -2.652 -2.649 -2.636 -2.614 -2.580 
-2.535 -2.477 -2.404 -2.315 -2.205 -2.074 -1.923 -1.770 -1.665 -1.667 
-1.790 -1.981 -2.182 -2.367 -2.529 -2.671 -2.797 -2.908 -3.008 -3.097 
-3.178 -3.251 -3.318 -3.379 -3.434 -3.484 -3.530 -3.572 -3.609 -3.643 
-3.674 -3.701 -3.725 -3.746 -3.765 -3.780 -3.792 -3.802 -3.809 -3.813 
-3.815 -3.814 -3.811 -3.804 -3.795 -3.784 -3.769 -3.752 -3.732 -3.708 
-3.682 
-3.601 -3.561 -3.524 -3.483 -3.437 -3.387 -3.332 -3.271 -3.204 -3.131 
-3.050 -2.961 -2.862 -2.752 -2.631 -2.497 -2.355 -2.211 -2.083 -1.995 
-1.955 -1.944 -1.934 -1.923 -1.973 -2.111 -2.255 -2.373 -2.465 -2.537 
-2.593 -2.635 -2.666 -2.686 -2.696 -2.698 -2.690 -2.673 -2.647 -2.610 
-2.564 -2.505 -2.434 -2.348 -2.248 -2.133 -2.011 -1.898 -1.827 -1.840 
-1.946 -2.101 -2.266 -2.424 -2.567 -2.696 -2.811 -2.915 -3.008 -3.093 
-3.169 -3.239 -3.302 -3.360 -3.412 -3.460 -3.503 -3.542 -3.578 -3.609 
-3.638 -3.663 -3.685 -3.704 -3.720 -3.733 -3.743 -3.751 -3.755 -3.757 
-3.757 -3.754 -3.747 -3.739 -3.727 -3.713 -3.695 -3.675 -3.651 -3.625 
-3.613 
-3.636 -3.635 -3.603 -3.567 -3.528 -3.485 -3.438 -3.386 -3.329 -3.266 
-3.198 -3.122 -3.039 -2.947 -2.845 -2.732 -2.607 -2.472 -2.330 -2.189 
-2.045 -1.880 -1.689 -1.535 -1.516 -1.644 -1.831 -2.004 -2.145 -2.256 
-2.343 -2.410 -2.461 -2.499 -2.525 -2.539 -2.542 -2.535 -2.518 -2.490 
-2.450 -2.400 -2.336 -2.260 -2.171 -2.073 -1.976 -1.900 -1.872 -1.913 
-2.017 -2.156 -2.305 -2.449 -2.583 -2.705 -2.816 -2.917 -3.009 -3.093 
-3.169 -3.238 -3.302 -3.360 -3.414 -3.463 -3.507 -3.548 -3.585 -3.618 
-3.649 -3.676 -3.699 -3.720 -3.738 -3.754 -3.766 -3.776 -3.783 -3.788 
-3.790 -3.789 -3.786 -3.780 -3.772 -3.761 -3.747 -3.731 -3.711 -3.689 
-3.643 
-3.463 -3.425 -3.391 -3.354 -3.314 -3.269 -3.220 -3.166 -3.108 -3.044 
-2.974 -2.897 -2.813 -2.721 -2.621 -2.510 -2.390 -2.262 -2.130 -2.003 
-1.896 -1.822 -1.780 -1.759 -1.795 -1.902 -2.018 -2.118 -2.201 -2.270 
-2.325 -2.369 -2.401 -2.424 -2.438 -2.443 -2.439 -2.426 -2.404 -2.373 
-2.333 -2.284 -2.225 -2.157 -2.083 -2.006 -1.935 -1.883 -1.866 -1.898 
-1.976 -2.085 -2.209 -2.335 -2.455 -2.568 -2.671 -2.766 -2.853 -2.933 
-3.006 -3.073 -3.134 -3.190 -3.241 -3.288 -3.331 -3.370 -3.405 -3.437 
-3.466 -3.491 -3.514 -3.534 -3.550 -3.564 -3.575 -3.584 -3.590 -3.593 
-3.594 -3.592 -3.588 -3.581 -3.571 -3.559 -3.544 -3.526 -3.505 -3.481 
-3.473 
-3.454 -3.436 -3.404 -3.369 -3.330 -3.287 -3.241 -3.190 -3.135 -3.075 
-3.009 -2.938 -2.860 -2.775 -2.682 -2.580 -2.470 -2.350 -2.221 -2.089 
-1.962 -1.852 -1.776 -1.743 -1.757 -1.809 -1.883 -1.963 -2.039 -2.105 
-2.162 -2.207 -2.242 -2.266 -2.280 -2.285 -2.281 -2.267 -2.245 -2.213 
-2.172 -2.124 -2.069 -2.012 -1.959 -1.918 -1.899 -1.909 -1.951 -2.024 
-2.121 -2.232 -2.347 -2.459 -2.565 -2.664 -2.756 -2.841 -2.918 -2.990 
-3.056 -3.117 -3.174 -3.225 -3.273 -3.316 -3.356 -3.392 -3.425 -3.455 
-3.482 -3.506 -3.527 -3.545 -3.561 -3.574 -3.585 -3.593 -3.598 -3.601 
-3.601 -3.599 -3.595 -3.588 -3.578 -3.566 -3.551 -3.534 -3.514 -3.491 
-3.467 
