IRGRID 64 91
1e+308

0.025 0.03 0.035 0.04 0.045 0.05 0.055 0.06 0.065 0.07
0.075 0.08 0.085 0.09 0.095 0.1 0.11 0.12 0.13 0.14
0.15 0.16 0.17 0.18 0.19 0.2 0.21 0.22 0.23 0.24
0.25 0.26 0.27 0.28 0.29 0.3 0.31 0.32 0.33 0.34
0.35 0.36 0.37 0.38 0.39 0.4 0.41 0.42 0.43 0.44
0.45 0.46 0.47 0.48 0.49 0.5 0.51 0.52 0.53 0.54
0.55 0.56 0.57 0.58
0 4 8 12 16 20 24 28 32 36
40 44 48 52 56 60 64 68 72 76
80 84 88 92 96 100 104 108 112 116
120 124 128 132 136 140 144 148 152 156
160 164 168 172 176 180 184 188 192 196
200 204 208 212 216 220 224 228 232 236
240 244 248 252 256 260 264 268 272 276
280 284 288 292 296 300 304 308 312 316
320 324 328 332 336 340 344 348 352 356
360
-4.000 -4.000 -4.000 -4.000 -4.000 -4.000 -4.000 -4.000 -4.000 -4.000 
-4.000 -4.000 -4.000 -4.000 -4.000 -4.000 -4.000 -4.000 -4.000 -4.000 
-4.000 -4.000 -4.000 -4.000 -4.000 -4.000 -4.000 -4.000 -4.000 -4.000 
-4.000 -4.000 -4.000 -4.000 -4.000 -4.000 -4.000 -4.000 -4.000 -4.000 
-4.000 -4.000 -4.000 -4.000 -4.000 -4.000 -4.000 -4.000 -4.000 -4.000 
-4.000 -4.000 -4.000 -4.000 -4.000 -4.000 -4.000 -4.000 -4.000 -4.000 
-4.000 -4.000 -4.000 -4.000 -4.000 -4.000 -4.000 -4.000 -4.000 -4.000 
-4.000 -4.000 -4.000 -4.000 -4.000 -4.000 -4.000 -4.000 -4.000 -4.000 
-4.000 -4.000 -4.000 -4.000 -4.000 -4.000 -4.000 -4.000 -4.000 -4.000 
-4.000 
-4.000 -4.000 -4.000 -4.000 -4.000 -4.000 -4.000 -4.000 -4.000 -4.000 
-4.000 -4.000 -4.000 -4.000 -4.000 -4.000 -4.000 -4.000 -4.000 -4.000 
-4.000 -4.000 -4.000 -4.000 -4.000 -4.000 -4.000 -4.000 -4.000 -4.000 
-4.000 -4.000 -4.000 -4.000 -4.000 -4.000 -4.000 -4.000 -4.000 -4.000 
-4.000 -4.000 -4.000 -4.000 -4.000 -4.000 -4.000 -4.000 -4.000 -4.000 
-4.000 -4.000 -4.000 -4.000 -4.000 -4.000 -4.000 -4.000 -4.000 -4.000 
-4.000 -4.000 -4.000 -4.000 -4.000 -3.956 -3.879 -3.828 -3.813 -3.831 
-3.865 -3.899 -3.926 -3.952 -3.986 -4.000 -4.000 -4.000 -4.000 -4.000 
-4.000 -4.000 -4.000 -4.000 -4.000 -4.000 -4.000 -4.000 -4.000 -4.000 
-4.000 
-4.000 -4.000 -4.000 -4.000 -4.000 -4.000 -4.000 -4.000 -4.000 -4.000 
-4.000 -4.000 -4.000 -4.000 -4.000 -4.000 -4.000 -4.000 -4.000 -4.000 
-4.000 -4.000 -4.000 -4.000 -4.000 -4.000 -4.000 -4.000 -4.000 -4.000 
-3.976 -3.941 -3.903 -3.863 -3.821 -3.777 -3.733 -3.687 -3.641 -3.597 
-3.553 -3.513 -3.476 -3.446 -3.424 -3.412 -3.411 -3.421 -3.441 -3.467 
-3.498 -3.530 -3.562 -3.592 -3.620 -3.645 -3.665 -3.682 -3.693 -3.700 
-3.702 -3.699 -3.689 -3.674 -3.652 -3.623 -3.589 -3.551 -3.511 -3.470 
-3.427 -3.385 -3.351 -3.332 -3.336 -3.364 -3.416 -3.483 -3.559 -3.637 
-3.711 -3.781 -3.843 -3.899 -3.948 -3.992 -4.000 -4.000 -4.000 -4.000 
-4.000 
-3.502 -3.505 -3.505 -3.505 -3.505 -3.504 -3.503 -3.503 -3.503 -3.504 
-3.505 -3.507 -3.510 -3.513 -3.516 -3.519 -3.521 -3.522 -3.521 -3.518 
-3.514 -3.507 -3.498 -3.486 -3.472 -3.456 -3.437 -3.415 -3.391 -3.365 
-3.336 -3.306 -3.274 -3.241 -3.206 -3.172 -3.138 -3.105 -3.076 -3.050 
-3.029 -3.013 -3.005 -3.003 -3.009 -3.021 -3.038 -3.060 -3.084 -3.111 
-3.138 -3.163 -3.186 -3.206 -3.222 -3.232 -3.236 -3.232 -3.221 -3.202 
-3.177 -3.151 -3.130 -3.120 -3.125 -3.146 -3.176 -3.211 -3.245 -3.274 
-3.299 -3.318 -3.333 -3.347 -3.362 -3.379 -3.398 -3.416 -3.434 -3.448 
-3.460 -3.470 -3.478 -3.485 -3.490 -3.494 -3.497 -3.500 -3.502 -3.504 
-3.500 
-3.068 -3.095 -3.091 -3.085 -3.078 -3.072 -3.065 -3.060 -3.055 -3.053 
-3.052 -3.054 -3.058 -3.064 -3.071 -3.080 -3.088 -3.096 -3.103 -3.110 
-3.115 -3.120 -3.123 -3.125 -3.128 -3.130 -3.132 -3.134 -3.137 -3.140 
-3.144 -3.148 -3.152 -3.155 -3.158 -3.161 -3.162 -3.162 -3.161 -3.160 
-3.157 -3.155 -3.152 -3.149 -3.145 -3.141 -3.135 -3.127 -3.115 -3.100 
-3.081 -3.058 -3.029 -2.994 -2.954 -2.908 -2.856 -2.798 -2.736 -2.671 
-2.606 -2.548 -2.503 -2.477 -2.473 -2.489 -2.519 -2.557 -2.597 -2.637 
-2.675 -2.712 -2.747 -2.782 -2.816 -2.850 -2.883 -2.914 -2.943 -2.970 
-2.995 -3.018 -3.038 -3.054 -3.069 -3.080 -3.089 -3.095 -3.098 -3.099 
-3.070 
-2.687 -2.681 -2.687 -2.690 -2.692 -2.692 -2.691 -2.688 -2.684 -2.679 
-2.673 -2.666 -2.658 -2.650 -2.640 -2.631 -2.620 -2.609 -2.597 -2.586 
-2.574 -2.563 -2.553 -2.543 -2.536 -2.529 -2.525 -2.523 -2.523 -2.526 
-2.530 -2.536 -2.544 -2.552 -2.562 -2.572 -2.581 -2.591 -2.599 -2.607 
-2.613 -2.617 -2.619 -2.619 -2.616 -2.610 -2.601 -2.588 -2.571 -2.549 
-2.521 -2.486 -2.442 -2.387 -2.316 -2.223 -2.100 -1.933 -1.716 -1.501 
-1.484 -1.677 -1.868 -1.998 -2.078 -2.125 -2.152 -2.168 -2.180 -2.190 
-2.202 -2.217 -2.236 -2.259 -2.285 -2.315 -2.346 -2.378 -2.411 -2.443 
-2.474 -2.503 -2.531 -2.557 -2.580 -2.602 -2.621 -2.637 -2.652 -2.664 
-2.683 
-2.578 -2.578 -2.574 -2.569 -2.564 -2.558 -2.552 -2.546 -2.540 -2.535 
-2.530 -2.526 -2.522 -2.520 -2.518 -2.516 -2.515 -2.515 -2.514 -2.514 
-2.514 -2.514 -2.515 -2.516 -2.518 -2.521 -2.524 -2.528 -2.532 -2.537 
-2.542 -2.547 -2.550 -2.553 -2.555 -2.555 -2.553 -2.548 -2.541 -2.531 
-2.519 -2.502 -2.483 -2.459 -2.431 -2.398 -2.360 -2.316 -2.266 -2.208 
-2.142 -2.066 -1.978 -1.875 -1.753 -1.606 -1.427 -1.208 -0.963 -0.773 
-0.750 -0.880 -1.023 -1.158 -1.335 -1.515 -1.671 -1.800 -1.907 -1.998 
-2.074 -2.141 -2.199 -2.251 -2.298 -2.339 -2.377 -2.411 -2.441 -2.468 
-2.492 -2.512 -2.530 -2.544 -2.556 -2.566 -2.573 -2.577 -2.580 -2.581 
-2.579 
-2.574 -2.554 -2.553 -2.549 -2.543 -2.535 -2.525 -2.513 -2.499 -2.484 
-2.468 -2.450 -2.430 -2.410 -2.389 -2.367 -2.345 -2.324 -2.302 -2.282 
-2.263 -2.246 -2.232 -2.221 -2.212 -2.207 -2.204 -2.205 -2.207 -2.212 
-2.218 -2.225 -2.232 -2.238 -2.244 -2.249 -2.251 -2.252 -2.250 -2.246 
-2.238 -2.228 -2.214 -2.198 -2.177 -2.153 -2.125 -2.093 -2.057 -2.015 
-1.968 -1.914 -1.852 -1.781 -1.700 -1.604 -1.491 -1.354 -1.187 -1.005 
-0.865 -0.750 -0.662 -0.684 -0.827 -1.027 -1.224 -1.397 -1.546 -1.674 
-1.786 -1.883 -1.969 -2.046 -2.114 -2.175 -2.229 -2.278 -2.322 -2.361 
-2.395 -2.426 -2.452 -2.476 -2.496 -2.512 -2.526 -2.537 -2.545 -2.551 
-2.573 
-2.817 -2.881 -2.889 -2.896 -2.900 -2.903 -2.904 -2.902 -2.899 -2.894 
-2.888 -2.880 -2.870 -2.859 -2.846 -2.833 -2.818 -2.803 -2.787 -2.770 
-2.754 -2.738 -2.723 -2.708 -2.694 -2.680 -2.667 -2.654 -2.641 -2.626 
-2.611 -2.594 -2.575 -2.553 -2.530 -2.503 -2.474 -2.443 -2.409 -2.373 
-2.336 -2.296 -2.256 -2.214 -2.171 -2.127 -2.083 -2.036 -1.989 -1.938 
-1.885 -1.828 -1.766 -1.697 -1.620 -1.534 -1.435 -1.323 -1.198 -1.065 
-0.942 -0.859 -0.846 -0.928 -1.090 -1.273 -1.445 -1.599 -1.735 -1.856 
-1.965 -2.062 -2.150 -2.229 -2.302 -2.368 -2.428 -2.483 -2.534 -2.580 
-2.622 -2.660 -2.695 -2.727 -2.755 -2.781 -2.804 -2.824 -2.842 -2.857 
-2.813 
-2.589 -2.588 -2.598 -2.606 -2.614 -2.620 -2.626 -2.631 -2.635 -2.638 
-2.641 -2.644 -2.646 -2.648 -2.649 -2.650 -2.651 -2.651 -2.651 -2.651 
-2.650 -2.649 -2.647 -2.644 -2.641 -2.637 -2.632 -2.626 -2.619 -2.611 
-2.601 -2.590 -2.578 -2.563 -2.547 -2.530 -2.510 -2.488 -2.464 -2.438 
-2.409 -2.378 -2.345 -2.309 -2.270 -2.228 -2.184 -2.135 -2.083 -2.026 
-1.964 -1.895 -1.820 -1.737 -1.645 -1.542 -1.427 -1.300 -1.159 -1.002 
-0.840 -0.756 -0.853 -1.021 -1.183 -1.330 -1.462 -1.579 -1.683 -1.776 
-1.860 -1.935 -2.003 -2.065 -2.122 -2.174 -2.221 -2.264 -2.303 -2.339 
-2.372 -2.403 -2.430 -2.456 -2.479 -2.499 -2.518 -2.535 -2.551 -2.565 
-2.585 
-2.440 -2.460 -2.475 -2.487 -2.498 -2.507 -2.514 -2.519 -2.523 -2.525 
-2.525 -2.524 -2.522 -2.519 -2.516 -2.512 -2.508 -2.505 -2.503 -2.502 
-2.502 -2.503 -2.505 -2.507 -2.510 -2.512 -2.514 -2.514 -2.513 -2.511 
-2.506 -2.500 -2.492 -2.481 -2.468 -2.452 -2.434 -2.414 -2.390 -2.364 
-2.335 -2.303 -2.268 -2.230 -2.187 -2.142 -2.091 -2.037 -1.977 -1.911 
-1.839 -1.760 -1.672 -1.573 -1.461 -1.334 -1.186 -1.010 -0.800 -0.556 
-0.331 -0.226 -0.296 -0.461 -0.699 -0.922 -1.105 -1.255 -1.382 -1.491 
-1.587 -1.673 -1.749 -1.819 -1.882 -1.940 -1.993 -2.043 -2.089 -2.132 
-2.171 -2.208 -2.243 -2.275 -2.305 -2.333 -2.359 -2.383 -2.405 -2.425 
-2.432 
-2.113 -2.145 -2.145 -2.145 -2.145 -2.145 -2.145 -2.143 -2.139 -2.134 
-2.127 -2.118 -2.107 -2.096 -2.085 -2.075 -2.066 -2.059 -2.055 -2.055 
-2.057 -2.063 -2.072 -2.084 -2.098 -2.114 -2.131 -2.148 -2.165 -2.181 
-2.196 -2.210 -2.222 -2.232 -2.239 -2.244 -2.247 -2.247 -2.243 -2.237 
-2.228 -2.215 -2.199 -2.179 -2.155 -2.127 -2.095 -2.058 -2.016 -1.967 
-1.913 -1.852 -1.782 -1.702 -1.611 -1.506 -1.383 -1.237 -1.059 -0.839 
-0.568 -0.266 -0.135 -0.216 -0.422 -0.693 -0.936 -1.131 -1.288 -1.418 
-1.528 -1.622 -1.703 -1.773 -1.835 -1.889 -1.936 -1.977 -2.012 -2.043 
-2.068 -2.090 -2.107 -2.121 -2.131 -2.138 -2.143 -2.145 -2.146 -2.146 
-2.114 
-1.815 -1.782 -1.790 -1.803 -1.822 -1.846 -1.875 -1.907 -1.941 -1.976 
-2.012 -2.046 -2.080 -2.111 -2.140 -2.166 -2.190 -2.212 -2.232 -2.250 
-2.266 -2.281 -2.295 -2.306 -2.316 -2.324 -2.329 -2.331 -2.331 -2.328 
-2.321 -2.311 -2.299 -2.283 -2.264 -2.243 -2.220 -2.195 -2.169 -2.143 
-2.116 -2.090 -2.063 -2.036 -2.007 -1.978 -1.946 -1.910 -1.870 -1.826 
-1.774 -1.715 -1.648 -1.569 -1.477 -1.369 -1.240 -1.082 -0.882 -0.616 
-0.249 0.085 0.165 -0.032 -0.345 -0.639 -0.869 -1.049 -1.192 -1.309 
-1.406 -1.487 -1.555 -1.612 -1.660 -1.700 -1.733 -1.760 -1.780 -1.795 
-1.806 -1.812 -1.814 -1.813 -1.810 -1.804 -1.797 -1.790 -1.784 -1.780 
-1.815 
-2.192 -2.250 -2.262 -2.276 -2.292 -2.308 -2.326 -2.344 -2.361 -2.377 
-2.390 -2.401 -2.410 -2.415 -2.417 -2.416 -2.412 -2.404 -2.393 -2.379 
-2.362 -2.342 -2.319 -2.293 -2.265 -2.234 -2.200 -2.163 -2.125 -2.084 
-2.041 -1.997 -1.951 -1.904 -1.858 -1.811 -1.764 -1.719 -1.675 -1.633 
-1.593 -1.553 -1.515 -1.476 -1.436 -1.395 -1.354 -1.315 -1.283 -1.258 
-1.240 -1.223 -1.202 -1.174 -1.134 -1.081 -1.011 -0.920 -0.802 -0.646 
-0.434 -0.147 0.052 0.092 -0.055 -0.326 -0.598 -0.818 -0.996 -1.147 
-1.277 -1.394 -1.498 -1.592 -1.676 -1.752 -1.821 -1.882 -1.937 -1.986 
-2.029 -2.067 -2.100 -2.128 -2.152 -2.173 -2.190 -2.204 -2.217 -2.228 
-2.188 
-2.422 -2.459 -2.479 -2.496 -2.511 -2.523 -2.533 -2.540 -2.544 -2.546 
-2.546 -2.544 -2.539 -2.532 -2.522 -2.510 -2.496 -2.480 -2.462 -2.442 
-2.419 -2.395 -2.369 -2.342 -2.313 -2.282 -2.250 -2.217 -2.183 -2.148 
-2.112 -2.075 -2.035 -1.994 -1.950 -1.902 -1.851 -1.796 -1.735 -1.669 
-1.597 -1.518 -1.433 -1.341 -1.247 -1.152 -1.066 -0.994 -0.945 -0.921 
-0.920 -0.935 -0.958 -0.981 -0.999 -1.008 -1.006 -0.989 -0.956 -0.899 
-0.810 -0.674 -0.477 -0.301 -0.358 -0.574 -0.744 -0.863 -0.964 -1.065 
-1.169 -1.274 -1.377 -1.478 -1.573 -1.663 -1.748 -1.826 -1.899 -1.967 
-2.029 -2.087 -2.141 -2.190 -2.236 -2.278 -2.316 -2.351 -2.382 -2.411 
-2.414 
-2.223 -2.224 -2.232 -2.238 -2.242 -2.243 -2.241 -2.237 -2.231 -2.223 
-2.213 -2.200 -2.186 -2.169 -2.150 -2.129 -2.107 -2.083 -2.057 -2.030 
-2.001 -1.972 -1.942 -1.911 -1.881 -1.852 -1.823 -1.796 -1.770 -1.747 
-1.727 -1.709 -1.694 -1.681 -1.671 -1.663 -1.656 -1.649 -1.641 -1.632 
-1.621 -1.605 -1.585 -1.558 -1.525 -1.487 -1.445 -1.404 -1.370 -1.345 
-1.327 -1.312 -1.294 -1.268 -1.232 -1.183 -1.118 -1.036 -0.932 -0.800 
-0.630 -0.408 -0.137 0.101 0.227 0.111 -0.292 -0.587 -0.807 -0.983 
-1.130 -1.256 -1.368 -1.467 -1.556 -1.636 -1.708 -1.774 -1.833 -1.887 
-1.935 -1.979 -2.019 -2.055 -2.087 -2.116 -2.141 -2.164 -2.183 -2.199 
-2.219 
-2.146 -2.158 -2.169 -2.177 -2.183 -2.187 -2.188 -2.187 -2.184 -2.178 
-2.170 -2.160 -2.148 -2.133 -2.117 -2.098 -2.078 -2.055 -2.031 -2.005 
-1.978 -1.949 -1.919 -1.889 -1.858 -1.827 -1.796 -1.766 -1.738 -1.711 
-1.687 -1.666 -1.647 -1.631 -1.618 -1.608 -1.600 -1.593 -1.588 -1.584 
-1.579 -1.573 -1.567 -1.558 -1.548 -1.535 -1.519 -1.500 -1.477 -1.450 
-1.418 -1.382 -1.340 -1.291 -1.235 -1.170 -1.094 -1.005 -0.899 -0.771 
-0.611 -0.406 -0.128 0.263 0.596 0.576 0.200 -0.236 -0.539 -0.764 
-0.943 -1.093 -1.220 -1.331 -1.429 -1.516 -1.594 -1.664 -1.727 -1.785 
-1.837 -1.885 -1.928 -1.967 -2.002 -2.033 -2.062 -2.087 -2.109 -2.128 
-2.142 
-2.136 -2.145 -2.167 -2.185 -2.202 -2.216 -2.229 -2.239 -2.247 -2.252 
-2.256 -2.258 -2.258 -2.255 -2.251 -2.245 -2.237 -2.227 -2.215 -2.201 
-2.186 -2.169 -2.150 -2.129 -2.107 -2.084 -2.059 -2.034 -2.007 -1.980 
-1.953 -1.925 -1.896 -1.867 -1.838 -1.808 -1.778 -1.747 -1.715 -1.682 
-1.647 -1.612 -1.575 -1.537 -1.497 -1.457 -1.414 -1.371 -1.325 -1.277 
-1.227 -1.174 -1.117 -1.056 -0.989 -0.916 -0.834 -0.741 -0.633 -0.505 
-0.347 -0.147 0.118 0.435 0.674 0.595 0.258 -0.082 -0.354 -0.572 
-0.752 -0.905 -1.039 -1.156 -1.262 -1.357 -1.443 -1.521 -1.593 -1.660 
-1.721 -1.777 -1.829 -1.877 -1.921 -1.962 -2.000 -2.034 -2.066 -2.095 
-2.126 
-2.257 -2.293 -2.323 -2.350 -2.375 -2.397 -2.417 -2.434 -2.450 -2.463 
-2.475 -2.484 -2.491 -2.496 -2.499 -2.501 -2.500 -2.497 -2.493 -2.486 
-2.478 -2.467 -2.455 -2.441 -2.425 -2.406 -2.386 -2.364 -2.340 -2.314 
-2.286 -2.255 -2.223 -2.189 -2.152 -2.114 -2.073 -2.030 -1.985 -1.937 
-1.888 -1.836 -1.782 -1.725 -1.667 -1.606 -1.542 -1.477 -1.409 -1.340 
-1.269 -1.196 -1.121 -1.044 -0.966 -0.884 -0.799 -0.707 -0.608 -0.496 
-0.366 -0.210 -0.017 0.217 0.436 0.447 0.285 0.041 -0.213 -0.441 
-0.639 -0.812 -0.965 -1.100 -1.222 -1.333 -1.433 -1.526 -1.611 -1.690 
-1.763 -1.830 -1.893 -1.952 -2.006 -2.057 -2.104 -2.148 -2.189 -2.226 
-2.246 
-2.329 -2.349 -2.383 -2.413 -2.442 -2.467 -2.491 -2.512 -2.531 -2.547 
-2.562 -2.574 -2.585 -2.593 -2.599 -2.603 -2.606 -2.606 -2.604 -2.600 
-2.595 -2.587 -2.578 -2.566 -2.552 -2.537 -2.519 -2.499 -2.477 -2.454 
-2.427 -2.399 -2.368 -2.335 -2.300 -2.263 -2.223 -2.180 -2.135 -2.087 
-2.037 -1.984 -1.929 -1.871 -1.810 -1.747 -1.681 -1.614 -1.545 -1.475 
-1.405 -1.335 -1.266 -1.197 -1.129 -1.060 -0.988 -0.913 -0.832 -0.744 
-0.644 -0.530 -0.397 -0.241 -0.072 0.037 0.027 -0.052 -0.179 -0.326 
-0.493 -0.680 -0.858 -1.016 -1.157 -1.283 -1.397 -1.500 -1.595 -1.682 
-1.762 -1.837 -1.906 -1.971 -2.031 -2.087 -2.139 -2.187 -2.232 -2.274 
-2.316 
-2.473 -2.525 -2.561 -2.594 -2.624 -2.651 -2.676 -2.698 -2.718 -2.736 
-2.751 -2.764 -2.775 -2.784 -2.791 -2.795 -2.797 -2.797 -2.795 -2.791 
-2.785 -2.777 -2.766 -2.754 -2.739 -2.722 -2.702 -2.680 -2.656 -2.629 
-2.600 -2.568 -2.534 -2.496 -2.456 -2.413 -2.366 -2.316 -2.263 -2.206 
-2.146 -2.082 -2.014 -1.942 -1.867 -1.788 -1.707 -1.625 -1.544 -1.466 
-1.393 -1.329 -1.274 -1.231 -1.197 -1.169 -1.144 -1.118 -1.088 -1.049 
-1.000 -0.938 -0.859 -0.762 -0.644 -0.515 -0.395 -0.315 -0.263 -0.244 
-0.324 -0.508 -0.734 -0.948 -1.136 -1.299 -1.442 -1.568 -1.681 -1.784 
-1.877 -1.962 -2.040 -2.112 -2.178 -2.240 -2.297 -2.350 -2.399 -2.444 
-2.461 
-2.417 -2.443 -2.478 -2.510 -2.540 -2.568 -2.594 -2.617 -2.639 -2.658 
-2.676 -2.691 -2.705 -2.717 -2.727 -2.735 -2.741 -2.745 -2.748 -2.749 
-2.748 -2.745 -2.741 -2.735 -2.727 -2.717 -2.705 -2.692 -2.676 -2.659 
-2.640 -2.619 -2.596 -2.570 -2.543 -2.514 -2.482 -2.448 -2.412 -2.373 
-2.332 -2.288 -2.241 -2.191 -2.138 -2.082 -2.024 -1.963 -1.900 -1.836 
-1.772 -1.710 -1.650 -1.593 -1.536 -1.478 -1.416 -1.348 -1.272 -1.186 
-1.089 -0.977 -0.850 -0.705 -0.545 -0.385 -0.258 -0.217 -0.281 -0.407 
-0.573 -0.766 -0.950 -1.113 -1.255 -1.381 -1.494 -1.596 -1.689 -1.775 
-1.854 -1.928 -1.996 -2.060 -2.119 -2.175 -2.227 -2.276 -2.322 -2.365 
-2.404 
-2.408 -2.427 -2.458 -2.487 -2.513 -2.538 -2.561 -2.581 -2.600 -2.617 
-2.632 -2.646 -2.657 -2.667 -2.676 -2.682 -2.687 -2.690 -2.692 -2.692 
-2.690 -2.687 -2.682 -2.675 -2.667 -2.657 -2.645 -2.632 -2.617 -2.601 
-2.583 -2.563 -2.542 -2.519 -2.494 -2.467 -2.439 -2.410 -2.378 -2.345 
-2.310 -2.273 -2.235 -2.195 -2.152 -2.108 -2.062 -2.014 -1.964 -1.911 
-1.855 -1.797 -1.735 -1.670 -1.600 -1.525 -1.445 -1.358 -1.263 -1.159 
-1.045 -0.920 -0.785 -0.647 -0.521 -0.427 -0.387 -0.432 -0.567 -0.737 
-0.904 -1.055 -1.190 -1.311 -1.421 -1.520 -1.612 -1.696 -1.774 -1.846 
-1.913 -1.976 -2.035 -2.091 -2.143 -2.191 -2.237 -2.280 -2.321 -2.358 
-2.396 
-2.464 -2.515 -2.545 -2.572 -2.597 -2.619 -2.640 -2.659 -2.675 -2.690 
-2.703 -2.713 -2.722 -2.729 -2.734 -2.738 -2.739 -2.739 -2.737 -2.733 
-2.727 -2.720 -2.710 -2.700 -2.687 -2.672 -2.656 -2.639 -2.619 -2.598 
-2.575 -2.551 -2.525 -2.497 -2.468 -2.438 -2.406 -2.373 -2.338 -2.302 
-2.266 -2.228 -2.189 -2.149 -2.109 -2.067 -2.025 -1.981 -1.937 -1.891 
-1.843 -1.794 -1.742 -1.687 -1.628 -1.564 -1.496 -1.420 -1.337 -1.246 
-1.144 -1.030 -0.901 -0.756 -0.594 -0.436 -0.341 -0.377 -0.538 -0.749 
-0.950 -1.124 -1.274 -1.405 -1.520 -1.623 -1.715 -1.800 -1.878 -1.949 
-2.016 -2.078 -2.136 -2.190 -2.241 -2.288 -2.333 -2.374 -2.413 -2.450 
-2.456 
-2.332 -2.339 -2.373 -2.405 -2.435 -2.463 -2.490 -2.514 -2.537 -2.558 
-2.578 -2.595 -2.611 -2.625 -2.637 -2.647 -2.656 -2.663 -2.668 -2.671 
-2.672 -2.672 -2.670 -2.666 -2.661 -2.654 -2.645 -2.634 -2.621 -2.607 
-2.591 -2.573 -2.553 -2.532 -2.509 -2.484 -2.457 -2.429 -2.399 -2.367 
-2.334 -2.298 -2.261 -2.222 -2.181 -2.137 -2.092 -2.044 -1.993 -1.939 
-1.882 -1.822 -1.757 -1.688 -1.614 -1.536 -1.452 -1.363 -1.270 -1.173 
-1.077 -0.985 -0.901 -0.829 -0.764 -0.697 -0.648 -0.691 -0.823 -0.967 
-1.093 -1.202 -1.298 -1.384 -1.463 -1.537 -1.605 -1.670 -1.732 -1.791 
-1.847 -1.902 -1.954 -2.004 -2.052 -2.099 -2.143 -2.186 -2.227 -2.266 
-2.317 
-2.435 -2.478 -2.503 -2.525 -2.546 -2.564 -2.580 -2.594 -2.606 -2.616 
-2.624 -2.630 -2.634 -2.637 -2.638 -2.637 -2.634 -2.630 -2.624 -2.617 
-2.608 -2.598 -2.587 -2.574 -2.560 -2.544 -2.528 -2.510 -2.492 -2.472 
-2.452 -2.430 -2.408 -2.384 -2.360 -2.335 -2.310 -2.283 -2.256 -2.228 
-2.200 -2.171 -2.141 -2.110 -2.079 -2.047 -2.013 -1.979 -1.942 -1.904 
-1.864 -1.821 -1.775 -1.725 -1.671 -1.612 -1.546 -1.473 -1.392 -1.302 
-1.201 -1.087 -0.957 -0.807 -0.640 -0.486 -0.416 -0.462 -0.608 -0.800 
-0.990 -1.158 -1.304 -1.432 -1.544 -1.644 -1.734 -1.815 -1.890 -1.958 
-2.021 -2.080 -2.134 -2.185 -2.232 -2.275 -2.316 -2.354 -2.388 -2.421 
-2.428 
-2.409 -2.413 -2.429 -2.443 -2.454 -2.463 -2.470 -2.476 -2.479 -2.481 
-2.481 -2.480 -2.477 -2.473 -2.467 -2.460 -2.452 -2.443 -2.433 -2.422 
-2.410 -2.398 -2.385 -2.371 -2.357 -2.344 -2.329 -2.315 -2.301 -2.287 
-2.273 -2.260 -2.246 -2.232 -2.219 -2.206 -2.192 -2.178 -2.164 -2.149 
-2.134 -2.117 -2.100 -2.081 -2.061 -2.039 -2.015 -1.989 -1.960 -1.929 
-1.894 -1.856 -1.813 -1.765 -1.712 -1.651 -1.583 -1.506 -1.417 -1.315 
-1.194 -1.051 -0.881 -0.683 -0.484 -0.356 -0.371 -0.512 -0.712 -0.912 
-1.093 -1.250 -1.387 -1.507 -1.613 -1.707 -1.791 -1.866 -1.934 -1.996 
-2.052 -2.104 -2.150 -2.192 -2.231 -2.266 -2.298 -2.326 -2.352 -2.375 
-2.403 
-2.499 -2.514 -2.532 -2.548 -2.562 -2.573 -2.583 -2.590 -2.596 -2.599 
-2.601 -2.601 -2.600 -2.597 -2.592 -2.586 -2.578 -2.569 -2.559 -2.548 
-2.535 -2.522 -2.507 -2.492 -2.476 -2.460 -2.443 -2.427 -2.410 -2.394 
-2.379 -2.364 -2.351 -2.338 -2.325 -2.314 -2.302 -2.291 -2.280 -2.268 
-2.256 -2.244 -2.230 -2.215 -2.199 -2.181 -2.162 -2.140 -2.116 -2.090 
-2.060 -2.028 -1.991 -1.950 -1.905 -1.854 -1.796 -1.731 -1.658 -1.574 
-1.478 -1.366 -1.236 -1.084 -0.914 -0.767 -0.709 -0.729 -0.816 -0.950 
-1.102 -1.254 -1.395 -1.522 -1.636 -1.737 -1.828 -1.911 -1.985 -2.052 
-2.114 -2.170 -2.220 -2.267 -2.309 -2.348 -2.383 -2.415 -2.444 -2.470 
-2.491 
-2.661 -2.694 -2.707 -2.717 -2.725 -2.731 -2.734 -2.734 -2.733 -2.729 
-2.723 -2.714 -2.704 -2.691 -2.676 -2.659 -2.641 -2.620 -2.597 -2.573 
-2.548 -2.521 -2.493 -2.464 -2.435 -2.406 -2.378 -2.352 -2.327 -2.306 
-2.287 -2.272 -2.261 -2.253 -2.249 -2.248 -2.250 -2.253 -2.257 -2.261 
-2.265 -2.269 -2.270 -2.270 -2.268 -2.263 -2.255 -2.245 -2.230 -2.213 
-2.191 -2.165 -2.133 -2.097 -2.055 -2.006 -1.950 -1.886 -1.811 -1.726 
-1.627 -1.514 -1.386 -1.245 -1.093 -0.930 -0.791 -0.756 -0.871 -1.068 
-1.273 -1.455 -1.612 -1.746 -1.863 -1.966 -2.057 -2.138 -2.211 -2.276 
-2.335 -2.388 -2.436 -2.479 -2.518 -2.553 -2.585 -2.613 -2.637 -2.659 
-2.656 
-2.624 -2.622 -2.633 -2.641 -2.647 -2.650 -2.652 -2.652 -2.650 -2.646 
-2.639 -2.632 -2.622 -2.611 -2.598 -2.583 -2.567 -2.550 -2.531 -2.511 
-2.490 -2.468 -2.446 -2.423 -2.401 -2.380 -2.359 -2.341 -2.325 -2.311 
-2.300 -2.291 -2.284 -2.279 -2.274 -2.271 -2.267 -2.263 -2.259 -2.254 
-2.248 -2.240 -2.231 -2.219 -2.206 -2.190 -2.171 -2.149 -2.124 -2.095 
-2.062 -2.024 -1.981 -1.933 -1.878 -1.816 -1.746 -1.666 -1.576 -1.474 
-1.360 -1.238 -1.115 -1.009 -0.942 -0.922 -0.946 -1.029 -1.182 -1.352 
-1.505 -1.638 -1.753 -1.855 -1.945 -2.025 -2.098 -2.163 -2.222 -2.276 
-2.324 -2.369 -2.409 -2.445 -2.477 -2.507 -2.533 -2.556 -2.576 -2.594 
-2.619 
-2.682 -2.700 -2.708 -2.713 -2.715 -2.714 -2.711 -2.705 -2.697 -2.685 
-2.671 -2.655 -2.635 -2.613 -2.589 -2.562 -2.532 -2.501 -2.467 -2.431 
-2.394 -2.356 -2.318 -2.281 -2.246 -2.214 -2.187 -2.165 -2.149 -2.139 
-2.135 -2.136 -2.141 -2.149 -2.158 -2.167 -2.176 -2.184 -2.192 -2.200 
-2.207 -2.214 -2.220 -2.225 -2.229 -2.230 -2.228 -2.223 -2.214 -2.200 
-2.182 -2.159 -2.130 -2.095 -2.054 -2.005 -1.947 -1.880 -1.801 -1.710 
-1.604 -1.481 -1.340 -1.186 -1.032 -0.916 -0.893 -0.976 -1.109 -1.249 
-1.397 -1.551 -1.695 -1.823 -1.936 -2.035 -2.122 -2.200 -2.269 -2.331 
-2.386 -2.436 -2.480 -2.520 -2.555 -2.586 -2.614 -2.637 -2.658 -2.675 
-2.679 
-2.671 -2.687 -2.705 -2.720 -2.732 -2.741 -2.747 -2.751 -2.752 -2.750 
-2.746 -2.739 -2.729 -2.717 -2.702 -2.684 -2.664 -2.642 -2.617 -2.590 
-2.560 -2.529 -2.495 -2.461 -2.425 -2.389 -2.353 -2.317 -2.281 -2.246 
-2.211 -2.177 -2.143 -2.109 -2.076 -2.044 -2.016 -1.992 -1.974 -1.961 
-1.955 -1.954 -1.958 -1.966 -1.976 -1.987 -1.997 -2.007 -2.014 -2.018 
-2.018 -2.014 -2.006 -1.992 -1.973 -1.948 -1.916 -1.876 -1.827 -1.769 
-1.699 -1.615 -1.513 -1.392 -1.249 -1.099 -0.985 -0.935 -0.917 -0.944 
-1.040 -1.187 -1.352 -1.510 -1.653 -1.780 -1.893 -1.994 -2.084 -2.164 
-2.237 -2.302 -2.362 -2.415 -2.464 -2.507 -2.546 -2.582 -2.613 -2.641 
-2.662 
-2.671 -2.674 -2.686 -2.695 -2.701 -2.705 -2.706 -2.704 -2.699 -2.693 
-2.683 -2.672 -2.657 -2.641 -2.622 -2.601 -2.578 -2.552 -2.525 -2.496 
-2.465 -2.433 -2.400 -2.367 -2.334 -2.301 -2.269 -2.240 -2.212 -2.188 
-2.166 -2.148 -2.133 -2.120 -2.109 -2.100 -2.093 -2.088 -2.085 -2.083 
-2.084 -2.088 -2.092 -2.098 -2.103 -2.108 -2.111 -2.111 -2.108 -2.101 
-2.089 -2.073 -2.052 -2.025 -1.992 -1.951 -1.903 -1.846 -1.778 -1.698 
-1.603 -1.491 -1.357 -1.199 -1.019 -0.845 -0.741 -0.768 -0.902 -1.072 
-1.247 -1.417 -1.572 -1.710 -1.830 -1.937 -2.031 -2.114 -2.189 -2.256 
-2.316 -2.371 -2.419 -2.463 -2.503 -2.538 -2.569 -2.597 -2.621 -2.642 
-2.666 
-2.814 -2.840 -2.856 -2.870 -2.881 -2.889 -2.895 -2.898 -2.898 -2.896 
-2.892 -2.885 -2.876 -2.864 -2.850 -2.833 -2.814 -2.793 -2.769 -2.743 
-2.715 -2.685 -2.652 -2.618 -2.581 -2.544 -2.504 -2.463 -2.422 -2.379 
-2.335 -2.291 -2.246 -2.201 -2.157 -2.114 -2.073 -2.038 -2.007 -1.984 
-1.969 -1.960 -1.958 -1.962 -1.969 -1.978 -1.987 -1.995 -2.000 -2.003 
-2.002 -1.995 -1.984 -1.967 -1.943 -1.912 -1.873 -1.825 -1.766 -1.695 
-1.610 -1.507 -1.383 -1.235 -1.065 -0.893 -0.779 -0.791 -0.923 -1.110 
-1.309 -1.493 -1.656 -1.798 -1.923 -2.033 -2.131 -2.219 -2.297 -2.369 
-2.433 -2.492 -2.545 -2.593 -2.637 -2.676 -2.712 -2.744 -2.773 -2.798 
-2.807 
-2.877 -2.893 -2.911 -2.925 -2.937 -2.946 -2.952 -2.956 -2.958 -2.957 
-2.953 -2.948 -2.939 -2.929 -2.916 -2.901 -2.884 -2.864 -2.843 -2.819 
-2.793 -2.765 -2.736 -2.705 -2.673 -2.639 -2.605 -2.570 -2.536 -2.501 
-2.468 -2.436 -2.405 -2.377 -2.351 -2.328 -2.309 -2.293 -2.280 -2.272 
-2.268 -2.268 -2.270 -2.275 -2.280 -2.285 -2.290 -2.292 -2.293 -2.290 
-2.283 -2.272 -2.257 -2.237 -2.211 -2.179 -2.141 -2.095 -2.041 -1.977 
-1.901 -1.812 -1.707 -1.584 -1.440 -1.281 -1.135 -1.052 -1.044 -1.115 
-1.260 -1.437 -1.613 -1.770 -1.909 -2.031 -2.139 -2.234 -2.320 -2.396 
-2.465 -2.527 -2.584 -2.634 -2.681 -2.722 -2.760 -2.793 -2.823 -2.850 
-2.869 
-2.919 -2.928 -2.944 -2.958 -2.970 -2.978 -2.984 -2.988 -2.989 -2.988 
-2.984 -2.977 -2.969 -2.958 -2.944 -2.928 -2.910 -2.889 -2.865 -2.839 
-2.811 -2.780 -2.747 -2.712 -2.674 -2.633 -2.591 -2.547 -2.501 -2.453 
-2.405 -2.357 -2.311 -2.268 -2.231 -2.202 -2.181 -2.168 -2.162 -2.161 
-2.165 -2.171 -2.178 -2.187 -2.195 -2.202 -2.208 -2.212 -2.212 -2.210 
-2.203 -2.193 -2.177 -2.157 -2.131 -2.098 -2.058 -2.011 -1.954 -1.887 
-1.809 -1.716 -1.608 -1.483 -1.344 -1.200 -1.082 -1.044 -1.112 -1.248 
-1.417 -1.587 -1.744 -1.883 -2.007 -2.116 -2.214 -2.302 -2.381 -2.453 
-2.518 -2.576 -2.630 -2.678 -2.722 -2.762 -2.798 -2.831 -2.860 -2.885 
-2.912 
-3.027 -3.060 -3.074 -3.085 -3.093 -3.098 -3.101 -3.100 -3.097 -3.092 
-3.083 -3.072 -3.058 -3.041 -3.022 -2.999 -2.974 -2.946 -2.914 -2.880 
-2.842 -2.801 -2.756 -2.709 -2.657 -2.603 -2.544 -2.483 -2.418 -2.351 
-2.282 -2.214 -2.150 -2.094 -2.051 -2.025 -2.019 -2.031 -2.056 -2.091 
-2.130 -2.169 -2.207 -2.241 -2.272 -2.298 -2.319 -2.334 -2.345 -2.350 
-2.350 -2.344 -2.332 -2.314 -2.289 -2.257 -2.217 -2.168 -2.109 -2.039 
-1.954 -1.853 -1.731 -1.583 -1.405 -1.204 -1.037 -0.998 -1.126 -1.338 
-1.555 -1.745 -1.909 -2.051 -2.174 -2.283 -2.380 -2.466 -2.544 -2.613 
-2.676 -2.733 -2.785 -2.831 -2.873 -2.911 -2.944 -2.974 -3.001 -3.024 
-3.022 
-2.950 -2.949 -2.961 -2.970 -2.976 -2.979 -2.980 -2.978 -2.973 -2.965 
-2.955 -2.942 -2.926 -2.908 -2.888 -2.864 -2.838 -2.810 -2.780 -2.747 
-2.712 -2.675 -2.637 -2.598 -2.559 -2.519 -2.481 -2.444 -2.409 -2.377 
-2.348 -2.323 -2.301 -2.284 -2.273 -2.270 -2.276 -2.291 -2.312 -2.336 
-2.363 -2.388 -2.412 -2.434 -2.452 -2.466 -2.476 -2.483 -2.485 -2.482 
-2.475 -2.464 -2.447 -2.425 -2.397 -2.364 -2.324 -2.276 -2.221 -2.157 
-2.083 -1.997 -1.898 -1.784 -1.654 -1.511 -1.371 -1.298 -1.319 -1.388 
-1.513 -1.667 -1.818 -1.955 -2.077 -2.186 -2.283 -2.369 -2.446 -2.516 
-2.578 -2.635 -2.685 -2.731 -2.771 -2.808 -2.840 -2.869 -2.894 -2.915 
-2.944 
-3.026 -3.046 -3.063 -3.076 -3.087 -3.095 -3.099 -3.101 -3.100 -3.097 
-3.090 -3.081 -3.069 -3.054 -3.036 -3.016 -2.992 -2.966 -2.937 -2.905 
-2.869 -2.831 -2.790 -2.746 -2.700 -2.651 -2.600 -2.547 -2.494 -2.441 
-2.390 -2.343 -2.302 -2.268 -2.244 -2.229 -2.225 -2.231 -2.245 -2.267 
-2.293 -2.321 -2.351 -2.379 -2.405 -2.429 -2.449 -2.465 -2.477 -2.484 
-2.487 -2.485 -2.478 -2.465 -2.447 -2.423 -2.392 -2.354 -2.309 -2.255 
-2.191 -2.116 -2.028 -1.925 -1.804 -1.664 -1.506 -1.343 -1.214 -1.180 
-1.275 -1.454 -1.652 -1.834 -1.992 -2.129 -2.248 -2.353 -2.445 -2.528 
-2.601 -2.668 -2.727 -2.781 -2.829 -2.872 -2.911 -2.945 -2.976 -3.002 
-3.018 
-3.122 -3.136 -3.149 -3.160 -3.167 -3.171 -3.173 -3.171 -3.166 -3.159 
-3.148 -3.135 -3.118 -3.098 -3.075 -3.049 -3.020 -2.986 -2.950 -2.909 
-2.865 -2.817 -2.765 -2.709 -2.650 -2.587 -2.522 -2.455 -2.390 -2.328 
-2.274 -2.231 -2.203 -2.192 -2.196 -2.215 -2.245 -2.281 -2.321 -2.363 
-2.404 -2.442 -2.478 -2.511 -2.539 -2.563 -2.582 -2.597 -2.607 -2.612 
-2.612 -2.607 -2.596 -2.580 -2.558 -2.530 -2.495 -2.453 -2.403 -2.343 
-2.273 -2.191 -2.095 -1.982 -1.849 -1.696 -1.532 -1.394 -1.348 -1.397 
-1.530 -1.706 -1.881 -2.039 -2.178 -2.300 -2.408 -2.504 -2.589 -2.665 
-2.733 -2.794 -2.849 -2.898 -2.942 -2.982 -3.017 -3.048 -3.075 -3.099 
-3.116 
-3.115 -3.155 -3.169 -3.181 -3.189 -3.194 -3.197 -3.196 -3.192 -3.186 
-3.176 -3.164 -3.148 -3.130 -3.108 -3.083 -3.054 -3.023 -2.987 -2.948 
-2.905 -2.859 -2.808 -2.754 -2.696 -2.634 -2.571 -2.506 -2.442 -2.382 
-2.329 -2.288 -2.262 -2.252 -2.259 -2.279 -2.309 -2.345 -2.383 -2.420 
-2.457 -2.491 -2.521 -2.548 -2.571 -2.590 -2.605 -2.616 -2.623 -2.625 
-2.622 -2.614 -2.601 -2.583 -2.558 -2.528 -2.490 -2.444 -2.390 -2.325 
-2.248 -2.155 -2.044 -1.910 -1.745 -1.548 -1.347 -1.222 -1.256 -1.411 
-1.591 -1.752 -1.900 -2.042 -2.175 -2.296 -2.405 -2.502 -2.590 -2.668 
-2.738 -2.801 -2.857 -2.908 -2.953 -2.994 -3.031 -3.063 -3.091 -3.116 
-3.111 
-2.896 -2.901 -2.922 -2.941 -2.956 -2.969 -2.979 -2.987 -2.992 -2.994 
-2.994 -2.992 -2.987 -2.980 -2.970 -2.958 -2.944 -2.928 -2.909 -2.888 
-2.864 -2.839 -2.811 -2.781 -2.748 -2.714 -2.678 -2.640 -2.601 -2.563 
-2.526 -2.492 -2.463 -2.439 -2.420 -2.407 -2.398 -2.393 -2.391 -2.392 
-2.396 -2.402 -2.409 -2.417 -2.425 -2.433 -2.440 -2.445 -2.447 -2.448 
-2.445 -2.439 -2.429 -2.415 -2.397 -2.374 -2.346 -2.313 -2.273 -2.227 
-2.173 -2.110 -2.038 -1.956 -1.861 -1.750 -1.624 -1.510 -1.462 -1.442 
-1.433 -1.462 -1.541 -1.653 -1.780 -1.906 -2.024 -2.132 -2.231 -2.319 
-2.399 -2.471 -2.537 -2.596 -2.649 -2.698 -2.741 -2.781 -2.816 -2.848 
-2.885 
-2.845 -2.871 -2.885 -2.897 -2.906 -2.914 -2.920 -2.924 -2.926 -2.926 
-2.925 -2.922 -2.918 -2.913 -2.906 -2.899 -2.890 -2.881 -2.870 -2.860 
-2.848 -2.836 -2.824 -2.812 -2.800 -2.787 -2.775 -2.763 -2.751 -2.739 
-2.728 -2.716 -2.705 -2.695 -2.685 -2.677 -2.669 -2.661 -2.655 -2.649 
-2.644 -2.638 -2.632 -2.626 -2.617 -2.608 -2.596 -2.582 -2.565 -2.546 
-2.523 -2.497 -2.467 -2.433 -2.395 -2.352 -2.304 -2.252 -2.194 -2.131 
-2.063 -1.991 -1.916 -1.842 -1.774 -1.717 -1.680 -1.666 -1.675 -1.701 
-1.742 -1.805 -1.890 -1.986 -2.083 -2.174 -2.258 -2.333 -2.402 -2.464 
-2.520 -2.571 -2.617 -2.659 -2.697 -2.731 -2.762 -2.789 -2.814 -2.835 
-2.840 
-2.781 -2.769 -2.781 -2.791 -2.800 -2.807 -2.813 -2.817 -2.820 -2.821 
-2.822 -2.821 -2.820 -2.817 -2.814 -2.810 -2.805 -2.800 -2.794 -2.788 
-2.781 -2.774 -2.767 -2.759 -2.750 -2.741 -2.732 -2.721 -2.710 -2.697 
-2.684 -2.669 -2.653 -2.636 -2.619 -2.602 -2.587 -2.574 -2.564 -2.557 
-2.552 -2.547 -2.541 -2.534 -2.525 -2.513 -2.498 -2.480 -2.459 -2.434 
-2.405 -2.373 -2.337 -2.298 -2.254 -2.206 -2.153 -2.097 -2.037 -1.974 
-1.909 -1.845 -1.785 -1.734 -1.695 -1.673 -1.672 -1.693 -1.736 -1.797 
-1.868 -1.943 -2.019 -2.092 -2.161 -2.225 -2.286 -2.341 -2.393 -2.440 
-2.484 -2.524 -2.560 -2.594 -2.625 -2.652 -2.678 -2.700 -2.721 -2.739 
-2.775 
-3.083 -3.129 -3.143 -3.155 -3.165 -3.172 -3.177 -3.180 -3.181 -3.179 
-3.176 -3.170 -3.162 -3.152 -3.140 -3.126 -3.110 -3.091 -3.069 -3.046 
-3.019 -2.990 -2.958 -2.923 -2.884 -2.842 -2.798 -2.749 -2.698 -2.645 
-2.590 -2.534 -2.479 -2.427 -2.380 -2.340 -2.310 -2.291 -2.283 -2.286 
-2.298 -2.317 -2.340 -2.364 -2.387 -2.408 -2.426 -2.440 -2.450 -2.455 
-2.454 -2.449 -2.438 -2.421 -2.398 -2.369 -2.334 -2.291 -2.242 -2.186 
-2.122 -2.052 -1.974 -1.893 -1.814 -1.751 -1.722 -1.732 -1.776 -1.849 
-1.942 -2.045 -2.149 -2.250 -2.345 -2.432 -2.513 -2.586 -2.653 -2.715 
-2.771 -2.822 -2.869 -2.911 -2.950 -2.985 -3.016 -3.044 -3.070 -3.092 
-3.078 
-3.242 -3.255 -3.266 -3.275 -3.280 -3.283 -3.283 -3.281 -3.277 -3.269 
-3.260 -3.248 -3.233 -3.216 -3.196 -3.174 -3.150 -3.122 -3.092 -3.060 
-3.024 -2.986 -2.945 -2.901 -2.855 -2.806 -2.755 -2.702 -2.648 -2.594 
-2.542 -2.493 -2.450 -2.414 -2.387 -2.370 -2.362 -2.365 -2.375 -2.391 
-2.411 -2.433 -2.456 -2.477 -2.496 -2.512 -2.524 -2.532 -2.535 -2.533 
-2.526 -2.513 -2.494 -2.468 -2.436 -2.396 -2.347 -2.289 -2.221 -2.141 
-2.047 -1.940 -1.821 -1.698 -1.593 -1.534 -1.546 -1.627 -1.753 -1.895 
-2.036 -2.168 -2.289 -2.399 -2.498 -2.588 -2.669 -2.742 -2.808 -2.869 
-2.923 -2.973 -3.018 -3.059 -3.095 -3.128 -3.157 -3.183 -3.206 -3.225 
-3.237 
-3.118 -3.153 -3.163 -3.171 -3.177 -3.181 -3.183 -3.184 -3.183 -3.180 
-3.175 -3.169 -3.162 -3.153 -3.143 -3.131 -3.119 -3.106 -3.091 -3.077 
-3.061 -3.046 -3.030 -3.014 -2.998 -2.981 -2.964 -2.947 -2.929 -2.911 
-2.893 -2.876 -2.859 -2.846 -2.836 -2.829 -2.827 -2.827 -2.830 -2.833 
-2.836 -2.837 -2.836 -2.832 -2.824 -2.812 -2.797 -2.777 -2.753 -2.724 
-2.690 -2.651 -2.606 -2.555 -2.498 -2.434 -2.362 -2.282 -2.194 -2.097 
-1.992 -1.880 -1.766 -1.668 -1.612 -1.621 -1.695 -1.814 -1.950 -2.083 
-2.205 -2.313 -2.409 -2.495 -2.571 -2.640 -2.702 -2.757 -2.808 -2.853 
-2.895 -2.932 -2.967 -2.997 -3.025 -3.051 -3.073 -3.094 -3.112 -3.127 
-3.116 
-2.899 -2.884 -2.902 -2.918 -2.935 -2.950 -2.964 -2.978 -2.991 -3.003 
-3.014 -3.024 -3.033 -3.041 -3.048 -3.054 -3.058 -3.061 -3.063 -3.064 
-3.063 -3.061 -3.057 -3.053 -3.047 -3.039 -3.031 -3.021 -3.010 -2.998 
-2.985 -2.972 -2.959 -2.946 -2.933 -2.920 -2.906 -2.893 -2.878 -2.863 
-2.845 -2.826 -2.805 -2.780 -2.753 -2.723 -2.689 -2.651 -2.610 -2.565 
-2.515 -2.461 -2.402 -2.339 -2.272 -2.200 -2.124 -2.046 -1.969 -1.895 
-1.828 -1.773 -1.734 -1.711 -1.710 -1.739 -1.799 -1.878 -1.963 -2.045 
-2.122 -2.193 -2.257 -2.316 -2.371 -2.421 -2.467 -2.509 -2.548 -2.585 
-2.619 -2.650 -2.680 -2.708 -2.734 -2.759 -2.782 -2.805 -2.826 -2.846 
-2.891 
-3.131 -3.180 -3.193 -3.205 -3.214 -3.221 -3.227 -3.230 -3.232 -3.231 
-3.229 -3.224 -3.218 -3.209 -3.198 -3.185 -3.170 -3.152 -3.133 -3.111 
-3.087 -3.060 -3.032 -3.002 -2.971 -2.938 -2.904 -2.871 -2.837 -2.804 
-2.773 -2.744 -2.719 -2.697 -2.679 -2.665 -2.655 -2.648 -2.644 -2.642 
-2.641 -2.640 -2.638 -2.635 -2.629 -2.622 -2.611 -2.597 -2.579 -2.557 
-2.530 -2.499 -2.463 -2.422 -2.376 -2.324 -2.267 -2.205 -2.139 -2.069 
-1.997 -1.922 -1.847 -1.775 -1.720 -1.702 -1.735 -1.818 -1.929 -2.050 
-2.167 -2.275 -2.373 -2.462 -2.542 -2.614 -2.679 -2.738 -2.792 -2.841 
-2.886 -2.927 -2.964 -2.999 -3.030 -3.058 -3.084 -3.108 -3.129 -3.148 
-3.128 
-3.139 -3.138 -3.147 -3.155 -3.161 -3.165 -3.168 -3.170 -3.169 -3.168 
-3.165 -3.160 -3.154 -3.147 -3.139 -3.129 -3.117 -3.105 -3.091 -3.076 
-3.060 -3.042 -3.024 -3.004 -2.984 -2.963 -2.941 -2.918 -2.895 -2.872 
-2.849 -2.826 -2.803 -2.781 -2.760 -2.740 -2.720 -2.700 -2.681 -2.661 
-2.641 -2.620 -2.598 -2.575 -2.550 -2.523 -2.494 -2.462 -2.428 -2.391 
-2.351 -2.307 -2.260 -2.210 -2.156 -2.099 -2.041 -1.985 -1.937 -1.902 
-1.883 -1.881 -1.890 -1.908 -1.933 -1.971 -2.029 -2.105 -2.191 -2.276 
-2.357 -2.432 -2.501 -2.566 -2.625 -2.680 -2.731 -2.778 -2.821 -2.861 
-2.898 -2.932 -2.963 -2.991 -3.017 -3.041 -3.062 -3.081 -3.098 -3.113 
-3.134 
-3.148 -3.161 -3.169 -3.176 -3.183 -3.188 -3.193 -3.198 -3.202 -3.206 
-3.209 -3.212 -3.214 -3.216 -3.218 -3.219 -3.220 -3.220 -3.219 -3.218 
-3.216 -3.213 -3.209 -3.205 -3.199 -3.192 -3.185 -3.176 -3.166 -3.155 
-3.143 -3.130 -3.115 -3.100 -3.083 -3.064 -3.045 -3.024 -3.001 -2.977 
-2.951 -2.923 -2.893 -2.860 -2.825 -2.787 -2.745 -2.699 -2.649 -2.594 
-2.533 -2.466 -2.392 -2.310 -2.222 -2.128 -2.034 -1.948 -1.884 -1.857 
-1.871 -1.921 -1.991 -2.068 -2.145 -2.218 -2.286 -2.350 -2.412 -2.472 
-2.530 -2.587 -2.641 -2.693 -2.742 -2.788 -2.831 -2.870 -2.907 -2.940 
-2.970 -2.998 -3.023 -3.046 -3.066 -3.085 -3.101 -3.116 -3.129 -3.141 
-3.146 
-3.155 -3.166 -3.185 -3.203 -3.219 -3.233 -3.246 -3.257 -3.266 -3.274 
-3.280 -3.285 -3.288 -3.290 -3.291 -3.291 -3.289 -3.286 -3.282 -3.276 
-3.269 -3.261 -3.252 -3.241 -3.229 -3.216 -3.202 -3.187 -3.170 -3.153 
-3.134 -3.114 -3.093 -3.071 -3.048 -3.024 -2.999 -2.973 -2.946 -2.919 
-2.893 -2.866 -2.840 -2.815 -2.791 -2.767 -2.743 -2.720 -2.695 -2.668 
-2.639 -2.606 -2.570 -2.529 -2.483 -2.431 -2.376 -2.319 -2.268 -2.231 
-2.211 -2.200 -2.190 -2.178 -2.166 -2.156 -2.154 -2.160 -2.176 -2.200 
-2.233 -2.272 -2.319 -2.371 -2.430 -2.492 -2.554 -2.616 -2.676 -2.732 
-2.785 -2.835 -2.881 -2.923 -2.963 -3.000 -3.034 -3.065 -3.094 -3.120 
-3.147 
-3.195 -3.240 -3.270 -3.297 -3.322 -3.343 -3.363 -3.380 -3.395 -3.407 
-3.417 -3.425 -3.431 -3.434 -3.435 -3.435 -3.432 -3.427 -3.419 -3.410 
-3.399 -3.385 -3.369 -3.351 -3.331 -3.308 -3.283 -3.256 -3.226 -3.194 
-3.160 -3.123 -3.085 -3.043 -3.001 -2.956 -2.910 -2.864 -2.819 -2.775 
-2.733 -2.695 -2.662 -2.634 -2.612 -2.596 -2.586 -2.579 -2.574 -2.571 
-2.567 -2.562 -2.555 -2.545 -2.533 -2.517 -2.499 -2.478 -2.455 -2.430 
-2.404 -2.377 -2.349 -2.321 -2.293 -2.265 -2.237 -2.209 -2.183 -2.159 
-2.141 -2.136 -2.148 -2.180 -2.232 -2.299 -2.375 -2.455 -2.536 -2.614 
-2.688 -2.759 -2.824 -2.886 -2.943 -2.996 -3.045 -3.091 -3.133 -3.172 
-3.185 
-3.079 -3.089 -3.118 -3.145 -3.169 -3.192 -3.212 -3.230 -3.247 -3.261 
-3.274 -3.284 -3.293 -3.299 -3.304 -3.307 -3.309 -3.308 -3.306 -3.303 
-3.298 -3.291 -3.282 -3.273 -3.261 -3.249 -3.234 -3.219 -3.202 -3.183 
-3.163 -3.141 -3.117 -3.092 -3.065 -3.036 -3.005 -2.973 -2.939 -2.904 
-2.867 -2.830 -2.793 -2.755 -2.717 -2.679 -2.640 -2.600 -2.559 -2.516 
-2.472 -2.427 -2.382 -2.336 -2.291 -2.247 -2.203 -2.162 -2.123 -2.086 
-2.052 -2.019 -1.989 -1.961 -1.939 -1.930 -1.941 -1.968 -2.003 -2.041 
-2.080 -2.122 -2.167 -2.217 -2.271 -2.329 -2.388 -2.448 -2.507 -2.565 
-2.621 -2.675 -2.727 -2.776 -2.823 -2.868 -2.911 -2.951 -2.989 -3.024 
-3.066 
-3.142 -3.159 -3.172 -3.184 -3.194 -3.201 -3.207 -3.211 -3.213 -3.214 
-3.213 -3.210 -3.206 -3.201 -3.195 -3.188 -3.180 -3.171 -3.161 -3.151 
-3.140 -3.129 -3.118 -3.107 -3.096 -3.085 -3.074 -3.064 -3.053 -3.043 
-3.034 -3.025 -3.016 -3.006 -2.997 -2.988 -2.978 -2.967 -2.956 -2.943 
-2.930 -2.914 -2.897 -2.878 -2.857 -2.833 -2.807 -2.778 -2.746 -2.711 
-2.673 -2.631 -2.586 -2.537 -2.483 -2.425 -2.361 -2.290 -2.211 -2.122 
-2.025 -1.923 -1.830 -1.760 -1.716 -1.704 -1.735 -1.807 -1.906 -2.014 
-2.121 -2.221 -2.314 -2.399 -2.476 -2.548 -2.614 -2.675 -2.732 -2.785 
-2.833 -2.878 -2.919 -2.958 -2.992 -3.024 -3.053 -3.079 -3.103 -3.124 
-3.137 
-3.240 -3.250 -3.257 -3.263 -3.267 -3.270 -3.272 -3.273 -3.273 -3.272 
-3.271 -3.269 -3.266 -3.263 -3.260 -3.257 -3.254 -3.251 -3.247 -3.244 
-3.241 -3.238 -3.235 -3.232 -3.230 -3.227 -3.224 -3.221 -3.218 -3.214 
-3.210 -3.206 -3.201 -3.195 -3.188 -3.180 -3.171 -3.161 -3.149 -3.135 
-3.120 -3.103 -3.083 -3.061 -3.036 -3.008 -2.976 -2.942 -2.903 -2.860 
-2.811 -2.758 -2.698 -2.631 -2.556 -2.471 -2.376 -2.268 -2.146 -2.012 
-1.873 -1.749 -1.676 -1.678 -1.746 -1.847 -1.961 -2.081 -2.199 -2.311 
-2.414 -2.508 -2.592 -2.668 -2.737 -2.799 -2.855 -2.905 -2.951 -2.993 
-3.030 -3.064 -3.094 -3.121 -3.146 -3.167 -3.187 -3.203 -3.218 -3.230 
-3.238 
-3.289 -3.308 -3.321 -3.333 -3.344 -3.353 -3.361 -3.368 -3.374 -3.379 
-3.383 -3.386 -3.389 -3.390 -3.392 -3.392 -3.393 -3.392 -3.392 -3.391 
-3.390 -3.388 -3.386 -3.383 -3.380 -3.376 -3.372 -3.368 -3.362 -3.356 
-3.349 -3.341 -3.333 -3.323 -3.312 -3.300 -3.286 -3.271 -3.255 -3.237 
-3.217 -3.196 -3.172 -3.147 -3.119 -3.089 -3.056 -3.021 -2.983 -2.941 
-2.896 -2.848 -2.795 -2.737 -2.675 -2.607 -2.534 -2.453 -2.367 -2.274 
-2.177 -2.086 -2.019 -1.997 -2.014 -2.054 -2.109 -2.176 -2.253 -2.335 
-2.417 -2.498 -2.575 -2.647 -2.714 -2.776 -2.834 -2.888 -2.937 -2.982 
-3.024 -3.063 -3.098 -3.131 -3.161 -3.188 -3.213 -3.236 -3.257 -3.275 
-3.285 
-3.261 -3.278 -3.302 -3.323 -3.343 -3.362 -3.378 -3.393 -3.407 -3.419 
-3.430 -3.439 -3.447 -3.454 -3.459 -3.463 -3.466 -3.467 -3.467 -3.466 
-3.463 -3.460 -3.455 -3.449 -3.441 -3.432 -3.423 -3.411 -3.399 -3.385 
-3.370 -3.354 -3.336 -3.317 -3.297 -3.275 -3.252 -3.227 -3.201 -3.174 
-3.145 -3.114 -3.081 -3.047 -3.011 -2.974 -2.934 -2.892 -2.847 -2.800 
-2.751 -2.698 -2.643 -2.585 -2.523 -2.460 -2.395 -2.329 -2.265 -2.201 
-2.139 -2.078 -2.019 -1.968 -1.930 -1.913 -1.922 -1.958 -2.016 -2.090 
-2.172 -2.257 -2.342 -2.423 -2.501 -2.574 -2.643 -2.707 -2.768 -2.824 
-2.877 -2.927 -2.973 -3.017 -3.058 -3.096 -3.132 -3.165 -3.196 -3.226 
-3.251 
-3.241 -3.264 -3.286 -3.308 -3.328 -3.348 -3.366 -3.384 -3.400 -3.415 
-3.429 -3.441 -3.452 -3.462 -3.471 -3.478 -3.484 -3.489 -3.492 -3.493 
-3.494 -3.492 -3.490 -3.486 -3.480 -3.473 -3.464 -3.453 -3.441 -3.427 
-3.412 -3.395 -3.375 -3.354 -3.331 -3.307 -3.279 -3.250 -3.219 -3.185 
-3.149 -3.110 -3.068 -3.023 -2.976 -2.925 -2.870 -2.812 -2.750 -2.685 
-2.616 -2.543 -2.469 -2.395 -2.322 -2.254 -2.193 -2.144 -2.109 -2.092 
-2.092 -2.108 -2.134 -2.165 -2.198 -2.234 -2.277 -2.327 -2.385 -2.446 
-2.508 -2.567 -2.624 -2.677 -2.727 -2.773 -2.815 -2.855 -2.893 -2.929 
-2.962 -2.994 -3.025 -3.055 -3.084 -3.112 -3.139 -3.166 -3.191 -3.216 
-3.234 
-3.222 -3.237 -3.268 -3.298 -3.327 -3.355 -3.383 -3.409 -3.433 -3.457 
-3.479 -3.499 -3.517 -3.534 -3.549 -3.563 -3.574 -3.584 -3.592 -3.598 
-3.602 -3.604 -3.604 -3.602 -3.598 -3.593 -3.585 -3.574 -3.562 -3.548 
-3.531 -3.512 -3.490 -3.466 -3.439 -3.409 -3.376 -3.341 -3.302 -3.260 
-3.214 -3.164 -3.111 -3.053 -2.991 -2.924 -2.853 -2.778 -2.700 -2.620 
-2.541 -2.466 -2.398 -2.340 -2.296 -2.268 -2.258 -2.265 -2.286 -2.319 
-2.359 -2.405 -2.455 -2.504 -2.552 -2.598 -2.639 -2.675 -2.708 -2.736 
-2.761 -2.782 -2.800 -2.815 -2.829 -2.843 -2.857 -2.872 -2.889 -2.908 
-2.929 -2.952 -2.976 -3.002 -3.029 -3.057 -3.085 -3.115 -3.145 -3.176 
-3.211 
-3.351 -3.390 -3.431 -3.471 -3.508 -3.542 -3.574 -3.603 -3.630 -3.655 
-3.677 -3.697 -3.714 -3.730 -3.742 -3.753 -3.761 -3.767 -3.771 -3.772 
-3.771 -3.768 -3.762 -3.754 -3.744 -3.731 -3.715 -3.697 -3.676 -3.653 
-3.627 -3.598 -3.565 -3.530 -3.491 -3.449 -3.404 -3.354 -3.301 -3.244 
-3.182 -3.116 -3.045 -2.971 -2.892 -2.809 -2.725 -2.640 -2.558 -2.482 
-2.419 -2.373 -2.348 -2.343 -2.354 -2.377 -2.408 -2.443 -2.480 -2.514 
-2.544 -2.568 -2.586 -2.597 -2.602 -2.601 -2.596 -2.589 -2.585 -2.586 
-2.594 -2.608 -2.625 -2.641 -2.657 -2.673 -2.692 -2.715 -2.744 -2.780 
-2.823 -2.871 -2.924 -2.979 -3.035 -3.090 -3.145 -3.199 -3.250 -3.299 
-3.335 
-3.494 -3.536 -3.571 -3.603 -3.632 -3.658 -3.682 -3.703 -3.722 -3.738 
-3.752 -3.763 -3.772 -3.779 -3.783 -3.786 -3.785 -3.783 -3.778 -3.771 
-3.762 -3.751 -3.737 -3.720 -3.702 -3.681 -3.657 -3.631 -3.602 -3.570 
-3.536 -3.499 -3.458 -3.415 -3.368 -3.319 -3.265 -3.209 -3.149 -3.085 
-3.018 -2.948 -2.876 -2.801 -2.725 -2.650 -2.576 -2.507 -2.445 -2.392 
-2.350 -2.321 -2.306 -2.301 -2.305 -2.313 -2.322 -2.329 -2.333 -2.332 
-2.326 -2.314 -2.295 -2.272 -2.244 -2.214 -2.185 -2.162 -2.151 -2.157 
-2.184 -2.232 -2.298 -2.375 -2.459 -2.545 -2.630 -2.713 -2.792 -2.868 
-2.941 -3.011 -3.078 -3.142 -3.203 -3.260 -3.314 -3.365 -3.413 -3.457 
-3.483 
-3.470 -3.509 -3.544 -3.576 -3.606 -3.633 -3.657 -3.679 -3.698 -3.715 
-3.730 -3.742 -3.752 -3.760 -3.765 -3.769 -3.770 -3.769 -3.765 -3.760 
-3.752 -3.742 -3.730 -3.715 -3.698 -3.679 -3.657 -3.633 -3.606 -3.577 
-3.545 -3.510 -3.472 -3.431 -3.387 -3.340 -3.290 -3.236 -3.178 -3.117 
-3.051 -2.983 -2.910 -2.834 -2.756 -2.676 -2.595 -2.517 -2.444 -2.379 
-2.326 -2.288 -2.265 -2.256 -2.259 -2.269 -2.283 -2.297 -2.309 -2.318 
-2.323 -2.322 -2.316 -2.305 -2.288 -2.268 -2.246 -2.225 -2.208 -2.201 
-2.207 -2.230 -2.271 -2.329 -2.401 -2.481 -2.566 -2.652 -2.738 -2.820 
-2.899 -2.974 -3.045 -3.111 -3.174 -3.232 -3.287 -3.338 -3.386 -3.430 
-3.457 
-3.357 -3.367 -3.399 -3.428 -3.455 -3.479 -3.502 -3.522 -3.540 -3.556 
-3.570 -3.582 -3.592 -3.599 -3.605 -3.609 -3.610 -3.610 -3.607 -3.603 
-3.596 -3.587 -3.577 -3.564 -3.549 -3.532 -3.513 -3.491 -3.467 -3.441 
-3.413 -3.382 -3.349 -3.314 -3.275 -3.235 -3.191 -3.145 -3.097 -3.046 
-2.992 -2.937 -2.879 -2.819 -2.758 -2.696 -2.635 -2.575 -2.518 -2.467 
-2.422 -2.385 -2.358 -2.340 -2.330 -2.325 -2.325 -2.328 -2.332 -2.337 
-2.341 -2.344 -2.347 -2.348 -2.348 -2.348 -2.348 -2.349 -2.352 -2.360 
-2.375 -2.398 -2.430 -2.471 -2.519 -2.573 -2.630 -2.688 -2.747 -2.806 
-2.864 -2.921 -2.975 -3.028 -3.079 -3.127 -3.173 -3.217 -3.258 -3.297 
-3.338 
