IRGRID 64 91
1e+308

0.025 0.03 0.035 0.04 0.045 0.05 0.055 0.06 0.065 0.07
0.075 0.08 0.085 0.09 0.095 0.1 0.11 0.12 0.13 0.14
0.15 0.16 0.17 0.18 0.19 0.2 0.21 0.22 0.23 0.24
0.25 0.26 0.27 0.28 0.29 0.3 0.31 0.32 0.33 0.34
0.35 0.36 0.37 0.38 0.39 0.4 0.41 0.42 0.43 0.44
0.45 0.46 0.47 0.48 0.49 0.5 0.51 0.52 0.53 0.54
0.55 0.56 0.57 0.58
0 4 8 12 16 20 24 28 32 36
40 44 48 52 56 60 64 68 72 76
80 84 88 92 96 100 104 108 112 116
120 124 128 132 136 140 144 148 152 156
160 164 168 172 176 180 184 188 192 196
200 204 208 212 216 220 224 228 232 236
240 244 248 252 256 260 264 268 272 276
280 284 288 292 296 300 304 308 312 316
320 324 328 332 336 340 344 348 352 356
360
-3.174 -3.194 -3.177 -3.160 -3.142 -3.125 -3.109 -3.094 -3.082 -3.072 
-3.065 -3.062 -3.061 -3.062 -3.065 -3.070 -3.076 -3.084 -3.094 -3.105 
-3.119 -3.134 -3.152 -3.170 -3.191 -3.211 -3.232 -3.252 -3.271 -3.289 
-3.305 -3.319 -3.331 -3.340 -3.346 -3.350 -3.351 -3.348 -3.342 -3.333 
-3.321 -3.305 -3.285 -3.261 -3.232 -3.199 -3.161 -3.117 -3.067 -3.011 
-2.946 -2.873 -2.789 -2.692 -2.581 -2.453 -2.305 -2.143 -1.989 -1.882 
-1.854 -1.886 -1.933 -1.998 -2.106 -2.243 -2.381 -2.507 -2.619 -2.716 
-2.800 -2.874 -2.938 -2.995 -3.044 -3.086 -3.123 -3.154 -3.181 -3.202 
-3.220 -3.234 -3.244 -3.250 -3.253 -3.253 -3.249 -3.243 -3.234 -3.223 
-3.181 
-2.666 -2.752 -2.778 -2.800 -2.816 -2.826 -2.831 -2.831 -2.827 -2.818 
-2.807 -2.793 -2.777 -2.760 -2.744 -2.728 -2.714 -2.703 -2.696 -2.693 
-2.694 -2.699 -2.709 -2.723 -2.739 -2.758 -2.778 -2.798 -2.818 -2.837 
-2.855 -2.870 -2.884 -2.894 -2.902 -2.907 -2.908 -2.905 -2.898 -2.887 
-2.871 -2.850 -2.823 -2.789 -2.747 -2.695 -2.633 -2.556 -2.462 -2.346 
-2.206 -2.049 -1.913 -1.869 -1.927 -2.006 -2.043 -2.024 -1.956 -1.858 
-1.751 -1.646 -1.570 -1.561 -1.633 -1.758 -1.901 -2.037 -2.160 -2.266 
-2.357 -2.435 -2.501 -2.556 -2.601 -2.638 -2.666 -2.686 -2.698 -2.704 
-2.703 -2.696 -2.685 -2.672 -2.659 -2.650 -2.649 -2.656 -2.673 -2.697 
-2.667 
-1.989 -2.023 -2.043 -2.071 -2.108 -2.157 -2.213 -2.274 -2.335 -2.395 
-2.450 -2.501 -2.547 -2.588 -2.624 -2.656 -2.683 -2.707 -2.728 -2.746 
-2.762 -2.777 -2.789 -2.799 -2.808 -2.814 -2.818 -2.819 -2.817 -2.812 
-2.804 -2.792 -2.777 -2.758 -2.735 -2.708 -2.677 -2.640 -2.599 -2.552 
-2.499 -2.439 -2.372 -2.297 -2.211 -2.114 -2.003 -1.876 -1.728 -1.556 
-1.359 -1.149 -0.982 -0.970 -1.104 -1.282 -1.455 -1.604 -1.724 -1.814 
-1.875 -1.905 -1.919 -1.948 -2.010 -2.086 -2.155 -2.211 -2.254 -2.286 
-2.308 -2.321 -2.328 -2.328 -2.321 -2.309 -2.291 -2.269 -2.241 -2.208 
-2.173 -2.134 -2.095 -2.058 -2.025 -1.999 -1.983 -1.978 -1.982 -1.993 
-1.974 
-1.621 -1.572 -1.551 -1.548 -1.566 -1.605 -1.660 -1.725 -1.795 -1.867 
-1.936 -2.002 -2.064 -2.121 -2.173 -2.221 -2.264 -2.303 -2.337 -2.368 
-2.394 -2.417 -2.436 -2.451 -2.463 -2.472 -2.477 -2.479 -2.478 -2.473 
-2.464 -2.453 -2.437 -2.418 -2.395 -2.368 -2.337 -2.301 -2.260 -2.213 
-2.161 -2.102 -2.035 -1.960 -1.874 -1.776 -1.663 -1.531 -1.374 -1.186 
-0.963 -0.727 -0.562 -0.568 -0.731 -0.932 -1.075 -1.118 -1.084 -1.088 
-1.195 -1.338 -1.468 -1.574 -1.660 -1.728 -1.783 -1.825 -1.857 -1.879 
-1.892 -1.897 -1.894 -1.882 -1.861 -1.831 -1.791 -1.743 -1.689 -1.635 
-1.595 -1.581 -1.601 -1.643 -1.684 -1.711 -1.717 -1.705 -1.679 -1.644 
-1.643 
-1.549 -1.623 -1.653 -1.691 -1.738 -1.795 -1.858 -1.924 -1.990 -2.055 
-2.116 -2.174 -2.227 -2.276 -2.321 -2.362 -2.399 -2.432 -2.462 -2.488 
-2.511 -2.530 -2.547 -2.560 -2.571 -2.578 -2.583 -2.585 -2.584 -2.580 
-2.573 -2.563 -2.551 -2.535 -2.517 -2.495 -2.470 -2.441 -2.408 -2.372 
-2.331 -2.286 -2.236 -2.180 -2.117 -2.047 -1.967 -1.876 -1.770 -1.643 
-1.488 -1.301 -1.125 -1.075 -1.077 -0.990 -0.824 -0.623 -0.448 -0.325 
-0.030 0.091 -0.477 -0.758 -0.932 -1.055 -1.145 -1.213 -1.262 -1.295 
-1.315 -1.323 -1.318 -1.301 -1.272 -1.231 -1.179 -1.118 -1.053 -0.993 
-0.953 -0.950 -0.992 -1.073 -1.176 -1.282 -1.378 -1.458 -1.519 -1.563 
-1.533 
-1.056 -1.059 -1.066 -1.087 -1.119 -1.160 -1.207 -1.258 -1.309 -1.361 
-1.412 -1.462 -1.511 -1.557 -1.602 -1.644 -1.684 -1.721 -1.756 -1.788 
-1.818 -1.844 -1.868 -1.890 -1.908 -1.924 -1.938 -1.948 -1.956 -1.961 
-1.964 -1.964 -1.961 -1.955 -1.947 -1.935 -1.921 -1.903 -1.882 -1.858 
-1.830 -1.799 -1.764 -1.724 -1.680 -1.630 -1.575 -1.514 -1.446 -1.369 
-1.283 -1.185 -1.073 -0.943 -0.788 -0.599 -0.354 -0.009 0.564 0.934 
0.715 0.743 0.338 -0.150 -0.423 -0.610 -0.751 -0.861 -0.950 -1.023 
-1.083 -1.131 -1.169 -1.198 -1.218 -1.230 -1.233 -1.228 -1.216 -1.198 
-1.181 -1.171 -1.171 -1.175 -1.175 -1.166 -1.149 -1.127 -1.102 -1.080 
-1.060 
-0.825 -0.800 -0.796 -0.797 -0.802 -0.812 -0.827 -0.846 -0.871 -0.899 
-0.931 -0.965 -1.000 -1.037 -1.073 -1.108 -1.143 -1.176 -1.207 -1.237 
-1.264 -1.289 -1.311 -1.331 -1.349 -1.364 -1.376 -1.386 -1.393 -1.398 
-1.400 -1.400 -1.396 -1.390 -1.381 -1.369 -1.354 -1.335 -1.314 -1.289 
-1.260 -1.228 -1.191 -1.150 -1.104 -1.053 -0.995 -0.931 -0.860 -0.779 
-0.688 -0.584 -0.463 -0.321 -0.150 0.067 0.362 0.832 1.331 1.552 
1.541 0.789 0.359 0.099 -0.086 -0.230 -0.345 -0.440 -0.518 -0.584 
-0.638 -0.684 -0.721 -0.751 -0.774 -0.792 -0.805 -0.813 -0.818 -0.821 
-0.823 -0.825 -0.827 -0.829 -0.832 -0.833 -0.831 -0.827 -0.821 -0.814 
-0.830 
-0.907 -0.974 -1.019 -1.061 -1.101 -1.139 -1.176 -1.212 -1.248 -1.284 
-1.320 -1.355 -1.389 -1.422 -1.453 -1.482 -1.510 -1.535 -1.558 -1.579 
-1.598 -1.614 -1.628 -1.639 -1.648 -1.654 -1.658 -1.660 -1.659 -1.656 
-1.650 -1.642 -1.631 -1.617 -1.601 -1.582 -1.560 -1.535 -1.507 -1.475 
-1.441 -1.402 -1.360 -1.314 -1.263 -1.207 -1.146 -1.079 -1.005 -0.923 
-0.832 -0.730 -0.615 -0.484 -0.330 -0.147 0.083 0.395 0.899 1.584 
1.973 1.502 0.739 0.395 0.175 0.014 -0.108 -0.204 -0.281 -0.341 
-0.388 -0.425 -0.452 -0.471 -0.484 -0.490 -0.493 -0.493 -0.492 -0.493 
-0.499 -0.512 -0.534 -0.566 -0.607 -0.655 -0.708 -0.764 -0.820 -0.874 
-0.889 
-0.816 -0.821 -0.865 -0.908 -0.950 -0.991 -1.031 -1.069 -1.105 -1.140 
-1.173 -1.203 -1.232 -1.259 -1.284 -1.306 -1.327 -1.345 -1.361 -1.375 
-1.387 -1.397 -1.405 -1.411 -1.415 -1.416 -1.416 -1.413 -1.408 -1.401 
-1.391 -1.379 -1.365 -1.349 -1.329 -1.308 -1.284 -1.256 -1.226 -1.193 
-1.157 -1.117 -1.074 -1.027 -0.976 -0.920 -0.858 -0.792 -0.719 -0.638 
-0.550 -0.451 -0.341 -0.216 -0.073 0.095 0.297 0.550 0.880 1.282 
1.701 1.341 1.018 0.717 0.493 0.324 0.191 0.084 -0.003 -0.076 
-0.138 -0.189 -0.232 -0.269 -0.301 -0.328 -0.351 -0.372 -0.392 -0.411 
-0.431 -0.453 -0.478 -0.506 -0.537 -0.572 -0.610 -0.650 -0.691 -0.734 
-0.798 
-1.163 -1.240 -1.276 -1.311 -1.344 -1.376 -1.406 -1.434 -1.461 -1.486 
-1.508 -1.529 -1.548 -1.565 -1.580 -1.593 -1.604 -1.613 -1.620 -1.625 
-1.629 -1.630 -1.629 -1.626 -1.621 -1.614 -1.605 -1.594 -1.581 -1.566 
-1.548 -1.528 -1.506 -1.481 -1.454 -1.424 -1.392 -1.357 -1.318 -1.277 
-1.232 -1.184 -1.132 -1.076 -1.016 -0.950 -0.880 -0.804 -0.721 -0.630 
-0.531 -0.423 -0.302 -0.166 -0.012 0.167 0.379 0.644 0.993 1.346 
1.494 1.240 0.879 0.607 0.406 0.247 0.114 0.000 -0.101 -0.190 
-0.271 -0.344 -0.411 -0.474 -0.531 -0.585 -0.635 -0.683 -0.728 -0.771 
-0.813 -0.853 -0.893 -0.932 -0.971 -1.010 -1.049 -1.088 -1.127 -1.165 
-1.156 
-1.287 -1.335 -1.369 -1.401 -1.431 -1.459 -1.484 -1.507 -1.528 -1.547 
-1.564 -1.579 -1.591 -1.602 -1.611 -1.617 -1.622 -1.625 -1.625 -1.624 
-1.621 -1.615 -1.608 -1.598 -1.587 -1.573 -1.557 -1.539 -1.519 -1.496 
-1.471 -1.444 -1.414 -1.382 -1.346 -1.309 -1.268 -1.224 -1.177 -1.127 
-1.073 -1.015 -0.954 -0.888 -0.817 -0.741 -0.660 -0.573 -0.479 -0.378 
-0.268 -0.148 -0.018 0.126 0.285 0.461 0.654 0.860 1.056 1.221 
1.277 1.120 0.951 0.786 0.634 0.496 0.370 0.253 0.144 0.042 
-0.055 -0.146 -0.233 -0.315 -0.394 -0.469 -0.541 -0.610 -0.676 -0.740 
-0.802 -0.862 -0.919 -0.975 -1.028 -1.079 -1.127 -1.174 -1.217 -1.259 
-1.277 
-1.149 -1.155 -1.197 -1.237 -1.275 -1.310 -1.343 -1.374 -1.403 -1.429 
-1.453 -1.475 -1.495 -1.513 -1.528 -1.542 -1.553 -1.562 -1.569 -1.574 
-1.577 -1.578 -1.577 -1.573 -1.568 -1.560 -1.550 -1.538 -1.523 -1.506 
-1.487 -1.465 -1.441 -1.414 -1.384 -1.352 -1.316 -1.278 -1.236 -1.191 
-1.142 -1.089 -1.032 -0.970 -0.904 -0.833 -0.757 -0.675 -0.587 -0.493 
-0.393 -0.288 -0.176 -0.059 0.067 0.206 0.361 0.534 0.716 0.867 
0.936 0.903 0.797 0.660 0.524 0.401 0.293 0.198 0.113 0.038 
-0.029 -0.091 -0.149 -0.203 -0.256 -0.308 -0.360 -0.413 -0.467 -0.522 
-0.578 -0.634 -0.691 -0.747 -0.803 -0.858 -0.912 -0.964 -1.015 -1.064 
-1.129 
-1.458 -1.527 -1.560 -1.589 -1.616 -1.641 -1.664 -1.684 -1.701 -1.717 
-1.730 -1.741 -1.750 -1.756 -1.760 -1.762 -1.762 -1.760 -1.755 -1.749 
-1.740 -1.729 -1.715 -1.699 -1.681 -1.661 -1.638 -1.612 -1.584 -1.553 
-1.520 -1.484 -1.444 -1.402 -1.356 -1.308 -1.255 -1.199 -1.139 -1.075 
-1.006 -0.933 -0.856 -0.773 -0.685 -0.592 -0.493 -0.390 -0.282 -0.171 
-0.058 0.054 0.160 0.256 0.336 0.398 0.444 0.481 0.515 0.551 
0.575 0.560 0.510 0.443 0.363 0.269 0.161 0.048 -0.065 -0.174 
-0.276 -0.371 -0.460 -0.543 -0.620 -0.693 -0.762 -0.829 -0.892 -0.954 
-1.014 -1.071 -1.127 -1.181 -1.233 -1.282 -1.329 -1.374 -1.416 -1.456 
-1.451 
-1.571 -1.598 -1.622 -1.644 -1.664 -1.681 -1.695 -1.708 -1.718 -1.726 
-1.732 -1.735 -1.737 -1.737 -1.734 -1.730 -1.724 -1.716 -1.707 -1.696 
-1.683 -1.668 -1.651 -1.633 -1.614 -1.593 -1.570 -1.545 -1.518 -1.489 
-1.459 -1.426 -1.390 -1.351 -1.310 -1.265 -1.217 -1.165 -1.108 -1.046 
-0.980 -0.908 -0.830 -0.745 -0.653 -0.554 -0.447 -0.332 -0.209 -0.078 
0.058 0.196 0.328 0.444 0.536 0.599 0.635 0.654 0.669 0.693 
0.753 0.953 0.909 0.734 0.647 0.549 0.424 0.281 0.131 -0.017 
-0.158 -0.291 -0.414 -0.528 -0.634 -0.731 -0.822 -0.905 -0.983 -1.055 
-1.122 -1.184 -1.242 -1.295 -1.345 -1.390 -1.433 -1.472 -1.508 -1.541 
-1.560 
-1.514 -1.503 -1.512 -1.519 -1.524 -1.528 -1.529 -1.528 -1.526 -1.522 
-1.516 -1.509 -1.501 -1.491 -1.480 -1.467 -1.454 -1.440 -1.424 -1.408 
-1.391 -1.374 -1.356 -1.338 -1.319 -1.300 -1.281 -1.262 -1.242 -1.222 
-1.202 -1.181 -1.159 -1.136 -1.112 -1.087 -1.061 -1.034 -1.006 -0.977 
-0.947 -0.916 -0.883 -0.849 -0.811 -0.768 -0.719 -0.662 -0.596 -0.519 
-0.431 -0.333 -0.229 -0.126 -0.031 0.053 0.134 0.234 0.380 0.621 
1.051 1.440 1.313 0.915 0.510 0.257 0.063 -0.105 -0.256 -0.391 
-0.513 -0.622 -0.720 -0.808 -0.888 -0.960 -1.025 -1.085 -1.138 -1.187 
-1.232 -1.272 -1.309 -1.342 -1.372 -1.399 -1.423 -1.444 -1.462 -1.478 
-1.511 
-1.698 -1.760 -1.774 -1.786 -1.795 -1.802 -1.807 -1.809 -1.810 -1.808 
-1.805 -1.799 -1.791 -1.782 -1.770 -1.756 -1.740 -1.722 -1.703 -1.681 
-1.657 -1.631 -1.603 -1.573 -1.540 -1.505 -1.468 -1.428 -1.385 -1.340 
-1.292 -1.242 -1.189 -1.134 -1.078 -1.021 -0.965 -0.910 -0.858 -0.811 
-0.768 -0.731 -0.699 -0.671 -0.645 -0.620 -0.592 -0.559 -0.520 -0.470 
-0.407 -0.330 -0.234 -0.121 0.002 0.119 0.206 0.276 0.396 0.669 
1.123 1.448 1.137 0.569 0.187 -0.071 -0.265 -0.422 -0.553 -0.668 
-0.770 -0.862 -0.946 -1.024 -1.096 -1.163 -1.226 -1.284 -1.339 -1.389 
-1.437 -1.481 -1.521 -1.559 -1.594 -1.626 -1.654 -1.681 -1.704 -1.726 
-1.695 
-1.541 -1.536 -1.562 -1.586 -1.608 -1.628 -1.646 -1.662 -1.675 -1.687 
-1.696 -1.704 -1.709 -1.713 -1.714 -1.713 -1.711 -1.706 -1.699 -1.690 
-1.679 -1.666 -1.650 -1.632 -1.612 -1.589 -1.564 -1.536 -1.506 -1.473 
-1.437 -1.399 -1.358 -1.314 -1.267 -1.217 -1.165 -1.111 -1.056 -0.998 
-0.938 -0.875 -0.810 -0.740 -0.664 -0.581 -0.490 -0.389 -0.276 -0.150 
-0.009 0.149 0.324 0.503 0.655 0.747 0.776 0.744 0.671 0.602 
0.635 0.872 0.486 0.311 0.229 0.162 0.073 -0.039 -0.157 -0.269 
-0.370 -0.463 -0.549 -0.629 -0.705 -0.777 -0.845 -0.910 -0.972 -1.031 
-1.088 -1.141 -1.192 -1.240 -1.286 -1.329 -1.369 -1.407 -1.443 -1.476 
-1.528 
-1.689 -1.742 -1.772 -1.799 -1.823 -1.845 -1.864 -1.882 -1.896 -1.909 
-1.920 -1.928 -1.934 -1.938 -1.940 -1.940 -1.938 -1.933 -1.927 -1.918 
-1.907 -1.894 -1.878 -1.860 -1.840 -1.817 -1.792 -1.765 -1.734 -1.701 
-1.665 -1.626 -1.583 -1.538 -1.488 -1.435 -1.378 -1.316 -1.250 -1.178 
-1.100 -1.016 -0.925 -0.826 -0.718 -0.600 -0.470 -0.328 -0.172 -0.003 
0.176 0.364 0.559 0.739 0.850 0.860 0.799 0.715 0.638 0.583 
0.556 0.556 0.579 0.612 0.634 0.614 0.532 0.392 0.219 0.039 
-0.133 -0.290 -0.434 -0.563 -0.682 -0.789 -0.888 -0.979 -1.063 -1.141 
-1.213 -1.281 -1.343 -1.401 -1.456 -1.506 -1.553 -1.597 -1.638 -1.676 
-1.680 
-1.661 -1.678 -1.705 -1.729 -1.751 -1.770 -1.787 -1.802 -1.814 -1.824 
-1.832 -1.837 -1.840 -1.841 -1.840 -1.837 -1.831 -1.823 -1.813 -1.800 
-1.785 -1.768 -1.749 -1.726 -1.702 -1.674 -1.644 -1.611 -1.575 -1.536 
-1.494 -1.448 -1.399 -1.345 -1.288 -1.225 -1.158 -1.086 -1.008 -0.923 
-0.830 -0.729 -0.619 -0.497 -0.361 -0.210 -0.039 0.149 0.325 0.435 
0.502 0.557 0.591 0.606 0.604 0.568 0.514 0.470 0.447 0.445 
0.461 0.492 0.530 0.562 0.569 0.534 0.450 0.325 0.177 0.021 
-0.132 -0.277 -0.412 -0.536 -0.650 -0.755 -0.851 -0.941 -1.023 -1.099 
-1.170 -1.236 -1.297 -1.353 -1.406 -1.455 -1.500 -1.542 -1.580 -1.616 
-1.650 
-1.669 -1.690 -1.718 -1.742 -1.764 -1.784 -1.801 -1.815 -1.827 -1.837 
-1.844 -1.849 -1.852 -1.852 -1.850 -1.846 -1.839 -1.830 -1.818 -1.805 
-1.788 -1.769 -1.748 -1.724 -1.697 -1.667 -1.634 -1.598 -1.559 -1.516 
-1.470 -1.419 -1.364 -1.305 -1.240 -1.170 -1.094 -1.011 -0.919 -0.819 
-0.707 -0.583 -0.443 -0.282 -0.096 0.125 0.384 0.642 0.756 0.741 
0.635 0.500 0.381 0.284 0.204 0.142 0.098 0.071 0.061 0.068 
0.090 0.126 0.173 0.226 0.275 0.310 0.320 0.293 0.220 0.103 
-0.040 -0.190 -0.336 -0.473 -0.599 -0.714 -0.819 -0.916 -1.005 -1.086 
-1.162 -1.231 -1.295 -1.355 -1.410 -1.460 -1.507 -1.550 -1.590 -1.627 
-1.658 
-1.748 -1.780 -1.809 -1.834 -1.857 -1.877 -1.894 -1.909 -1.921 -1.931 
-1.938 -1.943 -1.946 -1.946 -1.944 -1.939 -1.932 -1.922 -1.910 -1.896 
-1.879 -1.859 -1.836 -1.811 -1.783 -1.752 -1.717 -1.679 -1.638 -1.593 
-1.543 -1.490 -1.431 -1.368 -1.298 -1.222 -1.139 -1.047 -0.946 -0.833 
-0.705 -0.559 -0.390 -0.188 0.060 0.373 0.714 0.895 0.841 0.634 
0.397 0.202 0.053 -0.059 -0.143 -0.203 -0.245 -0.269 -0.277 -0.271 
-0.250 -0.214 -0.163 -0.098 -0.020 0.065 0.143 0.193 0.189 0.118 
-0.008 -0.162 -0.321 -0.473 -0.613 -0.740 -0.856 -0.961 -1.057 -1.145 
-1.226 -1.300 -1.368 -1.430 -1.488 -1.541 -1.590 -1.635 -1.676 -1.714 
-1.737 
-1.741 -1.767 -1.795 -1.820 -1.843 -1.862 -1.879 -1.893 -1.905 -1.914 
-1.921 -1.925 -1.927 -1.926 -1.923 -1.918 -1.910 -1.899 -1.886 -1.871 
-1.852 -1.831 -1.807 -1.781 -1.751 -1.718 -1.681 -1.641 -1.597 -1.550 
-1.497 -1.440 -1.378 -1.310 -1.235 -1.153 -1.062 -0.962 -0.849 -0.722 
-0.575 -0.404 -0.199 0.057 0.384 0.713 0.894 0.873 0.649 0.363 
0.142 -0.021 -0.142 -0.234 -0.302 -0.351 -0.385 -0.403 -0.409 -0.402 
-0.382 -0.349 -0.304 -0.247 -0.178 -0.102 -0.028 0.027 0.040 -0.004 
-0.099 -0.224 -0.360 -0.495 -0.624 -0.744 -0.855 -0.958 -1.052 -1.138 
-1.217 -1.291 -1.358 -1.420 -1.478 -1.530 -1.579 -1.624 -1.665 -1.702 
-1.730 
-1.726 -1.744 -1.771 -1.796 -1.817 -1.836 -1.852 -1.866 -1.877 -1.886 
-1.892 -1.895 -1.896 -1.895 -1.891 -1.885 -1.876 -1.864 -1.850 -1.833 
-1.813 -1.791 -1.765 -1.737 -1.705 -1.670 -1.631 -1.589 -1.542 -1.491 
-1.435 -1.374 -1.306 -1.233 -1.151 -1.061 -0.961 -0.848 -0.721 -0.574 
-0.402 -0.196 0.056 0.367 0.683 0.856 0.764 0.525 0.238 0.020 
-0.142 -0.264 -0.358 -0.432 -0.488 -0.530 -0.559 -0.577 -0.586 -0.585 
-0.574 -0.556 -0.529 -0.495 -0.454 -0.409 -0.363 -0.326 -0.308 -0.319 
-0.359 -0.422 -0.501 -0.590 -0.685 -0.782 -0.876 -0.967 -1.053 -1.133 
-1.208 -1.278 -1.344 -1.404 -1.460 -1.511 -1.559 -1.603 -1.643 -1.680 
-1.715 
-1.737 -1.781 -1.804 -1.825 -1.843 -1.859 -1.872 -1.883 -1.891 -1.897 
-1.900 -1.901 -1.900 -1.896 -1.890 -1.881 -1.870 -1.856 -1.839 -1.820 
-1.798 -1.773 -1.745 -1.713 -1.679 -1.641 -1.599 -1.554 -1.504 -1.449 
-1.390 -1.324 -1.253 -1.174 -1.088 -0.992 -0.885 -0.765 -0.628 -0.472 
-0.292 -0.085 0.139 0.338 0.470 0.508 0.330 0.121 -0.049 -0.186 
-0.296 -0.385 -0.456 -0.513 -0.557 -0.590 -0.614 -0.629 -0.637 -0.638 
-0.634 -0.626 -0.615 -0.603 -0.593 -0.587 -0.587 -0.594 -0.612 -0.640 
-0.680 -0.732 -0.792 -0.859 -0.929 -0.999 -1.069 -1.138 -1.204 -1.267 
-1.328 -1.385 -1.439 -1.489 -1.537 -1.581 -1.621 -1.659 -1.694 -1.726 
-1.731 
-1.548 -1.565 -1.593 -1.619 -1.642 -1.662 -1.680 -1.695 -1.708 -1.719 
-1.727 -1.732 -1.736 -1.736 -1.735 -1.731 -1.724 -1.715 -1.703 -1.689 
-1.672 -1.653 -1.630 -1.605 -1.576 -1.544 -1.509 -1.470 -1.428 -1.381 
-1.330 -1.273 -1.212 -1.145 -1.071 -0.990 -0.900 -0.801 -0.691 -0.568 
-0.430 -0.277 -0.109 0.057 0.174 0.213 0.186 0.107 -0.003 -0.120 
-0.229 -0.324 -0.405 -0.474 -0.531 -0.578 -0.616 -0.646 -0.668 -0.684 
-0.694 -0.699 -0.699 -0.696 -0.691 -0.685 -0.679 -0.675 -0.673 -0.676 
-0.683 -0.697 -0.717 -0.745 -0.780 -0.821 -0.868 -0.920 -0.974 -1.029 
-1.084 -1.139 -1.192 -1.244 -1.293 -1.340 -1.384 -1.426 -1.465 -1.501 
-1.536 
-1.529 -1.536 -1.563 -1.588 -1.610 -1.630 -1.647 -1.662 -1.675 -1.685 
-1.693 -1.698 -1.701 -1.702 -1.700 -1.696 -1.689 -1.680 -1.668 -1.654 
-1.637 -1.617 -1.595 -1.569 -1.540 -1.508 -1.473 -1.434 -1.391 -1.344 
-1.293 -1.237 -1.175 -1.108 -1.035 -0.954 -0.867 -0.770 -0.665 -0.551 
-0.428 -0.301 -0.176 -0.066 0.011 0.038 0.008 -0.068 -0.164 -0.261 
-0.352 -0.432 -0.501 -0.560 -0.610 -0.651 -0.684 -0.710 -0.729 -0.741 
-0.746 -0.746 -0.741 -0.731 -0.718 -0.705 -0.696 -0.695 -0.703 -0.718 
-0.736 -0.757 -0.781 -0.807 -0.837 -0.871 -0.909 -0.951 -0.996 -1.043 
-1.091 -1.139 -1.187 -1.233 -1.278 -1.322 -1.363 -1.403 -1.440 -1.474 
-1.517 
-1.789 -1.849 -1.873 -1.894 -1.913 -1.929 -1.943 -1.955 -1.964 -1.971 
-1.975 -1.977 -1.977 -1.974 -1.969 -1.961 -1.951 -1.939 -1.924 -1.906 
-1.886 -1.863 -1.837 -1.808 -1.776 -1.741 -1.703 -1.661 -1.615 -1.565 
-1.510 -1.451 -1.387 -1.316 -1.240 -1.157 -1.065 -0.965 -0.855 -0.734 
-0.601 -0.458 -0.309 -0.167 -0.056 -0.003 -0.017 -0.082 -0.169 -0.258 
-0.339 -0.410 -0.469 -0.517 -0.554 -0.581 -0.598 -0.606 -0.605 -0.596 
-0.578 -0.553 -0.522 -0.488 -0.454 -0.428 -0.418 -0.432 -0.474 -0.541 
-0.625 -0.717 -0.809 -0.899 -0.984 -1.064 -1.139 -1.209 -1.276 -1.339 
-1.398 -1.454 -1.507 -1.557 -1.604 -1.647 -1.688 -1.726 -1.761 -1.793 
-1.783 
-1.747 -1.760 -1.780 -1.799 -1.815 -1.829 -1.840 -1.850 -1.857 -1.862 
-1.865 -1.865 -1.863 -1.860 -1.854 -1.845 -1.835 -1.822 -1.807 -1.789 
-1.769 -1.746 -1.721 -1.693 -1.662 -1.628 -1.592 -1.552 -1.508 -1.461 
-1.411 -1.356 -1.297 -1.234 -1.166 -1.092 -1.013 -0.928 -0.836 -0.738 
-0.634 -0.525 -0.413 -0.302 -0.205 -0.135 -0.102 -0.101 -0.123 -0.161 
-0.208 -0.256 -0.303 -0.346 -0.383 -0.414 -0.439 -0.459 -0.474 -0.485 
-0.493 -0.498 -0.504 -0.510 -0.518 -0.532 -0.553 -0.585 -0.629 -0.684 
-0.746 -0.812 -0.880 -0.947 -1.014 -1.078 -1.141 -1.201 -1.258 -1.313 
-1.365 -1.415 -1.461 -1.505 -1.546 -1.584 -1.620 -1.653 -1.683 -1.711 
-1.738 
-1.739 -1.742 -1.763 -1.783 -1.800 -1.814 -1.827 -1.837 -1.846 -1.852 
-1.855 -1.857 -1.857 -1.854 -1.849 -1.841 -1.832 -1.820 -1.805 -1.789 
-1.769 -1.747 -1.723 -1.695 -1.665 -1.632 -1.595 -1.555 -1.512 -1.464 
-1.413 -1.357 -1.296 -1.229 -1.157 -1.078 -0.991 -0.895 -0.792 -0.684 
-0.581 -0.494 -0.422 -0.356 -0.294 -0.246 -0.221 -0.223 -0.250 -0.293 
-0.345 -0.400 -0.452 -0.500 -0.542 -0.578 -0.608 -0.633 -0.652 -0.668 
-0.680 -0.689 -0.697 -0.706 -0.717 -0.731 -0.750 -0.774 -0.804 -0.838 
-0.876 -0.917 -0.962 -1.009 -1.058 -1.108 -1.158 -1.209 -1.259 -1.308 
-1.355 -1.401 -1.445 -1.487 -1.527 -1.564 -1.600 -1.633 -1.663 -1.692 
-1.729 
-1.984 -2.041 -2.061 -2.078 -2.093 -2.105 -2.115 -2.122 -2.126 -2.129 
-2.129 -2.126 -2.121 -2.113 -2.103 -2.090 -2.075 -2.057 -2.036 -2.012 
-1.985 -1.955 -1.921 -1.884 -1.843 -1.798 -1.749 -1.695 -1.636 -1.571 
-1.500 -1.422 -1.335 -1.240 -1.133 -1.015 -0.884 -0.741 -0.592 -0.450 
-0.343 -0.295 -0.309 -0.360 -0.418 -0.474 -0.529 -0.587 -0.646 -0.704 
-0.757 -0.803 -0.842 -0.872 -0.894 -0.907 -0.913 -0.912 -0.904 -0.891 
-0.873 -0.854 -0.836 -0.823 -0.820 -0.831 -0.856 -0.895 -0.945 -1.003 
-1.064 -1.126 -1.188 -1.248 -1.309 -1.368 -1.426 -1.484 -1.540 -1.594 
-1.646 -1.696 -1.743 -1.787 -1.829 -1.867 -1.903 -1.936 -1.967 -1.994 
-1.980 
-1.916 -1.929 -1.955 -1.979 -1.999 -2.017 -2.033 -2.046 -2.056 -2.064 
-2.069 -2.072 -2.073 -2.070 -2.066 -2.059 -2.049 -2.037 -2.022 -2.004 
-1.984 -1.961 -1.935 -1.906 -1.873 -1.838 -1.799 -1.756 -1.709 -1.658 
-1.602 -1.542 -1.476 -1.404 -1.326 -1.239 -1.144 -1.040 -0.926 -0.807 
-0.696 -0.606 -0.537 -0.481 -0.443 -0.440 -0.476 -0.541 -0.618 -0.696 
-0.768 -0.830 -0.884 -0.929 -0.966 -0.995 -1.018 -1.035 -1.046 -1.053 
-1.056 -1.056 -1.054 -1.051 -1.050 -1.050 -1.053 -1.058 -1.065 -1.073 
-1.083 -1.095 -1.113 -1.137 -1.168 -1.206 -1.250 -1.299 -1.351 -1.406 
-1.461 -1.515 -1.568 -1.619 -1.667 -1.713 -1.757 -1.797 -1.834 -1.869 
-1.904 
-1.898 -1.905 -1.919 -1.930 -1.940 -1.947 -1.952 -1.955 -1.955 -1.954 
-1.950 -1.944 -1.936 -1.926 -1.914 -1.899 -1.882 -1.863 -1.842 -1.818 
-1.791 -1.762 -1.730 -1.696 -1.659 -1.619 -1.576 -1.530 -1.481 -1.428 
-1.373 -1.314 -1.252 -1.186 -1.118 -1.048 -0.977 -0.907 -0.841 -0.782 
-0.733 -0.693 -0.660 -0.635 -0.619 -0.618 -0.633 -0.657 -0.685 -0.712 
-0.737 -0.759 -0.779 -0.796 -0.811 -0.824 -0.836 -0.847 -0.858 -0.870 
-0.884 -0.899 -0.917 -0.939 -0.963 -0.991 -1.022 -1.056 -1.093 -1.131 
-1.170 -1.210 -1.252 -1.294 -1.338 -1.382 -1.427 -1.471 -1.516 -1.558 
-1.600 -1.639 -1.676 -1.711 -1.744 -1.774 -1.802 -1.827 -1.850 -1.871 
-1.893 
-2.003 -2.025 -2.039 -2.051 -2.061 -2.068 -2.072 -2.075 -2.075 -2.072 
-2.068 -2.061 -2.052 -2.040 -2.025 -2.009 -1.989 -1.967 -1.942 -1.915 
-1.884 -1.850 -1.813 -1.773 -1.729 -1.681 -1.629 -1.573 -1.512 -1.447 
-1.376 -1.299 -1.217 -1.129 -1.037 -0.942 -0.847 -0.757 -0.682 -0.630 
-0.605 -0.607 -0.630 -0.667 -0.709 -0.753 -0.796 -0.837 -0.873 -0.906 
-0.934 -0.957 -0.975 -0.989 -0.999 -1.005 -1.007 -1.006 -1.002 -0.997 
-0.990 -0.984 -0.980 -0.978 -0.981 -0.991 -1.008 -1.034 -1.068 -1.111 
-1.160 -1.214 -1.271 -1.330 -1.389 -1.446 -1.502 -1.556 -1.608 -1.656 
-1.702 -1.745 -1.785 -1.822 -1.857 -1.889 -1.918 -1.944 -1.968 -1.990 
-1.997 
-1.999 -2.021 -2.041 -2.058 -2.073 -2.085 -2.096 -2.103 -2.109 -2.112 
-2.113 -2.112 -2.108 -2.102 -2.093 -2.082 -2.068 -2.053 -2.034 -2.013 
-1.989 -1.962 -1.932 -1.900 -1.864 -1.825 -1.782 -1.736 -1.686 -1.631 
-1.573 -1.510 -1.442 -1.370 -1.293 -1.212 -1.128 -1.044 -0.965 -0.893 
-0.833 -0.786 -0.750 -0.727 -0.716 -0.720 -0.738 -0.767 -0.803 -0.841 
-0.877 -0.909 -0.937 -0.959 -0.976 -0.987 -0.992 -0.992 -0.987 -0.978 
-0.965 -0.949 -0.932 -0.916 -0.902 -0.895 -0.895 -0.907 -0.931 -0.967 
-1.014 -1.070 -1.132 -1.197 -1.264 -1.330 -1.394 -1.456 -1.516 -1.572 
-1.626 -1.676 -1.723 -1.768 -1.809 -1.847 -1.883 -1.916 -1.946 -1.973 
-1.991 
-1.963 -1.968 -1.989 -2.007 -2.023 -2.037 -2.049 -2.059 -2.067 -2.072 
-2.076 -2.077 -2.076 -2.073 -2.068 -2.060 -2.050 -2.038 -2.023 -2.006 
-1.986 -1.963 -1.938 -1.910 -1.879 -1.845 -1.807 -1.766 -1.721 -1.672 
-1.619 -1.562 -1.499 -1.432 -1.359 -1.282 -1.201 -1.118 -1.034 -0.953 
-0.874 -0.795 -0.719 -0.651 -0.600 -0.574 -0.577 -0.606 -0.654 -0.712 
-0.772 -0.831 -0.886 -0.935 -0.978 -1.016 -1.047 -1.073 -1.095 -1.111 
-1.124 -1.133 -1.140 -1.144 -1.148 -1.153 -1.161 -1.172 -1.188 -1.210 
-1.236 -1.266 -1.300 -1.336 -1.374 -1.414 -1.455 -1.496 -1.537 -1.578 
-1.619 -1.658 -1.697 -1.734 -1.770 -1.804 -1.836 -1.866 -1.895 -1.921 
-1.954 
-2.053 -2.097 -2.119 -2.138 -2.155 -2.170 -2.182 -2.191 -2.198 -2.203 
-2.204 -2.204 -2.200 -2.194 -2.186 -2.175 -2.160 -2.144 -2.124 -2.101 
-2.075 -2.046 -2.013 -1.976 -1.936 -1.892 -1.843 -1.789 -1.731 -1.667 
-1.597 -1.522 -1.440 -1.352 -1.259 -1.164 -1.071 -0.987 -0.919 -0.874 
-0.851 -0.843 -0.845 -0.861 -0.894 -0.938 -0.989 -1.046 -1.105 -1.163 
-1.218 -1.268 -1.311 -1.348 -1.379 -1.404 -1.423 -1.438 -1.447 -1.453 
-1.455 -1.453 -1.449 -1.443 -1.436 -1.428 -1.421 -1.417 -1.415 -1.418 
-1.426 -1.440 -1.459 -1.483 -1.511 -1.543 -1.577 -1.612 -1.648 -1.686 
-1.724 -1.762 -1.801 -1.840 -1.878 -1.915 -1.950 -1.984 -2.016 -2.045 
-2.047 
-1.966 -1.977 -2.010 -2.041 -2.069 -2.095 -2.118 -2.138 -2.155 -2.170 
-2.181 -2.190 -2.196 -2.200 -2.200 -2.198 -2.193 -2.185 -2.174 -2.160 
-2.143 -2.123 -2.099 -2.072 -2.041 -2.006 -1.967 -1.924 -1.875 -1.822 
-1.763 -1.698 -1.627 -1.548 -1.462 -1.369 -1.269 -1.163 -1.053 -0.941 
-0.829 -0.730 -0.663 -0.655 -0.708 -0.805 -0.918 -1.029 -1.131 -1.222 
-1.300 -1.368 -1.427 -1.477 -1.519 -1.554 -1.584 -1.607 -1.625 -1.638 
-1.647 -1.651 -1.652 -1.649 -1.643 -1.635 -1.625 -1.613 -1.601 -1.589 
-1.577 -1.566 -1.555 -1.546 -1.537 -1.531 -1.528 -1.529 -1.535 -1.547 
-1.565 -1.590 -1.621 -1.656 -1.695 -1.736 -1.779 -1.821 -1.862 -1.902 
-1.950 
-2.066 -2.099 -2.123 -2.145 -2.164 -2.181 -2.196 -2.209 -2.219 -2.226 
-2.232 -2.234 -2.235 -2.233 -2.228 -2.221 -2.211 -2.199 -2.184 -2.166 
-2.145 -2.121 -2.094 -2.063 -2.029 -1.991 -1.950 -1.904 -1.854 -1.799 
-1.739 -1.673 -1.601 -1.522 -1.437 -1.345 -1.246 -1.143 -1.038 -0.937 
-0.849 -0.781 -0.741 -0.733 -0.759 -0.824 -0.915 -1.012 -1.102 -1.182 
-1.251 -1.311 -1.362 -1.405 -1.442 -1.472 -1.496 -1.515 -1.529 -1.539 
-1.544 -1.546 -1.545 -1.541 -1.536 -1.529 -1.521 -1.514 -1.509 -1.505 
-1.506 -1.510 -1.519 -1.532 -1.550 -1.573 -1.598 -1.627 -1.658 -1.691 
-1.726 -1.762 -1.800 -1.837 -1.875 -1.911 -1.947 -1.981 -2.014 -2.044 
-2.058 
-2.140 -2.143 -2.159 -2.175 -2.189 -2.202 -2.214 -2.224 -2.233 -2.240 
-2.245 -2.248 -2.249 -2.248 -2.245 -2.240 -2.232 -2.222 -2.209 -2.194 
-2.177 -2.156 -2.132 -2.106 -2.076 -2.043 -2.006 -1.965 -1.920 -1.871 
-1.818 -1.759 -1.695 -1.626 -1.551 -1.471 -1.384 -1.291 -1.192 -1.085 
-0.972 -0.851 -0.728 -0.620 -0.565 -0.589 -0.684 -0.812 -0.944 -1.064 
-1.169 -1.260 -1.339 -1.407 -1.467 -1.519 -1.565 -1.605 -1.640 -1.671 
-1.697 -1.721 -1.741 -1.758 -1.772 -1.784 -1.794 -1.802 -1.809 -1.816 
-1.824 -1.831 -1.840 -1.850 -1.862 -1.874 -1.888 -1.902 -1.917 -1.933 
-1.948 -1.965 -1.982 -1.999 -2.017 -2.035 -2.053 -2.072 -2.090 -2.108 
-2.134 
-2.359 -2.381 -2.387 -2.392 -2.395 -2.396 -2.396 -2.393 -2.388 -2.382 
-2.373 -2.362 -2.349 -2.334 -2.317 -2.297 -2.275 -2.250 -2.223 -2.193 
-2.160 -2.124 -2.086 -2.045 -2.000 -1.952 -1.901 -1.846 -1.788 -1.727 
-1.661 -1.593 -1.521 -1.447 -1.372 -1.298 -1.226 -1.158 -1.099 -1.050 
-1.011 -0.981 -0.955 -0.931 -0.925 -0.956 -1.020 -1.091 -1.157 -1.215 
-1.266 -1.312 -1.353 -1.392 -1.428 -1.461 -1.494 -1.526 -1.557 -1.588 
-1.619 -1.650 -1.681 -1.713 -1.746 -1.779 -1.813 -1.847 -1.881 -1.915 
-1.949 -1.982 -2.013 -2.044 -2.073 -2.101 -2.128 -2.153 -2.177 -2.200 
-2.221 -2.241 -2.261 -2.279 -2.296 -2.312 -2.326 -2.340 -2.352 -2.363 
-2.358 
-2.488 -2.507 -2.517 -2.526 -2.532 -2.536 -2.538 -2.539 -2.536 -2.532 
-2.526 -2.517 -2.507 -2.494 -2.478 -2.461 -2.441 -2.418 -2.393 -2.366 
-2.335 -2.302 -2.266 -2.228 -2.186 -2.140 -2.092 -2.040 -1.984 -1.925 
-1.861 -1.794 -1.724 -1.649 -1.573 -1.494 -1.416 -1.340 -1.270 -1.211 
-1.166 -1.138 -1.129 -1.138 -1.160 -1.191 -1.227 -1.265 -1.302 -1.337 
-1.369 -1.398 -1.424 -1.446 -1.465 -1.482 -1.497 -1.510 -1.522 -1.533 
-1.546 -1.559 -1.575 -1.594 -1.616 -1.642 -1.673 -1.707 -1.744 -1.784 
-1.827 -1.871 -1.916 -1.961 -2.006 -2.050 -2.093 -2.135 -2.175 -2.213 
-2.249 -2.283 -2.315 -2.345 -2.373 -2.398 -2.422 -2.443 -2.462 -2.479 
-2.483 
-2.441 -2.449 -2.460 -2.469 -2.476 -2.481 -2.484 -2.484 -2.483 -2.480 
-2.475 -2.468 -2.459 -2.448 -2.434 -2.419 -2.401 -2.381 -2.359 -2.335 
-2.308 -2.279 -2.248 -2.214 -2.178 -2.139 -2.097 -2.053 -2.007 -1.957 
-1.905 -1.851 -1.795 -1.737 -1.677 -1.617 -1.558 -1.500 -1.446 -1.398 
-1.358 -1.328 -1.309 -1.300 -1.301 -1.309 -1.323 -1.339 -1.358 -1.378 
-1.397 -1.416 -1.434 -1.450 -1.465 -1.479 -1.492 -1.503 -1.515 -1.526 
-1.538 -1.552 -1.568 -1.586 -1.607 -1.632 -1.660 -1.692 -1.726 -1.763 
-1.803 -1.843 -1.885 -1.927 -1.969 -2.010 -2.050 -2.090 -2.128 -2.164 
-2.198 -2.231 -2.262 -2.291 -2.317 -2.342 -2.365 -2.386 -2.405 -2.422 
-2.436 
-2.434 -2.429 -2.434 -2.438 -2.439 -2.439 -2.437 -2.434 -2.428 -2.421 
-2.412 -2.401 -2.389 -2.374 -2.358 -2.340 -2.320 -2.298 -2.274 -2.248 
-2.220 -2.189 -2.157 -2.122 -2.086 -2.047 -2.005 -1.962 -1.916 -1.868 
-1.818 -1.766 -1.712 -1.656 -1.599 -1.541 -1.483 -1.425 -1.371 -1.322 
-1.283 -1.257 -1.243 -1.238 -1.240 -1.248 -1.261 -1.278 -1.299 -1.323 
-1.349 -1.377 -1.405 -1.435 -1.465 -1.495 -1.526 -1.556 -1.587 -1.617 
-1.648 -1.679 -1.710 -1.741 -1.773 -1.805 -1.837 -1.870 -1.903 -1.937 
-1.970 -2.003 -2.036 -2.068 -2.099 -2.130 -2.159 -2.188 -2.215 -2.240 
-2.265 -2.288 -2.309 -2.329 -2.347 -2.364 -2.379 -2.393 -2.404 -2.414 
-2.432 
-2.613 -2.629 -2.640 -2.649 -2.656 -2.662 -2.665 -2.667 -2.666 -2.663 
-2.659 -2.652 -2.643 -2.632 -2.618 -2.603 -2.585 -2.564 -2.541 -2.516 
-2.487 -2.456 -2.423 -2.386 -2.345 -2.302 -2.255 -2.204 -2.148 -2.088 
-2.024 -1.953 -1.878 -1.796 -1.707 -1.613 -1.514 -1.415 -1.322 -1.245 
-1.197 -1.185 -1.208 -1.257 -1.320 -1.386 -1.450 -1.510 -1.565 -1.615 
-1.660 -1.701 -1.738 -1.771 -1.801 -1.828 -1.852 -1.873 -1.892 -1.909 
-1.923 -1.936 -1.948 -1.960 -1.973 -1.988 -2.005 -2.024 -2.047 -2.072 
-2.098 -2.126 -2.155 -2.185 -2.215 -2.245 -2.276 -2.306 -2.336 -2.366 
-2.395 -2.423 -2.450 -2.476 -2.501 -2.524 -2.546 -2.566 -2.584 -2.601 
-2.608 
-2.786 -2.819 -2.834 -2.847 -2.857 -2.864 -2.870 -2.873 -2.874 -2.873 
-2.870 -2.864 -2.856 -2.845 -2.832 -2.817 -2.799 -2.778 -2.755 -2.729 
-2.700 -2.668 -2.633 -2.595 -2.553 -2.507 -2.458 -2.404 -2.346 -2.283 
-2.215 -2.141 -2.061 -1.974 -1.880 -1.779 -1.672 -1.560 -1.450 -1.349 
-1.270 -1.224 -1.218 -1.245 -1.294 -1.354 -1.414 -1.471 -1.522 -1.567 
-1.606 -1.638 -1.664 -1.684 -1.699 -1.710 -1.717 -1.721 -1.722 -1.721 
-1.720 -1.719 -1.721 -1.725 -1.735 -1.752 -1.777 -1.811 -1.853 -1.902 
-1.956 -2.013 -2.073 -2.132 -2.191 -2.248 -2.303 -2.356 -2.406 -2.454 
-2.498 -2.540 -2.580 -2.616 -2.650 -2.682 -2.711 -2.737 -2.762 -2.783 
-2.781 
-2.645 -2.665 -2.676 -2.685 -2.692 -2.697 -2.700 -2.701 -2.700 -2.697 
-2.691 -2.684 -2.674 -2.662 -2.648 -2.632 -2.614 -2.593 -2.570 -2.545 
-2.517 -2.486 -2.453 -2.418 -2.379 -2.338 -2.294 -2.247 -2.198 -2.144 
-2.088 -2.029 -1.966 -1.900 -1.831 -1.759 -1.685 -1.608 -1.532 -1.458 
-1.391 -1.336 -1.297 -1.275 -1.265 -1.265 -1.274 -1.288 -1.305 -1.323 
-1.341 -1.358 -1.374 -1.387 -1.399 -1.410 -1.420 -1.431 -1.444 -1.459 
-1.478 -1.502 -1.530 -1.564 -1.602 -1.646 -1.693 -1.744 -1.797 -1.852 
-1.908 -1.964 -2.019 -2.073 -2.125 -2.176 -2.224 -2.270 -2.314 -2.355 
-2.394 -2.430 -2.464 -2.495 -2.524 -2.551 -2.576 -2.598 -2.618 -2.636 
-2.641 
-2.442 -2.442 -2.451 -2.457 -2.461 -2.464 -2.465 -2.463 -2.460 -2.455 
-2.449 -2.440 -2.429 -2.417 -2.402 -2.386 -2.368 -2.348 -2.325 -2.301 
-2.275 -2.247 -2.216 -2.184 -2.150 -2.114 -2.076 -2.036 -1.994 -1.952 
-1.908 -1.863 -1.818 -1.773 -1.729 -1.686 -1.645 -1.607 -1.573 -1.543 
-1.517 -1.497 -1.482 -1.473 -1.469 -1.471 -1.476 -1.484 -1.494 -1.504 
-1.514 -1.523 -1.531 -1.538 -1.543 -1.548 -1.552 -1.556 -1.560 -1.567 
-1.575 -1.586 -1.600 -1.619 -1.641 -1.666 -1.696 -1.729 -1.765 -1.803 
-1.843 -1.883 -1.925 -1.966 -2.006 -2.046 -2.085 -2.122 -2.157 -2.191 
-2.223 -2.253 -2.281 -2.307 -2.331 -2.353 -2.372 -2.390 -2.406 -2.420 
-2.437 
-2.424 -2.412 -2.411 -2.410 -2.407 -2.402 -2.397 -2.390 -2.382 -2.373 
-2.362 -2.350 -2.337 -2.322 -2.306 -2.289 -2.270 -2.250 -2.228 -2.205 
-2.180 -2.154 -2.126 -2.096 -2.065 -2.033 -1.999 -1.963 -1.926 -1.888 
-1.849 -1.810 -1.769 -1.729 -1.689 -1.651 -1.614 -1.580 -1.550 -1.526 
-1.508 -1.498 -1.498 -1.506 -1.522 -1.542 -1.567 -1.594 -1.623 -1.652 
-1.681 -1.710 -1.738 -1.764 -1.790 -1.813 -1.836 -1.857 -1.877 -1.896 
-1.914 -1.932 -1.950 -1.969 -1.988 -2.009 -2.030 -2.052 -2.075 -2.099 
-2.123 -2.148 -2.172 -2.195 -2.218 -2.240 -2.261 -2.281 -2.299 -2.316 
-2.332 -2.346 -2.358 -2.370 -2.380 -2.388 -2.395 -2.401 -2.406 -2.409 
-2.425 
-2.688 -2.709 -2.719 -2.726 -2.732 -2.735 -2.737 -2.737 -2.734 -2.730 
-2.724 -2.716 -2.706 -2.694 -2.680 -2.664 -2.645 -2.625 -2.602 -2.577 
-2.549 -2.519 -2.486 -2.451 -2.412 -2.370 -2.325 -2.276 -2.224 -2.166 
-2.104 -2.037 -1.963 -1.884 -1.799 -1.712 -1.629 -1.559 -1.507 -1.471 
-1.448 -1.439 -1.446 -1.468 -1.503 -1.546 -1.591 -1.637 -1.681 -1.721 
-1.757 -1.789 -1.816 -1.838 -1.855 -1.868 -1.877 -1.882 -1.886 -1.890 
-1.895 -1.905 -1.920 -1.939 -1.961 -1.985 -2.010 -2.035 -2.062 -2.091 
-2.121 -2.154 -2.188 -2.223 -2.260 -2.297 -2.333 -2.370 -2.405 -2.439 
-2.472 -2.504 -2.533 -2.561 -2.586 -2.610 -2.632 -2.651 -2.669 -2.684 
-2.682 
-2.911 -2.953 -2.962 -2.969 -2.973 -2.975 -2.974 -2.971 -2.966 -2.958 
-2.948 -2.935 -2.920 -2.902 -2.881 -2.857 -2.830 -2.801 -2.768 -2.732 
-2.692 -2.648 -2.600 -2.548 -2.491 -2.429 -2.362 -2.288 -2.207 -2.119 
-2.023 -1.918 -1.805 -1.684 -1.560 -1.441 -1.345 -1.286 -1.274 -1.302 
-1.355 -1.417 -1.480 -1.540 -1.595 -1.644 -1.687 -1.723 -1.751 -1.771 
-1.783 -1.788 -1.786 -1.777 -1.762 -1.742 -1.718 -1.693 -1.671 -1.657 
-1.654 -1.667 -1.698 -1.745 -1.804 -1.870 -1.940 -2.009 -2.077 -2.142 
-2.204 -2.264 -2.321 -2.376 -2.429 -2.479 -2.528 -2.573 -2.617 -2.657 
-2.696 -2.731 -2.765 -2.796 -2.824 -2.850 -2.873 -2.894 -2.912 -2.928 
-2.908 
-2.757 -2.748 -2.758 -2.766 -2.773 -2.777 -2.778 -2.778 -2.775 -2.770 
-2.763 -2.753 -2.741 -2.727 -2.710 -2.691 -2.669 -2.644 -2.617 -2.586 
-2.553 -2.517 -2.477 -2.434 -2.387 -2.336 -2.281 -2.222 -2.159 -2.090 
-2.017 -1.939 -1.857 -1.771 -1.684 -1.599 -1.523 -1.467 -1.435 -1.428 
-1.438 -1.461 -1.492 -1.527 -1.564 -1.602 -1.639 -1.676 -1.710 -1.741 
-1.769 -1.793 -1.813 -1.828 -1.839 -1.845 -1.848 -1.848 -1.847 -1.845 
-1.847 -1.852 -1.863 -1.878 -1.897 -1.920 -1.945 -1.973 -2.004 -2.038 
-2.075 -2.115 -2.156 -2.199 -2.242 -2.285 -2.328 -2.369 -2.409 -2.448 
-2.485 -2.520 -2.552 -2.583 -2.611 -2.637 -2.661 -2.683 -2.703 -2.720 
-2.751 
-2.820 -2.833 -2.836 -2.839 -2.839 -2.837 -2.834 -2.829 -2.822 -2.814 
-2.803 -2.791 -2.777 -2.761 -2.743 -2.723 -2.702 -2.678 -2.653 -2.625 
-2.596 -2.565 -2.531 -2.496 -2.459 -2.419 -2.378 -2.334 -2.287 -2.238 
-2.186 -2.131 -2.073 -2.012 -1.949 -1.884 -1.820 -1.757 -1.698 -1.645 
-1.598 -1.558 -1.527 -1.505 -1.496 -1.500 -1.515 -1.540 -1.572 -1.609 
-1.648 -1.688 -1.728 -1.768 -1.807 -1.845 -1.884 -1.922 -1.959 -1.996 
-2.032 -2.067 -2.101 -2.135 -2.167 -2.200 -2.232 -2.265 -2.299 -2.332 
-2.367 -2.401 -2.435 -2.469 -2.502 -2.534 -2.565 -2.595 -2.623 -2.649 
-2.674 -2.697 -2.719 -2.738 -2.756 -2.772 -2.787 -2.799 -2.810 -2.820 
-2.818 
-2.893 -2.881 -2.877 -2.871 -2.862 -2.852 -2.841 -2.827 -2.812 -2.795 
-2.776 -2.755 -2.733 -2.710 -2.685 -2.658 -2.630 -2.601 -2.571 -2.541 
-2.509 -2.477 -2.445 -2.413 -2.381 -2.349 -2.317 -2.286 -2.255 -2.225 
-2.195 -2.166 -2.138 -2.111 -2.086 -2.062 -2.040 -2.018 -1.995 -1.971 
-1.947 -1.922 -1.899 -1.878 -1.861 -1.848 -1.838 -1.831 -1.824 -1.818 
-1.812 -1.809 -1.808 -1.812 -1.823 -1.840 -1.863 -1.893 -1.928 -1.967 
-2.009 -2.053 -2.101 -2.151 -2.203 -2.256 -2.308 -2.359 -2.408 -2.455 
-2.500 -2.541 -2.580 -2.616 -2.650 -2.681 -2.710 -2.736 -2.760 -2.782 
-2.802 -2.819 -2.834 -2.847 -2.859 -2.868 -2.875 -2.880 -2.883 -2.884 
-2.895 
-3.103 -3.124 -3.125 -3.123 -3.120 -3.114 -3.106 -3.096 -3.083 -3.068 
-3.051 -3.031 -3.009 -2.985 -2.958 -2.929 -2.898 -2.864 -2.827 -2.788 
-2.747 -2.702 -2.655 -2.605 -2.553 -2.497 -2.440 -2.380 -2.318 -2.256 
-2.196 -2.138 -2.087 -2.045 -2.014 -1.996 -1.990 -1.995 -2.009 -2.027 
-2.048 -2.069 -2.087 -2.103 -2.115 -2.122 -2.126 -2.124 -2.119 -2.110 
-2.097 -2.082 -2.064 -2.045 -2.024 -2.003 -1.981 -1.961 -1.944 -1.933 
-1.932 -1.943 -1.969 -2.010 -2.063 -2.125 -2.193 -2.263 -2.335 -2.404 
-2.472 -2.536 -2.596 -2.653 -2.706 -2.755 -2.800 -2.843 -2.881 -2.917 
-2.949 -2.978 -3.005 -3.028 -3.049 -3.067 -3.083 -3.096 -3.106 -3.114 
-3.101 
-3.127 -3.139 -3.141 -3.142 -3.140 -3.135 -3.129 -3.119 -3.108 -3.094 
-3.077 -3.058 -3.037 -3.012 -2.985 -2.956 -2.923 -2.888 -2.849 -2.808 
-2.764 -2.716 -2.666 -2.612 -2.556 -2.497 -2.437 -2.375 -2.313 -2.252 
-2.195 -2.143 -2.098 -2.062 -2.036 -2.021 -2.016 -2.019 -2.028 -2.042 
-2.058 -2.075 -2.091 -2.106 -2.118 -2.127 -2.132 -2.133 -2.129 -2.121 
-2.107 -2.090 -2.067 -2.041 -2.011 -1.980 -1.948 -1.920 -1.898 -1.887 
-1.890 -1.909 -1.945 -1.994 -2.055 -2.122 -2.192 -2.264 -2.334 -2.403 
-2.469 -2.532 -2.591 -2.647 -2.700 -2.749 -2.795 -2.838 -2.877 -2.914 
-2.947 -2.978 -3.005 -3.030 -3.053 -3.072 -3.090 -3.104 -3.117 -3.126 
-3.125 
-3.026 -3.021 -3.028 -3.033 -3.035 -3.036 -3.034 -3.030 -3.023 -3.015 
-3.004 -2.991 -2.975 -2.958 -2.937 -2.915 -2.889 -2.862 -2.831 -2.798 
-2.763 -2.724 -2.683 -2.639 -2.592 -2.543 -2.491 -2.436 -2.380 -2.323 
-2.266 -2.209 -2.154 -2.102 -2.056 -2.015 -1.981 -1.956 -1.939 -1.931 
-1.931 -1.937 -1.947 -1.961 -1.976 -1.991 -2.005 -2.017 -2.027 -2.034 
-2.038 -2.039 -2.036 -2.031 -2.024 -2.015 -2.005 -1.995 -1.987 -1.983 
-1.984 -1.992 -2.008 -2.031 -2.061 -2.098 -2.140 -2.186 -2.236 -2.288 
-2.341 -2.394 -2.446 -2.497 -2.546 -2.593 -2.638 -2.680 -2.720 -2.758 
-2.793 -2.826 -2.856 -2.884 -2.909 -2.932 -2.953 -2.971 -2.987 -3.000 
-3.022 
-3.116 -3.126 -3.135 -3.142 -3.146 -3.148 -3.148 -3.145 -3.140 -3.133 
-3.123 -3.111 -3.097 -3.080 -3.061 -3.039 -3.014 -2.987 -2.957 -2.925 
-2.890 -2.851 -2.810 -2.766 -2.719 -2.668 -2.615 -2.559 -2.500 -2.440 
-2.378 -2.315 -2.254 -2.195 -2.140 -2.092 -2.052 -2.022 -2.002 -1.994 
-1.995 -2.003 -2.018 -2.035 -2.053 -2.071 -2.088 -2.101 -2.111 -2.117 
-2.119 -2.117 -2.110 -2.099 -2.084 -2.066 -2.045 -2.023 -2.003 -1.987 
-1.977 -1.974 -1.981 -1.995 -2.019 -2.053 -2.096 -2.147 -2.203 -2.264 
-2.327 -2.390 -2.453 -2.514 -2.572 -2.628 -2.681 -2.730 -2.777 -2.821 
-2.861 -2.899 -2.933 -2.965 -2.994 -3.021 -3.045 -3.066 -3.085 -3.101 
-3.111 
-3.222 -3.241 -3.242 -3.240 -3.236 -3.230 -3.221 -3.209 -3.195 -3.179 
-3.160 -3.138 -3.113 -3.086 -3.057 -3.024 -2.990 -2.952 -2.913 -2.871 
-2.828 -2.782 -2.736 -2.689 -2.641 -2.593 -2.544 -2.494 -2.443 -2.392 
-2.340 -2.289 -2.241 -2.197 -2.160 -2.131 -2.110 -2.099 -2.096 -2.099 
-2.106 -2.116 -2.126 -2.135 -2.142 -2.144 -2.143 -2.135 -2.123 -2.104 
-2.080 -2.052 -2.019 -1.985 -1.952 -1.920 -1.892 -1.869 -1.855 -1.855 
-1.873 -1.910 -1.965 -2.032 -2.106 -2.184 -2.263 -2.341 -2.417 -2.491 
-2.561 -2.628 -2.691 -2.749 -2.805 -2.856 -2.903 -2.947 -2.987 -3.024 
-3.058 -3.089 -3.116 -3.141 -3.163 -3.182 -3.198 -3.212 -3.223 -3.231 
-3.221 
-3.173 -3.147 -3.136 -3.122 -3.105 -3.086 -3.065 -3.041 -3.014 -2.985 
-2.953 -2.919 -2.882 -2.843 -2.802 -2.758 -2.713 -2.667 -2.619 -2.571 
-2.524 -2.478 -2.435 -2.395 -2.360 -2.329 -2.302 -2.280 -2.261 -2.244 
-2.228 -2.215 -2.204 -2.200 -2.200 -2.205 -2.213 -2.222 -2.229 -2.234 
-2.235 -2.232 -2.225 -2.212 -2.194 -2.170 -2.139 -2.103 -2.062 -2.015 
-1.967 -1.918 -1.873 -1.839 -1.820 -1.819 -1.838 -1.874 -1.923 -1.984 
-2.053 -2.130 -2.211 -2.294 -2.375 -2.453 -2.527 -2.596 -2.660 -2.720 
-2.774 -2.824 -2.870 -2.912 -2.951 -2.985 -3.017 -3.045 -3.070 -3.091 
-3.111 -3.127 -3.140 -3.151 -3.160 -3.165 -3.168 -3.169 -3.167 -3.163 
-3.177 
-3.269 -3.304 -3.302 -3.297 -3.290 -3.280 -3.267 -3.252 -3.234 -3.214 
-3.191 -3.165 -3.136 -3.104 -3.069 -3.031 -2.990 -2.946 -2.899 -2.849 
-2.797 -2.741 -2.683 -2.622 -2.557 -2.490 -2.419 -2.345 -2.268 -2.192 
-2.120 -2.059 -2.014 -1.988 -1.982 -1.993 -2.014 -2.043 -2.075 -2.109 
-2.142 -2.172 -2.196 -2.215 -2.227 -2.231 -2.228 -2.216 -2.197 -2.171 
-2.137 -2.097 -2.053 -2.007 -1.962 -1.924 -1.897 -1.890 -1.907 -1.952 
-2.022 -2.108 -2.201 -2.296 -2.387 -2.473 -2.552 -2.624 -2.690 -2.750 
-2.805 -2.856 -2.902 -2.945 -2.986 -3.023 -3.058 -3.090 -3.120 -3.148 
-3.174 -3.197 -3.218 -3.237 -3.254 -3.268 -3.280 -3.290 -3.297 -3.302 
-3.269 
-3.086 -3.074 -3.081 -3.086 -3.089 -3.089 -3.088 -3.084 -3.078 -3.069 
-3.059 -3.045 -3.030 -3.011 -2.991 -2.967 -2.941 -2.912 -2.880 -2.845 
-2.807 -2.765 -2.721 -2.673 -2.622 -2.568 -2.510 -2.449 -2.385 -2.318 
-2.250 -2.184 -2.120 -2.062 -2.013 -1.974 -1.948 -1.939 -1.948 -1.971 
-2.007 -2.049 -2.095 -2.140 -2.182 -2.220 -2.253 -2.280 -2.302 -2.317 
-2.327 -2.331 -2.330 -2.324 -2.314 -2.303 -2.295 -2.294 -2.305 -2.329 
-2.363 -2.401 -2.439 -2.473 -2.504 -2.531 -2.555 -2.577 -2.598 -2.618 
-2.639 -2.660 -2.683 -2.706 -2.730 -2.754 -2.780 -2.805 -2.831 -2.857 
-2.882 -2.906 -2.930 -2.952 -2.973 -2.993 -3.011 -3.027 -3.042 -3.055 
-3.081 
-3.142 -3.143 -3.140 -3.135 -3.127 -3.117 -3.105 -3.091 -3.074 -3.055 
-3.034 -3.011 -2.985 -2.957 -2.926 -2.893 -2.859 -2.822 -2.783 -2.742 
-2.699 -2.655 -2.611 -2.565 -2.520 -2.475 -2.432 -2.391 -2.353 -2.319 
-2.290 -2.266 -2.246 -2.231 -2.219 -2.211 -2.207 -2.207 -2.214 -2.224 
-2.236 -2.248 -2.259 -2.266 -2.269 -2.268 -2.263 -2.254 -2.241 -2.226 
-2.208 -2.189 -2.170 -2.153 -2.139 -2.131 -2.130 -2.138 -2.155 -2.182 
-2.218 -2.262 -2.311 -2.364 -2.418 -2.472 -2.525 -2.576 -2.624 -2.671 
-2.715 -2.756 -2.795 -2.832 -2.867 -2.900 -2.931 -2.959 -2.986 -3.011 
-3.034 -3.054 -3.073 -3.089 -3.103 -3.116 -3.126 -3.134 -3.139 -3.143 
-3.143 
-3.268 -3.273 -3.269 -3.262 -3.253 -3.241 -3.227 -3.210 -3.190 -3.168 
-3.143 -3.116 -3.085 -3.052 -3.015 -2.975 -2.933 -2.887 -2.837 -2.784 
-2.728 -2.668 -2.606 -2.541 -2.475 -2.409 -2.344 -2.284 -2.231 -2.189 
-2.159 -2.144 -2.142 -2.152 -2.171 -2.197 -2.225 -2.254 -2.282 -2.307 
-2.329 -2.347 -2.360 -2.369 -2.373 -2.373 -2.368 -2.358 -2.344 -2.325 
-2.302 -2.276 -2.247 -2.216 -2.185 -2.156 -2.131 -2.113 -2.106 -2.113 
-2.136 -2.173 -2.224 -2.285 -2.352 -2.422 -2.492 -2.561 -2.627 -2.690 
-2.750 -2.806 -2.859 -2.908 -2.953 -2.995 -3.034 -3.069 -3.101 -3.131 
-3.157 -3.181 -3.201 -3.220 -3.235 -3.248 -3.258 -3.266 -3.272 -3.275 
-3.268 
-3.296 -3.294 -3.288 -3.280 -3.269 -3.256 -3.239 -3.220 -3.198 -3.173 
-3.145 -3.114 -3.080 -3.042 -3.001 -2.956 -2.907 -2.855 -2.798 -2.738 
-2.674 -2.607 -2.537 -2.465 -2.394 -2.326 -2.265 -2.214 -2.177 -2.156 
-2.151 -2.162 -2.185 -2.216 -2.252 -2.290 -2.327 -2.362 -2.394 -2.422 
-2.446 -2.464 -2.478 -2.487 -2.490 -2.488 -2.481 -2.469 -2.451 -2.428 
-2.400 -2.367 -2.329 -2.287 -2.242 -2.196 -2.151 -2.113 -2.086 -2.075 
-2.084 -2.115 -2.164 -2.228 -2.301 -2.378 -2.457 -2.534 -2.608 -2.678 
-2.743 -2.805 -2.862 -2.915 -2.963 -3.008 -3.049 -3.086 -3.120 -3.151 
-3.179 -3.203 -3.224 -3.243 -3.259 -3.272 -3.282 -3.290 -3.295 -3.297 
-3.297 
