IRGRID 64 91
1e+308

0.025 0.03 0.035 0.04 0.045 0.05 0.055 0.06 0.065 0.07
0.075 0.08 0.085 0.09 0.095 0.1 0.11 0.12 0.13 0.14
0.15 0.16 0.17 0.18 0.19 0.2 0.21 0.22 0.23 0.24
0.25 0.26 0.27 0.28 0.29 0.3 0.31 0.32 0.33 0.34
0.35 0.36 0.37 0.38 0.39 0.4 0.41 0.42 0.43 0.44
0.45 0.46 0.47 0.48 0.49 0.5 0.51 0.52 0.53 0.54
0.55 0.56 0.57 0.58
0 4 8 12 16 20 24 28 32 36
40 44 48 52 56 60 64 68 72 76
80 84 88 92 96 100 104 108 112 116
120 124 128 132 136 140 144 148 152 156
160 164 168 172 176 180 184 188 192 196
200 204 208 212 216 220 224 228 232 236
240 244 248 252 256 260 264 268 272 276
280 284 288 292 296 300 304 308 312 316
320 324 328 332 336 340 344 348 352 356
360
-4.000 -4.000 -4.000 -4.000 -4.000 -4.000 -4.000 -4.000 -4.000 -4.000 
-4.000 -4.000 -4.000 -4.000 -4.000 -4.000 -4.000 -4.000 -4.000 -4.000 
-4.000 -4.000 -4.000 -3.977 -3.953 -3.932 -3.916 -3.905 -3.898 -3.896 
-3.896 -3.897 -3.899 -3.900 -3.899 -3.896 -3.889 -3.880 -3.867 -3.851 
-3.832 -3.811 -3.787 -3.760 -3.733 -3.706 -3.680 -3.656 -3.636 -3.619 
-3.606 -3.596 -3.588 -3.583 -3.582 -3.592 -3.617 -3.659 -3.716 -3.783 
-3.855 -3.927 -3.997 -4.000 -4.000 -4.000 -4.000 -4.000 -4.000 -4.000 
-4.000 -4.000 -4.000 -4.000 -4.000 -4.000 -4.000 -4.000 -4.000 -4.000 
-4.000 -4.000 -4.000 -4.000 -4.000 -4.000 -4.000 -4.000 -4.000 -4.000 
-4.000 
-3.868 -3.957 -3.959 -3.958 -3.954 -3.948 -3.938 -3.927 -3.912 -3.895 
-3.876 -3.854 -3.830 -3.803 -3.774 -3.743 -3.710 -3.675 -3.638 -3.601 
-3.563 -3.525 -3.488 -3.454 -3.424 -3.400 -3.382 -3.372 -3.368 -3.371 
-3.379 -3.391 -3.405 -3.420 -3.434 -3.448 -3.461 -3.471 -3.478 -3.482 
-3.483 -3.480 -3.473 -3.462 -3.446 -3.426 -3.402 -3.373 -3.339 -3.301 
-3.258 -3.213 -3.166 -3.123 -3.088 -3.068 -3.066 -3.081 -3.109 -3.140 
-3.165 -3.177 -3.172 -3.152 -3.120 -3.082 -3.048 -3.027 -3.029 -3.055 
-3.104 -3.168 -3.240 -3.314 -3.387 -3.456 -3.520 -3.580 -3.634 -3.683 
-3.727 -3.767 -3.802 -3.833 -3.861 -3.884 -3.905 -3.921 -3.935 -3.945 
-3.869 
-3.268 -3.260 -3.268 -3.274 -3.277 -3.278 -3.276 -3.272 -3.266 -3.257 
-3.247 -3.234 -3.219 -3.203 -3.185 -3.165 -3.145 -3.123 -3.100 -3.077 
-3.054 -3.031 -3.008 -2.986 -2.966 -2.946 -2.928 -2.912 -2.897 -2.884 
-2.874 -2.866 -2.863 -2.863 -2.867 -2.876 -2.887 -2.901 -2.916 -2.932 
-2.946 -2.959 -2.969 -2.977 -2.982 -2.984 -2.983 -2.978 -2.970 -2.957 
-2.941 -2.921 -2.896 -2.868 -2.837 -2.803 -2.765 -2.725 -2.679 -2.627 
-2.569 -2.505 -2.436 -2.365 -2.295 -2.234 -2.190 -2.170 -2.178 -2.213 
-2.269 -2.339 -2.417 -2.498 -2.577 -2.653 -2.724 -2.790 -2.851 -2.906 
-2.957 -3.004 -3.046 -3.083 -3.117 -3.147 -3.174 -3.197 -3.217 -3.235 
-3.263 
-3.180 -3.181 -3.189 -3.195 -3.197 -3.196 -3.192 -3.184 -3.174 -3.160 
-3.142 -3.120 -3.093 -3.062 -3.025 -2.982 -2.933 -2.880 -2.828 -2.785 
-2.760 -2.751 -2.748 -2.740 -2.723 -2.697 -2.664 -2.627 -2.588 -2.549 
-2.514 -2.485 -2.463 -2.449 -2.445 -2.449 -2.461 -2.479 -2.500 -2.524 
-2.548 -2.572 -2.594 -2.614 -2.631 -2.644 -2.654 -2.660 -2.662 -2.659 
-2.652 -2.641 -2.624 -2.603 -2.576 -2.544 -2.506 -2.462 -2.411 -2.353 
-2.289 -2.220 -2.145 -2.070 -2.000 -1.942 -1.904 -1.886 -1.876 -1.895 
-1.998 -2.129 -2.248 -2.354 -2.450 -2.536 -2.615 -2.687 -2.752 -2.811 
-2.865 -2.913 -2.957 -2.997 -3.033 -3.064 -3.092 -3.117 -3.138 -3.155 
-3.175 
-3.161 -3.197 -3.201 -3.201 -3.195 -3.184 -3.167 -3.145 -3.116 -3.081 
-3.038 -2.988 -2.929 -2.861 -2.784 -2.698 -2.607 -2.516 -2.438 -2.388 
-2.380 -2.417 -2.487 -2.573 -2.659 -2.737 -2.800 -2.848 -2.882 -2.902 
-2.912 -2.914 -2.912 -2.909 -2.904 -2.900 -2.897 -2.895 -2.896 -2.900 
-2.910 -2.926 -2.947 -2.971 -2.996 -3.020 -3.041 -3.059 -3.073 -3.081 
-3.084 -3.082 -3.074 -3.060 -3.040 -3.013 -2.980 -2.940 -2.891 -2.835 
-2.769 -2.694 -2.608 -2.511 -2.400 -2.271 -2.114 -1.920 -1.730 -1.652 
-1.761 -1.973 -2.187 -2.363 -2.503 -2.614 -2.703 -2.775 -2.834 -2.883 
-2.926 -2.963 -2.998 -3.030 -3.060 -3.089 -3.115 -3.139 -3.159 -3.176 
-3.161 
-2.841 -2.875 -2.905 -2.933 -2.957 -2.979 -2.997 -3.012 -3.024 -3.032 
-3.036 -3.036 -3.030 -3.019 -3.002 -2.977 -2.944 -2.906 -2.867 -2.836 
-2.826 -2.837 -2.858 -2.877 -2.889 -2.890 -2.881 -2.864 -2.841 -2.811 
-2.776 -2.736 -2.693 -2.647 -2.600 -2.553 -2.508 -2.469 -2.437 -2.417 
-2.409 -2.414 -2.429 -2.453 -2.481 -2.512 -2.542 -2.570 -2.595 -2.616 
-2.632 -2.645 -2.653 -2.657 -2.657 -2.653 -2.645 -2.634 -2.618 -2.600 
-2.578 -2.552 -2.523 -2.491 -2.455 -2.413 -2.360 -2.285 -2.183 -2.122 
-2.193 -2.288 -2.353 -2.398 -2.430 -2.455 -2.474 -2.490 -2.503 -2.517 
-2.533 -2.551 -2.574 -2.601 -2.631 -2.665 -2.700 -2.737 -2.773 -2.809 
-2.830 
-2.619 -2.626 -2.652 -2.676 -2.697 -2.717 -2.734 -2.749 -2.762 -2.773 
-2.782 -2.790 -2.795 -2.798 -2.800 -2.800 -2.798 -2.794 -2.789 -2.782 
-2.773 -2.763 -2.751 -2.738 -2.724 -2.708 -2.690 -2.672 -2.652 -2.631 
-2.608 -2.585 -2.560 -2.535 -2.509 -2.483 -2.457 -2.431 -2.407 -2.384 
-2.363 -2.344 -2.327 -2.309 -2.292 -2.273 -2.253 -2.231 -2.207 -2.179 
-2.147 -2.111 -2.070 -2.022 -1.968 -1.909 -1.847 -1.788 -1.739 -1.704 
-1.684 -1.674 -1.669 -1.663 -1.656 -1.649 -1.641 -1.637 -1.638 -1.646 
-1.663 -1.690 -1.726 -1.772 -1.824 -1.881 -1.940 -2.001 -2.060 -2.118 
-2.174 -2.228 -2.279 -2.327 -2.373 -2.417 -2.458 -2.496 -2.532 -2.566 
-2.609 
-2.577 -2.633 -2.662 -2.688 -2.710 -2.730 -2.746 -2.759 -2.770 -2.778 
-2.783 -2.786 -2.786 -2.785 -2.781 -2.776 -2.768 -2.759 -2.749 -2.738 
-2.725 -2.712 -2.698 -2.684 -2.669 -2.654 -2.640 -2.625 -2.610 -2.596 
-2.581 -2.566 -2.550 -2.534 -2.518 -2.500 -2.480 -2.460 -2.437 -2.412 
-2.384 -2.354 -2.320 -2.282 -2.241 -2.195 -2.143 -2.086 -2.023 -1.953 
-1.876 -1.791 -1.699 -1.599 -1.495 -1.388 -1.286 -1.195 -1.122 -1.075 
-1.057 -1.068 -1.101 -1.144 -1.188 -1.228 -1.262 -1.290 -1.317 -1.343 
-1.374 -1.410 -1.456 -1.512 -1.577 -1.651 -1.729 -1.811 -1.892 -1.973 
-2.051 -2.125 -2.195 -2.261 -2.322 -2.379 -2.432 -2.480 -2.524 -2.564 
-2.565 
-2.309 -2.304 -2.308 -2.309 -2.308 -2.305 -2.300 -2.293 -2.284 -2.273 
-2.261 -2.247 -2.231 -2.213 -2.195 -2.175 -2.154 -2.131 -2.109 -2.085 
-2.061 -2.038 -2.014 -1.992 -1.971 -1.951 -1.934 -1.919 -1.907 -1.897 
-1.889 -1.884 -1.879 -1.876 -1.873 -1.869 -1.865 -1.860 -1.853 -1.845 
-1.834 -1.821 -1.806 -1.787 -1.765 -1.740 -1.710 -1.676 -1.637 -1.593 
-1.542 -1.485 -1.421 -1.349 -1.270 -1.182 -1.089 -0.994 -0.904 -0.832 
-0.788 -0.777 -0.786 -0.783 -0.785 -0.877 -1.032 -1.178 -1.300 -1.402 
-1.489 -1.566 -1.637 -1.703 -1.767 -1.828 -1.886 -1.940 -1.990 -2.036 
-2.078 -2.116 -2.149 -2.179 -2.205 -2.228 -2.248 -2.264 -2.278 -2.289 
-2.307 
-2.148 -2.168 -2.170 -2.169 -2.165 -2.160 -2.152 -2.141 -2.128 -2.113 
-2.096 -2.076 -2.054 -2.030 -2.004 -1.976 -1.947 -1.915 -1.883 -1.849 
-1.815 -1.781 -1.748 -1.716 -1.688 -1.663 -1.642 -1.626 -1.617 -1.612 
-1.613 -1.619 -1.627 -1.638 -1.651 -1.663 -1.675 -1.686 -1.695 -1.702 
-1.706 -1.707 -1.706 -1.700 -1.691 -1.678 -1.660 -1.638 -1.611 -1.579 
-1.541 -1.496 -1.444 -1.383 -1.314 -1.233 -1.142 -1.037 -0.922 -0.800 
-0.683 -0.581 -0.476 -0.357 -0.291 -0.361 -0.542 -0.752 -0.944 -1.106 
-1.244 -1.361 -1.464 -1.553 -1.632 -1.703 -1.766 -1.822 -1.872 -1.917 
-1.958 -1.994 -2.026 -2.055 -2.079 -2.101 -2.119 -2.135 -2.147 -2.157 
-2.147 
-1.940 -1.929 -1.931 -1.931 -1.929 -1.926 -1.920 -1.912 -1.903 -1.892 
-1.879 -1.865 -1.849 -1.832 -1.814 -1.795 -1.775 -1.755 -1.734 -1.713 
-1.692 -1.671 -1.651 -1.632 -1.614 -1.598 -1.583 -1.570 -1.559 -1.550 
-1.543 -1.536 -1.531 -1.526 -1.521 -1.516 -1.510 -1.503 -1.494 -1.484 
-1.472 -1.457 -1.441 -1.421 -1.398 -1.371 -1.340 -1.305 -1.265 -1.220 
-1.168 -1.108 -1.041 -0.964 -0.875 -0.773 -0.655 -0.519 -0.361 -0.180 
0.019 0.058 -0.109 -0.264 -0.391 -0.535 -0.695 -0.843 -0.971 -1.082 
-1.180 -1.266 -1.344 -1.413 -1.476 -1.533 -1.584 -1.631 -1.673 -1.711 
-1.745 -1.776 -1.804 -1.828 -1.850 -1.869 -1.885 -1.899 -1.910 -1.919 
-1.939 
-1.861 -1.897 -1.908 -1.916 -1.923 -1.928 -1.931 -1.933 -1.933 -1.931 
-1.928 -1.923 -1.917 -1.909 -1.900 -1.890 -1.878 -1.866 -1.852 -1.837 
-1.822 -1.806 -1.789 -1.772 -1.754 -1.736 -1.718 -1.699 -1.681 -1.662 
-1.643 -1.623 -1.604 -1.584 -1.563 -1.542 -1.520 -1.498 -1.474 -1.449 
-1.422 -1.394 -1.364 -1.331 -1.295 -1.257 -1.215 -1.168 -1.117 -1.060 
-0.996 -0.925 -0.844 -0.752 -0.646 -0.523 -0.375 -0.197 0.025 0.293 
0.523 0.546 0.320 0.021 -0.232 -0.433 -0.598 -0.738 -0.859 -0.966 
-1.060 -1.145 -1.222 -1.292 -1.355 -1.414 -1.467 -1.517 -1.562 -1.604 
-1.643 -1.678 -1.711 -1.741 -1.768 -1.793 -1.816 -1.836 -1.855 -1.871 
-1.858 
-1.597 -1.618 -1.645 -1.669 -1.690 -1.708 -1.724 -1.738 -1.750 -1.761 
-1.769 -1.776 -1.782 -1.786 -1.789 -1.790 -1.789 -1.788 -1.785 -1.780 
-1.775 -1.768 -1.759 -1.750 -1.739 -1.726 -1.713 -1.698 -1.681 -1.664 
-1.645 -1.624 -1.602 -1.579 -1.554 -1.527 -1.499 -1.469 -1.437 -1.403 
-1.367 -1.328 -1.287 -1.243 -1.195 -1.144 -1.090 -1.031 -0.967 -0.897 
-0.822 -0.738 -0.646 -0.543 -0.429 -0.299 -0.154 0.008 0.178 0.348 
0.625 0.518 0.266 0.071 -0.101 -0.253 -0.385 -0.501 -0.604 -0.695 
-0.776 -0.848 -0.912 -0.968 -1.017 -1.057 -1.089 -1.110 -1.121 -1.122 
-1.116 -1.116 -1.137 -1.187 -1.256 -1.330 -1.399 -1.458 -1.508 -1.550 
-1.590 
-1.508 -1.561 -1.629 -1.689 -1.740 -1.784 -1.823 -1.856 -1.884 -1.910 
-1.932 -1.952 -1.970 -1.986 -2.001 -2.015 -2.029 -2.041 -2.053 -2.063 
-2.073 -2.081 -2.088 -2.094 -2.098 -2.100 -2.101 -2.099 -2.096 -2.090 
-2.083 -2.073 -2.061 -2.047 -2.031 -2.012 -1.990 -1.966 -1.940 -1.910 
-1.878 -1.842 -1.803 -1.761 -1.715 -1.665 -1.610 -1.550 -1.485 -1.413 
-1.334 -1.246 -1.148 -1.038 -0.913 -0.768 -0.595 -0.380 -0.082 0.487 
0.927 0.803 0.631 0.167 -0.188 -0.406 -0.561 -0.677 -0.767 -0.836 
-0.888 -0.924 -0.946 -0.954 -0.947 -0.927 -0.893 -0.845 -0.786 -0.721 
-0.663 -0.628 -0.637 -0.698 -0.800 -0.924 -1.054 -1.178 -1.292 -1.393 
-1.471 
-1.534 -1.543 -1.554 -1.561 -1.565 -1.568 -1.569 -1.570 -1.570 -1.571 
-1.573 -1.576 -1.580 -1.586 -1.593 -1.603 -1.613 -1.625 -1.639 -1.653 
-1.667 -1.682 -1.697 -1.712 -1.726 -1.740 -1.752 -1.763 -1.773 -1.781 
-1.787 -1.792 -1.794 -1.795 -1.793 -1.789 -1.782 -1.773 -1.761 -1.747 
-1.729 -1.709 -1.685 -1.657 -1.626 -1.591 -1.551 -1.506 -1.456 -1.400 
-1.338 -1.267 -1.187 -1.097 -0.993 -0.872 -0.729 -0.554 -0.330 -0.013 
0.563 1.064 1.069 0.763 0.280 -0.089 -0.330 -0.504 -0.638 -0.742 
-0.824 -0.888 -0.938 -0.976 -1.004 -1.027 -1.046 -1.063 -1.077 -1.087 
-1.091 -1.099 -1.126 -1.178 -1.248 -1.320 -1.384 -1.435 -1.475 -1.505 
-1.535 
-1.519 -1.610 -1.653 -1.691 -1.727 -1.759 -1.788 -1.814 -1.838 -1.859 
-1.879 -1.897 -1.915 -1.931 -1.946 -1.960 -1.973 -1.986 -1.998 -2.009 
-2.018 -2.027 -2.034 -2.039 -2.043 -2.045 -2.045 -2.043 -2.038 -2.032 
-2.023 -2.012 -1.998 -1.981 -1.962 -1.940 -1.915 -1.888 -1.856 -1.822 
-1.784 -1.742 -1.696 -1.646 -1.591 -1.531 -1.465 -1.393 -1.314 -1.226 
-1.129 -1.021 -0.899 -0.759 -0.598 -0.408 -0.180 0.088 0.344 0.490 
0.987 1.429 1.131 0.545 0.152 -0.071 -0.220 -0.326 -0.404 -0.461 
-0.502 -0.531 -0.551 -0.565 -0.578 -0.594 -0.619 -0.657 -0.710 -0.778 
-0.855 -0.939 -1.023 -1.107 -1.186 -1.261 -1.331 -1.397 -1.457 -1.512 
-1.506 
-1.164 -1.174 -1.213 -1.250 -1.286 -1.319 -1.351 -1.380 -1.408 -1.434 
-1.457 -1.479 -1.498 -1.516 -1.531 -1.545 -1.556 -1.565 -1.573 -1.578 
-1.582 -1.583 -1.582 -1.579 -1.575 -1.568 -1.559 -1.547 -1.534 -1.518 
-1.500 -1.479 -1.456 -1.431 -1.403 -1.372 -1.338 -1.301 -1.261 -1.218 
-1.171 -1.120 -1.066 -1.006 -0.942 -0.873 -0.798 -0.717 -0.629 -0.532 
-0.427 -0.311 -0.182 -0.037 0.128 0.322 0.553 0.805 0.993 1.006 
0.873 1.009 0.588 0.351 0.209 0.102 0.016 -0.056 -0.120 -0.176 
-0.227 -0.273 -0.317 -0.359 -0.399 -0.438 -0.479 -0.521 -0.565 -0.612 
-0.660 -0.709 -0.759 -0.808 -0.857 -0.906 -0.954 -1.000 -1.046 -1.090 
-1.147 
-1.210 -1.238 -1.273 -1.305 -1.335 -1.363 -1.389 -1.412 -1.434 -1.453 
-1.470 -1.485 -1.498 -1.508 -1.517 -1.524 -1.528 -1.531 -1.532 -1.530 
-1.527 -1.521 -1.513 -1.503 -1.491 -1.477 -1.461 -1.442 -1.421 -1.398 
-1.372 -1.343 -1.313 -1.279 -1.242 -1.203 -1.160 -1.115 -1.065 -1.013 
-0.956 -0.895 -0.830 -0.760 -0.685 -0.604 -0.518 -0.424 -0.324 -0.216 
-0.101 0.020 0.143 0.261 0.361 0.440 0.506 0.578 0.654 0.647 
0.556 0.470 0.400 0.342 0.288 0.237 0.186 0.132 0.076 0.017 
-0.045 -0.109 -0.176 -0.243 -0.312 -0.380 -0.448 -0.514 -0.579 -0.643 
-0.705 -0.764 -0.822 -0.877 -0.930 -0.981 -1.030 -1.076 -1.120 -1.162 
-1.197 
-1.409 -1.446 -1.476 -1.505 -1.530 -1.554 -1.574 -1.593 -1.609 -1.623 
-1.635 -1.645 -1.653 -1.658 -1.661 -1.663 -1.662 -1.659 -1.653 -1.646 
-1.636 -1.625 -1.611 -1.594 -1.576 -1.555 -1.531 -1.506 -1.477 -1.446 
-1.412 -1.375 -1.335 -1.292 -1.246 -1.196 -1.142 -1.084 -1.022 -0.955 
-0.884 -0.807 -0.724 -0.635 -0.539 -0.435 -0.323 -0.203 -0.074 0.063 
0.206 0.352 0.489 0.604 0.677 0.700 0.682 0.639 0.588 0.537 
0.490 0.447 0.407 0.368 0.327 0.282 0.228 0.164 0.090 0.008 
-0.080 -0.172 -0.265 -0.357 -0.447 -0.534 -0.618 -0.698 -0.775 -0.847 
-0.916 -0.980 -1.042 -1.099 -1.153 -1.204 -1.252 -1.296 -1.338 -1.377 
-1.398 
-1.534 -1.560 -1.585 -1.607 -1.626 -1.644 -1.659 -1.672 -1.682 -1.691 
-1.697 -1.701 -1.703 -1.703 -1.701 -1.697 -1.690 -1.682 -1.671 -1.658 
-1.643 -1.626 -1.606 -1.584 -1.560 -1.533 -1.504 -1.471 -1.437 -1.399 
-1.358 -1.315 -1.268 -1.217 -1.163 -1.106 -1.044 -0.977 -0.907 -0.831 
-0.750 -0.663 -0.570 -0.470 -0.363 -0.249 -0.126 0.004 0.138 0.268 
0.371 0.443 0.498 0.539 0.561 0.558 0.536 0.502 0.462 0.419 
0.371 0.320 0.262 0.200 0.134 0.065 -0.006 -0.077 -0.149 -0.223 
-0.301 -0.385 -0.475 -0.566 -0.655 -0.742 -0.823 -0.900 -0.972 -1.039 
-1.102 -1.161 -1.215 -1.266 -1.314 -1.358 -1.399 -1.436 -1.471 -1.504 
-1.526 
-1.560 -1.592 -1.624 -1.652 -1.678 -1.701 -1.722 -1.740 -1.756 -1.769 
-1.780 -1.788 -1.794 -1.798 -1.800 -1.799 -1.796 -1.790 -1.783 -1.773 
-1.760 -1.745 -1.728 -1.708 -1.686 -1.661 -1.633 -1.603 -1.569 -1.532 
-1.492 -1.449 -1.402 -1.351 -1.296 -1.236 -1.172 -1.102 -1.026 -0.944 
-0.854 -0.756 -0.648 -0.529 -0.396 -0.248 -0.083 0.097 0.279 0.426 
0.493 0.470 0.393 0.305 0.228 0.162 0.107 0.061 0.022 -0.011 
-0.038 -0.059 -0.074 -0.082 -0.081 -0.072 -0.058 -0.042 -0.035 -0.044 
-0.079 -0.141 -0.226 -0.326 -0.434 -0.541 -0.646 -0.746 -0.839 -0.926 
-1.008 -1.083 -1.153 -1.219 -1.279 -1.335 -1.387 -1.435 -1.479 -1.520 
-1.547 
-1.558 -1.570 -1.600 -1.627 -1.652 -1.674 -1.694 -1.712 -1.727 -1.740 
-1.750 -1.758 -1.764 -1.768 -1.769 -1.768 -1.765 -1.760 -1.752 -1.742 
-1.730 -1.715 -1.698 -1.678 -1.656 -1.631 -1.604 -1.574 -1.540 -1.504 
-1.465 -1.422 -1.376 -1.325 -1.271 -1.213 -1.150 -1.081 -1.008 -0.928 
-0.843 -0.750 -0.650 -0.543 -0.429 -0.309 -0.184 -0.058 0.066 0.174 
0.238 0.245 0.216 0.170 0.116 0.064 0.017 -0.022 -0.050 -0.068 
-0.074 -0.069 -0.050 -0.017 0.024 0.048 0.022 -0.034 -0.091 -0.147 
-0.208 -0.280 -0.361 -0.448 -0.538 -0.627 -0.715 -0.799 -0.879 -0.955 
-1.027 -1.095 -1.159 -1.218 -1.274 -1.326 -1.375 -1.420 -1.462 -1.501 
-1.545 
-1.784 -1.825 -1.850 -1.874 -1.894 -1.912 -1.928 -1.941 -1.952 -1.960 
-1.966 -1.970 -1.971 -1.970 -1.967 -1.962 -1.954 -1.944 -1.931 -1.916 
-1.899 -1.879 -1.856 -1.831 -1.803 -1.772 -1.738 -1.701 -1.661 -1.618 
-1.570 -1.519 -1.464 -1.405 -1.341 -1.271 -1.197 -1.117 -1.030 -0.937 
-0.838 -0.732 -0.620 -0.505 -0.390 -0.281 -0.186 -0.109 -0.055 -0.022 
-0.013 -0.028 -0.058 -0.093 -0.124 -0.147 -0.158 -0.154 -0.135 -0.099 
-0.042 0.036 0.137 0.255 0.363 0.410 0.358 0.224 0.055 -0.119 
-0.285 -0.436 -0.573 -0.697 -0.811 -0.914 -1.010 -1.098 -1.180 -1.255 
-1.326 -1.391 -1.451 -1.507 -1.559 -1.607 -1.651 -1.692 -1.730 -1.764 
-1.776 
-1.933 -1.964 -1.992 -2.018 -2.041 -2.061 -2.079 -2.094 -2.107 -2.117 
-2.125 -2.130 -2.133 -2.134 -2.133 -2.129 -2.122 -2.114 -2.103 -2.090 
-2.074 -2.055 -2.034 -2.011 -1.984 -1.955 -1.923 -1.887 -1.849 -1.807 
-1.761 -1.711 -1.658 -1.600 -1.537 -1.469 -1.395 -1.315 -1.228 -1.134 
-1.032 -0.921 -0.801 -0.674 -0.543 -0.413 -0.289 -0.172 -0.066 0.014 
0.044 0.020 -0.039 -0.111 -0.177 -0.230 -0.268 -0.289 -0.293 -0.281 
-0.251 -0.203 -0.136 -0.050 0.045 0.124 0.158 0.150 0.091 -0.026 
-0.184 -0.355 -0.521 -0.674 -0.813 -0.938 -1.052 -1.155 -1.250 -1.336 
-1.415 -1.488 -1.555 -1.617 -1.674 -1.726 -1.775 -1.819 -1.861 -1.898 
-1.922 
-1.920 -1.946 -1.971 -1.993 -2.013 -2.030 -2.044 -2.056 -2.065 -2.072 
-2.077 -2.079 -2.079 -2.077 -2.072 -2.065 -2.056 -2.044 -2.029 -2.013 
-1.993 -1.971 -1.946 -1.919 -1.888 -1.855 -1.818 -1.778 -1.734 -1.687 
-1.636 -1.580 -1.520 -1.455 -1.384 -1.307 -1.224 -1.134 -1.036 -0.929 
-0.814 -0.689 -0.558 -0.426 -0.302 -0.203 -0.143 -0.124 -0.135 -0.160 
-0.197 -0.247 -0.302 -0.353 -0.392 -0.419 -0.433 -0.435 -0.423 -0.400 
-0.364 -0.317 -0.259 -0.196 -0.134 -0.086 -0.067 -0.089 -0.159 -0.273 
-0.409 -0.550 -0.685 -0.811 -0.928 -1.035 -1.133 -1.224 -1.307 -1.383 
-1.454 -1.520 -1.580 -1.635 -1.687 -1.734 -1.778 -1.818 -1.855 -1.888 
-1.911 
-1.876 -1.890 -1.917 -1.941 -1.962 -1.980 -1.996 -2.010 -2.021 -2.030 
-2.037 -2.041 -2.043 -2.042 -2.040 -2.035 -2.028 -2.018 -2.006 -1.992 
-1.975 -1.956 -1.934 -1.910 -1.883 -1.853 -1.821 -1.785 -1.747 -1.705 
-1.660 -1.612 -1.559 -1.504 -1.444 -1.380 -1.311 -1.238 -1.161 -1.079 
-0.992 -0.902 -0.808 -0.713 -0.622 -0.542 -0.484 -0.452 -0.442 -0.447 
-0.461 -0.481 -0.501 -0.520 -0.534 -0.543 -0.545 -0.539 -0.525 -0.503 
-0.472 -0.433 -0.386 -0.333 -0.280 -0.234 -0.207 -0.209 -0.244 -0.311 
-0.404 -0.512 -0.626 -0.741 -0.851 -0.955 -1.053 -1.143 -1.228 -1.306 
-1.378 -1.445 -1.507 -1.565 -1.618 -1.667 -1.713 -1.755 -1.793 -1.829 
-1.865 
-1.982 -2.007 -2.036 -2.062 -2.086 -2.107 -2.125 -2.141 -2.154 -2.165 
-2.174 -2.180 -2.184 -2.186 -2.185 -2.182 -2.177 -2.169 -2.159 -2.147 
-2.132 -2.115 -2.096 -2.073 -2.048 -2.021 -1.990 -1.957 -1.920 -1.881 
-1.838 -1.792 -1.741 -1.687 -1.629 -1.567 -1.500 -1.428 -1.351 -1.268 
-1.180 -1.086 -0.987 -0.884 -0.778 -0.673 -0.574 -0.489 -0.426 -0.390 
-0.382 -0.398 -0.429 -0.466 -0.501 -0.532 -0.554 -0.567 -0.570 -0.564 
-0.547 -0.520 -0.483 -0.439 -0.390 -0.345 -0.314 -0.306 -0.327 -0.377 
-0.456 -0.556 -0.668 -0.784 -0.898 -1.008 -1.111 -1.207 -1.297 -1.380 
-1.457 -1.529 -1.595 -1.657 -1.714 -1.767 -1.815 -1.860 -1.902 -1.940 
-1.971 
-2.194 -2.226 -2.255 -2.281 -2.304 -2.325 -2.343 -2.358 -2.371 -2.382 
-2.390 -2.397 -2.400 -2.402 -2.401 -2.398 -2.393 -2.385 -2.375 -2.363 
-2.348 -2.331 -2.312 -2.289 -2.265 -2.237 -2.207 -2.173 -2.137 -2.098 
-2.055 -2.009 -1.959 -1.905 -1.846 -1.783 -1.716 -1.643 -1.564 -1.478 
-1.386 -1.287 -1.180 -1.064 -0.940 -0.808 -0.669 -0.523 -0.374 -0.274 
-0.281 -0.314 -0.354 -0.399 -0.443 -0.480 -0.508 -0.523 -0.526 -0.515 
-0.490 -0.452 -0.402 -0.344 -0.288 -0.249 -0.245 -0.284 -0.351 -0.410 
-0.432 -0.545 -0.749 -0.929 -1.079 -1.208 -1.322 -1.425 -1.518 -1.603 
-1.681 -1.753 -1.819 -1.880 -1.937 -1.989 -2.037 -2.082 -2.123 -2.160 
-2.184 
-2.381 -2.427 -2.461 -2.493 -2.521 -2.547 -2.569 -2.589 -2.606 -2.621 
-2.633 -2.642 -2.649 -2.654 -2.656 -2.656 -2.654 -2.649 -2.641 -2.631 
-2.619 -2.604 -2.587 -2.567 -2.544 -2.518 -2.490 -2.458 -2.423 -2.385 
-2.344 -2.298 -2.249 -2.195 -2.137 -2.074 -2.005 -1.929 -1.847 -1.756 
-1.656 -1.546 -1.421 -1.281 -1.118 -0.927 -0.696 -0.422 -0.165 -0.045 
-0.124 -0.268 -0.415 -0.560 -0.682 -0.774 -0.842 -0.888 -0.915 -0.926 
-0.920 -0.899 -0.863 -0.813 -0.752 -0.686 -0.616 -0.527 -0.387 -0.195 
-0.053 -0.112 -0.351 -0.635 -0.881 -1.085 -1.257 -1.405 -1.535 -1.650 
-1.753 -1.845 -1.929 -2.006 -2.076 -2.140 -2.198 -2.252 -2.302 -2.347 
-2.369 
-2.342 -2.378 -2.416 -2.450 -2.481 -2.509 -2.535 -2.558 -2.578 -2.595 
-2.610 -2.623 -2.633 -2.641 -2.646 -2.650 -2.650 -2.649 -2.645 -2.639 
-2.630 -2.619 -2.605 -2.589 -2.571 -2.550 -2.526 -2.499 -2.470 -2.437 
-2.401 -2.362 -2.320 -2.273 -2.223 -2.168 -2.108 -2.043 -1.972 -1.895 
-1.810 -1.716 -1.612 -1.496 -1.364 -1.212 -1.034 -0.819 -0.570 -0.363 
-0.236 -0.146 -0.172 -0.296 -0.436 -0.550 -0.638 -0.707 -0.763 -0.807 
-0.838 -0.856 -0.861 -0.853 -0.832 -0.796 -0.745 -0.675 -0.587 -0.480 
-0.386 -0.424 -0.569 -0.732 -0.898 -1.059 -1.208 -1.344 -1.467 -1.579 
-1.681 -1.774 -1.859 -1.937 -2.009 -2.075 -2.136 -2.193 -2.245 -2.293 
-2.328 
-2.213 -2.245 -2.280 -2.312 -2.341 -2.367 -2.391 -2.413 -2.432 -2.449 
-2.464 -2.476 -2.486 -2.494 -2.500 -2.503 -2.505 -2.504 -2.501 -2.496 
-2.488 -2.478 -2.467 -2.452 -2.436 -2.417 -2.395 -2.372 -2.345 -2.316 
-2.284 -2.249 -2.211 -2.170 -2.126 -2.077 -2.026 -1.970 -1.909 -1.844 
-1.774 -1.698 -1.616 -1.526 -1.429 -1.323 -1.206 -1.078 -0.937 -0.785 
-0.628 -0.501 -0.449 -0.427 -0.400 -0.382 -0.385 -0.408 -0.443 -0.482 
-0.519 -0.552 -0.579 -0.602 -0.622 -0.641 -0.662 -0.686 -0.712 -0.742 
-0.780 -0.835 -0.915 -1.010 -1.111 -1.210 -1.306 -1.397 -1.484 -1.567 
-1.645 -1.719 -1.789 -1.854 -1.915 -1.973 -2.026 -2.077 -2.123 -2.167 
-2.200 
-2.146 -2.165 -2.202 -2.236 -2.268 -2.296 -2.322 -2.346 -2.367 -2.385 
-2.401 -2.414 -2.425 -2.434 -2.440 -2.444 -2.446 -2.445 -2.442 -2.437 
-2.429 -2.419 -2.407 -2.392 -2.375 -2.355 -2.332 -2.307 -2.279 -2.248 
-2.214 -2.176 -2.135 -2.091 -2.043 -1.990 -1.934 -1.872 -1.806 -1.733 
-1.654 -1.569 -1.476 -1.374 -1.263 -1.143 -1.013 -0.877 -0.741 -0.620 
-0.533 -0.494 -0.503 -0.541 -0.590 -0.639 -0.689 -0.738 -0.784 -0.824 
-0.856 -0.881 -0.897 -0.905 -0.906 -0.900 -0.887 -0.866 -0.837 -0.805 
-0.791 -0.821 -0.887 -0.964 -1.042 -1.120 -1.200 -1.282 -1.364 -1.446 
-1.525 -1.601 -1.674 -1.744 -1.809 -1.871 -1.929 -1.983 -2.033 -2.080 
-2.130 
-2.270 -2.319 -2.356 -2.390 -2.421 -2.449 -2.475 -2.497 -2.517 -2.535 
-2.550 -2.562 -2.572 -2.580 -2.585 -2.588 -2.589 -2.587 -2.583 -2.577 
-2.568 -2.557 -2.543 -2.527 -2.509 -2.488 -2.464 -2.438 -2.408 -2.376 
-2.341 -2.302 -2.261 -2.215 -2.166 -2.113 -2.056 -1.994 -1.928 -1.856 
-1.778 -1.695 -1.605 -1.509 -1.407 -1.298 -1.184 -1.069 -0.958 -0.859 
-0.786 -0.749 -0.747 -0.772 -0.810 -0.851 -0.889 -0.922 -0.946 -0.960 
-0.963 -0.955 -0.935 -0.902 -0.853 -0.789 -0.707 -0.609 -0.503 -0.410 
-0.368 -0.411 -0.533 -0.697 -0.868 -1.028 -1.174 -1.305 -1.423 -1.531 
-1.630 -1.721 -1.804 -1.881 -1.952 -2.018 -2.078 -2.134 -2.186 -2.234 
-2.258 
-2.289 -2.316 -2.354 -2.389 -2.420 -2.449 -2.475 -2.498 -2.518 -2.536 
-2.551 -2.564 -2.575 -2.583 -2.589 -2.592 -2.593 -2.592 -2.588 -2.583 
-2.575 -2.564 -2.551 -2.536 -2.518 -2.498 -2.475 -2.450 -2.421 -2.390 
-2.356 -2.319 -2.279 -2.236 -2.189 -2.138 -2.083 -2.025 -1.962 -1.894 
-1.822 -1.745 -1.663 -1.576 -1.484 -1.390 -1.294 -1.200 -1.110 -1.029 
-0.962 -0.914 -0.885 -0.875 -0.880 -0.893 -0.911 -0.928 -0.940 -0.947 
-0.945 -0.933 -0.910 -0.876 -0.829 -0.767 -0.692 -0.605 -0.514 -0.436 
-0.399 -0.429 -0.525 -0.666 -0.825 -0.983 -1.132 -1.269 -1.393 -1.507 
-1.610 -1.704 -1.790 -1.870 -1.943 -2.010 -2.072 -2.129 -2.182 -2.230 
-2.274 
-2.321 -2.361 -2.400 -2.435 -2.467 -2.496 -2.522 -2.545 -2.566 -2.583 
-2.598 -2.611 -2.621 -2.628 -2.633 -2.635 -2.635 -2.633 -2.628 -2.621 
-2.611 -2.599 -2.584 -2.567 -2.547 -2.524 -2.499 -2.470 -2.439 -2.405 
-2.367 -2.326 -2.281 -2.233 -2.180 -2.123 -2.062 -1.996 -1.925 -1.849 
-1.767 -1.679 -1.586 -1.488 -1.386 -1.283 -1.184 -1.100 -1.045 -1.027 
-1.035 -1.055 -1.082 -1.112 -1.143 -1.173 -1.199 -1.220 -1.234 -1.241 
-1.239 -1.228 -1.207 -1.175 -1.131 -1.075 -1.006 -0.923 -0.829 -0.733 
-0.651 -0.608 -0.624 -0.701 -0.823 -0.963 -1.107 -1.246 -1.378 -1.500 
-1.611 -1.713 -1.807 -1.892 -1.970 -2.041 -2.106 -2.166 -2.221 -2.272 
-2.307 
-2.332 -2.362 -2.406 -2.446 -2.482 -2.515 -2.544 -2.571 -2.594 -2.615 
-2.632 -2.647 -2.659 -2.669 -2.676 -2.680 -2.682 -2.681 -2.677 -2.671 
-2.663 -2.651 -2.637 -2.621 -2.601 -2.579 -2.553 -2.525 -2.493 -2.458 
-2.419 -2.376 -2.329 -2.278 -2.222 -2.161 -2.094 -2.021 -1.940 -1.852 
-1.755 -1.648 -1.530 -1.399 -1.256 -1.106 -0.959 -0.841 -0.777 -0.783 
-0.853 -0.956 -1.063 -1.160 -1.244 -1.314 -1.370 -1.416 -1.450 -1.474 
-1.489 -1.494 -1.490 -1.477 -1.454 -1.421 -1.377 -1.322 -1.256 -1.178 
-1.095 -1.019 -0.966 -0.942 -0.944 -0.979 -1.050 -1.152 -1.271 -1.395 
-1.515 -1.628 -1.733 -1.830 -1.918 -1.999 -2.074 -2.142 -2.204 -2.261 
-2.314 
-2.465 -2.511 -2.557 -2.599 -2.637 -2.672 -2.703 -2.732 -2.757 -2.779 
-2.798 -2.814 -2.828 -2.839 -2.848 -2.854 -2.857 -2.858 -2.856 -2.851 
-2.844 -2.835 -2.822 -2.807 -2.790 -2.769 -2.746 -2.719 -2.689 -2.656 
-2.619 -2.579 -2.534 -2.486 -2.432 -2.374 -2.310 -2.240 -2.162 -2.078 
-1.984 -1.880 -1.764 -1.634 -1.489 -1.327 -1.153 -0.981 -0.842 -0.778 
-0.804 -0.889 -0.984 -1.081 -1.188 -1.293 -1.382 -1.454 -1.510 -1.552 
-1.582 -1.601 -1.609 -1.607 -1.595 -1.573 -1.541 -1.499 -1.445 -1.381 
-1.306 -1.224 -1.142 -1.073 -1.036 -1.049 -1.118 -1.228 -1.359 -1.493 
-1.622 -1.742 -1.853 -1.955 -2.047 -2.132 -2.210 -2.281 -2.346 -2.406 
-2.448 
-2.598 -2.647 -2.696 -2.742 -2.783 -2.821 -2.855 -2.887 -2.915 -2.940 
-2.962 -2.981 -2.997 -3.011 -3.022 -3.031 -3.037 -3.041 -3.042 -3.040 
-3.036 -3.030 -3.021 -3.009 -2.995 -2.978 -2.958 -2.936 -2.910 -2.881 
-2.849 -2.814 -2.775 -2.732 -2.685 -2.633 -2.577 -2.515 -2.448 -2.373 
-2.291 -2.201 -2.100 -1.987 -1.860 -1.718 -1.559 -1.392 -1.236 -1.123 
-1.045 -0.961 -0.888 -0.886 -0.968 -1.093 -1.220 -1.330 -1.420 -1.490 
-1.543 -1.581 -1.605 -1.616 -1.615 -1.601 -1.576 -1.537 -1.485 -1.419 
-1.338 -1.247 -1.155 -1.080 -1.038 -1.046 -1.113 -1.233 -1.380 -1.533 
-1.679 -1.813 -1.936 -2.047 -2.148 -2.239 -2.323 -2.400 -2.470 -2.534 
-2.580 
-2.661 -2.699 -2.741 -2.780 -2.815 -2.846 -2.874 -2.899 -2.921 -2.941 
-2.957 -2.971 -2.982 -2.991 -2.997 -3.000 -3.001 -2.999 -2.995 -2.988 
-2.978 -2.966 -2.951 -2.934 -2.913 -2.890 -2.864 -2.834 -2.801 -2.765 
-2.725 -2.681 -2.633 -2.580 -2.522 -2.459 -2.389 -2.313 -2.229 -2.137 
-2.034 -1.920 -1.795 -1.657 -1.509 -1.359 -1.212 -1.079 -0.984 -0.961 
-1.006 -1.079 -1.143 -1.215 -1.309 -1.406 -1.489 -1.554 -1.603 -1.637 
-1.658 -1.666 -1.664 -1.649 -1.623 -1.585 -1.533 -1.468 -1.388 -1.293 
-1.188 -1.085 -1.009 -0.991 -1.043 -1.151 -1.290 -1.443 -1.595 -1.736 
-1.865 -1.982 -2.088 -2.183 -2.270 -2.349 -2.421 -2.487 -2.547 -2.603 
-2.645 
-2.689 -2.727 -2.764 -2.798 -2.829 -2.856 -2.880 -2.901 -2.920 -2.936 
-2.948 -2.959 -2.966 -2.971 -2.973 -2.973 -2.970 -2.965 -2.957 -2.946 
-2.933 -2.917 -2.898 -2.876 -2.851 -2.823 -2.792 -2.757 -2.718 -2.676 
-2.630 -2.579 -2.523 -2.462 -2.395 -2.322 -2.241 -2.153 -2.055 -1.948 
-1.829 -1.698 -1.557 -1.413 -1.279 -1.178 -1.126 -1.120 -1.145 -1.200 
-1.286 -1.383 -1.475 -1.555 -1.622 -1.676 -1.718 -1.749 -1.770 -1.782 
-1.784 -1.776 -1.760 -1.734 -1.698 -1.653 -1.597 -1.531 -1.456 -1.376 
-1.296 -1.228 -1.187 -1.193 -1.257 -1.365 -1.494 -1.628 -1.757 -1.877 
-1.988 -2.089 -2.181 -2.266 -2.343 -2.413 -2.478 -2.537 -2.591 -2.640 
-2.675 
-2.629 -2.671 -2.708 -2.741 -2.772 -2.799 -2.824 -2.845 -2.864 -2.880 
-2.894 -2.905 -2.914 -2.920 -2.923 -2.924 -2.923 -2.919 -2.912 -2.904 
-2.892 -2.878 -2.861 -2.842 -2.820 -2.794 -2.766 -2.735 -2.700 -2.662 
-2.620 -2.575 -2.525 -2.470 -2.411 -2.346 -2.275 -2.198 -2.113 -2.021 
-1.919 -1.808 -1.686 -1.556 -1.422 -1.294 -1.187 -1.113 -1.080 -1.091 
-1.136 -1.196 -1.256 -1.311 -1.362 -1.409 -1.451 -1.487 -1.515 -1.533 
-1.542 -1.540 -1.529 -1.507 -1.476 -1.434 -1.384 -1.327 -1.268 -1.215 
-1.180 -1.175 -1.205 -1.268 -1.358 -1.463 -1.574 -1.684 -1.790 -1.890 
-1.985 -2.073 -2.156 -2.233 -2.304 -2.369 -2.430 -2.487 -2.539 -2.586 
-2.617 
-2.525 -2.550 -2.594 -2.635 -2.672 -2.707 -2.738 -2.766 -2.792 -2.815 
-2.835 -2.853 -2.868 -2.880 -2.891 -2.898 -2.904 -2.907 -2.907 -2.906 
-2.902 -2.895 -2.886 -2.875 -2.861 -2.844 -2.825 -2.803 -2.778 -2.751 
-2.720 -2.686 -2.649 -2.608 -2.564 -2.515 -2.462 -2.405 -2.342 -2.273 
-2.198 -2.116 -2.027 -1.928 -1.822 -1.709 -1.592 -1.482 -1.387 -1.310 
-1.252 -1.209 -1.181 -1.169 -1.177 -1.205 -1.247 -1.294 -1.342 -1.384 
-1.419 -1.446 -1.465 -1.474 -1.475 -1.467 -1.450 -1.426 -1.396 -1.362 
-1.330 -1.306 -1.295 -1.302 -1.334 -1.388 -1.458 -1.539 -1.625 -1.715 
-1.804 -1.892 -1.977 -2.058 -2.134 -2.206 -2.274 -2.337 -2.397 -2.452 
-2.506 
-2.614 -2.653 -2.696 -2.737 -2.773 -2.807 -2.837 -2.864 -2.889 -2.910 
-2.929 -2.945 -2.959 -2.970 -2.978 -2.984 -2.988 -2.989 -2.987 -2.983 
-2.977 -2.968 -2.957 -2.943 -2.926 -2.907 -2.885 -2.860 -2.832 -2.801 
-2.767 -2.729 -2.688 -2.643 -2.594 -2.540 -2.481 -2.418 -2.348 -2.273 
-2.190 -2.099 -2.000 -1.890 -1.770 -1.639 -1.498 -1.352 -1.214 -1.105 
-1.051 -1.062 -1.118 -1.192 -1.269 -1.342 -1.408 -1.465 -1.512 -1.550 
-1.577 -1.594 -1.600 -1.596 -1.582 -1.557 -1.522 -1.475 -1.416 -1.347 
-1.270 -1.193 -1.127 -1.091 -1.101 -1.174 -1.297 -1.437 -1.576 -1.707 
-1.828 -1.938 -2.040 -2.133 -2.218 -2.296 -2.369 -2.435 -2.496 -2.553 
-2.597 
-2.778 -2.833 -2.880 -2.923 -2.963 -2.998 -3.030 -3.059 -3.085 -3.108 
-3.128 -3.145 -3.159 -3.171 -3.180 -3.187 -3.191 -3.192 -3.191 -3.187 
-3.181 -3.172 -3.161 -3.147 -3.130 -3.111 -3.088 -3.063 -3.034 -3.003 
-2.968 -2.929 -2.887 -2.840 -2.790 -2.734 -2.673 -2.607 -2.535 -2.455 
-2.367 -2.271 -2.164 -2.044 -1.910 -1.760 -1.593 -1.414 -1.241 -1.113 
-1.066 -1.111 -1.217 -1.344 -1.463 -1.566 -1.651 -1.720 -1.774 -1.814 
-1.842 -1.859 -1.865 -1.859 -1.843 -1.815 -1.776 -1.722 -1.655 -1.570 
-1.468 -1.348 -1.214 -1.088 -1.010 -1.016 -1.111 -1.297 -1.509 -1.700 
-1.865 -2.010 -2.136 -2.248 -2.349 -2.439 -2.521 -2.595 -2.663 -2.725 
-2.762 
-2.782 -2.832 -2.885 -2.932 -2.975 -3.015 -3.050 -3.082 -3.110 -3.136 
-3.158 -3.177 -3.193 -3.206 -3.217 -3.225 -3.230 -3.233 -3.233 -3.230 
-3.225 -3.217 -3.206 -3.192 -3.176 -3.157 -3.134 -3.109 -3.080 -3.048 
-3.013 -2.974 -2.930 -2.883 -2.830 -2.773 -2.710 -2.640 -2.564 -2.479 
-2.386 -2.282 -2.165 -2.033 -1.883 -1.715 -1.530 -1.347 -1.202 -1.134 
-1.142 -1.221 -1.362 -1.512 -1.642 -1.750 -1.836 -1.906 -1.961 -2.002 
-2.032 -2.052 -2.061 -2.060 -2.048 -2.027 -1.994 -1.950 -1.891 -1.817 
-1.724 -1.608 -1.465 -1.294 -1.109 -0.956 -0.913 -1.037 -1.255 -1.486 
-1.693 -1.872 -2.027 -2.162 -2.280 -2.386 -2.480 -2.565 -2.642 -2.712 
-2.763 
-2.758 -2.792 -2.849 -2.901 -2.949 -2.992 -3.031 -3.067 -3.098 -3.127 
-3.152 -3.175 -3.194 -3.210 -3.224 -3.235 -3.243 -3.248 -3.251 -3.251 
-3.249 -3.244 -3.236 -3.225 -3.212 -3.196 -3.177 -3.155 -3.131 -3.102 
-3.071 -3.036 -2.997 -2.954 -2.907 -2.855 -2.799 -2.736 -2.668 -2.592 
-2.509 -2.416 -2.313 -2.196 -2.065 -1.915 -1.745 -1.553 -1.351 -1.162 
-1.024 -1.003 -1.116 -1.291 -1.463 -1.609 -1.726 -1.820 -1.896 -1.955 
-2.000 -2.034 -2.056 -2.067 -2.069 -2.060 -2.042 -2.012 -1.971 -1.917 
-1.848 -1.762 -1.657 -1.532 -1.394 -1.261 -1.187 -1.212 -1.299 -1.435 
-1.600 -1.768 -1.926 -2.068 -2.195 -2.308 -2.410 -2.502 -2.585 -2.661 
-2.732 
-2.878 -2.957 -3.007 -3.052 -3.094 -3.132 -3.166 -3.197 -3.225 -3.250 
-3.272 -3.291 -3.307 -3.321 -3.332 -3.340 -3.346 -3.350 -3.350 -3.349 
-3.344 -3.337 -3.328 -3.316 -3.301 -3.284 -3.263 -3.240 -3.214 -3.185 
-3.152 -3.116 -3.077 -3.033 -2.985 -2.933 -2.876 -2.814 -2.745 -2.670 
-2.588 -2.496 -2.395 -2.283 -2.157 -2.016 -1.858 -1.689 -1.521 -1.380 
-1.299 -1.312 -1.416 -1.541 -1.652 -1.745 -1.822 -1.886 -1.939 -1.981 
-2.012 -2.034 -2.046 -2.048 -2.040 -2.022 -1.994 -1.953 -1.901 -1.834 
-1.750 -1.649 -1.531 -1.408 -1.316 -1.299 -1.368 -1.488 -1.631 -1.788 
-1.945 -2.091 -2.223 -2.340 -2.446 -2.541 -2.627 -2.706 -2.777 -2.842 
-2.865 
-2.728 -2.760 -2.809 -2.854 -2.896 -2.934 -2.969 -3.000 -3.029 -3.054 
-3.077 -3.097 -3.115 -3.130 -3.142 -3.152 -3.159 -3.165 -3.167 -3.167 
-3.165 -3.161 -3.154 -3.145 -3.133 -3.118 -3.102 -3.082 -3.060 -3.035 
-3.007 -2.976 -2.943 -2.905 -2.865 -2.821 -2.773 -2.721 -2.664 -2.603 
-2.536 -2.464 -2.386 -2.300 -2.207 -2.105 -1.993 -1.872 -1.748 -1.638 
-1.568 -1.542 -1.536 -1.538 -1.550 -1.574 -1.606 -1.643 -1.680 -1.714 
-1.744 -1.766 -1.782 -1.790 -1.790 -1.783 -1.768 -1.745 -1.716 -1.680 
-1.639 -1.596 -1.553 -1.515 -1.490 -1.500 -1.550 -1.615 -1.674 -1.737 
-1.826 -1.940 -2.058 -2.168 -2.268 -2.358 -2.441 -2.516 -2.585 -2.648 
-2.709 
-2.689 -2.750 -2.814 -2.871 -2.924 -2.971 -3.015 -3.054 -3.089 -3.121 
-3.149 -3.174 -3.196 -3.215 -3.231 -3.244 -3.254 -3.262 -3.267 -3.269 
-3.269 -3.265 -3.260 -3.251 -3.240 -3.226 -3.209 -3.189 -3.166 -3.140 
-3.111 -3.078 -3.042 -3.002 -2.958 -2.909 -2.856 -2.797 -2.733 -2.662 
-2.584 -2.498 -2.403 -2.297 -2.178 -2.047 -1.901 -1.746 -1.596 -1.481 
-1.435 -1.466 -1.549 -1.647 -1.741 -1.826 -1.900 -1.965 -2.020 -2.067 
-2.105 -2.135 -2.156 -2.169 -2.174 -2.172 -2.161 -2.143 -2.117 -2.083 
-2.042 -1.994 -1.940 -1.879 -1.811 -1.731 -1.637 -1.533 -1.444 -1.413 
-1.467 -1.594 -1.754 -1.915 -2.064 -2.197 -2.316 -2.422 -2.518 -2.603 
-2.664 
-2.665 -2.708 -2.771 -2.829 -2.881 -2.929 -2.972 -3.012 -3.047 -3.079 
-3.108 -3.133 -3.155 -3.174 -3.190 -3.203 -3.214 -3.221 -3.226 -3.229 
-3.228 -3.225 -3.219 -3.211 -3.199 -3.185 -3.168 -3.148 -3.125 -3.099 
-3.069 -3.036 -2.999 -2.959 -2.914 -2.865 -2.811 -2.752 -2.687 -2.615 
-2.537 -2.451 -2.355 -2.250 -2.134 -2.006 -1.868 -1.722 -1.581 -1.468 
-1.413 -1.432 -1.507 -1.609 -1.714 -1.813 -1.900 -1.975 -2.037 -2.089 
-2.130 -2.162 -2.185 -2.200 -2.206 -2.203 -2.193 -2.174 -2.146 -2.108 
-2.060 -2.000 -1.926 -1.837 -1.730 -1.607 -1.488 -1.419 -1.408 -1.433 
-1.508 -1.628 -1.769 -1.912 -2.047 -2.171 -2.284 -2.386 -2.479 -2.562 
-2.638 
-2.790 -2.856 -2.913 -2.965 -3.012 -3.054 -3.093 -3.128 -3.160 -3.188 
-3.213 -3.234 -3.253 -3.269 -3.282 -3.293 -3.301 -3.306 -3.308 -3.308 
-3.305 -3.299 -3.291 -3.280 -3.267 -3.250 -3.231 -3.209 -3.183 -3.155 
-3.123 -3.088 -3.049 -3.006 -2.958 -2.907 -2.850 -2.788 -2.721 -2.647 
-2.566 -2.477 -2.379 -2.271 -2.153 -2.022 -1.880 -1.729 -1.578 -1.453 
-1.390 -1.409 -1.492 -1.605 -1.719 -1.821 -1.909 -1.982 -2.042 -2.089 
-2.126 -2.152 -2.168 -2.175 -2.172 -2.160 -2.139 -2.107 -2.064 -2.008 
-1.938 -1.852 -1.745 -1.615 -1.460 -1.296 -1.174 -1.168 -1.288 -1.471 
-1.659 -1.834 -1.992 -2.134 -2.261 -2.374 -2.476 -2.568 -2.651 -2.726 
-2.771 
-2.820 -2.856 -2.906 -2.952 -2.994 -3.032 -3.066 -3.097 -3.125 -3.149 
-3.171 -3.190 -3.205 -3.218 -3.229 -3.236 -3.241 -3.244 -3.244 -3.241 
-3.236 -3.228 -3.217 -3.204 -3.188 -3.169 -3.147 -3.122 -3.094 -3.063 
-3.029 -2.991 -2.950 -2.904 -2.855 -2.801 -2.743 -2.679 -2.611 -2.536 
-2.456 -2.371 -2.280 -2.184 -2.086 -1.989 -1.898 -1.817 -1.753 -1.709 
-1.697 -1.729 -1.791 -1.862 -1.931 -1.993 -2.046 -2.090 -2.126 -2.154 
-2.174 -2.186 -2.191 -2.188 -2.178 -2.159 -2.133 -2.098 -2.055 -2.003 
-1.942 -1.873 -1.797 -1.717 -1.636 -1.559 -1.503 -1.517 -1.616 -1.747 
-1.881 -2.010 -2.131 -2.243 -2.345 -2.439 -2.525 -2.603 -2.675 -2.741 
-2.800 
-2.907 -2.959 -3.006 -3.048 -3.087 -3.122 -3.154 -3.182 -3.207 -3.229 
-3.249 -3.265 -3.279 -3.290 -3.299 -3.305 -3.308 -3.309 -3.308 -3.303 
-3.297 -3.287 -3.275 -3.261 -3.243 -3.223 -3.200 -3.174 -3.146 -3.113 
-3.078 -3.039 -2.996 -2.950 -2.899 -2.844 -2.784 -2.719 -2.649 -2.573 
-2.491 -2.402 -2.307 -2.206 -2.103 -2.004 -1.917 -1.852 -1.811 -1.795 
-1.801 -1.828 -1.868 -1.916 -1.966 -2.013 -2.056 -2.092 -2.121 -2.144 
-2.158 -2.165 -2.165 -2.157 -2.141 -2.118 -2.086 -2.047 -2.000 -1.946 
-1.888 -1.828 -1.775 -1.734 -1.715 -1.719 -1.739 -1.762 -1.786 -1.858 
-1.992 -2.135 -2.265 -2.379 -2.479 -2.570 -2.651 -2.724 -2.791 -2.853 
-2.892 
-2.911 -2.961 -3.019 -3.071 -3.118 -3.161 -3.199 -3.234 -3.264 -3.291 
-3.315 -3.335 -3.352 -3.366 -3.378 -3.386 -3.392 -3.394 -3.394 -3.391 
-3.385 -3.377 -3.365 -3.351 -3.334 -3.313 -3.290 -3.263 -3.232 -3.198 
-3.160 -3.119 -3.072 -3.021 -2.965 -2.903 -2.835 -2.761 -2.678 -2.587 
-2.487 -2.377 -2.257 -2.131 -2.006 -1.899 -1.832 -1.818 -1.852 -1.915 
-1.989 -2.064 -2.137 -2.204 -2.265 -2.318 -2.365 -2.403 -2.435 -2.459 
-2.476 -2.485 -2.488 -2.483 -2.472 -2.452 -2.425 -2.390 -2.347 -2.294 
-2.233 -2.162 -2.083 -1.996 -1.896 -1.779 -1.642 -1.504 -1.419 -1.449 
-1.596 -1.796 -1.993 -2.166 -2.316 -2.445 -2.558 -2.658 -2.746 -2.826 
-2.887 
-2.878 -2.930 -2.986 -3.037 -3.083 -3.125 -3.163 -3.197 -3.228 -3.256 
-3.280 -3.301 -3.319 -3.334 -3.347 -3.357 -3.364 -3.368 -3.370 -3.369 
-3.365 -3.359 -3.350 -3.339 -3.324 -3.307 -3.287 -3.265 -3.239 -3.210 
-3.178 -3.142 -3.103 -3.060 -3.013 -2.962 -2.906 -2.846 -2.781 -2.710 
-2.634 -2.552 -2.465 -2.372 -2.278 -2.190 -2.118 -2.071 -2.049 -2.043 
-2.052 -2.074 -2.107 -2.147 -2.190 -2.232 -2.271 -2.306 -2.335 -2.358 
-2.375 -2.385 -2.389 -2.386 -2.376 -2.358 -2.332 -2.298 -2.255 -2.202 
-2.137 -2.060 -1.969 -1.864 -1.747 -1.626 -1.525 -1.472 -1.491 -1.588 
-1.744 -1.914 -2.072 -2.214 -2.340 -2.453 -2.554 -2.645 -2.727 -2.801 
-2.857 
-2.852 -2.893 -2.948 -2.998 -3.044 -3.086 -3.124 -3.158 -3.189 -3.217 
-3.241 -3.263 -3.281 -3.297 -3.310 -3.321 -3.328 -3.333 -3.336 -3.336 
-3.333 -3.327 -3.320 -3.309 -3.296 -3.280 -3.261 -3.239 -3.214 -3.187 
-3.156 -3.121 -3.084 -3.042 -2.997 -2.947 -2.893 -2.835 -2.771 -2.702 
-2.627 -2.546 -2.458 -2.364 -2.263 -2.157 -2.053 -1.963 -1.902 -1.875 
-1.871 -1.888 -1.921 -1.966 -2.018 -2.070 -2.120 -2.164 -2.203 -2.234 
-2.259 -2.276 -2.287 -2.290 -2.286 -2.275 -2.255 -2.228 -2.193 -2.148 
-2.095 -2.031 -1.959 -1.878 -1.793 -1.709 -1.638 -1.591 -1.589 -1.668 
-1.807 -1.954 -2.091 -2.217 -2.331 -2.435 -2.530 -2.616 -2.695 -2.767 
-2.830 
-2.917 -2.980 -3.039 -3.093 -3.142 -3.186 -3.226 -3.262 -3.295 -3.324 
-3.349 -3.371 -3.390 -3.406 -3.420 -3.430 -3.437 -3.442 -3.444 -3.443 
-3.440 -3.433 -3.424 -3.412 -3.397 -3.380 -3.359 -3.335 -3.307 -3.276 
-3.242 -3.204 -3.161 -3.114 -3.063 -3.006 -2.943 -2.874 -2.798 -2.714 
-2.620 -2.516 -2.400 -2.271 -2.130 -1.983 -1.846 -1.748 -1.715 -1.747 
-1.817 -1.900 -1.986 -2.071 -2.150 -2.222 -2.286 -2.340 -2.385 -2.422 
-2.450 -2.470 -2.482 -2.487 -2.484 -2.473 -2.455 -2.428 -2.392 -2.347 
-2.291 -2.223 -2.142 -2.046 -1.931 -1.794 -1.633 -1.471 -1.375 -1.423 
-1.596 -1.812 -2.012 -2.184 -2.332 -2.460 -2.573 -2.673 -2.762 -2.842 
-2.895 
-2.862 -2.919 -2.975 -3.027 -3.075 -3.119 -3.158 -3.195 -3.228 -3.257 
-3.284 -3.307 -3.327 -3.345 -3.360 -3.372 -3.381 -3.388 -3.392 -3.394 
-3.393 -3.390 -3.384 -3.375 -3.363 -3.349 -3.332 -3.312 -3.289 -3.264 
-3.235 -3.202 -3.166 -3.127 -3.083 -3.035 -2.983 -2.925 -2.863 -2.794 
-2.718 -2.635 -2.544 -2.443 -2.333 -2.215 -2.093 -1.979 -1.890 -1.828 
-1.793 -1.788 -1.815 -1.866 -1.928 -1.993 -2.055 -2.112 -2.163 -2.206 
-2.242 -2.270 -2.290 -2.303 -2.309 -2.307 -2.298 -2.281 -2.256 -2.223 
-2.182 -2.133 -2.076 -2.013 -1.945 -1.875 -1.809 -1.747 -1.713 -1.765 
-1.885 -2.014 -2.136 -2.252 -2.360 -2.460 -2.553 -2.638 -2.717 -2.790 
-2.842 
-2.786 -2.819 -2.878 -2.932 -2.982 -3.028 -3.071 -3.110 -3.145 -3.178 
-3.207 -3.233 -3.257 -3.277 -3.295 -3.310 -3.323 -3.333 -3.341 -3.346 
-3.348 -3.348 -3.346 -3.341 -3.334 -3.324 -3.311 -3.296 -3.278 -3.257 
-3.234 -3.207 -3.178 -3.145 -3.109 -3.069 -3.025 -2.977 -2.925 -2.868 
-2.805 -2.736 -2.661 -2.578 -2.488 -2.392 -2.295 -2.207 -2.137 -2.083 
-2.039 -2.007 -1.986 -1.977 -1.979 -1.992 -2.015 -2.044 -2.077 -2.110 
-2.141 -2.169 -2.191 -2.209 -2.221 -2.226 -2.225 -2.218 -2.204 -2.183 
-2.156 -2.123 -2.083 -2.039 -1.991 -1.942 -1.897 -1.861 -1.844 -1.862 
-1.918 -1.998 -2.089 -2.182 -2.276 -2.367 -2.454 -2.537 -2.615 -2.688 
-2.760 
-2.959 -3.026 -3.086 -3.141 -3.191 -3.236 -3.278 -3.315 -3.349 -3.379 
-3.405 -3.429 -3.449 -3.466 -3.480 -3.492 -3.500 -3.506 -3.509 -3.509 
-3.507 -3.502 -3.494 -3.483 -3.469 -3.452 -3.432 -3.409 -3.383 -3.353 
-3.319 -3.282 -3.240 -3.195 -3.144 -3.088 -3.026 -2.958 -2.883 -2.800 
-2.707 -2.605 -2.491 -2.367 -2.232 -2.095 -1.969 -1.876 -1.839 -1.870 
-1.948 -2.042 -2.130 -2.204 -2.267 -2.322 -2.370 -2.414 -2.453 -2.487 
-2.515 -2.536 -2.551 -2.559 -2.560 -2.555 -2.541 -2.520 -2.491 -2.452 
-2.404 -2.346 -2.275 -2.191 -2.093 -1.983 -1.869 -1.769 -1.709 -1.720 
-1.809 -1.950 -2.105 -2.254 -2.389 -2.510 -2.619 -2.718 -2.806 -2.886 
-2.937 
-3.069 -3.128 -3.183 -3.233 -3.278 -3.319 -3.357 -3.390 -3.420 -3.447 
-3.471 -3.491 -3.509 -3.523 -3.535 -3.544 -3.550 -3.554 -3.554 -3.553 
-3.548 -3.541 -3.531 -3.518 -3.502 -3.483 -3.462 -3.437 -3.409 -3.377 
-3.342 -3.303 -3.260 -3.212 -3.160 -3.103 -3.040 -2.970 -2.893 -2.809 
-2.715 -2.610 -2.494 -2.363 -2.218 -2.059 -1.896 -1.754 -1.669 -1.669 
-1.742 -1.849 -1.961 -2.065 -2.159 -2.241 -2.311 -2.370 -2.418 -2.456 
-2.485 -2.505 -2.517 -2.520 -2.515 -2.502 -2.480 -2.449 -2.409 -2.358 
-2.297 -2.223 -2.137 -2.039 -1.933 -1.831 -1.756 -1.732 -1.771 -1.866 
-2.001 -2.152 -2.298 -2.432 -2.553 -2.662 -2.760 -2.849 -2.929 -3.002 
-3.050 
-3.029 -3.069 -3.122 -3.171 -3.215 -3.256 -3.294 -3.327 -3.358 -3.385 
-3.409 -3.430 -3.449 -3.465 -3.477 -3.488 -3.495 -3.501 -3.503 -3.503 
-3.501 -3.495 -3.488 -3.477 -3.464 -3.449 -3.430 -3.409 -3.384 -3.357 
-3.326 -3.292 -3.255 -3.214 -3.169 -3.119 -3.065 -3.006 -2.942 -2.872 
-2.795 -2.711 -2.618 -2.517 -2.406 -2.285 -2.156 -2.027 -1.919 -1.853 
-1.826 -1.830 -1.862 -1.915 -1.981 -2.050 -2.116 -2.175 -2.227 -2.270 
-2.304 -2.329 -2.346 -2.355 -2.355 -2.348 -2.332 -2.308 -2.276 -2.235 
-2.185 -2.127 -2.062 -1.994 -1.927 -1.871 -1.838 -1.843 -1.892 -1.978 
-2.086 -2.204 -2.320 -2.432 -2.536 -2.633 -2.722 -2.803 -2.878 -2.947 
-3.008 
-3.086 -3.137 -3.194 -3.246 -3.293 -3.336 -3.375 -3.410 -3.442 -3.470 
-3.495 -3.517 -3.536 -3.553 -3.566 -3.576 -3.584 -3.589 -3.592 -3.592 
-3.589 -3.583 -3.575 -3.564 -3.551 -3.534 -3.515 -3.492 -3.467 -3.438 
-3.407 -3.371 -3.332 -3.289 -3.242 -3.190 -3.134 -3.073 -3.005 -2.932 
-2.852 -2.765 -2.670 -2.567 -2.456 -2.338 -2.215 -2.097 -1.998 -1.935 
-1.921 -1.955 -2.019 -2.099 -2.180 -2.256 -2.324 -2.383 -2.432 -2.472 
-2.502 -2.525 -2.538 -2.544 -2.542 -2.531 -2.512 -2.484 -2.448 -2.401 
-2.345 -2.280 -2.206 -2.129 -2.057 -1.997 -1.951 -1.924 -1.929 -1.977 
-2.067 -2.183 -2.310 -2.435 -2.552 -2.660 -2.759 -2.849 -2.931 -3.006 
-3.064 
-3.161 -3.209 -3.256 -3.300 -3.339 -3.375 -3.407 -3.436 -3.462 -3.484 
-3.504 -3.521 -3.535 -3.546 -3.555 -3.561 -3.564 -3.565 -3.563 -3.559 
-3.552 -3.543 -3.531 -3.516 -3.499 -3.479 -3.455 -3.429 -3.400 -3.368 
-3.333 -3.294 -3.251 -3.205 -3.155 -3.101 -3.042 -2.979 -2.911 -2.838 
-2.761 -2.679 -2.594 -2.506 -2.418 -2.333 -2.255 -2.188 -2.139 -2.114 
-2.120 -2.152 -2.199 -2.250 -2.300 -2.345 -2.384 -2.416 -2.441 -2.458 
-2.468 -2.471 -2.466 -2.453 -2.432 -2.402 -2.363 -2.314 -2.255 -2.185 
-2.105 -2.017 -1.928 -1.852 -1.809 -1.812 -1.862 -1.945 -2.043 -2.152 
-2.271 -2.392 -2.509 -2.618 -2.718 -2.809 -2.892 -2.968 -3.036 -3.099 
-3.136 
