IRGRID 64 91
1e+308

0.025 0.03 0.035 0.04 0.045 0.05 0.055 0.06 0.065 0.07
0.075 0.08 0.085 0.09 0.095 0.1 0.11 0.12 0.13 0.14
0.15 0.16 0.17 0.18 0.19 0.2 0.21 0.22 0.23 0.24
0.25 0.26 0.27 0.28 0.29 0.3 0.31 0.32 0.33 0.34
0.35 0.36 0.37 0.38 0.39 0.4 0.41 0.42 0.43 0.44
0.45 0.46 0.47 0.48 0.49 0.5 0.51 0.52 0.53 0.54
0.55 0.56 0.57 0.58
0 4 8 12 16 20 24 28 32 36
40 44 48 52 56 60 64 68 72 76
80 84 88 92 96 100 104 108 112 116
120 124 128 132 136 140 144 148 152 156
160 164 168 172 176 180 184 188 192 196
200 204 208 212 216 220 224 228 232 236
240 244 248 252 256 260 264 268 272 276
280 284 288 292 296 300 304 308 312 316
320 324 328 332 336 340 344 348 352 356
360
-3.414 -3.505 -3.520 -3.532 -3.544 -3.553 -3.561 -3.567 -3.571 -3.574 
-3.575 -3.574 -3.572 -3.569 -3.564 -3.558 -3.550 -3.541 -3.530 -3.518 
-3.505 -3.491 -3.475 -3.459 -3.441 -3.422 -3.402 -3.382 -3.360 -3.337 
-3.314 -3.289 -3.264 -3.238 -3.212 -3.184 -3.156 -3.128 -3.098 -3.068 
-3.036 -3.004 -2.970 -2.935 -2.899 -2.861 -2.821 -2.778 -2.733 -2.684 
-2.632 -2.575 -2.513 -2.446 -2.372 -2.292 -2.206 -2.117 -2.029 -1.956 
-1.910 -1.904 -1.939 -2.004 -2.086 -2.173 -2.262 -2.351 -2.438 -2.523 
-2.604 -2.681 -2.755 -2.824 -2.889 -2.949 -3.006 -3.060 -3.109 -3.156 
-3.199 -3.239 -3.277 -3.311 -3.343 -3.373 -3.400 -3.426 -3.448 -3.469 
-3.409 
-3.045 -3.057 -3.076 -3.092 -3.105 -3.117 -3.127 -3.135 -3.140 -3.144 
-3.146 -3.147 -3.145 -3.142 -3.137 -3.131 -3.123 -3.114 -3.102 -3.090 
-3.076 -3.060 -3.043 -3.024 -3.003 -2.981 -2.957 -2.931 -2.903 -2.873 
-2.840 -2.803 -2.763 -2.719 -2.670 -2.616 -2.558 -2.500 -2.446 -2.406 
-2.386 -2.385 -2.399 -2.416 -2.431 -2.440 -2.441 -2.435 -2.423 -2.405 
-2.381 -2.352 -2.319 -2.281 -2.238 -2.191 -2.140 -2.086 -2.031 -1.977 
-1.930 -1.895 -1.876 -1.871 -1.881 -1.906 -1.942 -1.985 -2.028 -2.065 
-2.086 -2.088 -2.074 -2.065 -2.094 -2.171 -2.273 -2.378 -2.473 -2.557 
-2.630 -2.694 -2.751 -2.802 -2.847 -2.888 -2.924 -2.957 -2.986 -3.013 
-3.038 
-2.731 -2.784 -2.813 -2.838 -2.860 -2.878 -2.894 -2.907 -2.917 -2.924 
-2.929 -2.930 -2.930 -2.926 -2.920 -2.912 -2.901 -2.887 -2.870 -2.851 
-2.829 -2.804 -2.776 -2.745 -2.711 -2.673 -2.632 -2.588 -2.539 -2.486 
-2.429 -2.367 -2.300 -2.227 -2.150 -2.069 -1.987 -1.909 -1.842 -1.797 
-1.781 -1.793 -1.829 -1.879 -1.933 -1.986 -2.035 -2.077 -2.113 -2.142 
-2.164 -2.180 -2.191 -2.195 -2.193 -2.185 -2.172 -2.153 -2.128 -2.099 
-2.064 -2.025 -1.983 -1.938 -1.890 -1.838 -1.782 -1.723 -1.666 -1.613 
-1.562 -1.509 -1.458 -1.431 -1.454 -1.534 -1.653 -1.786 -1.914 -2.033 
-2.139 -2.234 -2.319 -2.395 -2.464 -2.525 -2.580 -2.630 -2.675 -2.716 
-2.721 
-2.067 -2.150 -2.179 -2.207 -2.233 -2.256 -2.278 -2.297 -2.314 -2.328 
-2.340 -2.350 -2.357 -2.362 -2.365 -2.365 -2.362 -2.357 -2.349 -2.339 
-2.326 -2.310 -2.292 -2.271 -2.248 -2.222 -2.193 -2.163 -2.130 -2.095 
-2.058 -2.020 -1.981 -1.942 -1.902 -1.863 -1.825 -1.790 -1.759 -1.733 
-1.716 -1.705 -1.701 -1.699 -1.697 -1.695 -1.690 -1.682 -1.670 -1.653 
-1.632 -1.604 -1.571 -1.533 -1.490 -1.445 -1.399 -1.357 -1.319 -1.289 
-1.267 -1.250 -1.235 -1.218 -1.196 -1.166 -1.132 -1.099 -1.074 -1.067 
-1.083 -1.122 -1.176 -1.240 -1.311 -1.388 -1.465 -1.537 -1.602 -1.661 
-1.715 -1.765 -1.812 -1.856 -1.899 -1.939 -1.978 -2.015 -2.051 -2.086 
-2.062 
-1.575 -1.578 -1.607 -1.634 -1.660 -1.685 -1.708 -1.730 -1.751 -1.770 
-1.789 -1.807 -1.824 -1.841 -1.857 -1.872 -1.887 -1.900 -1.913 -1.924 
-1.934 -1.942 -1.948 -1.953 -1.955 -1.956 -1.954 -1.950 -1.944 -1.935 
-1.924 -1.911 -1.896 -1.878 -1.858 -1.837 -1.813 -1.788 -1.760 -1.731 
-1.700 -1.667 -1.632 -1.594 -1.552 -1.507 -1.459 -1.406 -1.350 -1.289 
-1.225 -1.156 -1.085 -1.011 -0.935 -0.861 -0.787 -0.716 -0.643 -0.552 
-0.400 -0.147 -0.134 -0.403 -0.582 -0.690 -0.763 -0.818 -0.863 -0.902 
-0.939 -0.976 -1.011 -1.045 -1.077 -1.107 -1.136 -1.163 -1.190 -1.217 
-1.244 -1.272 -1.300 -1.330 -1.360 -1.391 -1.423 -1.455 -1.486 -1.518 
-1.561 
-1.511 -1.516 -1.515 -1.513 -1.510 -1.507 -1.503 -1.500 -1.498 -1.497 
-1.497 -1.499 -1.502 -1.506 -1.512 -1.518 -1.524 -1.530 -1.535 -1.539 
-1.541 -1.540 -1.537 -1.532 -1.524 -1.515 -1.504 -1.493 -1.482 -1.472 
-1.465 -1.460 -1.458 -1.458 -1.460 -1.463 -1.466 -1.468 -1.468 -1.467 
-1.463 -1.455 -1.444 -1.429 -1.410 -1.387 -1.358 -1.324 -1.285 -1.239 
-1.187 -1.128 -1.060 -0.983 -0.895 -0.793 -0.674 -0.529 -0.345 -0.099 
0.227 0.518 0.619 1.026 0.571 0.008 -0.298 -0.507 -0.665 -0.790 
-0.893 -0.980 -1.054 -1.118 -1.174 -1.222 -1.265 -1.302 -1.336 -1.365 
-1.392 -1.415 -1.436 -1.454 -1.470 -1.483 -1.494 -1.502 -1.509 -1.513 
-1.513 
-1.380 -1.402 -1.399 -1.394 -1.387 -1.379 -1.368 -1.357 -1.344 -1.331 
-1.317 -1.303 -1.289 -1.274 -1.260 -1.245 -1.229 -1.211 -1.192 -1.170 
-1.146 -1.120 -1.092 -1.062 -1.031 -1.000 -0.971 -0.943 -0.919 -0.900 
-0.885 -0.876 -0.872 -0.872 -0.877 -0.885 -0.894 -0.905 -0.915 -0.924 
-0.932 -0.938 -0.940 -0.940 -0.935 -0.927 -0.914 -0.896 -0.873 -0.845 
-0.809 -0.767 -0.716 -0.656 -0.585 -0.500 -0.398 -0.274 -0.118 0.085 
0.360 0.709 1.199 1.613 1.342 0.774 0.276 -0.019 -0.233 -0.401 
-0.539 -0.657 -0.758 -0.846 -0.923 -0.992 -1.053 -1.107 -1.155 -1.197 
-1.235 -1.268 -1.297 -1.322 -1.343 -1.361 -1.376 -1.387 -1.395 -1.400 
-1.378 
-1.169 -1.128 -1.115 -1.100 -1.084 -1.067 -1.050 -1.033 -1.016 -1.001 
-0.988 -0.978 -0.972 -0.969 -0.970 -0.975 -0.984 -0.996 -1.010 -1.026 
-1.042 -1.059 -1.074 -1.088 -1.101 -1.111 -1.119 -1.125 -1.129 -1.132 
-1.134 -1.136 -1.136 -1.136 -1.134 -1.130 -1.124 -1.114 -1.102 -1.085 
-1.065 -1.041 -1.014 -0.985 -0.954 -0.922 -0.888 -0.854 -0.818 -0.778 
-0.733 -0.682 -0.621 -0.550 -0.464 -0.361 -0.234 -0.076 0.127 0.398 
0.724 0.959 0.931 1.121 0.776 0.489 0.196 -0.060 -0.252 -0.402 
-0.524 -0.625 -0.711 -0.785 -0.848 -0.904 -0.952 -0.993 -1.029 -1.060 
-1.086 -1.107 -1.124 -1.138 -1.147 -1.153 -1.156 -1.156 -1.153 -1.147 
-1.174 
-1.502 -1.557 -1.563 -1.566 -1.566 -1.564 -1.561 -1.556 -1.550 -1.544 
-1.538 -1.533 -1.529 -1.527 -1.526 -1.527 -1.529 -1.533 -1.536 -1.539 
-1.541 -1.541 -1.539 -1.534 -1.526 -1.515 -1.500 -1.481 -1.458 -1.431 
-1.400 -1.365 -1.326 -1.283 -1.236 -1.184 -1.130 -1.072 -1.011 -0.949 
-0.887 -0.825 -0.765 -0.710 -0.660 -0.617 -0.581 -0.551 -0.527 -0.507 
-0.489 -0.469 -0.447 -0.419 -0.383 -0.337 -0.277 -0.199 -0.095 0.047 
0.253 0.499 0.573 0.725 0.937 0.952 0.709 0.377 0.086 -0.144 
-0.332 -0.489 -0.623 -0.740 -0.842 -0.934 -1.015 -1.088 -1.154 -1.213 
-1.266 -1.313 -1.356 -1.394 -1.428 -1.457 -1.483 -1.505 -1.523 -1.538 
-1.497 
-1.482 -1.515 -1.537 -1.557 -1.576 -1.593 -1.609 -1.623 -1.636 -1.647 
-1.657 -1.665 -1.671 -1.677 -1.681 -1.683 -1.685 -1.685 -1.684 -1.682 
-1.678 -1.674 -1.668 -1.661 -1.653 -1.644 -1.633 -1.621 -1.607 -1.592 
-1.576 -1.557 -1.537 -1.514 -1.490 -1.462 -1.433 -1.400 -1.365 -1.328 
-1.288 -1.247 -1.205 -1.163 -1.122 -1.083 -1.046 -1.010 -0.975 -0.940 
-0.901 -0.858 -0.809 -0.752 -0.685 -0.606 -0.512 -0.400 -0.270 -0.127 
0.015 0.170 0.391 0.659 0.840 0.763 0.471 0.168 -0.074 -0.265 
-0.420 -0.550 -0.661 -0.757 -0.841 -0.915 -0.981 -1.040 -1.093 -1.140 
-1.184 -1.224 -1.261 -1.295 -1.328 -1.359 -1.388 -1.416 -1.442 -1.468 
-1.477 
-1.263 -1.278 -1.315 -1.353 -1.390 -1.426 -1.462 -1.496 -1.528 -1.559 
-1.589 -1.616 -1.642 -1.666 -1.688 -1.708 -1.726 -1.742 -1.757 -1.769 
-1.780 -1.788 -1.795 -1.800 -1.803 -1.804 -1.803 -1.800 -1.796 -1.790 
-1.781 -1.771 -1.758 -1.744 -1.727 -1.708 -1.687 -1.664 -1.637 -1.608 
-1.577 -1.542 -1.503 -1.462 -1.416 -1.366 -1.312 -1.252 -1.187 -1.115 
-1.036 -0.949 -0.851 -0.742 -0.620 -0.481 -0.324 -0.150 0.034 0.200 
0.311 0.302 0.214 0.189 0.235 0.078 -0.149 -0.320 -0.445 -0.542 
-0.619 -0.682 -0.733 -0.777 -0.813 -0.843 -0.869 -0.891 -0.911 -0.929 
-0.947 -0.966 -0.986 -1.010 -1.036 -1.065 -1.097 -1.130 -1.166 -1.202 
-1.249 
-1.303 -1.355 -1.411 -1.465 -1.516 -1.564 -1.610 -1.653 -1.694 -1.732 
-1.768 -1.801 -1.832 -1.861 -1.888 -1.912 -1.935 -1.955 -1.973 -1.989 
-2.004 -2.016 -2.026 -2.034 -2.040 -2.043 -2.045 -2.045 -2.042 -2.038 
-2.031 -2.022 -2.010 -1.997 -1.980 -1.962 -1.940 -1.916 -1.890 -1.860 
-1.827 -1.791 -1.751 -1.708 -1.660 -1.609 -1.552 -1.490 -1.422 -1.348 
-1.266 -1.176 -1.075 -0.961 -0.833 -0.685 -0.513 -0.309 -0.064 0.207 
0.415 0.448 0.372 0.266 0.038 -0.176 -0.339 -0.463 -0.560 -0.637 
-0.698 -0.745 -0.782 -0.810 -0.830 -0.843 -0.851 -0.856 -0.858 -0.862 
-0.868 -0.879 -0.898 -0.926 -0.963 -1.008 -1.061 -1.117 -1.177 -1.237 
-1.280 
-1.260 -1.304 -1.340 -1.375 -1.409 -1.441 -1.472 -1.501 -1.529 -1.555 
-1.581 -1.605 -1.628 -1.650 -1.670 -1.690 -1.708 -1.725 -1.741 -1.755 
-1.767 -1.779 -1.789 -1.797 -1.803 -1.808 -1.812 -1.813 -1.813 -1.811 
-1.807 -1.801 -1.794 -1.784 -1.772 -1.758 -1.742 -1.723 -1.703 -1.679 
-1.653 -1.624 -1.592 -1.557 -1.519 -1.477 -1.431 -1.381 -1.326 -1.266 
-1.200 -1.127 -1.047 -0.957 -0.857 -0.743 -0.611 -0.457 -0.272 -0.045 
0.219 0.474 0.718 0.736 0.529 0.252 0.008 -0.184 -0.336 -0.460 
-0.562 -0.648 -0.721 -0.783 -0.836 -0.882 -0.920 -0.953 -0.980 -1.004 
-1.025 -1.045 -1.063 -1.082 -1.102 -1.122 -1.145 -1.171 -1.200 -1.233 
-1.253 
-1.189 -1.211 -1.282 -1.355 -1.427 -1.497 -1.564 -1.626 -1.685 -1.739 
-1.789 -1.835 -1.877 -1.916 -1.952 -1.984 -2.014 -2.041 -2.065 -2.086 
-2.105 -2.122 -2.136 -2.147 -2.157 -2.164 -2.169 -2.171 -2.171 -2.169 
-2.164 -2.157 -2.148 -2.136 -2.122 -2.105 -2.086 -2.064 -2.039 -2.012 
-1.981 -1.948 -1.911 -1.871 -1.827 -1.780 -1.728 -1.673 -1.613 -1.548 
-1.477 -1.401 -1.317 -1.225 -1.124 -1.011 -0.883 -0.735 -0.558 -0.336 
-0.039 0.366 0.683 0.630 0.364 0.064 -0.188 -0.388 -0.547 -0.675 
-0.779 -0.864 -0.934 -0.990 -1.034 -1.068 -1.092 -1.107 -1.114 -1.113 
-1.106 -1.092 -1.074 -1.054 -1.035 -1.021 -1.016 -1.024 -1.049 -1.090 
-1.161 
-1.598 -1.726 -1.783 -1.840 -1.893 -1.944 -1.990 -2.032 -2.070 -2.103 
-2.134 -2.160 -2.183 -2.204 -2.221 -2.235 -2.246 -2.255 -2.261 -2.265 
-2.267 -2.266 -2.262 -2.257 -2.249 -2.239 -2.227 -2.212 -2.195 -2.176 
-2.155 -2.131 -2.105 -2.077 -2.047 -2.014 -1.978 -1.940 -1.899 -1.856 
-1.810 -1.761 -1.710 -1.655 -1.597 -1.536 -1.472 -1.403 -1.331 -1.254 
-1.172 -1.084 -0.988 -0.882 -0.759 -0.610 -0.421 -0.222 -0.166 -0.140 
-0.013 0.200 0.479 0.584 0.569 0.401 0.153 -0.089 -0.297 -0.474 
-0.624 -0.754 -0.868 -0.967 -1.054 -1.129 -1.194 -1.250 -1.298 -1.338 
-1.373 -1.402 -1.427 -1.448 -1.468 -1.487 -1.509 -1.537 -1.573 -1.618 
-1.594 
-1.609 -1.632 -1.680 -1.725 -1.768 -1.808 -1.845 -1.880 -1.912 -1.943 
-1.971 -1.997 -2.021 -2.044 -2.065 -2.084 -2.101 -2.116 -2.130 -2.142 
-2.152 -2.160 -2.166 -2.170 -2.172 -2.172 -2.170 -2.166 -2.159 -2.150 
-2.138 -2.124 -2.108 -2.089 -2.067 -2.042 -2.014 -1.983 -1.949 -1.912 
-1.870 -1.825 -1.776 -1.722 -1.663 -1.598 -1.527 -1.449 -1.362 -1.266 
-1.157 -1.033 -0.888 -0.716 -0.506 -0.246 0.044 0.251 0.238 0.058 
-0.105 -0.110 0.126 0.263 0.042 -0.194 -0.421 -0.602 -0.740 -0.845 
-0.925 -0.987 -1.033 -1.067 -1.093 -1.111 -1.124 -1.135 -1.144 -1.155 
-1.170 -1.189 -1.214 -1.246 -1.285 -1.328 -1.376 -1.427 -1.479 -1.531 
-1.587 
-1.513 -1.539 -1.551 -1.564 -1.577 -1.590 -1.604 -1.618 -1.633 -1.649 
-1.666 -1.683 -1.700 -1.718 -1.736 -1.754 -1.772 -1.789 -1.806 -1.822 
-1.838 -1.852 -1.866 -1.878 -1.889 -1.899 -1.907 -1.913 -1.918 -1.921 
-1.923 -1.922 -1.920 -1.915 -1.908 -1.899 -1.888 -1.874 -1.857 -1.838 
-1.816 -1.791 -1.762 -1.730 -1.694 -1.654 -1.610 -1.560 -1.504 -1.441 
-1.371 -1.290 -1.196 -1.085 -0.949 -0.775 -0.551 -0.323 -0.277 -0.263 
-0.078 0.291 0.668 0.787 0.479 0.059 -0.242 -0.457 -0.622 -0.754 
-0.861 -0.951 -1.026 -1.090 -1.144 -1.190 -1.229 -1.262 -1.292 -1.317 
-1.341 -1.363 -1.384 -1.405 -1.425 -1.445 -1.463 -1.481 -1.497 -1.512 
-1.511 
-1.411 -1.392 -1.400 -1.410 -1.423 -1.438 -1.457 -1.478 -1.501 -1.527 
-1.554 -1.582 -1.611 -1.640 -1.669 -1.698 -1.725 -1.751 -1.776 -1.800 
-1.822 -1.842 -1.860 -1.876 -1.889 -1.901 -1.911 -1.918 -1.923 -1.925 
-1.926 -1.923 -1.918 -1.911 -1.901 -1.888 -1.873 -1.855 -1.835 -1.811 
-1.785 -1.755 -1.723 -1.688 -1.649 -1.608 -1.563 -1.515 -1.463 -1.407 
-1.347 -1.282 -1.211 -1.134 -1.048 -0.953 -0.845 -0.721 -0.575 -0.396 
-0.170 0.133 0.513 0.734 0.594 0.306 0.001 -0.242 -0.433 -0.587 
-0.714 -0.820 -0.910 -0.987 -1.053 -1.109 -1.158 -1.200 -1.235 -1.265 
-1.290 -1.310 -1.327 -1.340 -1.351 -1.359 -1.366 -1.371 -1.375 -1.380 
-1.409 
-1.670 -1.731 -1.753 -1.774 -1.795 -1.815 -1.834 -1.854 -1.872 -1.891 
-1.908 -1.924 -1.939 -1.953 -1.964 -1.974 -1.982 -1.987 -1.991 -1.992 
-1.991 -1.987 -1.981 -1.974 -1.963 -1.951 -1.936 -1.919 -1.900 -1.878 
-1.855 -1.829 -1.801 -1.770 -1.738 -1.703 -1.666 -1.627 -1.586 -1.543 
-1.497 -1.450 -1.400 -1.348 -1.295 -1.239 -1.181 -1.121 -1.059 -0.994 
-0.926 -0.855 -0.781 -0.702 -0.618 -0.528 -0.433 -0.332 -0.223 -0.104 
0.035 0.208 0.426 0.643 0.690 0.560 0.325 0.079 -0.131 -0.305 
-0.452 -0.579 -0.692 -0.794 -0.887 -0.974 -1.054 -1.129 -1.199 -1.264 
-1.324 -1.379 -1.430 -1.477 -1.520 -1.559 -1.594 -1.627 -1.656 -1.683 
-1.664 
-1.662 -1.674 -1.711 -1.746 -1.779 -1.809 -1.836 -1.862 -1.885 -1.906 
-1.925 -1.941 -1.956 -1.968 -1.978 -1.987 -1.993 -1.997 -1.999 -2.000 
-1.998 -1.994 -1.988 -1.980 -1.970 -1.958 -1.944 -1.928 -1.910 -1.889 
-1.867 -1.842 -1.814 -1.785 -1.752 -1.718 -1.680 -1.640 -1.598 -1.552 
-1.503 -1.451 -1.396 -1.337 -1.275 -1.209 -1.138 -1.063 -0.983 -0.898 
-0.808 -0.712 -0.610 -0.504 -0.393 -0.279 -0.168 -0.063 0.028 0.098 
0.143 0.169 0.193 0.234 0.255 0.165 0.040 -0.062 -0.148 -0.226 
-0.302 -0.378 -0.455 -0.534 -0.614 -0.694 -0.773 -0.851 -0.928 -1.003 
-1.075 -1.144 -1.210 -1.273 -1.334 -1.391 -1.445 -1.497 -1.545 -1.591 
-1.645 
-1.776 -1.829 -1.868 -1.906 -1.940 -1.972 -2.001 -2.028 -2.053 -2.075 
-2.095 -2.113 -2.129 -2.142 -2.153 -2.163 -2.170 -2.175 -2.178 -2.179 
-2.178 -2.174 -2.169 -2.162 -2.152 -2.141 -2.127 -2.111 -2.093 -2.073 
-2.050 -2.025 -1.997 -1.967 -1.934 -1.899 -1.860 -1.819 -1.775 -1.727 
-1.676 -1.621 -1.562 -1.500 -1.432 -1.360 -1.283 -1.201 -1.112 -1.017 
-0.915 -0.805 -0.687 -0.560 -0.424 -0.281 -0.134 0.010 0.136 0.221 
0.253 0.240 0.202 0.149 0.089 0.027 -0.036 -0.102 -0.172 -0.245 
-0.324 -0.406 -0.492 -0.580 -0.669 -0.759 -0.848 -0.935 -1.020 -1.103 
-1.182 -1.258 -1.331 -1.400 -1.465 -1.527 -1.585 -1.640 -1.692 -1.740 
-1.764 
-1.780 -1.813 -1.858 -1.899 -1.937 -1.973 -2.006 -2.036 -2.064 -2.090 
-2.113 -2.133 -2.152 -2.168 -2.182 -2.194 -2.203 -2.211 -2.216 -2.219 
-2.221 -2.220 -2.217 -2.211 -2.204 -2.195 -2.183 -2.169 -2.153 -2.135 
-2.114 -2.091 -2.065 -2.037 -2.006 -1.972 -1.936 -1.897 -1.854 -1.808 
-1.759 -1.706 -1.649 -1.588 -1.522 -1.451 -1.375 -1.292 -1.203 -1.106 
-1.001 -0.886 -0.760 -0.621 -0.466 -0.296 -0.111 0.075 0.232 0.320 
0.324 0.271 0.192 0.102 0.010 -0.075 -0.151 -0.219 -0.280 -0.337 
-0.391 -0.446 -0.504 -0.566 -0.633 -0.706 -0.783 -0.864 -0.946 -1.029 
-1.111 -1.191 -1.268 -1.342 -1.413 -1.481 -1.545 -1.605 -1.662 -1.716 
-1.762 
-1.758 -1.798 -1.835 -1.868 -1.900 -1.929 -1.956 -1.981 -2.004 -2.024 
-2.042 -2.059 -2.073 -2.085 -2.095 -2.104 -2.110 -2.114 -2.117 -2.117 
-2.116 -2.112 -2.107 -2.100 -2.090 -2.079 -2.065 -2.050 -2.032 -2.012 
-1.990 -1.966 -1.939 -1.910 -1.879 -1.845 -1.808 -1.769 -1.726 -1.681 
-1.633 -1.581 -1.526 -1.466 -1.403 -1.336 -1.264 -1.187 -1.105 -1.016 
-0.921 -0.818 -0.707 -0.585 -0.453 -0.308 -0.149 0.019 0.181 0.305 
0.375 0.404 0.389 0.326 0.228 0.115 -0.001 -0.113 -0.219 -0.320 
-0.415 -0.506 -0.594 -0.678 -0.761 -0.842 -0.922 -1.000 -1.075 -1.148 
-1.219 -1.286 -1.350 -1.412 -1.470 -1.525 -1.578 -1.627 -1.674 -1.718 
-1.746 
-1.701 -1.719 -1.753 -1.785 -1.815 -1.843 -1.869 -1.893 -1.915 -1.936 
-1.954 -1.970 -1.985 -1.997 -2.008 -2.016 -2.023 -2.028 -2.031 -2.032 
-2.031 -2.029 -2.024 -2.017 -2.009 -1.998 -1.986 -1.971 -1.954 -1.936 
-1.914 -1.891 -1.865 -1.837 -1.807 -1.773 -1.737 -1.699 -1.657 -1.612 
-1.564 -1.512 -1.456 -1.396 -1.332 -1.263 -1.188 -1.108 -1.020 -0.925 
-0.821 -0.706 -0.579 -0.436 -0.275 -0.092 0.107 0.289 0.412 0.459 
0.419 0.321 0.201 0.078 -0.042 -0.155 -0.259 -0.353 -0.440 -0.519 
-0.594 -0.664 -0.731 -0.796 -0.859 -0.920 -0.981 -1.040 -1.099 -1.156 
-1.212 -1.267 -1.321 -1.373 -1.423 -1.471 -1.517 -1.562 -1.604 -1.644 
-1.688 
-1.813 -1.853 -1.892 -1.930 -1.965 -1.997 -2.027 -2.055 -2.081 -2.104 
-2.125 -2.144 -2.161 -2.176 -2.189 -2.199 -2.207 -2.214 -2.218 -2.220 
-2.221 -2.219 -2.215 -2.209 -2.200 -2.190 -2.177 -2.163 -2.145 -2.126 
-2.104 -2.080 -2.053 -2.023 -1.991 -1.956 -1.917 -1.876 -1.831 -1.782 
-1.730 -1.673 -1.612 -1.546 -1.474 -1.396 -1.310 -1.217 -1.114 -1.001 
-0.873 -0.730 -0.565 -0.372 -0.147 0.108 0.331 0.419 0.374 0.254 
0.103 -0.052 -0.190 -0.306 -0.403 -0.483 -0.551 -0.609 -0.660 -0.706 
-0.750 -0.792 -0.834 -0.879 -0.926 -0.976 -1.030 -1.086 -1.145 -1.205 
-1.266 -1.328 -1.388 -1.448 -1.506 -1.563 -1.617 -1.669 -1.718 -1.766 
-1.799 
-1.934 -1.971 -2.009 -2.044 -2.076 -2.107 -2.135 -2.160 -2.183 -2.205 
-2.224 -2.240 -2.255 -2.267 -2.278 -2.286 -2.292 -2.296 -2.298 -2.298 
-2.296 -2.292 -2.285 -2.277 -2.266 -2.253 -2.238 -2.220 -2.200 -2.178 
-2.153 -2.126 -2.096 -2.063 -2.027 -1.989 -1.947 -1.901 -1.852 -1.799 
-1.742 -1.680 -1.613 -1.540 -1.462 -1.376 -1.282 -1.179 -1.065 -0.938 
-0.795 -0.630 -0.438 -0.209 0.062 0.339 0.525 0.532 0.393 0.176 
-0.023 -0.183 -0.311 -0.414 -0.499 -0.571 -0.633 -0.688 -0.739 -0.787 
-0.834 -0.882 -0.931 -0.982 -1.036 -1.093 -1.153 -1.214 -1.276 -1.339 
-1.401 -1.463 -1.523 -1.582 -1.639 -1.694 -1.746 -1.796 -1.844 -1.889 
-1.921 
-2.005 -2.030 -2.063 -2.093 -2.121 -2.147 -2.171 -2.192 -2.212 -2.229 
-2.244 -2.258 -2.269 -2.278 -2.285 -2.291 -2.294 -2.295 -2.294 -2.292 
-2.287 -2.280 -2.271 -2.260 -2.247 -2.232 -2.215 -2.195 -2.173 -2.149 
-2.122 -2.093 -2.061 -2.027 -1.989 -1.949 -1.906 -1.859 -1.809 -1.755 
-1.697 -1.635 -1.569 -1.497 -1.419 -1.336 -1.245 -1.146 -1.038 -0.919 
-0.788 -0.640 -0.472 -0.279 -0.052 0.211 0.470 0.626 0.615 0.451 
0.239 0.052 -0.101 -0.227 -0.334 -0.428 -0.513 -0.594 -0.671 -0.747 
-0.821 -0.895 -0.968 -1.040 -1.111 -1.181 -1.250 -1.318 -1.384 -1.448 
-1.510 -1.570 -1.627 -1.682 -1.734 -1.784 -1.831 -1.876 -1.918 -1.958 
-1.993 
-2.106 -2.142 -2.175 -2.204 -2.232 -2.257 -2.279 -2.300 -2.318 -2.334 
-2.348 -2.360 -2.370 -2.377 -2.383 -2.387 -2.388 -2.388 -2.385 -2.381 
-2.374 -2.365 -2.354 -2.341 -2.326 -2.309 -2.289 -2.267 -2.243 -2.216 
-2.187 -2.155 -2.120 -2.083 -2.043 -1.999 -1.953 -1.903 -1.849 -1.792 
-1.731 -1.665 -1.594 -1.519 -1.438 -1.350 -1.256 -1.155 -1.045 -0.926 
-0.797 -0.656 -0.505 -0.343 -0.175 -0.009 0.145 0.265 0.271 0.177 
0.070 -0.030 -0.121 -0.205 -0.284 -0.360 -0.436 -0.515 -0.598 -0.684 
-0.773 -0.864 -0.956 -1.046 -1.135 -1.221 -1.304 -1.383 -1.460 -1.532 
-1.601 -1.666 -1.728 -1.786 -1.841 -1.893 -1.942 -1.987 -2.030 -2.070 
-2.094 
-2.129 -2.150 -2.179 -2.205 -2.229 -2.251 -2.271 -2.289 -2.304 -2.317 
-2.329 -2.338 -2.345 -2.350 -2.353 -2.354 -2.353 -2.351 -2.346 -2.339 
-2.330 -2.319 -2.306 -2.290 -2.273 -2.254 -2.232 -2.208 -2.181 -2.152 
-2.121 -2.087 -2.051 -2.012 -1.969 -1.924 -1.876 -1.824 -1.769 -1.711 
-1.648 -1.581 -1.510 -1.434 -1.352 -1.265 -1.172 -1.072 -0.964 -0.848 
-0.723 -0.588 -0.443 -0.294 -0.148 -0.020 0.087 0.162 0.189 0.164 
0.098 0.005 -0.098 -0.203 -0.306 -0.405 -0.500 -0.591 -0.678 -0.763 
-0.847 -0.932 -1.019 -1.107 -1.194 -1.278 -1.360 -1.438 -1.512 -1.581 
-1.647 -1.709 -1.767 -1.822 -1.873 -1.921 -1.966 -2.008 -2.048 -2.084 
-2.118 
-2.204 -2.239 -2.276 -2.310 -2.341 -2.369 -2.395 -2.418 -2.439 -2.457 
-2.473 -2.486 -2.498 -2.507 -2.514 -2.518 -2.521 -2.521 -2.519 -2.515 
-2.508 -2.500 -2.489 -2.476 -2.460 -2.443 -2.422 -2.400 -2.375 -2.347 
-2.316 -2.283 -2.246 -2.207 -2.164 -2.118 -2.068 -2.014 -1.956 -1.893 
-1.826 -1.753 -1.674 -1.588 -1.494 -1.391 -1.278 -1.153 -1.012 -0.855 
-0.680 -0.499 -0.342 -0.218 -0.131 -0.101 -0.125 -0.171 -0.223 -0.285 
-0.356 -0.427 -0.492 -0.546 -0.587 -0.616 -0.635 -0.650 -0.666 -0.689 
-0.725 -0.779 -0.850 -0.935 -1.029 -1.128 -1.228 -1.327 -1.421 -1.511 
-1.596 -1.677 -1.752 -1.822 -1.888 -1.950 -2.007 -2.061 -2.110 -2.157 
-2.190 
-2.259 -2.295 -2.333 -2.367 -2.399 -2.428 -2.454 -2.477 -2.499 -2.517 
-2.533 -2.547 -2.558 -2.568 -2.574 -2.579 -2.581 -2.581 -2.579 -2.574 
-2.567 -2.558 -2.546 -2.532 -2.516 -2.497 -2.475 -2.451 -2.424 -2.394 
-2.361 -2.325 -2.285 -2.242 -2.196 -2.145 -2.090 -2.031 -1.966 -1.896 
-1.819 -1.736 -1.644 -1.543 -1.431 -1.307 -1.167 -1.009 -0.830 -0.629 
-0.420 -0.246 -0.164 -0.190 -0.276 -0.380 -0.492 -0.597 -0.688 -0.762 
-0.819 -0.861 -0.890 -0.909 -0.918 -0.920 -0.918 -0.914 -0.912 -0.917 
-0.933 -0.963 -1.008 -1.069 -1.141 -1.222 -1.308 -1.395 -1.483 -1.568 
-1.650 -1.729 -1.803 -1.873 -1.939 -2.001 -2.059 -2.113 -2.164 -2.211 
-2.245 
-2.291 -2.314 -2.349 -2.381 -2.411 -2.438 -2.462 -2.484 -2.503 -2.520 
-2.535 -2.547 -2.557 -2.565 -2.570 -2.573 -2.574 -2.573 -2.570 -2.564 
-2.556 -2.545 -2.533 -2.517 -2.500 -2.480 -2.457 -2.432 -2.404 -2.373 
-2.339 -2.302 -2.261 -2.217 -2.170 -2.118 -2.062 -2.002 -1.937 -1.866 
-1.790 -1.706 -1.616 -1.518 -1.411 -1.294 -1.167 -1.029 -0.879 -0.720 
-0.554 -0.403 -0.309 -0.299 -0.356 -0.446 -0.545 -0.635 -0.711 -0.771 
-0.816 -0.848 -0.869 -0.878 -0.879 -0.874 -0.871 -0.876 -0.896 -0.931 
-0.977 -1.031 -1.092 -1.160 -1.235 -1.314 -1.396 -1.478 -1.559 -1.637 
-1.713 -1.786 -1.854 -1.920 -1.981 -2.039 -2.093 -2.143 -2.191 -2.235 
-2.277 
-2.424 -2.462 -2.491 -2.518 -2.542 -2.564 -2.583 -2.600 -2.614 -2.626 
-2.635 -2.642 -2.647 -2.650 -2.650 -2.648 -2.644 -2.638 -2.629 -2.618 
-2.605 -2.589 -2.570 -2.550 -2.526 -2.500 -2.472 -2.440 -2.406 -2.368 
-2.328 -2.283 -2.236 -2.184 -2.129 -2.069 -2.005 -1.936 -1.862 -1.782 
-1.696 -1.604 -1.505 -1.400 -1.289 -1.174 -1.058 -0.947 -0.847 -0.766 
-0.706 -0.665 -0.643 -0.648 -0.680 -0.722 -0.760 -0.787 -0.801 -0.802 
-0.793 -0.774 -0.747 -0.714 -0.680 -0.647 -0.629 -0.638 -0.688 -0.775 
-0.889 -1.013 -1.138 -1.258 -1.372 -1.478 -1.578 -1.671 -1.757 -1.838 
-1.914 -1.984 -2.049 -2.110 -2.167 -2.219 -2.268 -2.313 -2.355 -2.394 
-2.414 
-2.497 -2.510 -2.534 -2.556 -2.575 -2.592 -2.606 -2.618 -2.628 -2.636 
-2.641 -2.644 -2.645 -2.644 -2.641 -2.636 -2.628 -2.618 -2.606 -2.592 
-2.575 -2.556 -2.535 -2.511 -2.485 -2.456 -2.424 -2.390 -2.353 -2.312 
-2.269 -2.222 -2.172 -2.118 -2.060 -1.998 -1.932 -1.861 -1.786 -1.705 
-1.619 -1.528 -1.431 -1.331 -1.227 -1.123 -1.022 -0.928 -0.846 -0.778 
-0.727 -0.693 -0.673 -0.663 -0.659 -0.656 -0.650 -0.641 -0.626 -0.607 
-0.585 -0.567 -0.560 -0.573 -0.609 -0.667 -0.740 -0.827 -0.927 -1.039 
-1.157 -1.274 -1.386 -1.492 -1.590 -1.682 -1.767 -1.846 -1.920 -1.988 
-2.052 -2.111 -2.166 -2.217 -2.265 -2.309 -2.350 -2.388 -2.423 -2.455 
-2.487 
-2.623 -2.658 -2.679 -2.698 -2.714 -2.728 -2.739 -2.749 -2.756 -2.761 
-2.763 -2.763 -2.762 -2.758 -2.751 -2.743 -2.732 -2.719 -2.704 -2.686 
-2.666 -2.643 -2.618 -2.590 -2.559 -2.525 -2.489 -2.449 -2.407 -2.360 
-2.311 -2.257 -2.199 -2.137 -2.071 -1.999 -1.922 -1.839 -1.751 -1.656 
-1.554 -1.447 -1.334 -1.219 -1.104 -0.997 -0.903 -0.828 -0.775 -0.740 
-0.722 -0.723 -0.737 -0.756 -0.772 -0.779 -0.775 -0.760 -0.733 -0.696 
-0.654 -0.617 -0.600 -0.621 -0.685 -0.787 -0.912 -1.045 -1.177 -1.303 
-1.422 -1.532 -1.636 -1.732 -1.821 -1.904 -1.982 -2.054 -2.121 -2.184 
-2.242 -2.296 -2.347 -2.394 -2.437 -2.477 -2.515 -2.549 -2.580 -2.609 
-2.616 
-2.604 -2.618 -2.642 -2.663 -2.681 -2.698 -2.712 -2.724 -2.734 -2.742 
-2.747 -2.750 -2.751 -2.750 -2.747 -2.742 -2.734 -2.725 -2.713 -2.698 
-2.682 -2.663 -2.641 -2.618 -2.591 -2.562 -2.530 -2.495 -2.458 -2.417 
-2.372 -2.325 -2.273 -2.218 -2.158 -2.094 -2.025 -1.950 -1.870 -1.783 
-1.690 -1.589 -1.480 -1.364 -1.241 -1.112 -0.979 -0.847 -0.723 -0.620 
-0.554 -0.535 -0.560 -0.613 -0.676 -0.737 -0.790 -0.832 -0.865 -0.887 
-0.902 -0.912 -0.927 -0.955 -1.001 -1.061 -1.129 -1.200 -1.275 -1.355 
-1.439 -1.524 -1.609 -1.692 -1.773 -1.850 -1.924 -1.994 -2.060 -2.122 
-2.180 -2.236 -2.287 -2.336 -2.381 -2.423 -2.462 -2.499 -2.533 -2.564 
-2.594 
-2.617 -2.649 -2.678 -2.704 -2.728 -2.749 -2.767 -2.783 -2.797 -2.808 
-2.817 -2.823 -2.827 -2.829 -2.829 -2.826 -2.821 -2.814 -2.805 -2.793 
-2.778 -2.762 -2.742 -2.720 -2.696 -2.669 -2.639 -2.606 -2.570 -2.531 
-2.488 -2.442 -2.392 -2.339 -2.280 -2.218 -2.150 -2.077 -1.997 -1.912 
-1.819 -1.719 -1.611 -1.495 -1.371 -1.243 -1.113 -0.992 -0.888 -0.812 
-0.768 -0.762 -0.797 -0.860 -0.927 -0.988 -1.038 -1.077 -1.104 -1.121 
-1.129 -1.129 -1.122 -1.111 -1.099 -1.090 -1.089 -1.102 -1.132 -1.178 
-1.234 -1.299 -1.371 -1.454 -1.548 -1.648 -1.748 -1.844 -1.935 -2.019 
-2.097 -2.169 -2.236 -2.298 -2.355 -2.408 -2.457 -2.502 -2.543 -2.582 
-2.606 
-2.616 -2.639 -2.678 -2.713 -2.745 -2.774 -2.800 -2.823 -2.844 -2.862 
-2.877 -2.890 -2.900 -2.908 -2.913 -2.916 -2.917 -2.915 -2.911 -2.905 
-2.896 -2.884 -2.870 -2.854 -2.835 -2.813 -2.788 -2.761 -2.731 -2.697 
-2.660 -2.620 -2.576 -2.529 -2.477 -2.421 -2.360 -2.294 -2.222 -2.144 
-2.058 -1.965 -1.864 -1.752 -1.630 -1.497 -1.352 -1.197 -1.036 -0.878 
-0.745 -0.674 -0.687 -0.766 -0.874 -0.978 -1.066 -1.136 -1.188 -1.224 
-1.245 -1.252 -1.248 -1.234 -1.212 -1.188 -1.167 -1.149 -1.134 -1.117 
-1.099 -1.090 -1.104 -1.153 -1.236 -1.344 -1.464 -1.585 -1.703 -1.814 
-1.917 -2.013 -2.101 -2.182 -2.256 -2.325 -2.389 -2.447 -2.502 -2.551 
-2.599 
-2.768 -2.800 -2.832 -2.860 -2.885 -2.908 -2.928 -2.946 -2.961 -2.974 
-2.984 -2.992 -2.998 -3.001 -3.002 -3.000 -2.997 -2.991 -2.982 -2.972 
-2.959 -2.943 -2.925 -2.905 -2.881 -2.856 -2.827 -2.795 -2.761 -2.723 
-2.682 -2.637 -2.589 -2.537 -2.480 -2.419 -2.352 -2.281 -2.203 -2.118 
-2.026 -1.925 -1.815 -1.693 -1.559 -1.410 -1.247 -1.071 -0.894 -0.753 
-0.680 -0.668 -0.710 -0.787 -0.872 -0.947 -1.007 -1.051 -1.078 -1.089 
-1.086 -1.070 -1.043 -1.009 -0.974 -0.949 -0.942 -0.960 -1.000 -1.063 
-1.158 -1.268 -1.377 -1.486 -1.598 -1.712 -1.824 -1.931 -2.030 -2.123 
-2.208 -2.286 -2.358 -2.425 -2.486 -2.543 -2.595 -2.643 -2.688 -2.729 
-2.758 
-2.920 -2.975 -3.008 -3.037 -3.064 -3.088 -3.110 -3.129 -3.145 -3.158 
-3.169 -3.178 -3.184 -3.188 -3.189 -3.188 -3.185 -3.179 -3.171 -3.160 
-3.147 -3.132 -3.114 -3.093 -3.069 -3.043 -3.014 -2.981 -2.946 -2.907 
-2.865 -2.818 -2.768 -2.714 -2.654 -2.590 -2.519 -2.443 -2.359 -2.267 
-2.166 -2.053 -1.928 -1.786 -1.624 -1.437 -1.222 -0.984 -0.767 -0.661 
-0.712 -0.844 -0.989 -1.116 -1.221 -1.303 -1.365 -1.409 -1.435 -1.446 
-1.441 -1.422 -1.388 -1.341 -1.279 -1.204 -1.116 -1.020 -0.939 -0.920 
-0.998 -1.147 -1.318 -1.483 -1.637 -1.781 -1.914 -2.036 -2.148 -2.249 
-2.342 -2.427 -2.505 -2.576 -2.642 -2.702 -2.757 -2.809 -2.856 -2.899 
-2.910 
-2.779 -2.804 -2.840 -2.874 -2.904 -2.931 -2.955 -2.977 -2.995 -3.012 
-3.025 -3.036 -3.045 -3.051 -3.055 -3.057 -3.056 -3.053 -3.047 -3.039 
-3.028 -3.015 -2.999 -2.981 -2.959 -2.936 -2.909 -2.879 -2.846 -2.810 
-2.770 -2.727 -2.679 -2.627 -2.571 -2.509 -2.442 -2.368 -2.287 -2.198 
-2.100 -1.989 -1.865 -1.724 -1.562 -1.371 -1.148 -0.902 -0.689 -0.603 
-0.685 -0.842 -0.990 -1.109 -1.212 -1.302 -1.379 -1.442 -1.491 -1.528 
-1.551 -1.563 -1.563 -1.550 -1.525 -1.485 -1.430 -1.360 -1.285 -1.233 
-1.223 -1.238 -1.272 -1.337 -1.432 -1.547 -1.670 -1.792 -1.908 -2.016 
-2.116 -2.207 -2.292 -2.369 -2.441 -2.506 -2.567 -2.622 -2.674 -2.721 
-2.764 
-2.752 -2.767 -2.797 -2.824 -2.849 -2.872 -2.892 -2.910 -2.926 -2.939 
-2.951 -2.960 -2.967 -2.972 -2.974 -2.975 -2.973 -2.970 -2.964 -2.955 
-2.945 -2.932 -2.917 -2.900 -2.880 -2.858 -2.833 -2.806 -2.776 -2.742 
-2.706 -2.667 -2.625 -2.578 -2.529 -2.475 -2.416 -2.353 -2.285 -2.211 
-2.130 -2.042 -1.945 -1.838 -1.719 -1.584 -1.431 -1.255 -1.069 -0.935 
-0.879 -0.849 -0.837 -0.856 -0.909 -0.983 -1.063 -1.139 -1.207 -1.266 
-1.315 -1.356 -1.390 -1.418 -1.439 -1.456 -1.468 -1.476 -1.484 -1.496 
-1.520 -1.558 -1.610 -1.680 -1.762 -1.850 -1.937 -2.021 -2.100 -2.174 
-2.243 -2.308 -2.369 -2.426 -2.479 -2.529 -2.576 -2.620 -2.661 -2.699 
-2.740 
-2.933 -2.981 -3.013 -3.042 -3.068 -3.092 -3.113 -3.131 -3.148 -3.161 
-3.172 -3.181 -3.188 -3.192 -3.195 -3.194 -3.192 -3.187 -3.180 -3.171 
-3.159 -3.145 -3.128 -3.109 -3.087 -3.063 -3.036 -3.006 -2.973 -2.937 
-2.898 -2.855 -2.809 -2.758 -2.704 -2.645 -2.580 -2.511 -2.435 -2.353 
-2.262 -2.163 -2.054 -1.933 -1.798 -1.645 -1.474 -1.284 -1.088 -0.925 
-0.847 -0.868 -0.948 -1.044 -1.139 -1.225 -1.298 -1.356 -1.399 -1.428 
-1.443 -1.445 -1.434 -1.414 -1.384 -1.349 -1.314 -1.284 -1.268 -1.280 
-1.329 -1.416 -1.531 -1.658 -1.785 -1.907 -2.021 -2.126 -2.223 -2.312 
-2.395 -2.471 -2.541 -2.607 -2.667 -2.723 -2.775 -2.823 -2.868 -2.909 
-2.922 
-2.921 -2.950 -2.980 -3.007 -3.031 -3.053 -3.072 -3.089 -3.104 -3.116 
-3.126 -3.133 -3.138 -3.141 -3.142 -3.141 -3.137 -3.131 -3.122 -3.112 
-3.099 -3.083 -3.065 -3.045 -3.022 -2.996 -2.968 -2.937 -2.903 -2.866 
-2.825 -2.782 -2.734 -2.683 -2.628 -2.568 -2.504 -2.434 -2.359 -2.278 
-2.190 -2.094 -1.991 -1.878 -1.755 -1.622 -1.480 -1.330 -1.180 -1.046 
-0.960 -0.937 -0.961 -1.010 -1.068 -1.124 -1.171 -1.207 -1.230 -1.240 
-1.238 -1.224 -1.203 -1.176 -1.151 -1.137 -1.142 -1.173 -1.230 -1.309 
-1.406 -1.515 -1.629 -1.744 -1.855 -1.961 -2.060 -2.153 -2.241 -2.322 
-2.398 -2.469 -2.535 -2.596 -2.653 -2.706 -2.755 -2.800 -2.842 -2.881 
-2.911 
-2.886 -2.899 -2.932 -2.962 -2.990 -3.015 -3.037 -3.056 -3.074 -3.088 
-3.101 -3.111 -3.118 -3.124 -3.127 -3.128 -3.126 -3.122 -3.116 -3.108 
-3.097 -3.084 -3.068 -3.050 -3.030 -3.006 -2.981 -2.952 -2.920 -2.885 
-2.847 -2.806 -2.761 -2.712 -2.660 -2.603 -2.541 -2.474 -2.401 -2.323 
-2.238 -2.145 -2.045 -1.935 -1.817 -1.691 -1.558 -1.423 -1.292 -1.176 
-1.089 -1.049 -1.060 -1.109 -1.176 -1.246 -1.309 -1.361 -1.401 -1.428 
-1.445 -1.450 -1.447 -1.436 -1.421 -1.408 -1.404 -1.415 -1.440 -1.479 
-1.528 -1.587 -1.655 -1.731 -1.814 -1.900 -1.987 -2.073 -2.157 -2.238 
-2.314 -2.387 -2.455 -2.519 -2.579 -2.636 -2.688 -2.737 -2.782 -2.824 
-2.871 
-3.082 -3.124 -3.153 -3.179 -3.202 -3.223 -3.241 -3.257 -3.270 -3.281 
-3.290 -3.296 -3.300 -3.301 -3.300 -3.297 -3.291 -3.283 -3.273 -3.260 
-3.245 -3.227 -3.207 -3.184 -3.158 -3.129 -3.098 -3.063 -3.026 -2.984 
-2.940 -2.891 -2.838 -2.781 -2.720 -2.653 -2.581 -2.503 -2.418 -2.326 
-2.226 -2.117 -2.000 -1.874 -1.741 -1.605 -1.472 -1.354 -1.282 -1.275 
-1.299 -1.337 -1.387 -1.444 -1.500 -1.547 -1.584 -1.608 -1.620 -1.619 
-1.607 -1.585 -1.553 -1.514 -1.475 -1.443 -1.428 -1.439 -1.477 -1.535 
-1.604 -1.686 -1.787 -1.900 -2.015 -2.126 -2.229 -2.325 -2.415 -2.498 
-2.575 -2.646 -2.712 -2.774 -2.831 -2.883 -2.932 -2.977 -3.019 -3.057 
-3.073 
-3.221 -3.254 -3.287 -3.318 -3.345 -3.370 -3.391 -3.410 -3.426 -3.440 
-3.451 -3.460 -3.466 -3.469 -3.470 -3.469 -3.465 -3.459 -3.451 -3.439 
-3.426 -3.409 -3.390 -3.368 -3.344 -3.316 -3.286 -3.252 -3.215 -3.174 
-3.129 -3.081 -3.028 -2.970 -2.908 -2.839 -2.765 -2.683 -2.593 -2.495 
-2.385 -2.263 -2.126 -1.971 -1.794 -1.594 -1.379 -1.193 -1.109 -1.165 
-1.305 -1.458 -1.591 -1.698 -1.782 -1.847 -1.895 -1.929 -1.948 -1.955 
-1.951 -1.934 -1.906 -1.868 -1.821 -1.767 -1.709 -1.649 -1.584 -1.522 
-1.483 -1.495 -1.572 -1.700 -1.850 -2.001 -2.144 -2.275 -2.393 -2.501 
-2.598 -2.687 -2.769 -2.843 -2.911 -2.973 -3.031 -3.083 -3.132 -3.176 
-3.207 
-3.266 -3.293 -3.326 -3.356 -3.383 -3.407 -3.428 -3.447 -3.463 -3.476 
-3.487 -3.496 -3.502 -3.505 -3.506 -3.505 -3.501 -3.495 -3.486 -3.474 
-3.461 -3.444 -3.425 -3.403 -3.378 -3.351 -3.320 -3.286 -3.249 -3.208 
-3.163 -3.114 -3.061 -3.003 -2.939 -2.870 -2.795 -2.712 -2.621 -2.520 
-2.408 -2.282 -2.141 -1.980 -1.797 -1.590 -1.370 -1.175 -1.102 -1.189 
-1.341 -1.497 -1.633 -1.744 -1.833 -1.903 -1.956 -1.994 -2.020 -2.033 
-2.034 -2.025 -2.005 -1.975 -1.936 -1.888 -1.833 -1.776 -1.723 -1.684 
-1.670 -1.699 -1.774 -1.882 -2.005 -2.131 -2.253 -2.367 -2.474 -2.572 
-2.663 -2.746 -2.823 -2.894 -2.960 -3.020 -3.075 -3.127 -3.174 -3.217 
-3.253 
-3.320 -3.350 -3.380 -3.406 -3.430 -3.450 -3.469 -3.484 -3.498 -3.508 
-3.517 -3.522 -3.526 -3.527 -3.525 -3.522 -3.516 -3.507 -3.496 -3.482 
-3.466 -3.447 -3.426 -3.401 -3.374 -3.344 -3.310 -3.273 -3.233 -3.189 
-3.141 -3.088 -3.031 -2.969 -2.901 -2.826 -2.745 -2.654 -2.554 -2.442 
-2.316 -2.171 -2.001 -1.796 -1.542 -1.267 -1.097 -0.952 -0.910 -1.043 
-1.250 -1.440 -1.591 -1.707 -1.797 -1.864 -1.913 -1.947 -1.967 -1.975 
-1.972 -1.958 -1.934 -1.901 -1.862 -1.819 -1.777 -1.741 -1.722 -1.734 
-1.788 -1.876 -1.984 -2.099 -2.215 -2.327 -2.433 -2.532 -2.624 -2.710 
-2.789 -2.863 -2.931 -2.994 -3.052 -3.106 -3.156 -3.202 -3.244 -3.282 
-3.309 
-3.345 -3.369 -3.398 -3.424 -3.447 -3.467 -3.485 -3.500 -3.512 -3.522 
-3.529 -3.533 -3.536 -3.535 -3.532 -3.527 -3.519 -3.509 -3.496 -3.480 
-3.462 -3.440 -3.416 -3.389 -3.359 -3.326 -3.289 -3.248 -3.203 -3.155 
-3.101 -3.043 -2.979 -2.909 -2.832 -2.747 -2.653 -2.548 -2.429 -2.294 
-2.138 -1.952 -1.726 -1.445 -1.125 -0.890 -0.880 -1.003 -1.178 -1.392 
-1.583 -1.733 -1.846 -1.932 -1.997 -2.044 -2.076 -2.095 -2.100 -2.094 
-2.075 -2.044 -2.001 -1.944 -1.872 -1.787 -1.692 -1.597 -1.524 -1.505 
-1.558 -1.674 -1.823 -1.980 -2.130 -2.268 -2.394 -2.508 -2.611 -2.705 
-2.790 -2.869 -2.940 -3.006 -3.066 -3.122 -3.173 -3.219 -3.262 -3.301 
-3.334 
-3.349 -3.391 -3.423 -3.452 -3.477 -3.500 -3.520 -3.537 -3.552 -3.564 
-3.574 -3.581 -3.585 -3.587 -3.587 -3.584 -3.579 -3.571 -3.560 -3.547 
-3.532 -3.513 -3.492 -3.468 -3.441 -3.411 -3.378 -3.341 -3.301 -3.257 
-3.208 -3.155 -3.098 -3.034 -2.965 -2.889 -2.805 -2.713 -2.609 -2.493 
-2.360 -2.207 -2.025 -1.803 -1.527 -1.225 -1.041 -0.980 -1.113 -1.338 
-1.544 -1.704 -1.828 -1.925 -2.001 -2.059 -2.102 -2.131 -2.147 -2.152 
-2.145 -2.126 -2.096 -2.053 -1.998 -1.930 -1.851 -1.766 -1.689 -1.644 
-1.653 -1.718 -1.828 -1.961 -2.101 -2.237 -2.364 -2.480 -2.587 -2.686 
-2.775 -2.858 -2.933 -3.003 -3.067 -3.126 -3.180 -3.230 -3.276 -3.318 
-3.338 
-3.234 -3.252 -3.284 -3.313 -3.339 -3.362 -3.382 -3.400 -3.415 -3.428 
-3.438 -3.446 -3.452 -3.455 -3.455 -3.454 -3.449 -3.443 -3.434 -3.422 
-3.408 -3.392 -3.373 -3.351 -3.326 -3.299 -3.268 -3.234 -3.197 -3.157 
-3.113 -3.064 -3.012 -2.955 -2.893 -2.826 -2.753 -2.673 -2.586 -2.491 
-2.387 -2.273 -2.147 -2.010 -1.860 -1.692 -1.506 -1.381 -1.410 -1.469 
-1.535 -1.614 -1.696 -1.773 -1.840 -1.895 -1.938 -1.970 -1.991 -2.002 
-2.002 -1.992 -1.973 -1.945 -1.909 -1.865 -1.818 -1.775 -1.744 -1.738 
-1.762 -1.817 -1.896 -1.991 -2.093 -2.196 -2.298 -2.397 -2.490 -2.577 
-2.659 -2.736 -2.807 -2.873 -2.934 -2.991 -3.044 -3.093 -3.138 -3.179 
-3.221 
-3.265 -3.287 -3.315 -3.341 -3.363 -3.383 -3.400 -3.415 -3.427 -3.436 
-3.443 -3.448 -3.450 -3.450 -3.447 -3.442 -3.434 -3.424 -3.411 -3.396 
-3.378 -3.358 -3.335 -3.308 -3.279 -3.247 -3.212 -3.173 -3.130 -3.084 
-3.033 -2.978 -2.919 -2.854 -2.783 -2.706 -2.622 -2.530 -2.429 -2.318 
-2.195 -2.059 -1.909 -1.755 -1.637 -1.591 -1.582 -1.589 -1.617 -1.665 
-1.726 -1.792 -1.854 -1.907 -1.949 -1.981 -2.002 -2.012 -2.012 -2.001 
-1.979 -1.946 -1.902 -1.847 -1.782 -1.710 -1.640 -1.585 -1.563 -1.590 
-1.663 -1.770 -1.894 -2.021 -2.145 -2.263 -2.372 -2.473 -2.567 -2.654 
-2.733 -2.807 -2.874 -2.937 -2.995 -3.048 -3.097 -3.142 -3.183 -3.221 
-3.254 
-3.352 -3.397 -3.425 -3.451 -3.474 -3.493 -3.510 -3.524 -3.536 -3.545 
-3.551 -3.555 -3.556 -3.555 -3.551 -3.545 -3.536 -3.524 -3.510 -3.493 
-3.473 -3.450 -3.424 -3.395 -3.363 -3.327 -3.288 -3.245 -3.197 -3.145 
-3.088 -3.026 -2.958 -2.882 -2.799 -2.708 -2.605 -2.490 -2.360 -2.211 
-2.040 -1.841 -1.622 -1.422 -1.309 -1.329 -1.451 -1.609 -1.755 -1.878 
-1.980 -2.063 -2.131 -2.185 -2.226 -2.256 -2.276 -2.285 -2.284 -2.275 
-2.255 -2.227 -2.189 -2.142 -2.087 -2.027 -1.967 -1.917 -1.891 -1.899 
-1.943 -2.012 -2.095 -2.182 -2.272 -2.365 -2.461 -2.557 -2.650 -2.739 
-2.822 -2.899 -2.970 -3.035 -3.096 -3.151 -3.202 -3.248 -3.291 -3.330 
-3.344 
-3.267 -3.288 -3.324 -3.356 -3.386 -3.412 -3.435 -3.455 -3.472 -3.486 
-3.497 -3.506 -3.512 -3.515 -3.516 -3.514 -3.509 -3.502 -3.492 -3.479 
-3.463 -3.445 -3.423 -3.398 -3.370 -3.339 -3.304 -3.266 -3.223 -3.176 
-3.124 -3.067 -3.005 -2.936 -2.860 -2.776 -2.682 -2.578 -2.461 -2.328 
-2.175 -1.999 -1.799 -1.583 -1.402 -1.322 -1.374 -1.522 -1.696 -1.854 
-1.985 -2.093 -2.181 -2.251 -2.308 -2.353 -2.386 -2.410 -2.424 -2.429 
-2.426 -2.414 -2.395 -2.367 -2.331 -2.289 -2.241 -2.191 -2.144 -2.104 
-2.074 -2.052 -2.040 -2.042 -2.067 -2.119 -2.194 -2.287 -2.386 -2.487 
-2.585 -2.677 -2.763 -2.843 -2.917 -2.984 -3.047 -3.104 -3.156 -3.204 
-3.251 
-3.307 -3.334 -3.365 -3.392 -3.416 -3.437 -3.455 -3.471 -3.484 -3.494 
-3.502 -3.507 -3.509 -3.509 -3.507 -3.502 -3.494 -3.484 -3.471 -3.456 
-3.438 -3.417 -3.393 -3.366 -3.335 -3.302 -3.265 -3.224 -3.179 -3.131 
-3.077 -3.019 -2.955 -2.885 -2.809 -2.725 -2.632 -2.531 -2.418 -2.293 
-2.154 -2.003 -1.843 -1.684 -1.549 -1.468 -1.474 -1.557 -1.679 -1.802 
-1.910 -2.001 -2.076 -2.136 -2.183 -2.218 -2.243 -2.257 -2.263 -2.258 
-2.245 -2.223 -2.193 -2.153 -2.106 -2.053 -1.996 -1.942 -1.900 -1.879 
-1.888 -1.930 -1.997 -2.080 -2.172 -2.269 -2.368 -2.467 -2.564 -2.655 
-2.740 -2.819 -2.892 -2.960 -3.022 -3.079 -3.131 -3.180 -3.224 -3.264 
-3.296 
-3.386 -3.420 -3.451 -3.478 -3.502 -3.523 -3.542 -3.558 -3.571 -3.581 
-3.590 -3.595 -3.598 -3.599 -3.597 -3.592 -3.585 -3.576 -3.564 -3.549 
-3.532 -3.512 -3.489 -3.463 -3.434 -3.401 -3.366 -3.327 -3.284 -3.237 
-3.185 -3.129 -3.068 -3.001 -2.927 -2.847 -2.758 -2.660 -2.551 -2.430 
-2.294 -2.141 -1.971 -1.786 -1.600 -1.443 -1.360 -1.386 -1.502 -1.651 
-1.791 -1.909 -2.005 -2.081 -2.141 -2.186 -2.217 -2.237 -2.247 -2.245 
-2.233 -2.211 -2.179 -2.136 -2.084 -2.022 -1.955 -1.887 -1.829 -1.796 
-1.803 -1.859 -1.954 -2.072 -2.198 -2.322 -2.439 -2.549 -2.650 -2.744 
-2.829 -2.908 -2.981 -3.048 -3.110 -3.166 -3.218 -3.266 -3.310 -3.350 
-3.375 
-3.387 -3.405 -3.434 -3.460 -3.484 -3.504 -3.521 -3.536 -3.548 -3.557 
-3.564 -3.568 -3.570 -3.569 -3.566 -3.560 -3.552 -3.541 -3.527 -3.511 
-3.492 -3.470 -3.446 -3.418 -3.387 -3.353 -3.315 -3.273 -3.228 -3.178 
-3.124 -3.065 -3.000 -2.929 -2.852 -2.767 -2.673 -2.570 -2.454 -2.326 
-2.182 -2.023 -1.850 -1.679 -1.539 -1.464 -1.466 -1.539 -1.654 -1.773 
-1.878 -1.966 -2.038 -2.095 -2.139 -2.170 -2.189 -2.199 -2.198 -2.188 
-2.170 -2.146 -2.115 -2.079 -2.037 -1.986 -1.923 -1.848 -1.773 -1.717 
-1.706 -1.757 -1.861 -1.996 -2.139 -2.277 -2.406 -2.524 -2.630 -2.728 
-2.816 -2.897 -2.970 -3.037 -3.099 -3.156 -3.207 -3.254 -3.298 -3.337 
-3.374 
-3.415 -3.455 -3.478 -3.499 -3.517 -3.533 -3.546 -3.557 -3.565 -3.571 
-3.574 -3.575 -3.574 -3.570 -3.564 -3.555 -3.544 -3.531 -3.515 -3.496 
-3.475 -3.451 -3.425 -3.395 -3.362 -3.327 -3.288 -3.245 -3.199 -3.148 
-3.094 -3.035 -2.971 -2.902 -2.826 -2.744 -2.655 -2.558 -2.451 -2.335 
-2.207 -2.068 -1.919 -1.767 -1.626 -1.523 -1.478 -1.487 -1.536 -1.606 
-1.680 -1.749 -1.807 -1.853 -1.887 -1.909 -1.920 -1.922 -1.915 -1.902 
-1.885 -1.870 -1.861 -1.865 -1.884 -1.921 -1.968 -2.019 -2.064 -2.101 
-2.147 -2.216 -2.309 -2.410 -2.508 -2.600 -2.687 -2.768 -2.844 -2.915 
-2.981 -3.043 -3.101 -3.155 -3.204 -3.250 -3.292 -3.331 -3.367 -3.399 
-3.408 
-3.321 -3.330 -3.361 -3.389 -3.414 -3.436 -3.456 -3.472 -3.486 -3.498 
-3.507 -3.513 -3.517 -3.518 -3.517 -3.513 -3.506 -3.497 -3.486 -3.471 
-3.454 -3.434 -3.411 -3.385 -3.355 -3.323 -3.286 -3.246 -3.202 -3.153 
-3.100 -3.042 -2.977 -2.906 -2.828 -2.742 -2.646 -2.539 -2.422 -2.296 
-2.169 -2.052 -1.943 -1.827 -1.710 -1.622 -1.595 -1.636 -1.723 -1.826 
-1.927 -2.016 -2.091 -2.153 -2.202 -2.240 -2.267 -2.283 -2.291 -2.291 
-2.283 -2.271 -2.256 -2.239 -2.221 -2.196 -2.162 -2.123 -2.106 -2.138 
-2.196 -2.251 -2.299 -2.343 -2.390 -2.444 -2.503 -2.568 -2.636 -2.705 
-2.773 -2.840 -2.904 -2.965 -3.023 -3.077 -3.128 -3.175 -3.219 -3.259 
-3.306 
-3.453 -3.484 -3.509 -3.530 -3.549 -3.564 -3.577 -3.587 -3.595 -3.600 
-3.602 -3.601 -3.598 -3.592 -3.583 -3.572 -3.558 -3.541 -3.521 -3.498 
-3.471 -3.442 -3.409 -3.372 -3.331 -3.287 -3.237 -3.183 -3.124 -3.058 
-2.987 -2.907 -2.820 -2.723 -2.615 -2.494 -2.360 -2.211 -2.050 -1.894 
-1.779 -1.739 -1.763 -1.823 -1.890 -1.947 -2.007 -2.084 -2.171 -2.251 
-2.319 -2.374 -2.417 -2.447 -2.466 -2.475 -2.474 -2.463 -2.442 -2.410 
-2.366 -2.310 -2.238 -2.151 -2.045 -1.923 -1.796 -1.689 -1.644 -1.683 
-1.795 -1.952 -2.117 -2.269 -2.403 -2.521 -2.628 -2.724 -2.812 -2.894 
-2.969 -3.039 -3.103 -3.162 -3.216 -3.266 -3.311 -3.353 -3.391 -3.425 
-3.444 
-3.581 -3.608 -3.632 -3.652 -3.670 -3.684 -3.696 -3.704 -3.710 -3.713 
-3.714 -3.711 -3.706 -3.699 -3.688 -3.674 -3.658 -3.638 -3.616 -3.590 
-3.561 -3.528 -3.491 -3.451 -3.406 -3.357 -3.302 -3.242 -3.176 -3.103 
-3.022 -2.933 -2.832 -2.720 -2.592 -2.447 -2.280 -2.092 -1.891 -1.718 
-1.636 -1.680 -1.811 -1.966 -2.112 -2.239 -2.345 -2.434 -2.507 -2.567 
-2.615 -2.652 -2.680 -2.698 -2.708 -2.709 -2.702 -2.687 -2.662 -2.629 
-2.585 -2.530 -2.462 -2.380 -2.283 -2.169 -2.041 -1.907 -1.793 -1.731 
-1.755 -1.872 -2.046 -2.229 -2.399 -2.550 -2.682 -2.799 -2.903 -2.996 
-3.079 -3.155 -3.223 -3.285 -3.341 -3.392 -3.438 -3.480 -3.517 -3.551 
-3.571 
-3.588 -3.610 -3.631 -3.650 -3.665 -3.678 -3.688 -3.695 -3.700 -3.701 
-3.700 -3.697 -3.691 -3.681 -3.670 -3.655 -3.637 -3.617 -3.593 -3.566 
-3.535 -3.502 -3.464 -3.422 -3.376 -3.325 -3.270 -3.208 -3.141 -3.066 
-2.984 -2.893 -2.791 -2.677 -2.549 -2.405 -2.245 -2.073 -1.907 -1.780 
-1.735 -1.781 -1.871 -1.967 -2.074 -2.186 -2.291 -2.382 -2.457 -2.518 
-2.567 -2.604 -2.632 -2.650 -2.659 -2.660 -2.652 -2.636 -2.612 -2.578 
-2.535 -2.482 -2.418 -2.345 -2.263 -2.175 -2.092 -2.024 -1.987 -1.988 
-2.045 -2.159 -2.297 -2.435 -2.564 -2.682 -2.789 -2.887 -2.975 -3.056 
-3.130 -3.197 -3.258 -3.314 -3.365 -3.411 -3.454 -3.492 -3.527 -3.558 
-3.580 
-3.558 -3.574 -3.599 -3.620 -3.639 -3.656 -3.669 -3.680 -3.688 -3.693 
-3.696 -3.696 -3.694 -3.689 -3.681 -3.671 -3.658 -3.642 -3.623 -3.602 
-3.577 -3.549 -3.518 -3.483 -3.444 -3.402 -3.355 -3.304 -3.247 -3.185 
-3.117 -3.041 -2.958 -2.865 -2.762 -2.646 -2.516 -2.371 -2.218 -2.071 
-1.946 -1.836 -1.747 -1.713 -1.756 -1.858 -1.981 -2.101 -2.207 -2.296 
-2.369 -2.429 -2.476 -2.512 -2.537 -2.554 -2.561 -2.560 -2.550 -2.532 
-2.505 -2.469 -2.425 -2.373 -2.314 -2.251 -2.189 -2.137 -2.109 -2.114 
-2.153 -2.221 -2.310 -2.411 -2.517 -2.621 -2.721 -2.815 -2.903 -2.984 
-3.059 -3.129 -3.193 -3.252 -3.306 -3.355 -3.401 -3.443 -3.480 -3.515 
-3.543 
