IRGRID 64 91
1e+308

0.025 0.03 0.035 0.04 0.045 0.05 0.055 0.06 0.065 0.07
0.075 0.08 0.085 0.09 0.095 0.1 0.11 0.12 0.13 0.14
0.15 0.16 0.17 0.18 0.19 0.2 0.21 0.22 0.23 0.24
0.25 0.26 0.27 0.28 0.29 0.3 0.31 0.32 0.33 0.34
0.35 0.36 0.37 0.38 0.39 0.4 0.41 0.42 0.43 0.44
0.45 0.46 0.47 0.48 0.49 0.5 0.51 0.52 0.53 0.54
0.55 0.56 0.57 0.58
0 4 8 12 16 20 24 28 32 36
40 44 48 52 56 60 64 68 72 76
80 84 88 92 96 100 104 108 112 116
120 124 128 132 136 140 144 148 152 156
160 164 168 172 176 180 184 188 192 196
200 204 208 212 216 220 224 228 232 236
240 244 248 252 256 260 264 268 272 276
280 284 288 292 296 300 304 308 312 316
320 324 328 332 336 340 344 348 352 356
360
-3.933 -3.983 -3.994 -4.000 -4.000 -4.000 -4.000 -4.000 -4.000 -4.000 
-4.000 -4.000 -4.000 -3.993 -3.982 -3.970 -3.956 -3.941 -3.924 -3.905 
-3.885 -3.863 -3.840 -3.816 -3.790 -3.763 -3.735 -3.706 -3.676 -3.646 
-3.615 -3.585 -3.555 -3.525 -3.497 -3.470 -3.445 -3.421 -3.398 -3.377 
-3.357 -3.338 -3.318 -3.298 -3.277 -3.254 -3.229 -3.202 -3.173 -3.140 
-3.103 -3.063 -3.020 -2.972 -2.920 -2.866 -2.810 -2.754 -2.701 -2.655 
-2.622 -2.604 -2.606 -2.628 -2.671 -2.732 -2.806 -2.889 -2.973 -3.057 
-3.138 -3.215 -3.287 -3.355 -3.418 -3.477 -3.531 -3.582 -3.629 -3.673 
-3.714 -3.751 -3.786 -3.817 -3.846 -3.873 -3.897 -3.919 -3.938 -3.955 
-3.928 
-3.500 -3.533 -3.527 -3.519 -3.508 -3.495 -3.481 -3.467 -3.453 -3.441 
-3.430 -3.422 -3.416 -3.414 -3.413 -3.415 -3.416 -3.418 -3.418 -3.416 
-3.411 -3.403 -3.392 -3.377 -3.360 -3.339 -3.315 -3.288 -3.260 -3.230 
-3.199 -3.168 -3.138 -3.108 -3.080 -3.054 -3.030 -3.010 -2.991 -2.976 
-2.962 -2.950 -2.939 -2.928 -2.916 -2.903 -2.887 -2.869 -2.847 -2.821 
-2.790 -2.754 -2.713 -2.666 -2.614 -2.561 -2.509 -2.463 -2.424 -2.389 
-2.358 -2.332 -2.317 -2.319 -2.344 -2.393 -2.462 -2.543 -2.631 -2.719 
-2.805 -2.887 -2.963 -3.034 -3.099 -3.158 -3.213 -3.262 -3.307 -3.348 
-3.384 -3.416 -3.444 -3.468 -3.488 -3.505 -3.518 -3.528 -3.534 -3.537 
-3.497 
-3.067 -3.041 -3.023 -3.003 -2.981 -2.958 -2.935 -2.913 -2.893 -2.877 
-2.865 -2.859 -2.858 -2.863 -2.874 -2.890 -2.910 -2.932 -2.957 -2.983 
-3.008 -3.032 -3.055 -3.076 -3.094 -3.109 -3.121 -3.130 -3.135 -3.137 
-3.135 -3.130 -3.121 -3.109 -3.094 -3.074 -3.051 -3.025 -2.993 -2.957 
-2.915 -2.867 -2.811 -2.748 -2.678 -2.603 -2.530 -2.465 -2.417 -2.388 
-2.372 -2.356 -2.333 -2.298 -2.253 -2.207 -2.169 -2.150 -2.156 -2.187 
-2.233 -2.285 -2.338 -2.388 -2.434 -2.476 -2.511 -2.537 -2.550 -2.548 
-2.533 -2.509 -2.483 -2.469 -2.480 -2.522 -2.589 -2.668 -2.749 -2.823 
-2.887 -2.941 -2.985 -3.018 -3.043 -3.060 -3.070 -3.074 -3.073 -3.066 
-3.076 
-2.650 -2.718 -2.719 -2.716 -2.708 -2.696 -2.680 -2.662 -2.641 -2.619 
-2.596 -2.573 -2.552 -2.533 -2.517 -2.507 -2.502 -2.503 -2.510 -2.523 
-2.540 -2.561 -2.584 -2.607 -2.630 -2.652 -2.671 -2.687 -2.700 -2.708 
-2.713 -2.712 -2.707 -2.695 -2.679 -2.655 -2.625 -2.588 -2.544 -2.491 
-2.430 -2.360 -2.282 -2.195 -2.103 -2.011 -1.925 -1.857 -1.815 -1.803 
-1.815 -1.842 -1.870 -1.891 -1.895 -1.880 -1.842 -1.779 -1.688 -1.571 
-1.449 -1.375 -1.403 -1.513 -1.641 -1.748 -1.824 -1.869 -1.885 -1.878 
-1.853 -1.818 -1.784 -1.766 -1.775 -1.819 -1.892 -1.984 -2.083 -2.180 
-2.271 -2.353 -2.426 -2.489 -2.543 -2.589 -2.627 -2.658 -2.682 -2.700 
-2.643 
-2.126 -2.098 -2.081 -2.062 -2.040 -2.016 -1.989 -1.961 -1.932 -1.901 
-1.871 -1.842 -1.814 -1.790 -1.770 -1.756 -1.748 -1.747 -1.753 -1.765 
-1.783 -1.805 -1.831 -1.858 -1.887 -1.915 -1.943 -1.970 -1.995 -2.018 
-2.038 -2.056 -2.071 -2.083 -2.093 -2.099 -2.101 -2.100 -2.096 -2.088 
-2.075 -2.058 -2.037 -2.010 -1.978 -1.940 -1.899 -1.855 -1.810 -1.766 
-1.719 -1.665 -1.600 -1.523 -1.430 -1.320 -1.187 -1.026 -0.826 -0.579 
-0.390 -0.464 -0.590 -0.738 -0.904 -1.066 -1.211 -1.336 -1.443 -1.534 
-1.610 -1.674 -1.727 -1.773 -1.817 -1.863 -1.909 -1.954 -1.994 -2.029 
-2.058 -2.082 -2.101 -2.116 -2.126 -2.132 -2.135 -2.134 -2.130 -2.122 
-2.132 
-1.940 -1.960 -1.954 -1.945 -1.934 -1.921 -1.907 -1.891 -1.874 -1.855 
-1.837 -1.818 -1.800 -1.783 -1.768 -1.755 -1.745 -1.738 -1.735 -1.735 
-1.737 -1.742 -1.748 -1.755 -1.763 -1.770 -1.776 -1.781 -1.784 -1.784 
-1.782 -1.777 -1.769 -1.757 -1.742 -1.723 -1.700 -1.673 -1.642 -1.607 
-1.568 -1.525 -1.477 -1.425 -1.368 -1.308 -1.245 -1.180 -1.115 -1.053 
-0.996 -0.948 -0.909 -0.878 -0.846 -0.798 -0.712 -0.564 -0.326 -0.048 
0.098 -0.053 -0.340 -0.607 -0.815 -0.978 -1.111 -1.221 -1.315 -1.396 
-1.467 -1.530 -1.586 -1.637 -1.682 -1.723 -1.760 -1.793 -1.823 -1.850 
-1.873 -1.894 -1.912 -1.928 -1.940 -1.951 -1.958 -1.963 -1.966 -1.967 
-1.942 
-1.736 -1.712 -1.720 -1.727 -1.732 -1.736 -1.738 -1.739 -1.738 -1.736 
-1.732 -1.727 -1.721 -1.713 -1.704 -1.693 -1.681 -1.668 -1.653 -1.637 
-1.618 -1.597 -1.573 -1.546 -1.514 -1.476 -1.429 -1.373 -1.302 -1.215 
-1.119 -1.044 -1.025 -1.054 -1.089 -1.106 -1.103 -1.084 -1.053 -1.013 
-0.966 -0.913 -0.856 -0.794 -0.728 -0.660 -0.589 -0.519 -0.451 -0.388 
-0.336 -0.299 -0.279 -0.280 -0.300 -0.334 -0.375 -0.413 -0.427 -0.379 
-0.299 -0.351 -0.200 -0.174 -0.552 -0.759 -0.882 -0.969 -1.039 -1.099 
-1.152 -1.201 -1.246 -1.288 -1.327 -1.364 -1.398 -1.431 -1.462 -1.491 
-1.518 -1.543 -1.567 -1.590 -1.610 -1.629 -1.647 -1.663 -1.677 -1.690 
-1.731 
-1.869 -1.945 -1.949 -1.951 -1.950 -1.947 -1.941 -1.934 -1.924 -1.911 
-1.896 -1.878 -1.858 -1.835 -1.810 -1.781 -1.749 -1.714 -1.675 -1.633 
-1.585 -1.533 -1.474 -1.407 -1.331 -1.244 -1.141 -1.021 -0.882 -0.732 
-0.591 -0.499 -0.492 -0.565 -0.679 -0.797 -0.899 -0.981 -1.043 -1.088 
-1.117 -1.134 -1.138 -1.131 -1.115 -1.090 -1.057 -1.017 -0.974 -0.929 
-0.886 -0.848 -0.818 -0.795 -0.775 -0.750 -0.711 -0.648 -0.551 -0.409 
-0.203 0.113 0.423 0.460 0.133 -0.258 -0.527 -0.726 -0.884 -1.015 
-1.127 -1.224 -1.308 -1.383 -1.451 -1.511 -1.565 -1.614 -1.659 -1.699 
-1.736 -1.769 -1.799 -1.826 -1.850 -1.871 -1.889 -1.905 -1.919 -1.930 
-1.868 
-1.508 -1.501 -1.507 -1.510 -1.510 -1.508 -1.504 -1.498 -1.489 -1.478 
-1.465 -1.449 -1.432 -1.413 -1.392 -1.369 -1.345 -1.319 -1.292 -1.264 
-1.235 -1.207 -1.177 -1.148 -1.119 -1.090 -1.060 -1.027 -0.989 -0.944 
-0.892 -0.850 -0.845 -0.874 -0.910 -0.939 -0.959 -0.972 -0.979 -0.981 
-0.978 -0.972 -0.962 -0.948 -0.930 -0.907 -0.880 -0.847 -0.810 -0.767 
-0.719 -0.664 -0.602 -0.533 -0.455 -0.367 -0.268 -0.155 -0.027 0.116 
0.266 0.403 0.504 0.485 0.315 0.139 -0.034 -0.192 -0.333 -0.459 
-0.572 -0.674 -0.765 -0.848 -0.923 -0.991 -1.054 -1.111 -1.162 -1.210 
-1.253 -1.292 -1.327 -1.358 -1.387 -1.412 -1.434 -1.453 -1.469 -1.482 
-1.506 
-1.455 -1.460 -1.481 -1.500 -1.517 -1.531 -1.543 -1.553 -1.561 -1.566 
-1.569 -1.570 -1.569 -1.565 -1.560 -1.552 -1.542 -1.530 -1.516 -1.500 
-1.482 -1.462 -1.441 -1.418 -1.395 -1.370 -1.344 -1.318 -1.291 -1.265 
-1.238 -1.213 -1.189 -1.165 -1.142 -1.120 -1.097 -1.073 -1.046 -1.017 
-0.984 -0.948 -0.908 -0.864 -0.817 -0.766 -0.711 -0.652 -0.590 -0.524 
-0.454 -0.380 -0.301 -0.218 -0.128 -0.031 0.073 0.187 0.310 0.440 
0.568 0.673 0.728 0.719 0.702 0.573 0.351 0.172 0.019 -0.117 
-0.240 -0.352 -0.454 -0.548 -0.636 -0.717 -0.792 -0.862 -0.927 -0.988 
-1.045 -1.099 -1.148 -1.194 -1.238 -1.278 -1.315 -1.349 -1.381 -1.409 
-1.444 
-1.548 -1.592 -1.589 -1.582 -1.572 -1.559 -1.543 -1.525 -1.508 -1.493 
-1.481 -1.475 -1.473 -1.476 -1.481 -1.485 -1.487 -1.485 -1.478 -1.465 
-1.446 -1.422 -1.393 -1.359 -1.321 -1.280 -1.237 -1.192 -1.148 -1.105 
-1.066 -1.032 -1.005 -0.986 -0.974 -0.970 -0.972 -0.979 -0.988 -0.998 
-1.008 -1.015 -1.019 -1.019 -1.015 -1.005 -0.989 -0.968 -0.940 -0.907 
-0.866 -0.819 -0.764 -0.702 -0.631 -0.551 -0.461 -0.357 -0.239 -0.103 
0.054 0.251 0.544 0.683 0.860 0.789 0.455 0.091 -0.169 -0.366 
-0.525 -0.658 -0.774 -0.876 -0.967 -1.048 -1.121 -1.187 -1.246 -1.300 
-1.349 -1.392 -1.431 -1.466 -1.496 -1.522 -1.543 -1.561 -1.575 -1.585 
-1.546 
-1.338 -1.283 -1.251 -1.217 -1.180 -1.142 -1.103 -1.067 -1.036 -1.011 
-0.997 -0.995 -1.006 -1.028 -1.061 -1.101 -1.145 -1.190 -1.234 -1.275 
-1.311 -1.342 -1.366 -1.384 -1.395 -1.399 -1.398 -1.392 -1.384 -1.375 
-1.367 -1.361 -1.359 -1.361 -1.366 -1.374 -1.383 -1.394 -1.405 -1.414 
-1.420 -1.424 -1.424 -1.420 -1.412 -1.399 -1.380 -1.357 -1.327 -1.291 
-1.248 -1.198 -1.139 -1.070 -0.990 -0.895 -0.783 -0.647 -0.479 -0.260 
0.049 0.501 0.846 0.762 0.566 0.364 0.000 -0.284 -0.493 -0.655 
-0.785 -0.892 -0.982 -1.059 -1.124 -1.180 -1.228 -1.268 -1.302 -1.330 
-1.352 -1.369 -1.380 -1.387 -1.390 -1.387 -1.381 -1.369 -1.354 -1.334 
-1.351 
-1.591 -1.637 -1.629 -1.618 -1.604 -1.587 -1.568 -1.548 -1.529 -1.512 
-1.499 -1.491 -1.488 -1.490 -1.493 -1.496 -1.495 -1.490 -1.479 -1.461 
-1.437 -1.407 -1.372 -1.333 -1.292 -1.250 -1.209 -1.171 -1.140 -1.118 
-1.105 -1.102 -1.109 -1.124 -1.145 -1.169 -1.196 -1.222 -1.248 -1.271 
-1.290 -1.306 -1.319 -1.326 -1.330 -1.328 -1.322 -1.310 -1.294 -1.271 
-1.242 -1.207 -1.165 -1.114 -1.054 -0.984 -0.901 -0.801 -0.682 -0.533 
-0.341 -0.066 0.341 0.382 0.451 0.472 0.251 -0.058 -0.325 -0.532 
-0.697 -0.834 -0.949 -1.048 -1.134 -1.209 -1.276 -1.334 -1.386 -1.432 
-1.472 -1.507 -1.538 -1.564 -1.586 -1.605 -1.619 -1.630 -1.637 -1.641 
-1.589 
-1.543 -1.525 -1.539 -1.553 -1.566 -1.578 -1.589 -1.600 -1.610 -1.619 
-1.628 -1.636 -1.643 -1.649 -1.654 -1.658 -1.660 -1.660 -1.659 -1.655 
-1.649 -1.641 -1.630 -1.616 -1.600 -1.583 -1.564 -1.545 -1.528 -1.513 
-1.501 -1.494 -1.489 -1.487 -1.486 -1.486 -1.484 -1.481 -1.476 -1.468 
-1.457 -1.444 -1.427 -1.408 -1.384 -1.357 -1.326 -1.290 -1.250 -1.205 
-1.153 -1.095 -1.030 -0.955 -0.870 -0.773 -0.659 -0.526 -0.371 -0.207 
-0.072 0.048 0.202 0.331 0.365 0.278 0.056 -0.163 -0.344 -0.494 
-0.620 -0.727 -0.820 -0.902 -0.974 -1.038 -1.095 -1.147 -1.193 -1.234 
-1.272 -1.306 -1.338 -1.366 -1.392 -1.416 -1.438 -1.458 -1.477 -1.494 
-1.536 
-1.755 -1.805 -1.813 -1.820 -1.825 -1.828 -1.829 -1.828 -1.826 -1.822 
-1.816 -1.809 -1.800 -1.789 -1.776 -1.762 -1.746 -1.728 -1.709 -1.689 
-1.667 -1.644 -1.621 -1.597 -1.572 -1.547 -1.522 -1.497 -1.473 -1.449 
-1.425 -1.402 -1.380 -1.359 -1.339 -1.320 -1.302 -1.284 -1.267 -1.250 
-1.232 -1.213 -1.193 -1.172 -1.147 -1.120 -1.090 -1.054 -1.014 -0.968 
-0.914 -0.852 -0.780 -0.695 -0.595 -0.476 -0.333 -0.165 0.020 0.174 
0.224 0.146 0.030 -0.027 -0.016 0.236 0.321 -0.207 -0.519 -0.721 
-0.871 -0.991 -1.091 -1.178 -1.254 -1.321 -1.381 -1.434 -1.483 -1.527 
-1.566 -1.602 -1.634 -1.663 -1.690 -1.713 -1.734 -1.752 -1.769 -1.783 
-1.754 
-1.693 -1.685 -1.692 -1.697 -1.700 -1.700 -1.698 -1.694 -1.687 -1.679 
-1.668 -1.656 -1.642 -1.626 -1.609 -1.591 -1.571 -1.551 -1.531 -1.510 
-1.490 -1.470 -1.451 -1.433 -1.417 -1.403 -1.391 -1.381 -1.373 -1.366 
-1.362 -1.358 -1.356 -1.354 -1.353 -1.351 -1.349 -1.346 -1.342 -1.336 
-1.329 -1.321 -1.310 -1.297 -1.281 -1.262 -1.241 -1.216 -1.187 -1.153 
-1.115 -1.070 -1.019 -0.959 -0.889 -0.806 -0.707 -0.586 -0.443 -0.290 
-0.175 -0.078 0.122 0.386 0.573 0.889 0.963 0.580 0.091 -0.224 
-0.449 -0.623 -0.766 -0.886 -0.989 -1.079 -1.158 -1.229 -1.292 -1.348 
-1.398 -1.443 -1.484 -1.520 -1.552 -1.581 -1.606 -1.628 -1.646 -1.662 
-1.689 
-1.735 -1.758 -1.775 -1.789 -1.801 -1.810 -1.818 -1.823 -1.827 -1.828 
-1.827 -1.825 -1.821 -1.814 -1.807 -1.797 -1.786 -1.773 -1.759 -1.744 
-1.728 -1.711 -1.693 -1.674 -1.655 -1.635 -1.615 -1.594 -1.573 -1.551 
-1.529 -1.506 -1.482 -1.458 -1.432 -1.406 -1.379 -1.351 -1.322 -1.292 
-1.261 -1.230 -1.198 -1.165 -1.130 -1.095 -1.057 -1.018 -0.976 -0.931 
-0.883 -0.831 -0.773 -0.710 -0.639 -0.559 -0.466 -0.359 -0.230 -0.073 
0.128 0.391 0.697 0.899 0.817 0.653 0.526 0.105 -0.166 -0.366 
-0.529 -0.666 -0.786 -0.891 -0.985 -1.070 -1.148 -1.218 -1.282 -1.341 
-1.395 -1.445 -1.491 -1.533 -1.571 -1.607 -1.639 -1.668 -1.694 -1.718 
-1.729 
-1.773 -1.783 -1.808 -1.831 -1.852 -1.870 -1.886 -1.900 -1.912 -1.922 
-1.930 -1.936 -1.940 -1.942 -1.943 -1.941 -1.938 -1.932 -1.925 -1.916 
-1.905 -1.892 -1.878 -1.861 -1.843 -1.822 -1.800 -1.776 -1.750 -1.722 
-1.692 -1.660 -1.626 -1.590 -1.552 -1.512 -1.469 -1.425 -1.379 -1.331 
-1.281 -1.231 -1.180 -1.129 -1.078 -1.029 -0.980 -0.932 -0.883 -0.832 
-0.779 -0.722 -0.662 -0.597 -0.525 -0.447 -0.360 -0.261 -0.147 -0.014 
0.146 0.342 0.576 0.794 0.851 0.850 0.552 0.246 0.005 -0.193 
-0.362 -0.508 -0.637 -0.752 -0.856 -0.951 -1.038 -1.117 -1.191 -1.260 
-1.323 -1.382 -1.437 -1.488 -1.535 -1.579 -1.620 -1.658 -1.694 -1.726 
-1.762 
-1.857 -1.914 -1.935 -1.954 -1.971 -1.985 -1.997 -2.007 -2.015 -2.020 
-2.023 -2.025 -2.024 -2.021 -2.017 -2.010 -2.001 -1.990 -1.977 -1.963 
-1.946 -1.927 -1.906 -1.882 -1.857 -1.829 -1.799 -1.767 -1.732 -1.694 
-1.654 -1.611 -1.565 -1.516 -1.464 -1.409 -1.351 -1.290 -1.228 -1.164 
-1.099 -1.036 -0.976 -0.921 -0.873 -0.832 -0.800 -0.774 -0.754 -0.738 
-0.722 -0.705 -0.685 -0.659 -0.626 -0.584 -0.531 -0.466 -0.385 -0.285 
-0.159 0.002 0.212 0.496 0.864 1.110 0.855 0.408 0.032 -0.233 
-0.440 -0.611 -0.757 -0.884 -0.997 -1.098 -1.189 -1.271 -1.347 -1.416 
-1.479 -1.537 -1.591 -1.641 -1.686 -1.728 -1.766 -1.802 -1.834 -1.863 
-1.851 
-1.657 -1.650 -1.668 -1.684 -1.697 -1.709 -1.718 -1.725 -1.731 -1.734 
-1.736 -1.736 -1.734 -1.731 -1.726 -1.719 -1.711 -1.702 -1.691 -1.678 
-1.664 -1.649 -1.633 -1.615 -1.596 -1.576 -1.555 -1.534 -1.511 -1.487 
-1.463 -1.438 -1.412 -1.385 -1.359 -1.331 -1.304 -1.276 -1.247 -1.219 
-1.190 -1.161 -1.132 -1.103 -1.075 -1.049 -1.023 -0.999 -0.974 -0.948 
-0.920 -0.889 -0.853 -0.812 -0.764 -0.709 -0.645 -0.570 -0.483 -0.380 
-0.257 -0.110 0.068 0.279 0.513 0.753 0.615 0.469 0.173 -0.082 
-0.284 -0.450 -0.590 -0.712 -0.819 -0.914 -0.999 -1.076 -1.145 -1.209 
-1.266 -1.319 -1.368 -1.412 -1.453 -1.490 -1.524 -1.554 -1.582 -1.608 
-1.648 
-1.747 -1.776 -1.795 -1.812 -1.826 -1.837 -1.846 -1.853 -1.857 -1.860 
-1.860 -1.858 -1.854 -1.848 -1.839 -1.829 -1.816 -1.802 -1.785 -1.767 
-1.746 -1.723 -1.699 -1.672 -1.644 -1.614 -1.582 -1.549 -1.514 -1.478 
-1.441 -1.404 -1.367 -1.330 -1.294 -1.260 -1.227 -1.197 -1.171 -1.147 
-1.126 -1.108 -1.093 -1.079 -1.067 -1.055 -1.043 -1.030 -1.016 -0.999 
-0.980 -0.957 -0.930 -0.898 -0.860 -0.816 -0.763 -0.701 -0.628 -0.540 
-0.435 -0.307 -0.150 0.045 0.276 0.521 0.734 0.784 0.512 0.141 
-0.157 -0.383 -0.563 -0.713 -0.841 -0.953 -1.051 -1.139 -1.218 -1.290 
-1.355 -1.414 -1.468 -1.517 -1.561 -1.602 -1.639 -1.673 -1.703 -1.730 
-1.740 
-1.806 -1.820 -1.840 -1.858 -1.873 -1.886 -1.897 -1.905 -1.911 -1.915 
-1.917 -1.917 -1.915 -1.910 -1.904 -1.895 -1.885 -1.872 -1.858 -1.841 
-1.822 -1.802 -1.779 -1.754 -1.728 -1.699 -1.669 -1.637 -1.604 -1.569 
-1.533 -1.495 -1.457 -1.419 -1.380 -1.341 -1.303 -1.266 -1.229 -1.194 
-1.160 -1.126 -1.094 -1.063 -1.033 -1.004 -0.975 -0.947 -0.918 -0.888 
-0.856 -0.823 -0.786 -0.745 -0.699 -0.646 -0.586 -0.514 -0.431 -0.331 
-0.210 -0.062 0.120 0.332 0.523 0.601 0.551 0.432 0.122 -0.147 
-0.358 -0.531 -0.678 -0.806 -0.919 -1.019 -1.110 -1.192 -1.266 -1.334 
-1.397 -1.454 -1.507 -1.555 -1.600 -1.641 -1.678 -1.712 -1.743 -1.772 
-1.797 
-1.894 -1.907 -1.923 -1.935 -1.945 -1.953 -1.959 -1.962 -1.963 -1.961 
-1.958 -1.952 -1.944 -1.934 -1.922 -1.908 -1.891 -1.873 -1.852 -1.829 
-1.805 -1.778 -1.749 -1.718 -1.686 -1.652 -1.616 -1.580 -1.542 -1.503 
-1.464 -1.426 -1.388 -1.351 -1.315 -1.282 -1.251 -1.223 -1.198 -1.176 
-1.157 -1.139 -1.124 -1.109 -1.095 -1.081 -1.067 -1.050 -1.032 -1.011 
-0.986 -0.958 -0.924 -0.884 -0.838 -0.783 -0.718 -0.641 -0.549 -0.438 
-0.303 -0.138 0.061 0.270 0.426 0.468 0.303 0.014 -0.238 -0.447 
-0.621 -0.770 -0.899 -1.013 -1.114 -1.204 -1.286 -1.360 -1.427 -1.488 
-1.544 -1.596 -1.642 -1.685 -1.724 -1.759 -1.791 -1.820 -1.846 -1.869 
-1.888 
-1.980 -2.015 -2.033 -2.047 -2.059 -2.069 -2.077 -2.082 -2.085 -2.085 
-2.084 -2.080 -2.074 -2.066 -2.055 -2.043 -2.029 -2.012 -1.993 -1.972 
-1.949 -1.925 -1.898 -1.869 -1.838 -1.805 -1.771 -1.735 -1.698 -1.660 
-1.621 -1.582 -1.543 -1.504 -1.467 -1.431 -1.397 -1.366 -1.338 -1.314 
-1.292 -1.274 -1.259 -1.246 -1.234 -1.224 -1.213 -1.201 -1.188 -1.172 
-1.153 -1.130 -1.102 -1.069 -1.029 -0.981 -0.924 -0.856 -0.774 -0.676 
-0.554 -0.403 -0.210 0.041 0.342 0.561 0.496 0.209 -0.097 -0.346 
-0.557 -0.737 -0.890 -1.023 -1.138 -1.241 -1.332 -1.415 -1.489 -1.556 
-1.618 -1.674 -1.725 -1.771 -1.813 -1.852 -1.887 -1.919 -1.947 -1.973 
-1.974 
-1.843 -1.857 -1.878 -1.897 -1.913 -1.927 -1.939 -1.949 -1.956 -1.962 
-1.966 -1.967 -1.967 -1.965 -1.961 -1.955 -1.947 -1.938 -1.927 -1.914 
-1.900 -1.885 -1.868 -1.849 -1.829 -1.808 -1.786 -1.763 -1.739 -1.714 
-1.689 -1.663 -1.638 -1.612 -1.586 -1.561 -1.537 -1.513 -1.491 -1.469 
-1.449 -1.430 -1.411 -1.393 -1.375 -1.357 -1.338 -1.318 -1.297 -1.273 
-1.247 -1.218 -1.186 -1.149 -1.108 -1.060 -1.007 -0.945 -0.875 -0.793 
-0.697 -0.584 -0.447 -0.279 -0.067 0.174 0.216 0.161 0.079 -0.072 
-0.261 -0.448 -0.615 -0.761 -0.889 -1.002 -1.103 -1.193 -1.274 -1.347 
-1.414 -1.475 -1.531 -1.582 -1.628 -1.671 -1.710 -1.745 -1.778 -1.807 
-1.834 
-1.797 -1.807 -1.829 -1.850 -1.868 -1.884 -1.898 -1.910 -1.921 -1.929 
-1.936 -1.941 -1.944 -1.946 -1.946 -1.944 -1.941 -1.936 -1.930 -1.922 
-1.913 -1.902 -1.889 -1.875 -1.860 -1.843 -1.825 -1.805 -1.784 -1.762 
-1.738 -1.713 -1.687 -1.659 -1.631 -1.602 -1.572 -1.542 -1.512 -1.482 
-1.453 -1.424 -1.396 -1.369 -1.343 -1.317 -1.290 -1.262 -1.232 -1.200 
-1.165 -1.127 -1.085 -1.038 -0.986 -0.928 -0.862 -0.788 -0.704 -0.607 
-0.496 -0.366 -0.214 -0.042 0.133 0.260 0.278 0.179 0.012 -0.180 
-0.363 -0.526 -0.668 -0.793 -0.904 -1.003 -1.093 -1.174 -1.247 -1.315 
-1.376 -1.433 -1.486 -1.534 -1.579 -1.620 -1.658 -1.693 -1.726 -1.755 
-1.787 
-1.894 -1.923 -1.941 -1.957 -1.971 -1.982 -1.991 -1.997 -2.002 -2.004 
-2.004 -2.002 -1.998 -1.992 -1.983 -1.973 -1.960 -1.946 -1.929 -1.911 
-1.890 -1.868 -1.844 -1.817 -1.789 -1.759 -1.727 -1.693 -1.657 -1.619 
-1.580 -1.540 -1.498 -1.454 -1.410 -1.366 -1.322 -1.279 -1.238 -1.199 
-1.164 -1.133 -1.106 -1.084 -1.065 -1.050 -1.037 -1.025 -1.013 -1.000 
-0.985 -0.967 -0.945 -0.918 -0.885 -0.846 -0.799 -0.743 -0.677 -0.600 
-0.510 -0.406 -0.289 -0.165 -0.048 0.032 0.018 -0.098 -0.260 -0.426 
-0.582 -0.724 -0.852 -0.967 -1.070 -1.164 -1.250 -1.327 -1.398 -1.463 
-1.523 -1.578 -1.628 -1.674 -1.717 -1.755 -1.791 -1.823 -1.852 -1.879 
-1.888 
-1.850 -1.871 -1.886 -1.899 -1.909 -1.917 -1.923 -1.927 -1.928 -1.928 
-1.925 -1.920 -1.913 -1.905 -1.894 -1.882 -1.869 -1.853 -1.836 -1.818 
-1.799 -1.779 -1.758 -1.737 -1.715 -1.693 -1.672 -1.650 -1.629 -1.609 
-1.590 -1.572 -1.554 -1.537 -1.520 -1.504 -1.488 -1.472 -1.456 -1.440 
-1.425 -1.410 -1.394 -1.379 -1.364 -1.349 -1.332 -1.313 -1.292 -1.268 
-1.241 -1.209 -1.173 -1.131 -1.083 -1.030 -0.969 -0.902 -0.826 -0.741 
-0.644 -0.533 -0.403 -0.255 -0.106 -0.007 -0.014 -0.133 -0.308 -0.487 
-0.648 -0.788 -0.911 -1.018 -1.113 -1.199 -1.275 -1.345 -1.408 -1.466 
-1.519 -1.568 -1.613 -1.654 -1.691 -1.725 -1.757 -1.785 -1.810 -1.833 
-1.845 
-1.773 -1.778 -1.805 -1.831 -1.854 -1.876 -1.896 -1.914 -1.930 -1.944 
-1.957 -1.968 -1.977 -1.985 -1.990 -1.994 -1.996 -1.997 -1.995 -1.992 
-1.988 -1.982 -1.974 -1.965 -1.954 -1.942 -1.929 -1.915 -1.900 -1.884 
-1.868 -1.850 -1.831 -1.811 -1.790 -1.768 -1.744 -1.719 -1.692 -1.663 
-1.632 -1.599 -1.564 -1.526 -1.486 -1.444 -1.400 -1.353 -1.303 -1.252 
-1.197 -1.141 -1.081 -1.019 -0.955 -0.889 -0.822 -0.755 -0.691 -0.632 
-0.579 -0.535 -0.499 -0.466 -0.430 -0.402 -0.424 -0.503 -0.592 -0.673 
-0.746 -0.816 -0.884 -0.951 -1.016 -1.080 -1.140 -1.198 -1.254 -1.307 
-1.357 -1.406 -1.452 -1.496 -1.538 -1.578 -1.616 -1.652 -1.686 -1.719 
-1.761 
-1.986 -2.023 -2.054 -2.083 -2.109 -2.132 -2.154 -2.173 -2.190 -2.205 
-2.217 -2.228 -2.237 -2.243 -2.248 -2.250 -2.251 -2.249 -2.245 -2.240 
-2.232 -2.222 -2.210 -2.196 -2.179 -2.160 -2.139 -2.116 -2.090 -2.062 
-2.031 -1.998 -1.962 -1.923 -1.882 -1.838 -1.792 -1.745 -1.697 -1.649 
-1.604 -1.562 -1.523 -1.487 -1.454 -1.421 -1.389 -1.356 -1.324 -1.292 
-1.261 -1.230 -1.199 -1.167 -1.136 -1.102 -1.068 -1.031 -0.993 -0.955 
-0.917 -0.880 -0.845 -0.811 -0.776 -0.739 -0.695 -0.644 -0.594 -0.586 
-0.641 -0.721 -0.806 -0.895 -0.986 -1.078 -1.167 -1.253 -1.335 -1.411 
-1.483 -1.551 -1.614 -1.673 -1.728 -1.780 -1.828 -1.873 -1.915 -1.954 
-1.975 
-2.191 -2.248 -2.275 -2.299 -2.321 -2.340 -2.356 -2.369 -2.381 -2.389 
-2.396 -2.399 -2.401 -2.400 -2.396 -2.391 -2.382 -2.372 -2.358 -2.342 
-2.324 -2.303 -2.279 -2.252 -2.222 -2.189 -2.152 -2.113 -2.070 -2.023 
-1.972 -1.918 -1.860 -1.799 -1.734 -1.668 -1.600 -1.533 -1.470 -1.414 
-1.368 -1.334 -1.315 -1.309 -1.313 -1.325 -1.341 -1.357 -1.373 -1.385 
-1.394 -1.399 -1.399 -1.395 -1.387 -1.373 -1.355 -1.330 -1.300 -1.262 
-1.216 -1.161 -1.094 -1.013 -0.914 -0.793 -0.646 -0.484 -0.354 -0.329 
-0.440 -0.624 -0.814 -0.981 -1.126 -1.252 -1.364 -1.465 -1.557 -1.640 
-1.717 -1.788 -1.853 -1.913 -1.968 -2.019 -2.066 -2.109 -2.149 -2.185 
-2.184 
-2.045 -2.051 -2.077 -2.101 -2.123 -2.142 -2.159 -2.174 -2.187 -2.198 
-2.207 -2.214 -2.220 -2.223 -2.225 -2.226 -2.225 -2.223 -2.219 -2.214 
-2.208 -2.200 -2.191 -2.181 -2.170 -2.157 -2.142 -2.126 -2.108 -2.088 
-2.066 -2.042 -2.016 -1.987 -1.956 -1.922 -1.887 -1.850 -1.812 -1.776 
-1.743 -1.715 -1.692 -1.674 -1.659 -1.647 -1.634 -1.621 -1.606 -1.588 
-1.568 -1.546 -1.521 -1.493 -1.462 -1.428 -1.390 -1.347 -1.298 -1.243 
-1.181 -1.118 -1.061 -1.023 -1.001 -0.980 -0.943 -0.882 -0.813 -0.798 
-0.869 -0.962 -1.043 -1.115 -1.184 -1.252 -1.320 -1.387 -1.452 -1.516 
-1.577 -1.635 -1.690 -1.742 -1.791 -1.837 -1.879 -1.919 -1.956 -1.990 
-2.032 
-2.080 -2.098 -2.109 -2.118 -2.124 -2.128 -2.131 -2.132 -2.132 -2.130 
-2.127 -2.122 -2.117 -2.112 -2.106 -2.099 -2.093 -2.086 -2.080 -2.074 
-2.069 -2.064 -2.059 -2.055 -2.051 -2.048 -2.045 -2.042 -2.039 -2.036 
-2.032 -2.028 -2.022 -2.016 -2.009 -2.000 -1.990 -1.978 -1.964 -1.949 
-1.931 -1.912 -1.890 -1.866 -1.839 -1.811 -1.780 -1.746 -1.710 -1.671 
-1.628 -1.583 -1.533 -1.478 -1.418 -1.351 -1.276 -1.191 -1.096 -0.992 
-0.884 -0.785 -0.717 -0.700 -0.740 -0.821 -0.918 -1.014 -1.100 -1.174 
-1.241 -1.302 -1.361 -1.419 -1.478 -1.535 -1.592 -1.647 -1.700 -1.749 
-1.796 -1.839 -1.879 -1.916 -1.949 -1.979 -2.006 -2.030 -2.051 -2.069 
-2.078 
-2.095 -2.120 -2.149 -2.176 -2.200 -2.222 -2.241 -2.259 -2.274 -2.287 
-2.298 -2.307 -2.314 -2.320 -2.324 -2.326 -2.327 -2.327 -2.325 -2.322 
-2.318 -2.313 -2.306 -2.299 -2.290 -2.279 -2.268 -2.255 -2.241 -2.225 
-2.207 -2.187 -2.166 -2.143 -2.118 -2.091 -2.062 -2.031 -1.998 -1.963 
-1.927 -1.889 -1.849 -1.808 -1.766 -1.723 -1.680 -1.637 -1.594 -1.552 
-1.510 -1.470 -1.431 -1.393 -1.357 -1.321 -1.285 -1.248 -1.210 -1.168 
-1.122 -1.076 -1.037 -1.018 -1.023 -1.039 -1.057 -1.072 -1.087 -1.105 
-1.127 -1.156 -1.192 -1.234 -1.283 -1.336 -1.393 -1.452 -1.512 -1.571 
-1.630 -1.687 -1.742 -1.794 -1.844 -1.892 -1.936 -1.979 -2.018 -2.055 
-2.082 
-2.103 -2.120 -2.151 -2.180 -2.207 -2.231 -2.253 -2.274 -2.292 -2.308 
-2.323 -2.335 -2.345 -2.354 -2.361 -2.365 -2.368 -2.369 -2.369 -2.366 
-2.361 -2.355 -2.347 -2.337 -2.325 -2.311 -2.295 -2.278 -2.258 -2.237 
-2.214 -2.189 -2.163 -2.135 -2.106 -2.075 -2.043 -2.010 -1.976 -1.942 
-1.907 -1.871 -1.836 -1.799 -1.763 -1.726 -1.689 -1.651 -1.613 -1.574 
-1.536 -1.498 -1.460 -1.422 -1.385 -1.349 -1.314 -1.280 -1.247 -1.215 
-1.184 -1.153 -1.125 -1.097 -1.072 -1.050 -1.034 -1.026 -1.032 -1.052 
-1.084 -1.126 -1.173 -1.225 -1.280 -1.338 -1.397 -1.456 -1.515 -1.574 
-1.631 -1.686 -1.740 -1.791 -1.840 -1.887 -1.932 -1.974 -2.014 -2.052 
-2.090 
-2.259 -2.287 -2.311 -2.332 -2.351 -2.367 -2.381 -2.393 -2.402 -2.410 
-2.414 -2.417 -2.417 -2.416 -2.412 -2.406 -2.398 -2.388 -2.375 -2.361 
-2.344 -2.325 -2.305 -2.282 -2.257 -2.230 -2.202 -2.171 -2.139 -2.105 
-2.070 -2.034 -1.997 -1.960 -1.922 -1.885 -1.848 -1.813 -1.779 -1.748 
-1.719 -1.693 -1.670 -1.650 -1.632 -1.616 -1.601 -1.588 -1.574 -1.561 
-1.546 -1.529 -1.510 -1.489 -1.465 -1.437 -1.406 -1.370 -1.329 -1.284 
-1.232 -1.174 -1.110 -1.041 -0.969 -0.903 -0.854 -0.835 -0.851 -0.899 
-0.974 -1.065 -1.164 -1.263 -1.359 -1.450 -1.536 -1.616 -1.690 -1.759 
-1.824 -1.884 -1.940 -1.992 -2.040 -2.085 -2.126 -2.164 -2.199 -2.231 
-2.250 
-2.432 -2.451 -2.469 -2.485 -2.499 -2.509 -2.518 -2.524 -2.528 -2.530 
-2.529 -2.526 -2.521 -2.514 -2.505 -2.493 -2.480 -2.464 -2.447 -2.427 
-2.405 -2.381 -2.355 -2.328 -2.298 -2.267 -2.235 -2.200 -2.165 -2.129 
-2.092 -2.055 -2.018 -1.982 -1.947 -1.915 -1.885 -1.858 -1.835 -1.815 
-1.798 -1.784 -1.772 -1.762 -1.753 -1.745 -1.737 -1.728 -1.718 -1.706 
-1.691 -1.674 -1.653 -1.627 -1.597 -1.562 -1.520 -1.471 -1.414 -1.349 
-1.273 -1.187 -1.091 -0.986 -0.882 -0.792 -0.737 -0.741 -0.818 -0.942 
-1.079 -1.213 -1.340 -1.457 -1.565 -1.663 -1.752 -1.833 -1.908 -1.976 
-2.038 -2.096 -2.148 -2.196 -2.240 -2.280 -2.316 -2.349 -2.379 -2.406 
-2.425 
-2.569 -2.602 -2.620 -2.634 -2.646 -2.656 -2.663 -2.668 -2.670 -2.670 
-2.667 -2.662 -2.655 -2.646 -2.634 -2.619 -2.602 -2.583 -2.562 -2.538 
-2.511 -2.482 -2.450 -2.416 -2.379 -2.340 -2.299 -2.255 -2.209 -2.162 
-2.114 -2.066 -2.018 -1.973 -1.931 -1.894 -1.863 -1.840 -1.824 -1.816 
-1.814 -1.818 -1.824 -1.833 -1.843 -1.852 -1.859 -1.864 -1.866 -1.865 
-1.859 -1.849 -1.835 -1.815 -1.789 -1.757 -1.718 -1.672 -1.617 -1.551 
-1.475 -1.384 -1.278 -1.153 -1.008 -0.853 -0.720 -0.670 -0.744 -0.909 
-1.101 -1.280 -1.438 -1.575 -1.695 -1.802 -1.897 -1.982 -2.059 -2.129 
-2.193 -2.250 -2.303 -2.351 -2.395 -2.435 -2.471 -2.503 -2.533 -2.559 
-2.563 
-2.494 -2.510 -2.528 -2.544 -2.558 -2.569 -2.579 -2.586 -2.592 -2.596 
-2.597 -2.597 -2.596 -2.592 -2.587 -2.581 -2.572 -2.563 -2.552 -2.540 
-2.526 -2.511 -2.495 -2.478 -2.460 -2.441 -2.421 -2.399 -2.377 -2.354 
-2.329 -2.305 -2.280 -2.255 -2.231 -2.208 -2.188 -2.170 -2.155 -2.142 
-2.132 -2.124 -2.116 -2.108 -2.100 -2.091 -2.080 -2.068 -2.054 -2.038 
-2.019 -1.997 -1.973 -1.945 -1.915 -1.880 -1.842 -1.800 -1.753 -1.702 
-1.646 -1.585 -1.520 -1.449 -1.371 -1.284 -1.196 -1.148 -1.182 -1.260 
-1.342 -1.430 -1.522 -1.614 -1.702 -1.785 -1.863 -1.935 -2.002 -2.064 
-2.121 -2.173 -2.222 -2.266 -2.307 -2.345 -2.380 -2.411 -2.440 -2.466 
-2.487 
-2.407 -2.427 -2.448 -2.465 -2.480 -2.493 -2.503 -2.511 -2.517 -2.521 
-2.523 -2.523 -2.522 -2.520 -2.516 -2.511 -2.506 -2.499 -2.492 -2.485 
-2.478 -2.471 -2.464 -2.457 -2.451 -2.446 -2.441 -2.437 -2.433 -2.430 
-2.428 -2.426 -2.423 -2.421 -2.419 -2.416 -2.413 -2.409 -2.404 -2.397 
-2.389 -2.380 -2.369 -2.356 -2.340 -2.323 -2.302 -2.280 -2.254 -2.225 
-2.194 -2.161 -2.125 -2.088 -2.049 -2.009 -1.968 -1.926 -1.883 -1.838 
-1.789 -1.736 -1.676 -1.610 -1.536 -1.453 -1.365 -1.276 -1.199 -1.153 
-1.154 -1.204 -1.288 -1.387 -1.487 -1.583 -1.672 -1.754 -1.831 -1.903 
-1.970 -2.032 -2.090 -2.143 -2.192 -2.237 -2.277 -2.314 -2.347 -2.377 
-2.400 
-2.375 -2.400 -2.437 -2.472 -2.504 -2.533 -2.560 -2.584 -2.605 -2.623 
-2.640 -2.654 -2.665 -2.675 -2.683 -2.689 -2.693 -2.695 -2.696 -2.695 
-2.693 -2.690 -2.685 -2.680 -2.673 -2.665 -2.656 -2.646 -2.635 -2.623 
-2.610 -2.595 -2.579 -2.561 -2.541 -2.520 -2.496 -2.471 -2.443 -2.412 
-2.379 -2.344 -2.305 -2.264 -2.220 -2.174 -2.125 -2.073 -2.020 -1.965 
-1.909 -1.853 -1.798 -1.744 -1.694 -1.647 -1.605 -1.567 -1.533 -1.501 
-1.472 -1.443 -1.415 -1.390 -1.369 -1.356 -1.347 -1.340 -1.331 -1.325 
-1.330 -1.349 -1.377 -1.410 -1.448 -1.490 -1.539 -1.594 -1.654 -1.718 
-1.784 -1.851 -1.917 -1.982 -2.045 -2.105 -2.162 -2.216 -2.267 -2.314 
-2.358 
-2.470 -2.489 -2.508 -2.526 -2.541 -2.554 -2.565 -2.574 -2.582 -2.587 
-2.591 -2.594 -2.594 -2.594 -2.592 -2.589 -2.584 -2.578 -2.572 -2.564 
-2.555 -2.546 -2.535 -2.524 -2.512 -2.500 -2.487 -2.473 -2.459 -2.445 
-2.430 -2.414 -2.398 -2.382 -2.365 -2.348 -2.330 -2.312 -2.293 -2.273 
-2.253 -2.231 -2.208 -2.183 -2.157 -2.129 -2.099 -2.067 -2.033 -1.995 
-1.955 -1.912 -1.866 -1.817 -1.765 -1.709 -1.650 -1.587 -1.519 -1.446 
-1.370 -1.293 -1.220 -1.160 -1.122 -1.112 -1.132 -1.183 -1.258 -1.346 
-1.436 -1.521 -1.598 -1.669 -1.735 -1.798 -1.858 -1.918 -1.976 -2.032 
-2.086 -2.138 -2.187 -2.233 -2.275 -2.315 -2.351 -2.384 -2.414 -2.442 
-2.464 
-2.520 -2.583 -2.612 -2.638 -2.660 -2.679 -2.696 -2.709 -2.721 -2.729 
-2.736 -2.740 -2.742 -2.743 -2.741 -2.737 -2.732 -2.725 -2.716 -2.705 
-2.693 -2.680 -2.665 -2.649 -2.631 -2.613 -2.593 -2.572 -2.551 -2.529 
-2.506 -2.483 -2.460 -2.436 -2.413 -2.389 -2.366 -2.343 -2.321 -2.298 
-2.276 -2.255 -2.233 -2.210 -2.188 -2.164 -2.140 -2.114 -2.086 -2.057 
-2.026 -1.994 -1.959 -1.922 -1.882 -1.839 -1.793 -1.741 -1.683 -1.618 
-1.545 -1.463 -1.374 -1.280 -1.187 -1.108 -1.060 -1.063 -1.122 -1.222 
-1.337 -1.450 -1.547 -1.625 -1.682 -1.720 -1.747 -1.774 -1.813 -1.869 
-1.941 -2.021 -2.102 -2.179 -2.250 -2.315 -2.373 -2.425 -2.472 -2.514 
-2.514 
-2.282 -2.309 -2.363 -2.413 -2.459 -2.501 -2.539 -2.574 -2.606 -2.635 
-2.660 -2.683 -2.703 -2.721 -2.736 -2.748 -2.759 -2.766 -2.772 -2.775 
-2.776 -2.775 -2.771 -2.766 -2.758 -2.749 -2.737 -2.724 -2.708 -2.691 
-2.671 -2.650 -2.627 -2.603 -2.576 -2.548 -2.518 -2.486 -2.453 -2.418 
-2.381 -2.342 -2.301 -2.258 -2.214 -2.168 -2.121 -2.074 -2.026 -1.979 
-1.933 -1.889 -1.849 -1.813 -1.782 -1.756 -1.733 -1.714 -1.697 -1.681 
-1.663 -1.643 -1.617 -1.584 -1.544 -1.500 -1.463 -1.447 -1.452 -1.461 
-1.461 -1.446 -1.417 -1.377 -1.332 -1.287 -1.252 -1.237 -1.253 -1.301 
-1.377 -1.470 -1.572 -1.676 -1.775 -1.870 -1.958 -2.040 -2.116 -2.185 
-2.256 
-2.264 -2.315 -2.356 -2.394 -2.429 -2.462 -2.492 -2.520 -2.546 -2.569 
-2.591 -2.610 -2.627 -2.641 -2.654 -2.665 -2.674 -2.680 -2.685 -2.688 
-2.689 -2.688 -2.686 -2.681 -2.675 -2.666 -2.656 -2.645 -2.631 -2.616 
-2.598 -2.579 -2.559 -2.536 -2.512 -2.487 -2.459 -2.430 -2.400 -2.368 
-2.335 -2.300 -2.264 -2.228 -2.190 -2.152 -2.113 -2.074 -2.035 -1.996 
-1.957 -1.919 -1.882 -1.847 -1.812 -1.779 -1.747 -1.716 -1.688 -1.661 
-1.636 -1.614 -1.595 -1.578 -1.563 -1.550 -1.537 -1.526 -1.517 -1.510 
-1.506 -1.505 -1.508 -1.513 -1.521 -1.531 -1.544 -1.565 -1.599 -1.646 
-1.705 -1.769 -1.835 -1.899 -1.961 -2.020 -2.076 -2.129 -2.179 -2.227 
-2.253 
-2.187 -2.208 -2.253 -2.298 -2.341 -2.382 -2.421 -2.459 -2.494 -2.527 
-2.558 -2.587 -2.614 -2.639 -2.662 -2.682 -2.701 -2.717 -2.732 -2.744 
-2.755 -2.763 -2.769 -2.774 -2.776 -2.776 -2.775 -2.771 -2.766 -2.758 
-2.748 -2.736 -2.723 -2.707 -2.689 -2.669 -2.646 -2.622 -2.595 -2.567 
-2.535 -2.502 -2.466 -2.428 -2.388 -2.345 -2.299 -2.251 -2.200 -2.146 
-2.090 -2.030 -1.968 -1.904 -1.837 -1.770 -1.703 -1.638 -1.577 -1.523 
-1.479 -1.447 -1.429 -1.426 -1.435 -1.452 -1.475 -1.499 -1.524 -1.547 
-1.569 -1.589 -1.608 -1.627 -1.644 -1.662 -1.680 -1.698 -1.718 -1.739 
-1.763 -1.790 -1.820 -1.854 -1.892 -1.932 -1.975 -2.020 -2.067 -2.114 
-2.168 
-2.300 -2.337 -2.367 -2.396 -2.424 -2.452 -2.479 -2.505 -2.531 -2.555 
-2.578 -2.601 -2.622 -2.642 -2.660 -2.677 -2.693 -2.708 -2.721 -2.732 
-2.743 -2.751 -2.758 -2.763 -2.767 -2.769 -2.769 -2.768 -2.765 -2.760 
-2.753 -2.744 -2.734 -2.721 -2.707 -2.690 -2.671 -2.651 -2.627 -2.602 
-2.574 -2.544 -2.511 -2.475 -2.437 -2.395 -2.351 -2.303 -2.252 -2.198 
-2.140 -2.078 -2.013 -1.944 -1.871 -1.795 -1.716 -1.635 -1.555 -1.478 
-1.411 -1.359 -1.330 -1.326 -1.346 -1.386 -1.438 -1.496 -1.555 -1.612 
-1.666 -1.716 -1.761 -1.803 -1.840 -1.875 -1.907 -1.936 -1.964 -1.992 
-2.018 -2.045 -2.072 -2.100 -2.128 -2.157 -2.187 -2.217 -2.247 -2.277 
-2.292 
-2.399 -2.403 -2.429 -2.455 -2.481 -2.507 -2.532 -2.557 -2.581 -2.605 
-2.628 -2.649 -2.670 -2.689 -2.707 -2.724 -2.739 -2.752 -2.764 -2.775 
-2.784 -2.791 -2.796 -2.800 -2.801 -2.801 -2.800 -2.796 -2.790 -2.783 
-2.774 -2.762 -2.749 -2.733 -2.715 -2.696 -2.674 -2.649 -2.623 -2.594 
-2.563 -2.530 -2.494 -2.456 -2.416 -2.373 -2.329 -2.283 -2.236 -2.187 
-2.138 -2.089 -2.040 -1.993 -1.947 -1.904 -1.864 -1.828 -1.795 -1.765 
-1.740 -1.722 -1.713 -1.716 -1.729 -1.748 -1.769 -1.787 -1.800 -1.809 
-1.819 -1.836 -1.867 -1.909 -1.955 -2.001 -2.041 -2.076 -2.107 -2.133 
-2.157 -2.180 -2.201 -2.222 -2.242 -2.263 -2.285 -2.307 -2.330 -2.354 
-2.390 
-2.703 -2.784 -2.820 -2.854 -2.886 -2.916 -2.945 -2.972 -2.997 -3.020 
-3.041 -3.060 -3.078 -3.093 -3.106 -3.118 -3.127 -3.135 -3.140 -3.143 
-3.144 -3.144 -3.141 -3.136 -3.128 -3.119 -3.107 -3.093 -3.077 -3.059 
-3.038 -3.015 -2.989 -2.961 -2.931 -2.898 -2.863 -2.825 -2.784 -2.741 
-2.696 -2.648 -2.599 -2.547 -2.493 -2.438 -2.383 -2.327 -2.271 -2.216 
-2.162 -2.111 -2.062 -2.017 -1.977 -1.944 -1.919 -1.901 -1.888 -1.877 
-1.866 -1.851 -1.832 -1.807 -1.775 -1.734 -1.687 -1.633 -1.577 -1.527 
-1.494 -1.491 -1.525 -1.594 -1.686 -1.790 -1.894 -1.993 -2.084 -2.166 
-2.240 -2.308 -2.369 -2.427 -2.480 -2.531 -2.578 -2.624 -2.667 -2.708 
-2.695 
-2.669 -2.680 -2.725 -2.769 -2.811 -2.850 -2.887 -2.922 -2.954 -2.984 
-3.012 -3.037 -3.060 -3.080 -3.098 -3.114 -3.128 -3.139 -3.148 -3.154 
-3.159 -3.161 -3.161 -3.159 -3.154 -3.147 -3.138 -3.126 -3.112 -3.096 
-3.077 -3.055 -3.030 -3.003 -2.973 -2.941 -2.904 -2.865 -2.822 -2.776 
-2.726 -2.672 -2.613 -2.550 -2.483 -2.410 -2.333 -2.253 -2.171 -2.092 
-2.017 -1.948 -1.884 -1.825 -1.775 -1.739 -1.722 -1.724 -1.742 -1.772 
-1.807 -1.843 -1.876 -1.903 -1.924 -1.937 -1.941 -1.936 -1.924 -1.908 
-1.893 -1.887 -1.892 -1.904 -1.915 -1.923 -1.942 -1.981 -2.034 -2.089 
-2.140 -2.189 -2.236 -2.283 -2.332 -2.381 -2.431 -2.482 -2.533 -2.583 
-2.649 
-2.911 -2.979 -3.028 -3.073 -3.115 -3.153 -3.189 -3.221 -3.250 -3.277 
-3.300 -3.321 -3.339 -3.354 -3.367 -3.377 -3.385 -3.390 -3.392 -3.392 
-3.390 -3.385 -3.377 -3.367 -3.354 -3.338 -3.320 -3.299 -3.274 -3.247 
-3.217 -3.183 -3.145 -3.105 -3.060 -3.011 -2.958 -2.901 -2.839 -2.772 
-2.700 -2.624 -2.542 -2.456 -2.366 -2.272 -2.177 -2.083 -1.999 -1.933 
-1.894 -1.886 -1.902 -1.932 -1.966 -1.999 -2.031 -2.064 -2.097 -2.129 
-2.157 -2.180 -2.195 -2.201 -2.199 -2.186 -2.161 -2.123 -2.071 -2.000 
-1.908 -1.799 -1.697 -1.644 -1.627 -1.613 -1.625 -1.689 -1.799 -1.933 
-2.069 -2.196 -2.312 -2.415 -2.508 -2.593 -2.670 -2.742 -2.808 -2.869 
-2.895 
-3.080 -3.120 -3.160 -3.195 -3.227 -3.256 -3.281 -3.304 -3.323 -3.340 
-3.353 -3.364 -3.373 -3.379 -3.382 -3.383 -3.381 -3.377 -3.370 -3.361 
-3.349 -3.335 -3.318 -3.298 -3.275 -3.250 -3.222 -3.191 -3.157 -3.120 
-3.080 -3.037 -2.990 -2.940 -2.886 -2.830 -2.770 -2.707 -2.641 -2.573 
-2.505 -2.436 -2.370 -2.308 -2.254 -2.208 -2.172 -2.146 -2.130 -2.123 
-2.128 -2.144 -2.170 -2.199 -2.228 -2.252 -2.271 -2.283 -2.287 -2.284 
-2.273 -2.254 -2.225 -2.187 -2.137 -2.075 -1.998 -1.904 -1.789 -1.652 
-1.495 -1.341 -1.245 -1.263 -1.389 -1.561 -1.729 -1.886 -2.037 -2.179 
-2.309 -2.426 -2.531 -2.625 -2.710 -2.787 -2.856 -2.919 -2.977 -3.029 
-3.066 
-3.038 -3.084 -3.121 -3.155 -3.185 -3.212 -3.236 -3.258 -3.276 -3.291 
-3.304 -3.314 -3.321 -3.326 -3.329 -3.328 -3.326 -3.321 -3.313 -3.303 
-3.290 -3.275 -3.257 -3.237 -3.214 -3.189 -3.160 -3.130 -3.096 -3.060 
-3.021 -2.980 -2.936 -2.889 -2.841 -2.791 -2.740 -2.688 -2.636 -2.586 
-2.538 -2.493 -2.453 -2.419 -2.391 -2.370 -2.356 -2.347 -2.343 -2.341 
-2.339 -2.337 -2.332 -2.327 -2.320 -2.314 -2.307 -2.301 -2.293 -2.281 
-2.265 -2.242 -2.211 -2.171 -2.119 -2.054 -1.974 -1.876 -1.757 -1.619 
-1.474 -1.353 -1.308 -1.374 -1.527 -1.707 -1.876 -2.025 -2.155 -2.270 
-2.374 -2.468 -2.555 -2.634 -2.708 -2.776 -2.839 -2.897 -2.950 -2.999 
-3.026 
-2.890 -2.922 -2.971 -3.016 -3.059 -3.098 -3.134 -3.167 -3.197 -3.224 
-3.249 -3.271 -3.290 -3.307 -3.322 -3.334 -3.343 -3.350 -3.355 -3.358 
-3.358 -3.355 -3.350 -3.343 -3.334 -3.322 -3.307 -3.290 -3.271 -3.249 
-3.224 -3.196 -3.166 -3.134 -3.098 -3.060 -3.020 -2.977 -2.932 -2.886 
-2.838 -2.788 -2.738 -2.686 -2.633 -2.577 -2.518 -2.457 -2.393 -2.326 
-2.258 -2.191 -2.128 -2.072 -2.027 -1.995 -1.979 -1.976 -1.985 -2.000 
-2.018 -2.036 -2.051 -2.061 -2.066 -2.064 -2.054 -2.034 -2.002 -1.957 
-1.897 -1.835 -1.810 -1.843 -1.899 -1.948 -1.991 -2.034 -2.083 -2.139 
-2.202 -2.270 -2.342 -2.414 -2.487 -2.558 -2.627 -2.692 -2.755 -2.814 
-2.870 
-2.864 -2.915 -2.968 -3.018 -3.064 -3.107 -3.147 -3.183 -3.217 -3.249 
-3.277 -3.303 -3.326 -3.346 -3.365 -3.380 -3.394 -3.404 -3.413 -3.419 
-3.423 -3.425 -3.425 -3.422 -3.417 -3.409 -3.400 -3.388 -3.374 -3.357 
-3.338 -3.316 -3.292 -3.266 -3.236 -3.204 -3.170 -3.132 -3.091 -3.047 
-3.000 -2.949 -2.895 -2.837 -2.775 -2.709 -2.638 -2.563 -2.483 -2.398 
-2.310 -2.220 -2.131 -2.048 -1.978 -1.928 -1.903 -1.904 -1.924 -1.958 
-1.998 -2.038 -2.075 -2.107 -2.132 -2.151 -2.164 -2.170 -2.171 -2.166 
-2.157 -2.145 -2.130 -2.116 -2.104 -2.098 -2.099 -2.110 -2.132 -2.166 
-2.211 -2.266 -2.328 -2.394 -2.464 -2.534 -2.604 -2.672 -2.737 -2.800 
-2.845 
-2.855 -2.879 -2.925 -2.968 -3.008 -3.045 -3.079 -3.110 -3.139 -3.164 
-3.188 -3.208 -3.226 -3.242 -3.256 -3.267 -3.276 -3.283 -3.287 -3.290 
-3.290 -3.288 -3.284 -3.278 -3.270 -3.259 -3.247 -3.232 -3.216 -3.197 
-3.176 -3.152 -3.127 -3.099 -3.069 -3.038 -3.003 -2.967 -2.929 -2.888 
-2.846 -2.802 -2.757 -2.710 -2.662 -2.614 -2.566 -2.520 -2.476 -2.434 
-2.396 -2.360 -2.326 -2.295 -2.266 -2.244 -2.231 -2.227 -2.230 -2.235 
-2.240 -2.242 -2.241 -2.234 -2.223 -2.208 -2.188 -2.163 -2.135 -2.105 
-2.073 -2.043 -2.017 -1.998 -1.989 -1.992 -2.006 -2.034 -2.074 -2.126 
-2.186 -2.252 -2.322 -2.392 -2.463 -2.531 -2.597 -2.660 -2.720 -2.776 
-2.836 
-3.057 -3.122 -3.164 -3.204 -3.240 -3.273 -3.303 -3.330 -3.354 -3.375 
-3.394 -3.411 -3.424 -3.436 -3.445 -3.452 -3.456 -3.458 -3.457 -3.455 
-3.450 -3.442 -3.432 -3.420 -3.406 -3.389 -3.369 -3.347 -3.323 -3.295 
-3.265 -3.232 -3.197 -3.158 -3.116 -3.071 -3.023 -2.971 -2.916 -2.857 
-2.795 -2.730 -2.662 -2.592 -2.521 -2.450 -2.381 -2.317 -2.259 -2.210 
-2.173 -2.150 -2.142 -2.148 -2.163 -2.183 -2.204 -2.222 -2.237 -2.247 
-2.252 -2.251 -2.243 -2.230 -2.211 -2.185 -2.154 -2.118 -2.078 -2.038 
-2.000 -1.972 -1.958 -1.963 -1.987 -2.028 -2.082 -2.147 -2.221 -2.302 
-2.387 -2.472 -2.555 -2.636 -2.712 -2.783 -2.851 -2.913 -2.971 -3.025 
-3.045 
-3.068 -3.104 -3.154 -3.200 -3.243 -3.282 -3.317 -3.349 -3.378 -3.404 
-3.427 -3.447 -3.464 -3.479 -3.491 -3.501 -3.508 -3.513 -3.515 -3.515 
-3.512 -3.507 -3.499 -3.489 -3.476 -3.461 -3.443 -3.423 -3.400 -3.374 
-3.345 -3.313 -3.278 -3.240 -3.199 -3.154 -3.106 -3.054 -2.998 -2.938 
-2.873 -2.805 -2.731 -2.653 -2.571 -2.484 -2.393 -2.300 -2.207 -2.121 
-2.048 -1.999 -1.979 -1.988 -2.020 -2.065 -2.115 -2.163 -2.205 -2.241 
-2.269 -2.289 -2.301 -2.305 -2.301 -2.289 -2.270 -2.244 -2.211 -2.174 
-2.134 -2.095 -2.060 -2.031 -2.010 -2.000 -2.003 -2.027 -2.075 -2.146 
-2.232 -2.328 -2.425 -2.521 -2.613 -2.700 -2.781 -2.856 -2.925 -2.990 
-3.047 
-3.041 -3.098 -3.143 -3.184 -3.221 -3.255 -3.286 -3.314 -3.338 -3.360 
-3.379 -3.395 -3.409 -3.420 -3.429 -3.435 -3.439 -3.440 -3.439 -3.436 
-3.431 -3.423 -3.412 -3.400 -3.385 -3.367 -3.347 -3.325 -3.300 -3.272 
-3.242 -3.210 -3.174 -3.136 -3.096 -3.053 -3.007 -2.958 -2.908 -2.855 
-2.800 -2.744 -2.687 -2.630 -2.574 -2.519 -2.466 -2.416 -2.370 -2.328 
-2.293 -2.267 -2.254 -2.254 -2.262 -2.274 -2.286 -2.296 -2.302 -2.304 
-2.301 -2.292 -2.279 -2.259 -2.233 -2.202 -2.165 -2.123 -2.078 -2.033 
-1.992 -1.962 -1.948 -1.954 -1.981 -2.024 -2.077 -2.136 -2.200 -2.266 
-2.337 -2.412 -2.492 -2.573 -2.654 -2.732 -2.805 -2.873 -2.937 -2.995 
-3.029 
-2.930 -2.971 -3.036 -3.095 -3.150 -3.201 -3.247 -3.290 -3.329 -3.364 
-3.396 -3.425 -3.451 -3.474 -3.494 -3.512 -3.527 -3.539 -3.548 -3.556 
-3.560 -3.562 -3.562 -3.559 -3.554 -3.547 -3.537 -3.524 -3.510 -3.492 
-3.472 -3.450 -3.425 -3.397 -3.367 -3.334 -3.298 -3.260 -3.219 -3.175 
-3.129 -3.081 -3.030 -2.978 -2.925 -2.871 -2.817 -2.763 -2.710 -2.658 
-2.608 -2.561 -2.520 -2.487 -2.465 -2.455 -2.454 -2.460 -2.468 -2.476 
-2.484 -2.490 -2.493 -2.492 -2.486 -2.476 -2.461 -2.440 -2.414 -2.384 
-2.351 -2.319 -2.289 -2.262 -2.237 -2.209 -2.177 -2.143 -2.114 -2.099 
-2.106 -2.141 -2.201 -2.282 -2.374 -2.470 -2.565 -2.657 -2.744 -2.825 
-2.901 
-3.026 -3.084 -3.154 -3.219 -3.279 -3.334 -3.384 -3.430 -3.472 -3.511 
-3.546 -3.578 -3.606 -3.632 -3.654 -3.674 -3.691 -3.705 -3.717 -3.726 
-3.732 -3.736 -3.737 -3.736 -3.732 -3.725 -3.716 -3.705 -3.691 -3.674 
-3.654 -3.632 -3.606 -3.578 -3.546 -3.511 -3.473 -3.430 -3.384 -3.334 
-3.279 -3.220 -3.155 -3.085 -3.009 -2.926 -2.837 -2.743 -2.644 -2.545 
-2.453 -2.374 -2.314 -2.275 -2.262 -2.275 -2.308 -2.355 -2.408 -2.459 
-2.507 -2.549 -2.584 -2.612 -2.632 -2.646 -2.652 -2.651 -2.643 -2.627 
-2.603 -2.571 -2.530 -2.480 -2.422 -2.355 -2.287 -2.226 -2.185 -2.169 
-2.174 -2.204 -2.261 -2.341 -2.437 -2.539 -2.643 -2.743 -2.837 -2.926 
-2.998 
-3.251 -3.328 -3.390 -3.446 -3.497 -3.545 -3.588 -3.627 -3.662 -3.694 
-3.723 -3.749 -3.771 -3.791 -3.808 -3.822 -3.834 -3.843 -3.849 -3.853 
-3.854 -3.852 -3.848 -3.842 -3.832 -3.820 -3.806 -3.788 -3.768 -3.745 
-3.719 -3.690 -3.657 -3.621 -3.581 -3.537 -3.490 -3.437 -3.380 -3.318 
-3.250 -3.176 -3.095 -3.006 -2.910 -2.806 -2.695 -2.580 -2.466 -2.365 
-2.290 -2.251 -2.250 -2.277 -2.319 -2.368 -2.418 -2.467 -2.513 -2.554 
-2.590 -2.620 -2.643 -2.659 -2.667 -2.668 -2.661 -2.645 -2.620 -2.587 
-2.543 -2.489 -2.424 -2.347 -2.260 -2.168 -2.085 -2.037 -2.046 -2.117 
-2.227 -2.352 -2.477 -2.599 -2.716 -2.826 -2.928 -3.022 -3.109 -3.189 
-3.233 
-3.209 -3.270 -3.325 -3.377 -3.425 -3.469 -3.509 -3.547 -3.581 -3.613 
-3.641 -3.667 -3.690 -3.711 -3.729 -3.744 -3.757 -3.768 -3.776 -3.782 
-3.785 -3.787 -3.785 -3.782 -3.776 -3.768 -3.758 -3.745 -3.729 -3.712 
-3.691 -3.668 -3.642 -3.614 -3.582 -3.548 -3.510 -3.469 -3.425 -3.377 
-3.324 -3.268 -3.207 -3.141 -3.070 -2.994 -2.912 -2.825 -2.735 -2.646 
-2.563 -2.493 -2.433 -2.382 -2.336 -2.299 -2.274 -2.262 -2.265 -2.277 
-2.296 -2.318 -2.338 -2.355 -2.368 -2.375 -2.375 -2.370 -2.357 -2.339 
-2.314 -2.285 -2.253 -2.220 -2.190 -2.168 -2.157 -2.166 -2.205 -2.274 
-2.364 -2.461 -2.560 -2.657 -2.751 -2.840 -2.924 -3.003 -3.077 -3.146 
-3.190 
-3.050 -3.075 -3.134 -3.188 -3.239 -3.286 -3.330 -3.370 -3.407 -3.441 
-3.472 -3.500 -3.525 -3.548 -3.568 -3.586 -3.601 -3.614 -3.624 -3.632 
-3.638 -3.641 -3.642 -3.641 -3.638 -3.632 -3.623 -3.613 -3.600 -3.584 
-3.566 -3.546 -3.523 -3.497 -3.469 -3.437 -3.403 -3.366 -3.325 -3.281 
-3.234 -3.183 -3.128 -3.068 -3.005 -2.937 -2.864 -2.787 -2.706 -2.620 
-2.530 -2.439 -2.349 -2.262 -2.185 -2.123 -2.080 -2.058 -2.056 -2.070 
-2.094 -2.123 -2.153 -2.180 -2.203 -2.220 -2.230 -2.234 -2.231 -2.221 
-2.205 -2.184 -2.158 -2.131 -2.105 -2.084 -2.074 -2.079 -2.103 -2.146 
-2.207 -2.282 -2.366 -2.455 -2.544 -2.632 -2.716 -2.797 -2.873 -2.945 
-3.013 
