IRGRID 64 91
1e+308

0.025 0.03 0.035 0.04 0.045 0.05 0.055 0.06 0.065 0.07
0.075 0.08 0.085 0.09 0.095 0.1 0.11 0.12 0.13 0.14
0.15 0.16 0.17 0.18 0.19 0.2 0.21 0.22 0.23 0.24
0.25 0.26 0.27 0.28 0.29 0.3 0.31 0.32 0.33 0.34
0.35 0.36 0.37 0.38 0.39 0.4 0.41 0.42 0.43 0.44
0.45 0.46 0.47 0.48 0.49 0.5 0.51 0.52 0.53 0.54
0.55 0.56 0.57 0.58
0 4 8 12 16 20 24 28 32 36
40 44 48 52 56 60 64 68 72 76
80 84 88 92 96 100 104 108 112 116
120 124 128 132 136 140 144 148 152 156
160 164 168 172 176 180 184 188 192 196
200 204 208 212 216 220 224 228 232 236
240 244 248 252 256 260 264 268 272 276
280 284 288 292 296 300 304 308 312 316
320 324 328 332 336 340 344 348 352 356
360
-2.985 -3.060 -3.055 -3.066 -3.088 -3.118 -3.153 -3.193 -3.237 -3.282 
-3.329 -3.377 -3.424 -3.469 -3.512 -3.553 -3.590 -3.625 -3.656 -3.684 
-3.708 -3.730 -3.748 -3.762 -3.773 -3.782 -3.786 -3.788 -3.786 -3.781 
-3.772 -3.761 -3.745 -3.726 -3.703 -3.676 -3.646 -3.611 -3.571 -3.527 
-3.478 -3.424 -3.364 -3.300 -3.231 -3.159 -3.086 -3.016 -2.955 -2.910 
-2.885 -2.880 -2.894 -2.925 -2.970 -3.025 -3.086 -3.149 -3.211 -3.271 
-3.327 -3.379 -3.426 -3.468 -3.506 -3.539 -3.568 -3.592 -3.612 -3.628 
-3.640 -3.648 -3.652 -3.653 -3.649 -3.642 -3.630 -3.615 -3.595 -3.572 
-3.544 -3.511 -3.474 -3.432 -3.386 -3.336 -3.282 -3.226 -3.171 -3.122 
-2.993 
-2.622 -2.596 -2.608 -2.641 -2.690 -2.747 -2.808 -2.867 -2.923 -2.974 
-3.020 -3.061 -3.097 -3.129 -3.156 -3.180 -3.200 -3.216 -3.230 -3.241 
-3.249 -3.254 -3.257 -3.257 -3.255 -3.251 -3.244 -3.235 -3.224 -3.210 
-3.194 -3.175 -3.153 -3.129 -3.102 -3.072 -3.038 -3.002 -2.962 -2.919 
-2.871 -2.820 -2.766 -2.707 -2.645 -2.582 -2.519 -2.462 -2.416 -2.387 
-2.379 -2.392 -2.420 -2.459 -2.503 -2.550 -2.599 -2.647 -2.694 -2.739 
-2.782 -2.824 -2.862 -2.898 -2.931 -2.961 -2.988 -3.012 -3.033 -3.051 
-3.066 -3.078 -3.088 -3.094 -3.096 -3.096 -3.091 -3.083 -3.071 -3.055 
-3.034 -3.008 -2.977 -2.939 -2.896 -2.848 -2.795 -2.740 -2.686 -2.640 
-2.633 
-2.411 -2.447 -2.445 -2.445 -2.447 -2.449 -2.452 -2.456 -2.461 -2.467 
-2.474 -2.483 -2.493 -2.504 -2.515 -2.527 -2.538 -2.548 -2.557 -2.566 
-2.572 -2.577 -2.581 -2.582 -2.582 -2.580 -2.576 -2.569 -2.561 -2.551 
-2.538 -2.524 -2.507 -2.488 -2.466 -2.442 -2.416 -2.388 -2.357 -2.324 
-2.289 -2.252 -2.213 -2.172 -2.131 -2.089 -2.048 -2.008 -1.972 -1.940 
-1.913 -1.891 -1.872 -1.854 -1.831 -1.799 -1.751 -1.683 -1.605 -1.545 
-1.542 -1.605 -1.706 -1.812 -1.910 -1.995 -2.068 -2.131 -2.185 -2.231 
-2.272 -2.307 -2.338 -2.365 -2.389 -2.410 -2.427 -2.442 -2.455 -2.465 
-2.473 -2.480 -2.484 -2.486 -2.486 -2.484 -2.480 -2.474 -2.467 -2.460 
-2.410 
-2.062 -2.029 -2.018 -2.007 -1.998 -1.990 -1.984 -1.982 -1.983 -1.988 
-1.996 -2.009 -2.024 -2.043 -2.063 -2.085 -2.108 -2.131 -2.154 -2.176 
-2.197 -2.216 -2.233 -2.248 -2.261 -2.271 -2.279 -2.285 -2.288 -2.288 
-2.286 -2.281 -2.274 -2.264 -2.252 -2.237 -2.219 -2.199 -2.177 -2.152 
-2.124 -2.094 -2.060 -2.025 -1.986 -1.944 -1.899 -1.850 -1.797 -1.740 
-1.677 -1.608 -1.532 -1.445 -1.348 -1.238 -1.116 -0.987 -0.866 -0.778 
-0.746 -0.774 -0.846 -0.947 -1.063 -1.182 -1.295 -1.399 -1.492 -1.576 
-1.650 -1.716 -1.775 -1.827 -1.872 -1.912 -1.946 -1.976 -2.001 -2.022 
-2.039 -2.052 -2.062 -2.069 -2.072 -2.072 -2.070 -2.065 -2.058 -2.050 
-2.067 
-2.156 -2.168 -2.177 -2.184 -2.189 -2.193 -2.196 -2.199 -2.201 -2.202 
-2.203 -2.203 -2.203 -2.201 -2.198 -2.193 -2.185 -2.175 -2.163 -2.147 
-2.128 -2.107 -2.083 -2.057 -2.031 -2.004 -1.979 -1.956 -1.938 -1.923 
-1.912 -1.903 -1.894 -1.884 -1.872 -1.858 -1.842 -1.822 -1.800 -1.775 
-1.748 -1.718 -1.686 -1.651 -1.614 -1.575 -1.533 -1.488 -1.441 -1.389 
-1.334 -1.274 -1.208 -1.137 -1.058 -0.972 -0.877 -0.774 -0.666 -0.561 
-0.469 -0.392 -0.327 -0.370 -0.527 -0.679 -0.819 -0.948 -1.067 -1.175 
-1.273 -1.364 -1.446 -1.522 -1.592 -1.656 -1.715 -1.769 -1.819 -1.865 
-1.907 -1.946 -1.981 -2.013 -2.042 -2.068 -2.091 -2.112 -2.129 -2.145 
-2.150 
-2.173 -2.217 -2.225 -2.230 -2.233 -2.233 -2.230 -2.224 -2.215 -2.204 
-2.189 -2.171 -2.150 -2.126 -2.098 -2.066 -2.031 -1.993 -1.951 -1.906 
-1.858 -1.808 -1.757 -1.706 -1.658 -1.615 -1.578 -1.551 -1.535 -1.529 
-1.535 -1.548 -1.568 -1.591 -1.616 -1.640 -1.661 -1.680 -1.694 -1.704 
-1.710 -1.710 -1.706 -1.697 -1.683 -1.664 -1.640 -1.610 -1.576 -1.535 
-1.488 -1.435 -1.376 -1.308 -1.232 -1.147 -1.051 -0.943 -0.819 -0.673 
-0.488 -0.256 -0.064 -0.080 -0.306 -0.581 -0.805 -0.980 -1.123 -1.244 
-1.348 -1.440 -1.522 -1.596 -1.663 -1.724 -1.780 -1.831 -1.879 -1.922 
-1.962 -1.999 -2.033 -2.064 -2.092 -2.118 -2.140 -2.161 -2.179 -2.194 
-2.172 
-1.886 -1.887 -1.905 -1.922 -1.937 -1.951 -1.963 -1.974 -1.983 -1.990 
-1.996 -2.000 -2.002 -2.003 -2.002 -1.999 -1.994 -1.988 -1.980 -1.969 
-1.957 -1.943 -1.928 -1.910 -1.892 -1.874 -1.857 -1.842 -1.829 -1.820 
-1.813 -1.808 -1.803 -1.797 -1.789 -1.779 -1.766 -1.750 -1.730 -1.708 
-1.682 -1.652 -1.620 -1.583 -1.543 -1.500 -1.452 -1.400 -1.344 -1.283 
-1.217 -1.146 -1.068 -0.984 -0.893 -0.793 -0.682 -0.556 -0.399 -0.203 
-0.115 -0.228 -0.282 -0.358 -0.507 -0.633 -0.737 -0.829 -0.914 -0.992 
-1.064 -1.131 -1.193 -1.252 -1.306 -1.358 -1.406 -1.452 -1.496 -1.537 
-1.576 -1.612 -1.647 -1.681 -1.712 -1.742 -1.770 -1.796 -1.821 -1.845 
-1.877 
-1.705 -1.752 -1.767 -1.780 -1.791 -1.799 -1.806 -1.810 -1.812 -1.813 
-1.812 -1.809 -1.805 -1.800 -1.794 -1.787 -1.780 -1.773 -1.765 -1.758 
-1.750 -1.743 -1.737 -1.730 -1.724 -1.718 -1.713 -1.707 -1.701 -1.695 
-1.689 -1.682 -1.674 -1.665 -1.655 -1.643 -1.630 -1.615 -1.597 -1.577 
-1.555 -1.529 -1.500 -1.468 -1.431 -1.391 -1.345 -1.294 -1.237 -1.172 
-1.099 -1.017 -0.922 -0.813 -0.684 -0.530 -0.341 -0.103 0.178 0.405 
0.443 0.244 -0.041 -0.290 -0.484 -0.639 -0.767 -0.876 -0.970 -1.052 
-1.124 -1.187 -1.244 -1.293 -1.338 -1.377 -1.412 -1.443 -1.472 -1.498 
-1.522 -1.545 -1.568 -1.590 -1.611 -1.633 -1.655 -1.676 -1.697 -1.717 
-1.704 
-1.091 -1.141 -1.147 -1.157 -1.172 -1.196 -1.227 -1.266 -1.310 -1.357 
-1.405 -1.453 -1.498 -1.541 -1.580 -1.616 -1.649 -1.678 -1.704 -1.726 
-1.746 -1.763 -1.777 -1.789 -1.798 -1.805 -1.810 -1.812 -1.813 -1.811 
-1.807 -1.800 -1.792 -1.780 -1.767 -1.751 -1.732 -1.710 -1.685 -1.657 
-1.625 -1.590 -1.551 -1.507 -1.459 -1.406 -1.347 -1.282 -1.209 -1.129 
-1.038 -0.937 -0.821 -0.687 -0.531 -0.344 -0.120 0.139 0.374 0.493 
0.496 0.865 0.954 0.183 -0.135 -0.331 -0.472 -0.580 -0.667 -0.737 
-0.795 -0.843 -0.882 -0.915 -0.942 -0.964 -0.982 -0.997 -1.010 -1.022 
-1.033 -1.044 -1.055 -1.067 -1.079 -1.091 -1.103 -1.114 -1.124 -1.131 
-1.083 
-0.669 -0.612 -0.592 -0.582 -0.584 -0.598 -0.626 -0.666 -0.714 -0.769 
-0.827 -0.886 -0.945 -1.002 -1.056 -1.107 -1.155 -1.199 -1.239 -1.275 
-1.308 -1.338 -1.364 -1.387 -1.406 -1.423 -1.436 -1.447 -1.455 -1.460 
-1.462 -1.461 -1.458 -1.451 -1.443 -1.431 -1.417 -1.399 -1.379 -1.356 
-1.330 -1.301 -1.269 -1.232 -1.192 -1.148 -1.099 -1.046 -0.987 -0.921 
-0.848 -0.767 -0.676 -0.572 -0.453 -0.313 -0.146 0.059 0.313 0.631 
1.176 1.582 1.619 1.128 0.499 0.195 -0.011 -0.168 -0.292 -0.394 
-0.478 -0.549 -0.609 -0.659 -0.700 -0.734 -0.761 -0.783 -0.798 -0.808 
-0.813 -0.813 -0.809 -0.800 -0.786 -0.768 -0.747 -0.722 -0.694 -0.665 
-0.683 
-0.986 -1.040 -1.042 -1.046 -1.055 -1.071 -1.092 -1.118 -1.147 -1.176 
-1.206 -1.233 -1.258 -1.279 -1.298 -1.314 -1.326 -1.336 -1.344 -1.349 
-1.351 -1.352 -1.350 -1.347 -1.341 -1.334 -1.325 -1.315 -1.302 -1.288 
-1.273 -1.255 -1.236 -1.216 -1.193 -1.168 -1.142 -1.114 -1.083 -1.051 
-1.016 -0.978 -0.938 -0.895 -0.849 -0.799 -0.745 -0.687 -0.624 -0.555 
-0.479 -0.396 -0.302 -0.197 -0.077 0.064 0.233 0.444 0.727 1.122 
1.463 1.541 1.346 0.843 0.549 0.332 0.158 0.015 -0.107 -0.213 
-0.306 -0.389 -0.464 -0.532 -0.593 -0.649 -0.701 -0.748 -0.792 -0.832 
-0.868 -0.901 -0.930 -0.956 -0.979 -0.998 -1.013 -1.024 -1.032 -1.036 
-0.983 
-1.031 -1.038 -1.069 -1.098 -1.126 -1.152 -1.177 -1.200 -1.222 -1.242 
-1.260 -1.277 -1.293 -1.306 -1.318 -1.329 -1.337 -1.345 -1.350 -1.354 
-1.356 -1.357 -1.356 -1.353 -1.349 -1.343 -1.335 -1.325 -1.314 -1.301 
-1.285 -1.268 -1.249 -1.228 -1.205 -1.180 -1.153 -1.123 -1.091 -1.056 
-1.019 -0.978 -0.935 -0.889 -0.839 -0.785 -0.727 -0.664 -0.597 -0.524 
-0.444 -0.357 -0.261 -0.156 -0.038 0.095 0.248 0.424 0.630 0.873 
1.152 1.225 1.110 0.959 0.776 0.600 0.445 0.312 0.198 0.097 
0.008 -0.073 -0.146 -0.215 -0.279 -0.339 -0.396 -0.451 -0.503 -0.554 
-0.602 -0.649 -0.695 -0.739 -0.781 -0.822 -0.862 -0.900 -0.936 -0.972 
-1.018 
-1.174 -1.209 -1.246 -1.281 -1.314 -1.345 -1.374 -1.400 -1.425 -1.448 
-1.468 -1.487 -1.504 -1.519 -1.532 -1.543 -1.552 -1.559 -1.564 -1.568 
-1.569 -1.568 -1.566 -1.562 -1.555 -1.547 -1.537 -1.524 -1.510 -1.493 
-1.474 -1.453 -1.429 -1.404 -1.375 -1.344 -1.311 -1.274 -1.234 -1.192 
-1.146 -1.096 -1.042 -0.985 -0.923 -0.855 -0.782 -0.703 -0.617 -0.523 
-0.419 -0.305 -0.180 -0.045 0.096 0.236 0.377 0.540 0.738 0.940 
1.077 1.088 0.982 0.817 0.649 0.502 0.377 0.269 0.174 0.089 
0.011 -0.063 -0.134 -0.204 -0.272 -0.339 -0.405 -0.470 -0.534 -0.597 
-0.659 -0.719 -0.778 -0.834 -0.888 -0.941 -0.991 -1.039 -1.085 -1.128 
-1.160 
-1.399 -1.450 -1.485 -1.517 -1.547 -1.575 -1.600 -1.623 -1.644 -1.663 
-1.680 -1.695 -1.707 -1.718 -1.726 -1.733 -1.737 -1.740 -1.740 -1.738 
-1.734 -1.728 -1.720 -1.710 -1.698 -1.683 -1.666 -1.647 -1.626 -1.602 
-1.575 -1.546 -1.515 -1.480 -1.443 -1.402 -1.358 -1.311 -1.260 -1.205 
-1.146 -1.082 -1.014 -0.939 -0.859 -0.771 -0.677 -0.573 -0.459 -0.335 
-0.198 -0.049 0.109 0.270 0.415 0.527 0.619 0.763 0.921 0.794 
0.671 0.568 0.429 0.294 0.180 0.086 0.005 -0.066 -0.132 -0.196 
-0.258 -0.320 -0.384 -0.449 -0.514 -0.581 -0.647 -0.714 -0.779 -0.844 
-0.907 -0.968 -1.027 -1.084 -1.138 -1.190 -1.240 -1.287 -1.331 -1.373 
-1.389 
-1.359 -1.386 -1.412 -1.436 -1.456 -1.475 -1.490 -1.504 -1.515 -1.524 
-1.531 -1.536 -1.540 -1.542 -1.543 -1.542 -1.541 -1.539 -1.537 -1.533 
-1.529 -1.525 -1.519 -1.513 -1.506 -1.498 -1.488 -1.477 -1.464 -1.449 
-1.432 -1.412 -1.390 -1.366 -1.338 -1.307 -1.273 -1.236 -1.195 -1.150 
-1.100 -1.047 -0.988 -0.924 -0.855 -0.779 -0.696 -0.605 -0.504 -0.394 
-0.270 -0.133 0.023 0.200 0.404 0.648 0.960 1.298 1.504 1.459 
1.093 0.799 0.585 0.422 0.291 0.181 0.085 -0.002 -0.082 -0.159 
-0.233 -0.306 -0.378 -0.449 -0.519 -0.589 -0.657 -0.723 -0.788 -0.850 
-0.910 -0.968 -1.023 -1.075 -1.124 -1.170 -1.213 -1.254 -1.291 -1.326 
-1.347 
-1.187 -1.199 -1.203 -1.205 -1.205 -1.203 -1.199 -1.194 -1.187 -1.180 
-1.171 -1.162 -1.153 -1.144 -1.134 -1.126 -1.118 -1.111 -1.104 -1.099 
-1.095 -1.092 -1.090 -1.088 -1.087 -1.086 -1.086 -1.085 -1.083 -1.081 
-1.078 -1.073 -1.066 -1.058 -1.047 -1.034 -1.019 -1.000 -0.978 -0.953 
-0.924 -0.891 -0.853 -0.810 -0.762 -0.708 -0.647 -0.579 -0.502 -0.415 
-0.317 -0.205 -0.077 0.070 0.239 0.433 0.670 1.014 1.418 1.600 
1.236 0.742 0.435 0.229 0.074 -0.052 -0.157 -0.249 -0.330 -0.404 
-0.473 -0.537 -0.597 -0.654 -0.708 -0.759 -0.808 -0.854 -0.897 -0.938 
-0.976 -1.011 -1.042 -1.071 -1.097 -1.120 -1.140 -1.158 -1.172 -1.184 
-1.188 
-1.073 -1.078 -1.105 -1.130 -1.153 -1.174 -1.193 -1.210 -1.224 -1.237 
-1.248 -1.257 -1.264 -1.269 -1.273 -1.276 -1.277 -1.276 -1.275 -1.272 
-1.268 -1.263 -1.257 -1.249 -1.240 -1.229 -1.217 -1.202 -1.186 -1.167 
-1.146 -1.123 -1.097 -1.069 -1.037 -1.003 -0.965 -0.924 -0.879 -0.831 
-0.778 -0.721 -0.660 -0.593 -0.520 -0.441 -0.356 -0.262 -0.160 -0.048 
0.074 0.208 0.354 0.507 0.660 0.796 0.891 0.932 0.985 1.127 
0.778 0.595 0.471 0.370 0.283 0.206 0.136 0.070 0.008 -0.052 
-0.110 -0.167 -0.223 -0.278 -0.332 -0.386 -0.439 -0.492 -0.543 -0.594 
-0.643 -0.692 -0.738 -0.784 -0.827 -0.869 -0.909 -0.947 -0.983 -1.017 
-1.060 
-1.243 -1.282 -1.310 -1.336 -1.360 -1.382 -1.401 -1.419 -1.434 -1.447 
-1.457 -1.466 -1.473 -1.477 -1.480 -1.480 -1.478 -1.474 -1.468 -1.460 
-1.450 -1.437 -1.422 -1.405 -1.386 -1.364 -1.340 -1.313 -1.284 -1.252 
-1.218 -1.181 -1.141 -1.098 -1.053 -1.005 -0.954 -0.899 -0.842 -0.782 
-0.719 -0.653 -0.583 -0.510 -0.432 -0.349 -0.260 -0.164 -0.059 0.055 
0.179 0.311 0.448 0.581 0.696 0.777 0.815 0.808 0.765 0.703 
0.632 0.555 0.477 0.401 0.329 0.259 0.189 0.119 0.046 -0.028 
-0.103 -0.179 -0.255 -0.331 -0.405 -0.477 -0.547 -0.615 -0.680 -0.743 
-0.802 -0.859 -0.913 -0.965 -1.013 -1.059 -1.103 -1.143 -1.182 -1.217 
-1.233 
-1.345 -1.369 -1.385 -1.398 -1.409 -1.419 -1.426 -1.430 -1.433 -1.434 
-1.432 -1.429 -1.423 -1.415 -1.406 -1.394 -1.380 -1.364 -1.345 -1.325 
-1.302 -1.278 -1.251 -1.221 -1.190 -1.156 -1.120 -1.081 -1.040 -0.997 
-0.951 -0.903 -0.853 -0.801 -0.747 -0.691 -0.633 -0.575 -0.515 -0.455 
-0.396 -0.337 -0.279 -0.222 -0.167 -0.114 -0.061 -0.009 0.044 0.100 
0.159 0.225 0.297 0.376 0.456 0.532 0.598 0.655 0.697 0.712 
0.686 0.617 0.515 0.396 0.272 0.151 0.036 -0.073 -0.174 -0.270 
-0.361 -0.447 -0.528 -0.605 -0.677 -0.745 -0.809 -0.869 -0.925 -0.977 
-1.026 -1.072 -1.114 -1.154 -1.190 -1.223 -1.254 -1.282 -1.307 -1.330 
-1.340 
-1.312 -1.314 -1.330 -1.343 -1.354 -1.362 -1.369 -1.374 -1.376 -1.377 
-1.375 -1.372 -1.366 -1.359 -1.349 -1.338 -1.324 -1.308 -1.291 -1.271 
-1.249 -1.225 -1.199 -1.171 -1.140 -1.108 -1.073 -1.036 -0.996 -0.955 
-0.911 -0.865 -0.817 -0.768 -0.716 -0.663 -0.608 -0.553 -0.497 -0.441 
-0.385 -0.330 -0.277 -0.225 -0.176 -0.129 -0.084 -0.041 0.002 0.044 
0.087 0.132 0.181 0.234 0.293 0.358 0.428 0.501 0.569 0.619 
0.636 0.616 0.559 0.472 0.365 0.246 0.125 0.007 -0.106 -0.211 
-0.310 -0.401 -0.486 -0.565 -0.639 -0.707 -0.771 -0.830 -0.885 -0.936 
-0.984 -1.028 -1.069 -1.107 -1.142 -1.174 -1.204 -1.231 -1.255 -1.277 
-1.305 
-1.417 -1.441 -1.456 -1.469 -1.480 -1.490 -1.497 -1.502 -1.506 -1.508 
-1.507 -1.505 -1.502 -1.496 -1.488 -1.479 -1.468 -1.455 -1.440 -1.423 
-1.404 -1.384 -1.362 -1.337 -1.311 -1.283 -1.253 -1.221 -1.188 -1.152 
-1.114 -1.075 -1.034 -0.991 -0.946 -0.900 -0.853 -0.804 -0.754 -0.703 
-0.651 -0.599 -0.546 -0.493 -0.440 -0.387 -0.332 -0.277 -0.220 -0.160 
-0.096 -0.028 0.047 0.129 0.221 0.322 0.432 0.544 0.639 0.684 
0.661 0.582 0.465 0.331 0.193 0.059 -0.068 -0.186 -0.295 -0.396 
-0.489 -0.575 -0.655 -0.729 -0.798 -0.862 -0.921 -0.977 -1.029 -1.077 
-1.122 -1.164 -1.203 -1.239 -1.273 -1.304 -1.332 -1.359 -1.382 -1.404 
-1.412 
-1.398 -1.430 -1.450 -1.467 -1.483 -1.496 -1.508 -1.518 -1.527 -1.533 
-1.538 -1.541 -1.542 -1.542 -1.540 -1.536 -1.531 -1.524 -1.515 -1.504 
-1.492 -1.478 -1.463 -1.445 -1.426 -1.406 -1.383 -1.359 -1.333 -1.306 
-1.276 -1.245 -1.212 -1.177 -1.140 -1.101 -1.060 -1.017 -0.973 -0.926 
-0.877 -0.825 -0.772 -0.715 -0.656 -0.593 -0.527 -0.456 -0.381 -0.299 
-0.212 -0.116 -0.012 0.103 0.229 0.368 0.515 0.657 0.759 0.776 
0.699 0.561 0.405 0.255 0.119 -0.002 -0.111 -0.210 -0.302 -0.387 
-0.466 -0.542 -0.613 -0.681 -0.746 -0.807 -0.866 -0.922 -0.975 -1.025 
-1.072 -1.117 -1.159 -1.198 -1.235 -1.270 -1.302 -1.332 -1.360 -1.385 
-1.392 
-1.272 -1.276 -1.306 -1.333 -1.359 -1.382 -1.403 -1.422 -1.439 -1.454 
-1.467 -1.478 -1.487 -1.494 -1.499 -1.502 -1.504 -1.503 -1.500 -1.496 
-1.489 -1.480 -1.470 -1.457 -1.443 -1.426 -1.407 -1.386 -1.363 -1.337 
-1.309 -1.279 -1.246 -1.211 -1.173 -1.132 -1.088 -1.041 -0.990 -0.936 
-0.878 -0.817 -0.751 -0.681 -0.606 -0.527 -0.444 -0.359 -0.271 -0.182 
-0.091 0.004 0.102 0.205 0.310 0.409 0.496 0.565 0.605 0.601 
0.554 0.485 0.414 0.345 0.281 0.222 0.167 0.113 0.055 -0.011 
-0.084 -0.161 -0.239 -0.315 -0.390 -0.462 -0.532 -0.600 -0.664 -0.727 
-0.787 -0.844 -0.899 -0.951 -1.000 -1.047 -1.091 -1.133 -1.172 -1.209 
-1.258 
-1.457 -1.503 -1.533 -1.561 -1.586 -1.608 -1.629 -1.647 -1.662 -1.675 
-1.686 -1.695 -1.702 -1.706 -1.708 -1.708 -1.706 -1.702 -1.695 -1.687 
-1.675 -1.662 -1.646 -1.628 -1.608 -1.585 -1.559 -1.531 -1.500 -1.466 
-1.429 -1.389 -1.346 -1.299 -1.249 -1.195 -1.136 -1.074 -1.007 -0.935 
-0.858 -0.776 -0.689 -0.598 -0.503 -0.407 -0.312 -0.223 -0.143 -0.078 
-0.029 0.007 0.035 0.059 0.083 0.105 0.125 0.137 0.139 0.132 
0.121 0.111 0.108 0.115 0.132 0.155 0.176 0.184 0.165 0.111 
0.025 -0.082 -0.198 -0.315 -0.427 -0.532 -0.631 -0.722 -0.807 -0.887 
-0.960 -1.029 -1.093 -1.153 -1.208 -1.260 -1.308 -1.353 -1.395 -1.434 
-1.447 
-1.592 -1.607 -1.636 -1.661 -1.685 -1.706 -1.725 -1.741 -1.756 -1.768 
-1.778 -1.786 -1.792 -1.796 -1.798 -1.798 -1.796 -1.792 -1.785 -1.777 
-1.766 -1.753 -1.738 -1.721 -1.702 -1.680 -1.656 -1.629 -1.600 -1.568 
-1.533 -1.496 -1.455 -1.412 -1.365 -1.315 -1.261 -1.204 -1.142 -1.077 
-1.006 -0.931 -0.851 -0.766 -0.676 -0.582 -0.484 -0.383 -0.281 -0.181 
-0.084 0.007 0.089 0.157 0.207 0.234 0.239 0.226 0.203 0.173 
0.141 0.109 0.077 0.044 0.010 -0.027 -0.067 -0.111 -0.166 -0.235 
-0.318 -0.409 -0.501 -0.592 -0.679 -0.762 -0.841 -0.916 -0.988 -1.055 
-1.118 -1.178 -1.235 -1.288 -1.338 -1.385 -1.429 -1.470 -1.508 -1.544 
-1.580 
-1.792 -1.833 -1.858 -1.881 -1.902 -1.920 -1.936 -1.950 -1.961 -1.971 
-1.978 -1.983 -1.986 -1.986 -1.985 -1.981 -1.975 -1.968 -1.957 -1.945 
-1.930 -1.913 -1.894 -1.873 -1.848 -1.822 -1.793 -1.761 -1.726 -1.689 
-1.648 -1.605 -1.558 -1.509 -1.455 -1.399 -1.339 -1.275 -1.207 -1.136 
-1.062 -0.984 -0.902 -0.817 -0.727 -0.633 -0.535 -0.433 -0.331 -0.231 
-0.139 -0.060 0.001 0.044 0.070 0.083 0.087 0.086 0.084 0.084 
0.086 0.087 0.082 0.066 0.033 -0.019 -0.093 -0.187 -0.293 -0.405 
-0.516 -0.624 -0.728 -0.826 -0.918 -1.004 -1.086 -1.162 -1.234 -1.302 
-1.365 -1.424 -1.479 -1.531 -1.579 -1.624 -1.666 -1.705 -1.741 -1.774 
-1.783 
-1.879 -1.886 -1.908 -1.928 -1.944 -1.959 -1.971 -1.980 -1.987 -1.992 
-1.995 -1.995 -1.993 -1.989 -1.982 -1.973 -1.962 -1.949 -1.933 -1.914 
-1.894 -1.871 -1.845 -1.816 -1.785 -1.752 -1.715 -1.675 -1.633 -1.587 
-1.539 -1.487 -1.432 -1.374 -1.313 -1.249 -1.183 -1.115 -1.046 -0.978 
-0.911 -0.850 -0.795 -0.748 -0.710 -0.678 -0.650 -0.624 -0.597 -0.569 
-0.539 -0.510 -0.486 -0.467 -0.452 -0.439 -0.424 -0.404 -0.378 -0.343 
-0.301 -0.251 -0.197 -0.144 -0.099 -0.075 -0.083 -0.119 -0.181 -0.294 
-0.443 -0.590 -0.723 -0.844 -0.953 -1.052 -1.143 -1.226 -1.303 -1.373 
-1.438 -1.498 -1.553 -1.604 -1.651 -1.695 -1.734 -1.771 -1.804 -1.834 
-1.870 
-2.089 -2.132 -2.155 -2.176 -2.194 -2.209 -2.221 -2.231 -2.238 -2.243 
-2.245 -2.245 -2.242 -2.237 -2.230 -2.220 -2.207 -2.192 -2.174 -2.154 
-2.130 -2.105 -2.076 -2.044 -2.009 -1.970 -1.929 -1.883 -1.834 -1.782 
-1.724 -1.663 -1.597 -1.526 -1.451 -1.371 -1.287 -1.201 -1.113 -1.028 
-0.950 -0.886 -0.841 -0.817 -0.815 -0.829 -0.854 -0.884 -0.914 -0.943 
-0.967 -0.987 -1.000 -1.007 -1.007 -0.999 -0.983 -0.959 -0.925 -0.880 
-0.825 -0.757 -0.677 -0.584 -0.478 -0.359 -0.226 -0.096 -0.031 -0.103 
-0.289 -0.508 -0.710 -0.885 -1.036 -1.167 -1.282 -1.385 -1.477 -1.560 
-1.636 -1.704 -1.767 -1.824 -1.877 -1.924 -1.968 -2.008 -2.044 -2.076 
-2.081 
-2.103 -2.129 -2.154 -2.175 -2.194 -2.209 -2.223 -2.233 -2.241 -2.247 
-2.250 -2.250 -2.248 -2.244 -2.237 -2.227 -2.215 -2.200 -2.183 -2.163 
-2.140 -2.115 -2.086 -2.054 -2.020 -1.982 -1.940 -1.895 -1.846 -1.793 
-1.736 -1.675 -1.609 -1.538 -1.463 -1.383 -1.299 -1.213 -1.126 -1.042 
-0.964 -0.897 -0.846 -0.813 -0.796 -0.793 -0.800 -0.816 -0.842 -0.873 
-0.907 -0.938 -0.965 -0.984 -0.996 -0.999 -0.994 -0.979 -0.955 -0.920 
-0.875 -0.817 -0.746 -0.661 -0.564 -0.460 -0.362 -0.288 -0.270 -0.347 
-0.489 -0.642 -0.790 -0.927 -1.054 -1.172 -1.279 -1.377 -1.467 -1.549 
-1.624 -1.693 -1.756 -1.814 -1.867 -1.916 -1.960 -2.001 -2.038 -2.072 
-2.094 
-2.027 -2.043 -2.073 -2.101 -2.125 -2.147 -2.166 -2.182 -2.196 -2.207 
-2.216 -2.222 -2.226 -2.227 -2.226 -2.223 -2.217 -2.209 -2.198 -2.184 
-2.168 -2.150 -2.128 -2.104 -2.077 -2.047 -2.014 -1.978 -1.938 -1.895 
-1.848 -1.797 -1.741 -1.682 -1.617 -1.548 -1.473 -1.394 -1.309 -1.220 
-1.127 -1.032 -0.936 -0.840 -0.749 -0.668 -0.606 -0.570 -0.564 -0.583 
-0.619 -0.664 -0.711 -0.755 -0.793 -0.823 -0.845 -0.858 -0.862 -0.858 
-0.843 -0.819 -0.785 -0.741 -0.688 -0.626 -0.563 -0.509 -0.476 -0.473 
-0.502 -0.563 -0.650 -0.754 -0.865 -0.977 -1.085 -1.188 -1.285 -1.375 
-1.458 -1.535 -1.606 -1.672 -1.733 -1.789 -1.841 -1.888 -1.932 -1.973 
-2.014 
-2.114 -2.149 -2.182 -2.211 -2.238 -2.262 -2.283 -2.301 -2.317 -2.331 
-2.341 -2.350 -2.356 -2.360 -2.361 -2.360 -2.356 -2.350 -2.342 -2.332 
-2.318 -2.303 -2.285 -2.264 -2.240 -2.214 -2.185 -2.153 -2.118 -2.079 
-2.038 -1.992 -1.943 -1.890 -1.833 -1.771 -1.704 -1.632 -1.554 -1.471 
-1.382 -1.287 -1.186 -1.082 -0.976 -0.874 -0.783 -0.709 -0.660 -0.637 
-0.639 -0.662 -0.696 -0.734 -0.772 -0.804 -0.829 -0.846 -0.854 -0.852 
-0.840 -0.817 -0.783 -0.737 -0.678 -0.607 -0.525 -0.439 -0.358 -0.309 
-0.325 -0.417 -0.551 -0.699 -0.846 -0.984 -1.113 -1.230 -1.338 -1.436 
-1.527 -1.609 -1.685 -1.756 -1.820 -1.880 -1.934 -1.985 -2.031 -2.074 
-2.102 
-2.204 -2.231 -2.265 -2.295 -2.323 -2.347 -2.369 -2.389 -2.405 -2.420 
-2.431 -2.440 -2.447 -2.452 -2.454 -2.453 -2.451 -2.446 -2.438 -2.428 
-2.416 -2.401 -2.384 -2.364 -2.342 -2.317 -2.288 -2.258 -2.224 -2.187 
-2.146 -2.102 -2.055 -2.003 -1.948 -1.888 -1.823 -1.754 -1.679 -1.598 
-1.512 -1.420 -1.321 -1.218 -1.111 -1.004 -0.902 -0.812 -0.744 -0.703 
-0.691 -0.703 -0.731 -0.767 -0.804 -0.837 -0.864 -0.881 -0.889 -0.887 
-0.873 -0.847 -0.808 -0.754 -0.683 -0.594 -0.483 -0.354 -0.223 -0.133 
-0.140 -0.258 -0.442 -0.640 -0.825 -0.989 -1.136 -1.266 -1.383 -1.489 
-1.584 -1.672 -1.751 -1.824 -1.891 -1.953 -2.009 -2.062 -2.109 -2.154 
-2.191 
-2.311 -2.350 -2.383 -2.412 -2.438 -2.462 -2.483 -2.501 -2.516 -2.530 
-2.540 -2.548 -2.554 -2.558 -2.559 -2.558 -2.554 -2.548 -2.540 -2.529 
-2.516 -2.500 -2.481 -2.461 -2.437 -2.411 -2.381 -2.349 -2.314 -2.276 
-2.234 -2.188 -2.139 -2.086 -2.029 -1.967 -1.900 -1.828 -1.751 -1.668 
-1.580 -1.485 -1.386 -1.283 -1.178 -1.077 -0.985 -0.912 -0.865 -0.846 
-0.854 -0.881 -0.919 -0.960 -0.999 -1.032 -1.059 -1.076 -1.085 -1.085 
-1.075 -1.055 -1.025 -0.985 -0.934 -0.872 -0.800 -0.721 -0.641 -0.583 
-0.594 -0.686 -0.817 -0.956 -1.091 -1.220 -1.341 -1.453 -1.556 -1.651 
-1.739 -1.819 -1.894 -1.962 -2.026 -2.084 -2.138 -2.188 -2.234 -2.276 
-2.299 
-2.272 -2.305 -2.336 -2.365 -2.390 -2.413 -2.433 -2.451 -2.466 -2.479 
-2.489 -2.497 -2.503 -2.506 -2.507 -2.505 -2.502 -2.496 -2.487 -2.476 
-2.463 -2.447 -2.429 -2.408 -2.385 -2.359 -2.330 -2.298 -2.264 -2.226 
-2.185 -2.141 -2.093 -2.041 -1.986 -1.926 -1.863 -1.795 -1.723 -1.646 
-1.566 -1.482 -1.395 -1.308 -1.223 -1.143 -1.073 -1.017 -0.978 -0.957 
-0.953 -0.962 -0.980 -1.002 -1.026 -1.048 -1.066 -1.079 -1.084 -1.083 
-1.074 -1.057 -1.033 -1.002 -0.965 -0.924 -0.882 -0.845 -0.819 -0.813 
-0.832 -0.881 -0.955 -1.048 -1.150 -1.254 -1.357 -1.456 -1.549 -1.637 
-1.718 -1.794 -1.865 -1.930 -1.991 -2.047 -2.099 -2.147 -2.192 -2.233 
-2.261 
-2.164 -2.193 -2.228 -2.261 -2.291 -2.317 -2.341 -2.363 -2.382 -2.398 
-2.412 -2.423 -2.432 -2.439 -2.443 -2.446 -2.445 -2.443 -2.438 -2.431 
-2.421 -2.409 -2.395 -2.378 -2.359 -2.337 -2.313 -2.285 -2.256 -2.223 
-2.187 -2.148 -2.106 -2.060 -2.010 -1.957 -1.900 -1.839 -1.773 -1.703 
-1.629 -1.549 -1.465 -1.378 -1.287 -1.195 -1.104 -1.018 -0.939 -0.875 
-0.827 -0.801 -0.794 -0.804 -0.824 -0.849 -0.874 -0.896 -0.913 -0.923 
-0.926 -0.920 -0.906 -0.884 -0.854 -0.818 -0.776 -0.733 -0.694 -0.667 
-0.663 -0.688 -0.744 -0.827 -0.927 -1.036 -1.146 -1.254 -1.356 -1.452 
-1.542 -1.626 -1.704 -1.776 -1.843 -1.905 -1.963 -2.017 -2.066 -2.112 
-2.150 
-2.122 -2.148 -2.182 -2.213 -2.242 -2.267 -2.290 -2.311 -2.329 -2.344 
-2.357 -2.368 -2.376 -2.382 -2.385 -2.386 -2.385 -2.382 -2.376 -2.368 
-2.358 -2.345 -2.330 -2.313 -2.293 -2.270 -2.244 -2.216 -2.185 -2.152 
-2.115 -2.075 -2.031 -1.984 -1.934 -1.880 -1.822 -1.760 -1.693 -1.623 
-1.549 -1.471 -1.389 -1.306 -1.222 -1.138 -1.056 -0.980 -0.913 -0.858 
-0.821 -0.802 -0.801 -0.813 -0.833 -0.857 -0.880 -0.900 -0.916 -0.925 
-0.928 -0.923 -0.912 -0.893 -0.869 -0.839 -0.807 -0.775 -0.748 -0.733 
-0.737 -0.766 -0.819 -0.892 -0.979 -1.073 -1.170 -1.266 -1.358 -1.446 
-1.529 -1.607 -1.680 -1.749 -1.813 -1.872 -1.927 -1.978 -2.026 -2.070 
-2.108 
-2.201 -2.218 -2.249 -2.277 -2.302 -2.324 -2.344 -2.361 -2.375 -2.387 
-2.396 -2.403 -2.408 -2.410 -2.410 -2.407 -2.402 -2.394 -2.384 -2.372 
-2.357 -2.340 -2.320 -2.297 -2.272 -2.244 -2.213 -2.179 -2.142 -2.102 
-2.058 -2.011 -1.960 -1.906 -1.847 -1.785 -1.719 -1.648 -1.574 -1.497 
-1.417 -1.337 -1.257 -1.181 -1.113 -1.057 -1.018 -0.998 -0.994 -1.000 
-1.012 -1.030 -1.051 -1.072 -1.093 -1.110 -1.123 -1.130 -1.130 -1.124 
-1.110 -1.088 -1.059 -1.021 -0.977 -0.926 -0.872 -0.819 -0.777 -0.757 
-0.768 -0.810 -0.878 -0.966 -1.065 -1.168 -1.270 -1.369 -1.463 -1.551 
-1.633 -1.709 -1.780 -1.845 -1.906 -1.963 -2.015 -2.063 -2.107 -2.147 
-2.188 
-2.485 -2.541 -2.572 -2.599 -2.623 -2.644 -2.663 -2.679 -2.692 -2.703 
-2.711 -2.717 -2.721 -2.721 -2.720 -2.716 -2.709 -2.700 -2.689 -2.675 
-2.658 -2.639 -2.617 -2.592 -2.564 -2.533 -2.499 -2.462 -2.422 -2.377 
-2.329 -2.277 -2.220 -2.159 -2.092 -2.020 -1.942 -1.857 -1.766 -1.667 
-1.561 -1.448 -1.330 -1.212 -1.105 -1.021 -0.974 -0.971 -1.003 -1.058 
-1.120 -1.181 -1.235 -1.280 -1.317 -1.343 -1.360 -1.367 -1.364 -1.352 
-1.329 -1.296 -1.251 -1.195 -1.126 -1.047 -0.963 -0.886 -0.836 -0.833 
-0.885 -0.975 -1.081 -1.190 -1.302 -1.419 -1.536 -1.649 -1.755 -1.852 
-1.941 -2.022 -2.097 -2.165 -2.228 -2.285 -2.338 -2.386 -2.430 -2.471 
-2.477 
-2.515 -2.560 -2.599 -2.635 -2.667 -2.696 -2.721 -2.744 -2.764 -2.781 
-2.795 -2.806 -2.815 -2.822 -2.825 -2.827 -2.825 -2.821 -2.815 -2.806 
-2.794 -2.779 -2.762 -2.742 -2.719 -2.693 -2.664 -2.632 -2.596 -2.557 
-2.514 -2.466 -2.415 -2.358 -2.297 -2.230 -2.157 -2.077 -1.990 -1.895 
-1.792 -1.681 -1.563 -1.442 -1.327 -1.229 -1.166 -1.146 -1.166 -1.212 
-1.271 -1.332 -1.390 -1.444 -1.492 -1.533 -1.566 -1.591 -1.607 -1.615 
-1.613 -1.603 -1.582 -1.551 -1.509 -1.456 -1.393 -1.325 -1.261 -1.213 
-1.176 -1.140 -1.106 -1.096 -1.130 -1.211 -1.322 -1.447 -1.572 -1.691 
-1.802 -1.905 -1.999 -2.085 -2.164 -2.236 -2.303 -2.363 -2.419 -2.471 
-2.501 
-2.356 -2.384 -2.425 -2.463 -2.498 -2.529 -2.558 -2.584 -2.606 -2.627 
-2.644 -2.659 -2.672 -2.682 -2.689 -2.694 -2.697 -2.697 -2.695 -2.690 
-2.683 -2.674 -2.662 -2.647 -2.630 -2.610 -2.588 -2.562 -2.534 -2.503 
-2.468 -2.431 -2.389 -2.345 -2.296 -2.243 -2.186 -2.124 -2.057 -1.985 
-1.907 -1.824 -1.735 -1.640 -1.544 -1.449 -1.363 -1.292 -1.238 -1.203 
-1.188 -1.190 -1.209 -1.238 -1.274 -1.312 -1.348 -1.381 -1.408 -1.429 
-1.444 -1.451 -1.452 -1.446 -1.433 -1.413 -1.386 -1.354 -1.316 -1.274 
-1.232 -1.194 -1.166 -1.158 -1.178 -1.225 -1.293 -1.376 -1.466 -1.559 
-1.652 -1.741 -1.826 -1.907 -1.983 -2.053 -2.119 -2.181 -2.237 -2.290 
-2.339 
-2.374 -2.397 -2.435 -2.470 -2.501 -2.529 -2.555 -2.578 -2.598 -2.616 
-2.631 -2.643 -2.653 -2.661 -2.666 -2.669 -2.669 -2.667 -2.662 -2.655 
-2.646 -2.634 -2.620 -2.603 -2.583 -2.561 -2.536 -2.507 -2.476 -2.442 
-2.405 -2.364 -2.319 -2.271 -2.218 -2.161 -2.099 -2.033 -1.961 -1.883 
-1.799 -1.708 -1.611 -1.508 -1.401 -1.292 -1.186 -1.093 -1.026 -0.997 
-1.006 -1.041 -1.090 -1.144 -1.197 -1.246 -1.289 -1.325 -1.353 -1.373 
-1.386 -1.390 -1.388 -1.377 -1.360 -1.336 -1.305 -1.270 -1.232 -1.197 
-1.170 -1.160 -1.170 -1.200 -1.248 -1.311 -1.386 -1.469 -1.556 -1.643 
-1.728 -1.810 -1.888 -1.962 -2.031 -2.095 -2.156 -2.212 -2.264 -2.312 
-2.359 
-2.589 -2.642 -2.678 -2.711 -2.740 -2.767 -2.790 -2.812 -2.830 -2.846 
-2.859 -2.870 -2.878 -2.884 -2.887 -2.888 -2.887 -2.883 -2.876 -2.868 
-2.856 -2.843 -2.826 -2.807 -2.785 -2.761 -2.733 -2.703 -2.669 -2.632 
-2.592 -2.548 -2.500 -2.447 -2.390 -2.328 -2.261 -2.187 -2.107 -2.020 
-1.924 -1.819 -1.703 -1.576 -1.437 -1.289 -1.137 -1.000 -0.904 -0.867 
-0.889 -0.953 -1.040 -1.131 -1.213 -1.283 -1.340 -1.383 -1.414 -1.433 
-1.442 -1.439 -1.426 -1.402 -1.368 -1.323 -1.269 -1.207 -1.145 -1.092 
-1.065 -1.076 -1.131 -1.221 -1.331 -1.448 -1.565 -1.678 -1.784 -1.884 
-1.977 -2.063 -2.144 -2.218 -2.287 -2.350 -2.409 -2.464 -2.514 -2.560 
-2.578 
-2.665 -2.690 -2.727 -2.761 -2.792 -2.821 -2.846 -2.869 -2.889 -2.906 
-2.921 -2.933 -2.943 -2.950 -2.955 -2.958 -2.958 -2.956 -2.951 -2.944 
-2.935 -2.923 -2.909 -2.892 -2.872 -2.850 -2.825 -2.796 -2.765 -2.731 
-2.694 -2.653 -2.608 -2.559 -2.506 -2.448 -2.385 -2.317 -2.243 -2.161 
-2.072 -1.975 -1.867 -1.748 -1.616 -1.471 -1.314 -1.151 -1.000 -0.887 
-0.829 -0.836 -0.899 -0.993 -1.093 -1.184 -1.262 -1.324 -1.372 -1.406 
-1.429 -1.440 -1.440 -1.431 -1.411 -1.383 -1.347 -1.307 -1.265 -1.230 
-1.209 -1.213 -1.245 -1.301 -1.377 -1.472 -1.579 -1.691 -1.799 -1.902 
-1.999 -2.089 -2.172 -2.249 -2.320 -2.386 -2.447 -2.504 -2.556 -2.604 
-2.649 
-2.732 -2.787 -2.830 -2.868 -2.904 -2.936 -2.964 -2.990 -3.013 -3.033 
-3.050 -3.065 -3.077 -3.086 -3.093 -3.098 -3.100 -3.099 -3.096 -3.090 
-3.082 -3.071 -3.058 -3.042 -3.023 -3.002 -2.978 -2.950 -2.920 -2.886 
-2.849 -2.808 -2.763 -2.714 -2.661 -2.602 -2.539 -2.469 -2.393 -2.309 
-2.217 -2.115 -2.002 -1.876 -1.734 -1.576 -1.405 -1.236 -1.103 -1.042 
-1.060 -1.135 -1.238 -1.345 -1.444 -1.529 -1.599 -1.656 -1.700 -1.733 
-1.754 -1.765 -1.767 -1.759 -1.741 -1.714 -1.678 -1.633 -1.580 -1.521 
-1.458 -1.395 -1.339 -1.305 -1.312 -1.369 -1.469 -1.593 -1.725 -1.853 
-1.973 -2.083 -2.184 -2.277 -2.361 -2.439 -2.510 -2.575 -2.635 -2.690 
-2.718 
-2.647 -2.674 -2.717 -2.756 -2.793 -2.825 -2.855 -2.882 -2.906 -2.927 
-2.945 -2.961 -2.974 -2.984 -2.993 -2.998 -3.001 -3.002 -3.000 -2.996 
-2.989 -2.980 -2.969 -2.954 -2.938 -2.918 -2.896 -2.871 -2.843 -2.812 
-2.778 -2.740 -2.699 -2.654 -2.606 -2.553 -2.496 -2.434 -2.366 -2.293 
-2.214 -2.129 -2.037 -1.937 -1.830 -1.716 -1.597 -1.479 -1.375 -1.310 
-1.284 -1.277 -1.281 -1.310 -1.370 -1.442 -1.509 -1.564 -1.609 -1.642 
-1.666 -1.680 -1.684 -1.680 -1.667 -1.646 -1.616 -1.578 -1.532 -1.482 
-1.428 -1.377 -1.335 -1.308 -1.306 -1.334 -1.402 -1.506 -1.627 -1.749 
-1.865 -1.972 -2.071 -2.162 -2.246 -2.323 -2.394 -2.460 -2.520 -2.575 
-2.629 
-2.700 -2.744 -2.795 -2.841 -2.884 -2.922 -2.957 -2.989 -3.018 -3.043 
-3.066 -3.086 -3.103 -3.117 -3.129 -3.138 -3.145 -3.149 -3.150 -3.149 
-3.146 -3.140 -3.132 -3.120 -3.107 -3.090 -3.071 -3.049 -3.025 -2.997 
-2.966 -2.931 -2.893 -2.852 -2.806 -2.757 -2.702 -2.643 -2.578 -2.508 
-2.430 -2.346 -2.253 -2.152 -2.041 -1.922 -1.799 -1.677 -1.561 -1.444 
-1.315 -1.180 -1.080 -1.060 -1.124 -1.236 -1.355 -1.461 -1.548 -1.617 
-1.669 -1.707 -1.732 -1.745 -1.745 -1.734 -1.712 -1.678 -1.631 -1.572 
-1.500 -1.416 -1.325 -1.233 -1.157 -1.121 -1.154 -1.259 -1.410 -1.574 
-1.732 -1.877 -2.007 -2.124 -2.230 -2.325 -2.412 -2.491 -2.563 -2.628 
-2.679 
-2.806 -2.850 -2.894 -2.933 -2.969 -3.002 -3.031 -3.057 -3.079 -3.099 
-3.116 -3.131 -3.142 -3.151 -3.157 -3.161 -3.162 -3.160 -3.156 -3.149 
-3.139 -3.127 -3.112 -3.094 -3.073 -3.050 -3.023 -2.993 -2.959 -2.922 
-2.881 -2.836 -2.787 -2.732 -2.673 -2.608 -2.536 -2.458 -2.371 -2.276 
-2.173 -2.061 -1.943 -1.825 -1.710 -1.598 -1.493 -1.410 -1.370 -1.377 
-1.410 -1.441 -1.460 -1.498 -1.573 -1.662 -1.742 -1.806 -1.854 -1.888 
-1.910 -1.920 -1.920 -1.908 -1.886 -1.853 -1.808 -1.750 -1.680 -1.597 
-1.503 -1.405 -1.319 -1.264 -1.258 -1.304 -1.401 -1.538 -1.690 -1.839 
-1.976 -2.100 -2.212 -2.313 -2.404 -2.487 -2.562 -2.630 -2.693 -2.750 
-2.791 
-2.897 -2.926 -2.967 -3.004 -3.038 -3.068 -3.094 -3.117 -3.137 -3.154 
-3.168 -3.180 -3.188 -3.193 -3.196 -3.196 -3.193 -3.188 -3.179 -3.168 
-3.154 -3.137 -3.116 -3.093 -3.067 -3.037 -3.003 -2.966 -2.924 -2.879 
-2.829 -2.773 -2.712 -2.646 -2.572 -2.492 -2.403 -2.305 -2.198 -2.082 
-1.959 -1.833 -1.718 -1.628 -1.581 -1.576 -1.602 -1.642 -1.692 -1.758 
-1.836 -1.915 -1.987 -2.051 -2.104 -2.147 -2.180 -2.205 -2.221 -2.228 
-2.228 -2.219 -2.202 -2.176 -2.141 -2.096 -2.039 -1.970 -1.888 -1.793 
-1.690 -1.591 -1.505 -1.434 -1.391 -1.404 -1.485 -1.616 -1.768 -1.918 
-2.058 -2.184 -2.296 -2.398 -2.489 -2.571 -2.645 -2.713 -2.774 -2.830 
-2.879 
-3.059 -3.118 -3.155 -3.188 -3.217 -3.244 -3.267 -3.288 -3.305 -3.320 
-3.332 -3.341 -3.347 -3.351 -3.353 -3.351 -3.348 -3.341 -3.332 -3.320 
-3.306 -3.288 -3.268 -3.245 -3.219 -3.189 -3.156 -3.120 -3.080 -3.036 
-2.988 -2.936 -2.878 -2.815 -2.747 -2.672 -2.590 -2.500 -2.402 -2.296 
-2.181 -2.060 -1.938 -1.826 -1.736 -1.680 -1.663 -1.681 -1.727 -1.788 
-1.857 -1.925 -1.988 -2.044 -2.091 -2.129 -2.158 -2.177 -2.187 -2.189 
-2.181 -2.163 -2.136 -2.098 -2.048 -1.986 -1.909 -1.816 -1.709 -1.595 
-1.496 -1.443 -1.461 -1.538 -1.637 -1.743 -1.866 -2.002 -2.137 -2.263 
-2.378 -2.481 -2.575 -2.660 -2.737 -2.808 -2.872 -2.931 -2.984 -3.033 
-3.048 
-2.968 -2.998 -3.038 -3.075 -3.108 -3.138 -3.165 -3.189 -3.210 -3.229 
-3.244 -3.257 -3.268 -3.276 -3.281 -3.284 -3.284 -3.282 -3.277 -3.270 
-3.260 -3.247 -3.232 -3.214 -3.194 -3.170 -3.144 -3.114 -3.081 -3.045 
-3.005 -2.962 -2.914 -2.862 -2.806 -2.744 -2.677 -2.604 -2.525 -2.438 
-2.345 -2.243 -2.135 -2.021 -1.906 -1.796 -1.696 -1.610 -1.544 -1.519 
-1.555 -1.631 -1.717 -1.798 -1.869 -1.929 -1.978 -2.018 -2.048 -2.068 
-2.080 -2.083 -2.078 -2.063 -2.040 -2.008 -1.967 -1.915 -1.855 -1.786 
-1.716 -1.662 -1.639 -1.649 -1.688 -1.755 -1.843 -1.944 -2.050 -2.154 
-2.255 -2.350 -2.440 -2.523 -2.600 -2.672 -2.738 -2.799 -2.855 -2.907 
-2.952 
-2.929 -2.957 -3.000 -3.039 -3.074 -3.107 -3.136 -3.161 -3.184 -3.204 
-3.222 -3.236 -3.248 -3.258 -3.265 -3.269 -3.271 -3.270 -3.267 -3.261 
-3.253 -3.242 -3.228 -3.212 -3.193 -3.171 -3.146 -3.118 -3.087 -3.053 
-3.015 -2.973 -2.928 -2.878 -2.824 -2.764 -2.699 -2.628 -2.550 -2.465 
-2.371 -2.267 -2.151 -2.023 -1.879 -1.718 -1.543 -1.364 -1.213 -1.140 
-1.171 -1.277 -1.409 -1.535 -1.644 -1.735 -1.808 -1.866 -1.911 -1.944 
-1.965 -1.976 -1.977 -1.967 -1.948 -1.918 -1.878 -1.828 -1.766 -1.694 
-1.615 -1.535 -1.469 -1.436 -1.452 -1.522 -1.630 -1.759 -1.891 -2.019 
-2.139 -2.249 -2.351 -2.444 -2.529 -2.607 -2.678 -2.744 -2.804 -2.860 
-2.911 
-3.041 -3.085 -3.127 -3.166 -3.201 -3.232 -3.261 -3.286 -3.309 -3.328 
-3.345 -3.359 -3.370 -3.379 -3.385 -3.389 -3.390 -3.389 -3.385 -3.378 
-3.369 -3.357 -3.343 -3.325 -3.305 -3.282 -3.256 -3.227 -3.195 -3.159 
-3.120 -3.077 -3.029 -2.978 -2.921 -2.860 -2.793 -2.720 -2.641 -2.555 
-2.461 -2.360 -2.249 -2.129 -1.995 -1.844 -1.674 -1.494 -1.341 -1.268 
-1.303 -1.416 -1.554 -1.683 -1.794 -1.885 -1.959 -2.017 -2.061 -2.094 
-2.115 -2.125 -2.126 -2.117 -2.097 -2.069 -2.030 -1.981 -1.922 -1.855 
-1.782 -1.711 -1.653 -1.624 -1.639 -1.700 -1.798 -1.916 -2.041 -2.163 
-2.279 -2.387 -2.486 -2.578 -2.662 -2.739 -2.809 -2.874 -2.934 -2.989 
-3.025 
-3.033 -3.086 -3.122 -3.155 -3.185 -3.212 -3.236 -3.258 -3.277 -3.293 
-3.307 -3.318 -3.327 -3.333 -3.336 -3.337 -3.335 -3.331 -3.324 -3.314 
-3.302 -3.287 -3.269 -3.249 -3.225 -3.198 -3.168 -3.135 -3.098 -3.057 
-3.013 -2.964 -2.911 -2.854 -2.792 -2.725 -2.653 -2.576 -2.495 -2.410 
-2.324 -2.240 -2.162 -2.094 -2.040 -1.998 -1.960 -1.914 -1.860 -1.833 
-1.867 -1.940 -2.014 -2.079 -2.134 -2.181 -2.220 -2.250 -2.272 -2.285 
-2.290 -2.286 -2.274 -2.254 -2.224 -2.186 -2.139 -2.083 -2.021 -1.955 
-1.892 -1.842 -1.816 -1.824 -1.869 -1.945 -2.042 -2.147 -2.252 -2.351 
-2.442 -2.527 -2.604 -2.675 -2.741 -2.801 -2.858 -2.910 -2.959 -3.004 
-3.022 
-2.837 -2.856 -2.894 -2.930 -2.964 -2.996 -3.026 -3.053 -3.079 -3.102 
-3.123 -3.142 -3.158 -3.172 -3.184 -3.194 -3.201 -3.206 -3.208 -3.208 
-3.206 -3.201 -3.194 -3.184 -3.172 -3.157 -3.139 -3.119 -3.095 -3.069 
-3.039 -3.006 -2.970 -2.929 -2.885 -2.836 -2.783 -2.725 -2.663 -2.595 
-2.523 -2.447 -2.369 -2.290 -2.214 -2.141 -2.075 -2.017 -1.969 -1.931 
-1.903 -1.890 -1.895 -1.918 -1.956 -2.003 -2.053 -2.104 -2.151 -2.195 
-2.232 -2.264 -2.289 -2.308 -2.321 -2.327 -2.326 -2.319 -2.304 -2.283 
-2.259 -2.235 -2.219 -2.215 -2.221 -2.234 -2.251 -2.273 -2.303 -2.339 
-2.381 -2.425 -2.470 -2.515 -2.559 -2.604 -2.648 -2.691 -2.734 -2.776 
-2.823 
-2.872 -2.905 -2.952 -2.995 -3.035 -3.071 -3.104 -3.134 -3.161 -3.184 
-3.205 -3.223 -3.238 -3.251 -3.261 -3.268 -3.273 -3.275 -3.274 -3.271 
-3.265 -3.257 -3.245 -3.231 -3.214 -3.195 -3.172 -3.146 -3.116 -3.084 
-3.047 -3.007 -2.963 -2.914 -2.861 -2.803 -2.739 -2.670 -2.594 -2.511 
-2.421 -2.324 -2.221 -2.114 -2.008 -1.908 -1.821 -1.748 -1.689 -1.682 
-1.754 -1.850 -1.938 -2.015 -2.083 -2.144 -2.197 -2.243 -2.282 -2.313 
-2.337 -2.354 -2.364 -2.367 -2.364 -2.354 -2.337 -2.313 -2.282 -2.244 
-2.199 -2.149 -2.094 -2.039 -1.988 -1.950 -1.932 -1.939 -1.974 -2.032 
-2.107 -2.192 -2.281 -2.369 -2.453 -2.532 -2.606 -2.676 -2.740 -2.799 
-2.852 
-3.094 -3.146 -3.193 -3.236 -3.275 -3.311 -3.343 -3.372 -3.398 -3.421 
-3.441 -3.458 -3.472 -3.483 -3.492 -3.498 -3.502 -3.502 -3.501 -3.496 
-3.489 -3.479 -3.467 -3.452 -3.434 -3.413 -3.388 -3.361 -3.331 -3.297 
-3.259 -3.217 -3.171 -3.121 -3.066 -3.005 -2.939 -2.866 -2.785 -2.696 
-2.597 -2.487 -2.363 -2.223 -2.062 -1.877 -1.672 -1.484 -1.351 -1.316 
-1.412 -1.580 -1.752 -1.900 -2.020 -2.117 -2.195 -2.257 -2.306 -2.343 
-2.370 -2.387 -2.396 -2.395 -2.386 -2.368 -2.341 -2.306 -2.261 -2.207 
-2.144 -2.074 -1.999 -1.931 -1.884 -1.878 -1.912 -1.978 -2.067 -2.169 
-2.276 -2.383 -2.487 -2.585 -2.676 -2.761 -2.839 -2.911 -2.977 -3.038 
-3.078 
-3.290 -3.345 -3.390 -3.431 -3.467 -3.500 -3.530 -3.556 -3.580 -3.600 
-3.617 -3.632 -3.643 -3.652 -3.659 -3.662 -3.663 -3.661 -3.657 -3.650 
-3.640 -3.627 -3.612 -3.594 -3.573 -3.548 -3.521 -3.490 -3.455 -3.417 
-3.375 -3.328 -3.277 -3.220 -3.159 -3.090 -3.015 -2.932 -2.839 -2.735 
-2.618 -2.484 -2.330 -2.151 -1.942 -1.710 -1.507 -1.414 -1.457 -1.576 
-1.742 -1.913 -2.060 -2.179 -2.275 -2.353 -2.414 -2.462 -2.498 -2.524 
-2.539 -2.545 -2.542 -2.529 -2.507 -2.475 -2.432 -2.377 -2.310 -2.229 
-2.133 -2.023 -1.908 -1.809 -1.757 -1.781 -1.876 -2.014 -2.166 -2.314 
-2.451 -2.577 -2.691 -2.794 -2.888 -2.972 -3.050 -3.120 -3.184 -3.243 
-3.276 
-3.246 -3.290 -3.335 -3.376 -3.413 -3.447 -3.477 -3.504 -3.528 -3.549 
-3.567 -3.583 -3.595 -3.605 -3.612 -3.617 -3.619 -3.618 -3.615 -3.609 
-3.601 -3.590 -3.576 -3.559 -3.539 -3.517 -3.491 -3.462 -3.430 -3.394 
-3.354 -3.310 -3.262 -3.209 -3.151 -3.087 -3.017 -2.939 -2.854 -2.759 
-2.654 -2.536 -2.404 -2.257 -2.095 -1.928 -1.777 -1.701 -1.738 -1.827 
-1.921 -2.004 -2.076 -2.143 -2.209 -2.272 -2.328 -2.377 -2.417 -2.449 
-2.471 -2.485 -2.490 -2.487 -2.475 -2.455 -2.426 -2.387 -2.337 -2.276 
-2.203 -2.116 -2.020 -1.924 -1.854 -1.836 -1.883 -1.984 -2.117 -2.258 
-2.394 -2.520 -2.634 -2.737 -2.831 -2.916 -2.993 -3.064 -3.128 -3.187 
-3.229 
-3.146 -3.173 -3.213 -3.250 -3.284 -3.315 -3.344 -3.369 -3.392 -3.413 
-3.430 -3.446 -3.459 -3.469 -3.477 -3.483 -3.486 -3.487 -3.486 -3.482 
-3.476 -3.468 -3.457 -3.443 -3.427 -3.408 -3.387 -3.363 -3.336 -3.306 
-3.273 -3.236 -3.196 -3.153 -3.105 -3.053 -2.997 -2.936 -2.870 -2.797 
-2.719 -2.634 -2.542 -2.443 -2.337 -2.228 -2.122 -2.031 -1.959 -1.894 
-1.835 -1.791 -1.775 -1.790 -1.830 -1.885 -1.944 -2.001 -2.053 -2.097 
-2.134 -2.162 -2.183 -2.197 -2.204 -2.204 -2.199 -2.190 -2.175 -2.158 
-2.138 -2.117 -2.097 -2.082 -2.080 -2.100 -2.150 -2.226 -2.314 -2.404 
-2.490 -2.573 -2.651 -2.725 -2.795 -2.860 -2.922 -2.979 -3.033 -3.083 
-3.130 
-3.209 -3.235 -3.275 -3.311 -3.344 -3.374 -3.401 -3.425 -3.446 -3.464 
-3.480 -3.493 -3.503 -3.511 -3.516 -3.518 -3.518 -3.516 -3.511 -3.503 
-3.493 -3.481 -3.465 -3.447 -3.426 -3.403 -3.376 -3.346 -3.313 -3.277 
-3.237 -3.194 -3.147 -3.095 -3.040 -2.979 -2.914 -2.844 -2.769 -2.688 
-2.603 -2.514 -2.423 -2.333 -2.248 -2.173 -2.115 -2.075 -2.054 -2.050 
-2.058 -2.075 -2.101 -2.137 -2.180 -2.225 -2.267 -2.302 -2.330 -2.350 
-2.363 -2.367 -2.363 -2.352 -2.333 -2.307 -2.274 -2.234 -2.187 -2.135 
-2.079 -2.023 -1.975 -1.946 -1.949 -1.989 -2.064 -2.161 -2.268 -2.376 
-2.481 -2.579 -2.671 -2.756 -2.834 -2.907 -2.973 -3.035 -3.091 -3.143 
-3.192 
-3.436 -3.501 -3.536 -3.568 -3.596 -3.622 -3.645 -3.665 -3.683 -3.698 
-3.710 -3.720 -3.727 -3.732 -3.734 -3.734 -3.732 -3.727 -3.720 -3.710 
-3.698 -3.683 -3.666 -3.646 -3.623 -3.598 -3.569 -3.538 -3.503 -3.465 
-3.423 -3.378 -3.329 -3.276 -3.218 -3.155 -3.088 -3.014 -2.935 -2.850 
-2.757 -2.658 -2.552 -2.441 -2.326 -2.211 -2.106 -2.022 -1.972 -1.963 
-1.990 -2.040 -2.101 -2.162 -2.219 -2.268 -2.308 -2.340 -2.362 -2.376 
-2.382 -2.379 -2.370 -2.353 -2.332 -2.306 -2.278 -2.252 -2.229 -2.213 
-2.205 -2.203 -2.210 -2.230 -2.272 -2.341 -2.432 -2.534 -2.637 -2.738 
-2.833 -2.921 -3.003 -3.078 -3.148 -3.212 -3.270 -3.325 -3.374 -3.420 
-3.427 
-3.351 -3.385 -3.426 -3.464 -3.498 -3.529 -3.556 -3.581 -3.602 -3.621 
-3.637 -3.650 -3.661 -3.669 -3.674 -3.677 -3.677 -3.675 -3.671 -3.663 
-3.654 -3.641 -3.626 -3.608 -3.588 -3.564 -3.538 -3.508 -3.476 -3.439 
-3.400 -3.356 -3.308 -3.256 -3.200 -3.138 -3.071 -2.997 -2.917 -2.830 
-2.735 -2.631 -2.517 -2.395 -2.267 -2.137 -2.017 -1.925 -1.879 -1.884 
-1.932 -2.004 -2.084 -2.161 -2.230 -2.290 -2.339 -2.378 -2.408 -2.428 
-2.439 -2.441 -2.435 -2.420 -2.397 -2.366 -2.326 -2.278 -2.223 -2.162 
-2.097 -2.035 -1.985 -1.962 -1.975 -2.027 -2.114 -2.226 -2.349 -2.471 
-2.588 -2.696 -2.795 -2.886 -2.969 -3.045 -3.115 -3.179 -3.237 -3.291 
-3.335 
-3.240 -3.279 -3.325 -3.367 -3.406 -3.441 -3.473 -3.501 -3.526 -3.548 
-3.568 -3.584 -3.598 -3.609 -3.617 -3.623 -3.626 -3.627 -3.625 -3.620 
-3.613 -3.603 -3.591 -3.576 -3.558 -3.537 -3.513 -3.486 -3.457 -3.423 
-3.387 -3.346 -3.302 -3.253 -3.201 -3.143 -3.080 -3.012 -2.937 -2.856 
-2.767 -2.671 -2.566 -2.453 -2.334 -2.213 -2.098 -2.004 -1.947 -1.939 
-1.971 -2.031 -2.103 -2.176 -2.246 -2.307 -2.360 -2.404 -2.439 -2.465 
-2.483 -2.492 -2.493 -2.485 -2.469 -2.444 -2.411 -2.367 -2.314 -2.250 
-2.177 -2.096 -2.013 -1.936 -1.882 -1.867 -1.906 -1.994 -2.113 -2.244 
-2.374 -2.497 -2.610 -2.713 -2.808 -2.894 -2.973 -3.046 -3.112 -3.172 
-3.222 
-3.206 -3.239 -3.283 -3.324 -3.361 -3.395 -3.426 -3.453 -3.477 -3.499 
-3.518 -3.534 -3.547 -3.557 -3.565 -3.571 -3.573 -3.574 -3.571 -3.566 
-3.559 -3.548 -3.535 -3.520 -3.501 -3.480 -3.456 -3.428 -3.398 -3.363 
-3.326 -3.284 -3.239 -3.189 -3.134 -3.075 -3.010 -2.938 -2.860 -2.775 
-2.681 -2.578 -2.465 -2.343 -2.212 -2.079 -1.955 -1.859 -1.811 -1.818 
-1.873 -1.955 -2.046 -2.133 -2.213 -2.282 -2.340 -2.389 -2.428 -2.458 
-2.479 -2.493 -2.499 -2.497 -2.488 -2.472 -2.448 -2.417 -2.380 -2.335 
-2.286 -2.232 -2.178 -2.128 -2.092 -2.083 -2.110 -2.170 -2.253 -2.346 
-2.443 -2.538 -2.631 -2.719 -2.802 -2.880 -2.952 -3.018 -3.080 -3.137 
-3.181 
