IRGRID 64 91
1e+308

0.025 0.03 0.035 0.04 0.045 0.05 0.055 0.06 0.065 0.07
0.075 0.08 0.085 0.09 0.095 0.1 0.11 0.12 0.13 0.14
0.15 0.16 0.17 0.18 0.19 0.2 0.21 0.22 0.23 0.24
0.25 0.26 0.27 0.28 0.29 0.3 0.31 0.32 0.33 0.34
0.35 0.36 0.37 0.38 0.39 0.4 0.41 0.42 0.43 0.44
0.45 0.46 0.47 0.48 0.49 0.5 0.51 0.52 0.53 0.54
0.55 0.56 0.57 0.58
0 4 8 12 16 20 24 28 32 36
40 44 48 52 56 60 64 68 72 76
80 84 88 92 96 100 104 108 112 116
120 124 128 132 136 140 144 148 152 156
160 164 168 172 176 180 184 188 192 196
200 204 208 212 216 220 224 228 232 236
240 244 248 252 256 260 264 268 272 276
280 284 288 292 296 300 304 308 312 316
320 324 328 332 336 340 344 348 352 356
360
-4.000 -4.000 -4.000 -4.000 -4.000 -4.000 -4.000 -4.000 -4.000 -4.000 
-4.000 -4.000 -4.000 -4.000 -4.000 -4.000 -4.000 -4.000 -4.000 -4.000 
-4.000 -4.000 -4.000 -4.000 -4.000 -4.000 -4.000 -4.000 -4.000 -4.000 
-4.000 -4.000 -4.000 -4.000 -4.000 -4.000 -4.000 -4.000 -4.000 -4.000 
-4.000 -4.000 -4.000 -4.000 -4.000 -4.000 -4.000 -4.000 -4.000 -4.000 
-4.000 -4.000 -4.000 -4.000 -4.000 -4.000 -4.000 -4.000 -4.000 -4.000 
-4.000 -4.000 -4.000 -4.000 -4.000 -4.000 -4.000 -4.000 -4.000 -4.000 
-4.000 -4.000 -4.000 -4.000 -4.000 -4.000 -4.000 -4.000 -4.000 -4.000 
-4.000 -4.000 -4.000 -4.000 -4.000 -4.000 -4.000 -4.000 -4.000 -4.000 
-4.000 
-4.000 -4.000 -4.000 -4.000 -4.000 -4.000 -4.000 -4.000 -4.000 -4.000 
-4.000 -4.000 -4.000 -4.000 -4.000 -4.000 -4.000 -4.000 -4.000 -4.000 
-4.000 -4.000 -4.000 -4.000 -4.000 -4.000 -4.000 -4.000 -4.000 -4.000 
-4.000 -4.000 -4.000 -4.000 -4.000 -4.000 -4.000 -4.000 -4.000 -4.000 
-4.000 -4.000 -4.000 -3.999 -3.989 -3.984 -3.986 -3.994 -4.000 -4.000 
-4.000 -4.000 -4.000 -4.000 -4.000 -4.000 -4.000 -4.000 -4.000 -4.000 
-4.000 -4.000 -4.000 -4.000 -4.000 -4.000 -4.000 -4.000 -4.000 -4.000 
-4.000 -4.000 -4.000 -4.000 -4.000 -4.000 -4.000 -4.000 -4.000 -4.000 
-4.000 -4.000 -4.000 -4.000 -4.000 -4.000 -4.000 -4.000 -4.000 -4.000 
-4.000 
-3.959 -3.978 -3.993 -4.000 -4.000 -4.000 -4.000 -4.000 -4.000 -4.000 
-4.000 -4.000 -4.000 -4.000 -4.000 -4.000 -4.000 -4.000 -4.000 -4.000 
-4.000 -4.000 -4.000 -3.983 -3.962 -3.939 -3.914 -3.888 -3.859 -3.828 
-3.795 -3.762 -3.727 -3.691 -3.656 -3.622 -3.589 -3.560 -3.535 -3.514 
-3.499 -3.489 -3.484 -3.484 -3.488 -3.497 -3.509 -3.525 -3.543 -3.563 
-3.584 -3.606 -3.628 -3.649 -3.670 -3.689 -3.707 -3.723 -3.738 -3.751 
-3.762 -3.771 -3.778 -3.784 -3.787 -3.789 -3.790 -3.789 -3.786 -3.783 
-3.780 -3.776 -3.772 -3.769 -3.768 -3.768 -3.770 -3.775 -3.782 -3.791 
-3.802 -3.815 -3.830 -3.845 -3.862 -3.878 -3.896 -3.913 -3.930 -3.946 
-3.955 
-3.635 -3.657 -3.670 -3.681 -3.689 -3.696 -3.701 -3.706 -3.709 -3.713 
-3.717 -3.721 -3.725 -3.729 -3.734 -3.738 -3.741 -3.742 -3.741 -3.737 
-3.731 -3.722 -3.709 -3.693 -3.674 -3.651 -3.624 -3.595 -3.562 -3.526 
-3.488 -3.448 -3.407 -3.366 -3.326 -3.289 -3.257 -3.230 -3.212 -3.202 
-3.200 -3.206 -3.220 -3.239 -3.261 -3.286 -3.311 -3.336 -3.359 -3.379 
-3.396 -3.409 -3.417 -3.420 -3.417 -3.406 -3.387 -3.359 -3.321 -3.274 
-3.221 -3.169 -3.131 -3.117 -3.131 -3.164 -3.203 -3.240 -3.269 -3.291 
-3.305 -3.313 -3.319 -3.323 -3.326 -3.332 -3.339 -3.350 -3.365 -3.383 
-3.404 -3.428 -3.453 -3.480 -3.506 -3.533 -3.558 -3.582 -3.604 -3.624 
-3.627 
-3.391 -3.371 -3.361 -3.350 -3.338 -3.327 -3.316 -3.306 -3.299 -3.295 
-3.294 -3.297 -3.304 -3.315 -3.328 -3.345 -3.363 -3.383 -3.403 -3.422 
-3.441 -3.459 -3.474 -3.488 -3.500 -3.509 -3.516 -3.521 -3.523 -3.522 
-3.519 -3.514 -3.506 -3.497 -3.485 -3.472 -3.459 -3.446 -3.433 -3.421 
-3.409 -3.398 -3.386 -3.373 -3.358 -3.339 -3.317 -3.292 -3.262 -3.227 
-3.189 -3.146 -3.099 -3.048 -2.993 -2.934 -2.872 -2.806 -2.736 -2.664 
-2.593 -2.531 -2.490 -2.482 -2.510 -2.567 -2.643 -2.725 -2.806 -2.882 
-2.951 -3.013 -3.068 -3.117 -3.160 -3.198 -3.232 -3.262 -3.288 -3.311 
-3.332 -3.349 -3.364 -3.375 -3.384 -3.390 -3.393 -3.394 -3.392 -3.387 
-3.395 
-3.316 -3.331 -3.328 -3.323 -3.317 -3.309 -3.301 -3.291 -3.281 -3.271 
-3.261 -3.251 -3.241 -3.231 -3.222 -3.213 -3.204 -3.197 -3.189 -3.182 
-3.176 -3.170 -3.164 -3.159 -3.153 -3.148 -3.142 -3.137 -3.131 -3.124 
-3.117 -3.110 -3.102 -3.093 -3.083 -3.072 -3.061 -3.047 -3.033 -3.017 
-2.999 -2.979 -2.957 -2.933 -2.906 -2.877 -2.845 -2.811 -2.774 -2.734 
-2.692 -2.647 -2.601 -2.553 -2.506 -2.461 -2.418 -2.381 -2.351 -2.334 
-2.333 -2.349 -2.382 -2.430 -2.488 -2.553 -2.620 -2.687 -2.751 -2.811 
-2.867 -2.920 -2.968 -3.013 -3.054 -3.092 -3.126 -3.158 -3.186 -3.212 
-3.235 -3.255 -3.273 -3.288 -3.301 -3.312 -3.320 -3.327 -3.331 -3.333 
-3.315 
-3.080 -3.073 -3.062 -3.049 -3.035 -3.018 -3.001 -2.981 -2.961 -2.940 
-2.919 -2.898 -2.877 -2.857 -2.840 -2.824 -2.812 -2.803 -2.797 -2.796 
-2.798 -2.804 -2.813 -2.824 -2.837 -2.851 -2.866 -2.880 -2.893 -2.906 
-2.917 -2.927 -2.935 -2.941 -2.945 -2.946 -2.945 -2.942 -2.935 -2.926 
-2.914 -2.899 -2.881 -2.859 -2.834 -2.805 -2.771 -2.734 -2.692 -2.645 
-2.592 -2.535 -2.471 -2.401 -2.326 -2.246 -2.164 -2.084 -2.014 -1.965 
-1.947 -1.966 -2.017 -2.091 -2.177 -2.266 -2.354 -2.436 -2.513 -2.584 
-2.649 -2.708 -2.761 -2.810 -2.853 -2.893 -2.928 -2.959 -2.987 -3.011 
-3.031 -3.049 -3.063 -3.075 -3.083 -3.089 -3.093 -3.094 -3.092 -3.088 
-3.082 
-2.961 -2.933 -2.918 -2.900 -2.879 -2.856 -2.831 -2.804 -2.775 -2.744 
-2.712 -2.680 -2.648 -2.617 -2.588 -2.562 -2.539 -2.521 -2.508 -2.500 
-2.497 -2.497 -2.500 -2.503 -2.505 -2.507 -2.507 -2.508 -2.512 -2.522 
-2.538 -2.559 -2.582 -2.606 -2.629 -2.649 -2.666 -2.678 -2.687 -2.691 
-2.691 -2.686 -2.677 -2.663 -2.645 -2.621 -2.593 -2.560 -2.521 -2.475 
-2.424 -2.366 -2.300 -2.227 -2.147 -2.060 -1.969 -1.880 -1.803 -1.751 
-1.737 -1.765 -1.829 -1.915 -2.013 -2.112 -2.207 -2.296 -2.379 -2.454 
-2.522 -2.584 -2.639 -2.690 -2.735 -2.775 -2.811 -2.843 -2.870 -2.894 
-2.915 -2.932 -2.945 -2.956 -2.963 -2.967 -2.969 -2.967 -2.963 -2.956 
-2.966 
-2.986 -3.034 -3.032 -3.027 -3.019 -3.008 -2.995 -2.978 -2.959 -2.936 
-2.911 -2.884 -2.853 -2.821 -2.786 -2.748 -2.709 -2.667 -2.623 -2.575 
-2.524 -2.469 -2.411 -2.349 -2.287 -2.226 -2.170 -2.123 -2.090 -2.071 
-2.066 -2.069 -2.075 -2.079 -2.076 -2.063 -2.041 -2.012 -1.982 -1.957 
-1.942 -1.940 -1.949 -1.965 -1.985 -2.003 -2.018 -2.027 -2.029 -2.023 
-2.008 -1.984 -1.950 -1.906 -1.851 -1.787 -1.715 -1.642 -1.578 -1.536 
-1.524 -1.538 -1.568 -1.609 -1.665 -1.742 -1.836 -1.939 -2.045 -2.147 
-2.243 -2.332 -2.413 -2.488 -2.556 -2.618 -2.675 -2.726 -2.772 -2.814 
-2.852 -2.885 -2.915 -2.941 -2.964 -2.983 -2.999 -3.012 -3.022 -3.029 
-2.986 
-2.511 -2.550 -2.567 -2.582 -2.593 -2.602 -2.609 -2.613 -2.615 -2.614 
-2.610 -2.604 -2.596 -2.584 -2.570 -2.554 -2.534 -2.511 -2.486 -2.457 
-2.424 -2.389 -2.349 -2.307 -2.261 -2.212 -2.160 -2.107 -2.052 -1.996 
-1.937 -1.874 -1.806 -1.733 -1.656 -1.576 -1.498 -1.424 -1.360 -1.311 
-1.279 -1.265 -1.266 -1.276 -1.291 -1.305 -1.315 -1.321 -1.322 -1.320 
-1.314 -1.306 -1.297 -1.285 -1.269 -1.249 -1.222 -1.190 -1.151 -1.108 
-1.063 -1.021 -0.989 -0.975 -0.990 -1.034 -1.102 -1.185 -1.274 -1.364 
-1.454 -1.541 -1.625 -1.707 -1.785 -1.859 -1.930 -1.996 -2.059 -2.117 
-2.172 -2.223 -2.270 -2.313 -2.354 -2.391 -2.425 -2.456 -2.483 -2.508 
-2.507 
-2.195 -2.190 -2.214 -2.236 -2.255 -2.272 -2.286 -2.298 -2.308 -2.316 
-2.321 -2.324 -2.324 -2.322 -2.318 -2.311 -2.302 -2.291 -2.276 -2.260 
-2.240 -2.217 -2.192 -2.163 -2.131 -2.095 -2.055 -2.011 -1.963 -1.910 
-1.852 -1.788 -1.721 -1.650 -1.578 -1.510 -1.450 -1.401 -1.365 -1.336 
-1.310 -1.284 -1.255 -1.220 -1.181 -1.137 -1.091 -1.046 -1.005 -0.968 
-0.938 -0.915 -0.899 -0.886 -0.876 -0.866 -0.854 -0.835 -0.804 -0.750 
-0.647 -0.421 -0.057 -0.331 -0.624 -0.752 -0.823 -0.878 -0.931 -0.989 
-1.051 -1.119 -1.190 -1.263 -1.336 -1.409 -1.480 -1.549 -1.615 -1.678 
-1.738 -1.794 -1.847 -1.897 -1.944 -1.988 -2.028 -2.066 -2.101 -2.133 
-2.182 
-2.152 -2.214 -2.230 -2.242 -2.252 -2.260 -2.265 -2.268 -2.268 -2.266 
-2.262 -2.254 -2.245 -2.232 -2.217 -2.199 -2.178 -2.154 -2.127 -2.097 
-2.063 -2.026 -1.984 -1.938 -1.888 -1.833 -1.773 -1.708 -1.637 -1.560 
-1.477 -1.389 -1.298 -1.207 -1.121 -1.047 -0.992 -0.961 -0.956 -0.971 
-0.999 -1.033 -1.065 -1.092 -1.112 -1.124 -1.127 -1.123 -1.112 -1.095 
-1.073 -1.046 -1.013 -0.974 -0.924 -0.863 -0.785 -0.685 -0.553 -0.370 
-0.096 0.298 0.576 0.393 0.054 -0.219 -0.437 -0.631 -0.799 -0.943 
-1.070 -1.183 -1.284 -1.377 -1.463 -1.541 -1.614 -1.682 -1.744 -1.802 
-1.855 -1.905 -1.950 -1.992 -2.030 -2.065 -2.097 -2.126 -2.153 -2.176 
-2.149 
-1.795 -1.798 -1.812 -1.822 -1.830 -1.834 -1.835 -1.833 -1.828 -1.820 
-1.810 -1.796 -1.781 -1.765 -1.749 -1.734 -1.722 -1.714 -1.709 -1.708 
-1.709 -1.712 -1.714 -1.714 -1.711 -1.704 -1.693 -1.678 -1.658 -1.633 
-1.603 -1.568 -1.528 -1.484 -1.438 -1.393 -1.353 -1.323 -1.301 -1.286 
-1.273 -1.258 -1.240 -1.218 -1.193 -1.163 -1.131 -1.095 -1.057 -1.015 
-0.970 -0.922 -0.869 -0.811 -0.746 -0.675 -0.594 -0.502 -0.394 -0.267 
-0.112 0.091 0.364 0.536 0.412 0.266 0.098 -0.091 -0.274 -0.439 
-0.585 -0.715 -0.830 -0.934 -1.028 -1.113 -1.190 -1.261 -1.326 -1.386 
-1.441 -1.491 -1.538 -1.580 -1.619 -1.654 -1.686 -1.715 -1.740 -1.763 
-1.787 
-1.692 -1.670 -1.657 -1.640 -1.619 -1.595 -1.568 -1.538 -1.505 -1.469 
-1.432 -1.394 -1.356 -1.320 -1.288 -1.262 -1.244 -1.235 -1.237 -1.248 
-1.268 -1.296 -1.328 -1.364 -1.402 -1.440 -1.476 -1.511 -1.542 -1.571 
-1.596 -1.618 -1.636 -1.651 -1.661 -1.668 -1.672 -1.671 -1.668 -1.660 
-1.650 -1.636 -1.618 -1.598 -1.574 -1.547 -1.517 -1.483 -1.446 -1.404 
-1.358 -1.306 -1.249 -1.184 -1.111 -1.028 -0.932 -0.820 -0.685 -0.518 
-0.301 0.014 0.514 0.906 0.659 0.226 -0.142 -0.394 -0.591 -0.752 
-0.887 -1.003 -1.103 -1.190 -1.267 -1.334 -1.394 -1.446 -1.492 -1.533 
-1.568 -1.598 -1.623 -1.644 -1.661 -1.674 -1.683 -1.688 -1.689 -1.686 
-1.696 
-1.868 -1.869 -1.858 -1.844 -1.827 -1.807 -1.784 -1.759 -1.731 -1.701 
-1.669 -1.636 -1.602 -1.569 -1.539 -1.511 -1.489 -1.472 -1.463 -1.461 
-1.467 -1.479 -1.496 -1.519 -1.544 -1.572 -1.600 -1.628 -1.656 -1.681 
-1.705 -1.726 -1.745 -1.761 -1.774 -1.784 -1.792 -1.796 -1.798 -1.797 
-1.793 -1.786 -1.776 -1.762 -1.746 -1.725 -1.701 -1.673 -1.640 -1.602 
-1.559 -1.509 -1.452 -1.387 -1.313 -1.226 -1.125 -1.005 -0.860 -0.677 
-0.434 -0.070 0.457 0.843 0.508 -0.003 -0.359 -0.614 -0.812 -0.972 
-1.106 -1.219 -1.316 -1.400 -1.474 -1.539 -1.596 -1.646 -1.690 -1.729 
-1.763 -1.791 -1.816 -1.836 -1.853 -1.866 -1.875 -1.880 -1.882 -1.881 
-1.870 
-2.076 -2.087 -2.096 -2.102 -2.105 -2.105 -2.104 -2.099 -2.092 -2.083 
-2.072 -2.059 -2.044 -2.027 -2.009 -1.991 -1.973 -1.956 -1.940 -1.924 
-1.911 -1.898 -1.886 -1.873 -1.859 -1.844 -1.826 -1.807 -1.785 -1.762 
-1.738 -1.715 -1.693 -1.675 -1.659 -1.647 -1.639 -1.632 -1.626 -1.620 
-1.613 -1.604 -1.594 -1.582 -1.568 -1.551 -1.531 -1.508 -1.482 -1.452 
-1.417 -1.378 -1.333 -1.281 -1.222 -1.153 -1.074 -0.981 -0.872 -0.740 
-0.578 -0.369 -0.068 0.357 0.340 0.048 -0.187 -0.423 -0.636 -0.817 
-0.971 -1.104 -1.219 -1.321 -1.412 -1.493 -1.566 -1.632 -1.691 -1.745 
-1.795 -1.839 -1.879 -1.915 -1.948 -1.977 -2.003 -2.026 -2.045 -2.062 
-2.071 
-2.174 -2.209 -2.218 -2.224 -2.228 -2.230 -2.229 -2.225 -2.219 -2.211 
-2.201 -2.188 -2.173 -2.156 -2.136 -2.114 -2.089 -2.061 -2.031 -1.998 
-1.962 -1.924 -1.882 -1.838 -1.790 -1.740 -1.687 -1.634 -1.579 -1.526 
-1.476 -1.432 -1.396 -1.370 -1.354 -1.350 -1.355 -1.368 -1.385 -1.405 
-1.425 -1.444 -1.460 -1.473 -1.482 -1.486 -1.486 -1.481 -1.470 -1.454 
-1.431 -1.403 -1.366 -1.322 -1.269 -1.205 -1.128 -1.036 -0.925 -0.786 
-0.609 -0.369 -0.001 0.461 0.743 0.396 -0.124 -0.476 -0.728 -0.925 
-1.087 -1.223 -1.341 -1.445 -1.536 -1.618 -1.691 -1.757 -1.816 -1.870 
-1.919 -1.963 -2.003 -2.039 -2.071 -2.100 -2.125 -2.148 -2.167 -2.184 
-2.171 
-1.963 -1.970 -1.981 -1.989 -1.996 -2.000 -2.003 -2.004 -2.003 -2.000 
-1.996 -1.990 -1.983 -1.975 -1.965 -1.954 -1.943 -1.930 -1.917 -1.903 
-1.888 -1.873 -1.857 -1.840 -1.823 -1.806 -1.787 -1.768 -1.749 -1.729 
-1.709 -1.690 -1.674 -1.660 -1.650 -1.643 -1.639 -1.636 -1.635 -1.632 
-1.628 -1.623 -1.615 -1.604 -1.590 -1.574 -1.553 -1.530 -1.502 -1.470 
-1.434 -1.393 -1.345 -1.291 -1.230 -1.159 -1.077 -0.982 -0.869 -0.732 
-0.562 -0.339 -0.023 0.415 0.738 0.530 0.233 -0.046 -0.337 -0.577 
-0.769 -0.925 -1.056 -1.169 -1.267 -1.353 -1.430 -1.499 -1.560 -1.616 
-1.666 -1.711 -1.752 -1.789 -1.822 -1.852 -1.879 -1.902 -1.923 -1.941 
-1.959 
-1.886 -1.889 -1.909 -1.926 -1.941 -1.955 -1.966 -1.975 -1.982 -1.988 
-1.992 -1.994 -1.994 -1.993 -1.990 -1.986 -1.980 -1.973 -1.965 -1.955 
-1.944 -1.933 -1.920 -1.906 -1.891 -1.876 -1.860 -1.842 -1.825 -1.806 
-1.787 -1.767 -1.747 -1.727 -1.705 -1.684 -1.662 -1.640 -1.618 -1.596 
-1.573 -1.550 -1.527 -1.503 -1.479 -1.453 -1.427 -1.399 -1.369 -1.336 
-1.301 -1.263 -1.221 -1.174 -1.122 -1.064 -0.998 -0.923 -0.836 -0.735 
-0.614 -0.467 -0.278 -0.017 0.331 0.477 0.547 0.421 0.158 -0.130 
-0.371 -0.567 -0.730 -0.868 -0.987 -1.092 -1.185 -1.269 -1.344 -1.413 
-1.475 -1.532 -1.584 -1.631 -1.675 -1.714 -1.751 -1.784 -1.814 -1.842 
-1.877 
-2.064 -2.098 -2.118 -2.135 -2.150 -2.163 -2.174 -2.182 -2.189 -2.193 
-2.195 -2.195 -2.194 -2.190 -2.184 -2.177 -2.167 -2.156 -2.143 -2.128 
-2.111 -2.092 -2.072 -2.049 -2.026 -2.000 -1.973 -1.945 -1.915 -1.884 
-1.852 -1.820 -1.786 -1.752 -1.719 -1.685 -1.652 -1.620 -1.589 -1.559 
-1.531 -1.504 -1.478 -1.453 -1.429 -1.406 -1.382 -1.358 -1.332 -1.304 
-1.274 -1.240 -1.202 -1.160 -1.111 -1.055 -0.990 -0.915 -0.827 -0.721 
-0.593 -0.435 -0.234 0.022 0.337 0.594 0.570 0.271 -0.102 -0.393 
-0.618 -0.801 -0.954 -1.086 -1.201 -1.303 -1.394 -1.476 -1.551 -1.619 
-1.681 -1.738 -1.790 -1.838 -1.882 -1.922 -1.959 -1.992 -2.023 -2.051 
-2.058 
-2.133 -2.160 -2.183 -2.204 -2.223 -2.240 -2.254 -2.267 -2.277 -2.286 
-2.292 -2.297 -2.300 -2.301 -2.300 -2.297 -2.293 -2.287 -2.279 -2.269 
-2.257 -2.244 -2.229 -2.212 -2.194 -2.174 -2.152 -2.128 -2.103 -2.077 
-2.049 -2.019 -1.989 -1.957 -1.924 -1.890 -1.855 -1.819 -1.783 -1.746 
-1.708 -1.670 -1.631 -1.592 -1.552 -1.510 -1.467 -1.423 -1.377 -1.329 
-1.278 -1.224 -1.167 -1.105 -1.037 -0.962 -0.878 -0.783 -0.674 -0.545 
-0.392 -0.207 0.008 0.209 0.318 0.335 0.179 -0.133 -0.389 -0.597 
-0.770 -0.919 -1.049 -1.164 -1.268 -1.361 -1.446 -1.524 -1.596 -1.662 
-1.723 -1.780 -1.833 -1.881 -1.927 -1.968 -2.007 -2.043 -2.076 -2.107 
-2.124 
-2.044 -2.065 -2.087 -2.107 -2.124 -2.140 -2.153 -2.165 -2.174 -2.182 
-2.188 -2.192 -2.195 -2.196 -2.195 -2.192 -2.188 -2.183 -2.175 -2.167 
-2.156 -2.145 -2.131 -2.117 -2.100 -2.083 -2.064 -2.043 -2.022 -1.999 
-1.974 -1.949 -1.922 -1.894 -1.865 -1.835 -1.805 -1.773 -1.740 -1.707 
-1.673 -1.639 -1.603 -1.568 -1.531 -1.494 -1.456 -1.417 -1.377 -1.334 
-1.290 -1.243 -1.193 -1.139 -1.079 -1.014 -0.940 -0.857 -0.762 -0.651 
-0.520 -0.362 -0.173 0.035 0.188 0.216 0.133 -0.047 -0.266 -0.474 
-0.656 -0.813 -0.950 -1.070 -1.177 -1.273 -1.361 -1.440 -1.512 -1.579 
-1.640 -1.696 -1.748 -1.796 -1.840 -1.881 -1.918 -1.953 -1.985 -2.014 
-2.035 
-1.978 -1.981 -1.998 -2.013 -2.026 -2.038 -2.048 -2.056 -2.063 -2.069 
-2.073 -2.075 -2.077 -2.077 -2.076 -2.074 -2.071 -2.066 -2.061 -2.055 
-2.048 -2.040 -2.031 -2.022 -2.011 -2.000 -1.988 -1.976 -1.963 -1.949 
-1.935 -1.919 -1.904 -1.887 -1.869 -1.851 -1.832 -1.812 -1.790 -1.768 
-1.744 -1.719 -1.693 -1.665 -1.635 -1.603 -1.569 -1.533 -1.494 -1.451 
-1.405 -1.354 -1.299 -1.238 -1.169 -1.093 -1.006 -0.907 -0.792 -0.656 
-0.493 -0.296 -0.068 0.142 0.236 0.167 0.030 -0.153 -0.392 -0.601 
-0.771 -0.913 -1.035 -1.142 -1.235 -1.319 -1.395 -1.463 -1.525 -1.581 
-1.633 -1.680 -1.724 -1.763 -1.800 -1.833 -1.864 -1.892 -1.918 -1.941 
-1.971 
-2.031 -2.071 -2.088 -2.102 -2.115 -2.126 -2.136 -2.144 -2.150 -2.155 
-2.159 -2.161 -2.162 -2.162 -2.161 -2.158 -2.155 -2.150 -2.144 -2.138 
-2.130 -2.122 -2.113 -2.104 -2.095 -2.085 -2.075 -2.064 -2.054 -2.044 
-2.033 -2.023 -2.012 -2.002 -1.992 -1.981 -1.970 -1.958 -1.946 -1.934 
-1.920 -1.905 -1.889 -1.871 -1.852 -1.830 -1.806 -1.780 -1.751 -1.718 
-1.682 -1.641 -1.596 -1.545 -1.489 -1.425 -1.352 -1.269 -1.174 -1.063 
-0.930 -0.771 -0.576 -0.355 -0.169 -0.014 0.134 0.096 -0.142 -0.430 
-0.672 -0.865 -1.022 -1.154 -1.267 -1.365 -1.451 -1.528 -1.597 -1.658 
-1.714 -1.764 -1.810 -1.852 -1.889 -1.924 -1.955 -1.983 -2.009 -2.032 
-2.026 
-1.888 -1.888 -1.906 -1.924 -1.940 -1.956 -1.971 -1.986 -2.000 -2.013 
-2.026 -2.039 -2.051 -2.062 -2.073 -2.083 -2.093 -2.102 -2.111 -2.118 
-2.125 -2.131 -2.136 -2.140 -2.144 -2.146 -2.148 -2.148 -2.147 -2.146 
-2.143 -2.139 -2.135 -2.129 -2.121 -2.113 -2.103 -2.092 -2.079 -2.064 
-2.048 -2.030 -2.010 -1.987 -1.963 -1.936 -1.906 -1.873 -1.837 -1.797 
-1.754 -1.706 -1.654 -1.596 -1.533 -1.462 -1.384 -1.296 -1.197 -1.084 
-0.953 -0.800 -0.620 -0.406 -0.174 0.018 0.103 0.008 -0.220 -0.453 
-0.650 -0.813 -0.949 -1.065 -1.165 -1.252 -1.328 -1.396 -1.457 -1.512 
-1.561 -1.605 -1.645 -1.682 -1.716 -1.747 -1.775 -1.801 -1.825 -1.847 
-1.880 
-1.962 -1.976 -1.994 -2.010 -2.025 -2.038 -2.050 -2.060 -2.070 -2.078 
-2.085 -2.091 -2.096 -2.100 -2.103 -2.104 -2.105 -2.104 -2.102 -2.099 
-2.094 -2.089 -2.082 -2.073 -2.063 -2.051 -2.038 -2.023 -2.007 -1.990 
-1.973 -1.956 -1.940 -1.925 -1.913 -1.902 -1.893 -1.885 -1.877 -1.869 
-1.860 -1.848 -1.834 -1.817 -1.798 -1.775 -1.749 -1.719 -1.686 -1.649 
-1.607 -1.561 -1.509 -1.452 -1.387 -1.316 -1.235 -1.143 -1.038 -0.917 
-0.776 -0.609 -0.411 -0.195 -0.012 0.058 -0.012 -0.157 -0.263 -0.453 
-0.679 -0.858 -1.001 -1.119 -1.221 -1.310 -1.388 -1.458 -1.521 -1.578 
-1.630 -1.677 -1.720 -1.759 -1.795 -1.828 -1.859 -1.886 -1.912 -1.935 
-1.955 
-2.196 -2.218 -2.234 -2.247 -2.258 -2.266 -2.271 -2.274 -2.275 -2.273 
-2.269 -2.262 -2.253 -2.242 -2.228 -2.211 -2.191 -2.169 -2.145 -2.117 
-2.087 -2.055 -2.019 -1.981 -1.941 -1.899 -1.855 -1.811 -1.767 -1.725 
-1.685 -1.649 -1.620 -1.597 -1.582 -1.576 -1.576 -1.583 -1.595 -1.611 
-1.628 -1.646 -1.663 -1.679 -1.691 -1.701 -1.708 -1.710 -1.708 -1.702 
-1.691 -1.674 -1.652 -1.624 -1.590 -1.548 -1.497 -1.438 -1.367 -1.282 
-1.180 -1.057 -0.906 -0.722 -0.522 -0.349 -0.138 -0.046 0.040 -0.090 
-0.381 -0.678 -0.913 -1.099 -1.251 -1.379 -1.489 -1.584 -1.669 -1.744 
-1.811 -1.871 -1.925 -1.973 -2.017 -2.057 -2.092 -2.124 -2.152 -2.177 
-2.189 
-2.447 -2.478 -2.494 -2.507 -2.517 -2.524 -2.529 -2.531 -2.530 -2.527 
-2.522 -2.514 -2.503 -2.490 -2.474 -2.456 -2.435 -2.412 -2.386 -2.358 
-2.327 -2.294 -2.259 -2.221 -2.181 -2.140 -2.097 -2.054 -2.010 -1.967 
-1.925 -1.887 -1.852 -1.822 -1.797 -1.779 -1.766 -1.757 -1.754 -1.753 
-1.754 -1.757 -1.760 -1.764 -1.766 -1.768 -1.769 -1.768 -1.765 -1.759 
-1.750 -1.737 -1.719 -1.696 -1.666 -1.630 -1.585 -1.531 -1.465 -1.386 
-1.290 -1.171 -1.020 -0.820 -0.537 -0.144 0.149 0.055 -0.171 -0.467 
-0.780 -1.031 -1.232 -1.396 -1.535 -1.654 -1.758 -1.850 -1.932 -2.005 
-2.072 -2.131 -2.185 -2.234 -2.278 -2.317 -2.353 -2.384 -2.413 -2.438 
-2.442 
-2.436 -2.472 -2.492 -2.510 -2.525 -2.537 -2.548 -2.556 -2.562 -2.566 
-2.569 -2.569 -2.568 -2.565 -2.560 -2.553 -2.545 -2.535 -2.523 -2.509 
-2.493 -2.475 -2.455 -2.433 -2.409 -2.382 -2.353 -2.322 -2.288 -2.253 
-2.215 -2.176 -2.136 -2.094 -2.052 -2.009 -1.966 -1.923 -1.880 -1.838 
-1.798 -1.760 -1.726 -1.696 -1.671 -1.651 -1.636 -1.624 -1.615 -1.607 
-1.599 -1.590 -1.578 -1.563 -1.542 -1.516 -1.482 -1.439 -1.386 -1.321 
-1.241 -1.141 -1.018 -0.864 -0.680 -0.464 -0.191 -0.148 -0.186 -0.368 
-0.637 -0.894 -1.109 -1.287 -1.437 -1.567 -1.679 -1.779 -1.868 -1.947 
-2.019 -2.083 -2.142 -2.195 -2.243 -2.287 -2.327 -2.362 -2.395 -2.423 
-2.428 
-2.211 -2.213 -2.223 -2.232 -2.239 -2.245 -2.249 -2.252 -2.254 -2.256 
-2.256 -2.256 -2.256 -2.255 -2.254 -2.253 -2.253 -2.252 -2.251 -2.251 
-2.251 -2.251 -2.251 -2.252 -2.252 -2.252 -2.252 -2.252 -2.251 -2.249 
-2.246 -2.241 -2.235 -2.228 -2.218 -2.207 -2.193 -2.177 -2.159 -2.139 
-2.117 -2.095 -2.072 -2.049 -2.026 -2.004 -1.981 -1.958 -1.933 -1.906 
-1.876 -1.842 -1.802 -1.757 -1.705 -1.644 -1.575 -1.495 -1.402 -1.294 
-1.166 -1.016 -0.839 -0.646 -0.476 -0.396 -0.426 -0.487 -0.573 -0.766 
-0.973 -1.148 -1.292 -1.414 -1.518 -1.609 -1.688 -1.758 -1.820 -1.875 
-1.924 -1.969 -2.008 -2.044 -2.075 -2.103 -2.128 -2.150 -2.169 -2.186 
-2.206 
-2.149 -2.155 -2.165 -2.174 -2.180 -2.184 -2.187 -2.188 -2.187 -2.186 
-2.183 -2.179 -2.174 -2.169 -2.164 -2.158 -2.152 -2.147 -2.141 -2.137 
-2.132 -2.129 -2.127 -2.125 -2.124 -2.125 -2.126 -2.128 -2.130 -2.133 
-2.136 -2.140 -2.143 -2.146 -2.149 -2.151 -2.152 -2.152 -2.151 -2.148 
-2.143 -2.137 -2.129 -2.119 -2.106 -2.091 -2.074 -2.053 -2.029 -2.002 
-1.971 -1.936 -1.897 -1.853 -1.804 -1.748 -1.685 -1.615 -1.535 -1.444 
-1.340 -1.219 -1.079 -0.917 -0.745 -0.598 -0.507 -0.483 -0.546 -0.682 
-0.848 -1.011 -1.158 -1.286 -1.398 -1.496 -1.582 -1.659 -1.727 -1.788 
-1.842 -1.890 -1.934 -1.972 -2.007 -2.037 -2.065 -2.088 -2.109 -2.127 
-2.145 
-2.222 -2.226 -2.238 -2.246 -2.253 -2.258 -2.260 -2.261 -2.259 -2.257 
-2.252 -2.246 -2.239 -2.231 -2.221 -2.211 -2.200 -2.189 -2.177 -2.165 
-2.153 -2.142 -2.130 -2.119 -2.109 -2.099 -2.090 -2.082 -2.074 -2.067 
-2.061 -2.056 -2.052 -2.048 -2.045 -2.042 -2.040 -2.038 -2.036 -2.034 
-2.031 -2.027 -2.021 -2.014 -2.005 -1.994 -1.980 -1.963 -1.943 -1.920 
-1.892 -1.861 -1.825 -1.784 -1.738 -1.685 -1.625 -1.557 -1.480 -1.391 
-1.289 -1.171 -1.034 -0.876 -0.703 -0.540 -0.436 -0.440 -0.555 -0.731 
-0.912 -1.077 -1.221 -1.347 -1.457 -1.554 -1.640 -1.716 -1.784 -1.845 
-1.900 -1.950 -1.994 -2.034 -2.070 -2.102 -2.130 -2.155 -2.177 -2.196 
-2.217 
-2.412 -2.448 -2.464 -2.477 -2.488 -2.496 -2.501 -2.504 -2.505 -2.504 
-2.500 -2.494 -2.486 -2.476 -2.464 -2.450 -2.434 -2.416 -2.396 -2.375 
-2.352 -2.327 -2.301 -2.274 -2.246 -2.216 -2.186 -2.156 -2.126 -2.096 
-2.067 -2.041 -2.016 -1.995 -1.977 -1.962 -1.951 -1.943 -1.938 -1.935 
-1.933 -1.933 -1.933 -1.932 -1.931 -1.928 -1.924 -1.917 -1.909 -1.897 
-1.882 -1.863 -1.840 -1.812 -1.780 -1.741 -1.696 -1.643 -1.581 -1.509 
-1.424 -1.325 -1.208 -1.070 -0.911 -0.741 -0.602 -0.557 -0.631 -0.784 
-0.961 -1.130 -1.284 -1.421 -1.543 -1.652 -1.749 -1.836 -1.915 -1.986 
-2.050 -2.108 -2.160 -2.208 -2.251 -2.290 -2.324 -2.356 -2.384 -2.408 
-2.407 
-2.391 -2.407 -2.432 -2.454 -2.473 -2.490 -2.504 -2.516 -2.526 -2.534 
-2.539 -2.542 -2.544 -2.543 -2.540 -2.535 -2.528 -2.519 -2.508 -2.495 
-2.480 -2.463 -2.445 -2.424 -2.402 -2.379 -2.353 -2.327 -2.300 -2.271 
-2.242 -2.213 -2.184 -2.154 -2.126 -2.098 -2.070 -2.044 -2.019 -1.995 
-1.971 -1.949 -1.929 -1.909 -1.890 -1.872 -1.855 -1.838 -1.821 -1.804 
-1.785 -1.765 -1.743 -1.719 -1.691 -1.659 -1.624 -1.583 -1.536 -1.482 
-1.421 -1.351 -1.271 -1.180 -1.077 -0.966 -0.857 -0.784 -0.774 -0.815 
-0.892 -0.997 -1.117 -1.241 -1.361 -1.473 -1.577 -1.672 -1.759 -1.839 
-1.912 -1.979 -2.040 -2.097 -2.149 -2.196 -2.240 -2.280 -2.317 -2.350 
-2.380 
-2.367 -2.388 -2.411 -2.432 -2.452 -2.469 -2.484 -2.498 -2.510 -2.520 
-2.529 -2.536 -2.542 -2.547 -2.550 -2.552 -2.552 -2.551 -2.549 -2.545 
-2.541 -2.535 -2.527 -2.519 -2.509 -2.498 -2.486 -2.473 -2.459 -2.444 
-2.427 -2.410 -2.392 -2.373 -2.353 -2.333 -2.312 -2.290 -2.268 -2.246 
-2.223 -2.200 -2.177 -2.154 -2.129 -2.105 -2.079 -2.053 -2.025 -1.995 
-1.964 -1.930 -1.893 -1.853 -1.809 -1.761 -1.707 -1.648 -1.583 -1.509 
-1.427 -1.335 -1.231 -1.116 -0.990 -0.865 -0.766 -0.729 -0.756 -0.835 
-0.948 -1.076 -1.206 -1.329 -1.442 -1.546 -1.640 -1.726 -1.804 -1.876 
-1.941 -2.001 -2.056 -2.106 -2.153 -2.195 -2.235 -2.271 -2.304 -2.335 
-2.357 
-2.375 -2.385 -2.404 -2.422 -2.438 -2.453 -2.467 -2.481 -2.494 -2.506 
-2.517 -2.528 -2.539 -2.549 -2.559 -2.568 -2.577 -2.586 -2.593 -2.601 
-2.607 -2.613 -2.618 -2.623 -2.626 -2.628 -2.630 -2.630 -2.629 -2.627 
-2.624 -2.619 -2.613 -2.606 -2.597 -2.587 -2.576 -2.563 -2.548 -2.532 
-2.515 -2.496 -2.475 -2.452 -2.427 -2.400 -2.371 -2.340 -2.307 -2.270 
-2.231 -2.188 -2.142 -2.091 -2.036 -1.975 -1.908 -1.834 -1.751 -1.658 
-1.552 -1.430 -1.290 -1.130 -0.955 -0.791 -0.693 -0.705 -0.807 -0.945 
-1.085 -1.219 -1.346 -1.464 -1.571 -1.668 -1.754 -1.831 -1.901 -1.963 
-2.020 -2.071 -2.117 -2.159 -2.197 -2.232 -2.263 -2.292 -2.318 -2.343 
-2.368 
-2.476 -2.509 -2.539 -2.567 -2.593 -2.616 -2.637 -2.657 -2.675 -2.691 
-2.706 -2.718 -2.730 -2.740 -2.748 -2.755 -2.761 -2.765 -2.768 -2.769 
-2.769 -2.768 -2.765 -2.761 -2.755 -2.747 -2.739 -2.728 -2.717 -2.703 
-2.689 -2.672 -2.655 -2.635 -2.615 -2.593 -2.569 -2.545 -2.519 -2.491 
-2.463 -2.433 -2.403 -2.371 -2.339 -2.306 -2.272 -2.237 -2.202 -2.166 
-2.130 -2.092 -2.053 -2.013 -1.971 -1.926 -1.879 -1.828 -1.772 -1.711 
-1.643 -1.566 -1.479 -1.379 -1.266 -1.143 -1.039 -0.984 -0.959 -0.950 
-0.974 -1.039 -1.136 -1.251 -1.370 -1.486 -1.596 -1.697 -1.791 -1.877 
-1.956 -2.029 -2.096 -2.158 -2.214 -2.267 -2.316 -2.361 -2.402 -2.441 
-2.465 
-2.515 -2.546 -2.578 -2.607 -2.634 -2.657 -2.679 -2.698 -2.715 -2.730 
-2.743 -2.754 -2.763 -2.770 -2.775 -2.779 -2.780 -2.780 -2.779 -2.775 
-2.771 -2.764 -2.756 -2.746 -2.735 -2.722 -2.707 -2.690 -2.672 -2.653 
-2.631 -2.608 -2.583 -2.556 -2.528 -2.498 -2.466 -2.433 -2.398 -2.361 
-2.324 -2.286 -2.247 -2.207 -2.167 -2.128 -2.088 -2.050 -2.012 -1.976 
-1.941 -1.907 -1.873 -1.841 -1.808 -1.775 -1.741 -1.704 -1.665 -1.623 
-1.578 -1.528 -1.473 -1.415 -1.354 -1.289 -1.223 -1.158 -1.101 -1.064 
-1.059 -1.093 -1.161 -1.254 -1.361 -1.472 -1.580 -1.684 -1.781 -1.872 
-1.955 -2.033 -2.104 -2.171 -2.232 -2.288 -2.340 -2.388 -2.433 -2.474 
-2.503 
-2.506 -2.517 -2.535 -2.553 -2.568 -2.581 -2.593 -2.603 -2.612 -2.619 
-2.626 -2.631 -2.634 -2.637 -2.639 -2.640 -2.640 -2.639 -2.637 -2.635 
-2.632 -2.628 -2.624 -2.619 -2.614 -2.607 -2.600 -2.593 -2.585 -2.576 
-2.566 -2.555 -2.543 -2.531 -2.517 -2.502 -2.486 -2.468 -2.449 -2.429 
-2.407 -2.383 -2.357 -2.330 -2.301 -2.271 -2.238 -2.204 -2.168 -2.130 
-2.091 -2.049 -2.005 -1.959 -1.910 -1.859 -1.805 -1.748 -1.689 -1.629 
-1.567 -1.507 -1.451 -1.402 -1.365 -1.345 -1.341 -1.353 -1.376 -1.408 
-1.450 -1.505 -1.573 -1.651 -1.731 -1.810 -1.886 -1.956 -2.021 -2.081 
-2.137 -2.188 -2.235 -2.278 -2.318 -2.355 -2.388 -2.419 -2.447 -2.472 
-2.499 
-2.519 -2.566 -2.595 -2.623 -2.650 -2.675 -2.698 -2.721 -2.741 -2.760 
-2.778 -2.794 -2.808 -2.821 -2.832 -2.841 -2.849 -2.855 -2.860 -2.863 
-2.864 -2.864 -2.862 -2.859 -2.854 -2.848 -2.840 -2.830 -2.819 -2.806 
-2.792 -2.775 -2.757 -2.737 -2.715 -2.691 -2.666 -2.638 -2.607 -2.575 
-2.540 -2.503 -2.464 -2.422 -2.377 -2.330 -2.281 -2.229 -2.175 -2.118 
-2.060 -1.999 -1.937 -1.874 -1.809 -1.745 -1.680 -1.616 -1.553 -1.493 
-1.436 -1.385 -1.345 -1.322 -1.315 -1.323 -1.343 -1.373 -1.411 -1.457 
-1.509 -1.566 -1.627 -1.690 -1.754 -1.818 -1.881 -1.943 -2.003 -2.061 
-2.117 -2.169 -2.220 -2.267 -2.312 -2.354 -2.394 -2.432 -2.468 -2.502 
-2.508 
-2.343 -2.352 -2.378 -2.406 -2.434 -2.462 -2.491 -2.520 -2.549 -2.577 
-2.605 -2.632 -2.659 -2.684 -2.708 -2.730 -2.751 -2.771 -2.789 -2.805 
-2.819 -2.832 -2.843 -2.852 -2.859 -2.864 -2.867 -2.868 -2.867 -2.864 
-2.859 -2.852 -2.843 -2.831 -2.817 -2.801 -2.783 -2.762 -2.739 -2.713 
-2.685 -2.654 -2.620 -2.583 -2.543 -2.500 -2.454 -2.404 -2.351 -2.293 
-2.232 -2.167 -2.097 -2.023 -1.943 -1.859 -1.768 -1.673 -1.572 -1.469 
-1.371 -1.286 -1.231 -1.216 -1.241 -1.296 -1.366 -1.440 -1.512 -1.581 
-1.645 -1.705 -1.760 -1.812 -1.860 -1.904 -1.945 -1.983 -2.017 -2.049 
-2.079 -2.107 -2.133 -2.158 -2.183 -2.206 -2.229 -2.253 -2.276 -2.301 
-2.335 
-2.370 -2.396 -2.430 -2.463 -2.495 -2.526 -2.556 -2.585 -2.612 -2.638 
-2.663 -2.687 -2.709 -2.729 -2.748 -2.765 -2.781 -2.795 -2.807 -2.817 
-2.826 -2.833 -2.839 -2.842 -2.844 -2.844 -2.842 -2.839 -2.833 -2.826 
-2.816 -2.805 -2.792 -2.777 -2.759 -2.740 -2.718 -2.695 -2.669 -2.640 
-2.609 -2.576 -2.540 -2.501 -2.460 -2.415 -2.368 -2.317 -2.263 -2.206 
-2.145 -2.080 -2.012 -1.941 -1.867 -1.791 -1.713 -1.636 -1.561 -1.492 
-1.431 -1.383 -1.353 -1.344 -1.358 -1.387 -1.426 -1.469 -1.514 -1.560 
-1.605 -1.649 -1.692 -1.733 -1.773 -1.811 -1.849 -1.887 -1.924 -1.961 
-1.998 -2.035 -2.072 -2.109 -2.146 -2.182 -2.219 -2.255 -2.291 -2.327 
-2.358 
-2.507 -2.527 -2.554 -2.581 -2.606 -2.630 -2.653 -2.674 -2.695 -2.715 
-2.733 -2.751 -2.767 -2.782 -2.795 -2.808 -2.819 -2.828 -2.837 -2.844 
-2.850 -2.855 -2.858 -2.859 -2.860 -2.858 -2.856 -2.852 -2.846 -2.839 
-2.830 -2.820 -2.808 -2.794 -2.779 -2.762 -2.743 -2.722 -2.700 -2.675 
-2.649 -2.620 -2.589 -2.556 -2.520 -2.482 -2.442 -2.399 -2.352 -2.303 
-2.251 -2.196 -2.138 -2.076 -2.011 -1.942 -1.872 -1.800 -1.729 -1.661 
-1.601 -1.555 -1.526 -1.515 -1.518 -1.533 -1.559 -1.592 -1.632 -1.677 
-1.724 -1.773 -1.821 -1.869 -1.916 -1.961 -2.005 -2.047 -2.088 -2.128 
-2.167 -2.204 -2.241 -2.276 -2.311 -2.345 -2.377 -2.409 -2.440 -2.470 
-2.497 
-2.740 -2.773 -2.795 -2.815 -2.833 -2.851 -2.867 -2.882 -2.895 -2.907 
-2.918 -2.928 -2.936 -2.944 -2.950 -2.954 -2.958 -2.960 -2.961 -2.960 
-2.959 -2.956 -2.951 -2.946 -2.939 -2.931 -2.921 -2.910 -2.898 -2.884 
-2.869 -2.852 -2.834 -2.814 -2.793 -2.770 -2.746 -2.720 -2.692 -2.662 
-2.631 -2.597 -2.562 -2.524 -2.485 -2.442 -2.397 -2.350 -2.299 -2.245 
-2.187 -2.124 -2.057 -1.985 -1.908 -1.826 -1.738 -1.648 -1.558 -1.475 
-1.410 -1.372 -1.368 -1.395 -1.445 -1.505 -1.566 -1.625 -1.685 -1.749 
-1.820 -1.894 -1.968 -2.039 -2.107 -2.170 -2.229 -2.284 -2.335 -2.382 
-2.427 -2.469 -2.508 -2.545 -2.580 -2.612 -2.643 -2.672 -2.700 -2.726 
-2.734 
-2.887 -2.907 -2.934 -2.959 -2.981 -3.001 -3.019 -3.035 -3.048 -3.060 
-3.070 -3.078 -3.084 -3.089 -3.091 -3.092 -3.091 -3.088 -3.083 -3.077 
-3.069 -3.059 -3.048 -3.034 -3.019 -3.002 -2.984 -2.964 -2.943 -2.920 
-2.895 -2.870 -2.844 -2.816 -2.789 -2.761 -2.732 -2.704 -2.675 -2.647 
-2.618 -2.590 -2.560 -2.530 -2.500 -2.468 -2.436 -2.402 -2.368 -2.331 
-2.294 -2.254 -2.212 -2.167 -2.118 -2.066 -2.010 -1.949 -1.885 -1.819 
-1.756 -1.700 -1.652 -1.609 -1.563 -1.513 -1.464 -1.427 -1.414 -1.441 
-1.507 -1.600 -1.705 -1.811 -1.915 -2.014 -2.106 -2.193 -2.273 -2.347 
-2.415 -2.479 -2.538 -2.593 -2.643 -2.690 -2.734 -2.774 -2.812 -2.846 
-2.876 
-2.921 -2.982 -3.011 -3.037 -3.060 -3.081 -3.098 -3.113 -3.125 -3.135 
-3.141 -3.146 -3.147 -3.146 -3.143 -3.137 -3.129 -3.118 -3.105 -3.090 
-3.072 -3.052 -3.029 -3.005 -2.978 -2.949 -2.919 -2.887 -2.853 -2.819 
-2.784 -2.750 -2.715 -2.683 -2.652 -2.623 -2.598 -2.576 -2.557 -2.542 
-2.530 -2.521 -2.514 -2.508 -2.502 -2.496 -2.488 -2.479 -2.466 -2.451 
-2.432 -2.409 -2.382 -2.350 -2.314 -2.273 -2.228 -2.180 -2.129 -2.077 
-2.023 -1.966 -1.904 -1.832 -1.749 -1.653 -1.548 -1.450 -1.389 -1.395 
-1.473 -1.597 -1.735 -1.866 -1.985 -2.089 -2.182 -2.264 -2.339 -2.407 
-2.471 -2.532 -2.589 -2.644 -2.696 -2.746 -2.792 -2.836 -2.877 -2.915 
-2.915 
-2.654 -2.688 -2.737 -2.784 -2.828 -2.869 -2.908 -2.944 -2.978 -3.009 
-3.037 -3.063 -3.087 -3.107 -3.126 -3.142 -3.156 -3.167 -3.175 -3.182 
-3.186 -3.187 -3.186 -3.183 -3.177 -3.169 -3.158 -3.145 -3.130 -3.113 
-3.094 -3.073 -3.051 -3.027 -3.003 -2.978 -2.953 -2.927 -2.901 -2.874 
-2.847 -2.818 -2.787 -2.754 -2.718 -2.678 -2.634 -2.587 -2.534 -2.478 
-2.417 -2.351 -2.282 -2.210 -2.135 -2.060 -1.986 -1.917 -1.855 -1.803 
-1.763 -1.735 -1.717 -1.707 -1.702 -1.697 -1.689 -1.676 -1.668 -1.681 
-1.718 -1.762 -1.802 -1.834 -1.863 -1.889 -1.916 -1.947 -1.981 -2.021 
-2.067 -2.117 -2.172 -2.230 -2.289 -2.349 -2.409 -2.469 -2.527 -2.583 
-2.635 
-2.544 -2.593 -2.654 -2.713 -2.769 -2.822 -2.873 -2.920 -2.964 -3.006 
-3.045 -3.081 -3.114 -3.145 -3.173 -3.199 -3.223 -3.244 -3.263 -3.279 
-3.293 -3.305 -3.315 -3.323 -3.329 -3.332 -3.333 -3.333 -3.330 -3.325 
-3.318 -3.308 -3.297 -3.283 -3.267 -3.249 -3.228 -3.205 -3.180 -3.152 
-3.121 -3.088 -3.052 -3.013 -2.972 -2.927 -2.879 -2.827 -2.772 -2.714 
-2.651 -2.585 -2.516 -2.442 -2.365 -2.285 -2.202 -2.117 -2.032 -1.948 
-1.868 -1.793 -1.731 -1.684 -1.652 -1.632 -1.621 -1.618 -1.621 -1.627 
-1.634 -1.642 -1.650 -1.658 -1.667 -1.678 -1.694 -1.716 -1.747 -1.787 
-1.837 -1.896 -1.962 -2.032 -2.104 -2.178 -2.251 -2.323 -2.393 -2.462 
-2.520 
-2.529 -2.574 -2.633 -2.692 -2.751 -2.809 -2.866 -2.921 -2.973 -3.023 
-3.070 -3.114 -3.155 -3.194 -3.229 -3.262 -3.293 -3.321 -3.346 -3.369 
-3.389 -3.407 -3.422 -3.435 -3.446 -3.454 -3.460 -3.464 -3.466 -3.465 
-3.462 -3.456 -3.448 -3.438 -3.426 -3.410 -3.393 -3.372 -3.349 -3.324 
-3.295 -3.263 -3.229 -3.190 -3.149 -3.103 -3.054 -3.000 -2.942 -2.878 
-2.809 -2.733 -2.650 -2.560 -2.461 -2.354 -2.241 -2.127 -2.020 -1.923 
-1.834 -1.756 -1.705 -1.692 -1.718 -1.767 -1.826 -1.884 -1.936 -1.982 
-2.020 -2.052 -2.078 -2.099 -2.115 -2.130 -2.143 -2.156 -2.170 -2.186 
-2.204 -2.223 -2.242 -2.263 -2.285 -2.310 -2.340 -2.376 -2.418 -2.466 
-2.511 
-2.597 -2.633 -2.690 -2.749 -2.808 -2.867 -2.924 -2.978 -3.029 -3.078 
-3.123 -3.165 -3.204 -3.240 -3.273 -3.302 -3.329 -3.353 -3.374 -3.393 
-3.409 -3.422 -3.433 -3.441 -3.447 -3.450 -3.451 -3.450 -3.446 -3.439 
-3.431 -3.420 -3.406 -3.390 -3.372 -3.351 -3.328 -3.302 -3.273 -3.242 
-3.207 -3.170 -3.129 -3.085 -3.038 -2.986 -2.930 -2.870 -2.803 -2.730 
-2.650 -2.562 -2.464 -2.356 -2.237 -2.111 -1.987 -1.883 -1.819 -1.808 
-1.839 -1.888 -1.939 -1.992 -2.047 -2.102 -2.152 -2.195 -2.231 -2.263 
-2.293 -2.322 -2.350 -2.378 -2.403 -2.425 -2.442 -2.454 -2.461 -2.462 
-2.459 -2.453 -2.445 -2.438 -2.434 -2.435 -2.445 -2.464 -2.493 -2.532 
-2.578 
-2.820 -2.873 -2.914 -2.953 -2.991 -3.026 -3.058 -3.088 -3.115 -3.140 
-3.163 -3.183 -3.200 -3.216 -3.229 -3.240 -3.250 -3.257 -3.262 -3.265 
-3.266 -3.266 -3.263 -3.259 -3.252 -3.244 -3.235 -3.223 -3.210 -3.195 
-3.178 -3.159 -3.138 -3.116 -3.092 -3.067 -3.039 -3.010 -2.979 -2.947 
-2.913 -2.877 -2.840 -2.801 -2.761 -2.719 -2.676 -2.632 -2.586 -2.539 
-2.490 -2.440 -2.388 -2.334 -2.277 -2.218 -2.157 -2.099 -2.053 -2.025 
-2.011 -1.998 -1.983 -1.963 -1.942 -1.920 -1.901 -1.886 -1.879 -1.880 
-1.892 -1.915 -1.947 -1.988 -2.037 -2.090 -2.148 -2.207 -2.266 -2.325 
-2.382 -2.436 -2.487 -2.535 -2.580 -2.622 -2.664 -2.705 -2.746 -2.788 
-2.810 
-2.964 -2.995 -3.039 -3.079 -3.117 -3.152 -3.185 -3.215 -3.243 -3.268 
-3.291 -3.312 -3.330 -3.347 -3.361 -3.373 -3.383 -3.390 -3.396 -3.400 
-3.402 -3.401 -3.399 -3.395 -3.389 -3.380 -3.370 -3.357 -3.343 -3.326 
-3.308 -3.287 -3.264 -3.239 -3.211 -3.182 -3.150 -3.115 -3.079 -3.039 
-2.998 -2.954 -2.907 -2.858 -2.807 -2.753 -2.697 -2.639 -2.580 -2.519 
-2.458 -2.398 -2.339 -2.282 -2.229 -2.181 -2.138 -2.102 -2.072 -2.049 
-2.031 -2.017 -2.006 -1.998 -1.990 -1.983 -1.977 -1.971 -1.968 -1.967 
-1.970 -1.978 -1.992 -2.012 -2.039 -2.073 -2.116 -2.166 -2.222 -2.284 
-2.348 -2.415 -2.482 -2.548 -2.613 -2.675 -2.736 -2.793 -2.848 -2.900 
-2.946 
-3.039 -3.105 -3.145 -3.183 -3.217 -3.250 -3.279 -3.307 -3.331 -3.354 
-3.374 -3.392 -3.407 -3.420 -3.431 -3.440 -3.447 -3.452 -3.454 -3.454 
-3.453 -3.449 -3.443 -3.435 -3.425 -3.412 -3.398 -3.381 -3.362 -3.341 
-3.317 -3.292 -3.263 -3.233 -3.200 -3.164 -3.126 -3.086 -3.043 -2.997 
-2.948 -2.898 -2.844 -2.788 -2.731 -2.671 -2.610 -2.549 -2.487 -2.426 
-2.367 -2.310 -2.257 -2.208 -2.164 -2.124 -2.088 -2.057 -2.030 -2.009 
-1.994 -1.987 -1.984 -1.986 -1.990 -1.995 -2.001 -2.009 -2.021 -2.036 
-2.056 -2.082 -2.113 -2.150 -2.192 -2.238 -2.287 -2.340 -2.396 -2.453 
-2.512 -2.572 -2.632 -2.692 -2.751 -2.808 -2.864 -2.917 -2.968 -3.016 
-3.029 
-2.873 -2.896 -2.947 -2.996 -3.042 -3.085 -3.126 -3.164 -3.199 -3.232 
-3.262 -3.289 -3.315 -3.337 -3.358 -3.376 -3.392 -3.405 -3.417 -3.426 
-3.433 -3.437 -3.440 -3.440 -3.439 -3.434 -3.428 -3.420 -3.409 -3.396 
-3.381 -3.363 -3.343 -3.320 -3.295 -3.268 -3.237 -3.204 -3.168 -3.129 
-3.087 -3.042 -2.993 -2.942 -2.886 -2.827 -2.765 -2.698 -2.628 -2.553 
-2.475 -2.393 -2.308 -2.220 -2.132 -2.048 -1.971 -1.904 -1.850 -1.811 
-1.789 -1.784 -1.795 -1.817 -1.846 -1.876 -1.906 -1.934 -1.958 -1.980 
-1.998 -2.015 -2.031 -2.046 -2.062 -2.081 -2.104 -2.132 -2.166 -2.206 
-2.252 -2.304 -2.360 -2.419 -2.480 -2.543 -2.605 -2.667 -2.727 -2.786 
-2.850 
-2.965 -3.011 -3.061 -3.109 -3.153 -3.194 -3.233 -3.268 -3.301 -3.331 
-3.359 -3.384 -3.407 -3.427 -3.444 -3.460 -3.473 -3.484 -3.492 -3.499 
-3.503 -3.505 -3.504 -3.502 -3.497 -3.490 -3.481 -3.469 -3.455 -3.439 
-3.420 -3.399 -3.375 -3.348 -3.319 -3.287 -3.252 -3.214 -3.173 -3.128 
-3.080 -3.027 -2.971 -2.911 -2.845 -2.775 -2.700 -2.619 -2.532 -2.440 
-2.342 -2.239 -2.134 -2.031 -1.936 -1.857 -1.802 -1.774 -1.771 -1.788 
-1.815 -1.849 -1.884 -1.919 -1.950 -1.976 -1.998 -2.014 -2.025 -2.032 
-2.035 -2.036 -2.037 -2.040 -2.047 -2.062 -2.086 -2.122 -2.168 -2.223 
-2.287 -2.355 -2.426 -2.499 -2.571 -2.642 -2.711 -2.777 -2.840 -2.900 
-2.946 
-3.078 -3.138 -3.180 -3.220 -3.258 -3.293 -3.326 -3.357 -3.385 -3.411 
-3.435 -3.457 -3.476 -3.494 -3.509 -3.522 -3.533 -3.542 -3.549 -3.554 
-3.557 -3.557 -3.556 -3.553 -3.547 -3.539 -3.530 -3.518 -3.504 -3.488 
-3.469 -3.449 -3.426 -3.400 -3.372 -3.342 -3.309 -3.273 -3.234 -3.193 
-3.148 -3.101 -3.050 -2.996 -2.939 -2.877 -2.813 -2.744 -2.673 -2.597 
-2.519 -2.438 -2.356 -2.274 -2.196 -2.125 -2.067 -2.022 -1.992 -1.973 
-1.966 -1.971 -1.985 -2.005 -2.028 -2.051 -2.074 -2.095 -2.115 -2.135 
-2.155 -2.176 -2.199 -2.225 -2.255 -2.290 -2.331 -2.376 -2.427 -2.482 
-2.540 -2.599 -2.660 -2.719 -2.778 -2.835 -2.891 -2.945 -2.996 -3.046 
-3.066 
-2.959 -2.981 -3.024 -3.065 -3.105 -3.143 -3.179 -3.214 -3.246 -3.277 
-3.305 -3.332 -3.356 -3.379 -3.399 -3.417 -3.434 -3.448 -3.460 -3.470 
-3.479 -3.485 -3.489 -3.491 -3.491 -3.490 -3.486 -3.480 -3.471 -3.461 
-3.449 -3.434 -3.417 -3.398 -3.376 -3.352 -3.325 -3.296 -3.264 -3.229 
-3.191 -3.150 -3.106 -3.059 -3.008 -2.953 -2.895 -2.832 -2.765 -2.693 
-2.617 -2.535 -2.449 -2.359 -2.264 -2.167 -2.070 -1.978 -1.897 -1.834 
-1.797 -1.788 -1.806 -1.844 -1.893 -1.946 -1.999 -2.050 -2.096 -2.138 
-2.177 -2.212 -2.245 -2.277 -2.307 -2.338 -2.368 -2.399 -2.432 -2.466 
-2.502 -2.539 -2.579 -2.621 -2.664 -2.709 -2.754 -2.800 -2.846 -2.892 
-2.943 
-3.002 -3.047 -3.093 -3.137 -3.179 -3.219 -3.257 -3.293 -3.327 -3.359 
-3.388 -3.415 -3.441 -3.464 -3.485 -3.503 -3.520 -3.535 -3.547 -3.558 
-3.566 -3.572 -3.577 -3.579 -3.579 -3.577 -3.572 -3.566 -3.557 -3.547 
-3.534 -3.518 -3.501 -3.481 -3.458 -3.433 -3.405 -3.375 -3.341 -3.305 
-3.266 -3.223 -3.177 -3.127 -3.073 -3.015 -2.952 -2.885 -2.813 -2.736 
-2.653 -2.564 -2.470 -2.372 -2.271 -2.171 -2.077 -1.998 -1.939 -1.908 
-1.904 -1.924 -1.961 -2.010 -2.062 -2.113 -2.161 -2.204 -2.242 -2.274 
-2.300 -2.321 -2.338 -2.350 -2.360 -2.368 -2.377 -2.390 -2.412 -2.444 
-2.485 -2.532 -2.584 -2.637 -2.690 -2.744 -2.796 -2.849 -2.900 -2.950 
-2.988 
-3.062 -3.110 -3.172 -3.229 -3.282 -3.331 -3.377 -3.419 -3.458 -3.495 
-3.528 -3.558 -3.586 -3.611 -3.633 -3.653 -3.670 -3.685 -3.698 -3.708 
-3.716 -3.721 -3.725 -3.726 -3.725 -3.721 -3.715 -3.707 -3.697 -3.684 
-3.669 -3.651 -3.630 -3.607 -3.582 -3.553 -3.522 -3.488 -3.450 -3.409 
-3.365 -3.317 -3.265 -3.209 -3.148 -3.082 -3.011 -2.935 -2.852 -2.762 
-2.665 -2.561 -2.450 -2.332 -2.209 -2.088 -1.981 -1.908 -1.881 -1.891 
-1.924 -1.971 -2.022 -2.072 -2.116 -2.153 -2.182 -2.202 -2.213 -2.215 
-2.208 -2.192 -2.169 -2.140 -2.107 -2.074 -2.049 -2.038 -2.051 -2.093 
-2.160 -2.246 -2.343 -2.444 -2.544 -2.640 -2.732 -2.818 -2.899 -2.974 
-3.037 
-3.073 -3.164 -3.236 -3.302 -3.363 -3.419 -3.471 -3.519 -3.563 -3.604 
-3.641 -3.674 -3.705 -3.732 -3.757 -3.778 -3.798 -3.814 -3.828 -3.839 
-3.848 -3.854 -3.858 -3.860 -3.859 -3.856 -3.850 -3.842 -3.831 -3.818 
-3.802 -3.783 -3.762 -3.738 -3.712 -3.682 -3.649 -3.613 -3.573 -3.530 
-3.483 -3.432 -3.376 -3.315 -3.249 -3.177 -3.099 -3.013 -2.919 -2.815 
-2.700 -2.573 -2.432 -2.276 -2.110 -1.944 -1.808 -1.736 -1.742 -1.800 
-1.873 -1.948 -2.026 -2.105 -2.173 -2.227 -2.267 -2.293 -2.306 -2.306 
-2.295 -2.273 -2.239 -2.196 -2.145 -2.092 -2.045 -2.016 -2.018 -2.059 
-2.134 -2.230 -2.333 -2.436 -2.536 -2.634 -2.730 -2.825 -2.917 -3.005 
-3.053 
-2.853 -2.916 -3.004 -3.087 -3.164 -3.237 -3.304 -3.367 -3.425 -3.478 
-3.528 -3.574 -3.616 -3.654 -3.690 -3.722 -3.751 -3.777 -3.801 -3.821 
-3.839 -3.854 -3.867 -3.877 -3.885 -3.890 -3.893 -3.893 -3.891 -3.886 
-3.879 -3.869 -3.857 -3.842 -3.825 -3.804 -3.781 -3.755 -3.726 -3.693 
-3.658 -3.618 -3.575 -3.528 -3.476 -3.419 -3.357 -3.289 -3.215 -3.133 
-3.042 -2.941 -2.828 -2.702 -2.562 -2.412 -2.263 -2.138 -2.034 -1.930 
-1.834 -1.783 -1.804 -1.892 -2.008 -2.119 -2.214 -2.292 -2.353 -2.399 
-2.432 -2.451 -2.458 -2.454 -2.439 -2.416 -2.387 -2.359 -2.337 -2.324 
-2.316 -2.310 -2.307 -2.315 -2.341 -2.389 -2.458 -2.541 -2.633 -2.729 
-2.818 
-2.803 -2.867 -2.951 -3.031 -3.108 -3.179 -3.246 -3.309 -3.368 -3.422 
-3.473 -3.520 -3.563 -3.603 -3.639 -3.673 -3.703 -3.730 -3.755 -3.777 
-3.796 -3.813 -3.827 -3.839 -3.848 -3.854 -3.859 -3.860 -3.860 -3.857 
-3.851 -3.843 -3.833 -3.820 -3.804 -3.786 -3.765 -3.741 -3.714 -3.684 
-3.651 -3.615 -3.575 -3.531 -3.484 -3.432 -3.375 -3.313 -3.245 -3.171 
-3.090 -3.002 -2.904 -2.797 -2.680 -2.551 -2.413 -2.268 -2.118 -1.962 
-1.806 -1.687 -1.654 -1.721 -1.848 -1.985 -2.106 -2.207 -2.288 -2.352 
-2.401 -2.437 -2.461 -2.475 -2.480 -2.477 -2.466 -2.449 -2.428 -2.405 
-2.382 -2.364 -2.354 -2.356 -2.373 -2.409 -2.463 -2.531 -2.609 -2.694 
-2.773 
-2.850 -2.922 -2.992 -3.059 -3.122 -3.182 -3.238 -3.290 -3.338 -3.383 
-3.425 -3.464 -3.499 -3.532 -3.562 -3.589 -3.613 -3.634 -3.653 -3.670 
-3.684 -3.695 -3.704 -3.711 -3.715 -3.717 -3.717 -3.714 -3.708 -3.701 
-3.690 -3.678 -3.663 -3.645 -3.624 -3.601 -3.575 -3.546 -3.513 -3.478 
-3.439 -3.396 -3.350 -3.299 -3.244 -3.184 -3.119 -3.048 -2.971 -2.887 
-2.795 -2.695 -2.586 -2.467 -2.341 -2.209 -2.081 -1.969 -1.888 -1.846 
-1.833 -1.840 -1.875 -1.950 -2.041 -2.125 -2.196 -2.253 -2.297 -2.330 
-2.353 -2.366 -2.371 -2.368 -2.358 -2.342 -2.322 -2.301 -2.281 -2.268 
-2.264 -2.275 -2.302 -2.344 -2.399 -2.465 -2.537 -2.614 -2.693 -2.771 
-2.826 
-2.798 -2.829 -2.886 -2.942 -2.997 -3.050 -3.102 -3.151 -3.198 -3.242 
-3.284 -3.323 -3.360 -3.394 -3.425 -3.454 -3.480 -3.504 -3.526 -3.545 
-3.562 -3.576 -3.588 -3.598 -3.605 -3.611 -3.614 -3.614 -3.612 -3.608 
-3.602 -3.593 -3.582 -3.569 -3.552 -3.534 -3.512 -3.488 -3.461 -3.431 
-3.398 -3.362 -3.322 -3.278 -3.231 -3.179 -3.123 -3.062 -2.995 -2.923 
-2.844 -2.757 -2.663 -2.560 -2.448 -2.327 -2.200 -2.073 -1.954 -1.854 
-1.784 -1.755 -1.774 -1.831 -1.910 -1.995 -2.076 -2.148 -2.211 -2.263 
-2.307 -2.341 -2.367 -2.387 -2.400 -2.407 -2.410 -2.410 -2.408 -2.408 
-2.410 -2.419 -2.435 -2.459 -2.489 -2.526 -2.568 -2.614 -2.665 -2.718 
-2.769 
