IRGRID 64 91
1e+308

0.025 0.03 0.035 0.04 0.045 0.05 0.055 0.06 0.065 0.07
0.075 0.08 0.085 0.09 0.095 0.1 0.11 0.12 0.13 0.14
0.15 0.16 0.17 0.18 0.19 0.2 0.21 0.22 0.23 0.24
0.25 0.26 0.27 0.28 0.29 0.3 0.31 0.32 0.33 0.34
0.35 0.36 0.37 0.38 0.39 0.4 0.41 0.42 0.43 0.44
0.45 0.46 0.47 0.48 0.49 0.5 0.51 0.52 0.53 0.54
0.55 0.56 0.57 0.58
0 4 8 12 16 20 24 28 32 36
40 44 48 52 56 60 64 68 72 76
80 84 88 92 96 100 104 108 112 116
120 124 128 132 136 140 144 148 152 156
160 164 168 172 176 180 184 188 192 196
200 204 208 212 216 220 224 228 232 236
240 244 248 252 256 260 264 268 272 276
280 284 288 292 296 300 304 308 312 316
320 324 328 332 336 340 344 348 352 356
360
-4.000 -4.000 -4.000 -4.000 -4.000 -4.000 -4.000 -4.000 -4.000 -4.000 
-4.000 -4.000 -4.000 -4.000 -4.000 -4.000 -4.000 -4.000 -4.000 -4.000 
-4.000 -4.000 -4.000 -4.000 -4.000 -4.000 -4.000 -4.000 -4.000 -4.000 
-4.000 -4.000 -4.000 -4.000 -4.000 -4.000 -4.000 -4.000 -4.000 -4.000 
-4.000 -4.000 -4.000 -4.000 -4.000 -4.000 -4.000 -4.000 -4.000 -4.000 
-4.000 -4.000 -4.000 -4.000 -4.000 -4.000 -4.000 -4.000 -4.000 -4.000 
-4.000 -4.000 -4.000 -4.000 -4.000 -4.000 -4.000 -4.000 -4.000 -4.000 
-4.000 -4.000 -4.000 -4.000 -4.000 -4.000 -4.000 -4.000 -4.000 -4.000 
-4.000 -4.000 -4.000 -4.000 -4.000 -4.000 -4.000 -4.000 -4.000 -4.000 
-4.000 
-4.000 -4.000 -4.000 -4.000 -4.000 -4.000 -4.000 -4.000 -4.000 -4.000 
-4.000 -4.000 -4.000 -4.000 -4.000 -4.000 -4.000 -4.000 -4.000 -4.000 
-4.000 -4.000 -4.000 -4.000 -4.000 -4.000 -4.000 -4.000 -4.000 -4.000 
-4.000 -4.000 -4.000 -4.000 -4.000 -4.000 -4.000 -4.000 -4.000 -4.000 
-3.996 -3.984 -3.971 -3.959 -3.946 -3.932 -3.918 -3.903 -3.887 -3.870 
-3.852 -3.834 -3.815 -3.795 -3.774 -3.752 -3.729 -3.705 -3.681 -3.656 
-3.632 -3.608 -3.587 -3.569 -3.555 -3.548 -3.550 -3.560 -3.581 -3.611 
-3.650 -3.696 -3.747 -3.801 -3.856 -3.912 -3.967 -4.000 -4.000 -4.000 
-4.000 -4.000 -4.000 -4.000 -4.000 -4.000 -4.000 -4.000 -4.000 -4.000 
-4.000 
-4.000 -4.000 -4.000 -4.000 -4.000 -4.000 -4.000 -4.000 -4.000 -4.000 
-4.000 -4.000 -4.000 -4.000 -4.000 -4.000 -4.000 -4.000 -4.000 -4.000 
-4.000 -4.000 -4.000 -4.000 -3.960 -3.911 -3.853 -3.785 -3.702 -3.602 
-3.485 -3.362 -3.266 -3.249 -3.314 -3.408 -3.488 -3.541 -3.569 -3.579 
-3.575 -3.562 -3.543 -3.520 -3.495 -3.468 -3.442 -3.415 -3.389 -3.363 
-3.339 -3.315 -3.292 -3.270 -3.248 -3.228 -3.207 -3.188 -3.170 -3.153 
-3.138 -3.126 -3.119 -3.116 -3.119 -3.129 -3.146 -3.169 -3.198 -3.231 
-3.267 -3.302 -3.335 -3.362 -3.384 -3.401 -3.421 -3.449 -3.492 -3.546 
-3.606 -3.667 -3.725 -3.781 -3.831 -3.878 -3.920 -3.959 -3.994 -4.000 
-4.000 
-3.866 -3.870 -3.902 -3.930 -3.953 -3.972 -3.987 -3.999 -4.000 -4.000 
-4.000 -4.000 -4.000 -3.990 -3.975 -3.956 -3.933 -3.906 -3.873 -3.835 
-3.792 -3.742 -3.686 -3.621 -3.548 -3.464 -3.367 -3.257 -3.131 -2.988 
-2.834 -2.689 -2.590 -2.577 -2.650 -2.768 -2.871 -2.901 -2.836 -2.861 
-3.046 -3.221 -3.350 -3.445 -3.515 -3.569 -3.609 -3.639 -3.661 -3.677 
-3.687 -3.692 -3.694 -3.692 -3.687 -3.680 -3.670 -3.658 -3.644 -3.629 
-3.612 -3.594 -3.576 -3.556 -3.536 -3.513 -3.487 -3.455 -3.416 -3.366 
-3.303 -3.226 -3.135 -3.039 -2.961 -2.932 -2.942 -2.971 -3.020 -3.088 
-3.169 -3.255 -3.342 -3.425 -3.502 -3.572 -3.636 -3.694 -3.746 -3.793 
-3.849 
-3.898 -3.974 -4.000 -4.000 -4.000 -4.000 -4.000 -4.000 -4.000 -4.000 
-4.000 -4.000 -4.000 -4.000 -4.000 -4.000 -4.000 -4.000 -4.000 -4.000 
-3.980 -3.952 -3.920 -3.883 -3.839 -3.789 -3.730 -3.659 -3.576 -3.476 
-3.360 -3.235 -3.127 -3.063 -3.021 -2.930 -2.752 -2.508 -2.306 -2.290 
-2.472 -2.720 -2.937 -3.106 -3.238 -3.342 -3.424 -3.489 -3.539 -3.578 
-3.606 -3.624 -3.634 -3.636 -3.631 -3.618 -3.598 -3.571 -3.536 -3.494 
-3.444 -3.386 -3.323 -3.255 -3.186 -3.123 -3.073 -3.040 -3.022 -3.003 
-2.966 -2.896 -2.794 -2.684 -2.619 -2.646 -2.757 -2.904 -3.050 -3.182 
-3.299 -3.403 -3.496 -3.578 -3.651 -3.715 -3.773 -3.823 -3.868 -3.908 
-3.890 
-3.574 -3.573 -3.589 -3.602 -3.612 -3.621 -3.627 -3.631 -3.633 -3.634 
-3.633 -3.630 -3.626 -3.620 -3.613 -3.604 -3.594 -3.583 -3.570 -3.555 
-3.538 -3.518 -3.495 -3.468 -3.434 -3.393 -3.343 -3.282 -3.214 -3.151 
-3.113 -3.118 -3.157 -3.206 -3.240 -3.244 -3.199 -3.082 -2.917 -2.903 
-3.069 -3.214 -3.303 -3.353 -3.380 -3.393 -3.396 -3.391 -3.381 -3.365 
-3.345 -3.320 -3.291 -3.257 -3.218 -3.175 -3.126 -3.072 -3.012 -2.947 
-2.875 -2.798 -2.718 -2.637 -2.560 -2.496 -2.455 -2.444 -2.465 -2.512 
-2.574 -2.637 -2.690 -2.725 -2.749 -2.789 -2.853 -2.926 -3.004 -3.080 
-3.152 -3.218 -3.276 -3.328 -3.374 -3.414 -3.450 -3.482 -3.510 -3.534 
-3.568 
-3.325 -3.368 -3.371 -3.371 -3.369 -3.365 -3.360 -3.356 -3.351 -3.348 
-3.345 -3.342 -3.339 -3.336 -3.331 -3.324 -3.314 -3.300 -3.282 -3.258 
-3.227 -3.189 -3.141 -3.083 -3.014 -2.933 -2.839 -2.735 -2.632 -2.546 
-2.501 -2.511 -2.573 -2.663 -2.759 -2.845 -2.914 -2.963 -2.992 -3.002 
-2.994 -2.970 -2.934 -2.890 -2.846 -2.812 -2.797 -2.809 -2.847 -2.904 
-2.970 -3.036 -3.098 -3.152 -3.196 -3.230 -3.253 -3.266 -3.268 -3.260 
-3.241 -3.211 -3.172 -3.126 -3.074 -3.025 -2.984 -2.957 -2.942 -2.931 
-2.911 -2.874 -2.820 -2.753 -2.686 -2.636 -2.622 -2.649 -2.712 -2.796 
-2.886 -2.973 -3.052 -3.122 -3.182 -3.231 -3.272 -3.305 -3.330 -3.348 
-3.317 
-2.876 -2.865 -2.848 -2.832 -2.815 -2.800 -2.787 -2.777 -2.769 -2.765 
-2.764 -2.766 -2.770 -2.777 -2.785 -2.793 -2.801 -2.809 -2.815 -2.820 
-2.822 -2.821 -2.818 -2.810 -2.799 -2.782 -2.760 -2.732 -2.698 -2.662 
-2.632 -2.614 -2.603 -2.590 -2.570 -2.543 -2.510 -2.471 -2.427 -2.379 
-2.326 -2.269 -2.210 -2.151 -2.098 -2.059 -2.043 -2.053 -2.090 -2.147 
-2.216 -2.288 -2.358 -2.423 -2.481 -2.533 -2.577 -2.614 -2.645 -2.670 
-2.689 -2.703 -2.713 -2.719 -2.722 -2.723 -2.723 -2.721 -2.720 -2.720 
-2.721 -2.723 -2.725 -2.727 -2.729 -2.734 -2.746 -2.769 -2.798 -2.829 
-2.858 -2.881 -2.899 -2.912 -2.919 -2.922 -2.921 -2.916 -2.907 -2.895 
-2.885 
-2.690 -2.687 -2.701 -2.713 -2.722 -2.729 -2.735 -2.739 -2.742 -2.743 
-2.743 -2.741 -2.738 -2.734 -2.728 -2.720 -2.711 -2.700 -2.686 -2.671 
-2.655 -2.636 -2.616 -2.594 -2.571 -2.546 -2.520 -2.492 -2.463 -2.433 
-2.401 -2.369 -2.336 -2.302 -2.270 -2.238 -2.209 -2.182 -2.158 -2.138 
-2.121 -2.108 -2.098 -2.090 -2.085 -2.083 -2.086 -2.095 -2.110 -2.126 
-2.143 -2.157 -2.168 -2.176 -2.179 -2.178 -2.174 -2.165 -2.151 -2.132 
-2.107 -2.076 -2.038 -1.992 -1.943 -1.902 -1.884 -1.897 -1.931 -1.969 
-2.005 -2.039 -2.071 -2.104 -2.139 -2.175 -2.213 -2.253 -2.293 -2.333 
-2.373 -2.412 -2.449 -2.485 -2.519 -2.550 -2.579 -2.606 -2.630 -2.651 
-2.681 
-2.632 -2.682 -2.698 -2.712 -2.722 -2.730 -2.734 -2.736 -2.736 -2.733 
-2.727 -2.720 -2.710 -2.698 -2.684 -2.670 -2.653 -2.636 -2.619 -2.601 
-2.583 -2.566 -2.550 -2.535 -2.521 -2.510 -2.500 -2.491 -2.485 -2.479 
-2.474 -2.469 -2.464 -2.458 -2.451 -2.443 -2.434 -2.423 -2.411 -2.397 
-2.381 -2.362 -2.341 -2.315 -2.283 -2.245 -2.198 -2.142 -2.074 -1.996 
-1.906 -1.808 -1.708 -1.617 -1.550 -1.517 -1.516 -1.534 -1.557 -1.573 
-1.574 -1.556 -1.517 -1.462 -1.401 -1.352 -1.337 -1.365 -1.428 -1.504 
-1.581 -1.653 -1.720 -1.787 -1.854 -1.922 -1.992 -2.062 -2.130 -2.196 
-2.258 -2.317 -2.371 -2.422 -2.468 -2.510 -2.548 -2.582 -2.612 -2.639 
-2.629 
-2.360 -2.380 -2.419 -2.454 -2.487 -2.516 -2.543 -2.567 -2.588 -2.607 
-2.623 -2.637 -2.648 -2.657 -2.663 -2.667 -2.669 -2.669 -2.666 -2.662 
-2.656 -2.648 -2.638 -2.627 -2.615 -2.600 -2.585 -2.567 -2.548 -2.527 
-2.503 -2.477 -2.449 -2.417 -2.382 -2.343 -2.301 -2.254 -2.203 -2.148 
-2.087 -2.022 -1.950 -1.873 -1.789 -1.697 -1.598 -1.491 -1.376 -1.254 
-1.127 -1.001 -0.885 -0.792 -0.732 -0.711 -0.724 -0.760 -0.806 -0.853 
-0.893 -0.924 -0.943 -0.949 -0.939 -0.915 -0.874 -0.814 -0.740 -0.689 
-0.727 -0.847 -0.979 -1.094 -1.194 -1.287 -1.377 -1.466 -1.553 -1.638 
-1.721 -1.800 -1.875 -1.947 -2.014 -2.077 -2.137 -2.193 -2.245 -2.294 
-2.343 
-2.261 -2.299 -2.333 -2.364 -2.392 -2.417 -2.439 -2.459 -2.476 -2.491 
-2.503 -2.513 -2.521 -2.526 -2.529 -2.530 -2.529 -2.526 -2.521 -2.513 
-2.504 -2.492 -2.478 -2.463 -2.445 -2.425 -2.403 -2.379 -2.353 -2.325 
-2.295 -2.262 -2.227 -2.189 -2.149 -2.106 -2.060 -2.011 -1.958 -1.901 
-1.840 -1.773 -1.701 -1.623 -1.537 -1.443 -1.340 -1.229 -1.108 -0.980 
-0.850 -0.726 -0.622 -0.549 -0.515 -0.515 -0.534 -0.558 -0.572 -0.564 
-0.524 -0.455 -0.401 -0.418 -0.452 -0.439 -0.373 -0.268 -0.155 -0.092 
-0.137 -0.291 -0.498 -0.707 -0.895 -1.061 -1.206 -1.335 -1.450 -1.555 
-1.650 -1.737 -1.817 -1.890 -1.957 -2.019 -2.076 -2.128 -2.177 -2.221 
-2.248 
-2.108 -2.127 -2.144 -2.159 -2.172 -2.183 -2.191 -2.198 -2.203 -2.206 
-2.207 -2.206 -2.204 -2.199 -2.194 -2.186 -2.177 -2.166 -2.153 -2.139 
-2.124 -2.107 -2.088 -2.068 -2.047 -2.024 -2.001 -1.976 -1.950 -1.923 
-1.895 -1.866 -1.836 -1.806 -1.775 -1.743 -1.711 -1.678 -1.645 -1.611 
-1.577 -1.541 -1.504 -1.466 -1.426 -1.383 -1.336 -1.285 -1.228 -1.165 
-1.095 -1.020 -0.946 -0.877 -0.816 -0.757 -0.688 -0.599 -0.485 -0.340 
-0.173 -0.016 0.061 0.007 -0.144 -0.316 -0.460 -0.556 -0.597 -0.618 
-0.695 -0.845 -1.010 -1.157 -1.281 -1.387 -1.478 -1.559 -1.630 -1.694 
-1.752 -1.804 -1.852 -1.895 -1.935 -1.971 -2.004 -2.034 -2.061 -2.086 
-2.102 
-2.029 -2.022 -2.039 -2.053 -2.066 -2.077 -2.085 -2.091 -2.096 -2.099 
-2.099 -2.098 -2.095 -2.090 -2.083 -2.075 -2.064 -2.052 -2.038 -2.022 
-2.005 -1.986 -1.965 -1.942 -1.917 -1.891 -1.863 -1.834 -1.802 -1.770 
-1.735 -1.699 -1.662 -1.625 -1.587 -1.550 -1.515 -1.483 -1.454 -1.428 
-1.405 -1.382 -1.359 -1.336 -1.312 -1.286 -1.260 -1.231 -1.201 -1.168 
-1.132 -1.093 -1.050 -1.002 -0.948 -0.888 -0.821 -0.744 -0.656 -0.556 
-0.441 -0.319 -0.212 -0.101 0.050 -0.232 -0.405 -0.539 -0.665 -0.786 
-0.900 -1.007 -1.105 -1.196 -1.280 -1.357 -1.428 -1.494 -1.555 -1.611 
-1.663 -1.711 -1.756 -1.797 -1.835 -1.869 -1.901 -1.930 -1.957 -1.981 
-2.020 
-2.238 -2.290 -2.294 -2.295 -2.292 -2.287 -2.279 -2.270 -2.258 -2.245 
-2.233 -2.220 -2.209 -2.200 -2.193 -2.187 -2.181 -2.175 -2.166 -2.155 
-2.141 -2.122 -2.098 -2.070 -2.037 -1.998 -1.955 -1.907 -1.854 -1.798 
-1.737 -1.674 -1.610 -1.546 -1.486 -1.432 -1.389 -1.357 -1.338 -1.332 
-1.336 -1.347 -1.362 -1.378 -1.392 -1.403 -1.411 -1.413 -1.409 -1.400 
-1.384 -1.362 -1.332 -1.294 -1.246 -1.188 -1.117 -1.028 -0.917 -0.767 
-0.540 -0.123 -0.025 0.274 0.488 0.164 -0.313 -0.648 -0.880 -1.061 
-1.210 -1.338 -1.451 -1.550 -1.639 -1.719 -1.791 -1.857 -1.916 -1.970 
-2.018 -2.062 -2.102 -2.138 -2.169 -2.197 -2.221 -2.242 -2.259 -2.272 
-2.235 
-1.936 -1.945 -1.931 -1.915 -1.898 -1.878 -1.858 -1.837 -1.816 -1.797 
-1.780 -1.767 -1.760 -1.760 -1.766 -1.780 -1.799 -1.824 -1.853 -1.883 
-1.915 -1.946 -1.975 -2.002 -2.026 -2.045 -2.061 -2.071 -2.075 -2.074 
-2.067 -2.054 -2.035 -2.011 -1.985 -1.958 -1.933 -1.914 -1.901 -1.894 
-1.893 -1.893 -1.894 -1.892 -1.887 -1.876 -1.859 -1.836 -1.806 -1.768 
-1.721 -1.666 -1.601 -1.524 -1.433 -1.325 -1.194 -1.032 -0.821 -0.518 
-0.030 0.355 0.282 0.067 0.006 -0.444 -0.772 -0.993 -1.160 -1.293 
-1.403 -1.495 -1.574 -1.642 -1.701 -1.752 -1.796 -1.834 -1.867 -1.894 
-1.917 -1.936 -1.951 -1.962 -1.970 -1.974 -1.976 -1.975 -1.971 -1.965 
-1.941 
-1.655 -1.641 -1.650 -1.660 -1.671 -1.682 -1.694 -1.706 -1.720 -1.734 
-1.749 -1.764 -1.782 -1.800 -1.819 -1.840 -1.862 -1.884 -1.907 -1.929 
-1.950 -1.970 -1.989 -2.006 -2.022 -2.035 -2.047 -2.057 -2.064 -2.069 
-2.072 -2.073 -2.072 -2.068 -2.062 -2.053 -2.042 -2.028 -2.011 -1.991 
-1.969 -1.943 -1.914 -1.881 -1.845 -1.804 -1.759 -1.709 -1.653 -1.591 
-1.522 -1.445 -1.358 -1.258 -1.144 -1.008 -0.846 -0.648 -0.422 -0.244 
-0.111 0.189 0.334 0.326 0.103 -0.191 -0.436 -0.625 -0.774 -0.894 
-0.993 -1.077 -1.148 -1.209 -1.262 -1.309 -1.350 -1.386 -1.419 -1.448 
-1.474 -1.498 -1.520 -1.539 -1.557 -1.572 -1.586 -1.599 -1.610 -1.621 
-1.651 
-1.777 -1.811 -1.845 -1.878 -1.910 -1.940 -1.968 -1.996 -2.022 -2.047 
-2.070 -2.093 -2.114 -2.134 -2.152 -2.169 -2.184 -2.198 -2.209 -2.219 
-2.227 -2.233 -2.237 -2.239 -2.239 -2.236 -2.232 -2.225 -2.216 -2.205 
-2.191 -2.175 -2.157 -2.136 -2.113 -2.087 -2.058 -2.027 -1.993 -1.955 
-1.915 -1.871 -1.824 -1.773 -1.717 -1.658 -1.593 -1.523 -1.447 -1.364 
-1.271 -1.169 -1.054 -0.923 -0.770 -0.590 -0.374 -0.124 0.108 0.218 
0.157 0.050 0.027 -0.027 -0.226 -0.417 -0.571 -0.695 -0.796 -0.880 
-0.950 -1.010 -1.062 -1.108 -1.149 -1.188 -1.224 -1.260 -1.296 -1.333 
-1.371 -1.410 -1.451 -1.492 -1.534 -1.576 -1.618 -1.659 -1.699 -1.738 
-1.763 
-1.964 -1.994 -2.021 -2.047 -2.069 -2.090 -2.109 -2.125 -2.140 -2.152 
-2.162 -2.170 -2.177 -2.181 -2.183 -2.183 -2.181 -2.177 -2.171 -2.163 
-2.153 -2.141 -2.127 -2.110 -2.091 -2.070 -2.047 -2.021 -1.992 -1.961 
-1.927 -1.890 -1.850 -1.808 -1.762 -1.713 -1.662 -1.609 -1.555 -1.501 
-1.448 -1.397 -1.351 -1.308 -1.268 -1.230 -1.192 -1.152 -1.107 -1.058 
-1.002 -0.940 -0.869 -0.790 -0.699 -0.594 -0.472 -0.325 -0.155 -0.006 
0.093 0.206 0.307 0.333 0.196 -0.013 -0.213 -0.391 -0.546 -0.683 
-0.804 -0.912 -1.009 -1.097 -1.178 -1.251 -1.320 -1.383 -1.443 -1.499 
-1.552 -1.603 -1.651 -1.698 -1.742 -1.785 -1.825 -1.863 -1.899 -1.933 
-1.955 
-2.013 -2.049 -2.067 -2.082 -2.095 -2.106 -2.114 -2.120 -2.124 -2.125 
-2.125 -2.122 -2.116 -2.109 -2.099 -2.086 -2.072 -2.055 -2.035 -2.013 
-1.989 -1.962 -1.932 -1.899 -1.864 -1.825 -1.784 -1.739 -1.691 -1.640 
-1.585 -1.527 -1.465 -1.401 -1.333 -1.263 -1.191 -1.119 -1.047 -0.978 
-0.914 -0.856 -0.807 -0.768 -0.737 -0.715 -0.699 -0.688 -0.680 -0.673 
-0.664 -0.650 -0.631 -0.604 -0.568 -0.519 -0.457 -0.377 -0.275 -0.146 
0.020 0.231 0.453 0.568 0.446 0.183 -0.088 -0.314 -0.503 -0.666 
-0.809 -0.935 -1.049 -1.152 -1.245 -1.330 -1.408 -1.480 -1.546 -1.607 
-1.663 -1.715 -1.763 -1.808 -1.848 -1.886 -1.920 -1.951 -1.980 -2.005 
-2.008 
-1.830 -1.845 -1.865 -1.883 -1.899 -1.913 -1.924 -1.932 -1.939 -1.943 
-1.944 -1.944 -1.941 -1.937 -1.929 -1.920 -1.908 -1.894 -1.878 -1.859 
-1.838 -1.814 -1.788 -1.759 -1.727 -1.693 -1.655 -1.615 -1.572 -1.525 
-1.475 -1.422 -1.366 -1.305 -1.241 -1.174 -1.103 -1.030 -0.953 -0.875 
-0.796 -0.717 -0.639 -0.566 -0.498 -0.439 -0.391 -0.356 -0.337 -0.329 
-0.330 -0.333 -0.335 -0.333 -0.324 -0.307 -0.280 -0.243 -0.195 -0.133 
-0.056 0.037 0.149 0.238 0.184 0.078 -0.037 -0.164 -0.296 -0.426 
-0.551 -0.669 -0.779 -0.882 -0.978 -1.066 -1.148 -1.225 -1.295 -1.360 
-1.421 -1.477 -1.529 -1.577 -1.622 -1.663 -1.700 -1.735 -1.767 -1.795 
-1.822 
-1.770 -1.778 -1.802 -1.824 -1.842 -1.859 -1.873 -1.884 -1.893 -1.900 
-1.905 -1.907 -1.907 -1.905 -1.900 -1.893 -1.884 -1.872 -1.858 -1.841 
-1.822 -1.801 -1.777 -1.750 -1.720 -1.687 -1.652 -1.613 -1.571 -1.525 
-1.475 -1.422 -1.364 -1.302 -1.235 -1.163 -1.086 -1.003 -0.913 -0.818 
-0.717 -0.612 -0.507 -0.405 -0.312 -0.232 -0.170 -0.129 -0.114 -0.123 
-0.149 -0.183 -0.218 -0.251 -0.276 -0.293 -0.301 -0.298 -0.286 -0.264 
-0.232 -0.192 -0.150 -0.116 -0.105 -0.123 -0.165 -0.223 -0.294 -0.376 
-0.466 -0.562 -0.659 -0.756 -0.849 -0.938 -1.023 -1.102 -1.177 -1.246 
-1.311 -1.372 -1.428 -1.481 -1.529 -1.575 -1.616 -1.655 -1.690 -1.722 
-1.759 
-1.920 -1.949 -1.969 -1.986 -2.000 -2.012 -2.022 -2.029 -2.034 -2.037 
-2.037 -2.035 -2.030 -2.023 -2.014 -2.003 -1.989 -1.972 -1.953 -1.931 
-1.907 -1.879 -1.849 -1.816 -1.780 -1.740 -1.697 -1.651 -1.600 -1.545 
-1.486 -1.422 -1.352 -1.277 -1.196 -1.109 -1.014 -0.912 -0.804 -0.689 
-0.571 -0.454 -0.349 -0.265 -0.209 -0.184 -0.184 -0.199 -0.226 -0.259 
-0.295 -0.328 -0.355 -0.374 -0.383 -0.381 -0.367 -0.341 -0.303 -0.251 
-0.189 -0.119 -0.053 -0.011 -0.014 -0.073 -0.176 -0.302 -0.433 -0.561 
-0.683 -0.798 -0.906 -1.007 -1.101 -1.188 -1.269 -1.343 -1.413 -1.477 
-1.537 -1.592 -1.643 -1.690 -1.734 -1.774 -1.810 -1.844 -1.875 -1.902 
-1.914 
-2.024 -2.041 -2.061 -2.077 -2.092 -2.104 -2.114 -2.121 -2.127 -2.130 
-2.131 -2.129 -2.126 -2.120 -2.112 -2.102 -2.089 -2.074 -2.057 -2.037 
-2.015 -1.990 -1.962 -1.932 -1.899 -1.863 -1.823 -1.781 -1.735 -1.686 
-1.632 -1.575 -1.513 -1.447 -1.376 -1.299 -1.217 -1.129 -1.034 -0.934 
-0.828 -0.719 -0.611 -0.508 -0.416 -0.338 -0.277 -0.237 -0.220 -0.224 
-0.243 -0.270 -0.298 -0.322 -0.340 -0.349 -0.351 -0.344 -0.330 -0.311 
-0.290 -0.271 -0.261 -0.268 -0.303 -0.371 -0.464 -0.569 -0.677 -0.784 
-0.888 -0.987 -1.080 -1.169 -1.252 -1.329 -1.402 -1.470 -1.534 -1.593 
-1.648 -1.700 -1.748 -1.792 -1.834 -1.872 -1.907 -1.939 -1.969 -1.995 
-2.016 
-2.131 -2.140 -2.157 -2.171 -2.183 -2.193 -2.201 -2.206 -2.209 -2.210 
-2.209 -2.205 -2.200 -2.192 -2.181 -2.169 -2.154 -2.136 -2.117 -2.094 
-2.070 -2.042 -2.012 -1.979 -1.943 -1.904 -1.862 -1.816 -1.767 -1.714 
-1.658 -1.596 -1.531 -1.460 -1.384 -1.303 -1.218 -1.130 -1.044 -0.963 
-0.890 -0.823 -0.758 -0.695 -0.635 -0.582 -0.538 -0.508 -0.491 -0.486 
-0.487 -0.490 -0.490 -0.486 -0.474 -0.453 -0.425 -0.388 -0.345 -0.300 
-0.259 -0.234 -0.237 -0.276 -0.351 -0.452 -0.568 -0.688 -0.807 -0.920 
-1.028 -1.129 -1.223 -1.310 -1.392 -1.468 -1.538 -1.604 -1.665 -1.722 
-1.774 -1.823 -1.869 -1.910 -1.949 -1.985 -2.017 -2.047 -2.074 -2.099 
-2.124 
-2.378 -2.411 -2.422 -2.431 -2.438 -2.442 -2.444 -2.444 -2.441 -2.435 
-2.427 -2.417 -2.404 -2.388 -2.370 -2.349 -2.325 -2.299 -2.269 -2.237 
-2.201 -2.162 -2.119 -2.072 -2.021 -1.966 -1.907 -1.842 -1.772 -1.697 
-1.615 -1.528 -1.435 -1.335 -1.231 -1.124 -1.016 -0.915 -0.829 -0.771 
-0.748 -0.758 -0.789 -0.828 -0.865 -0.895 -0.919 -0.937 -0.949 -0.956 
-0.957 -0.951 -0.936 -0.912 -0.877 -0.831 -0.775 -0.714 -0.657 -0.607 
-0.564 -0.528 -0.515 -0.544 -0.621 -0.736 -0.869 -1.005 -1.136 -1.258 
-1.370 -1.474 -1.569 -1.656 -1.735 -1.809 -1.876 -1.939 -1.996 -2.049 
-2.097 -2.142 -2.183 -2.220 -2.254 -2.285 -2.313 -2.338 -2.360 -2.380 
-2.373 
-2.373 -2.398 -2.406 -2.412 -2.415 -2.416 -2.414 -2.410 -2.403 -2.393 
-2.381 -2.366 -2.348 -2.327 -2.304 -2.278 -2.249 -2.217 -2.181 -2.142 
-2.100 -2.054 -2.005 -1.951 -1.893 -1.831 -1.764 -1.693 -1.617 -1.537 
-1.453 -1.366 -1.278 -1.191 -1.110 -1.036 -0.975 -0.928 -0.895 -0.876 
-0.872 -0.880 -0.898 -0.922 -0.949 -0.974 -0.994 -1.006 -1.007 -0.997 
-0.976 -0.942 -0.896 -0.836 -0.762 -0.678 -0.592 -0.521 -0.488 -0.512 
-0.589 -0.693 -0.801 -0.910 -1.023 -1.140 -1.250 -1.349 -1.435 -1.510 
-1.575 -1.635 -1.691 -1.746 -1.801 -1.856 -1.911 -1.964 -2.015 -2.064 
-2.109 -2.152 -2.191 -2.226 -2.258 -2.287 -2.313 -2.336 -2.355 -2.372 
-2.371 
-2.188 -2.197 -2.221 -2.242 -2.260 -2.276 -2.289 -2.299 -2.307 -2.312 
-2.314 -2.314 -2.311 -2.306 -2.298 -2.287 -2.273 -2.257 -2.237 -2.215 
-2.189 -2.161 -2.128 -2.093 -2.053 -2.010 -1.963 -1.911 -1.854 -1.793 
-1.727 -1.656 -1.581 -1.502 -1.421 -1.338 -1.255 -1.171 -1.087 -1.003 
-0.926 -0.863 -0.826 -0.821 -0.845 -0.889 -0.945 -1.002 -1.055 -1.102 
-1.139 -1.166 -1.182 -1.184 -1.173 -1.147 -1.110 -1.071 -1.052 -1.070 
-1.121 -1.179 -1.226 -1.256 -1.270 -1.272 -1.268 -1.262 -1.256 -1.254 
-1.260 -1.274 -1.299 -1.334 -1.378 -1.430 -1.488 -1.548 -1.610 -1.671 
-1.731 -1.789 -1.844 -1.896 -1.945 -1.990 -2.033 -2.072 -2.108 -2.140 
-2.176 
-2.117 -2.157 -2.182 -2.205 -2.226 -2.244 -2.259 -2.272 -2.283 -2.291 
-2.296 -2.299 -2.300 -2.298 -2.294 -2.287 -2.277 -2.265 -2.251 -2.234 
-2.214 -2.191 -2.165 -2.137 -2.105 -2.070 -2.032 -1.990 -1.944 -1.895 
-1.841 -1.783 -1.720 -1.653 -1.581 -1.503 -1.421 -1.334 -1.244 -1.153 
-1.066 -0.987 -0.922 -0.875 -0.846 -0.835 -0.847 -0.883 -0.935 -0.991 
-1.045 -1.092 -1.133 -1.167 -1.194 -1.215 -1.229 -1.238 -1.241 -1.239 
-1.233 -1.223 -1.211 -1.198 -1.185 -1.175 -1.169 -1.170 -1.179 -1.198 
-1.226 -1.263 -1.307 -1.357 -1.411 -1.466 -1.521 -1.576 -1.629 -1.680 
-1.729 -1.777 -1.823 -1.868 -1.911 -1.953 -1.992 -2.030 -2.065 -2.098 
-2.110 
-1.958 -1.975 -2.011 -2.044 -2.075 -2.104 -2.130 -2.154 -2.175 -2.194 
-2.210 -2.224 -2.235 -2.243 -2.249 -2.252 -2.253 -2.251 -2.246 -2.238 
-2.228 -2.215 -2.199 -2.180 -2.158 -2.133 -2.104 -2.072 -2.036 -1.996 
-1.952 -1.904 -1.850 -1.791 -1.726 -1.655 -1.577 -1.491 -1.397 -1.293 
-1.180 -1.058 -0.931 -0.810 -0.713 -0.654 -0.643 -0.685 -0.769 -0.873 
-0.978 -1.075 -1.162 -1.237 -1.301 -1.355 -1.400 -1.438 -1.468 -1.492 
-1.509 -1.521 -1.529 -1.532 -1.533 -1.532 -1.530 -1.528 -1.527 -1.528 
-1.529 -1.531 -1.532 -1.533 -1.533 -1.533 -1.534 -1.538 -1.546 -1.559 
-1.576 -1.600 -1.628 -1.660 -1.697 -1.736 -1.776 -1.817 -1.858 -1.899 
-1.943 
-1.977 -2.006 -2.039 -2.070 -2.098 -2.124 -2.147 -2.167 -2.185 -2.200 
-2.212 -2.222 -2.229 -2.233 -2.235 -2.234 -2.231 -2.225 -2.216 -2.204 
-2.190 -2.172 -2.152 -2.128 -2.102 -2.071 -2.038 -2.000 -1.959 -1.913 
-1.863 -1.807 -1.747 -1.680 -1.608 -1.528 -1.440 -1.343 -1.236 -1.117 
-0.988 -0.850 -0.717 -0.615 -0.575 -0.604 -0.684 -0.789 -0.900 -1.007 
-1.102 -1.186 -1.257 -1.319 -1.370 -1.414 -1.451 -1.481 -1.506 -1.525 
-1.540 -1.550 -1.557 -1.561 -1.562 -1.560 -1.557 -1.552 -1.545 -1.538 
-1.529 -1.519 -1.510 -1.502 -1.495 -1.492 -1.494 -1.502 -1.516 -1.537 
-1.564 -1.597 -1.635 -1.676 -1.719 -1.763 -1.807 -1.850 -1.892 -1.932 
-1.964 
-2.040 -2.062 -2.083 -2.103 -2.120 -2.134 -2.146 -2.156 -2.164 -2.169 
-2.172 -2.172 -2.171 -2.166 -2.160 -2.151 -2.140 -2.126 -2.110 -2.092 
-2.070 -2.046 -2.020 -1.990 -1.958 -1.922 -1.883 -1.842 -1.796 -1.747 
-1.695 -1.639 -1.579 -1.516 -1.449 -1.379 -1.307 -1.233 -1.159 -1.088 
-1.020 -0.957 -0.901 -0.860 -0.847 -0.868 -0.908 -0.953 -0.996 -1.036 
-1.073 -1.107 -1.137 -1.164 -1.188 -1.209 -1.226 -1.240 -1.251 -1.260 
-1.266 -1.271 -1.275 -1.279 -1.284 -1.289 -1.297 -1.307 -1.321 -1.337 
-1.357 -1.380 -1.406 -1.434 -1.465 -1.498 -1.532 -1.569 -1.607 -1.647 
-1.687 -1.728 -1.768 -1.808 -1.846 -1.883 -1.919 -1.952 -1.983 -2.012 
-2.033 
-2.087 -2.113 -2.144 -2.172 -2.197 -2.220 -2.241 -2.259 -2.275 -2.288 
-2.299 -2.307 -2.313 -2.317 -2.318 -2.318 -2.314 -2.309 -2.300 -2.290 
-2.277 -2.261 -2.243 -2.222 -2.198 -2.172 -2.143 -2.110 -2.075 -2.037 
-1.995 -1.950 -1.902 -1.850 -1.796 -1.738 -1.679 -1.618 -1.557 -1.498 
-1.442 -1.390 -1.344 -1.304 -1.269 -1.239 -1.212 -1.191 -1.177 -1.170 
-1.171 -1.180 -1.196 -1.216 -1.238 -1.260 -1.281 -1.300 -1.317 -1.330 
-1.339 -1.346 -1.349 -1.349 -1.346 -1.341 -1.335 -1.327 -1.319 -1.313 
-1.310 -1.313 -1.322 -1.339 -1.363 -1.395 -1.434 -1.477 -1.524 -1.574 
-1.625 -1.677 -1.728 -1.779 -1.829 -1.876 -1.922 -1.965 -2.006 -2.044 
-2.074 
-2.136 -2.160 -2.188 -2.212 -2.235 -2.254 -2.271 -2.285 -2.296 -2.305 
-2.311 -2.315 -2.316 -2.315 -2.311 -2.305 -2.296 -2.285 -2.271 -2.254 
-2.235 -2.213 -2.189 -2.161 -2.131 -2.097 -2.061 -2.021 -1.978 -1.932 
-1.883 -1.831 -1.776 -1.718 -1.659 -1.598 -1.538 -1.478 -1.423 -1.372 
-1.329 -1.296 -1.273 -1.261 -1.259 -1.265 -1.278 -1.295 -1.314 -1.333 
-1.354 -1.373 -1.392 -1.409 -1.422 -1.433 -1.439 -1.442 -1.439 -1.432 
-1.420 -1.404 -1.384 -1.359 -1.331 -1.301 -1.269 -1.238 -1.210 -1.186 
-1.172 -1.169 -1.182 -1.210 -1.252 -1.307 -1.369 -1.436 -1.505 -1.573 
-1.640 -1.704 -1.765 -1.823 -1.877 -1.927 -1.974 -2.018 -2.058 -2.095 
-2.125 
-2.212 -2.237 -2.261 -2.283 -2.302 -2.319 -2.333 -2.344 -2.353 -2.359 
-2.363 -2.365 -2.364 -2.360 -2.354 -2.346 -2.335 -2.322 -2.306 -2.287 
-2.266 -2.242 -2.215 -2.186 -2.153 -2.117 -2.079 -2.036 -1.990 -1.941 
-1.888 -1.831 -1.770 -1.705 -1.636 -1.564 -1.488 -1.410 -1.331 -1.254 
-1.180 -1.113 -1.056 -1.012 -0.983 -0.978 -1.000 -1.039 -1.084 -1.129 
-1.169 -1.205 -1.235 -1.259 -1.278 -1.291 -1.299 -1.301 -1.299 -1.291 
-1.280 -1.265 -1.247 -1.228 -1.210 -1.194 -1.183 -1.178 -1.182 -1.194 
-1.215 -1.243 -1.277 -1.317 -1.361 -1.412 -1.470 -1.535 -1.604 -1.674 
-1.742 -1.806 -1.866 -1.923 -1.975 -2.023 -2.067 -2.108 -2.145 -2.179 
-2.203 
-2.288 -2.321 -2.359 -2.393 -2.424 -2.452 -2.476 -2.498 -2.516 -2.531 
-2.543 -2.553 -2.560 -2.564 -2.565 -2.564 -2.559 -2.553 -2.543 -2.531 
-2.515 -2.497 -2.476 -2.452 -2.424 -2.393 -2.359 -2.321 -2.279 -2.233 
-2.182 -2.127 -2.067 -2.001 -1.929 -1.851 -1.765 -1.672 -1.571 -1.461 
-1.344 -1.220 -1.097 -0.983 -0.898 -0.866 -0.897 -0.977 -1.078 -1.180 
-1.272 -1.352 -1.420 -1.476 -1.522 -1.559 -1.587 -1.608 -1.621 -1.628 
-1.628 -1.623 -1.612 -1.597 -1.578 -1.555 -1.529 -1.501 -1.470 -1.436 
-1.397 -1.355 -1.312 -1.274 -1.250 -1.250 -1.278 -1.332 -1.407 -1.495 
-1.587 -1.678 -1.766 -1.849 -1.927 -1.998 -2.065 -2.125 -2.181 -2.232 
-2.272 
-2.390 -2.428 -2.467 -2.503 -2.536 -2.565 -2.590 -2.612 -2.632 -2.648 
-2.661 -2.671 -2.678 -2.683 -2.685 -2.683 -2.679 -2.672 -2.663 -2.650 
-2.634 -2.615 -2.593 -2.567 -2.538 -2.506 -2.469 -2.428 -2.383 -2.333 
-2.279 -2.218 -2.151 -2.078 -1.998 -1.909 -1.812 -1.706 -1.592 -1.473 
-1.356 -1.253 -1.178 -1.143 -1.148 -1.187 -1.261 -1.355 -1.454 -1.546 
-1.627 -1.698 -1.758 -1.810 -1.852 -1.886 -1.914 -1.934 -1.948 -1.955 
-1.957 -1.952 -1.941 -1.925 -1.902 -1.873 -1.838 -1.797 -1.750 -1.699 
-1.643 -1.587 -1.534 -1.490 -1.461 -1.451 -1.465 -1.501 -1.557 -1.627 
-1.706 -1.788 -1.871 -1.951 -2.027 -2.098 -2.165 -2.227 -2.284 -2.336 
-2.375 
-2.448 -2.490 -2.525 -2.556 -2.583 -2.608 -2.629 -2.647 -2.663 -2.675 
-2.685 -2.692 -2.696 -2.698 -2.696 -2.692 -2.686 -2.676 -2.664 -2.648 
-2.630 -2.609 -2.584 -2.557 -2.526 -2.491 -2.453 -2.410 -2.364 -2.313 
-2.257 -2.196 -2.130 -2.058 -1.980 -1.896 -1.806 -1.711 -1.614 -1.518 
-1.432 -1.364 -1.326 -1.325 -1.358 -1.413 -1.480 -1.549 -1.615 -1.676 
-1.730 -1.778 -1.818 -1.852 -1.880 -1.901 -1.916 -1.925 -1.928 -1.926 
-1.917 -1.903 -1.883 -1.857 -1.824 -1.785 -1.740 -1.689 -1.633 -1.574 
-1.516 -1.465 -1.427 -1.410 -1.421 -1.457 -1.515 -1.587 -1.667 -1.751 
-1.835 -1.916 -1.994 -2.068 -2.137 -2.201 -2.260 -2.314 -2.364 -2.410 
-2.436 
-2.344 -2.378 -2.413 -2.445 -2.473 -2.499 -2.521 -2.541 -2.558 -2.572 
-2.583 -2.591 -2.597 -2.601 -2.601 -2.599 -2.595 -2.588 -2.578 -2.565 
-2.550 -2.532 -2.511 -2.488 -2.461 -2.432 -2.399 -2.363 -2.324 -2.281 
-2.236 -2.187 -2.134 -2.079 -2.020 -1.959 -1.897 -1.834 -1.772 -1.714 
-1.663 -1.623 -1.598 -1.591 -1.600 -1.621 -1.649 -1.682 -1.718 -1.753 
-1.787 -1.818 -1.847 -1.872 -1.893 -1.910 -1.923 -1.932 -1.936 -1.936 
-1.931 -1.923 -1.909 -1.892 -1.870 -1.843 -1.813 -1.779 -1.741 -1.702 
-1.663 -1.626 -1.595 -1.575 -1.567 -1.572 -1.591 -1.622 -1.664 -1.717 
-1.777 -1.841 -1.907 -1.972 -2.035 -2.095 -2.151 -2.204 -2.253 -2.298 
-2.332 
-2.226 -2.259 -2.300 -2.338 -2.371 -2.401 -2.428 -2.452 -2.472 -2.489 
-2.504 -2.515 -2.524 -2.529 -2.532 -2.532 -2.529 -2.523 -2.515 -2.504 
-2.490 -2.472 -2.452 -2.429 -2.403 -2.374 -2.342 -2.306 -2.268 -2.226 
-2.181 -2.133 -2.082 -2.030 -1.976 -1.922 -1.869 -1.819 -1.775 -1.739 
-1.712 -1.696 -1.691 -1.697 -1.713 -1.736 -1.764 -1.796 -1.830 -1.864 
-1.897 -1.927 -1.955 -1.980 -2.001 -2.018 -2.031 -2.040 -2.046 -2.047 
-2.043 -2.036 -2.024 -2.008 -1.987 -1.961 -1.931 -1.896 -1.856 -1.812 
-1.763 -1.711 -1.656 -1.601 -1.549 -1.505 -1.475 -1.465 -1.478 -1.514 
-1.569 -1.636 -1.708 -1.783 -1.856 -1.926 -1.992 -2.054 -2.112 -2.165 
-2.209 
-2.214 -2.234 -2.271 -2.306 -2.338 -2.367 -2.394 -2.417 -2.438 -2.456 
-2.471 -2.484 -2.494 -2.501 -2.505 -2.507 -2.506 -2.502 -2.495 -2.485 
-2.473 -2.457 -2.439 -2.417 -2.392 -2.363 -2.331 -2.295 -2.256 -2.213 
-2.166 -2.116 -2.063 -2.009 -1.956 -1.905 -1.860 -1.819 -1.784 -1.752 
-1.723 -1.698 -1.679 -1.667 -1.665 -1.672 -1.688 -1.712 -1.741 -1.774 
-1.808 -1.842 -1.874 -1.904 -1.931 -1.954 -1.974 -1.990 -2.002 -2.009 
-2.013 -2.012 -2.006 -1.996 -1.980 -1.960 -1.934 -1.903 -1.867 -1.828 
-1.788 -1.752 -1.725 -1.708 -1.700 -1.696 -1.695 -1.698 -1.709 -1.730 
-1.758 -1.793 -1.832 -1.875 -1.921 -1.967 -2.015 -2.062 -2.107 -2.152 
-2.199 
-2.387 -2.433 -2.460 -2.484 -2.505 -2.523 -2.538 -2.550 -2.559 -2.565 
-2.568 -2.568 -2.566 -2.560 -2.552 -2.540 -2.526 -2.508 -2.487 -2.463 
-2.435 -2.404 -2.369 -2.330 -2.287 -2.240 -2.189 -2.133 -2.073 -2.008 
-1.940 -1.870 -1.800 -1.734 -1.676 -1.632 -1.606 -1.599 -1.611 -1.637 
-1.670 -1.707 -1.744 -1.779 -1.812 -1.843 -1.873 -1.901 -1.927 -1.950 
-1.970 -1.986 -1.998 -2.006 -2.010 -2.009 -2.004 -1.994 -1.979 -1.959 
-1.933 -1.903 -1.867 -1.825 -1.778 -1.725 -1.668 -1.606 -1.543 -1.481 
-1.428 -1.392 -1.383 -1.406 -1.457 -1.528 -1.609 -1.692 -1.772 -1.847 
-1.917 -1.982 -2.042 -2.099 -2.152 -2.202 -2.248 -2.292 -2.332 -2.369 
-2.379 
-2.396 -2.409 -2.432 -2.452 -2.470 -2.485 -2.498 -2.509 -2.518 -2.524 
-2.528 -2.529 -2.529 -2.526 -2.521 -2.514 -2.505 -2.494 -2.480 -2.464 
-2.446 -2.426 -2.404 -2.379 -2.352 -2.323 -2.292 -2.258 -2.222 -2.184 
-2.143 -2.101 -2.059 -2.016 -1.976 -1.941 -1.913 -1.894 -1.881 -1.874 
-1.870 -1.868 -1.866 -1.865 -1.864 -1.863 -1.863 -1.863 -1.863 -1.862 
-1.860 -1.856 -1.851 -1.844 -1.835 -1.823 -1.809 -1.791 -1.770 -1.746 
-1.719 -1.689 -1.656 -1.622 -1.585 -1.550 -1.516 -1.486 -1.463 -1.449 
-1.447 -1.457 -1.483 -1.524 -1.578 -1.640 -1.707 -1.774 -1.840 -1.903 
-1.963 -2.020 -2.073 -2.123 -2.170 -2.213 -2.253 -2.290 -2.324 -2.355 
-2.386 
-2.394 -2.428 -2.450 -2.469 -2.487 -2.503 -2.517 -2.529 -2.539 -2.547 
-2.553 -2.557 -2.559 -2.560 -2.558 -2.554 -2.549 -2.541 -2.532 -2.521 
-2.508 -2.493 -2.476 -2.457 -2.436 -2.414 -2.390 -2.364 -2.337 -2.308 
-2.278 -2.247 -2.215 -2.183 -2.150 -2.117 -2.085 -2.054 -2.024 -1.997 
-1.971 -1.949 -1.930 -1.914 -1.901 -1.891 -1.884 -1.880 -1.877 -1.877 
-1.877 -1.878 -1.879 -1.879 -1.879 -1.878 -1.876 -1.873 -1.868 -1.861 
-1.853 -1.844 -1.833 -1.822 -1.809 -1.797 -1.786 -1.777 -1.771 -1.771 
-1.777 -1.789 -1.808 -1.833 -1.861 -1.893 -1.928 -1.964 -2.001 -2.039 
-2.077 -2.115 -2.152 -2.189 -2.224 -2.258 -2.291 -2.322 -2.351 -2.379 
-2.387 
-2.292 -2.304 -2.333 -2.359 -2.384 -2.406 -2.426 -2.444 -2.460 -2.473 
-2.485 -2.495 -2.503 -2.509 -2.513 -2.515 -2.515 -2.513 -2.510 -2.504 
-2.497 -2.488 -2.477 -2.464 -2.450 -2.433 -2.415 -2.396 -2.374 -2.351 
-2.327 -2.301 -2.273 -2.244 -2.214 -2.183 -2.151 -2.119 -2.085 -2.052 
-2.020 -1.989 -1.960 -1.935 -1.916 -1.901 -1.890 -1.883 -1.878 -1.874 
-1.870 -1.867 -1.864 -1.861 -1.858 -1.854 -1.850 -1.845 -1.839 -1.832 
-1.824 -1.816 -1.807 -1.797 -1.786 -1.776 -1.766 -1.757 -1.748 -1.742 
-1.738 -1.737 -1.739 -1.744 -1.752 -1.763 -1.776 -1.792 -1.810 -1.834 
-1.864 -1.902 -1.945 -1.991 -2.037 -2.082 -2.125 -2.165 -2.204 -2.239 
-2.281 
-2.343 -2.393 -2.441 -2.484 -2.524 -2.560 -2.593 -2.622 -2.648 -2.670 
-2.690 -2.707 -2.721 -2.733 -2.741 -2.747 -2.751 -2.752 -2.750 -2.745 
-2.738 -2.729 -2.716 -2.701 -2.684 -2.663 -2.640 -2.613 -2.584 -2.551 
-2.515 -2.475 -2.432 -2.386 -2.335 -2.281 -2.223 -2.162 -2.099 -2.035 
-1.973 -1.915 -1.867 -1.832 -1.813 -1.812 -1.826 -1.851 -1.885 -1.923 
-1.962 -2.000 -2.034 -2.066 -2.093 -2.117 -2.136 -2.152 -2.163 -2.171 
-2.175 -2.176 -2.173 -2.167 -2.158 -2.145 -2.130 -2.111 -2.089 -2.064 
-2.035 -2.003 -1.966 -1.925 -1.879 -1.831 -1.782 -1.738 -1.706 -1.693 
-1.705 -1.740 -1.796 -1.865 -1.939 -2.015 -2.088 -2.158 -2.224 -2.285 
-2.324 
-2.341 -2.366 -2.402 -2.435 -2.465 -2.493 -2.518 -2.540 -2.559 -2.576 
-2.590 -2.602 -2.611 -2.619 -2.624 -2.628 -2.631 -2.631 -2.630 -2.628 
-2.624 -2.619 -2.611 -2.602 -2.592 -2.579 -2.563 -2.545 -2.525 -2.501 
-2.475 -2.445 -2.411 -2.374 -2.333 -2.288 -2.240 -2.188 -2.134 -2.078 
-2.021 -1.967 -1.917 -1.875 -1.845 -1.827 -1.824 -1.833 -1.852 -1.878 
-1.909 -1.940 -1.971 -1.999 -2.024 -2.046 -2.064 -2.080 -2.095 -2.109 
-2.123 -2.137 -2.151 -2.164 -2.175 -2.184 -2.189 -2.192 -2.190 -2.184 
-2.174 -2.160 -2.142 -2.120 -2.096 -2.069 -2.041 -2.015 -1.994 -1.983 
-1.984 -1.996 -2.020 -2.050 -2.085 -2.124 -2.164 -2.206 -2.248 -2.289 
-2.326 
-2.383 -2.388 -2.392 -2.394 -2.393 -2.392 -2.389 -2.384 -2.379 -2.373 
-2.366 -2.359 -2.352 -2.345 -2.338 -2.331 -2.326 -2.321 -2.316 -2.312 
-2.309 -2.307 -2.305 -2.303 -2.302 -2.300 -2.298 -2.296 -2.292 -2.288 
-2.283 -2.276 -2.268 -2.258 -2.247 -2.234 -2.219 -2.203 -2.186 -2.167 
-2.146 -2.124 -2.102 -2.079 -2.058 -2.038 -2.019 -2.002 -1.985 -1.967 
-1.948 -1.926 -1.903 -1.879 -1.855 -1.833 -1.813 -1.799 -1.790 -1.789 
-1.794 -1.807 -1.826 -1.850 -1.877 -1.906 -1.936 -1.964 -1.992 -2.018 
-2.042 -2.065 -2.087 -2.109 -2.130 -2.150 -2.170 -2.190 -2.208 -2.226 
-2.243 -2.260 -2.277 -2.294 -2.310 -2.326 -2.340 -2.354 -2.365 -2.375 
-2.384 
-2.416 -2.452 -2.474 -2.494 -2.511 -2.526 -2.538 -2.549 -2.557 -2.563 
-2.566 -2.568 -2.569 -2.567 -2.564 -2.559 -2.553 -2.546 -2.537 -2.526 
-2.514 -2.501 -2.486 -2.470 -2.452 -2.432 -2.411 -2.388 -2.363 -2.338 
-2.311 -2.284 -2.256 -2.228 -2.201 -2.175 -2.150 -2.128 -2.108 -2.090 
-2.075 -2.062 -2.052 -2.045 -2.039 -2.037 -2.036 -2.038 -2.042 -2.046 
-2.050 -2.053 -2.055 -2.054 -2.051 -2.047 -2.041 -2.035 -2.028 -2.021 
-2.014 -2.007 -1.999 -1.990 -1.980 -1.968 -1.955 -1.942 -1.929 -1.918 
-1.910 -1.907 -1.910 -1.919 -1.935 -1.957 -1.984 -2.015 -2.048 -2.083 
-2.118 -2.152 -2.186 -2.220 -2.253 -2.284 -2.316 -2.346 -2.375 -2.403 
-2.409 
-2.311 -2.324 -2.362 -2.399 -2.434 -2.468 -2.500 -2.530 -2.557 -2.582 
-2.604 -2.624 -2.641 -2.655 -2.667 -2.677 -2.684 -2.688 -2.689 -2.689 
-2.685 -2.679 -2.670 -2.659 -2.645 -2.629 -2.610 -2.588 -2.564 -2.537 
-2.508 -2.476 -2.442 -2.406 -2.368 -2.327 -2.285 -2.241 -2.195 -2.149 
-2.103 -2.057 -2.014 -1.975 -1.943 -1.919 -1.904 -1.900 -1.906 -1.921 
-1.945 -1.974 -2.006 -2.041 -2.074 -2.106 -2.136 -2.162 -2.185 -2.204 
-2.220 -2.231 -2.239 -2.243 -2.244 -2.242 -2.236 -2.229 -2.219 -2.208 
-2.196 -2.184 -2.171 -2.159 -2.148 -2.136 -2.124 -2.112 -2.100 -2.090 
-2.082 -2.078 -2.079 -2.087 -2.101 -2.121 -2.147 -2.177 -2.211 -2.248 
-2.296 
-2.403 -2.469 -2.521 -2.570 -2.618 -2.662 -2.704 -2.743 -2.778 -2.811 
-2.841 -2.868 -2.892 -2.914 -2.932 -2.948 -2.961 -2.972 -2.980 -2.985 
-2.987 -2.987 -2.984 -2.979 -2.971 -2.960 -2.946 -2.930 -2.910 -2.888 
-2.863 -2.834 -2.803 -2.768 -2.730 -2.688 -2.643 -2.594 -2.542 -2.487 
-2.429 -2.368 -2.306 -2.244 -2.183 -2.125 -2.073 -2.030 -1.999 -1.983 
-1.982 -1.995 -2.018 -2.049 -2.084 -2.121 -2.159 -2.196 -2.230 -2.263 
-2.292 -2.317 -2.338 -2.355 -2.368 -2.377 -2.381 -2.382 -2.377 -2.369 
-2.357 -2.341 -2.320 -2.297 -2.270 -2.241 -2.210 -2.179 -2.149 -2.123 
-2.104 -2.093 -2.094 -2.106 -2.130 -2.164 -2.207 -2.255 -2.307 -2.361 
-2.387 
-2.358 -2.381 -2.432 -2.482 -2.531 -2.578 -2.623 -2.666 -2.705 -2.743 
-2.777 -2.808 -2.837 -2.863 -2.886 -2.907 -2.925 -2.940 -2.952 -2.962 
-2.969 -2.974 -2.975 -2.975 -2.971 -2.964 -2.955 -2.942 -2.927 -2.908 
-2.886 -2.860 -2.830 -2.795 -2.757 -2.714 -2.666 -2.616 -2.564 -2.514 
-2.470 -2.433 -2.404 -2.375 -2.343 -2.305 -2.263 -2.217 -2.172 -2.129 
-2.091 -2.060 -2.037 -2.023 -2.019 -2.025 -2.039 -2.061 -2.087 -2.116 
-2.145 -2.173 -2.200 -2.224 -2.245 -2.262 -2.275 -2.284 -2.290 -2.291 
-2.288 -2.281 -2.271 -2.256 -2.238 -2.216 -2.192 -2.165 -2.138 -2.111 
-2.088 -2.072 -2.066 -2.073 -2.090 -2.116 -2.149 -2.188 -2.232 -2.280 
-2.339 
-2.491 -2.567 -2.625 -2.680 -2.730 -2.777 -2.819 -2.858 -2.893 -2.925 
-2.952 -2.977 -2.998 -3.015 -3.029 -3.040 -3.048 -3.052 -3.053 -3.050 
-3.045 -3.035 -3.023 -3.006 -2.986 -2.962 -2.934 -2.902 -2.864 -2.822 
-2.775 -2.723 -2.664 -2.600 -2.530 -2.455 -2.376 -2.298 -2.225 -2.165 
-2.126 -2.114 -2.128 -2.163 -2.209 -2.256 -2.298 -2.333 -2.360 -2.381 
-2.398 -2.412 -2.426 -2.441 -2.458 -2.478 -2.499 -2.522 -2.546 -2.568 
-2.589 -2.606 -2.620 -2.630 -2.636 -2.637 -2.634 -2.626 -2.612 -2.594 
-2.570 -2.540 -2.505 -2.463 -2.415 -2.361 -2.301 -2.236 -2.170 -2.108 
-2.057 -2.027 -2.024 -2.050 -2.098 -2.160 -2.230 -2.301 -2.372 -2.440 
-2.472 
-2.468 -2.489 -2.544 -2.597 -2.647 -2.695 -2.740 -2.782 -2.821 -2.856 
-2.888 -2.917 -2.943 -2.966 -2.985 -3.002 -3.016 -3.027 -3.035 -3.040 
-3.043 -3.042 -3.039 -3.032 -3.023 -3.010 -2.995 -2.976 -2.954 -2.928 
-2.898 -2.865 -2.827 -2.785 -2.739 -2.688 -2.632 -2.573 -2.513 -2.453 
-2.399 -2.351 -2.310 -2.273 -2.241 -2.214 -2.193 -2.179 -2.171 -2.171 
-2.181 -2.200 -2.226 -2.258 -2.294 -2.330 -2.366 -2.401 -2.433 -2.462 
-2.487 -2.509 -2.527 -2.540 -2.550 -2.555 -2.556 -2.553 -2.546 -2.535 
-2.519 -2.499 -2.475 -2.446 -2.413 -2.376 -2.335 -2.293 -2.249 -2.209 
-2.174 -2.151 -2.142 -2.147 -2.165 -2.193 -2.230 -2.274 -2.324 -2.378 
-2.446 
-2.711 -2.800 -2.854 -2.905 -2.952 -2.996 -3.035 -3.071 -3.103 -3.132 
-3.158 -3.180 -3.199 -3.215 -3.228 -3.238 -3.245 -3.249 -3.250 -3.248 
-3.243 -3.236 -3.225 -3.211 -3.195 -3.175 -3.152 -3.126 -3.096 -3.064 
-3.027 -2.987 -2.943 -2.895 -2.842 -2.785 -2.723 -2.656 -2.583 -2.505 
-2.424 -2.343 -2.268 -2.208 -2.174 -2.169 -2.192 -2.234 -2.286 -2.341 
-2.395 -2.447 -2.496 -2.542 -2.584 -2.623 -2.657 -2.686 -2.711 -2.732 
-2.747 -2.758 -2.765 -2.766 -2.763 -2.755 -2.742 -2.724 -2.702 -2.674 
-2.641 -2.603 -2.560 -2.512 -2.460 -2.406 -2.350 -2.297 -2.251 -2.219 
-2.206 -2.215 -2.246 -2.293 -2.352 -2.417 -2.484 -2.551 -2.617 -2.681 
-2.697 
-2.656 -2.690 -2.736 -2.778 -2.817 -2.853 -2.886 -2.916 -2.942 -2.965 
-2.986 -3.003 -3.017 -3.029 -3.038 -3.044 -3.047 -3.047 -3.045 -3.041 
-3.033 -3.023 -3.011 -2.996 -2.978 -2.958 -2.935 -2.910 -2.883 -2.854 
-2.823 -2.790 -2.756 -2.721 -2.686 -2.651 -2.616 -2.583 -2.552 -2.522 
-2.494 -2.469 -2.446 -2.429 -2.420 -2.422 -2.432 -2.448 -2.464 -2.477 
-2.488 -2.499 -2.510 -2.524 -2.541 -2.560 -2.578 -2.596 -2.611 -2.623 
-2.631 -2.635 -2.634 -2.629 -2.619 -2.605 -2.587 -2.564 -2.537 -2.505 
-2.470 -2.430 -2.388 -2.343 -2.297 -2.252 -2.211 -2.177 -2.154 -2.145 
-2.151 -2.174 -2.210 -2.256 -2.310 -2.366 -2.424 -2.481 -2.537 -2.590 
-2.639 
-2.606 -2.634 -2.680 -2.726 -2.771 -2.814 -2.855 -2.894 -2.931 -2.965 
-2.996 -3.025 -3.051 -3.074 -3.095 -3.113 -3.128 -3.141 -3.152 -3.159 
-3.165 -3.167 -3.167 -3.165 -3.160 -3.152 -3.142 -3.129 -3.114 -3.097 
-3.076 -3.054 -3.029 -3.002 -2.972 -2.941 -2.908 -2.874 -2.838 -2.800 
-2.761 -2.720 -2.677 -2.630 -2.581 -2.528 -2.472 -2.416 -2.360 -2.308 
-2.264 -2.231 -2.213 -2.211 -2.222 -2.245 -2.276 -2.311 -2.348 -2.383 
-2.416 -2.445 -2.470 -2.492 -2.509 -2.521 -2.530 -2.535 -2.535 -2.532 
-2.525 -2.515 -2.501 -2.484 -2.465 -2.445 -2.424 -2.404 -2.386 -2.373 
-2.365 -2.363 -2.366 -2.374 -2.388 -2.409 -2.435 -2.467 -2.504 -2.545 
-2.590 
-2.733 -2.770 -2.811 -2.851 -2.890 -2.926 -2.962 -2.995 -3.026 -3.056 
-3.083 -3.108 -3.131 -3.152 -3.170 -3.187 -3.201 -3.213 -3.223 -3.231 
-3.237 -3.240 -3.241 -3.239 -3.235 -3.229 -3.219 -3.207 -3.192 -3.173 
-3.150 -3.123 -3.091 -3.054 -3.009 -2.958 -2.898 -2.831 -2.759 -2.690 
-2.637 -2.614 -2.620 -2.642 -2.666 -2.682 -2.686 -2.678 -2.662 -2.640 
-2.617 -2.596 -2.578 -2.566 -2.559 -2.555 -2.553 -2.552 -2.551 -2.549 
-2.546 -2.542 -2.537 -2.532 -2.525 -2.518 -2.510 -2.500 -2.490 -2.477 
-2.464 -2.448 -2.430 -2.411 -2.390 -2.367 -2.347 -2.334 -2.333 -2.346 
-2.369 -2.398 -2.429 -2.462 -2.495 -2.530 -2.567 -2.606 -2.646 -2.687 
-2.721 
-2.914 -2.961 -3.006 -3.046 -3.083 -3.116 -3.146 -3.173 -3.196 -3.216 
-3.234 -3.248 -3.259 -3.267 -3.272 -3.274 -3.274 -3.270 -3.263 -3.253 
-3.239 -3.223 -3.202 -3.178 -3.151 -3.119 -3.083 -3.042 -2.996 -2.945 
-2.888 -2.825 -2.754 -2.676 -2.590 -2.496 -2.395 -2.289 -2.185 -2.095 
-2.032 -2.011 -2.033 -2.087 -2.159 -2.236 -2.312 -2.384 -2.450 -2.508 
-2.560 -2.604 -2.642 -2.673 -2.698 -2.717 -2.732 -2.742 -2.747 -2.748 
-2.745 -2.739 -2.729 -2.714 -2.696 -2.673 -2.645 -2.613 -2.575 -2.532 
-2.482 -2.426 -2.365 -2.298 -2.228 -2.160 -2.104 -2.070 -2.069 -2.104 
-2.169 -2.251 -2.342 -2.431 -2.517 -2.598 -2.672 -2.740 -2.802 -2.860 
-2.897 
-2.989 -3.031 -3.072 -3.109 -3.142 -3.173 -3.199 -3.223 -3.243 -3.261 
-3.276 -3.288 -3.297 -3.303 -3.306 -3.307 -3.305 -3.300 -3.292 -3.282 
-3.268 -3.252 -3.233 -3.210 -3.185 -3.156 -3.123 -3.087 -3.047 -3.003 
-2.955 -2.902 -2.844 -2.781 -2.712 -2.638 -2.558 -2.474 -2.388 -2.304 
-2.231 -2.174 -2.138 -2.122 -2.125 -2.145 -2.179 -2.224 -2.274 -2.327 
-2.378 -2.427 -2.471 -2.511 -2.546 -2.575 -2.599 -2.618 -2.632 -2.641 
-2.646 -2.645 -2.639 -2.629 -2.614 -2.594 -2.570 -2.542 -2.509 -2.473 
-2.435 -2.395 -2.355 -2.316 -2.283 -2.256 -2.239 -2.237 -2.254 -2.293 
-2.348 -2.416 -2.488 -2.562 -2.634 -2.703 -2.768 -2.829 -2.886 -2.939 
-2.975 
-2.885 -2.947 -2.997 -3.044 -3.086 -3.124 -3.158 -3.188 -3.216 -3.239 
-3.259 -3.277 -3.291 -3.301 -3.309 -3.314 -3.316 -3.315 -3.311 -3.304 
-3.294 -3.281 -3.264 -3.245 -3.222 -3.195 -3.165 -3.131 -3.093 -3.051 
-3.004 -2.953 -2.896 -2.834 -2.766 -2.692 -2.613 -2.528 -2.440 -2.352 
-2.269 -2.199 -2.152 -2.134 -2.145 -2.181 -2.232 -2.290 -2.349 -2.405 
-2.455 -2.500 -2.541 -2.577 -2.609 -2.637 -2.661 -2.682 -2.698 -2.711 
-2.718 -2.722 -2.720 -2.714 -2.703 -2.687 -2.666 -2.640 -2.608 -2.572 
-2.530 -2.483 -2.433 -2.379 -2.325 -2.273 -2.228 -2.196 -2.182 -2.192 
-2.223 -2.272 -2.334 -2.404 -2.478 -2.554 -2.628 -2.700 -2.768 -2.832 
-2.869 
-2.729 -2.751 -2.810 -2.866 -2.917 -2.964 -3.007 -3.046 -3.082 -3.115 
-3.144 -3.170 -3.193 -3.213 -3.230 -3.245 -3.257 -3.266 -3.273 -3.277 
-3.278 -3.278 -3.275 -3.269 -3.261 -3.250 -3.238 -3.222 -3.204 -3.183 
-3.159 -3.133 -3.102 -3.069 -3.031 -2.989 -2.943 -2.892 -2.836 -2.777 
-2.717 -2.661 -2.614 -2.580 -2.558 -2.543 -2.528 -2.513 -2.496 -2.480 
-2.467 -2.459 -2.457 -2.461 -2.470 -2.483 -2.499 -2.516 -2.532 -2.548 
-2.562 -2.573 -2.581 -2.585 -2.586 -2.583 -2.576 -2.564 -2.549 -2.529 
-2.505 -2.476 -2.444 -2.408 -2.368 -2.326 -2.284 -2.244 -2.210 -2.186 
-2.173 -2.176 -2.195 -2.231 -2.281 -2.342 -2.409 -2.480 -2.552 -2.621 
-2.700 
-2.902 -2.984 -3.027 -3.066 -3.100 -3.131 -3.158 -3.182 -3.203 -3.221 
-3.236 -3.249 -3.259 -3.268 -3.274 -3.279 -3.282 -3.283 -3.282 -3.281 
-3.277 -3.273 -3.268 -3.262 -3.254 -3.247 -3.238 -3.229 -3.220 -3.210 
-3.201 -3.191 -3.180 -3.170 -3.159 -3.148 -3.136 -3.124 -3.110 -3.095 
-3.078 -3.059 -3.038 -3.014 -2.986 -2.955 -2.920 -2.882 -2.844 -2.808 
-2.779 -2.764 -2.764 -2.775 -2.792 -2.808 -2.823 -2.834 -2.841 -2.844 
-2.843 -2.838 -2.830 -2.818 -2.803 -2.786 -2.767 -2.747 -2.726 -2.705 
-2.684 -2.666 -2.649 -2.635 -2.623 -2.614 -2.606 -2.600 -2.595 -2.592 
-2.591 -2.595 -2.605 -2.622 -2.647 -2.681 -2.725 -2.776 -2.831 -2.885 
-2.896 
-2.828 -2.863 -2.943 -3.018 -3.086 -3.148 -3.204 -3.255 -3.301 -3.342 
-3.378 -3.410 -3.439 -3.464 -3.485 -3.503 -3.518 -3.530 -3.540 -3.547 
-3.552 -3.554 -3.554 -3.552 -3.548 -3.542 -3.534 -3.524 -3.512 -3.498 
-3.482 -3.464 -3.444 -3.422 -3.396 -3.368 -3.336 -3.301 -3.261 -3.216 
-3.166 -3.110 -3.047 -2.978 -2.901 -2.817 -2.728 -2.636 -2.549 -2.474 
-2.422 -2.402 -2.416 -2.457 -2.517 -2.584 -2.652 -2.715 -2.772 -2.822 
-2.864 -2.898 -2.925 -2.946 -2.960 -2.969 -2.972 -2.971 -2.965 -2.956 
-2.943 -2.928 -2.910 -2.889 -2.866 -2.839 -2.808 -2.771 -2.728 -2.679 
-2.625 -2.568 -2.513 -2.468 -2.442 -2.443 -2.474 -2.530 -2.606 -2.690 
-2.774 
