IRGRID 64 91
1e+308

0.025 0.03 0.035 0.04 0.045 0.05 0.055 0.06 0.065 0.07
0.075 0.08 0.085 0.09 0.095 0.1 0.11 0.12 0.13 0.14
0.15 0.16 0.17 0.18 0.19 0.2 0.21 0.22 0.23 0.24
0.25 0.26 0.27 0.28 0.29 0.3 0.31 0.32 0.33 0.34
0.35 0.36 0.37 0.38 0.39 0.4 0.41 0.42 0.43 0.44
0.45 0.46 0.47 0.48 0.49 0.5 0.51 0.52 0.53 0.54
0.55 0.56 0.57 0.58
0 4 8 12 16 20 24 28 32 36
40 44 48 52 56 60 64 68 72 76
80 84 88 92 96 100 104 108 112 116
120 124 128 132 136 140 144 148 152 156
160 164 168 172 176 180 184 188 192 196
200 204 208 212 216 220 224 228 232 236
240 244 248 252 256 260 264 268 272 276
280 284 288 292 296 300 304 308 312 316
320 324 328 332 336 340 344 348 352 356
360
-3.549 -3.636 -3.664 -3.696 -3.730 -3.765 -3.798 -3.830 -3.861 -3.891 
-3.919 -3.946 -3.971 -3.996 -4.000 -4.000 -4.000 -4.000 -4.000 -4.000 
-4.000 -4.000 -4.000 -4.000 -4.000 -4.000 -4.000 -4.000 -4.000 -4.000 
-4.000 -4.000 -4.000 -4.000 -4.000 -4.000 -3.996 -3.964 -3.928 -3.888 
-3.844 -3.795 -3.741 -3.681 -3.615 -3.542 -3.462 -3.375 -3.284 -3.194 
-3.113 -3.049 -2.999 -2.957 -2.923 -2.907 -2.916 -2.951 -3.006 -3.074 
-3.148 -3.221 -3.292 -3.357 -3.416 -3.470 -3.518 -3.560 -3.597 -3.630 
-3.658 -3.682 -3.701 -3.717 -3.729 -3.738 -3.743 -3.745 -3.744 -3.740 
-3.733 -3.722 -3.709 -3.693 -3.674 -3.654 -3.634 -3.618 -3.607 -3.606 
-3.547 
-3.323 -3.317 -3.365 -3.424 -3.488 -3.553 -3.617 -3.678 -3.734 -3.786 
-3.833 -3.876 -3.914 -3.947 -3.976 -4.000 -4.000 -4.000 -4.000 -4.000 
-4.000 -4.000 -4.000 -4.000 -4.000 -3.972 -3.935 -3.892 -3.843 -3.790 
-3.737 -3.694 -3.666 -3.659 -3.669 -3.690 -3.710 -3.722 -3.723 -3.711 
-3.685 -3.645 -3.593 -3.528 -3.450 -3.361 -3.261 -3.154 -3.047 -2.953 
-2.892 -2.876 -2.906 -2.966 -3.039 -3.112 -3.184 -3.255 -3.325 -3.392 
-3.454 -3.509 -3.556 -3.595 -3.625 -3.648 -3.662 -3.668 -3.664 -3.651 
-3.630 -3.600 -3.565 -3.530 -3.504 -3.493 -3.499 -3.515 -3.530 -3.537 
-3.534 -3.519 -3.493 -3.458 -3.418 -3.374 -3.332 -3.296 -3.274 -3.268 
-3.312 
-3.348 -3.453 -3.479 -3.505 -3.527 -3.547 -3.563 -3.574 -3.582 -3.586 
-3.587 -3.584 -3.577 -3.567 -3.554 -3.538 -3.518 -3.495 -3.468 -3.438 
-3.405 -3.368 -3.328 -3.283 -3.235 -3.183 -3.128 -3.070 -3.009 -2.949 
-2.894 -2.850 -2.822 -2.814 -2.825 -2.850 -2.882 -2.916 -2.951 -2.985 
-3.017 -3.046 -3.073 -3.095 -3.113 -3.126 -3.133 -3.132 -3.124 -3.111 
-3.099 -3.098 -3.108 -3.123 -3.135 -3.140 -3.138 -3.129 -3.114 -3.093 
-3.067 -3.037 -3.004 -2.968 -2.930 -2.892 -2.855 -2.822 -2.793 -2.771 
-2.754 -2.742 -2.733 -2.729 -2.734 -2.756 -2.797 -2.854 -2.921 -2.991 
-3.059 -3.121 -3.178 -3.227 -3.269 -3.305 -3.334 -3.359 -3.381 -3.403 
-3.344 
-2.847 -2.854 -2.866 -2.875 -2.882 -2.886 -2.888 -2.888 -2.885 -2.880 
-2.873 -2.864 -2.853 -2.840 -2.826 -2.809 -2.790 -2.770 -2.748 -2.724 
-2.698 -2.671 -2.642 -2.611 -2.579 -2.546 -2.511 -2.477 -2.442 -2.408 
-2.376 -2.348 -2.324 -2.305 -2.293 -2.286 -2.285 -2.288 -2.294 -2.303 
-2.313 -2.323 -2.332 -2.339 -2.343 -2.343 -2.339 -2.330 -2.315 -2.293 
-2.265 -2.229 -2.185 -2.134 -2.077 -2.019 -1.968 -1.935 -1.928 -1.946 
-1.981 -2.018 -2.049 -2.069 -2.077 -2.076 -2.070 -2.063 -2.060 -2.063 
-2.076 -2.099 -2.132 -2.173 -2.220 -2.270 -2.324 -2.378 -2.431 -2.483 
-2.531 -2.577 -2.619 -2.658 -2.693 -2.726 -2.754 -2.780 -2.803 -2.823 
-2.841 
-2.645 -2.640 -2.644 -2.646 -2.646 -2.644 -2.640 -2.635 -2.627 -2.619 
-2.609 -2.598 -2.586 -2.573 -2.560 -2.546 -2.532 -2.517 -2.503 -2.488 
-2.474 -2.459 -2.445 -2.431 -2.418 -2.404 -2.391 -2.377 -2.364 -2.350 
-2.337 -2.324 -2.310 -2.297 -2.283 -2.270 -2.255 -2.240 -2.223 -2.204 
-2.182 -2.157 -2.128 -2.094 -2.055 -2.008 -1.954 -1.887 -1.804 -1.694 
-1.531 -1.262 -0.940 -1.089 -1.264 -1.297 -1.282 -1.267 -1.276 -1.317 
-1.385 -1.469 -1.558 -1.646 -1.727 -1.799 -1.861 -1.912 -1.954 -1.986 
-2.008 -2.018 -2.015 -2.000 -1.977 -1.961 -1.974 -2.028 -2.110 -2.201 
-2.285 -2.357 -2.418 -2.468 -2.508 -2.542 -2.569 -2.591 -2.608 -2.622 
-2.644 
-2.534 -2.595 -2.624 -2.648 -2.669 -2.685 -2.698 -2.708 -2.715 -2.719 
-2.720 -2.719 -2.716 -2.710 -2.703 -2.693 -2.682 -2.670 -2.656 -2.640 
-2.623 -2.605 -2.585 -2.564 -2.542 -2.519 -2.495 -2.469 -2.442 -2.414 
-2.385 -2.355 -2.323 -2.290 -2.255 -2.218 -2.180 -2.140 -2.096 -2.050 
-2.001 -1.947 -1.888 -1.823 -1.750 -1.667 -1.570 -1.454 -1.311 -1.123 
-0.858 -0.512 -0.262 -0.326 -0.408 -0.383 -0.488 -0.715 -0.931 -1.109 
-1.253 -1.372 -1.470 -1.550 -1.613 -1.660 -1.691 -1.708 -1.708 -1.693 
-1.661 -1.613 -1.551 -1.480 -1.413 -1.371 -1.373 -1.431 -1.533 -1.659 
-1.790 -1.914 -2.028 -2.128 -2.218 -2.296 -2.364 -2.424 -2.477 -2.522 
-2.520 
-2.166 -2.166 -2.169 -2.170 -2.169 -2.166 -2.161 -2.154 -2.145 -2.134 
-2.120 -2.105 -2.087 -2.068 -2.047 -2.023 -1.998 -1.970 -1.941 -1.911 
-1.879 -1.847 -1.815 -1.783 -1.752 -1.723 -1.697 -1.673 -1.651 -1.630 
-1.610 -1.590 -1.570 -1.547 -1.523 -1.497 -1.468 -1.437 -1.403 -1.366 
-1.326 -1.283 -1.236 -1.184 -1.127 -1.064 -0.992 -0.911 -0.818 -0.708 
-0.576 -0.408 -0.201 -0.031 0.161 0.275 0.213 0.024 -0.151 -0.123 
0.066 -0.309 -0.640 -0.855 -1.014 -1.140 -1.246 -1.336 -1.414 -1.482 
-1.539 -1.586 -1.623 -1.648 -1.664 -1.678 -1.705 -1.751 -1.811 -1.871 
-1.925 -1.971 -2.010 -2.042 -2.069 -2.093 -2.112 -2.128 -2.141 -2.152 
-2.163 
-1.972 -1.974 -1.972 -1.967 -1.959 -1.949 -1.936 -1.921 -1.903 -1.882 
-1.858 -1.831 -1.802 -1.771 -1.736 -1.699 -1.660 -1.619 -1.576 -1.533 
-1.489 -1.445 -1.404 -1.365 -1.331 -1.301 -1.278 -1.262 -1.251 -1.244 
-1.242 -1.240 -1.238 -1.234 -1.227 -1.216 -1.202 -1.185 -1.169 -1.154 
-1.142 -1.132 -1.125 -1.118 -1.108 -1.095 -1.075 -1.048 -1.011 -0.962 
-0.898 -0.816 -0.708 -0.567 -0.395 -0.252 -0.220 -0.152 0.101 0.469 
0.676 0.432 0.134 0.150 0.111 -0.232 -0.532 -0.755 -0.928 -1.068 
-1.186 -1.287 -1.375 -1.453 -1.522 -1.583 -1.639 -1.688 -1.732 -1.772 
-1.807 -1.839 -1.866 -1.891 -1.911 -1.929 -1.944 -1.956 -1.964 -1.970 
-1.973 
-1.609 -1.658 -1.659 -1.660 -1.660 -1.659 -1.659 -1.660 -1.661 -1.663 
-1.665 -1.667 -1.668 -1.668 -1.666 -1.661 -1.653 -1.642 -1.628 -1.610 
-1.588 -1.563 -1.534 -1.503 -1.469 -1.433 -1.395 -1.354 -1.311 -1.264 
-1.214 -1.160 -1.102 -1.041 -0.978 -0.916 -0.856 -0.803 -0.758 -0.724 
-0.702 -0.691 -0.690 -0.697 -0.707 -0.719 -0.729 -0.736 -0.739 -0.735 
-0.725 -0.706 -0.677 -0.638 -0.586 -0.519 -0.431 -0.315 -0.154 0.090 
0.356 0.398 0.558 0.766 0.769 0.495 0.143 -0.146 -0.370 -0.550 
-0.700 -0.828 -0.938 -1.034 -1.119 -1.195 -1.262 -1.322 -1.375 -1.422 
-1.464 -1.501 -1.533 -1.560 -1.584 -1.604 -1.620 -1.633 -1.643 -1.650 
-1.606 
-1.211 -1.173 -1.164 -1.157 -1.151 -1.148 -1.148 -1.152 -1.159 -1.170 
-1.185 -1.204 -1.225 -1.248 -1.274 -1.300 -1.327 -1.354 -1.379 -1.404 
-1.427 -1.448 -1.467 -1.483 -1.496 -1.506 -1.512 -1.515 -1.513 -1.507 
-1.496 -1.481 -1.461 -1.435 -1.406 -1.373 -1.339 -1.304 -1.273 -1.245 
-1.223 -1.207 -1.193 -1.182 -1.169 -1.153 -1.133 -1.106 -1.072 -1.030 
-0.978 -0.917 -0.844 -0.758 -0.656 -0.533 -0.383 -0.195 0.049 0.340 
0.511 0.595 0.513 0.416 0.293 0.001 -0.239 -0.417 -0.557 -0.669 
-0.763 -0.843 -0.910 -0.968 -1.018 -1.060 -1.096 -1.126 -1.151 -1.172 
-1.188 -1.200 -1.209 -1.214 -1.216 -1.215 -1.212 -1.206 -1.199 -1.191 
-1.216 
-1.400 -1.407 -1.400 -1.395 -1.391 -1.390 -1.392 -1.398 -1.407 -1.419 
-1.435 -1.454 -1.476 -1.499 -1.523 -1.548 -1.573 -1.598 -1.622 -1.644 
-1.665 -1.685 -1.702 -1.718 -1.731 -1.742 -1.750 -1.756 -1.760 -1.762 
-1.761 -1.758 -1.752 -1.744 -1.734 -1.721 -1.706 -1.689 -1.669 -1.647 
-1.622 -1.594 -1.564 -1.530 -1.492 -1.450 -1.404 -1.353 -1.295 -1.231 
-1.158 -1.075 -0.979 -0.867 -0.734 -0.570 -0.361 -0.079 0.275 0.531 
0.478 0.293 0.085 -0.039 -0.086 -0.221 -0.420 -0.602 -0.751 -0.872 
-0.972 -1.055 -1.126 -1.187 -1.238 -1.282 -1.319 -1.350 -1.376 -1.397 
-1.414 -1.426 -1.435 -1.441 -1.443 -1.443 -1.440 -1.436 -1.429 -1.422 
-1.403 
-1.671 -1.690 -1.700 -1.708 -1.715 -1.721 -1.726 -1.731 -1.734 -1.737 
-1.740 -1.741 -1.740 -1.739 -1.735 -1.730 -1.722 -1.712 -1.701 -1.687 
-1.672 -1.656 -1.638 -1.621 -1.603 -1.586 -1.570 -1.555 -1.542 -1.528 
-1.516 -1.503 -1.490 -1.476 -1.462 -1.446 -1.429 -1.410 -1.391 -1.370 
-1.348 -1.325 -1.301 -1.274 -1.247 -1.217 -1.185 -1.151 -1.113 -1.072 
-1.027 -0.976 -0.920 -0.855 -0.781 -0.693 -0.585 -0.442 -0.235 0.026 
0.034 0.085 0.299 0.586 0.527 0.388 0.173 -0.061 -0.270 -0.447 
-0.598 -0.728 -0.841 -0.941 -1.031 -1.110 -1.182 -1.247 -1.306 -1.359 
-1.407 -1.450 -1.489 -1.524 -1.556 -1.584 -1.608 -1.630 -1.649 -1.665 
-1.665 
-1.771 -1.778 -1.782 -1.783 -1.781 -1.777 -1.770 -1.760 -1.748 -1.733 
-1.716 -1.696 -1.673 -1.648 -1.621 -1.592 -1.560 -1.528 -1.493 -1.459 
-1.424 -1.390 -1.359 -1.329 -1.304 -1.284 -1.269 -1.259 -1.255 -1.256 
-1.261 -1.270 -1.280 -1.291 -1.303 -1.313 -1.322 -1.328 -1.332 -1.332 
-1.330 -1.324 -1.314 -1.301 -1.284 -1.262 -1.236 -1.205 -1.170 -1.128 
-1.080 -1.025 -0.962 -0.888 -0.802 -0.700 -0.578 -0.428 -0.241 -0.020 
0.166 0.300 0.627 0.901 0.680 0.280 -0.066 -0.320 -0.519 -0.681 
-0.817 -0.934 -1.036 -1.126 -1.206 -1.277 -1.342 -1.400 -1.452 -1.500 
-1.542 -1.581 -1.615 -1.646 -1.674 -1.698 -1.719 -1.736 -1.751 -1.763 
-1.769 
-1.823 -1.831 -1.846 -1.859 -1.870 -1.879 -1.886 -1.891 -1.894 -1.894 
-1.893 -1.890 -1.885 -1.877 -1.868 -1.856 -1.842 -1.827 -1.810 -1.791 
-1.771 -1.750 -1.728 -1.706 -1.685 -1.665 -1.646 -1.629 -1.612 -1.596 
-1.580 -1.563 -1.544 -1.524 -1.501 -1.475 -1.447 -1.415 -1.379 -1.340 
-1.298 -1.252 -1.203 -1.151 -1.097 -1.040 -0.983 -0.925 -0.866 -0.806 
-0.742 -0.673 -0.594 -0.503 -0.396 -0.268 -0.111 0.082 0.313 0.540 
0.655 0.574 0.421 0.458 0.186 0.000 -0.112 -0.282 -0.468 -0.631 
-0.767 -0.883 -0.984 -1.073 -1.153 -1.225 -1.291 -1.351 -1.407 -1.458 
-1.505 -1.549 -1.589 -1.626 -1.660 -1.692 -1.721 -1.748 -1.772 -1.794 
-1.816 
-1.815 -1.869 -1.886 -1.900 -1.913 -1.924 -1.933 -1.942 -1.949 -1.955 
-1.960 -1.964 -1.967 -1.968 -1.969 -1.969 -1.967 -1.964 -1.959 -1.953 
-1.945 -1.935 -1.923 -1.908 -1.892 -1.873 -1.851 -1.826 -1.799 -1.768 
-1.735 -1.698 -1.657 -1.613 -1.565 -1.514 -1.458 -1.398 -1.334 -1.267 
-1.195 -1.121 -1.044 -0.967 -0.892 -0.820 -0.755 -0.698 -0.651 -0.614 
-0.585 -0.561 -0.537 -0.509 -0.471 -0.418 -0.342 -0.232 -0.076 0.118 
0.237 0.168 0.093 0.130 0.246 0.354 0.352 0.206 -0.019 -0.249 
-0.453 -0.627 -0.777 -0.908 -1.022 -1.123 -1.214 -1.295 -1.368 -1.434 
-1.494 -1.548 -1.597 -1.641 -1.681 -1.717 -1.750 -1.780 -1.806 -1.829 
-1.809 
-1.559 -1.533 -1.538 -1.542 -1.546 -1.549 -1.553 -1.556 -1.560 -1.565 
-1.569 -1.575 -1.580 -1.587 -1.593 -1.600 -1.607 -1.615 -1.622 -1.629 
-1.636 -1.642 -1.647 -1.651 -1.654 -1.656 -1.656 -1.655 -1.652 -1.647 
-1.639 -1.629 -1.617 -1.602 -1.583 -1.562 -1.537 -1.508 -1.475 -1.438 
-1.396 -1.350 -1.299 -1.244 -1.185 -1.123 -1.058 -0.991 -0.922 -0.850 
-0.774 -0.693 -0.609 -0.521 -0.430 -0.327 -0.199 -0.030 0.183 0.383 
0.456 0.342 0.156 0.016 -0.030 -0.003 0.005 -0.067 -0.205 -0.382 
-0.557 -0.710 -0.839 -0.946 -1.037 -1.113 -1.179 -1.234 -1.283 -1.324 
-1.360 -1.391 -1.418 -1.441 -1.460 -1.477 -1.491 -1.503 -1.513 -1.521 
-1.558 
-1.798 -1.841 -1.865 -1.886 -1.905 -1.921 -1.937 -1.950 -1.962 -1.973 
-1.982 -1.991 -1.998 -2.004 -2.009 -2.014 -2.016 -2.018 -2.018 -2.017 
-2.014 -2.010 -2.003 -1.995 -1.984 -1.971 -1.956 -1.938 -1.917 -1.894 
-1.868 -1.838 -1.805 -1.769 -1.729 -1.685 -1.637 -1.584 -1.527 -1.465 
-1.397 -1.324 -1.244 -1.158 -1.064 -0.962 -0.852 -0.735 -0.612 -0.487 
-0.370 -0.268 -0.184 -0.118 -0.071 -0.040 -0.019 0.002 0.042 0.111 
0.157 0.133 0.132 0.181 0.268 0.377 0.478 0.498 0.389 0.203 
-0.010 -0.216 -0.403 -0.570 -0.717 -0.849 -0.967 -1.073 -1.168 -1.255 
-1.334 -1.405 -1.470 -1.529 -1.583 -1.632 -1.676 -1.716 -1.753 -1.785 
-1.788 
-2.006 -2.044 -2.074 -2.102 -2.126 -2.148 -2.167 -2.184 -2.199 -2.211 
-2.220 -2.228 -2.233 -2.235 -2.236 -2.234 -2.230 -2.224 -2.215 -2.204 
-2.190 -2.175 -2.156 -2.136 -2.112 -2.086 -2.057 -2.026 -1.991 -1.953 
-1.913 -1.868 -1.820 -1.769 -1.713 -1.653 -1.588 -1.519 -1.444 -1.364 
-1.278 -1.186 -1.088 -0.983 -0.872 -0.754 -0.628 -0.497 -0.364 -0.240 
-0.142 -0.084 -0.069 -0.085 -0.115 -0.147 -0.174 -0.190 -0.194 -0.182 
-0.151 -0.099 -0.021 0.088 0.234 0.408 0.557 0.577 0.414 0.155 
-0.106 -0.334 -0.530 -0.699 -0.848 -0.981 -1.099 -1.206 -1.304 -1.393 
-1.474 -1.550 -1.619 -1.682 -1.741 -1.796 -1.846 -1.893 -1.936 -1.975 
-1.995 
-1.959 -1.985 -2.010 -2.033 -2.054 -2.072 -2.087 -2.100 -2.111 -2.119 
-2.125 -2.129 -2.130 -2.129 -2.126 -2.121 -2.113 -2.103 -2.091 -2.076 
-2.059 -2.040 -2.017 -1.993 -1.966 -1.936 -1.903 -1.867 -1.829 -1.787 
-1.741 -1.693 -1.641 -1.584 -1.524 -1.460 -1.392 -1.319 -1.242 -1.161 
-1.076 -0.989 -0.901 -0.814 -0.731 -0.656 -0.590 -0.536 -0.490 -0.451 
-0.420 -0.403 -0.403 -0.412 -0.420 -0.422 -0.413 -0.392 -0.357 -0.308 
-0.244 -0.163 -0.067 0.040 0.148 0.244 0.306 0.270 0.102 -0.112 
-0.317 -0.500 -0.662 -0.806 -0.933 -1.048 -1.151 -1.246 -1.332 -1.410 
-1.483 -1.549 -1.611 -1.667 -1.719 -1.768 -1.812 -1.853 -1.891 -1.925 
-1.949 
-1.894 -1.907 -1.934 -1.958 -1.980 -1.999 -2.016 -2.031 -2.043 -2.054 
-2.062 -2.068 -2.072 -2.074 -2.073 -2.071 -2.066 -2.060 -2.051 -2.040 
-2.027 -2.012 -1.995 -1.975 -1.954 -1.930 -1.903 -1.874 -1.843 -1.809 
-1.772 -1.733 -1.691 -1.646 -1.598 -1.547 -1.493 -1.436 -1.375 -1.311 
-1.244 -1.173 -1.100 -1.025 -0.948 -0.872 -0.797 -0.724 -0.654 -0.589 
-0.535 -0.492 -0.457 -0.423 -0.386 -0.343 -0.293 -0.236 -0.170 -0.093 
-0.007 0.088 0.182 0.256 0.286 0.255 0.172 0.050 -0.090 -0.226 
-0.360 -0.497 -0.634 -0.762 -0.881 -0.989 -1.087 -1.177 -1.260 -1.336 
-1.407 -1.472 -1.532 -1.588 -1.639 -1.687 -1.732 -1.773 -1.811 -1.846 
-1.883 
-1.984 -2.019 -2.052 -2.081 -2.108 -2.133 -2.154 -2.173 -2.190 -2.204 
-2.216 -2.225 -2.232 -2.237 -2.239 -2.239 -2.237 -2.233 -2.226 -2.217 
-2.206 -2.193 -2.177 -2.158 -2.138 -2.114 -2.088 -2.059 -2.028 -1.993 
-1.956 -1.915 -1.871 -1.824 -1.772 -1.717 -1.657 -1.593 -1.524 -1.449 
-1.368 -1.281 -1.186 -1.084 -0.974 -0.856 -0.732 -0.607 -0.489 -0.390 
-0.324 -0.297 -0.303 -0.331 -0.368 -0.402 -0.428 -0.442 -0.442 -0.426 
-0.395 -0.348 -0.289 -0.230 -0.189 -0.172 -0.162 -0.138 -0.109 -0.107 
-0.160 -0.269 -0.413 -0.569 -0.721 -0.862 -0.991 -1.108 -1.215 -1.313 
-1.402 -1.484 -1.559 -1.628 -1.692 -1.750 -1.805 -1.855 -1.901 -1.944 
-1.972 
-2.039 -2.072 -2.105 -2.134 -2.161 -2.185 -2.206 -2.225 -2.242 -2.256 
-2.267 -2.276 -2.283 -2.288 -2.290 -2.290 -2.288 -2.284 -2.277 -2.268 
-2.256 -2.242 -2.226 -2.208 -2.187 -2.163 -2.137 -2.108 -2.077 -2.042 
-2.005 -1.964 -1.921 -1.874 -1.824 -1.771 -1.713 -1.652 -1.587 -1.518 
-1.445 -1.366 -1.283 -1.194 -1.098 -0.995 -0.885 -0.770 -0.652 -0.540 
-0.444 -0.374 -0.335 -0.327 -0.343 -0.374 -0.409 -0.440 -0.463 -0.476 
-0.478 -0.467 -0.446 -0.414 -0.375 -0.331 -0.290 -0.259 -0.249 -0.273 
-0.341 -0.447 -0.575 -0.710 -0.842 -0.967 -1.084 -1.192 -1.292 -1.384 
-1.469 -1.548 -1.620 -1.688 -1.750 -1.807 -1.861 -1.910 -1.956 -1.998 
-2.027 
-2.043 -2.057 -2.081 -2.102 -2.121 -2.137 -2.151 -2.163 -2.172 -2.179 
-2.184 -2.187 -2.187 -2.186 -2.182 -2.175 -2.167 -2.156 -2.144 -2.129 
-2.111 -2.092 -2.070 -2.045 -2.019 -1.990 -1.958 -1.924 -1.887 -1.848 
-1.806 -1.762 -1.715 -1.666 -1.614 -1.560 -1.504 -1.446 -1.388 -1.328 
-1.269 -1.211 -1.154 -1.099 -1.048 -1.000 -0.955 -0.912 -0.869 -0.827 
-0.786 -0.749 -0.721 -0.705 -0.698 -0.694 -0.685 -0.671 -0.648 -0.616 
-0.576 -0.529 -0.478 -0.428 -0.388 -0.367 -0.373 -0.408 -0.470 -0.553 
-0.653 -0.762 -0.875 -0.986 -1.091 -1.189 -1.281 -1.366 -1.444 -1.517 
-1.584 -1.646 -1.704 -1.757 -1.807 -1.852 -1.894 -1.933 -1.968 -2.000 
-2.034 
-2.174 -2.201 -2.224 -2.245 -2.264 -2.280 -2.294 -2.306 -2.315 -2.322 
-2.327 -2.330 -2.330 -2.329 -2.325 -2.319 -2.311 -2.301 -2.288 -2.274 
-2.257 -2.238 -2.216 -2.192 -2.166 -2.137 -2.106 -2.072 -2.035 -1.996 
-1.954 -1.910 -1.862 -1.812 -1.759 -1.703 -1.644 -1.583 -1.520 -1.454 
-1.388 -1.320 -1.254 -1.188 -1.125 -1.066 -1.012 -0.964 -0.923 -0.887 
-0.856 -0.829 -0.804 -0.780 -0.756 -0.729 -0.700 -0.666 -0.626 -0.580 
-0.527 -0.471 -0.414 -0.366 -0.340 -0.348 -0.396 -0.481 -0.590 -0.711 
-0.835 -0.955 -1.069 -1.177 -1.277 -1.370 -1.456 -1.536 -1.610 -1.679 
-1.744 -1.803 -1.858 -1.910 -1.957 -2.001 -2.042 -2.080 -2.114 -2.146 
-2.165 
-2.297 -2.325 -2.353 -2.379 -2.402 -2.422 -2.441 -2.457 -2.471 -2.482 
-2.491 -2.499 -2.504 -2.507 -2.507 -2.506 -2.503 -2.497 -2.489 -2.480 
-2.468 -2.453 -2.437 -2.418 -2.397 -2.374 -2.348 -2.320 -2.289 -2.256 
-2.220 -2.182 -2.140 -2.096 -2.048 -1.998 -1.944 -1.887 -1.827 -1.764 
-1.697 -1.628 -1.556 -1.481 -1.405 -1.327 -1.248 -1.170 -1.093 -1.019 
-0.949 -0.886 -0.829 -0.780 -0.738 -0.701 -0.669 -0.639 -0.610 -0.581 
-0.552 -0.523 -0.498 -0.480 -0.475 -0.491 -0.529 -0.584 -0.654 -0.742 
-0.849 -0.967 -1.087 -1.201 -1.309 -1.409 -1.502 -1.588 -1.669 -1.744 
-1.814 -1.879 -1.939 -1.996 -2.048 -2.098 -2.143 -2.185 -2.225 -2.261 
-2.287 
-2.368 -2.399 -2.431 -2.460 -2.487 -2.511 -2.532 -2.551 -2.567 -2.581 
-2.592 -2.601 -2.608 -2.613 -2.616 -2.616 -2.614 -2.610 -2.603 -2.594 
-2.583 -2.570 -2.555 -2.537 -2.516 -2.493 -2.468 -2.440 -2.409 -2.375 
-2.339 -2.299 -2.257 -2.211 -2.161 -2.108 -2.052 -1.991 -1.926 -1.857 
-1.783 -1.705 -1.622 -1.535 -1.444 -1.350 -1.255 -1.161 -1.073 -0.993 
-0.927 -0.878 -0.846 -0.830 -0.825 -0.826 -0.828 -0.827 -0.822 -0.811 
-0.792 -0.766 -0.732 -0.689 -0.640 -0.585 -0.529 -0.484 -0.470 -0.506 
-0.599 -0.731 -0.880 -1.029 -1.170 -1.300 -1.420 -1.529 -1.629 -1.721 
-1.805 -1.883 -1.954 -2.021 -2.082 -2.139 -2.191 -2.240 -2.285 -2.326 
-2.355 
-2.392 -2.416 -2.446 -2.472 -2.496 -2.518 -2.536 -2.553 -2.567 -2.578 
-2.588 -2.595 -2.600 -2.602 -2.602 -2.601 -2.596 -2.590 -2.581 -2.570 
-2.557 -2.541 -2.523 -2.503 -2.480 -2.455 -2.427 -2.396 -2.362 -2.326 
-2.286 -2.244 -2.198 -2.149 -2.096 -2.040 -1.980 -1.916 -1.848 -1.776 
-1.701 -1.621 -1.538 -1.453 -1.367 -1.283 -1.201 -1.126 -1.060 -1.006 
-0.965 -0.938 -0.922 -0.916 -0.915 -0.917 -0.918 -0.915 -0.906 -0.890 
-0.865 -0.832 -0.790 -0.740 -0.688 -0.637 -0.599 -0.585 -0.608 -0.675 
-0.781 -0.908 -1.042 -1.173 -1.296 -1.410 -1.517 -1.615 -1.705 -1.789 
-1.866 -1.938 -2.004 -2.065 -2.122 -2.175 -2.224 -2.269 -2.310 -2.349 
-2.381 
-2.432 -2.462 -2.493 -2.522 -2.548 -2.571 -2.592 -2.610 -2.625 -2.639 
-2.650 -2.659 -2.665 -2.669 -2.672 -2.671 -2.669 -2.664 -2.658 -2.649 
-2.637 -2.624 -2.608 -2.590 -2.569 -2.546 -2.520 -2.492 -2.462 -2.428 
-2.392 -2.353 -2.311 -2.265 -2.217 -2.165 -2.110 -2.051 -1.988 -1.922 
-1.852 -1.778 -1.701 -1.620 -1.536 -1.450 -1.363 -1.276 -1.193 -1.115 
-1.046 -0.989 -0.945 -0.914 -0.896 -0.886 -0.879 -0.873 -0.862 -0.845 
-0.818 -0.781 -0.733 -0.674 -0.608 -0.543 -0.494 -0.476 -0.503 -0.581 
-0.701 -0.844 -0.992 -1.136 -1.271 -1.395 -1.510 -1.615 -1.711 -1.800 
-1.882 -1.957 -2.027 -2.092 -2.152 -2.207 -2.259 -2.306 -2.350 -2.391 
-2.420 
-2.463 -2.482 -2.510 -2.534 -2.556 -2.576 -2.593 -2.608 -2.620 -2.630 
-2.638 -2.644 -2.647 -2.648 -2.647 -2.644 -2.639 -2.632 -2.622 -2.610 
-2.596 -2.580 -2.562 -2.541 -2.518 -2.493 -2.465 -2.435 -2.402 -2.367 
-2.330 -2.289 -2.246 -2.201 -2.153 -2.102 -2.048 -1.992 -1.934 -1.873 
-1.811 -1.747 -1.681 -1.615 -1.549 -1.482 -1.417 -1.352 -1.290 -1.233 
-1.185 -1.148 -1.122 -1.102 -1.085 -1.068 -1.046 -1.018 -0.983 -0.938 
-0.882 -0.814 -0.737 -0.655 -0.579 -0.529 -0.525 -0.573 -0.665 -0.785 
-0.918 -1.051 -1.179 -1.300 -1.416 -1.524 -1.625 -1.719 -1.806 -1.886 
-1.960 -2.029 -2.092 -2.151 -2.205 -2.255 -2.301 -2.344 -2.383 -2.419 
-2.453 
-2.531 -2.579 -2.615 -2.648 -2.678 -2.705 -2.729 -2.751 -2.770 -2.786 
-2.800 -2.812 -2.821 -2.828 -2.833 -2.835 -2.835 -2.832 -2.827 -2.820 
-2.811 -2.799 -2.785 -2.768 -2.749 -2.727 -2.703 -2.676 -2.646 -2.614 
-2.578 -2.540 -2.498 -2.453 -2.404 -2.352 -2.295 -2.235 -2.170 -2.101 
-2.026 -1.946 -1.861 -1.769 -1.670 -1.565 -1.455 -1.344 -1.238 -1.148 
-1.084 -1.055 -1.055 -1.076 -1.108 -1.144 -1.178 -1.208 -1.229 -1.238 
-1.235 -1.219 -1.188 -1.146 -1.099 -1.061 -1.047 -1.060 -1.083 -1.105 
-1.126 -1.158 -1.208 -1.279 -1.366 -1.462 -1.561 -1.659 -1.755 -1.846 
-1.933 -2.014 -2.090 -2.161 -2.228 -2.290 -2.348 -2.401 -2.451 -2.497 
-2.519 
-2.464 -2.486 -2.527 -2.566 -2.601 -2.634 -2.664 -2.692 -2.716 -2.739 
-2.758 -2.776 -2.791 -2.803 -2.814 -2.822 -2.827 -2.831 -2.832 -2.831 
-2.827 -2.822 -2.814 -2.803 -2.791 -2.776 -2.758 -2.738 -2.715 -2.689 
-2.661 -2.630 -2.596 -2.558 -2.518 -2.473 -2.425 -2.373 -2.317 -2.256 
-2.190 -2.118 -2.041 -1.957 -1.867 -1.769 -1.665 -1.555 -1.442 -1.332 
-1.231 -1.147 -1.084 -1.044 -1.028 -1.038 -1.069 -1.114 -1.163 -1.211 
-1.254 -1.290 -1.318 -1.339 -1.351 -1.357 -1.357 -1.352 -1.344 -1.336 
-1.333 -1.338 -1.356 -1.386 -1.428 -1.479 -1.539 -1.605 -1.675 -1.749 
-1.823 -1.897 -1.969 -2.039 -2.106 -2.170 -2.231 -2.289 -2.343 -2.394 
-2.446 
-2.567 -2.603 -2.641 -2.677 -2.709 -2.739 -2.765 -2.789 -2.811 -2.830 
-2.846 -2.861 -2.872 -2.882 -2.889 -2.893 -2.896 -2.896 -2.894 -2.890 
-2.883 -2.874 -2.863 -2.849 -2.833 -2.814 -2.793 -2.769 -2.743 -2.714 
-2.682 -2.647 -2.609 -2.568 -2.523 -2.475 -2.423 -2.366 -2.306 -2.240 
-2.170 -2.093 -2.010 -1.921 -1.824 -1.719 -1.606 -1.487 -1.367 -1.251 
-1.155 -1.090 -1.064 -1.073 -1.106 -1.152 -1.201 -1.246 -1.285 -1.314 
-1.334 -1.347 -1.355 -1.362 -1.371 -1.380 -1.388 -1.394 -1.395 -1.396 
-1.397 -1.406 -1.424 -1.457 -1.503 -1.563 -1.633 -1.709 -1.789 -1.870 
-1.950 -2.027 -2.101 -2.172 -2.239 -2.302 -2.361 -2.417 -2.469 -2.517 
-2.553 
-2.742 -2.771 -2.798 -2.822 -2.843 -2.863 -2.880 -2.894 -2.907 -2.917 
-2.926 -2.932 -2.936 -2.938 -2.938 -2.936 -2.932 -2.927 -2.919 -2.909 
-2.897 -2.883 -2.867 -2.848 -2.828 -2.806 -2.781 -2.755 -2.726 -2.695 
-2.662 -2.626 -2.588 -2.548 -2.505 -2.460 -2.412 -2.361 -2.309 -2.253 
-2.195 -2.134 -2.069 -2.002 -1.930 -1.855 -1.774 -1.689 -1.599 -1.508 
-1.425 -1.362 -1.325 -1.312 -1.309 -1.305 -1.292 -1.271 -1.243 -1.209 
-1.175 -1.146 -1.127 -1.126 -1.147 -1.190 -1.251 -1.326 -1.405 -1.485 
-1.563 -1.637 -1.710 -1.781 -1.854 -1.928 -2.003 -2.077 -2.148 -2.217 
-2.282 -2.344 -2.402 -2.456 -2.507 -2.554 -2.597 -2.638 -2.676 -2.710 
-2.734 
-2.849 -2.889 -2.917 -2.943 -2.967 -2.988 -3.007 -3.023 -3.037 -3.049 
-3.059 -3.067 -3.073 -3.077 -3.078 -3.077 -3.075 -3.070 -3.063 -3.053 
-3.042 -3.028 -3.013 -2.995 -2.974 -2.951 -2.926 -2.898 -2.868 -2.835 
-2.799 -2.760 -2.719 -2.673 -2.625 -2.573 -2.517 -2.458 -2.393 -2.324 
-2.250 -2.170 -2.084 -1.992 -1.891 -1.783 -1.666 -1.543 -1.415 -1.292 
-1.185 -1.112 -1.082 -1.094 -1.134 -1.186 -1.238 -1.284 -1.320 -1.347 
-1.366 -1.379 -1.392 -1.408 -1.431 -1.464 -1.505 -1.553 -1.608 -1.667 
-1.730 -1.797 -1.866 -1.936 -2.007 -2.077 -2.146 -2.214 -2.279 -2.343 
-2.403 -2.461 -2.517 -2.569 -2.619 -2.666 -2.710 -2.751 -2.790 -2.825 
-2.839 
-2.742 -2.770 -2.804 -2.835 -2.864 -2.890 -2.913 -2.935 -2.954 -2.970 
-2.985 -2.997 -3.007 -3.015 -3.020 -3.024 -3.025 -3.024 -3.021 -3.016 
-3.008 -2.999 -2.987 -2.972 -2.956 -2.937 -2.915 -2.892 -2.865 -2.836 
-2.804 -2.770 -2.732 -2.692 -2.648 -2.601 -2.551 -2.497 -2.440 -2.378 
-2.313 -2.245 -2.172 -2.096 -2.016 -1.934 -1.849 -1.764 -1.680 -1.600 
-1.530 -1.480 -1.458 -1.464 -1.489 -1.523 -1.559 -1.595 -1.627 -1.654 
-1.678 -1.697 -1.712 -1.724 -1.733 -1.741 -1.748 -1.754 -1.761 -1.769 
-1.779 -1.791 -1.808 -1.831 -1.864 -1.908 -1.961 -2.021 -2.085 -2.151 
-2.216 -2.280 -2.341 -2.400 -2.456 -2.510 -2.560 -2.608 -2.653 -2.694 
-2.730 
-2.658 -2.692 -2.733 -2.772 -2.807 -2.839 -2.868 -2.895 -2.919 -2.941 
-2.960 -2.977 -2.991 -3.003 -3.012 -3.020 -3.025 -3.028 -3.028 -3.026 
-3.022 -3.016 -3.008 -2.997 -2.984 -2.968 -2.950 -2.929 -2.906 -2.880 
-2.852 -2.820 -2.786 -2.748 -2.708 -2.663 -2.616 -2.564 -2.509 -2.449 
-2.385 -2.316 -2.242 -2.163 -2.079 -1.991 -1.899 -1.804 -1.710 -1.622 
-1.546 -1.488 -1.453 -1.442 -1.451 -1.471 -1.496 -1.520 -1.542 -1.561 
-1.578 -1.592 -1.605 -1.614 -1.621 -1.622 -1.618 -1.609 -1.595 -1.576 
-1.555 -1.536 -1.525 -1.526 -1.545 -1.586 -1.645 -1.720 -1.803 -1.891 
-1.979 -2.065 -2.147 -2.225 -2.299 -2.367 -2.431 -2.491 -2.547 -2.599 
-2.641 
-2.649 -2.670 -2.703 -2.735 -2.764 -2.791 -2.816 -2.839 -2.860 -2.879 
-2.896 -2.911 -2.924 -2.935 -2.944 -2.952 -2.957 -2.960 -2.962 -2.962 
-2.959 -2.955 -2.949 -2.941 -2.931 -2.919 -2.905 -2.889 -2.871 -2.850 
-2.828 -2.803 -2.776 -2.746 -2.714 -2.680 -2.643 -2.603 -2.560 -2.514 
-2.465 -2.413 -2.357 -2.298 -2.235 -2.168 -2.098 -2.024 -1.948 -1.871 
-1.795 -1.725 -1.660 -1.602 -1.548 -1.497 -1.451 -1.410 -1.377 -1.355 
-1.346 -1.349 -1.362 -1.384 -1.413 -1.446 -1.482 -1.520 -1.557 -1.595 
-1.632 -1.668 -1.705 -1.745 -1.789 -1.840 -1.897 -1.958 -2.021 -2.084 
-2.146 -2.206 -2.263 -2.318 -2.371 -2.421 -2.468 -2.513 -2.556 -2.596 
-2.636 
-2.754 -2.792 -2.820 -2.846 -2.870 -2.892 -2.912 -2.930 -2.947 -2.961 
-2.973 -2.983 -2.992 -2.998 -3.003 -3.006 -3.007 -3.006 -3.003 -2.998 
-2.991 -2.983 -2.972 -2.960 -2.946 -2.929 -2.911 -2.890 -2.867 -2.843 
-2.815 -2.786 -2.754 -2.720 -2.684 -2.645 -2.603 -2.558 -2.511 -2.461 
-2.408 -2.351 -2.292 -2.229 -2.163 -2.094 -2.021 -1.947 -1.872 -1.799 
-1.732 -1.676 -1.630 -1.594 -1.564 -1.541 -1.525 -1.518 -1.518 -1.527 
-1.543 -1.566 -1.594 -1.627 -1.664 -1.703 -1.743 -1.786 -1.829 -1.872 
-1.916 -1.960 -2.003 -2.046 -2.089 -2.132 -2.174 -2.217 -2.261 -2.306 
-2.352 -2.399 -2.445 -2.490 -2.535 -2.577 -2.618 -2.657 -2.694 -2.729 
-2.746 
-2.761 -2.792 -2.835 -2.874 -2.910 -2.943 -2.974 -3.002 -3.027 -3.050 
-3.070 -3.088 -3.103 -3.116 -3.126 -3.134 -3.139 -3.143 -3.144 -3.142 
-3.139 -3.133 -3.124 -3.114 -3.100 -3.085 -3.066 -3.046 -3.022 -2.996 
-2.966 -2.934 -2.899 -2.860 -2.818 -2.773 -2.723 -2.669 -2.611 -2.547 
-2.479 -2.405 -2.325 -2.238 -2.146 -2.047 -1.944 -1.840 -1.741 -1.657 
-1.597 -1.572 -1.581 -1.616 -1.664 -1.717 -1.768 -1.816 -1.860 -1.900 
-1.936 -1.968 -1.998 -2.023 -2.044 -2.062 -2.075 -2.085 -2.090 -2.092 
-2.090 -2.086 -2.081 -2.076 -2.073 -2.075 -2.083 -2.099 -2.125 -2.159 
-2.202 -2.252 -2.307 -2.364 -2.423 -2.482 -2.539 -2.595 -2.649 -2.699 
-2.743 
-2.717 -2.771 -2.814 -2.853 -2.890 -2.924 -2.956 -2.985 -3.011 -3.035 
-3.056 -3.075 -3.091 -3.104 -3.116 -3.124 -3.131 -3.135 -3.136 -3.135 
-3.132 -3.126 -3.118 -3.107 -3.094 -3.078 -3.059 -3.038 -3.013 -2.986 
-2.956 -2.922 -2.886 -2.845 -2.801 -2.753 -2.701 -2.645 -2.583 -2.517 
-2.446 -2.369 -2.287 -2.201 -2.110 -2.018 -1.927 -1.842 -1.771 -1.717 
-1.687 -1.679 -1.685 -1.693 -1.687 -1.667 -1.664 -1.706 -1.783 -1.862 
-1.931 -1.986 -2.029 -2.061 -2.085 -2.101 -2.111 -2.116 -2.116 -2.113 
-2.108 -2.102 -2.097 -2.094 -2.095 -2.100 -2.112 -2.131 -2.158 -2.191 
-2.229 -2.273 -2.321 -2.371 -2.423 -2.475 -2.528 -2.580 -2.631 -2.680 
-2.705 
-2.601 -2.617 -2.667 -2.715 -2.761 -2.804 -2.845 -2.883 -2.918 -2.951 
-2.982 -3.010 -3.035 -3.057 -3.078 -3.095 -3.110 -3.123 -3.134 -3.141 
-3.147 -3.150 -3.151 -3.149 -3.145 -3.138 -3.129 -3.118 -3.103 -3.086 
-3.066 -3.044 -3.018 -2.989 -2.957 -2.922 -2.883 -2.840 -2.793 -2.741 
-2.685 -2.624 -2.557 -2.484 -2.406 -2.322 -2.233 -2.140 -2.043 -1.943 
-1.837 -1.724 -1.602 -1.472 -1.339 -1.226 -1.174 -1.206 -1.302 -1.424 
-1.544 -1.650 -1.740 -1.814 -1.875 -1.925 -1.965 -1.996 -2.019 -2.037 
-2.048 -2.056 -2.061 -2.065 -2.068 -2.071 -2.076 -2.084 -2.094 -2.109 
-2.128 -2.152 -2.182 -2.218 -2.259 -2.305 -2.354 -2.406 -2.459 -2.512 
-2.579 
-2.807 -2.874 -2.911 -2.946 -2.979 -3.009 -3.037 -3.063 -3.086 -3.108 
-3.129 -3.147 -3.164 -3.180 -3.193 -3.205 -3.215 -3.223 -3.229 -3.234 
-3.236 -3.236 -3.234 -3.229 -3.223 -3.214 -3.202 -3.188 -3.172 -3.152 
-3.130 -3.105 -3.077 -3.045 -3.010 -2.972 -2.930 -2.883 -2.832 -2.777 
-2.716 -2.649 -2.576 -2.496 -2.409 -2.313 -2.208 -2.093 -1.969 -1.839 
-1.709 -1.592 -1.504 -1.457 -1.445 -1.456 -1.489 -1.556 -1.647 -1.739 
-1.821 -1.889 -1.944 -1.989 -2.023 -2.048 -2.066 -2.077 -2.083 -2.086 
-2.086 -2.086 -2.088 -2.094 -2.106 -2.125 -2.153 -2.188 -2.230 -2.277 
-2.327 -2.380 -2.433 -2.487 -2.541 -2.594 -2.646 -2.696 -2.744 -2.790 
-2.796 
-2.804 -2.795 -2.801 -2.806 -2.813 -2.820 -2.828 -2.836 -2.846 -2.856 
-2.867 -2.878 -2.890 -2.902 -2.914 -2.925 -2.936 -2.946 -2.956 -2.964 
-2.971 -2.977 -2.981 -2.984 -2.984 -2.983 -2.980 -2.975 -2.967 -2.957 
-2.945 -2.930 -2.913 -2.892 -2.869 -2.842 -2.813 -2.779 -2.742 -2.701 
-2.655 -2.605 -2.550 -2.489 -2.423 -2.349 -2.269 -2.181 -2.084 -1.981 
-1.873 -1.765 -1.671 -1.604 -1.576 -1.592 -1.646 -1.726 -1.818 -1.909 
-1.995 -2.072 -2.140 -2.200 -2.252 -2.297 -2.335 -2.367 -2.394 -2.416 
-2.436 -2.452 -2.468 -2.484 -2.502 -2.522 -2.545 -2.570 -2.596 -2.623 
-2.649 -2.673 -2.695 -2.715 -2.731 -2.745 -2.757 -2.767 -2.776 -2.783 
-2.804 
-2.919 -2.954 -2.983 -3.010 -3.035 -3.059 -3.080 -3.100 -3.119 -3.137 
-3.153 -3.168 -3.181 -3.193 -3.204 -3.213 -3.221 -3.227 -3.231 -3.234 
-3.234 -3.233 -3.230 -3.224 -3.217 -3.207 -3.195 -3.181 -3.165 -3.146 
-3.124 -3.100 -3.073 -3.044 -3.011 -2.976 -2.937 -2.895 -2.850 -2.802 
-2.749 -2.693 -2.633 -2.569 -2.500 -2.427 -2.348 -2.263 -2.173 -2.080 
-2.000 -1.953 -1.934 -1.923 -1.921 -1.936 -1.967 -2.009 -2.054 -2.097 
-2.138 -2.175 -2.208 -2.238 -2.264 -2.286 -2.306 -2.324 -2.340 -2.354 
-2.367 -2.380 -2.394 -2.407 -2.421 -2.435 -2.451 -2.466 -2.483 -2.503 
-2.528 -2.559 -2.596 -2.639 -2.684 -2.729 -2.773 -2.814 -2.853 -2.889 
-2.908 
-2.865 -2.939 -2.994 -3.046 -3.096 -3.143 -3.187 -3.228 -3.266 -3.301 
-3.333 -3.362 -3.388 -3.411 -3.431 -3.448 -3.463 -3.475 -3.484 -3.490 
-3.494 -3.496 -3.494 -3.490 -3.484 -3.474 -3.462 -3.447 -3.429 -3.409 
-3.385 -3.358 -3.328 -3.294 -3.256 -3.214 -3.168 -3.118 -3.062 -3.001 
-2.933 -2.858 -2.774 -2.681 -2.576 -2.457 -2.322 -2.170 -2.007 -1.854 
-1.752 -1.737 -1.800 -1.893 -1.974 -2.030 -2.078 -2.135 -2.206 -2.279 
-2.346 -2.404 -2.452 -2.492 -2.523 -2.547 -2.564 -2.575 -2.580 -2.580 
-2.573 -2.561 -2.543 -2.520 -2.491 -2.457 -2.420 -2.383 -2.350 -2.328 
-2.323 -2.338 -2.374 -2.426 -2.490 -2.558 -2.627 -2.694 -2.759 -2.821 
-2.847 
-2.636 -2.645 -2.691 -2.740 -2.789 -2.837 -2.885 -2.931 -2.975 -3.017 
-3.057 -3.093 -3.127 -3.159 -3.187 -3.213 -3.236 -3.257 -3.275 -3.290 
-3.302 -3.312 -3.319 -3.324 -3.326 -3.325 -3.322 -3.316 -3.307 -3.296 
-3.281 -3.264 -3.243 -3.220 -3.193 -3.163 -3.129 -3.091 -3.049 -3.003 
-2.952 -2.896 -2.833 -2.765 -2.689 -2.604 -2.511 -2.407 -2.292 -2.173 
-2.066 -1.991 -1.932 -1.862 -1.783 -1.717 -1.692 -1.719 -1.789 -1.882 
-1.978 -2.068 -2.148 -2.216 -2.274 -2.322 -2.361 -2.391 -2.415 -2.431 
-2.442 -2.448 -2.449 -2.448 -2.445 -2.440 -2.435 -2.429 -2.424 -2.419 
-2.418 -2.420 -2.425 -2.434 -2.445 -2.460 -2.477 -2.500 -2.529 -2.563 
-2.620 
-2.832 -2.887 -2.932 -2.975 -3.017 -3.056 -3.092 -3.126 -3.158 -3.186 
-3.212 -3.236 -3.256 -3.275 -3.290 -3.303 -3.313 -3.321 -3.327 -3.330 
-3.330 -3.328 -3.324 -3.317 -3.308 -3.296 -3.281 -3.264 -3.244 -3.222 
-3.196 -3.168 -3.137 -3.102 -3.064 -3.022 -2.977 -2.928 -2.875 -2.817 
-2.755 -2.688 -2.616 -2.538 -2.456 -2.368 -2.276 -2.181 -2.085 -1.993 
-1.908 -1.834 -1.776 -1.738 -1.727 -1.744 -1.781 -1.834 -1.894 -1.952 
-2.004 -2.048 -2.082 -2.108 -2.125 -2.135 -2.138 -2.134 -2.125 -2.109 
-2.090 -2.068 -2.046 -2.031 -2.029 -2.046 -2.080 -2.128 -2.183 -2.242 
-2.303 -2.364 -2.425 -2.484 -2.540 -2.594 -2.646 -2.697 -2.746 -2.794 
-2.818 
-3.002 -3.058 -3.107 -3.153 -3.194 -3.233 -3.268 -3.300 -3.329 -3.356 
-3.379 -3.400 -3.419 -3.434 -3.448 -3.458 -3.467 -3.473 -3.476 -3.478 
-3.476 -3.473 -3.467 -3.459 -3.448 -3.434 -3.419 -3.400 -3.379 -3.355 
-3.329 -3.299 -3.267 -3.231 -3.191 -3.149 -3.102 -3.051 -2.996 -2.937 
-2.872 -2.802 -2.726 -2.643 -2.552 -2.454 -2.346 -2.228 -2.100 -1.961 
-1.814 -1.667 -1.539 -1.459 -1.443 -1.485 -1.562 -1.651 -1.736 -1.810 
-1.871 -1.919 -1.954 -1.977 -1.989 -1.990 -1.980 -1.960 -1.930 -1.890 
-1.843 -1.792 -1.745 -1.712 -1.706 -1.737 -1.802 -1.893 -1.998 -2.107 
-2.215 -2.318 -2.415 -2.507 -2.594 -2.675 -2.751 -2.821 -2.887 -2.949 
-2.986 
-2.936 -2.981 -3.034 -3.083 -3.129 -3.171 -3.210 -3.245 -3.278 -3.308 
-3.334 -3.358 -3.380 -3.398 -3.414 -3.428 -3.439 -3.447 -3.453 -3.457 
-3.458 -3.457 -3.453 -3.447 -3.438 -3.427 -3.413 -3.397 -3.377 -3.355 
-3.331 -3.303 -3.272 -3.237 -3.199 -3.158 -3.113 -3.063 -3.009 -2.950 
-2.885 -2.814 -2.737 -2.652 -2.558 -2.454 -2.339 -2.210 -2.067 -1.909 
-1.743 -1.586 -1.472 -1.433 -1.473 -1.564 -1.673 -1.778 -1.872 -1.953 
-2.021 -2.077 -2.121 -2.155 -2.179 -2.194 -2.200 -2.197 -2.187 -2.169 
-2.144 -2.114 -2.083 -2.055 -2.038 -2.038 -2.053 -2.080 -2.117 -2.163 
-2.220 -2.286 -2.358 -2.433 -2.510 -2.587 -2.661 -2.732 -2.800 -2.864 
-2.916 
-2.874 -2.919 -2.977 -3.032 -3.082 -3.129 -3.173 -3.212 -3.249 -3.283 
-3.313 -3.341 -3.366 -3.388 -3.407 -3.424 -3.439 -3.450 -3.460 -3.467 
-3.471 -3.473 -3.473 -3.470 -3.465 -3.457 -3.447 -3.434 -3.419 -3.401 
-3.381 -3.357 -3.331 -3.302 -3.270 -3.234 -3.195 -3.153 -3.106 -3.056 
-3.001 -2.941 -2.876 -2.805 -2.728 -2.645 -2.553 -2.454 -2.345 -2.227 
-2.101 -1.975 -1.866 -1.800 -1.778 -1.782 -1.805 -1.847 -1.901 -1.960 
-2.018 -2.071 -2.117 -2.155 -2.185 -2.208 -2.222 -2.230 -2.230 -2.223 
-2.211 -2.192 -2.169 -2.143 -2.115 -2.090 -2.070 -2.060 -2.064 -2.085 
-2.124 -2.179 -2.247 -2.323 -2.404 -2.486 -2.567 -2.645 -2.719 -2.790 
-2.852 
-2.908 -2.961 -3.022 -3.078 -3.131 -3.180 -3.225 -3.267 -3.305 -3.341 
-3.373 -3.402 -3.429 -3.453 -3.474 -3.492 -3.508 -3.522 -3.533 -3.541 
-3.547 -3.551 -3.552 -3.552 -3.548 -3.542 -3.534 -3.523 -3.510 -3.495 
-3.476 -3.455 -3.431 -3.405 -3.375 -3.343 -3.307 -3.267 -3.225 -3.178 
-3.127 -3.072 -3.012 -2.948 -2.877 -2.801 -2.719 -2.630 -2.533 -2.430 
-2.319 -2.204 -2.088 -1.977 -1.883 -1.819 -1.794 -1.809 -1.856 -1.920 
-1.990 -2.057 -2.117 -2.169 -2.212 -2.246 -2.272 -2.290 -2.300 -2.303 
-2.300 -2.290 -2.275 -2.255 -2.232 -2.207 -2.184 -2.166 -2.158 -2.165 
-2.189 -2.230 -2.288 -2.358 -2.435 -2.516 -2.598 -2.677 -2.754 -2.827 
-2.885 
-2.968 -3.003 -3.045 -3.084 -3.121 -3.156 -3.188 -3.218 -3.246 -3.271 
-3.294 -3.315 -3.333 -3.349 -3.364 -3.376 -3.385 -3.393 -3.399 -3.403 
-3.404 -3.404 -3.401 -3.397 -3.390 -3.381 -3.370 -3.356 -3.341 -3.323 
-3.303 -3.280 -3.255 -3.227 -3.196 -3.162 -3.126 -3.086 -3.043 -2.996 
-2.946 -2.891 -2.832 -2.768 -2.699 -2.624 -2.543 -2.456 -2.362 -2.263 
-2.158 -2.052 -1.951 -1.861 -1.795 -1.759 -1.758 -1.785 -1.831 -1.885 
-1.940 -1.992 -2.041 -2.086 -2.127 -2.164 -2.198 -2.228 -2.253 -2.275 
-2.294 -2.309 -2.323 -2.335 -2.346 -2.357 -2.370 -2.385 -2.404 -2.429 
-2.461 -2.501 -2.546 -2.597 -2.650 -2.705 -2.758 -2.811 -2.862 -2.911 
-2.953 
-3.023 -3.065 -3.095 -3.122 -3.148 -3.171 -3.193 -3.213 -3.231 -3.247 
-3.262 -3.275 -3.286 -3.296 -3.304 -3.310 -3.315 -3.318 -3.320 -3.320 
-3.319 -3.316 -3.311 -3.305 -3.297 -3.288 -3.277 -3.265 -3.250 -3.234 
-3.217 -3.197 -3.176 -3.153 -3.128 -3.101 -3.072 -3.041 -3.008 -2.972 
-2.934 -2.894 -2.851 -2.805 -2.756 -2.704 -2.648 -2.589 -2.526 -2.459 
-2.388 -2.315 -2.241 -2.170 -2.107 -2.056 -2.018 -1.990 -1.968 -1.954 
-1.947 -1.949 -1.963 -1.986 -2.018 -2.056 -2.099 -2.143 -2.188 -2.231 
-2.272 -2.310 -2.346 -2.379 -2.410 -2.441 -2.472 -2.505 -2.541 -2.580 
-2.621 -2.665 -2.710 -2.756 -2.801 -2.844 -2.886 -2.926 -2.964 -3.000 
-3.016 
-2.974 -2.995 -3.044 -3.090 -3.133 -3.173 -3.209 -3.243 -3.274 -3.303 
-3.329 -3.352 -3.373 -3.392 -3.408 -3.422 -3.434 -3.444 -3.451 -3.456 
-3.460 -3.461 -3.460 -3.457 -3.452 -3.444 -3.435 -3.423 -3.409 -3.393 
-3.375 -3.355 -3.332 -3.306 -3.279 -3.248 -3.215 -3.179 -3.140 -3.099 
-3.054 -3.006 -2.955 -2.900 -2.842 -2.781 -2.717 -2.650 -2.582 -2.512 
-2.442 -2.372 -2.305 -2.241 -2.183 -2.134 -2.096 -2.070 -2.055 -2.052 
-2.057 -2.068 -2.084 -2.101 -2.119 -2.136 -2.149 -2.159 -2.163 -2.163 
-2.157 -2.147 -2.135 -2.123 -2.117 -2.120 -2.136 -2.165 -2.204 -2.251 
-2.306 -2.366 -2.431 -2.499 -2.568 -2.636 -2.703 -2.767 -2.829 -2.888 
-2.951 
-3.095 -3.176 -3.227 -3.275 -3.319 -3.359 -3.397 -3.431 -3.462 -3.490 
-3.516 -3.538 -3.558 -3.576 -3.590 -3.603 -3.612 -3.620 -3.625 -3.627 
-3.627 -3.625 -3.621 -3.614 -3.604 -3.592 -3.578 -3.561 -3.542 -3.520 
-3.495 -3.468 -3.437 -3.404 -3.368 -3.328 -3.286 -3.240 -3.191 -3.138 
-3.082 -3.022 -2.959 -2.893 -2.825 -2.755 -2.684 -2.615 -2.548 -2.487 
-2.433 -2.387 -2.348 -2.316 -2.288 -2.265 -2.249 -2.242 -2.246 -2.259 
-2.277 -2.295 -2.310 -2.319 -2.321 -2.316 -2.302 -2.280 -2.249 -2.210 
-2.164 -2.112 -2.060 -2.017 -1.993 -1.999 -2.037 -2.103 -2.184 -2.273 
-2.363 -2.452 -2.538 -2.623 -2.705 -2.784 -2.859 -2.931 -2.998 -3.061 
-3.082 
-2.994 -3.019 -3.078 -3.134 -3.187 -3.236 -3.281 -3.323 -3.361 -3.397 
-3.429 -3.459 -3.486 -3.510 -3.531 -3.550 -3.566 -3.579 -3.591 -3.599 
-3.605 -3.609 -3.610 -3.609 -3.606 -3.600 -3.591 -3.580 -3.567 -3.551 
-3.532 -3.510 -3.486 -3.458 -3.428 -3.394 -3.357 -3.316 -3.272 -3.223 
-3.170 -3.113 -3.050 -2.983 -2.910 -2.832 -2.750 -2.667 -2.585 -2.509 
-2.440 -2.374 -2.305 -2.231 -2.155 -2.083 -2.028 -1.997 -1.995 -2.017 
-2.056 -2.102 -2.149 -2.193 -2.230 -2.259 -2.280 -2.293 -2.297 -2.292 
-2.280 -2.259 -2.232 -2.202 -2.173 -2.150 -2.139 -2.144 -2.168 -2.206 
-2.254 -2.309 -2.372 -2.441 -2.515 -2.591 -2.668 -2.744 -2.817 -2.888 
-2.967 
-3.133 -3.218 -3.277 -3.331 -3.381 -3.426 -3.468 -3.506 -3.540 -3.571 
-3.599 -3.623 -3.645 -3.663 -3.679 -3.692 -3.703 -3.710 -3.715 -3.718 
-3.718 -3.715 -3.709 -3.701 -3.690 -3.676 -3.660 -3.641 -3.618 -3.593 
-3.564 -3.533 -3.497 -3.458 -3.415 -3.368 -3.316 -3.259 -3.198 -3.130 
-3.057 -2.977 -2.890 -2.797 -2.697 -2.593 -2.488 -2.388 -2.305 -2.248 
-2.223 -2.229 -2.255 -2.289 -2.322 -2.347 -2.367 -2.387 -2.412 -2.444 
-2.478 -2.511 -2.539 -2.560 -2.573 -2.577 -2.572 -2.558 -2.533 -2.499 
-2.454 -2.397 -2.328 -2.250 -2.166 -2.087 -2.033 -2.022 -2.061 -2.139 
-2.235 -2.337 -2.440 -2.545 -2.648 -2.747 -2.841 -2.929 -3.010 -3.085 
-3.118 
-2.991 -3.068 -3.146 -3.217 -3.282 -3.341 -3.394 -3.442 -3.486 -3.525 
-3.561 -3.593 -3.621 -3.647 -3.668 -3.687 -3.703 -3.716 -3.726 -3.734 
-3.739 -3.741 -3.740 -3.736 -3.730 -3.721 -3.710 -3.695 -3.678 -3.658 
-3.635 -3.608 -3.579 -3.546 -3.509 -3.469 -3.425 -3.376 -3.323 -3.266 
-3.203 -3.136 -3.062 -2.983 -2.898 -2.809 -2.716 -2.623 -2.536 -2.461 
-2.404 -2.369 -2.354 -2.356 -2.372 -2.403 -2.450 -2.507 -2.565 -2.618 
-2.664 -2.703 -2.733 -2.756 -2.771 -2.779 -2.780 -2.773 -2.759 -2.736 
-2.705 -2.665 -2.616 -2.558 -2.491 -2.420 -2.352 -2.298 -2.259 -2.233 
-2.221 -2.234 -2.275 -2.339 -2.414 -2.494 -2.582 -2.681 -2.786 -2.887 
-2.965 
-2.841 -2.916 -3.025 -3.124 -3.213 -3.294 -3.367 -3.433 -3.493 -3.548 
-3.597 -3.642 -3.682 -3.719 -3.752 -3.781 -3.806 -3.829 -3.848 -3.864 
-3.877 -3.888 -3.895 -3.900 -3.902 -3.901 -3.897 -3.891 -3.882 -3.870 
-3.855 -3.837 -3.816 -3.792 -3.765 -3.734 -3.700 -3.662 -3.620 -3.574 
-3.524 -3.468 -3.408 -3.342 -3.270 -3.192 -3.107 -3.016 -2.919 -2.817 
-2.710 -2.600 -2.490 -2.387 -2.309 -2.275 -2.294 -2.353 -2.434 -2.519 
-2.601 -2.675 -2.739 -2.793 -2.838 -2.874 -2.901 -2.919 -2.930 -2.933 
-2.928 -2.914 -2.893 -2.863 -2.824 -2.776 -2.718 -2.652 -2.580 -2.506 
-2.440 -2.390 -2.357 -2.331 -2.308 -2.304 -2.342 -2.425 -2.541 -2.670 
-2.790 
-2.928 -3.012 -3.096 -3.173 -3.242 -3.306 -3.364 -3.417 -3.465 -3.509 
-3.549 -3.585 -3.618 -3.648 -3.674 -3.698 -3.718 -3.736 -3.751 -3.763 
-3.773 -3.780 -3.785 -3.787 -3.786 -3.784 -3.778 -3.770 -3.760 -3.747 
-3.732 -3.714 -3.693 -3.670 -3.644 -3.615 -3.583 -3.548 -3.510 -3.468 
-3.423 -3.374 -3.322 -3.265 -3.204 -3.138 -3.068 -2.992 -2.910 -2.823 
-2.729 -2.631 -2.529 -2.430 -2.343 -2.281 -2.252 -2.255 -2.284 -2.330 
-2.383 -2.436 -2.486 -2.529 -2.565 -2.593 -2.613 -2.625 -2.630 -2.627 
-2.616 -2.597 -2.571 -2.536 -2.492 -2.440 -2.378 -2.308 -2.231 -2.157 
-2.099 -2.076 -2.102 -2.172 -2.267 -2.371 -2.480 -2.594 -2.709 -2.818 
-2.899 
-3.006 -3.054 -3.109 -3.161 -3.209 -3.253 -3.294 -3.332 -3.367 -3.398 
-3.427 -3.454 -3.477 -3.498 -3.516 -3.532 -3.546 -3.557 -3.566 -3.572 
-3.576 -3.578 -3.578 -3.575 -3.570 -3.563 -3.554 -3.542 -3.528 -3.511 
-3.493 -3.471 -3.448 -3.421 -3.393 -3.361 -3.327 -3.290 -3.250 -3.207 
-3.162 -3.113 -3.060 -3.004 -2.944 -2.880 -2.811 -2.738 -2.662 -2.593 
-2.540 -2.512 -2.502 -2.497 -2.491 -2.484 -2.482 -2.487 -2.500 -2.517 
-2.535 -2.551 -2.565 -2.575 -2.581 -2.583 -2.582 -2.576 -2.566 -2.553 
-2.536 -2.515 -2.492 -2.467 -2.441 -2.414 -2.387 -2.361 -2.338 -2.320 
-2.316 -2.335 -2.383 -2.455 -2.539 -2.625 -2.709 -2.788 -2.861 -2.930 
-2.988 
-3.089 -3.152 -3.217 -3.277 -3.331 -3.382 -3.428 -3.470 -3.508 -3.543 
-3.574 -3.602 -3.627 -3.649 -3.668 -3.685 -3.698 -3.709 -3.717 -3.723 
-3.726 -3.726 -3.724 -3.719 -3.711 -3.701 -3.688 -3.672 -3.654 -3.632 
-3.608 -3.580 -3.549 -3.514 -3.476 -3.433 -3.387 -3.335 -3.279 -3.217 
-3.149 -3.074 -2.992 -2.901 -2.800 -2.690 -2.570 -2.446 -2.325 -2.226 
-2.169 -2.166 -2.208 -2.277 -2.353 -2.425 -2.490 -2.549 -2.600 -2.645 
-2.684 -2.716 -2.741 -2.760 -2.773 -2.779 -2.780 -2.774 -2.762 -2.743 
-2.718 -2.686 -2.647 -2.601 -2.547 -2.485 -2.417 -2.346 -2.280 -2.232 
-2.217 -2.246 -2.315 -2.411 -2.519 -2.628 -2.732 -2.830 -2.921 -3.004 
-3.064 
-3.064 -3.127 -3.192 -3.253 -3.310 -3.363 -3.413 -3.458 -3.501 -3.539 
-3.575 -3.607 -3.636 -3.663 -3.686 -3.707 -3.725 -3.740 -3.753 -3.763 
-3.770 -3.775 -3.778 -3.778 -3.775 -3.770 -3.762 -3.752 -3.739 -3.724 
-3.706 -3.685 -3.660 -3.633 -3.603 -3.570 -3.533 -3.492 -3.447 -3.398 
-3.345 -3.286 -3.222 -3.152 -3.076 -2.993 -2.902 -2.805 -2.705 -2.610 
-2.533 -2.478 -2.439 -2.406 -2.379 -2.365 -2.369 -2.395 -2.436 -2.485 
-2.536 -2.583 -2.626 -2.662 -2.693 -2.717 -2.734 -2.745 -2.750 -2.749 
-2.742 -2.729 -2.710 -2.686 -2.657 -2.624 -2.587 -2.549 -2.513 -2.486 
-2.476 -2.489 -2.522 -2.571 -2.630 -2.695 -2.766 -2.840 -2.914 -2.988 
-3.043 
-2.982 -3.025 -3.101 -3.172 -3.240 -3.303 -3.362 -3.417 -3.468 -3.515 
-3.558 -3.598 -3.634 -3.667 -3.697 -3.724 -3.747 -3.768 -3.786 -3.801 
-3.814 -3.824 -3.831 -3.836 -3.838 -3.838 -3.835 -3.830 -3.822 -3.811 
-3.797 -3.781 -3.762 -3.740 -3.715 -3.688 -3.656 -3.622 -3.584 -3.542 
-3.496 -3.446 -3.391 -3.331 -3.266 -3.196 -3.119 -3.036 -2.946 -2.848 
-2.744 -2.633 -2.519 -2.407 -2.308 -2.237 -2.206 -2.222 -2.274 -2.347 
-2.427 -2.504 -2.575 -2.636 -2.688 -2.732 -2.767 -2.794 -2.814 -2.826 
-2.832 -2.831 -2.824 -2.811 -2.793 -2.769 -2.741 -2.710 -2.676 -2.643 
-2.611 -2.586 -2.569 -2.566 -2.579 -2.610 -2.658 -2.720 -2.792 -2.869 
-2.938 
