IRGRID 64 91
1e+308

0.025 0.03 0.035 0.04 0.045 0.05 0.055 0.06 0.065 0.07
0.075 0.08 0.085 0.09 0.095 0.1 0.11 0.12 0.13 0.14
0.15 0.16 0.17 0.18 0.19 0.2 0.21 0.22 0.23 0.24
0.25 0.26 0.27 0.28 0.29 0.3 0.31 0.32 0.33 0.34
0.35 0.36 0.37 0.38 0.39 0.4 0.41 0.42 0.43 0.44
0.45 0.46 0.47 0.48 0.49 0.5 0.51 0.52 0.53 0.54
0.55 0.56 0.57 0.58
0 4 8 12 16 20 24 28 32 36
40 44 48 52 56 60 64 68 72 76
80 84 88 92 96 100 104 108 112 116
120 124 128 132 136 140 144 148 152 156
160 164 168 172 176 180 184 188 192 196
200 204 208 212 216 220 224 228 232 236
240 244 248 252 256 260 264 268 272 276
280 284 288 292 296 300 304 308 312 316
320 324 328 332 336 340 344 348 352 356
360
-2.972 -3.035 -3.058 -3.080 -3.102 -3.123 -3.144 -3.164 -3.183 -3.201 
-3.218 -3.233 -3.248 -3.261 -3.273 -3.283 -3.292 -3.299 -3.305 -3.309 
-3.311 -3.312 -3.311 -3.308 -3.303 -3.296 -3.287 -3.277 -3.264 -3.249 
-3.233 -3.214 -3.192 -3.169 -3.143 -3.114 -3.083 -3.050 -3.013 -2.974 
-2.931 -2.886 -2.836 -2.783 -2.726 -2.665 -2.599 -2.528 -2.451 -2.368 
-2.280 -2.187 -2.093 -2.005 -1.931 -1.884 -1.872 -1.892 -1.935 -1.989 
-2.045 -2.098 -2.146 -2.191 -2.232 -2.272 -2.309 -2.346 -2.381 -2.416 
-2.451 -2.485 -2.519 -2.552 -2.584 -2.616 -2.648 -2.678 -2.708 -2.737 
-2.765 -2.792 -2.818 -2.844 -2.869 -2.893 -2.917 -2.941 -2.965 -2.989 
-2.965 
-2.731 -2.749 -2.778 -2.805 -2.830 -2.853 -2.875 -2.895 -2.913 -2.930 
-2.944 -2.957 -2.969 -2.978 -2.986 -2.992 -2.996 -2.998 -2.999 -2.998 
-2.995 -2.990 -2.983 -2.974 -2.964 -2.951 -2.937 -2.921 -2.903 -2.882 
-2.860 -2.835 -2.809 -2.780 -2.749 -2.716 -2.680 -2.643 -2.603 -2.561 
-2.517 -2.471 -2.423 -2.374 -2.324 -2.273 -2.222 -2.171 -2.121 -2.071 
-2.022 -1.973 -1.925 -1.879 -1.836 -1.799 -1.770 -1.749 -1.733 -1.721 
-1.712 -1.705 -1.700 -1.695 -1.688 -1.679 -1.667 -1.653 -1.643 -1.646 
-1.672 -1.722 -1.791 -1.866 -1.942 -2.014 -2.081 -2.144 -2.203 -2.259 
-2.312 -2.362 -2.409 -2.455 -2.498 -2.540 -2.579 -2.617 -2.653 -2.687 
-2.720 
-2.497 -2.544 -2.571 -2.594 -2.615 -2.633 -2.648 -2.661 -2.671 -2.678 
-2.683 -2.686 -2.686 -2.683 -2.678 -2.671 -2.661 -2.648 -2.634 -2.616 
-2.597 -2.575 -2.551 -2.526 -2.498 -2.469 -2.438 -2.407 -2.375 -2.343 
-2.312 -2.282 -2.253 -2.226 -2.199 -2.174 -2.150 -2.125 -2.099 -2.071 
-2.041 -2.009 -1.974 -1.937 -1.898 -1.860 -1.822 -1.785 -1.751 -1.720 
-1.692 -1.667 -1.645 -1.624 -1.604 -1.583 -1.561 -1.535 -1.506 -1.472 
-1.432 -1.384 -1.327 -1.261 -1.186 -1.107 -1.037 -0.993 -0.983 -1.001 
-1.047 -1.120 -1.217 -1.327 -1.442 -1.554 -1.660 -1.759 -1.851 -1.935 
-2.013 -2.084 -2.150 -2.210 -2.266 -2.317 -2.364 -2.407 -2.446 -2.482 
-2.487 
-2.150 -2.158 -2.166 -2.169 -2.170 -2.167 -2.162 -2.153 -2.140 -2.125 
-2.106 -2.085 -2.061 -2.035 -2.007 -1.978 -1.949 -1.921 -1.896 -1.873 
-1.853 -1.837 -1.822 -1.808 -1.794 -1.779 -1.763 -1.744 -1.724 -1.704 
-1.684 -1.666 -1.649 -1.636 -1.626 -1.619 -1.616 -1.616 -1.618 -1.622 
-1.626 -1.629 -1.632 -1.633 -1.631 -1.627 -1.619 -1.608 -1.593 -1.573 
-1.549 -1.518 -1.479 -1.431 -1.368 -1.286 -1.171 -1.001 -0.727 -0.291 
-0.250 -0.650 -0.824 -0.840 -0.785 -0.707 -0.646 -0.635 -0.684 -0.782 
-0.903 -1.030 -1.154 -1.270 -1.377 -1.474 -1.562 -1.641 -1.712 -1.776 
-1.834 -1.885 -1.932 -1.973 -2.010 -2.043 -2.071 -2.096 -2.117 -2.134 
-2.145 
-1.915 -1.912 -1.901 -1.887 -1.870 -1.849 -1.825 -1.798 -1.768 -1.735 
-1.699 -1.661 -1.621 -1.580 -1.540 -1.500 -1.463 -1.430 -1.404 -1.385 
-1.375 -1.372 -1.377 -1.387 -1.400 -1.415 -1.429 -1.441 -1.449 -1.454 
-1.455 -1.453 -1.448 -1.443 -1.437 -1.433 -1.431 -1.430 -1.431 -1.433 
-1.434 -1.435 -1.433 -1.429 -1.420 -1.407 -1.389 -1.364 -1.332 -1.293 
-1.244 -1.184 -1.111 -1.022 -0.911 -0.770 -0.584 -0.321 0.066 0.411 
0.437 0.128 -0.138 -0.052 0.223 -0.029 -0.405 -0.655 -0.836 -0.987 
-1.120 -1.235 -1.336 -1.424 -1.501 -1.568 -1.627 -1.679 -1.724 -1.764 
-1.799 -1.828 -1.854 -1.875 -1.892 -1.905 -1.915 -1.921 -1.924 -1.923 
-1.919 
-1.572 -1.610 -1.611 -1.610 -1.607 -1.602 -1.596 -1.588 -1.580 -1.571 
-1.561 -1.551 -1.540 -1.528 -1.516 -1.502 -1.488 -1.472 -1.456 -1.439 
-1.421 -1.402 -1.381 -1.358 -1.331 -1.302 -1.269 -1.233 -1.195 -1.155 
-1.115 -1.077 -1.041 -1.010 -0.984 -0.965 -0.952 -0.945 -0.944 -0.947 
-0.953 -0.961 -0.968 -0.975 -0.979 -0.980 -0.977 -0.969 -0.957 -0.938 
-0.914 -0.882 -0.841 -0.791 -0.729 -0.652 -0.555 -0.427 -0.246 0.039 
0.217 0.530 0.829 0.731 0.898 0.723 0.353 0.001 -0.258 -0.457 
-0.618 -0.753 -0.867 -0.967 -1.054 -1.131 -1.199 -1.259 -1.313 -1.361 
-1.404 -1.441 -1.474 -1.503 -1.528 -1.549 -1.567 -1.582 -1.593 -1.601 
-1.569 
-1.210 -1.184 -1.180 -1.175 -1.169 -1.163 -1.156 -1.150 -1.146 -1.142 
-1.141 -1.143 -1.146 -1.153 -1.162 -1.173 -1.186 -1.201 -1.217 -1.233 
-1.250 -1.265 -1.280 -1.294 -1.306 -1.315 -1.322 -1.326 -1.327 -1.326 
-1.322 -1.315 -1.307 -1.298 -1.288 -1.279 -1.271 -1.262 -1.254 -1.245 
-1.235 -1.222 -1.206 -1.187 -1.164 -1.135 -1.102 -1.062 -1.016 -0.962 
-0.901 -0.829 -0.746 -0.649 -0.533 -0.393 -0.216 0.021 0.352 0.663 
0.807 1.186 1.364 0.995 0.625 0.325 0.036 -0.164 -0.310 -0.423 
-0.513 -0.586 -0.648 -0.700 -0.748 -0.793 -0.836 -0.880 -0.924 -0.966 
-1.007 -1.044 -1.077 -1.105 -1.129 -1.148 -1.163 -1.174 -1.181 -1.184 
-1.213 
-1.282 -1.328 -1.361 -1.389 -1.413 -1.434 -1.452 -1.468 -1.482 -1.494 
-1.505 -1.515 -1.525 -1.534 -1.543 -1.552 -1.561 -1.569 -1.576 -1.583 
-1.588 -1.593 -1.596 -1.598 -1.599 -1.598 -1.595 -1.591 -1.585 -1.578 
-1.569 -1.558 -1.545 -1.531 -1.514 -1.496 -1.475 -1.451 -1.425 -1.396 
-1.363 -1.327 -1.288 -1.244 -1.195 -1.142 -1.082 -1.016 -0.943 -0.860 
-0.767 -0.662 -0.541 -0.401 -0.234 -0.030 0.231 0.580 0.961 1.174 
1.030 0.911 0.984 0.623 0.345 0.152 0.017 -0.081 -0.153 -0.208 
-0.250 -0.283 -0.312 -0.339 -0.369 -0.404 -0.447 -0.498 -0.557 -0.622 
-0.692 -0.764 -0.836 -0.907 -0.975 -1.039 -1.099 -1.155 -1.205 -1.251 
-1.266 
-1.237 -1.240 -1.255 -1.267 -1.278 -1.286 -1.293 -1.298 -1.302 -1.303 
-1.304 -1.303 -1.301 -1.298 -1.294 -1.289 -1.283 -1.276 -1.268 -1.260 
-1.251 -1.242 -1.232 -1.222 -1.212 -1.201 -1.190 -1.179 -1.167 -1.155 
-1.143 -1.130 -1.116 -1.102 -1.087 -1.071 -1.054 -1.036 -1.017 -0.996 
-0.973 -0.948 -0.920 -0.891 -0.858 -0.822 -0.782 -0.739 -0.690 -0.636 
-0.576 -0.509 -0.432 -0.345 -0.244 -0.124 0.023 0.216 0.487 0.754 
0.826 1.030 1.177 1.064 0.788 0.502 0.274 0.093 -0.054 -0.176 
-0.278 -0.366 -0.443 -0.511 -0.572 -0.629 -0.684 -0.738 -0.791 -0.843 
-0.893 -0.940 -0.984 -1.025 -1.063 -1.098 -1.129 -1.156 -1.181 -1.204 
-1.233 
-1.303 -1.334 -1.358 -1.381 -1.402 -1.421 -1.438 -1.454 -1.467 -1.480 
-1.490 -1.499 -1.507 -1.512 -1.517 -1.520 -1.521 -1.521 -1.520 -1.517 
-1.514 -1.508 -1.502 -1.494 -1.485 -1.475 -1.464 -1.451 -1.437 -1.422 
-1.405 -1.387 -1.368 -1.347 -1.324 -1.300 -1.273 -1.245 -1.215 -1.182 
-1.147 -1.109 -1.069 -1.026 -0.980 -0.930 -0.876 -0.819 -0.756 -0.689 
-0.616 -0.537 -0.449 -0.353 -0.245 -0.124 0.014 0.173 0.362 0.584 
0.829 1.032 1.095 0.949 0.707 0.476 0.282 0.119 -0.020 -0.140 
-0.246 -0.341 -0.428 -0.507 -0.580 -0.648 -0.711 -0.771 -0.827 -0.881 
-0.931 -0.979 -1.024 -1.067 -1.108 -1.146 -1.182 -1.217 -1.249 -1.279 
-1.294 
-1.356 -1.367 -1.401 -1.434 -1.465 -1.494 -1.521 -1.546 -1.569 -1.591 
-1.611 -1.629 -1.645 -1.659 -1.671 -1.682 -1.691 -1.698 -1.703 -1.707 
-1.708 -1.708 -1.706 -1.702 -1.697 -1.689 -1.680 -1.669 -1.656 -1.640 
-1.623 -1.604 -1.583 -1.559 -1.533 -1.505 -1.475 -1.442 -1.406 -1.368 
-1.326 -1.282 -1.235 -1.183 -1.129 -1.070 -1.006 -0.938 -0.864 -0.784 
-0.697 -0.602 -0.497 -0.380 -0.249 -0.100 0.069 0.260 0.469 0.691 
0.906 1.035 0.992 0.812 0.605 0.432 0.303 0.218 0.168 0.119 
0.024 -0.110 -0.241 -0.354 -0.450 -0.534 -0.609 -0.678 -0.742 -0.803 
-0.861 -0.917 -0.971 -1.022 -1.072 -1.120 -1.166 -1.210 -1.252 -1.292 
-1.341 
-1.508 -1.615 -1.659 -1.701 -1.741 -1.779 -1.814 -1.848 -1.879 -1.907 
-1.934 -1.958 -1.979 -1.998 -2.016 -2.030 -2.043 -2.053 -2.062 -2.068 
-2.071 -2.073 -2.073 -2.070 -2.065 -2.058 -2.048 -2.037 -2.023 -2.006 
-1.987 -1.966 -1.942 -1.916 -1.886 -1.854 -1.819 -1.781 -1.739 -1.694 
-1.645 -1.592 -1.535 -1.473 -1.406 -1.333 -1.254 -1.168 -1.074 -0.971 
-0.858 -0.732 -0.592 -0.435 -0.258 -0.061 0.152 0.358 0.520 0.614 
0.677 0.832 1.019 0.601 0.465 0.426 0.444 0.498 0.555 0.562 
0.474 0.298 0.084 -0.125 -0.312 -0.474 -0.613 -0.733 -0.837 -0.928 
-1.009 -1.081 -1.147 -1.208 -1.265 -1.320 -1.372 -1.424 -1.473 -1.522 
-1.501 
-1.246 -1.244 -1.293 -1.340 -1.387 -1.432 -1.476 -1.517 -1.557 -1.594 
-1.629 -1.661 -1.691 -1.718 -1.742 -1.764 -1.784 -1.800 -1.815 -1.826 
-1.835 -1.842 -1.845 -1.847 -1.845 -1.842 -1.835 -1.827 -1.815 -1.802 
-1.786 -1.769 -1.749 -1.727 -1.704 -1.679 -1.653 -1.625 -1.595 -1.564 
-1.532 -1.497 -1.461 -1.422 -1.379 -1.333 -1.283 -1.228 -1.167 -1.099 
-1.022 -0.936 -0.838 -0.726 -0.597 -0.447 -0.273 -0.078 0.126 0.355 
0.758 1.267 1.518 1.116 0.560 0.278 0.123 0.048 0.022 -0.007 
-0.099 -0.243 -0.384 -0.498 -0.585 -0.651 -0.701 -0.742 -0.775 -0.803 
-0.830 -0.856 -0.883 -0.912 -0.943 -0.978 -1.017 -1.058 -1.102 -1.148 
-1.224 
-1.517 -1.602 -1.632 -1.660 -1.686 -1.708 -1.729 -1.746 -1.761 -1.772 
-1.781 -1.788 -1.792 -1.793 -1.791 -1.787 -1.781 -1.772 -1.761 -1.747 
-1.732 -1.714 -1.694 -1.672 -1.648 -1.622 -1.595 -1.566 -1.536 -1.504 
-1.472 -1.439 -1.405 -1.371 -1.338 -1.304 -1.272 -1.239 -1.208 -1.177 
-1.148 -1.118 -1.089 -1.060 -1.030 -0.999 -0.967 -0.932 -0.893 -0.851 
-0.803 -0.749 -0.688 -0.617 -0.535 -0.438 -0.324 -0.186 -0.015 0.207 
0.509 0.934 1.251 0.982 0.630 0.291 0.038 -0.159 -0.319 -0.452 
-0.567 -0.666 -0.754 -0.832 -0.902 -0.965 -1.022 -1.074 -1.122 -1.166 
-1.207 -1.247 -1.284 -1.321 -1.358 -1.394 -1.430 -1.466 -1.502 -1.537 
-1.514 
-1.496 -1.503 -1.537 -1.569 -1.599 -1.627 -1.653 -1.677 -1.698 -1.718 
-1.735 -1.751 -1.764 -1.776 -1.785 -1.792 -1.797 -1.801 -1.802 -1.801 
-1.798 -1.794 -1.787 -1.778 -1.768 -1.755 -1.740 -1.724 -1.706 -1.686 
-1.664 -1.640 -1.615 -1.588 -1.560 -1.531 -1.500 -1.467 -1.434 -1.399 
-1.362 -1.324 -1.284 -1.242 -1.197 -1.149 -1.098 -1.044 -0.985 -0.920 
-0.851 -0.774 -0.690 -0.597 -0.494 -0.377 -0.244 -0.091 0.090 0.309 
0.578 0.883 1.129 1.187 1.038 0.659 0.396 0.197 0.037 -0.097 
-0.213 -0.316 -0.409 -0.494 -0.574 -0.650 -0.721 -0.790 -0.856 -0.919 
-0.979 -1.038 -1.094 -1.148 -1.200 -1.250 -1.298 -1.343 -1.386 -1.427 
-1.480 
-1.614 -1.648 -1.672 -1.695 -1.716 -1.734 -1.750 -1.764 -1.777 -1.787 
-1.795 -1.802 -1.807 -1.809 -1.810 -1.810 -1.807 -1.803 -1.797 -1.789 
-1.780 -1.769 -1.756 -1.742 -1.726 -1.708 -1.689 -1.668 -1.646 -1.622 
-1.597 -1.570 -1.542 -1.512 -1.481 -1.449 -1.415 -1.380 -1.343 -1.305 
-1.266 -1.225 -1.183 -1.139 -1.094 -1.046 -0.996 -0.943 -0.888 -0.828 
-0.765 -0.697 -0.623 -0.542 -0.453 -0.354 -0.242 -0.115 0.033 0.209 
0.423 0.690 1.057 1.373 1.364 0.962 0.490 0.191 -0.029 -0.204 
-0.350 -0.477 -0.590 -0.691 -0.782 -0.866 -0.944 -1.016 -1.083 -1.146 
-1.204 -1.259 -1.311 -1.360 -1.405 -1.448 -1.487 -1.524 -1.559 -1.591 
-1.607 
-1.722 -1.749 -1.777 -1.803 -1.827 -1.848 -1.867 -1.884 -1.899 -1.912 
-1.923 -1.931 -1.938 -1.943 -1.946 -1.947 -1.946 -1.943 -1.939 -1.932 
-1.924 -1.913 -1.901 -1.887 -1.870 -1.852 -1.832 -1.810 -1.786 -1.759 
-1.731 -1.700 -1.668 -1.633 -1.595 -1.556 -1.513 -1.469 -1.421 -1.371 
-1.318 -1.262 -1.203 -1.140 -1.074 -1.004 -0.930 -0.852 -0.770 -0.684 
-0.592 -0.496 -0.394 -0.287 -0.174 -0.053 0.076 0.217 0.371 0.542 
0.719 0.871 0.951 1.028 0.948 0.603 0.370 0.172 -0.006 -0.166 
-0.310 -0.442 -0.562 -0.672 -0.774 -0.868 -0.956 -1.038 -1.114 -1.185 
-1.251 -1.313 -1.371 -1.426 -1.477 -1.524 -1.569 -1.610 -1.649 -1.685 
-1.711 
-1.769 -1.797 -1.829 -1.859 -1.886 -1.911 -1.934 -1.954 -1.972 -1.987 
-2.001 -2.012 -2.022 -2.029 -2.034 -2.037 -2.038 -2.037 -2.034 -2.029 
-2.022 -2.013 -2.002 -1.988 -1.973 -1.955 -1.935 -1.913 -1.888 -1.861 
-1.832 -1.800 -1.766 -1.729 -1.689 -1.647 -1.601 -1.552 -1.501 -1.445 
-1.386 -1.324 -1.257 -1.187 -1.112 -1.033 -0.949 -0.860 -0.766 -0.668 
-0.564 -0.456 -0.343 -0.227 -0.108 0.012 0.130 0.244 0.353 0.459 
0.564 0.666 0.738 0.760 0.739 0.669 0.544 0.382 0.205 0.030 
-0.135 -0.288 -0.429 -0.558 -0.678 -0.788 -0.889 -0.984 -1.072 -1.153 
-1.230 -1.301 -1.367 -1.429 -1.487 -1.541 -1.592 -1.639 -1.683 -1.723 
-1.756 
-1.806 -1.841 -1.875 -1.906 -1.935 -1.961 -1.985 -2.006 -2.025 -2.042 
-2.057 -2.069 -2.079 -2.087 -2.093 -2.096 -2.098 -2.097 -2.095 -2.090 
-2.083 -2.074 -2.063 -2.050 -2.034 -2.016 -1.996 -1.974 -1.949 -1.922 
-1.892 -1.860 -1.824 -1.786 -1.745 -1.701 -1.654 -1.603 -1.549 -1.491 
-1.429 -1.363 -1.292 -1.216 -1.135 -1.048 -0.955 -0.856 -0.749 -0.635 
-0.513 -0.384 -0.247 -0.104 0.042 0.186 0.321 0.440 0.537 0.610 
0.664 0.704 0.732 0.740 0.717 0.652 0.550 0.433 0.301 0.142 
-0.034 -0.207 -0.366 -0.512 -0.644 -0.765 -0.876 -0.978 -1.073 -1.160 
-1.242 -1.317 -1.388 -1.454 -1.515 -1.572 -1.625 -1.675 -1.721 -1.764 
-1.794 
-1.788 -1.821 -1.858 -1.892 -1.923 -1.952 -1.978 -2.001 -2.022 -2.041 
-2.057 -2.071 -2.083 -2.092 -2.100 -2.105 -2.108 -2.108 -2.107 -2.104 
-2.098 -2.090 -2.080 -2.068 -2.053 -2.037 -2.017 -1.996 -1.972 -1.946 
-1.917 -1.885 -1.850 -1.813 -1.773 -1.729 -1.683 -1.633 -1.579 -1.521 
-1.459 -1.393 -1.322 -1.247 -1.165 -1.078 -0.985 -0.886 -0.779 -0.666 
-0.545 -0.419 -0.290 -0.161 -0.038 0.071 0.161 0.230 0.279 0.315 
0.343 0.372 0.405 0.444 0.489 0.542 0.596 0.626 0.592 0.472 
0.288 0.082 -0.117 -0.298 -0.461 -0.607 -0.739 -0.859 -0.969 -1.069 
-1.161 -1.246 -1.324 -1.397 -1.465 -1.528 -1.586 -1.640 -1.691 -1.737 
-1.774 
-1.789 -1.812 -1.848 -1.881 -1.911 -1.939 -1.964 -1.986 -2.007 -2.025 
-2.040 -2.053 -2.065 -2.074 -2.080 -2.085 -2.088 -2.088 -2.087 -2.083 
-2.077 -2.069 -2.059 -2.047 -2.032 -2.016 -1.997 -1.976 -1.952 -1.926 
-1.898 -1.867 -1.833 -1.797 -1.758 -1.715 -1.670 -1.622 -1.571 -1.516 
-1.457 -1.395 -1.329 -1.258 -1.184 -1.105 -1.022 -0.934 -0.842 -0.747 
-0.647 -0.545 -0.442 -0.340 -0.241 -0.150 -0.068 0.004 0.067 0.125 
0.185 0.250 0.323 0.406 0.495 0.575 0.620 0.606 0.514 0.349 
0.152 -0.042 -0.222 -0.385 -0.532 -0.666 -0.787 -0.898 -1.000 -1.094 
-1.181 -1.262 -1.336 -1.406 -1.470 -1.530 -1.586 -1.638 -1.687 -1.732 
-1.775 
-1.869 -1.919 -1.955 -1.988 -2.019 -2.047 -2.072 -2.095 -2.115 -2.133 
-2.148 -2.161 -2.172 -2.181 -2.187 -2.192 -2.194 -2.194 -2.191 -2.187 
-2.181 -2.172 -2.161 -2.148 -2.133 -2.115 -2.095 -2.073 -2.048 -2.021 
-1.991 -1.958 -1.923 -1.885 -1.844 -1.801 -1.754 -1.703 -1.650 -1.593 
-1.533 -1.468 -1.400 -1.329 -1.254 -1.175 -1.093 -1.009 -0.923 -0.837 
-0.752 -0.669 -0.591 -0.517 -0.449 -0.385 -0.324 -0.264 -0.205 -0.145 
-0.086 -0.026 0.040 0.118 0.214 0.328 0.441 0.509 0.472 0.321 
0.113 -0.094 -0.281 -0.447 -0.597 -0.734 -0.859 -0.974 -1.080 -1.178 
-1.268 -1.352 -1.429 -1.501 -1.568 -1.630 -1.687 -1.741 -1.791 -1.837 
-1.858 
-1.764 -1.802 -1.844 -1.884 -1.920 -1.954 -1.985 -2.013 -2.039 -2.063 
-2.084 -2.103 -2.120 -2.134 -2.147 -2.157 -2.165 -2.171 -2.175 -2.177 
-2.177 -2.174 -2.170 -2.164 -2.155 -2.145 -2.132 -2.117 -2.100 -2.081 
-2.059 -2.036 -2.009 -1.980 -1.949 -1.915 -1.878 -1.839 -1.796 -1.750 
-1.701 -1.648 -1.592 -1.532 -1.468 -1.400 -1.328 -1.251 -1.170 -1.085 
-0.996 -0.902 -0.803 -0.700 -0.591 -0.477 -0.359 -0.240 -0.126 -0.027 
0.050 0.103 0.137 0.162 0.184 0.199 0.207 0.209 0.174 0.093 
0.000 -0.094 -0.196 -0.306 -0.422 -0.540 -0.657 -0.770 -0.878 -0.981 
-1.077 -1.167 -1.252 -1.331 -1.404 -1.473 -1.538 -1.598 -1.654 -1.707 
-1.747 
-1.703 -1.714 -1.748 -1.779 -1.809 -1.836 -1.861 -1.884 -1.905 -1.924 
-1.941 -1.956 -1.969 -1.980 -1.990 -1.997 -2.003 -2.007 -2.010 -2.010 
-2.009 -2.006 -2.001 -1.994 -1.985 -1.975 -1.963 -1.948 -1.932 -1.914 
-1.894 -1.872 -1.848 -1.822 -1.794 -1.763 -1.730 -1.695 -1.657 -1.616 
-1.573 -1.527 -1.479 -1.427 -1.373 -1.316 -1.257 -1.196 -1.134 -1.070 
-1.006 -0.941 -0.872 -0.800 -0.723 -0.639 -0.547 -0.448 -0.344 -0.235 
-0.124 -0.011 0.105 0.216 0.300 0.329 0.297 0.224 0.133 0.008 
-0.134 -0.269 -0.394 -0.510 -0.620 -0.724 -0.821 -0.912 -0.996 -1.075 
-1.149 -1.219 -1.283 -1.344 -1.401 -1.455 -1.505 -1.552 -1.597 -1.638 
-1.689 
-1.936 -2.000 -2.036 -2.068 -2.098 -2.125 -2.149 -2.171 -2.190 -2.207 
-2.222 -2.234 -2.244 -2.252 -2.257 -2.260 -2.261 -2.260 -2.257 -2.252 
-2.244 -2.234 -2.222 -2.208 -2.191 -2.172 -2.151 -2.127 -2.100 -2.071 
-2.039 -2.004 -1.967 -1.926 -1.882 -1.835 -1.785 -1.731 -1.674 -1.613 
-1.548 -1.480 -1.409 -1.336 -1.260 -1.184 -1.109 -1.037 -0.970 -0.910 
-0.858 -0.815 -0.778 -0.746 -0.713 -0.675 -0.628 -0.570 -0.511 -0.461 
-0.419 -0.366 -0.294 -0.202 -0.101 -0.004 0.095 0.193 0.228 0.135 
-0.053 -0.259 -0.430 -0.553 -0.632 -0.699 -0.793 -0.919 -1.054 -1.182 
-1.296 -1.398 -1.488 -1.568 -1.641 -1.707 -1.767 -1.822 -1.872 -1.919 
-1.927 
-1.927 -1.971 -2.024 -2.072 -2.117 -2.158 -2.195 -2.230 -2.261 -2.289 
-2.315 -2.337 -2.357 -2.375 -2.390 -2.403 -2.413 -2.421 -2.427 -2.430 
-2.431 -2.430 -2.426 -2.421 -2.413 -2.402 -2.390 -2.375 -2.357 -2.337 
-2.315 -2.290 -2.262 -2.232 -2.198 -2.162 -2.122 -2.079 -2.033 -1.983 
-1.930 -1.873 -1.812 -1.748 -1.680 -1.609 -1.535 -1.459 -1.382 -1.302 
-1.221 -1.134 -1.040 -0.934 -0.812 -0.675 -0.527 -0.387 -0.282 -0.236 
-0.246 -0.284 -0.320 -0.338 -0.336 -0.323 -0.299 -0.260 -0.240 -0.294 
-0.362 -0.383 -0.355 -0.298 -0.245 -0.234 -0.296 -0.425 -0.590 -0.763 
-0.927 -1.076 -1.210 -1.331 -1.440 -1.538 -1.627 -1.708 -1.783 -1.851 
-1.904 
-1.882 -1.903 -1.940 -1.975 -2.007 -2.037 -2.064 -2.089 -2.112 -2.133 
-2.152 -2.168 -2.183 -2.195 -2.206 -2.215 -2.221 -2.226 -2.230 -2.231 
-2.230 -2.228 -2.223 -2.217 -2.209 -2.199 -2.188 -2.174 -2.158 -2.141 
-2.121 -2.100 -2.077 -2.051 -2.023 -1.994 -1.962 -1.927 -1.891 -1.852 
-1.810 -1.766 -1.720 -1.670 -1.618 -1.563 -1.504 -1.442 -1.376 -1.307 
-1.234 -1.156 -1.073 -0.985 -0.891 -0.792 -0.687 -0.580 -0.481 -0.397 
-0.323 -0.247 -0.166 -0.089 -0.030 -0.005 -0.022 -0.072 -0.142 -0.223 
-0.315 -0.415 -0.508 -0.580 -0.631 -0.682 -0.765 -0.880 -1.005 -1.122 
-1.227 -1.320 -1.403 -1.479 -1.548 -1.611 -1.669 -1.723 -1.773 -1.820 
-1.868 
-2.028 -2.078 -2.118 -2.155 -2.190 -2.222 -2.251 -2.277 -2.301 -2.323 
-2.342 -2.360 -2.375 -2.387 -2.398 -2.406 -2.413 -2.417 -2.419 -2.419 
-2.418 -2.414 -2.408 -2.399 -2.389 -2.377 -2.362 -2.346 -2.327 -2.306 
-2.282 -2.256 -2.228 -2.197 -2.164 -2.127 -2.088 -2.047 -2.002 -1.954 
-1.902 -1.847 -1.789 -1.726 -1.660 -1.590 -1.515 -1.437 -1.354 -1.268 
-1.178 -1.085 -0.992 -0.898 -0.806 -0.717 -0.634 -0.560 -0.494 -0.437 
-0.386 -0.338 -0.288 -0.236 -0.183 -0.132 -0.084 -0.040 -0.008 -0.010 
-0.067 -0.178 -0.324 -0.483 -0.640 -0.788 -0.925 -1.052 -1.168 -1.274 
-1.372 -1.463 -1.546 -1.624 -1.696 -1.763 -1.825 -1.883 -1.937 -1.988 
-2.014 
-2.078 -2.109 -2.150 -2.188 -2.223 -2.254 -2.283 -2.310 -2.333 -2.355 
-2.373 -2.390 -2.404 -2.415 -2.425 -2.432 -2.437 -2.440 -2.440 -2.439 
-2.435 -2.429 -2.420 -2.410 -2.397 -2.382 -2.365 -2.345 -2.323 -2.298 
-2.271 -2.241 -2.208 -2.173 -2.135 -2.094 -2.049 -2.002 -1.951 -1.897 
-1.838 -1.777 -1.711 -1.641 -1.568 -1.490 -1.409 -1.325 -1.238 -1.151 
-1.064 -0.979 -0.900 -0.828 -0.768 -0.721 -0.688 -0.668 -0.656 -0.646 
-0.637 -0.625 -0.607 -0.583 -0.551 -0.510 -0.461 -0.408 -0.361 -0.336 
-0.346 -0.393 -0.471 -0.573 -0.690 -0.814 -0.939 -1.060 -1.174 -1.282 
-1.382 -1.476 -1.562 -1.642 -1.717 -1.786 -1.851 -1.910 -1.966 -2.017 
-2.062 
-2.111 -2.161 -2.208 -2.251 -2.290 -2.327 -2.360 -2.391 -2.419 -2.444 
-2.466 -2.486 -2.503 -2.518 -2.530 -2.541 -2.548 -2.554 -2.557 -2.558 
-2.557 -2.553 -2.548 -2.540 -2.529 -2.516 -2.501 -2.484 -2.464 -2.441 
-2.416 -2.388 -2.358 -2.324 -2.288 -2.248 -2.205 -2.159 -2.109 -2.055 
-1.997 -1.934 -1.867 -1.795 -1.718 -1.635 -1.546 -1.450 -1.348 -1.240 
-1.127 -1.009 -0.892 -0.783 -0.692 -0.628 -0.597 -0.595 -0.613 -0.640 
-0.670 -0.698 -0.719 -0.731 -0.734 -0.726 -0.707 -0.680 -0.646 -0.612 
-0.584 -0.573 -0.587 -0.628 -0.697 -0.787 -0.890 -1.000 -1.113 -1.226 
-1.335 -1.439 -1.537 -1.628 -1.714 -1.793 -1.866 -1.934 -1.998 -2.056 
-2.095 
-2.096 -2.130 -2.186 -2.239 -2.287 -2.331 -2.373 -2.411 -2.446 -2.478 
-2.507 -2.533 -2.557 -2.578 -2.597 -2.613 -2.627 -2.638 -2.647 -2.654 
-2.658 -2.660 -2.660 -2.658 -2.654 -2.647 -2.637 -2.626 -2.612 -2.596 
-2.577 -2.556 -2.532 -2.505 -2.476 -2.444 -2.408 -2.370 -2.328 -2.283 
-2.235 -2.182 -2.125 -2.064 -1.997 -1.926 -1.849 -1.766 -1.676 -1.580 
-1.477 -1.367 -1.252 -1.136 -1.024 -0.923 -0.838 -0.772 -0.728 -0.708 
-0.709 -0.727 -0.754 -0.782 -0.807 -0.825 -0.833 -0.832 -0.821 -0.801 
-0.776 -0.750 -0.730 -0.721 -0.728 -0.752 -0.798 -0.867 -0.957 -1.061 
-1.172 -1.285 -1.395 -1.500 -1.599 -1.692 -1.779 -1.860 -1.935 -2.005 
-2.072 
-2.234 -2.294 -2.345 -2.391 -2.434 -2.474 -2.511 -2.544 -2.575 -2.603 
-2.628 -2.651 -2.670 -2.688 -2.703 -2.716 -2.726 -2.734 -2.740 -2.743 
-2.745 -2.744 -2.740 -2.735 -2.727 -2.717 -2.704 -2.690 -2.672 -2.653 
-2.631 -2.606 -2.578 -2.548 -2.515 -2.479 -2.440 -2.398 -2.352 -2.303 
-2.250 -2.193 -2.132 -2.066 -1.996 -1.921 -1.841 -1.755 -1.664 -1.568 
-1.465 -1.358 -1.245 -1.129 -1.013 -0.905 -0.815 -0.752 -0.723 -0.723 
-0.743 -0.772 -0.801 -0.825 -0.840 -0.844 -0.836 -0.815 -0.784 -0.742 
-0.696 -0.657 -0.641 -0.666 -0.730 -0.821 -0.929 -1.047 -1.168 -1.289 
-1.406 -1.518 -1.623 -1.722 -1.813 -1.898 -1.977 -2.050 -2.118 -2.181 
-2.218 
-2.284 -2.316 -2.362 -2.403 -2.442 -2.477 -2.509 -2.538 -2.565 -2.589 
-2.610 -2.628 -2.644 -2.658 -2.669 -2.678 -2.685 -2.689 -2.691 -2.691 
-2.688 -2.683 -2.676 -2.667 -2.655 -2.641 -2.625 -2.606 -2.585 -2.561 
-2.535 -2.506 -2.474 -2.440 -2.402 -2.362 -2.318 -2.271 -2.221 -2.167 
-2.110 -2.049 -1.985 -1.916 -1.844 -1.769 -1.691 -1.610 -1.529 -1.448 
-1.369 -1.294 -1.224 -1.160 -1.099 -1.041 -0.986 -0.941 -0.916 -0.917 
-0.932 -0.950 -0.960 -0.959 -0.945 -0.917 -0.874 -0.815 -0.741 -0.654 
-0.562 -0.486 -0.456 -0.493 -0.596 -0.742 -0.904 -1.064 -1.213 -1.350 
-1.475 -1.588 -1.691 -1.786 -1.873 -1.952 -2.026 -2.093 -2.156 -2.214 
-2.266 
-2.345 -2.412 -2.467 -2.517 -2.564 -2.607 -2.646 -2.682 -2.714 -2.744 
-2.770 -2.794 -2.816 -2.834 -2.850 -2.864 -2.875 -2.884 -2.890 -2.895 
-2.896 -2.896 -2.893 -2.888 -2.880 -2.871 -2.858 -2.844 -2.827 -2.807 
-2.785 -2.760 -2.733 -2.702 -2.669 -2.633 -2.593 -2.551 -2.504 -2.454 
-2.401 -2.343 -2.280 -2.213 -2.142 -2.065 -1.982 -1.893 -1.798 -1.696 
-1.586 -1.467 -1.339 -1.207 -1.078 -0.957 -0.841 -0.744 -0.689 -0.689 
-0.730 -0.790 -0.847 -0.893 -0.923 -0.936 -0.930 -0.907 -0.864 -0.804 
-0.730 -0.651 -0.589 -0.572 -0.618 -0.724 -0.865 -1.009 -1.130 -1.228 
-1.335 -1.466 -1.605 -1.735 -1.852 -1.958 -2.052 -2.138 -2.216 -2.287 
-2.328 
-2.256 -2.303 -2.371 -2.432 -2.488 -2.538 -2.585 -2.627 -2.665 -2.700 
-2.731 -2.758 -2.783 -2.805 -2.823 -2.839 -2.853 -2.863 -2.871 -2.876 
-2.879 -2.879 -2.877 -2.872 -2.865 -2.855 -2.842 -2.827 -2.809 -2.788 
-2.765 -2.739 -2.709 -2.677 -2.641 -2.602 -2.560 -2.514 -2.465 -2.411 
-2.354 -2.292 -2.226 -2.155 -2.080 -1.999 -1.913 -1.819 -1.717 -1.602 
-1.475 -1.334 -1.188 -1.059 -0.979 -0.965 -0.996 -1.040 -1.084 -1.138 
-1.202 -1.265 -1.319 -1.359 -1.384 -1.395 -1.390 -1.370 -1.335 -1.283 
-1.217 -1.140 -1.067 -1.023 -1.025 -1.052 -1.059 -1.021 -0.960 -0.927 
-0.969 -1.087 -1.248 -1.417 -1.575 -1.717 -1.844 -1.956 -2.057 -2.148 
-2.225 
-2.292 -2.331 -2.378 -2.421 -2.460 -2.495 -2.527 -2.556 -2.581 -2.604 
-2.624 -2.641 -2.655 -2.667 -2.677 -2.684 -2.688 -2.690 -2.690 -2.687 
-2.682 -2.674 -2.664 -2.652 -2.637 -2.620 -2.600 -2.577 -2.552 -2.525 
-2.494 -2.461 -2.425 -2.387 -2.345 -2.300 -2.252 -2.202 -2.148 -2.092 
-2.032 -1.971 -1.908 -1.845 -1.781 -1.719 -1.660 -1.604 -1.554 -1.510 
-1.469 -1.429 -1.387 -1.345 -1.316 -1.318 -1.342 -1.371 -1.392 -1.406 
-1.410 -1.405 -1.393 -1.371 -1.339 -1.298 -1.245 -1.179 -1.101 -1.009 
-0.907 -0.804 -0.722 -0.686 -0.715 -0.809 -0.940 -1.069 -1.172 -1.255 
-1.351 -1.473 -1.603 -1.724 -1.833 -1.929 -2.014 -2.091 -2.160 -2.223 
-2.276 
-2.438 -2.494 -2.545 -2.593 -2.636 -2.675 -2.712 -2.745 -2.775 -2.802 
-2.826 -2.848 -2.867 -2.883 -2.897 -2.908 -2.917 -2.924 -2.928 -2.930 
-2.930 -2.927 -2.922 -2.915 -2.906 -2.894 -2.879 -2.863 -2.843 -2.822 
-2.797 -2.770 -2.741 -2.709 -2.674 -2.636 -2.595 -2.551 -2.504 -2.454 
-2.401 -2.345 -2.286 -2.225 -2.162 -2.098 -2.033 -1.967 -1.903 -1.840 
-1.778 -1.718 -1.661 -1.608 -1.561 -1.521 -1.490 -1.468 -1.453 -1.444 
-1.437 -1.430 -1.421 -1.406 -1.385 -1.355 -1.315 -1.263 -1.197 -1.116 
-1.018 -0.906 -0.790 -0.695 -0.654 -0.685 -0.777 -0.937 -1.134 -1.322 
-1.488 -1.634 -1.764 -1.879 -1.983 -2.077 -2.163 -2.241 -2.312 -2.378 
-2.420 
-2.439 -2.505 -2.567 -2.624 -2.676 -2.724 -2.768 -2.808 -2.845 -2.878 
-2.909 -2.936 -2.961 -2.982 -3.001 -3.018 -3.032 -3.043 -3.053 -3.059 
-3.064 -3.065 -3.065 -3.062 -3.057 -3.050 -3.040 -3.028 -3.014 -2.997 
-2.977 -2.955 -2.930 -2.903 -2.873 -2.840 -2.804 -2.765 -2.723 -2.677 
-2.628 -2.576 -2.519 -2.459 -2.394 -2.326 -2.253 -2.176 -2.095 -2.010 
-1.923 -1.834 -1.746 -1.661 -1.581 -1.511 -1.456 -1.423 -1.418 -1.431 
-1.453 -1.475 -1.493 -1.504 -1.507 -1.501 -1.485 -1.456 -1.415 -1.358 
-1.283 -1.187 -1.069 -0.930 -0.783 -0.653 -0.599 -0.684 -0.872 -1.077 
-1.259 -1.425 -1.584 -1.732 -1.866 -1.987 -2.096 -2.194 -2.283 -2.363 
-2.418 
-2.316 -2.373 -2.448 -2.516 -2.579 -2.637 -2.690 -2.739 -2.783 -2.824 
-2.861 -2.895 -2.926 -2.953 -2.978 -2.999 -3.018 -3.035 -3.048 -3.059 
-3.068 -3.074 -3.078 -3.079 -3.077 -3.074 -3.067 -3.059 -3.048 -3.034 
-3.017 -2.998 -2.977 -2.952 -2.925 -2.894 -2.861 -2.824 -2.783 -2.739 
-2.691 -2.639 -2.583 -2.521 -2.454 -2.382 -2.303 -2.218 -2.125 -2.023 
-1.913 -1.794 -1.667 -1.536 -1.408 -1.296 -1.212 -1.172 -1.181 -1.231 
-1.302 -1.377 -1.446 -1.505 -1.552 -1.586 -1.608 -1.619 -1.617 -1.602 
-1.574 -1.531 -1.470 -1.387 -1.279 -1.152 -1.054 -1.035 -1.028 -1.013 
-1.039 -1.132 -1.274 -1.434 -1.592 -1.738 -1.872 -1.993 -2.102 -2.201 
-2.284 
-2.321 -2.384 -2.459 -2.528 -2.592 -2.649 -2.702 -2.751 -2.795 -2.835 
-2.872 -2.905 -2.935 -2.962 -2.986 -3.007 -3.025 -3.040 -3.053 -3.063 
-3.070 -3.075 -3.078 -3.078 -3.075 -3.070 -3.062 -3.052 -3.039 -3.024 
-3.006 -2.984 -2.961 -2.934 -2.904 -2.870 -2.834 -2.794 -2.750 -2.701 
-2.649 -2.592 -2.529 -2.461 -2.387 -2.306 -2.218 -2.121 -2.015 -1.899 
-1.773 -1.639 -1.502 -1.372 -1.264 -1.195 -1.179 -1.215 -1.285 -1.369 
-1.453 -1.530 -1.594 -1.647 -1.688 -1.718 -1.737 -1.744 -1.742 -1.728 
-1.703 -1.666 -1.616 -1.551 -1.469 -1.368 -1.248 -1.114 -0.994 -0.931 
-0.950 -1.054 -1.216 -1.397 -1.571 -1.729 -1.870 -1.995 -2.108 -2.209 
-2.290 
-2.415 -2.482 -2.553 -2.619 -2.679 -2.734 -2.784 -2.830 -2.872 -2.911 
-2.946 -2.977 -3.006 -3.031 -3.054 -3.074 -3.091 -3.105 -3.117 -3.126 
-3.133 -3.137 -3.138 -3.138 -3.134 -3.129 -3.120 -3.109 -3.096 -3.080 
-3.061 -3.040 -3.016 -2.988 -2.958 -2.924 -2.887 -2.847 -2.802 -2.754 
-2.701 -2.644 -2.581 -2.513 -2.439 -2.357 -2.268 -2.170 -2.061 -1.942 
-1.809 -1.663 -1.503 -1.335 -1.177 -1.058 -1.014 -1.052 -1.144 -1.254 
-1.360 -1.451 -1.526 -1.585 -1.630 -1.661 -1.679 -1.685 -1.679 -1.660 
-1.628 -1.581 -1.518 -1.436 -1.333 -1.206 -1.058 -0.912 -0.819 -0.834 
-0.961 -1.153 -1.358 -1.548 -1.718 -1.867 -1.999 -2.117 -2.222 -2.317 
-2.388 
-2.510 -2.571 -2.643 -2.710 -2.770 -2.826 -2.876 -2.923 -2.965 -3.004 
-3.039 -3.070 -3.099 -3.125 -3.147 -3.167 -3.184 -3.198 -3.210 -3.219 
-3.225 -3.229 -3.231 -3.230 -3.226 -3.220 -3.212 -3.200 -3.187 -3.170 
-3.151 -3.129 -3.104 -3.076 -3.045 -3.011 -2.973 -2.932 -2.886 -2.837 
-2.783 -2.724 -2.659 -2.589 -2.512 -2.427 -2.334 -2.231 -2.117 -1.989 
-1.847 -1.688 -1.516 -1.343 -1.200 -1.114 -1.105 -1.169 -1.277 -1.393 
-1.499 -1.589 -1.662 -1.720 -1.763 -1.793 -1.810 -1.816 -1.809 -1.790 
-1.758 -1.713 -1.651 -1.571 -1.470 -1.346 -1.200 -1.049 -0.936 -0.915 
-1.013 -1.198 -1.410 -1.610 -1.788 -1.943 -2.079 -2.199 -2.307 -2.404 
-2.480 
-2.590 -2.663 -2.727 -2.785 -2.839 -2.888 -2.932 -2.973 -3.010 -3.043 
-3.073 -3.100 -3.124 -3.146 -3.164 -3.180 -3.192 -3.203 -3.211 -3.216 
-3.219 -3.219 -3.216 -3.212 -3.204 -3.195 -3.182 -3.167 -3.149 -3.129 
-3.106 -3.080 -3.051 -3.018 -2.983 -2.944 -2.902 -2.856 -2.805 -2.751 
-2.692 -2.628 -2.558 -2.483 -2.401 -2.312 -2.214 -2.106 -1.985 -1.849 
-1.695 -1.523 -1.347 -1.200 -1.128 -1.148 -1.235 -1.353 -1.472 -1.576 
-1.662 -1.730 -1.782 -1.819 -1.844 -1.856 -1.857 -1.845 -1.822 -1.787 
-1.737 -1.673 -1.592 -1.491 -1.371 -1.235 -1.103 -1.017 -1.022 -1.119 
-1.285 -1.482 -1.672 -1.841 -1.989 -2.120 -2.236 -2.339 -2.432 -2.517 
-2.569 
-2.486 -2.536 -2.594 -2.647 -2.696 -2.740 -2.781 -2.818 -2.851 -2.881 
-2.908 -2.932 -2.953 -2.972 -2.987 -3.000 -3.010 -3.018 -3.023 -3.026 
-3.026 -3.024 -3.019 -3.012 -3.002 -2.990 -2.976 -2.959 -2.939 -2.917 
-2.891 -2.864 -2.833 -2.800 -2.763 -2.723 -2.681 -2.635 -2.586 -2.534 
-2.478 -2.420 -2.359 -2.295 -2.230 -2.163 -2.096 -2.030 -1.966 -1.904 
-1.842 -1.778 -1.708 -1.639 -1.606 -1.633 -1.691 -1.750 -1.798 -1.835 
-1.862 -1.881 -1.891 -1.894 -1.889 -1.877 -1.856 -1.826 -1.787 -1.739 
-1.679 -1.608 -1.524 -1.430 -1.330 -1.235 -1.164 -1.140 -1.185 -1.288 
-1.416 -1.550 -1.684 -1.814 -1.936 -2.047 -2.149 -2.241 -2.325 -2.402 
-2.465 
-2.446 -2.496 -2.566 -2.630 -2.689 -2.742 -2.791 -2.836 -2.877 -2.914 
-2.947 -2.977 -3.004 -3.028 -3.049 -3.067 -3.083 -3.095 -3.105 -3.113 
-3.118 -3.120 -3.120 -3.117 -3.112 -3.105 -3.094 -3.082 -3.066 -3.048 
-3.027 -3.004 -2.977 -2.948 -2.915 -2.880 -2.841 -2.799 -2.753 -2.704 
-2.651 -2.594 -2.534 -2.469 -2.401 -2.330 -2.255 -2.179 -2.101 -2.025 
-1.953 -1.887 -1.832 -1.790 -1.764 -1.754 -1.761 -1.782 -1.814 -1.850 
-1.885 -1.918 -1.944 -1.965 -1.978 -1.984 -1.982 -1.972 -1.954 -1.927 
-1.891 -1.845 -1.788 -1.720 -1.642 -1.559 -1.479 -1.412 -1.366 -1.344 
-1.361 -1.423 -1.526 -1.652 -1.784 -1.913 -2.033 -2.143 -2.244 -2.336 
-2.416 
-2.556 -2.627 -2.695 -2.757 -2.814 -2.867 -2.915 -2.959 -3.000 -3.036 
-3.070 -3.100 -3.126 -3.150 -3.171 -3.190 -3.205 -3.218 -3.229 -3.236 
-3.242 -3.244 -3.245 -3.243 -3.238 -3.231 -3.221 -3.209 -3.194 -3.177 
-3.157 -3.134 -3.108 -3.080 -3.048 -3.014 -2.976 -2.935 -2.891 -2.843 
-2.792 -2.737 -2.678 -2.616 -2.551 -2.481 -2.408 -2.331 -2.250 -2.165 
-2.075 -1.982 -1.887 -1.795 -1.715 -1.655 -1.625 -1.628 -1.657 -1.703 
-1.755 -1.805 -1.850 -1.886 -1.914 -1.933 -1.942 -1.942 -1.932 -1.912 
-1.882 -1.840 -1.788 -1.724 -1.650 -1.568 -1.487 -1.421 -1.386 -1.393 
-1.449 -1.547 -1.672 -1.806 -1.939 -2.064 -2.180 -2.286 -2.383 -2.472 
-2.532 
-2.562 -2.625 -2.687 -2.743 -2.794 -2.840 -2.883 -2.921 -2.955 -2.986 
-3.013 -3.037 -3.059 -3.077 -3.092 -3.105 -3.115 -3.123 -3.128 -3.130 
-3.130 -3.127 -3.122 -3.114 -3.104 -3.091 -3.076 -3.058 -3.037 -3.014 
-2.988 -2.960 -2.928 -2.894 -2.857 -2.817 -2.774 -2.728 -2.680 -2.629 
-2.575 -2.520 -2.463 -2.406 -2.349 -2.293 -2.240 -2.191 -2.146 -2.104 
-2.065 -2.027 -1.987 -1.951 -1.924 -1.915 -1.925 -1.948 -1.978 -2.010 
-2.039 -2.062 -2.077 -2.084 -2.082 -2.073 -2.055 -2.029 -1.993 -1.948 
-1.892 -1.826 -1.748 -1.660 -1.564 -1.472 -1.399 -1.367 -1.388 -1.455 
-1.548 -1.643 -1.734 -1.836 -1.957 -2.081 -2.198 -2.303 -2.397 -2.481 
-2.542 
-2.476 -2.557 -2.649 -2.732 -2.806 -2.873 -2.933 -2.988 -3.037 -3.082 
-3.123 -3.159 -3.192 -3.221 -3.246 -3.269 -3.288 -3.304 -3.317 -3.328 
-3.335 -3.340 -3.342 -3.342 -3.339 -3.333 -3.324 -3.312 -3.298 -3.281 
-3.261 -3.239 -3.213 -3.184 -3.152 -3.116 -3.078 -3.035 -2.989 -2.939 
-2.885 -2.827 -2.765 -2.698 -2.626 -2.549 -2.466 -2.376 -2.277 -2.169 
-2.049 -1.921 -1.795 -1.698 -1.668 -1.702 -1.771 -1.857 -1.946 -2.028 
-2.100 -2.161 -2.211 -2.250 -2.279 -2.299 -2.309 -2.310 -2.302 -2.284 
-2.257 -2.219 -2.170 -2.109 -2.038 -1.960 -1.884 -1.820 -1.769 -1.711 
-1.634 -1.551 -1.502 -1.511 -1.553 -1.655 -1.848 -2.037 -2.197 -2.334 
-2.439 
-2.454 -2.555 -2.676 -2.782 -2.875 -2.959 -3.033 -3.100 -3.160 -3.215 
-3.264 -3.308 -3.348 -3.384 -3.416 -3.444 -3.469 -3.490 -3.508 -3.523 
-3.535 -3.544 -3.550 -3.554 -3.554 -3.551 -3.546 -3.538 -3.527 -3.513 
-3.495 -3.475 -3.452 -3.425 -3.394 -3.360 -3.321 -3.279 -3.232 -3.180 
-3.122 -3.058 -2.988 -2.910 -2.824 -2.727 -2.619 -2.498 -2.361 -2.208 
-2.038 -1.856 -1.683 -1.575 -1.589 -1.708 -1.865 -2.016 -2.147 -2.258 
-2.350 -2.427 -2.491 -2.543 -2.585 -2.617 -2.641 -2.657 -2.664 -2.664 
-2.656 -2.640 -2.615 -2.582 -2.539 -2.485 -2.419 -2.338 -2.241 -2.123 
-1.984 -1.821 -1.631 -1.421 -1.287 -1.321 -1.529 -1.802 -2.047 -2.248 
-2.396 
-2.544 -2.644 -2.753 -2.848 -2.933 -3.009 -3.078 -3.139 -3.194 -3.244 
-3.289 -3.329 -3.365 -3.397 -3.425 -3.450 -3.472 -3.490 -3.505 -3.517 
-3.526 -3.532 -3.536 -3.536 -3.533 -3.528 -3.520 -3.508 -3.494 -3.477 
-3.456 -3.433 -3.405 -3.375 -3.340 -3.302 -3.259 -3.212 -3.160 -3.102 
-3.039 -2.969 -2.891 -2.806 -2.712 -2.607 -2.493 -2.367 -2.235 -2.102 
-1.984 -1.895 -1.840 -1.820 -1.863 -1.962 -2.077 -2.188 -2.287 -2.372 
-2.444 -2.504 -2.554 -2.593 -2.624 -2.646 -2.660 -2.666 -2.665 -2.656 
-2.639 -2.613 -2.579 -2.535 -2.480 -2.413 -2.332 -2.235 -2.123 -1.995 
-1.854 -1.685 -1.471 -1.285 -1.266 -1.442 -1.723 -1.984 -2.197 -2.372 
-2.498 
-2.577 -2.680 -2.761 -2.835 -2.902 -2.964 -3.020 -3.071 -3.118 -3.161 
-3.200 -3.236 -3.268 -3.297 -3.323 -3.345 -3.365 -3.382 -3.396 -3.408 
-3.417 -3.423 -3.427 -3.428 -3.426 -3.422 -3.416 -3.407 -3.395 -3.380 
-3.362 -3.342 -3.319 -3.292 -3.262 -3.229 -3.192 -3.152 -3.107 -3.057 
-3.003 -2.944 -2.878 -2.806 -2.726 -2.638 -2.541 -2.433 -2.315 -2.186 
-2.052 -1.920 -1.801 -1.713 -1.678 -1.703 -1.774 -1.865 -1.956 -2.037 
-2.104 -2.158 -2.201 -2.233 -2.257 -2.273 -2.281 -2.282 -2.276 -2.263 
-2.242 -2.212 -2.174 -2.125 -2.066 -1.995 -1.912 -1.818 -1.718 -1.628 
-1.573 -1.572 -1.608 -1.631 -1.717 -1.914 -2.097 -2.249 -2.378 -2.490 
-2.553 
-2.391 -2.435 -2.511 -2.581 -2.646 -2.707 -2.763 -2.815 -2.863 -2.907 
-2.948 -2.986 -3.020 -3.051 -3.080 -3.105 -3.128 -3.148 -3.166 -3.181 
-3.194 -3.204 -3.212 -3.217 -3.220 -3.221 -3.219 -3.215 -3.209 -3.200 
-3.189 -3.175 -3.159 -3.140 -3.118 -3.094 -3.067 -3.036 -3.003 -2.966 
-2.925 -2.881 -2.834 -2.783 -2.729 -2.672 -2.614 -2.556 -2.497 -2.438 
-2.376 -2.308 -2.235 -2.168 -2.127 -2.117 -2.124 -2.130 -2.129 -2.122 
-2.111 -2.100 -2.089 -2.079 -2.070 -2.061 -2.051 -2.040 -2.026 -2.009 
-1.988 -1.962 -1.931 -1.895 -1.853 -1.805 -1.753 -1.697 -1.640 -1.588 
-1.548 -1.532 -1.561 -1.642 -1.749 -1.860 -1.969 -2.074 -2.173 -2.267 
-2.358 
-2.496 -2.571 -2.653 -2.726 -2.793 -2.853 -2.908 -2.958 -3.004 -3.045 
-3.082 -3.115 -3.145 -3.171 -3.194 -3.214 -3.231 -3.244 -3.255 -3.264 
-3.269 -3.271 -3.271 -3.268 -3.263 -3.254 -3.243 -3.228 -3.211 -3.191 
-3.167 -3.141 -3.111 -3.078 -3.041 -3.000 -2.955 -2.907 -2.854 -2.797 
-2.736 -2.670 -2.602 -2.531 -2.459 -2.390 -2.326 -2.272 -2.232 -2.207 
-2.198 -2.200 -2.210 -2.223 -2.237 -2.253 -2.272 -2.294 -2.316 -2.336 
-2.354 -2.368 -2.378 -2.385 -2.387 -2.386 -2.380 -2.370 -2.354 -2.333 
-2.305 -2.270 -2.227 -2.176 -2.115 -2.043 -1.958 -1.861 -1.750 -1.625 
-1.497 -1.399 -1.388 -1.485 -1.650 -1.829 -1.993 -2.139 -2.267 -2.380 
-2.463 
-2.676 -2.751 -2.826 -2.895 -2.958 -3.015 -3.067 -3.115 -3.159 -3.199 
-3.235 -3.268 -3.297 -3.323 -3.346 -3.367 -3.384 -3.398 -3.410 -3.420 
-3.426 -3.430 -3.432 -3.431 -3.427 -3.421 -3.412 -3.401 -3.387 -3.370 
-3.350 -3.328 -3.302 -3.274 -3.242 -3.207 -3.169 -3.127 -3.081 -3.032 
-2.978 -2.920 -2.858 -2.792 -2.722 -2.649 -2.574 -2.498 -2.422 -2.346 
-2.269 -2.192 -2.117 -2.049 -1.996 -1.964 -1.959 -1.979 -2.017 -2.061 
-2.107 -2.150 -2.188 -2.219 -2.242 -2.259 -2.267 -2.268 -2.261 -2.245 
-2.221 -2.188 -2.145 -2.092 -2.029 -1.957 -1.877 -1.796 -1.722 -1.668 
-1.640 -1.641 -1.689 -1.802 -1.951 -2.100 -2.239 -2.363 -2.475 -2.576 
-2.650 
-2.766 -2.855 -2.944 -3.024 -3.097 -3.163 -3.223 -3.279 -3.329 -3.375 
-3.417 -3.455 -3.489 -3.520 -3.547 -3.572 -3.593 -3.612 -3.627 -3.640 
-3.651 -3.658 -3.663 -3.665 -3.665 -3.662 -3.657 -3.649 -3.638 -3.625 
-3.609 -3.590 -3.568 -3.543 -3.515 -3.484 -3.450 -3.412 -3.370 -3.324 
-3.274 -3.219 -3.160 -3.095 -3.024 -2.947 -2.862 -2.770 -2.669 -2.559 
-2.441 -2.315 -2.188 -2.071 -1.978 -1.924 -1.918 -1.956 -2.026 -2.108 
-2.189 -2.264 -2.328 -2.381 -2.424 -2.457 -2.480 -2.495 -2.500 -2.496 
-2.484 -2.461 -2.430 -2.387 -2.334 -2.270 -2.193 -2.106 -2.010 -1.912 
-1.820 -1.751 -1.737 -1.799 -1.927 -2.084 -2.244 -2.393 -2.528 -2.649 
-2.733 
-2.753 -2.815 -2.906 -2.988 -3.062 -3.130 -3.191 -3.248 -3.299 -3.345 
-3.387 -3.425 -3.460 -3.490 -3.518 -3.542 -3.563 -3.581 -3.596 -3.608 
-3.617 -3.624 -3.628 -3.629 -3.628 -3.623 -3.616 -3.607 -3.594 -3.579 
-3.560 -3.539 -3.514 -3.486 -3.455 -3.420 -3.381 -3.338 -3.291 -3.239 
-3.181 -3.118 -3.048 -2.971 -2.886 -2.791 -2.685 -2.569 -2.443 -2.316 
-2.197 -2.088 -1.988 -1.911 -1.880 -1.903 -1.968 -2.056 -2.152 -2.244 
-2.326 -2.397 -2.456 -2.505 -2.544 -2.574 -2.595 -2.607 -2.611 -2.606 
-2.594 -2.573 -2.542 -2.503 -2.452 -2.390 -2.315 -2.226 -2.121 -2.001 
-1.871 -1.754 -1.714 -1.775 -1.893 -2.040 -2.195 -2.344 -2.480 -2.604 
-2.712 
-2.900 -3.011 -3.099 -3.179 -3.250 -3.315 -3.373 -3.426 -3.474 -3.517 
-3.556 -3.591 -3.623 -3.650 -3.674 -3.695 -3.713 -3.727 -3.739 -3.748 
-3.754 -3.757 -3.757 -3.754 -3.748 -3.740 -3.728 -3.714 -3.696 -3.675 
-3.651 -3.624 -3.593 -3.558 -3.519 -3.476 -3.427 -3.374 -3.316 -3.251 
-3.178 -3.098 -3.009 -2.910 -2.799 -2.674 -2.536 -2.388 -2.243 -2.126 
-2.067 -2.072 -2.114 -2.166 -2.224 -2.299 -2.386 -2.475 -2.558 -2.630 
-2.693 -2.744 -2.786 -2.819 -2.844 -2.860 -2.868 -2.869 -2.862 -2.847 
-2.823 -2.791 -2.749 -2.697 -2.632 -2.553 -2.456 -2.337 -2.190 -2.008 
-1.800 -1.634 -1.614 -1.759 -1.974 -2.185 -2.372 -2.535 -2.677 -2.802 
-2.874 
-2.827 -2.893 -2.984 -3.066 -3.141 -3.209 -3.270 -3.326 -3.377 -3.424 
-3.466 -3.504 -3.538 -3.568 -3.596 -3.620 -3.640 -3.658 -3.673 -3.685 
-3.694 -3.700 -3.704 -3.705 -3.703 -3.698 -3.691 -3.681 -3.668 -3.652 
-3.633 -3.611 -3.586 -3.557 -3.526 -3.490 -3.451 -3.407 -3.359 -3.306 
-3.248 -3.184 -3.114 -3.037 -2.951 -2.857 -2.753 -2.639 -2.518 -2.401 
-2.302 -2.226 -2.165 -2.115 -2.075 -2.041 -2.048 -2.130 -2.243 -2.349 
-2.438 -2.512 -2.572 -2.620 -2.657 -2.685 -2.704 -2.714 -2.717 -2.711 
-2.696 -2.674 -2.642 -2.601 -2.548 -2.484 -2.407 -2.314 -2.204 -2.078 
-1.941 -1.822 -1.790 -1.858 -1.974 -2.118 -2.270 -2.419 -2.556 -2.680 
-2.787 
-2.895 -2.967 -3.054 -3.133 -3.205 -3.270 -3.330 -3.384 -3.434 -3.479 
-3.520 -3.558 -3.592 -3.622 -3.649 -3.673 -3.694 -3.712 -3.727 -3.740 
-3.750 -3.757 -3.761 -3.763 -3.762 -3.759 -3.753 -3.745 -3.733 -3.719 
-3.703 -3.683 -3.660 -3.635 -3.606 -3.573 -3.538 -3.498 -3.455 -3.407 
-3.355 -3.297 -3.235 -3.166 -3.090 -3.007 -2.915 -2.814 -2.701 -2.576 
-2.436 -2.282 -2.115 -1.943 -1.775 -1.641 -1.597 -1.671 -1.814 -1.968 
-2.105 -2.217 -2.308 -2.380 -2.436 -2.479 -2.509 -2.528 -2.536 -2.534 
-2.521 -2.497 -2.461 -2.413 -2.350 -2.271 -2.174 -2.057 -1.931 -1.818 
-1.735 -1.697 -1.737 -1.857 -2.021 -2.196 -2.360 -2.510 -2.644 -2.763 
-2.859 
-3.106 -3.198 -3.273 -3.342 -3.404 -3.461 -3.513 -3.560 -3.603 -3.642 
-3.677 -3.708 -3.737 -3.762 -3.784 -3.803 -3.819 -3.833 -3.843 -3.851 
-3.857 -3.859 -3.860 -3.857 -3.852 -3.844 -3.834 -3.821 -3.805 -3.786 
-3.764 -3.739 -3.711 -3.680 -3.646 -3.607 -3.565 -3.518 -3.467 -3.411 
-3.350 -3.283 -3.208 -3.127 -3.036 -2.936 -2.824 -2.698 -2.558 -2.404 
-2.244 -2.094 -1.965 -1.873 -1.839 -1.856 -1.914 -2.025 -2.154 -2.271 
-2.368 -2.446 -2.507 -2.554 -2.588 -2.610 -2.620 -2.621 -2.610 -2.589 
-2.556 -2.510 -2.450 -2.374 -2.278 -2.161 -2.023 -1.874 -1.751 -1.704 
-1.742 -1.821 -1.962 -2.156 -2.348 -2.520 -2.671 -2.802 -2.919 -3.022 
-3.084 
-3.059 -3.147 -3.230 -3.305 -3.372 -3.434 -3.489 -3.540 -3.585 -3.626 
-3.664 -3.697 -3.727 -3.753 -3.776 -3.796 -3.813 -3.827 -3.838 -3.846 
-3.851 -3.853 -3.853 -3.850 -3.844 -3.836 -3.824 -3.810 -3.792 -3.772 
-3.748 -3.721 -3.691 -3.657 -3.619 -3.577 -3.531 -3.480 -3.423 -3.361 
-3.292 -3.216 -3.132 -3.038 -2.934 -2.816 -2.684 -2.536 -2.374 -2.212 
-2.077 -2.008 -2.013 -2.066 -2.147 -2.250 -2.361 -2.464 -2.555 -2.632 
-2.697 -2.750 -2.792 -2.824 -2.848 -2.862 -2.868 -2.866 -2.855 -2.836 
-2.807 -2.768 -2.717 -2.654 -2.575 -2.478 -2.360 -2.220 -2.064 -1.910 
-1.766 -1.679 -1.746 -1.941 -2.168 -2.374 -2.550 -2.702 -2.834 -2.951 
-3.029 
-2.839 -2.922 -3.015 -3.098 -3.173 -3.241 -3.302 -3.358 -3.409 -3.455 
-3.496 -3.534 -3.568 -3.598 -3.625 -3.648 -3.669 -3.686 -3.701 -3.712 
-3.721 -3.727 -3.731 -3.731 -3.729 -3.724 -3.716 -3.706 -3.693 -3.677 
-3.657 -3.635 -3.610 -3.581 -3.549 -3.514 -3.474 -3.430 -3.382 -3.330 
-3.272 -3.208 -3.139 -3.063 -2.979 -2.886 -2.785 -2.674 -2.553 -2.426 
-2.304 -2.209 -2.153 -2.125 -2.114 -2.119 -2.167 -2.264 -2.366 -2.456 
-2.531 -2.594 -2.645 -2.687 -2.720 -2.744 -2.760 -2.768 -2.769 -2.761 
-2.746 -2.723 -2.692 -2.651 -2.601 -2.540 -2.467 -2.382 -2.282 -2.170 
-2.050 -1.957 -1.958 -2.019 -2.088 -2.154 -2.260 -2.413 -2.566 -2.700 
-2.805 
-2.745 -2.850 -2.981 -3.096 -3.196 -3.286 -3.366 -3.439 -3.504 -3.563 
-3.616 -3.664 -3.707 -3.746 -3.782 -3.813 -3.841 -3.865 -3.886 -3.904 
-3.919 -3.931 -3.940 -3.947 -3.950 -3.951 -3.949 -3.944 -3.936 -3.925 
-3.912 -3.895 -3.876 -3.853 -3.827 -3.798 -3.765 -3.728 -3.687 -3.642 
-3.592 -3.537 -3.477 -3.411 -3.338 -3.257 -3.168 -3.070 -2.961 -2.841 
-2.709 -2.563 -2.401 -2.220 -2.032 -1.893 -1.880 -1.999 -2.174 -2.342 
-2.484 -2.600 -2.694 -2.771 -2.833 -2.882 -2.920 -2.948 -2.967 -2.977 
-2.979 -2.972 -2.957 -2.933 -2.899 -2.856 -2.802 -2.735 -2.656 -2.563 
-2.456 -2.336 -2.197 -2.034 -1.886 -1.841 -1.915 -2.094 -2.314 -2.520 
-2.681 
-2.801 -2.917 -3.042 -3.152 -3.250 -3.337 -3.416 -3.487 -3.551 -3.609 
-3.662 -3.710 -3.753 -3.792 -3.828 -3.859 -3.887 -3.912 -3.934 -3.952 
-3.968 -3.980 -3.990 -3.997 -4.000 -4.000 -4.000 -3.998 -3.991 -3.981 
-3.969 -3.954 -3.936 -3.914 -3.890 -3.862 -3.831 -3.796 -3.758 -3.715 
-3.668 -3.616 -3.559 -3.496 -3.426 -3.349 -3.264 -3.169 -3.063 -2.943 
-2.807 -2.651 -2.471 -2.268 -2.057 -1.892 -1.845 -1.928 -2.084 -2.253 
-2.403 -2.529 -2.633 -2.718 -2.786 -2.841 -2.885 -2.917 -2.939 -2.952 
-2.956 -2.952 -2.937 -2.914 -2.880 -2.835 -2.778 -2.705 -2.615 -2.503 
-2.362 -2.185 -1.970 -1.760 -1.652 -1.718 -1.918 -2.171 -2.405 -2.604 
-2.730 
