IRGRID 64 91
1e+308

0.025 0.03 0.035 0.04 0.045 0.05 0.055 0.06 0.065 0.07
0.075 0.08 0.085 0.09 0.095 0.1 0.11 0.12 0.13 0.14
0.15 0.16 0.17 0.18 0.19 0.2 0.21 0.22 0.23 0.24
0.25 0.26 0.27 0.28 0.29 0.3 0.31 0.32 0.33 0.34
0.35 0.36 0.37 0.38 0.39 0.4 0.41 0.42 0.43 0.44
0.45 0.46 0.47 0.48 0.49 0.5 0.51 0.52 0.53 0.54
0.55 0.56 0.57 0.58
0 4 8 12 16 20 24 28 32 36
40 44 48 52 56 60 64 68 72 76
80 84 88 92 96 100 104 108 112 116
120 124 128 132 136 140 144 148 152 156
160 164 168 172 176 180 184 188 192 196
200 204 208 212 216 220 224 228 232 236
240 244 248 252 256 260 264 268 272 276
280 284 288 292 296 300 304 308 312 316
320 324 328 332 336 340 344 348 352 356
360
-3.239 -3.343 -3.397 -3.459 -3.526 -3.595 -3.663 -3.729 -3.792 -3.852 
-3.908 -3.959 -4.000 -4.000 -4.000 -4.000 -4.000 -4.000 -4.000 -4.000 
-4.000 -4.000 -4.000 -4.000 -4.000 -4.000 -4.000 -4.000 -4.000 -4.000 
-4.000 -4.000 -4.000 -4.000 -4.000 -4.000 -4.000 -4.000 -4.000 -4.000 
-3.977 -3.921 -3.859 -3.790 -3.713 -3.627 -3.530 -3.423 -3.305 -3.178 
-3.055 -2.959 -2.916 -2.923 -2.956 -3.000 -3.057 -3.126 -3.204 -3.282 
-3.358 -3.429 -3.492 -3.549 -3.598 -3.640 -3.676 -3.706 -3.729 -3.747 
-3.760 -3.768 -3.770 -3.767 -3.760 -3.747 -3.729 -3.707 -3.679 -3.646 
-3.608 -3.566 -3.519 -3.469 -3.418 -3.368 -3.324 -3.291 -3.274 -3.278 
-3.234 
-2.783 -2.855 -2.919 -2.987 -3.057 -3.126 -3.191 -3.254 -3.312 -3.366 
-3.416 -3.462 -3.504 -3.543 -3.577 -3.609 -3.637 -3.661 -3.682 -3.701 
-3.716 -3.728 -3.737 -3.744 -3.747 -3.747 -3.745 -3.739 -3.731 -3.719 
-3.705 -3.687 -3.666 -3.641 -3.613 -3.581 -3.544 -3.504 -3.458 -3.408 
-3.352 -3.290 -3.221 -3.144 -3.059 -2.963 -2.857 -2.738 -2.608 -2.470 
-2.337 -2.227 -2.162 -2.152 -2.201 -2.296 -2.411 -2.526 -2.632 -2.728 
-2.811 -2.884 -2.947 -3.001 -3.047 -3.085 -3.117 -3.143 -3.162 -3.177 
-3.185 -3.189 -3.188 -3.182 -3.171 -3.156 -3.136 -3.111 -3.083 -3.049 
-3.012 -2.972 -2.929 -2.884 -2.841 -2.800 -2.768 -2.748 -2.746 -2.764 
-2.770 
-2.348 -2.380 -2.423 -2.468 -2.515 -2.561 -2.607 -2.652 -2.695 -2.736 
-2.774 -2.810 -2.844 -2.875 -2.904 -2.930 -2.953 -2.974 -2.992 -3.008 
-3.021 -3.032 -3.040 -3.045 -3.048 -3.049 -3.046 -3.041 -3.034 -3.023 
-3.010 -2.994 -2.975 -2.952 -2.927 -2.898 -2.865 -2.829 -2.788 -2.743 
-2.693 -2.638 -2.577 -2.509 -2.435 -2.352 -2.261 -2.159 -2.047 -1.925 
-1.796 -1.670 -1.565 -1.507 -1.506 -1.557 -1.640 -1.735 -1.833 -1.925 
-2.011 -2.087 -2.156 -2.215 -2.267 -2.312 -2.351 -2.383 -2.409 -2.430 
-2.446 -2.457 -2.464 -2.466 -2.464 -2.458 -2.448 -2.435 -2.419 -2.399 
-2.378 -2.356 -2.333 -2.312 -2.294 -2.281 -2.276 -2.278 -2.290 -2.312 
-2.335 
-2.042 -2.087 -2.123 -2.159 -2.195 -2.232 -2.267 -2.302 -2.337 -2.369 
-2.401 -2.431 -2.460 -2.486 -2.511 -2.534 -2.555 -2.574 -2.590 -2.605 
-2.617 -2.627 -2.635 -2.640 -2.643 -2.644 -2.642 -2.638 -2.631 -2.622 
-2.610 -2.596 -2.578 -2.558 -2.534 -2.508 -2.478 -2.445 -2.407 -2.366 
-2.321 -2.271 -2.217 -2.157 -2.091 -2.020 -1.942 -1.857 -1.766 -1.670 
-1.572 -1.476 -1.391 -1.325 -1.288 -1.286 -1.315 -1.371 -1.442 -1.520 
-1.598 -1.673 -1.741 -1.803 -1.858 -1.906 -1.949 -1.986 -2.018 -2.044 
-2.067 -2.084 -2.098 -2.107 -2.113 -2.116 -2.115 -2.111 -2.104 -2.094 
-2.082 -2.067 -2.051 -2.033 -2.016 -2.001 -1.993 -1.993 -2.004 -2.025 
-2.037 
-1.812 -1.850 -1.923 -1.997 -2.070 -2.139 -2.205 -2.266 -2.322 -2.375 
-2.423 -2.467 -2.508 -2.544 -2.578 -2.608 -2.635 -2.658 -2.679 -2.696 
-2.711 -2.723 -2.732 -2.738 -2.741 -2.742 -2.739 -2.734 -2.726 -2.715 
-2.701 -2.684 -2.664 -2.640 -2.613 -2.583 -2.549 -2.510 -2.468 -2.420 
-2.368 -2.311 -2.248 -2.179 -2.104 -2.022 -1.934 -1.840 -1.744 -1.651 
-1.567 -1.502 -1.462 -1.449 -1.455 -1.478 -1.516 -1.570 -1.636 -1.709 
-1.780 -1.847 -1.907 -1.960 -2.006 -2.045 -2.077 -2.103 -2.124 -2.138 
-2.147 -2.151 -2.149 -2.142 -2.130 -2.113 -2.091 -2.063 -2.029 -1.991 
-1.947 -1.899 -1.847 -1.795 -1.745 -1.704 -1.676 -1.670 -1.686 -1.725 
-1.785 
-1.807 -1.865 -1.922 -1.982 -2.042 -2.101 -2.158 -2.213 -2.265 -2.314 
-2.359 -2.401 -2.441 -2.476 -2.509 -2.539 -2.565 -2.589 -2.610 -2.627 
-2.642 -2.655 -2.664 -2.671 -2.676 -2.677 -2.676 -2.672 -2.666 -2.657 
-2.645 -2.630 -2.612 -2.591 -2.567 -2.540 -2.509 -2.474 -2.436 -2.394 
-2.347 -2.295 -2.238 -2.176 -2.107 -2.031 -1.948 -1.856 -1.755 -1.643 
-1.522 -1.389 -1.246 -1.105 -0.999 -0.974 -1.018 -1.093 -1.180 -1.271 
-1.362 -1.447 -1.524 -1.592 -1.651 -1.701 -1.742 -1.777 -1.804 -1.825 
-1.839 -1.848 -1.852 -1.851 -1.846 -1.836 -1.824 -1.809 -1.792 -1.775 
-1.757 -1.741 -1.726 -1.713 -1.703 -1.697 -1.699 -1.711 -1.734 -1.768 
-1.794 
-1.661 -1.709 -1.756 -1.802 -1.847 -1.890 -1.930 -1.969 -2.006 -2.041 
-2.074 -2.104 -2.133 -2.159 -2.183 -2.205 -2.224 -2.241 -2.257 -2.269 
-2.280 -2.288 -2.294 -2.298 -2.299 -2.298 -2.294 -2.288 -2.279 -2.268 
-2.254 -2.237 -2.218 -2.195 -2.170 -2.141 -2.108 -2.072 -2.032 -1.987 
-1.938 -1.884 -1.824 -1.758 -1.685 -1.603 -1.512 -1.411 -1.296 -1.166 
-1.019 -0.854 -0.679 -0.518 -0.416 -0.409 -0.489 -0.608 -0.725 -0.820 
-0.888 -0.935 -0.972 -1.009 -1.052 -1.100 -1.148 -1.193 -1.232 -1.264 
-1.290 -1.309 -1.322 -1.329 -1.331 -1.330 -1.327 -1.323 -1.319 -1.318 
-1.321 -1.330 -1.345 -1.368 -1.398 -1.434 -1.475 -1.519 -1.565 -1.613 
-1.643 
-1.480 -1.488 -1.514 -1.541 -1.568 -1.595 -1.623 -1.650 -1.677 -1.703 
-1.729 -1.754 -1.777 -1.800 -1.820 -1.839 -1.856 -1.872 -1.885 -1.896 
-1.905 -1.911 -1.915 -1.917 -1.916 -1.912 -1.905 -1.895 -1.882 -1.866 
-1.847 -1.823 -1.796 -1.765 -1.729 -1.689 -1.645 -1.595 -1.541 -1.482 
-1.418 -1.350 -1.280 -1.210 -1.141 -1.078 -1.023 -0.978 -0.943 -0.915 
-0.890 -0.859 -0.816 -0.759 -0.706 -0.682 -0.677 -0.662 -0.627 -0.577 
-0.520 -0.469 -0.430 -0.409 -0.403 -0.406 -0.419 -0.447 -0.498 -0.572 
-0.658 -0.747 -0.831 -0.906 -0.972 -1.030 -1.079 -1.121 -1.158 -1.190 
-1.218 -1.245 -1.269 -1.293 -1.317 -1.341 -1.364 -1.388 -1.413 -1.437 
-1.472 
-1.328 -1.406 -1.441 -1.474 -1.504 -1.532 -1.558 -1.581 -1.602 -1.620 
-1.635 -1.648 -1.659 -1.667 -1.673 -1.676 -1.676 -1.674 -1.669 -1.662 
-1.652 -1.639 -1.623 -1.605 -1.584 -1.560 -1.533 -1.502 -1.469 -1.432 
-1.392 -1.348 -1.301 -1.249 -1.194 -1.135 -1.071 -1.003 -0.931 -0.856 
-0.777 -0.696 -0.615 -0.535 -0.460 -0.393 -0.338 -0.297 -0.270 -0.255 
-0.248 -0.245 -0.239 -0.224 -0.191 -0.128 -0.020 0.139 0.275 0.244 
0.129 0.051 0.025 0.033 0.060 0.093 0.116 0.113 0.074 0.001 
-0.098 -0.207 -0.316 -0.419 -0.512 -0.595 -0.668 -0.734 -0.793 -0.848 
-0.899 -0.950 -0.999 -1.049 -1.098 -1.147 -1.194 -1.241 -1.285 -1.328 
-1.322 
-0.969 -0.989 -1.035 -1.079 -1.121 -1.160 -1.198 -1.233 -1.266 -1.298 
-1.327 -1.355 -1.380 -1.404 -1.426 -1.445 -1.463 -1.478 -1.492 -1.503 
-1.512 -1.518 -1.522 -1.524 -1.524 -1.521 -1.515 -1.507 -1.496 -1.482 
-1.465 -1.445 -1.423 -1.396 -1.367 -1.333 -1.296 -1.255 -1.210 -1.160 
-1.106 -1.048 -0.986 -0.922 -0.856 -0.790 -0.725 -0.662 -0.598 -0.530 
-0.453 -0.362 -0.251 -0.115 0.051 0.256 0.498 0.739 0.886 0.851 
0.687 0.511 0.419 0.526 0.694 0.373 0.152 0.031 -0.052 -0.122 
-0.182 -0.233 -0.275 -0.308 -0.335 -0.357 -0.376 -0.395 -0.416 -0.440 
-0.469 -0.502 -0.541 -0.584 -0.631 -0.682 -0.734 -0.786 -0.839 -0.891 
-0.948 
-0.970 -0.977 -0.996 -1.016 -1.036 -1.056 -1.077 -1.099 -1.122 -1.146 
-1.170 -1.194 -1.219 -1.243 -1.267 -1.291 -1.314 -1.336 -1.357 -1.377 
-1.396 -1.413 -1.429 -1.443 -1.455 -1.466 -1.475 -1.481 -1.486 -1.489 
-1.490 -1.489 -1.485 -1.479 -1.471 -1.461 -1.448 -1.432 -1.414 -1.393 
-1.369 -1.342 -1.312 -1.277 -1.240 -1.197 -1.151 -1.098 -1.041 -0.976 
-0.903 -0.821 -0.727 -0.617 -0.487 -0.330 -0.136 0.088 0.265 0.280 
0.275 0.415 0.734 1.119 1.299 1.026 0.626 0.322 0.109 -0.052 
-0.178 -0.279 -0.362 -0.432 -0.490 -0.539 -0.582 -0.619 -0.653 -0.684 
-0.714 -0.743 -0.770 -0.797 -0.824 -0.849 -0.873 -0.895 -0.917 -0.938 
-0.966 
-1.187 -1.245 -1.271 -1.297 -1.323 -1.348 -1.372 -1.396 -1.419 -1.442 
-1.463 -1.484 -1.504 -1.523 -1.541 -1.558 -1.573 -1.586 -1.599 -1.609 
-1.618 -1.626 -1.632 -1.636 -1.638 -1.638 -1.637 -1.634 -1.629 -1.622 
-1.613 -1.602 -1.590 -1.575 -1.559 -1.540 -1.519 -1.496 -1.471 -1.444 
-1.415 -1.382 -1.348 -1.311 -1.271 -1.228 -1.182 -1.132 -1.079 -1.022 
-0.960 -0.893 -0.821 -0.742 -0.656 -0.561 -0.455 -0.336 -0.201 -0.045 
0.140 0.366 0.648 0.946 1.091 0.845 0.545 0.296 0.103 -0.053 
-0.182 -0.293 -0.388 -0.473 -0.548 -0.615 -0.676 -0.732 -0.784 -0.832 
-0.876 -0.918 -0.958 -0.995 -1.031 -1.065 -1.098 -1.129 -1.160 -1.189 
-1.179 
-1.127 -1.123 -1.150 -1.175 -1.198 -1.219 -1.239 -1.257 -1.273 -1.288 
-1.301 -1.313 -1.323 -1.331 -1.338 -1.343 -1.347 -1.349 -1.350 -1.349 
-1.347 -1.343 -1.338 -1.331 -1.323 -1.313 -1.302 -1.288 -1.274 -1.258 
-1.240 -1.220 -1.199 -1.176 -1.152 -1.125 -1.097 -1.067 -1.035 -1.001 
-0.964 -0.926 -0.886 -0.843 -0.797 -0.749 -0.698 -0.645 -0.588 -0.528 
-0.465 -0.398 -0.326 -0.250 -0.169 -0.081 0.015 0.120 0.236 0.364 
0.504 0.648 0.782 0.887 0.919 0.837 0.724 0.574 0.409 0.255 
0.119 -0.001 -0.109 -0.205 -0.293 -0.373 -0.447 -0.515 -0.578 -0.638 
-0.693 -0.745 -0.794 -0.840 -0.883 -0.924 -0.962 -0.999 -1.033 -1.065 
-1.115 
-1.249 -1.321 -1.347 -1.370 -1.392 -1.411 -1.428 -1.444 -1.457 -1.469 
-1.480 -1.489 -1.496 -1.502 -1.507 -1.510 -1.512 -1.512 -1.512 -1.510 
-1.506 -1.501 -1.495 -1.488 -1.479 -1.468 -1.456 -1.442 -1.426 -1.408 
-1.389 -1.367 -1.343 -1.317 -1.289 -1.258 -1.225 -1.189 -1.150 -1.109 
-1.064 -1.017 -0.966 -0.913 -0.857 -0.798 -0.736 -0.671 -0.605 -0.536 
-0.467 -0.396 -0.324 -0.252 -0.179 -0.104 -0.028 0.053 0.139 0.235 
0.342 0.462 0.594 0.731 0.864 0.967 0.977 0.858 0.661 0.447 
0.249 0.076 -0.077 -0.211 -0.331 -0.438 -0.535 -0.623 -0.704 -0.777 
-0.845 -0.907 -0.965 -1.018 -1.067 -1.113 -1.155 -1.194 -1.230 -1.263 
-1.242 
-1.008 -1.006 -1.022 -1.037 -1.050 -1.062 -1.072 -1.082 -1.090 -1.097 
-1.103 -1.108 -1.113 -1.117 -1.120 -1.122 -1.124 -1.126 -1.127 -1.127 
-1.127 -1.127 -1.126 -1.124 -1.122 -1.119 -1.116 -1.111 -1.106 -1.100 
-1.093 -1.085 -1.076 -1.065 -1.053 -1.040 -1.024 -1.007 -0.989 -0.968 
-0.945 -0.919 -0.892 -0.861 -0.828 -0.792 -0.752 -0.710 -0.663 -0.613 
-0.559 -0.501 -0.437 -0.368 -0.293 -0.210 -0.116 -0.010 0.112 0.252 
0.404 0.536 0.613 0.679 0.796 0.914 0.933 0.812 0.617 0.417 
0.240 0.087 -0.044 -0.157 -0.256 -0.344 -0.423 -0.493 -0.556 -0.614 
-0.666 -0.713 -0.756 -0.795 -0.831 -0.863 -0.893 -0.920 -0.945 -0.967 
-1.001 
-1.047 -1.053 -1.072 -1.089 -1.105 -1.119 -1.131 -1.142 -1.151 -1.159 
-1.165 -1.170 -1.174 -1.176 -1.177 -1.176 -1.175 -1.172 -1.168 -1.162 
-1.156 -1.148 -1.138 -1.128 -1.116 -1.103 -1.088 -1.072 -1.055 -1.036 
-1.016 -0.994 -0.970 -0.945 -0.918 -0.889 -0.858 -0.825 -0.790 -0.753 
-0.713 -0.670 -0.624 -0.575 -0.523 -0.467 -0.407 -0.345 -0.280 -0.214 
-0.147 -0.080 -0.010 0.064 0.146 0.240 0.350 0.479 0.629 0.796 
0.959 1.068 1.078 1.008 0.965 0.953 0.766 0.543 0.349 0.187 
0.051 -0.066 -0.168 -0.258 -0.339 -0.413 -0.481 -0.543 -0.600 -0.652 
-0.701 -0.746 -0.789 -0.828 -0.864 -0.898 -0.929 -0.958 -0.985 -1.010 
-1.039 
-1.348 -1.409 -1.434 -1.456 -1.477 -1.495 -1.511 -1.525 -1.536 -1.546 
-1.554 -1.560 -1.563 -1.565 -1.565 -1.563 -1.559 -1.553 -1.545 -1.535 
-1.523 -1.509 -1.493 -1.475 -1.454 -1.432 -1.407 -1.380 -1.350 -1.318 
-1.283 -1.245 -1.204 -1.160 -1.113 -1.062 -1.008 -0.949 -0.886 -0.819 
-0.747 -0.671 -0.589 -0.503 -0.412 -0.319 -0.223 -0.129 -0.038 0.046 
0.120 0.183 0.235 0.279 0.317 0.354 0.392 0.440 0.502 0.586 
0.694 0.812 0.930 1.096 1.302 1.386 1.195 0.877 0.580 0.341 
0.142 -0.029 -0.177 -0.308 -0.425 -0.530 -0.626 -0.713 -0.793 -0.866 
-0.933 -0.996 -1.053 -1.106 -1.155 -1.201 -1.243 -1.282 -1.318 -1.351 
-1.341 
-1.372 -1.382 -1.413 -1.441 -1.467 -1.490 -1.510 -1.529 -1.544 -1.558 
-1.569 -1.578 -1.585 -1.590 -1.592 -1.592 -1.590 -1.586 -1.580 -1.572 
-1.561 -1.548 -1.533 -1.516 -1.496 -1.474 -1.449 -1.422 -1.392 -1.359 
-1.324 -1.285 -1.244 -1.199 -1.152 -1.100 -1.045 -0.986 -0.922 -0.854 
-0.782 -0.704 -0.621 -0.532 -0.437 -0.336 -0.229 -0.115 0.003 0.123 
0.240 0.344 0.427 0.489 0.537 0.572 0.599 0.620 0.642 0.670 
0.707 0.759 0.828 0.919 1.037 1.116 1.024 0.863 0.683 0.502 
0.328 0.164 0.013 -0.125 -0.251 -0.367 -0.473 -0.571 -0.661 -0.745 
-0.822 -0.894 -0.961 -1.023 -1.080 -1.134 -1.184 -1.230 -1.273 -1.312 
-1.358 
-1.473 -1.515 -1.545 -1.571 -1.595 -1.616 -1.635 -1.652 -1.666 -1.678 
-1.687 -1.694 -1.699 -1.702 -1.702 -1.700 -1.696 -1.690 -1.682 -1.671 
-1.658 -1.642 -1.624 -1.604 -1.581 -1.556 -1.528 -1.497 -1.463 -1.426 
-1.386 -1.343 -1.296 -1.246 -1.191 -1.133 -1.069 -1.001 -0.928 -0.848 
-0.763 -0.670 -0.569 -0.460 -0.342 -0.214 -0.077 0.069 0.218 0.363 
0.490 0.581 0.623 0.621 0.593 0.559 0.531 0.516 0.516 0.534 
0.574 0.639 0.733 0.861 1.014 1.141 1.146 0.984 0.734 0.481 
0.258 0.065 -0.104 -0.254 -0.387 -0.507 -0.616 -0.716 -0.807 -0.890 
-0.968 -1.039 -1.105 -1.166 -1.222 -1.275 -1.323 -1.368 -1.410 -1.448 
-1.464 
-1.467 -1.485 -1.512 -1.536 -1.558 -1.577 -1.593 -1.607 -1.619 -1.629 
-1.636 -1.641 -1.643 -1.644 -1.642 -1.638 -1.631 -1.623 -1.612 -1.598 
-1.583 -1.564 -1.544 -1.521 -1.495 -1.466 -1.435 -1.401 -1.364 -1.323 
-1.280 -1.233 -1.182 -1.127 -1.068 -1.004 -0.936 -0.862 -0.783 -0.698 
-0.606 -0.507 -0.401 -0.287 -0.167 -0.041 0.086 0.209 0.319 0.407 
0.464 0.491 0.489 0.466 0.436 0.410 0.395 0.394 0.409 0.443 
0.498 0.578 0.684 0.815 0.957 1.058 1.041 0.877 0.644 0.410 
0.200 0.016 -0.145 -0.288 -0.415 -0.530 -0.634 -0.729 -0.816 -0.896 
-0.969 -1.037 -1.100 -1.158 -1.211 -1.261 -1.306 -1.348 -1.387 -1.423 
-1.456 
-1.507 -1.530 -1.556 -1.579 -1.600 -1.619 -1.635 -1.648 -1.659 -1.668 
-1.675 -1.679 -1.681 -1.681 -1.679 -1.674 -1.667 -1.658 -1.647 -1.633 
-1.617 -1.598 -1.577 -1.553 -1.527 -1.498 -1.467 -1.432 -1.395 -1.354 
-1.310 -1.263 -1.211 -1.157 -1.098 -1.034 -0.966 -0.894 -0.816 -0.732 
-0.643 -0.548 -0.447 -0.341 -0.232 -0.120 -0.010 0.092 0.181 0.253 
0.305 0.344 0.377 0.396 0.388 0.363 0.343 0.339 0.353 0.385 
0.438 0.509 0.596 0.689 0.765 0.794 0.742 0.616 0.459 0.283 
0.102 -0.068 -0.222 -0.360 -0.484 -0.596 -0.697 -0.790 -0.875 -0.953 
-1.025 -1.091 -1.153 -1.209 -1.262 -1.310 -1.355 -1.396 -1.434 -1.469 
-1.497 
-1.597 -1.625 -1.657 -1.685 -1.711 -1.735 -1.755 -1.773 -1.789 -1.802 
-1.813 -1.821 -1.827 -1.831 -1.833 -1.832 -1.829 -1.824 -1.816 -1.806 
-1.794 -1.779 -1.762 -1.742 -1.720 -1.696 -1.668 -1.638 -1.605 -1.569 
-1.529 -1.487 -1.441 -1.391 -1.338 -1.281 -1.219 -1.152 -1.081 -1.005 
-0.924 -0.837 -0.744 -0.645 -0.541 -0.431 -0.316 -0.194 -0.064 0.078 
0.235 0.402 0.550 0.638 0.641 0.581 0.503 0.435 0.391 0.375 
0.391 0.440 0.520 0.592 0.611 0.624 0.656 0.677 0.639 0.517 
0.337 0.139 -0.051 -0.223 -0.377 -0.515 -0.639 -0.751 -0.853 -0.946 
-1.031 -1.109 -1.182 -1.248 -1.309 -1.366 -1.419 -1.467 -1.512 -1.553 
-1.584 
-1.683 -1.710 -1.734 -1.756 -1.775 -1.791 -1.805 -1.817 -1.826 -1.833 
-1.838 -1.840 -1.841 -1.838 -1.834 -1.828 -1.819 -1.808 -1.794 -1.779 
-1.761 -1.740 -1.717 -1.692 -1.664 -1.633 -1.599 -1.563 -1.524 -1.481 
-1.436 -1.387 -1.334 -1.278 -1.219 -1.155 -1.087 -1.016 -0.940 -0.861 
-0.778 -0.692 -0.604 -0.516 -0.428 -0.343 -0.263 -0.189 -0.121 -0.056 
0.010 0.083 0.159 0.214 0.228 0.218 0.217 0.240 0.292 0.377 
0.498 0.654 0.808 0.881 0.801 0.621 0.450 0.332 0.219 0.068 
-0.106 -0.277 -0.433 -0.573 -0.697 -0.809 -0.909 -1.001 -1.084 -1.160 
-1.230 -1.294 -1.353 -1.407 -1.457 -1.504 -1.546 -1.585 -1.621 -1.654 
-1.675 
-1.678 -1.712 -1.740 -1.765 -1.788 -1.808 -1.826 -1.841 -1.854 -1.865 
-1.873 -1.879 -1.882 -1.884 -1.883 -1.880 -1.875 -1.867 -1.858 -1.846 
-1.832 -1.815 -1.796 -1.775 -1.751 -1.725 -1.696 -1.664 -1.630 -1.593 
-1.553 -1.510 -1.464 -1.415 -1.362 -1.306 -1.247 -1.183 -1.116 -1.044 
-0.968 -0.888 -0.804 -0.716 -0.624 -0.530 -0.434 -0.340 -0.250 -0.170 
-0.104 -0.058 -0.032 -0.022 -0.021 -0.023 -0.021 -0.010 0.015 0.057 
0.122 0.215 0.330 0.417 0.412 0.390 0.388 0.366 0.291 0.164 
0.006 -0.159 -0.316 -0.462 -0.594 -0.714 -0.823 -0.923 -1.014 -1.097 
-1.174 -1.245 -1.310 -1.371 -1.427 -1.478 -1.526 -1.569 -1.610 -1.647 
-1.668 
-1.595 -1.604 -1.627 -1.649 -1.667 -1.684 -1.698 -1.709 -1.719 -1.726 
-1.731 -1.734 -1.735 -1.734 -1.731 -1.725 -1.718 -1.708 -1.697 -1.683 
-1.667 -1.649 -1.629 -1.606 -1.582 -1.555 -1.526 -1.495 -1.461 -1.426 
-1.388 -1.348 -1.306 -1.261 -1.215 -1.166 -1.116 -1.065 -1.012 -0.958 
-0.903 -0.847 -0.792 -0.736 -0.680 -0.624 -0.568 -0.512 -0.458 -0.406 
-0.359 -0.320 -0.289 -0.264 -0.242 -0.219 -0.191 -0.157 -0.115 -0.064 
-0.002 0.069 0.149 0.229 0.297 0.331 0.316 0.248 0.137 -0.002 
-0.147 -0.288 -0.419 -0.539 -0.649 -0.749 -0.841 -0.925 -1.003 -1.074 
-1.140 -1.201 -1.258 -1.310 -1.358 -1.403 -1.444 -1.482 -1.517 -1.548 
-1.585 
-1.678 -1.707 -1.733 -1.755 -1.776 -1.794 -1.810 -1.823 -1.834 -1.843 
-1.850 -1.854 -1.857 -1.857 -1.855 -1.851 -1.845 -1.837 -1.826 -1.814 
-1.799 -1.782 -1.763 -1.741 -1.717 -1.690 -1.662 -1.630 -1.596 -1.560 
-1.520 -1.478 -1.433 -1.385 -1.333 -1.279 -1.221 -1.160 -1.095 -1.027 
-0.955 -0.880 -0.802 -0.722 -0.641 -0.560 -0.482 -0.409 -0.342 -0.283 
-0.232 -0.190 -0.156 -0.130 -0.110 -0.093 -0.077 -0.060 -0.040 -0.017 
0.008 0.034 0.057 0.073 0.076 0.058 0.010 -0.065 -0.156 -0.249 
-0.342 -0.436 -0.535 -0.637 -0.737 -0.833 -0.924 -1.008 -1.086 -1.158 
-1.225 -1.288 -1.346 -1.400 -1.450 -1.496 -1.539 -1.578 -1.615 -1.648 
-1.669 
-1.771 -1.792 -1.824 -1.854 -1.880 -1.903 -1.924 -1.942 -1.957 -1.970 
-1.980 -1.988 -1.993 -1.996 -1.997 -1.995 -1.991 -1.985 -1.976 -1.964 
-1.951 -1.934 -1.915 -1.894 -1.870 -1.843 -1.813 -1.780 -1.744 -1.704 
-1.662 -1.616 -1.566 -1.512 -1.453 -1.391 -1.323 -1.251 -1.173 -1.090 
-1.003 -0.911 -0.816 -0.720 -0.628 -0.545 -0.474 -0.418 -0.368 -0.302 
-0.226 -0.252 -0.342 -0.407 -0.448 -0.474 -0.489 -0.497 -0.496 -0.489 
-0.476 -0.459 -0.438 -0.417 -0.395 -0.372 -0.344 -0.310 -0.272 -0.240 
-0.229 -0.246 -0.286 -0.343 -0.436 -0.571 -0.713 -0.844 -0.961 -1.066 
-1.161 -1.247 -1.325 -1.397 -1.462 -1.522 -1.578 -1.628 -1.675 -1.718 
-1.757 
-1.953 -2.005 -2.047 -2.085 -2.120 -2.151 -2.179 -2.204 -2.226 -2.245 
-2.261 -2.275 -2.286 -2.295 -2.301 -2.305 -2.306 -2.304 -2.300 -2.294 
-2.285 -2.273 -2.259 -2.242 -2.223 -2.200 -2.175 -2.147 -2.115 -2.081 
-2.042 -2.001 -1.955 -1.905 -1.851 -1.792 -1.729 -1.659 -1.584 -1.502 
-1.413 -1.316 -1.211 -1.096 -0.972 -0.834 -0.675 -0.484 -0.247 0.013 
0.189 0.157 -0.030 -0.245 -0.421 -0.554 -0.654 -0.729 -0.784 -0.822 
-0.844 -0.853 -0.850 -0.833 -0.804 -0.761 -0.705 -0.635 -0.553 -0.459 
-0.357 -0.253 -0.159 -0.108 -0.154 -0.302 -0.500 -0.698 -0.876 -1.032 
-1.168 -1.289 -1.396 -1.492 -1.579 -1.658 -1.730 -1.795 -1.855 -1.910 
-1.938 
-2.014 -2.046 -2.086 -2.123 -2.156 -2.186 -2.214 -2.238 -2.259 -2.278 
-2.294 -2.308 -2.318 -2.327 -2.333 -2.336 -2.337 -2.336 -2.332 -2.325 
-2.317 -2.305 -2.291 -2.275 -2.255 -2.234 -2.209 -2.181 -2.150 -2.116 
-2.078 -2.037 -1.992 -1.943 -1.890 -1.831 -1.768 -1.699 -1.623 -1.539 
-1.448 -1.346 -1.233 -1.106 -0.962 -0.798 -0.607 -0.388 -0.150 0.064 
0.180 0.128 -0.038 -0.219 -0.373 -0.496 -0.592 -0.665 -0.719 -0.756 
-0.778 -0.786 -0.780 -0.760 -0.726 -0.678 -0.612 -0.530 -0.431 -0.321 
-0.217 -0.149 -0.144 -0.206 -0.331 -0.505 -0.688 -0.858 -1.009 -1.144 
-1.265 -1.373 -1.471 -1.560 -1.641 -1.714 -1.782 -1.844 -1.901 -1.954 
-1.999 
-2.036 -2.086 -2.127 -2.164 -2.197 -2.228 -2.255 -2.279 -2.300 -2.319 
-2.334 -2.347 -2.358 -2.365 -2.371 -2.373 -2.374 -2.371 -2.366 -2.359 
-2.349 -2.336 -2.321 -2.303 -2.282 -2.259 -2.232 -2.202 -2.169 -2.132 
-2.091 -2.047 -1.998 -1.945 -1.887 -1.823 -1.754 -1.677 -1.593 -1.501 
-1.398 -1.285 -1.159 -1.020 -0.870 -0.710 -0.541 -0.359 -0.188 -0.086 
-0.099 -0.220 -0.387 -0.540 -0.666 -0.766 -0.844 -0.903 -0.947 -0.977 
-0.995 -1.000 -0.993 -0.975 -0.945 -0.901 -0.844 -0.772 -0.683 -0.578 
-0.465 -0.360 -0.295 -0.298 -0.384 -0.532 -0.703 -0.871 -1.025 -1.163 
-1.287 -1.399 -1.500 -1.591 -1.674 -1.749 -1.818 -1.882 -1.940 -1.993 
-2.022 
-1.913 -1.941 -1.977 -2.009 -2.039 -2.065 -2.088 -2.109 -2.127 -2.142 
-2.154 -2.164 -2.171 -2.176 -2.178 -2.178 -2.175 -2.170 -2.162 -2.151 
-2.138 -2.122 -2.104 -2.083 -2.058 -2.031 -2.000 -1.967 -1.929 -1.888 
-1.844 -1.794 -1.741 -1.682 -1.618 -1.548 -1.472 -1.388 -1.295 -1.194 
-1.082 -0.960 -0.829 -0.692 -0.563 -0.459 -0.400 -0.387 -0.398 -0.431 
-0.513 -0.619 -0.715 -0.794 -0.858 -0.910 -0.950 -0.980 -1.002 -1.015 
-1.020 -1.017 -1.007 -0.990 -0.965 -0.932 -0.891 -0.843 -0.789 -0.728 
-0.667 -0.610 -0.572 -0.573 -0.627 -0.720 -0.828 -0.941 -1.051 -1.156 
-1.254 -1.345 -1.429 -1.506 -1.578 -1.644 -1.704 -1.760 -1.811 -1.858 
-1.899 
-1.885 -1.901 -1.932 -1.960 -1.986 -2.009 -2.029 -2.047 -2.062 -2.075 
-2.086 -2.094 -2.101 -2.104 -2.106 -2.105 -2.102 -2.097 -2.089 -2.080 
-2.067 -2.053 -2.036 -2.016 -1.994 -1.969 -1.942 -1.911 -1.878 -1.842 
-1.803 -1.760 -1.714 -1.665 -1.611 -1.554 -1.492 -1.426 -1.355 -1.279 
-1.197 -1.111 -1.019 -0.923 -0.826 -0.737 -0.668 -0.630 -0.624 -0.642 
-0.671 -0.703 -0.735 -0.767 -0.798 -0.826 -0.850 -0.871 -0.887 -0.899 
-0.907 -0.910 -0.910 -0.906 -0.900 -0.891 -0.882 -0.871 -0.861 -0.851 
-0.840 -0.829 -0.816 -0.805 -0.815 -0.874 -0.972 -1.076 -1.172 -1.260 
-1.339 -1.412 -1.479 -1.541 -1.599 -1.653 -1.702 -1.749 -1.791 -1.831 
-1.873 
-2.052 -2.101 -2.140 -2.176 -2.209 -2.238 -2.264 -2.287 -2.307 -2.324 
-2.339 -2.351 -2.360 -2.367 -2.371 -2.373 -2.372 -2.369 -2.363 -2.355 
-2.344 -2.331 -2.315 -2.296 -2.275 -2.250 -2.223 -2.192 -2.159 -2.122 
-2.081 -2.036 -1.988 -1.935 -1.878 -1.815 -1.746 -1.672 -1.590 -1.501 
-1.402 -1.294 -1.173 -1.040 -0.896 -0.746 -0.608 -0.514 -0.489 -0.534 
-0.622 -0.721 -0.814 -0.896 -0.964 -1.021 -1.066 -1.102 -1.128 -1.145 
-1.154 -1.155 -1.149 -1.134 -1.112 -1.081 -1.043 -0.996 -0.940 -0.876 
-0.799 -0.708 -0.603 -0.507 -0.466 -0.519 -0.653 -0.824 -0.994 -1.148 
-1.284 -1.404 -1.511 -1.605 -1.690 -1.767 -1.836 -1.900 -1.957 -2.009 
-2.037 
-2.101 -2.135 -2.170 -2.201 -2.230 -2.256 -2.279 -2.299 -2.316 -2.331 
-2.343 -2.353 -2.360 -2.365 -2.368 -2.368 -2.365 -2.360 -2.353 -2.343 
-2.330 -2.315 -2.298 -2.278 -2.254 -2.229 -2.200 -2.167 -2.132 -2.093 
-2.051 -2.005 -1.954 -1.899 -1.840 -1.775 -1.704 -1.626 -1.542 -1.450 
-1.348 -1.237 -1.114 -0.980 -0.835 -0.683 -0.539 -0.426 -0.371 -0.384 
-0.447 -0.536 -0.628 -0.713 -0.786 -0.847 -0.895 -0.931 -0.957 -0.972 
-0.978 -0.973 -0.960 -0.938 -0.907 -0.870 -0.827 -0.782 -0.741 -0.711 
-0.699 -0.708 -0.731 -0.761 -0.805 -0.890 -1.011 -1.139 -1.259 -1.368 
-1.467 -1.557 -1.639 -1.714 -1.783 -1.847 -1.905 -1.959 -2.009 -2.055 
-2.088 
-1.967 -2.023 -2.061 -2.096 -2.128 -2.158 -2.185 -2.210 -2.231 -2.251 
-2.267 -2.282 -2.293 -2.303 -2.309 -2.314 -2.315 -2.315 -2.312 -2.306 
-2.298 -2.288 -2.275 -2.259 -2.241 -2.219 -2.195 -2.168 -2.138 -2.105 
-2.069 -2.028 -1.984 -1.937 -1.884 -1.828 -1.766 -1.699 -1.627 -1.548 
-1.463 -1.371 -1.272 -1.166 -1.055 -0.941 -0.832 -0.739 -0.680 -0.663 
-0.680 -0.714 -0.754 -0.795 -0.836 -0.878 -0.920 -0.960 -0.995 -1.024 
-1.044 -1.056 -1.061 -1.058 -1.047 -1.030 -1.008 -0.982 -0.956 -0.935 
-0.924 -0.927 -0.947 -0.982 -1.031 -1.090 -1.157 -1.227 -1.298 -1.369 
-1.437 -1.502 -1.565 -1.626 -1.684 -1.740 -1.793 -1.844 -1.893 -1.939 
-1.956 
-1.761 -1.769 -1.812 -1.854 -1.893 -1.931 -1.966 -1.999 -2.029 -2.057 
-2.082 -2.105 -2.125 -2.144 -2.159 -2.172 -2.183 -2.192 -2.198 -2.202 
-2.203 -2.202 -2.198 -2.192 -2.183 -2.172 -2.158 -2.141 -2.121 -2.098 
-2.073 -2.044 -2.011 -1.975 -1.935 -1.890 -1.841 -1.788 -1.729 -1.665 
-1.596 -1.522 -1.445 -1.369 -1.294 -1.223 -1.155 -1.088 -1.020 -0.952 
-0.885 -0.819 -0.760 -0.718 -0.702 -0.715 -0.751 -0.803 -0.862 -0.921 
-0.976 -1.025 -1.066 -1.101 -1.128 -1.148 -1.161 -1.167 -1.168 -1.164 
-1.156 -1.147 -1.138 -1.132 -1.135 -1.149 -1.172 -1.201 -1.232 -1.263 
-1.295 -1.329 -1.365 -1.404 -1.445 -1.490 -1.536 -1.583 -1.630 -1.677 
-1.742 
-2.009 -2.066 -2.108 -2.146 -2.181 -2.213 -2.241 -2.267 -2.291 -2.311 
-2.328 -2.343 -2.355 -2.364 -2.371 -2.375 -2.376 -2.375 -2.370 -2.364 
-2.354 -2.341 -2.326 -2.308 -2.286 -2.262 -2.234 -2.203 -2.168 -2.129 
-2.086 -2.039 -1.987 -1.931 -1.869 -1.801 -1.728 -1.649 -1.564 -1.474 
-1.380 -1.287 -1.198 -1.123 -1.069 -1.040 -1.034 -1.039 -1.040 -1.028 
-1.012 -1.018 -1.048 -1.083 -1.118 -1.156 -1.198 -1.242 -1.281 -1.315 
-1.340 -1.357 -1.365 -1.364 -1.354 -1.335 -1.307 -1.270 -1.224 -1.170 
-1.111 -1.049 -0.993 -0.952 -0.939 -0.960 -1.014 -1.093 -1.184 -1.279 
-1.371 -1.457 -1.538 -1.613 -1.684 -1.749 -1.811 -1.869 -1.923 -1.974 
-1.996 
-2.273 -2.326 -2.368 -2.407 -2.442 -2.474 -2.503 -2.529 -2.552 -2.572 
-2.589 -2.604 -2.616 -2.625 -2.632 -2.637 -2.639 -2.638 -2.635 -2.629 
-2.621 -2.610 -2.597 -2.581 -2.562 -2.540 -2.515 -2.487 -2.456 -2.422 
-2.384 -2.342 -2.297 -2.247 -2.192 -2.133 -2.069 -1.998 -1.922 -1.840 
-1.752 -1.659 -1.562 -1.464 -1.365 -1.263 -1.152 -1.025 -0.885 -0.754 
-0.671 -0.667 -0.736 -0.843 -0.955 -1.055 -1.138 -1.206 -1.259 -1.300 
-1.328 -1.346 -1.353 -1.351 -1.339 -1.318 -1.288 -1.250 -1.204 -1.153 
-1.101 -1.057 -1.030 -1.026 -1.048 -1.097 -1.168 -1.257 -1.355 -1.457 
-1.558 -1.654 -1.746 -1.831 -1.911 -1.985 -2.054 -2.117 -2.176 -2.230 
-2.259 
-2.274 -2.307 -2.347 -2.383 -2.416 -2.445 -2.472 -2.496 -2.517 -2.535 
-2.551 -2.564 -2.575 -2.583 -2.588 -2.592 -2.593 -2.591 -2.587 -2.580 
-2.571 -2.560 -2.546 -2.529 -2.510 -2.488 -2.464 -2.436 -2.406 -2.372 
-2.335 -2.295 -2.251 -2.204 -2.152 -2.096 -2.036 -1.970 -1.900 -1.824 
-1.742 -1.654 -1.559 -1.460 -1.355 -1.249 -1.144 -1.046 -0.961 -0.896 
-0.861 -0.869 -0.913 -0.972 -1.031 -1.085 -1.131 -1.167 -1.195 -1.213 
-1.222 -1.222 -1.212 -1.193 -1.164 -1.124 -1.075 -1.017 -0.951 -0.884 
-0.823 -0.784 -0.780 -0.817 -0.893 -0.995 -1.111 -1.232 -1.350 -1.462 
-1.567 -1.665 -1.755 -1.838 -1.915 -1.985 -2.051 -2.111 -2.166 -2.217 
-2.259 
-2.261 -2.296 -2.339 -2.377 -2.413 -2.445 -2.474 -2.500 -2.524 -2.544 
-2.562 -2.577 -2.589 -2.599 -2.606 -2.611 -2.614 -2.614 -2.611 -2.606 
-2.599 -2.589 -2.577 -2.562 -2.544 -2.524 -2.501 -2.475 -2.446 -2.414 
-2.379 -2.341 -2.299 -2.253 -2.204 -2.150 -2.092 -2.029 -1.961 -1.888 
-1.810 -1.726 -1.637 -1.543 -1.445 -1.347 -1.252 -1.164 -1.091 -1.039 
-1.013 -1.013 -1.036 -1.073 -1.118 -1.163 -1.205 -1.241 -1.270 -1.291 
-1.304 -1.309 -1.305 -1.292 -1.271 -1.240 -1.199 -1.149 -1.091 -1.026 
-0.959 -0.899 -0.858 -0.846 -0.872 -0.936 -1.030 -1.143 -1.263 -1.382 
-1.495 -1.601 -1.699 -1.789 -1.873 -1.949 -2.020 -2.084 -2.144 -2.199 
-2.244 
-2.328 -2.357 -2.401 -2.440 -2.476 -2.508 -2.537 -2.563 -2.586 -2.606 
-2.623 -2.637 -2.648 -2.657 -2.664 -2.667 -2.668 -2.667 -2.663 -2.656 
-2.647 -2.635 -2.620 -2.603 -2.583 -2.560 -2.534 -2.504 -2.472 -2.436 
-2.397 -2.354 -2.307 -2.255 -2.199 -2.139 -2.073 -2.001 -1.924 -1.840 
-1.749 -1.652 -1.549 -1.440 -1.330 -1.233 -1.173 -1.160 -1.173 -1.199 
-1.233 -1.274 -1.321 -1.369 -1.416 -1.458 -1.495 -1.525 -1.547 -1.562 
-1.570 -1.570 -1.562 -1.546 -1.521 -1.488 -1.445 -1.392 -1.328 -1.252 
-1.165 -1.071 -0.987 -0.945 -0.950 -0.989 -1.062 -1.162 -1.279 -1.401 
-1.520 -1.632 -1.736 -1.831 -1.919 -1.999 -2.073 -2.140 -2.202 -2.258 
-2.310 
-2.547 -2.602 -2.641 -2.675 -2.707 -2.735 -2.759 -2.781 -2.800 -2.816 
-2.829 -2.839 -2.847 -2.852 -2.854 -2.854 -2.851 -2.846 -2.837 -2.826 
-2.813 -2.796 -2.777 -2.755 -2.730 -2.701 -2.669 -2.634 -2.595 -2.552 
-2.505 -2.453 -2.396 -2.334 -2.266 -2.192 -2.109 -2.019 -1.918 -1.807 
-1.683 -1.544 -1.391 -1.226 -1.065 -0.942 -0.897 -0.943 -1.046 -1.167 
-1.280 -1.378 -1.461 -1.531 -1.587 -1.632 -1.667 -1.691 -1.707 -1.713 
-1.710 -1.697 -1.676 -1.644 -1.601 -1.546 -1.478 -1.395 -1.294 -1.175 
-1.038 -0.901 -0.809 -0.817 -0.928 -1.092 -1.262 -1.422 -1.569 -1.703 
-1.824 -1.933 -2.032 -2.122 -2.203 -2.277 -2.345 -2.406 -2.462 -2.513 
-2.535 
-2.580 -2.616 -2.652 -2.684 -2.713 -2.739 -2.761 -2.781 -2.797 -2.811 
-2.822 -2.830 -2.835 -2.838 -2.838 -2.836 -2.831 -2.823 -2.813 -2.800 
-2.784 -2.766 -2.744 -2.719 -2.692 -2.661 -2.626 -2.588 -2.547 -2.501 
-2.451 -2.396 -2.336 -2.271 -2.199 -2.121 -2.036 -1.942 -1.840 -1.729 
-1.608 -1.481 -1.351 -1.229 -1.131 -1.070 -1.064 -1.115 -1.197 -1.288 
-1.375 -1.452 -1.519 -1.574 -1.619 -1.654 -1.680 -1.697 -1.705 -1.705 
-1.696 -1.679 -1.653 -1.618 -1.574 -1.521 -1.459 -1.389 -1.316 -1.244 
-1.182 -1.138 -1.123 -1.167 -1.273 -1.394 -1.500 -1.584 -1.660 -1.749 
-1.853 -1.959 -2.059 -2.150 -2.231 -2.304 -2.370 -2.429 -2.483 -2.532 
-2.568 
-2.501 -2.549 -2.601 -2.647 -2.689 -2.727 -2.760 -2.790 -2.816 -2.838 
-2.858 -2.874 -2.887 -2.896 -2.903 -2.907 -2.908 -2.906 -2.901 -2.893 
-2.883 -2.869 -2.852 -2.831 -2.808 -2.781 -2.750 -2.715 -2.677 -2.634 
-2.586 -2.534 -2.475 -2.411 -2.340 -2.261 -2.174 -2.078 -1.971 -1.854 
-1.727 -1.594 -1.469 -1.371 -1.321 -1.327 -1.375 -1.443 -1.515 -1.586 
-1.657 -1.728 -1.796 -1.859 -1.914 -1.960 -1.998 -2.028 -2.049 -2.063 
-2.069 -2.068 -2.059 -2.042 -2.017 -1.983 -1.942 -1.893 -1.838 -1.780 
-1.727 -1.682 -1.646 -1.606 -1.552 -1.478 -1.396 -1.333 -1.318 -1.369 
-1.473 -1.605 -1.741 -1.871 -1.990 -2.097 -2.193 -2.280 -2.358 -2.428 
-2.480 
-2.414 -2.458 -2.511 -2.560 -2.604 -2.643 -2.679 -2.712 -2.741 -2.767 
-2.789 -2.809 -2.825 -2.839 -2.849 -2.857 -2.863 -2.865 -2.865 -2.862 
-2.856 -2.848 -2.837 -2.823 -2.806 -2.785 -2.762 -2.736 -2.706 -2.673 
-2.636 -2.594 -2.549 -2.499 -2.444 -2.383 -2.317 -2.243 -2.163 -2.074 
-1.978 -1.874 -1.766 -1.664 -1.577 -1.507 -1.448 -1.397 -1.363 -1.357 
-1.382 -1.433 -1.499 -1.571 -1.640 -1.703 -1.759 -1.806 -1.845 -1.876 
-1.899 -1.915 -1.923 -1.925 -1.919 -1.906 -1.885 -1.858 -1.822 -1.778 
-1.727 -1.667 -1.600 -1.527 -1.451 -1.379 -1.322 -1.294 -1.309 -1.370 
-1.466 -1.579 -1.697 -1.811 -1.918 -2.017 -2.108 -2.191 -2.267 -2.337 
-2.392 
-2.397 -2.428 -2.473 -2.514 -2.551 -2.585 -2.615 -2.642 -2.666 -2.686 
-2.704 -2.719 -2.731 -2.741 -2.747 -2.751 -2.753 -2.751 -2.747 -2.740 
-2.730 -2.718 -2.703 -2.685 -2.664 -2.639 -2.612 -2.581 -2.547 -2.509 
-2.467 -2.421 -2.371 -2.315 -2.255 -2.189 -2.117 -2.039 -1.954 -1.863 
-1.765 -1.661 -1.555 -1.450 -1.355 -1.278 -1.234 -1.235 -1.276 -1.338 
-1.409 -1.482 -1.553 -1.618 -1.675 -1.725 -1.767 -1.801 -1.827 -1.847 
-1.860 -1.866 -1.865 -1.859 -1.845 -1.826 -1.800 -1.767 -1.729 -1.684 
-1.635 -1.581 -1.527 -1.476 -1.433 -1.405 -1.399 -1.420 -1.467 -1.538 
-1.624 -1.716 -1.808 -1.898 -1.983 -2.062 -2.136 -2.205 -2.268 -2.326 
-2.379 
-2.483 -2.539 -2.585 -2.627 -2.665 -2.700 -2.731 -2.759 -2.783 -2.805 
-2.824 -2.840 -2.853 -2.863 -2.870 -2.875 -2.877 -2.876 -2.873 -2.867 
-2.858 -2.847 -2.832 -2.815 -2.794 -2.771 -2.744 -2.714 -2.681 -2.643 
-2.602 -2.556 -2.506 -2.451 -2.390 -2.323 -2.250 -2.168 -2.079 -1.980 
-1.869 -1.747 -1.611 -1.463 -1.310 -1.172 -1.083 -1.073 -1.138 -1.242 
-1.353 -1.458 -1.551 -1.632 -1.703 -1.764 -1.814 -1.856 -1.889 -1.913 
-1.931 -1.941 -1.943 -1.939 -1.928 -1.910 -1.885 -1.852 -1.813 -1.766 
-1.714 -1.656 -1.595 -1.537 -1.489 -1.460 -1.459 -1.490 -1.549 -1.629 
-1.720 -1.814 -1.909 -1.999 -2.085 -2.166 -2.241 -2.311 -2.375 -2.434 
-2.468 
-2.448 -2.482 -2.532 -2.578 -2.620 -2.659 -2.694 -2.726 -2.754 -2.780 
-2.803 -2.822 -2.839 -2.854 -2.865 -2.874 -2.880 -2.884 -2.885 -2.883 
-2.879 -2.872 -2.863 -2.850 -2.835 -2.817 -2.797 -2.773 -2.746 -2.716 
-2.682 -2.645 -2.603 -2.558 -2.508 -2.454 -2.394 -2.328 -2.256 -2.177 
-2.090 -1.993 -1.886 -1.767 -1.638 -1.508 -1.399 -1.344 -1.341 -1.362 
-1.396 -1.442 -1.499 -1.562 -1.626 -1.686 -1.741 -1.790 -1.831 -1.866 
-1.893 -1.913 -1.927 -1.934 -1.935 -1.930 -1.919 -1.901 -1.878 -1.849 
-1.814 -1.775 -1.734 -1.691 -1.652 -1.621 -1.603 -1.601 -1.616 -1.649 
-1.700 -1.767 -1.845 -1.928 -2.011 -2.091 -2.167 -2.239 -2.307 -2.370 
-2.428 
-2.497 -2.554 -2.612 -2.666 -2.714 -2.758 -2.798 -2.834 -2.866 -2.895 
-2.920 -2.942 -2.962 -2.978 -2.991 -3.001 -3.008 -3.012 -3.014 -3.013 
-3.009 -3.002 -2.993 -2.980 -2.964 -2.946 -2.924 -2.899 -2.870 -2.838 
-2.802 -2.762 -2.717 -2.668 -2.613 -2.553 -2.486 -2.412 -2.329 -2.237 
-2.134 -2.018 -1.886 -1.738 -1.576 -1.414 -1.285 -1.229 -1.252 -1.320 
-1.411 -1.516 -1.625 -1.726 -1.816 -1.894 -1.961 -2.017 -2.063 -2.101 
-2.131 -2.153 -2.168 -2.177 -2.178 -2.173 -2.162 -2.144 -2.120 -2.089 
-2.051 -2.006 -1.955 -1.898 -1.835 -1.769 -1.703 -1.643 -1.599 -1.583 
-1.605 -1.665 -1.755 -1.859 -1.966 -2.071 -2.169 -2.260 -2.344 -2.420 
-2.474 
-2.490 -2.540 -2.595 -2.644 -2.690 -2.732 -2.770 -2.804 -2.835 -2.863 
-2.888 -2.909 -2.928 -2.944 -2.957 -2.967 -2.975 -2.979 -2.982 -2.981 
-2.978 -2.972 -2.963 -2.951 -2.937 -2.920 -2.900 -2.876 -2.850 -2.819 
-2.786 -2.748 -2.707 -2.661 -2.611 -2.555 -2.494 -2.427 -2.352 -2.270 
-2.179 -2.077 -1.964 -1.838 -1.700 -1.553 -1.411 -1.289 -1.197 -1.144 
-1.155 -1.229 -1.341 -1.460 -1.572 -1.669 -1.752 -1.822 -1.880 -1.928 
-1.965 -1.994 -2.015 -2.028 -2.033 -2.032 -2.024 -2.008 -1.987 -1.959 
-1.924 -1.884 -1.839 -1.790 -1.742 -1.697 -1.661 -1.639 -1.637 -1.658 
-1.703 -1.769 -1.849 -1.937 -2.026 -2.113 -2.197 -2.276 -2.349 -2.418 
-2.470 
-2.466 -2.504 -2.559 -2.609 -2.655 -2.697 -2.735 -2.770 -2.800 -2.828 
-2.852 -2.873 -2.891 -2.905 -2.917 -2.926 -2.932 -2.935 -2.935 -2.932 
-2.926 -2.917 -2.906 -2.891 -2.873 -2.852 -2.827 -2.799 -2.767 -2.731 
-2.691 -2.647 -2.597 -2.543 -2.483 -2.417 -2.345 -2.267 -2.182 -2.091 
-1.996 -1.897 -1.795 -1.689 -1.580 -1.479 -1.405 -1.375 -1.386 -1.427 
-1.496 -1.591 -1.695 -1.793 -1.879 -1.953 -2.015 -2.067 -2.110 -2.144 
-2.170 -2.190 -2.202 -2.207 -2.206 -2.199 -2.185 -2.165 -2.138 -2.105 
-2.064 -2.017 -1.965 -1.909 -1.856 -1.811 -1.781 -1.766 -1.764 -1.774 
-1.796 -1.832 -1.883 -1.945 -2.016 -2.091 -2.168 -2.242 -2.314 -2.382 
-2.443 
-2.541 -2.588 -2.632 -2.671 -2.707 -2.738 -2.766 -2.791 -2.812 -2.830 
-2.846 -2.858 -2.867 -2.873 -2.876 -2.876 -2.874 -2.868 -2.860 -2.849 
-2.835 -2.817 -2.797 -2.773 -2.746 -2.715 -2.681 -2.643 -2.601 -2.554 
-2.503 -2.447 -2.385 -2.319 -2.246 -2.168 -2.085 -1.997 -1.908 -1.820 
-1.741 -1.677 -1.634 -1.614 -1.612 -1.620 -1.637 -1.670 -1.722 -1.785 
-1.850 -1.910 -1.964 -2.010 -2.049 -2.082 -2.107 -2.126 -2.139 -2.145 
-2.145 -2.139 -2.127 -2.109 -2.084 -2.052 -2.014 -1.967 -1.914 -1.852 
-1.784 -1.710 -1.635 -1.564 -1.509 -1.481 -1.489 -1.535 -1.609 -1.699 
-1.793 -1.887 -1.978 -2.065 -2.148 -2.227 -2.300 -2.368 -2.430 -2.488 
-2.526 
-2.558 -2.594 -2.636 -2.675 -2.710 -2.741 -2.769 -2.794 -2.816 -2.834 
-2.850 -2.863 -2.874 -2.881 -2.886 -2.889 -2.888 -2.885 -2.880 -2.872 
-2.861 -2.847 -2.830 -2.811 -2.789 -2.763 -2.735 -2.703 -2.668 -2.629 
-2.587 -2.541 -2.490 -2.435 -2.376 -2.312 -2.243 -2.169 -2.092 -2.012 
-1.932 -1.856 -1.787 -1.727 -1.680 -1.648 -1.631 -1.632 -1.648 -1.677 
-1.713 -1.754 -1.795 -1.834 -1.870 -1.901 -1.927 -1.947 -1.961 -1.970 
-1.972 -1.968 -1.959 -1.942 -1.920 -1.890 -1.854 -1.812 -1.763 -1.708 
-1.650 -1.591 -1.536 -1.493 -1.467 -1.465 -1.488 -1.534 -1.599 -1.683 
-1.781 -1.882 -1.982 -2.075 -2.161 -2.240 -2.313 -2.380 -2.441 -2.496 
-2.542 
-2.569 -2.618 -2.670 -2.718 -2.760 -2.799 -2.833 -2.864 -2.891 -2.915 
-2.935 -2.952 -2.967 -2.978 -2.986 -2.992 -2.994 -2.994 -2.991 -2.985 
-2.976 -2.964 -2.950 -2.932 -2.911 -2.887 -2.860 -2.829 -2.795 -2.757 
-2.715 -2.669 -2.619 -2.564 -2.504 -2.439 -2.368 -2.293 -2.212 -2.127 
-2.039 -1.952 -1.871 -1.802 -1.753 -1.731 -1.735 -1.762 -1.806 -1.859 
-1.916 -1.972 -2.025 -2.073 -2.116 -2.153 -2.184 -2.209 -2.228 -2.241 
-2.248 -2.250 -2.245 -2.235 -2.218 -2.195 -2.165 -2.128 -2.084 -2.033 
-1.975 -1.910 -1.840 -1.765 -1.688 -1.610 -1.537 -1.484 -1.472 -1.512 
-1.599 -1.713 -1.836 -1.956 -2.068 -2.171 -2.265 -2.350 -2.427 -2.497 
-2.548 
-2.549 -2.595 -2.649 -2.699 -2.743 -2.784 -2.820 -2.853 -2.882 -2.908 
-2.930 -2.949 -2.966 -2.979 -2.989 -2.996 -3.000 -3.001 -3.000 -2.996 
-2.988 -2.978 -2.965 -2.949 -2.930 -2.908 -2.882 -2.853 -2.821 -2.785 
-2.745 -2.700 -2.652 -2.599 -2.541 -2.479 -2.411 -2.338 -2.260 -2.179 
-2.095 -2.011 -1.932 -1.865 -1.816 -1.789 -1.786 -1.803 -1.835 -1.878 
-1.928 -1.982 -2.038 -2.091 -2.139 -2.183 -2.220 -2.252 -2.277 -2.297 
-2.310 -2.318 -2.321 -2.317 -2.308 -2.293 -2.272 -2.245 -2.211 -2.171 
-2.124 -2.070 -2.008 -1.941 -1.868 -1.794 -1.724 -1.670 -1.645 -1.657 
-1.705 -1.778 -1.866 -1.962 -2.058 -2.152 -2.241 -2.324 -2.401 -2.471 
-2.528 
-2.568 -2.616 -2.677 -2.732 -2.783 -2.829 -2.871 -2.910 -2.944 -2.975 
-3.002 -3.026 -3.047 -3.065 -3.080 -3.092 -3.101 -3.108 -3.111 -3.112 
-3.110 -3.106 -3.098 -3.088 -3.075 -3.059 -3.040 -3.018 -2.993 -2.964 
-2.932 -2.896 -2.857 -2.814 -2.766 -2.714 -2.657 -2.596 -2.529 -2.457 
-2.381 -2.300 -2.216 -2.132 -2.049 -1.971 -1.899 -1.839 -1.796 -1.779 
-1.788 -1.821 -1.870 -1.927 -1.986 -2.043 -2.094 -2.140 -2.180 -2.213 
-2.239 -2.259 -2.272 -2.279 -2.279 -2.273 -2.261 -2.242 -2.215 -2.182 
-2.141 -2.092 -2.035 -1.971 -1.903 -1.835 -1.777 -1.736 -1.715 -1.714 
-1.736 -1.783 -1.853 -1.939 -2.034 -2.131 -2.226 -2.316 -2.400 -2.478 
-2.543 
-2.659 -2.712 -2.765 -2.815 -2.859 -2.900 -2.937 -2.971 -3.001 -3.027 
-3.051 -3.072 -3.089 -3.104 -3.117 -3.126 -3.133 -3.137 -3.139 -3.138 
-3.134 -3.128 -3.119 -3.108 -3.094 -3.077 -3.057 -3.034 -3.009 -2.980 
-2.948 -2.913 -2.874 -2.832 -2.786 -2.736 -2.682 -2.623 -2.560 -2.493 
-2.421 -2.345 -2.265 -2.184 -2.103 -2.027 -1.958 -1.900 -1.858 -1.834 
-1.829 -1.842 -1.868 -1.903 -1.942 -1.981 -2.018 -2.052 -2.080 -2.103 
-2.120 -2.131 -2.135 -2.132 -2.123 -2.106 -2.082 -2.050 -2.009 -1.960 
-1.901 -1.833 -1.757 -1.675 -1.594 -1.527 -1.490 -1.497 -1.550 -1.636 
-1.740 -1.850 -1.962 -2.070 -2.173 -2.270 -2.360 -2.443 -2.519 -2.589 
-2.640 
-2.739 -2.781 -2.832 -2.878 -2.920 -2.958 -2.993 -3.023 -3.051 -3.075 
-3.095 -3.113 -3.128 -3.140 -3.149 -3.156 -3.160 -3.160 -3.159 -3.154 
-3.147 -3.137 -3.124 -3.109 -3.090 -3.068 -3.044 -3.016 -2.984 -2.950 
-2.911 -2.869 -2.822 -2.772 -2.716 -2.656 -2.590 -2.520 -2.443 -2.361 
-2.274 -2.183 -2.091 -2.003 -1.929 -1.878 -1.855 -1.856 -1.876 -1.909 
-1.952 -1.999 -2.048 -2.096 -2.141 -2.182 -2.218 -2.248 -2.272 -2.290 
-2.302 -2.308 -2.308 -2.301 -2.289 -2.269 -2.243 -2.210 -2.169 -2.121 
-2.065 -2.002 -1.932 -1.859 -1.787 -1.725 -1.686 -1.678 -1.702 -1.747 
-1.811 -1.908 -2.026 -2.144 -2.253 -2.352 -2.441 -2.523 -2.597 -2.664 
-2.720 
-2.802 -2.882 -2.945 -3.003 -3.054 -3.101 -3.144 -3.181 -3.215 -3.245 
-3.271 -3.294 -3.313 -3.329 -3.342 -3.351 -3.358 -3.362 -3.362 -3.360 
-3.354 -3.345 -3.334 -3.319 -3.301 -3.279 -3.254 -3.225 -3.193 -3.156 
-3.115 -3.070 -3.019 -2.963 -2.901 -2.832 -2.756 -2.671 -2.578 -2.474 
-2.359 -2.237 -2.111 -1.999 -1.920 -1.896 -1.925 -1.988 -2.066 -2.146 
-2.226 -2.303 -2.375 -2.440 -2.498 -2.549 -2.593 -2.630 -2.659 -2.683 
-2.700 -2.711 -2.716 -2.715 -2.708 -2.695 -2.676 -2.649 -2.616 -2.576 
-2.528 -2.471 -2.406 -2.332 -2.249 -2.159 -2.060 -1.950 -1.830 -1.723 
-1.680 -1.739 -1.875 -2.038 -2.192 -2.328 -2.448 -2.554 -2.649 -2.734 
-2.780 
-2.657 -2.695 -2.757 -2.815 -2.869 -2.919 -2.965 -3.007 -3.045 -3.080 
-3.112 -3.140 -3.165 -3.187 -3.205 -3.221 -3.234 -3.244 -3.251 -3.255 
-3.256 -3.254 -3.250 -3.243 -3.232 -3.219 -3.202 -3.183 -3.160 -3.134 
-3.104 -3.070 -3.032 -2.990 -2.944 -2.892 -2.836 -2.773 -2.704 -2.628 
-2.544 -2.453 -2.357 -2.259 -2.172 -2.104 -2.058 -2.030 -2.022 -2.035 
-2.067 -2.111 -2.161 -2.213 -2.267 -2.320 -2.371 -2.420 -2.464 -2.504 
-2.538 -2.567 -2.590 -2.608 -2.621 -2.628 -2.630 -2.627 -2.619 -2.606 
-2.587 -2.562 -2.532 -2.496 -2.453 -2.404 -2.346 -2.278 -2.201 -2.123 
-2.076 -2.087 -2.131 -2.179 -2.231 -2.288 -2.352 -2.421 -2.491 -2.561 
-2.631 
-2.722 -2.760 -2.812 -2.861 -2.908 -2.953 -2.994 -3.033 -3.068 -3.101 
-3.131 -3.158 -3.182 -3.204 -3.223 -3.239 -3.253 -3.264 -3.273 -3.279 
-3.283 -3.284 -3.282 -3.278 -3.271 -3.262 -3.250 -3.235 -3.217 -3.196 
-3.173 -3.146 -3.116 -3.082 -3.045 -3.004 -2.959 -2.909 -2.855 -2.796 
-2.732 -2.662 -2.588 -2.509 -2.428 -2.348 -2.274 -2.210 -2.158 -2.116 
-2.082 -2.056 -2.042 -2.041 -2.057 -2.086 -2.125 -2.169 -2.215 -2.259 
-2.299 -2.335 -2.366 -2.391 -2.410 -2.424 -2.431 -2.432 -2.427 -2.414 
-2.393 -2.363 -2.324 -2.275 -2.222 -2.181 -2.171 -2.194 -2.229 -2.261 
-2.285 -2.307 -2.330 -2.359 -2.395 -2.438 -2.487 -2.540 -2.595 -2.651 
-2.703 
-2.972 -3.038 -3.088 -3.133 -3.175 -3.213 -3.248 -3.280 -3.308 -3.333 
-3.355 -3.374 -3.390 -3.404 -3.415 -3.422 -3.428 -3.430 -3.430 -3.427 
-3.421 -3.413 -3.402 -3.388 -3.371 -3.351 -3.328 -3.301 -3.272 -3.239 
-3.202 -3.162 -3.117 -3.069 -3.015 -2.956 -2.893 -2.823 -2.747 -2.666 
-2.577 -2.484 -2.386 -2.287 -2.193 -2.113 -2.056 -2.028 -2.028 -2.052 
-2.089 -2.133 -2.178 -2.222 -2.266 -2.308 -2.347 -2.383 -2.413 -2.437 
-2.454 -2.464 -2.467 -2.462 -2.449 -2.428 -2.398 -2.358 -2.308 -2.246 
-2.171 -2.083 -1.982 -1.875 -1.776 -1.709 -1.697 -1.739 -1.821 -1.942 
-2.086 -2.225 -2.350 -2.460 -2.557 -2.645 -2.724 -2.797 -2.865 -2.927 
-2.957 
-3.003 -3.063 -3.119 -3.170 -3.216 -3.257 -3.295 -3.328 -3.357 -3.384 
-3.406 -3.426 -3.442 -3.456 -3.466 -3.473 -3.478 -3.480 -3.479 -3.475 
-3.468 -3.459 -3.446 -3.431 -3.413 -3.391 -3.366 -3.338 -3.307 -3.271 
-3.232 -3.189 -3.141 -3.089 -3.031 -2.969 -2.900 -2.825 -2.743 -2.654 
-2.558 -2.456 -2.352 -2.251 -2.165 -2.105 -2.081 -2.094 -2.137 -2.198 
-2.267 -2.336 -2.401 -2.460 -2.512 -2.557 -2.595 -2.626 -2.651 -2.669 
-2.680 -2.686 -2.684 -2.677 -2.662 -2.641 -2.612 -2.575 -2.529 -2.473 
-2.407 -2.328 -2.235 -2.129 -2.011 -1.888 -1.770 -1.673 -1.637 -1.698 
-1.838 -2.007 -2.173 -2.323 -2.456 -2.574 -2.678 -2.772 -2.857 -2.932 
-2.983 
-2.888 -2.917 -2.974 -3.025 -3.072 -3.115 -3.154 -3.189 -3.220 -3.248 
-3.273 -3.295 -3.313 -3.329 -3.342 -3.352 -3.359 -3.364 -3.366 -3.365 
-3.362 -3.356 -3.347 -3.336 -3.322 -3.305 -3.286 -3.264 -3.239 -3.210 
-3.179 -3.145 -3.108 -3.067 -3.023 -2.975 -2.924 -2.870 -2.811 -2.750 
-2.685 -2.618 -2.549 -2.482 -2.422 -2.375 -2.349 -2.344 -2.354 -2.373 
-2.397 -2.424 -2.452 -2.481 -2.508 -2.534 -2.557 -2.577 -2.593 -2.606 
-2.614 -2.617 -2.616 -2.609 -2.598 -2.581 -2.558 -2.529 -2.493 -2.451 
-2.401 -2.343 -2.277 -2.202 -2.120 -2.032 -1.942 -1.864 -1.824 -1.851 
-1.926 -2.024 -2.132 -2.242 -2.349 -2.450 -2.545 -2.633 -2.714 -2.787 
-2.853 
