IRGRID 64 91
1e+308

0.025 0.03 0.035 0.04 0.045 0.05 0.055 0.06 0.065 0.07
0.075 0.08 0.085 0.09 0.095 0.1 0.11 0.12 0.13 0.14
0.15 0.16 0.17 0.18 0.19 0.2 0.21 0.22 0.23 0.24
0.25 0.26 0.27 0.28 0.29 0.3 0.31 0.32 0.33 0.34
0.35 0.36 0.37 0.38 0.39 0.4 0.41 0.42 0.43 0.44
0.45 0.46 0.47 0.48 0.49 0.5 0.51 0.52 0.53 0.54
0.55 0.56 0.57 0.58
0 4 8 12 16 20 24 28 32 36
40 44 48 52 56 60 64 68 72 76
80 84 88 92 96 100 104 108 112 116
120 124 128 132 136 140 144 148 152 156
160 164 168 172 176 180 184 188 192 196
200 204 208 212 216 220 224 228 232 236
240 244 248 252 256 260 264 268 272 276
280 284 288 292 296 300 304 308 312 316
320 324 328 332 336 340 344 348 352 356
360
-3.180 -3.296 -3.330 -3.359 -3.385 -3.409 -3.430 -3.449 -3.468 -3.486 
-3.503 -3.519 -3.536 -3.551 -3.567 -3.581 -3.595 -3.608 -3.621 -3.632 
-3.642 -3.651 -3.659 -3.665 -3.669 -3.672 -3.672 -3.671 -3.668 -3.663 
-3.656 -3.646 -3.634 -3.619 -3.602 -3.582 -3.559 -3.532 -3.503 -3.469 
-3.432 -3.391 -3.344 -3.293 -3.236 -3.172 -3.101 -3.022 -2.932 -2.829 
-2.712 -2.576 -2.417 -2.236 -2.045 -1.896 -1.819 -1.758 -1.728 -1.793 
-1.944 -2.123 -2.287 -2.424 -2.538 -2.632 -2.709 -2.772 -2.823 -2.863 
-2.893 -2.913 -2.924 -2.926 -2.919 -2.904 -2.880 -2.851 -2.818 -2.788 
-2.767 -2.764 -2.785 -2.830 -2.891 -2.960 -3.031 -3.098 -3.158 -3.211 
-3.179 
-2.743 -2.811 -2.872 -2.928 -2.979 -3.025 -3.066 -3.103 -3.136 -3.165 
-3.191 -3.214 -3.233 -3.249 -3.261 -3.271 -3.278 -3.282 -3.283 -3.280 
-3.275 -3.266 -3.255 -3.239 -3.221 -3.199 -3.173 -3.144 -3.111 -3.073 
-3.031 -2.985 -2.934 -2.879 -2.820 -2.757 -2.691 -2.624 -2.560 -2.500 
-2.451 -2.415 -2.395 -2.390 -2.394 -2.401 -2.402 -2.391 -2.360 -2.303 
-2.217 -2.095 -1.936 -1.751 -1.575 -1.475 -1.498 -1.606 -1.734 -1.865 
-1.991 -2.096 -2.176 -2.235 -2.277 -2.303 -2.316 -2.318 -2.308 -2.287 
-2.258 -2.220 -2.176 -2.130 -2.088 -2.055 -2.037 -2.031 -2.034 -2.040 
-2.051 -2.072 -2.111 -2.169 -2.244 -2.329 -2.418 -2.506 -2.590 -2.670 
-2.719 
-2.407 -2.436 -2.476 -2.512 -2.545 -2.574 -2.600 -2.622 -2.642 -2.658 
-2.672 -2.683 -2.691 -2.696 -2.698 -2.698 -2.695 -2.689 -2.680 -2.668 
-2.654 -2.637 -2.616 -2.593 -2.566 -2.536 -2.502 -2.465 -2.424 -2.379 
-2.330 -2.277 -2.220 -2.159 -2.094 -2.026 -1.956 -1.886 -1.819 -1.759 
-1.710 -1.676 -1.659 -1.658 -1.670 -1.687 -1.704 -1.712 -1.706 -1.679 
-1.628 -1.550 -1.442 -1.310 -1.164 -1.033 -0.953 -0.945 -0.995 -1.071 
-1.151 -1.223 -1.285 -1.336 -1.379 -1.415 -1.446 -1.473 -1.494 -1.508 
-1.513 -1.508 -1.493 -1.472 -1.453 -1.446 -1.460 -1.498 -1.556 -1.629 
-1.709 -1.791 -1.872 -1.951 -2.027 -2.100 -2.168 -2.231 -2.289 -2.343 
-2.391 
-1.962 -2.045 -2.070 -2.093 -2.116 -2.137 -2.157 -2.176 -2.194 -2.211 
-2.227 -2.241 -2.255 -2.267 -2.277 -2.286 -2.294 -2.300 -2.304 -2.306 
-2.307 -2.306 -2.302 -2.297 -2.289 -2.280 -2.267 -2.253 -2.236 -2.216 
-2.193 -2.167 -2.139 -2.107 -2.071 -2.032 -1.990 -1.944 -1.896 -1.845 
-1.794 -1.742 -1.689 -1.634 -1.573 -1.506 -1.429 -1.343 -1.245 -1.135 
-1.012 -0.876 -0.726 -0.567 -0.410 -0.274 -0.185 -0.159 -0.186 -0.248 
-0.325 -0.406 -0.483 -0.555 -0.620 -0.680 -0.739 -0.797 -0.858 -0.921 
-0.988 -1.056 -1.124 -1.191 -1.256 -1.320 -1.382 -1.444 -1.506 -1.567 
-1.625 -1.680 -1.731 -1.777 -1.820 -1.860 -1.896 -1.930 -1.962 -1.991 
-1.955 
-1.486 -1.475 -1.492 -1.510 -1.527 -1.544 -1.561 -1.577 -1.593 -1.609 
-1.625 -1.639 -1.653 -1.666 -1.679 -1.690 -1.700 -1.709 -1.716 -1.722 
-1.727 -1.731 -1.732 -1.732 -1.731 -1.727 -1.722 -1.715 -1.706 -1.695 
-1.683 -1.667 -1.650 -1.631 -1.609 -1.585 -1.558 -1.529 -1.497 -1.462 
-1.425 -1.384 -1.339 -1.291 -1.239 -1.183 -1.122 -1.056 -0.984 -0.906 
-0.820 -0.727 -0.624 -0.512 -0.391 -0.268 -0.151 -0.044 0.059 0.191 
0.402 0.560 0.343 0.053 -0.166 -0.331 -0.462 -0.570 -0.663 -0.744 
-0.817 -0.882 -0.941 -0.995 -1.044 -1.088 -1.128 -1.165 -1.198 -1.228 
-1.256 -1.281 -1.305 -1.327 -1.348 -1.367 -1.386 -1.405 -1.423 -1.440 
-1.479 
-1.472 -1.505 -1.525 -1.544 -1.561 -1.577 -1.591 -1.603 -1.614 -1.623 
-1.631 -1.637 -1.641 -1.644 -1.644 -1.643 -1.641 -1.636 -1.630 -1.622 
-1.612 -1.600 -1.586 -1.570 -1.552 -1.532 -1.510 -1.486 -1.460 -1.432 
-1.401 -1.368 -1.334 -1.297 -1.257 -1.216 -1.173 -1.128 -1.081 -1.032 
-0.982 -0.931 -0.879 -0.826 -0.773 -0.718 -0.662 -0.604 -0.544 -0.481 
-0.413 -0.339 -0.258 -0.168 -0.065 0.052 0.190 0.355 0.562 0.826 
1.102 1.236 1.077 0.779 0.493 0.263 0.075 -0.084 -0.221 -0.343 
-0.451 -0.549 -0.638 -0.720 -0.795 -0.865 -0.929 -0.989 -1.045 -1.097 
-1.145 -1.190 -1.233 -1.272 -1.309 -1.343 -1.375 -1.405 -1.433 -1.458 
-1.464 
-1.350 -1.365 -1.382 -1.397 -1.410 -1.421 -1.429 -1.436 -1.441 -1.443 
-1.444 -1.443 -1.440 -1.434 -1.427 -1.418 -1.407 -1.394 -1.379 -1.362 
-1.343 -1.321 -1.298 -1.272 -1.245 -1.215 -1.183 -1.149 -1.112 -1.074 
-1.033 -0.990 -0.945 -0.897 -0.848 -0.797 -0.745 -0.691 -0.637 -0.582 
-0.527 -0.472 -0.418 -0.366 -0.314 -0.264 -0.216 -0.168 -0.120 -0.072 
-0.022 0.032 0.090 0.156 0.230 0.315 0.413 0.527 0.656 0.797 
0.941 1.029 0.931 0.753 0.562 0.379 0.212 0.062 -0.073 -0.194 
-0.304 -0.404 -0.496 -0.580 -0.657 -0.729 -0.795 -0.857 -0.914 -0.967 
-1.016 -1.062 -1.105 -1.145 -1.181 -1.215 -1.246 -1.275 -1.301 -1.325 
-1.343 
-1.281 -1.283 -1.302 -1.319 -1.334 -1.348 -1.359 -1.369 -1.378 -1.385 
-1.390 -1.393 -1.395 -1.396 -1.395 -1.392 -1.388 -1.382 -1.375 -1.367 
-1.357 -1.345 -1.332 -1.318 -1.302 -1.285 -1.265 -1.245 -1.223 -1.199 
-1.173 -1.145 -1.116 -1.085 -1.052 -1.017 -0.981 -0.943 -0.903 -0.861 
-0.818 -0.773 -0.728 -0.681 -0.633 -0.584 -0.533 -0.481 -0.426 -0.368 
-0.306 -0.239 -0.165 -0.084 0.008 0.111 0.230 0.368 0.527 0.706 
0.884 1.001 0.994 0.874 0.806 0.912 0.432 0.196 0.031 -0.104 
-0.220 -0.323 -0.416 -0.499 -0.576 -0.647 -0.712 -0.772 -0.828 -0.880 
-0.929 -0.974 -1.016 -1.055 -1.092 -1.126 -1.158 -1.187 -1.214 -1.239 
-1.272 
-1.332 -1.372 -1.379 -1.384 -1.388 -1.393 -1.397 -1.402 -1.407 -1.413 
-1.420 -1.427 -1.434 -1.441 -1.447 -1.452 -1.456 -1.460 -1.462 -1.463 
-1.463 -1.462 -1.460 -1.457 -1.454 -1.450 -1.445 -1.440 -1.434 -1.427 
-1.419 -1.410 -1.401 -1.390 -1.379 -1.366 -1.351 -1.335 -1.317 -1.298 
-1.276 -1.252 -1.226 -1.198 -1.166 -1.132 -1.094 -1.052 -1.007 -0.957 
-0.903 -0.842 -0.775 -0.700 -0.616 -0.520 -0.410 -0.283 -0.132 0.046 
0.249 0.457 0.647 0.786 1.170 1.397 0.979 0.388 0.056 -0.168 
-0.338 -0.476 -0.592 -0.692 -0.779 -0.855 -0.923 -0.984 -1.039 -1.087 
-1.131 -1.171 -1.206 -1.237 -1.264 -1.288 -1.309 -1.327 -1.342 -1.354 
-1.328 
-1.163 -1.122 -1.112 -1.103 -1.096 -1.092 -1.092 -1.096 -1.105 -1.119 
-1.137 -1.159 -1.185 -1.213 -1.243 -1.273 -1.304 -1.334 -1.364 -1.392 
-1.418 -1.442 -1.464 -1.484 -1.501 -1.516 -1.529 -1.540 -1.548 -1.554 
-1.558 -1.559 -1.558 -1.555 -1.550 -1.543 -1.533 -1.521 -1.507 -1.490 
-1.471 -1.449 -1.424 -1.397 -1.366 -1.332 -1.295 -1.253 -1.207 -1.156 
-1.099 -1.036 -0.965 -0.885 -0.794 -0.689 -0.567 -0.423 -0.246 -0.021 
0.280 0.657 0.926 0.833 0.688 0.827 0.208 -0.112 -0.317 -0.470 
-0.591 -0.691 -0.775 -0.847 -0.908 -0.960 -1.005 -1.042 -1.074 -1.100 
-1.121 -1.138 -1.150 -1.158 -1.163 -1.164 -1.162 -1.157 -1.150 -1.142 
-1.168 
-1.498 -1.563 -1.571 -1.578 -1.584 -1.590 -1.596 -1.604 -1.613 -1.624 
-1.636 -1.650 -1.664 -1.678 -1.691 -1.703 -1.713 -1.721 -1.727 -1.731 
-1.732 -1.731 -1.728 -1.722 -1.713 -1.703 -1.690 -1.676 -1.660 -1.642 
-1.623 -1.602 -1.579 -1.556 -1.531 -1.505 -1.478 -1.450 -1.420 -1.390 
-1.358 -1.326 -1.291 -1.255 -1.217 -1.176 -1.133 -1.087 -1.037 -0.982 
-0.922 -0.855 -0.781 -0.698 -0.603 -0.494 -0.367 -0.219 -0.045 0.155 
0.379 0.618 0.819 0.749 0.497 0.229 0.015 -0.148 -0.276 -0.381 
-0.471 -0.554 -0.634 -0.713 -0.793 -0.873 -0.951 -1.027 -1.099 -1.165 
-1.227 -1.282 -1.332 -1.377 -1.416 -1.450 -1.479 -1.503 -1.523 -1.540 
-1.494 
-1.480 -1.506 -1.545 -1.582 -1.615 -1.646 -1.674 -1.699 -1.723 -1.743 
-1.762 -1.778 -1.793 -1.805 -1.816 -1.825 -1.832 -1.838 -1.841 -1.843 
-1.844 -1.842 -1.839 -1.835 -1.828 -1.820 -1.810 -1.799 -1.785 -1.770 
-1.753 -1.734 -1.713 -1.690 -1.665 -1.638 -1.609 -1.577 -1.543 -1.506 
-1.466 -1.424 -1.378 -1.328 -1.274 -1.216 -1.154 -1.085 -1.011 -0.930 
-0.841 -0.744 -0.636 -0.517 -0.384 -0.234 -0.067 0.120 0.323 0.526 
0.699 0.825 0.817 0.682 0.524 0.396 0.295 0.214 0.146 0.085 
0.027 -0.035 -0.102 -0.177 -0.259 -0.347 -0.440 -0.534 -0.628 -0.720 
-0.809 -0.895 -0.976 -1.052 -1.124 -1.191 -1.253 -1.312 -1.366 -1.416 
-1.461 
-1.388 -1.401 -1.417 -1.433 -1.447 -1.461 -1.473 -1.485 -1.496 -1.506 
-1.516 -1.525 -1.533 -1.540 -1.546 -1.552 -1.558 -1.562 -1.566 -1.569 
-1.571 -1.572 -1.573 -1.572 -1.571 -1.569 -1.565 -1.561 -1.555 -1.548 
-1.540 -1.530 -1.519 -1.506 -1.491 -1.475 -1.457 -1.437 -1.414 -1.389 
-1.362 -1.332 -1.299 -1.263 -1.224 -1.180 -1.133 -1.081 -1.023 -0.960 
-0.890 -0.812 -0.726 -0.628 -0.517 -0.390 -0.242 -0.067 0.145 0.408 
0.722 0.971 1.005 1.029 0.469 0.199 0.014 -0.126 -0.238 -0.331 
-0.413 -0.488 -0.561 -0.632 -0.704 -0.774 -0.842 -0.907 -0.968 -1.024 
-1.075 -1.121 -1.163 -1.201 -1.235 -1.266 -1.293 -1.319 -1.342 -1.363 
-1.383 
-1.404 -1.416 -1.437 -1.458 -1.479 -1.502 -1.525 -1.548 -1.571 -1.594 
-1.617 -1.639 -1.660 -1.681 -1.701 -1.720 -1.737 -1.753 -1.768 -1.782 
-1.794 -1.804 -1.813 -1.821 -1.826 -1.831 -1.833 -1.834 -1.833 -1.830 
-1.826 -1.820 -1.811 -1.801 -1.789 -1.775 -1.758 -1.740 -1.719 -1.695 
-1.669 -1.640 -1.609 -1.574 -1.536 -1.495 -1.450 -1.400 -1.346 -1.287 
-1.223 -1.151 -1.073 -0.985 -0.886 -0.775 -0.646 -0.495 -0.312 -0.081 
0.229 0.679 1.169 1.469 1.067 0.409 0.063 -0.173 -0.350 -0.492 
-0.608 -0.706 -0.791 -0.864 -0.927 -0.983 -1.033 -1.077 -1.116 -1.151 
-1.182 -1.210 -1.235 -1.259 -1.280 -1.301 -1.320 -1.339 -1.358 -1.377 
-1.398 
-1.450 -1.490 -1.516 -1.541 -1.564 -1.587 -1.608 -1.629 -1.648 -1.666 
-1.683 -1.698 -1.712 -1.725 -1.736 -1.746 -1.754 -1.762 -1.767 -1.772 
-1.774 -1.776 -1.776 -1.774 -1.771 -1.767 -1.761 -1.754 -1.745 -1.734 
-1.722 -1.708 -1.693 -1.676 -1.657 -1.636 -1.614 -1.589 -1.562 -1.534 
-1.503 -1.469 -1.434 -1.395 -1.354 -1.310 -1.262 -1.211 -1.156 -1.097 
-1.033 -0.964 -0.888 -0.805 -0.714 -0.613 -0.498 -0.367 -0.215 -0.032 
0.199 0.508 0.961 1.376 1.243 0.884 0.486 0.201 -0.012 -0.181 
-0.321 -0.440 -0.545 -0.637 -0.720 -0.795 -0.864 -0.928 -0.986 -1.041 
-1.092 -1.139 -1.184 -1.226 -1.266 -1.303 -1.338 -1.372 -1.403 -1.433 
-1.441 
-1.331 -1.337 -1.357 -1.375 -1.392 -1.407 -1.422 -1.435 -1.447 -1.458 
-1.468 -1.477 -1.485 -1.492 -1.498 -1.503 -1.507 -1.509 -1.511 -1.512 
-1.512 -1.511 -1.509 -1.506 -1.502 -1.497 -1.491 -1.483 -1.475 -1.465 
-1.455 -1.443 -1.429 -1.415 -1.399 -1.381 -1.362 -1.341 -1.319 -1.295 
-1.268 -1.240 -1.210 -1.177 -1.141 -1.103 -1.061 -1.016 -0.968 -0.915 
-0.857 -0.794 -0.725 -0.648 -0.562 -0.466 -0.357 -0.230 -0.081 0.101 
0.331 0.642 1.053 1.430 1.265 0.875 0.505 0.236 0.032 -0.132 
-0.269 -0.385 -0.487 -0.576 -0.656 -0.728 -0.793 -0.852 -0.906 -0.956 
-1.002 -1.045 -1.084 -1.121 -1.155 -1.187 -1.216 -1.244 -1.270 -1.294 
-1.324 
-1.363 -1.379 -1.400 -1.419 -1.439 -1.458 -1.476 -1.494 -1.511 -1.527 
-1.543 -1.558 -1.573 -1.586 -1.599 -1.611 -1.622 -1.633 -1.642 -1.650 
-1.657 -1.663 -1.667 -1.671 -1.673 -1.674 -1.673 -1.672 -1.668 -1.664 
-1.657 -1.649 -1.640 -1.629 -1.616 -1.601 -1.585 -1.566 -1.545 -1.522 
-1.497 -1.470 -1.439 -1.406 -1.371 -1.331 -1.289 -1.242 -1.192 -1.137 
-1.076 -1.010 -0.937 -0.855 -0.765 -0.662 -0.545 -0.410 -0.248 -0.050 
0.209 0.583 1.152 1.514 1.207 0.679 0.291 0.035 -0.157 -0.310 
-0.435 -0.542 -0.633 -0.714 -0.784 -0.847 -0.904 -0.955 -1.001 -1.044 
-1.082 -1.118 -1.152 -1.183 -1.212 -1.239 -1.265 -1.290 -1.313 -1.336 
-1.356 
-1.466 -1.488 -1.506 -1.523 -1.539 -1.554 -1.569 -1.582 -1.596 -1.608 
-1.620 -1.632 -1.643 -1.654 -1.664 -1.673 -1.682 -1.690 -1.698 -1.704 
-1.710 -1.715 -1.720 -1.723 -1.725 -1.726 -1.726 -1.724 -1.721 -1.717 
-1.711 -1.704 -1.695 -1.684 -1.672 -1.657 -1.641 -1.622 -1.602 -1.578 
-1.553 -1.524 -1.493 -1.459 -1.421 -1.380 -1.335 -1.286 -1.232 -1.173 
-1.108 -1.037 -0.958 -0.870 -0.772 -0.661 -0.534 -0.388 -0.213 0.002 
0.285 0.674 1.014 1.167 0.757 0.364 0.106 -0.084 -0.236 -0.364 
-0.475 -0.573 -0.662 -0.744 -0.819 -0.889 -0.954 -1.013 -1.068 -1.119 
-1.166 -1.209 -1.248 -1.284 -1.317 -1.348 -1.376 -1.402 -1.425 -1.448 
-1.461 
-1.515 -1.550 -1.589 -1.625 -1.660 -1.691 -1.720 -1.748 -1.773 -1.796 
-1.817 -1.836 -1.853 -1.869 -1.883 -1.895 -1.905 -1.914 -1.921 -1.927 
-1.930 -1.932 -1.932 -1.931 -1.928 -1.923 -1.915 -1.907 -1.896 -1.883 
-1.868 -1.851 -1.832 -1.810 -1.786 -1.760 -1.731 -1.700 -1.665 -1.628 
-1.588 -1.545 -1.499 -1.449 -1.395 -1.337 -1.275 -1.208 -1.136 -1.059 
-0.975 -0.885 -0.787 -0.681 -0.565 -0.439 -0.300 -0.146 0.023 0.206 
0.399 0.590 0.782 0.791 0.670 0.543 0.410 0.284 0.167 0.059 
-0.042 -0.139 -0.233 -0.325 -0.415 -0.504 -0.591 -0.677 -0.759 -0.839 
-0.917 -0.991 -1.061 -1.129 -1.193 -1.253 -1.311 -1.365 -1.415 -1.463 
-1.499 
-1.558 -1.587 -1.629 -1.669 -1.707 -1.741 -1.773 -1.803 -1.831 -1.855 
-1.878 -1.899 -1.917 -1.933 -1.947 -1.959 -1.968 -1.976 -1.982 -1.985 
-1.987 -1.986 -1.984 -1.979 -1.973 -1.964 -1.953 -1.940 -1.925 -1.907 
-1.888 -1.866 -1.841 -1.814 -1.785 -1.753 -1.718 -1.681 -1.640 -1.597 
-1.550 -1.500 -1.446 -1.388 -1.326 -1.259 -1.188 -1.111 -1.029 -0.940 
-0.844 -0.740 -0.628 -0.506 -0.375 -0.234 -0.085 0.069 0.226 0.382 
0.522 0.624 0.665 0.642 0.570 0.479 0.387 0.302 0.219 0.132 
0.038 -0.061 -0.162 -0.262 -0.361 -0.458 -0.554 -0.646 -0.736 -0.822 
-0.905 -0.985 -1.061 -1.133 -1.201 -1.266 -1.328 -1.386 -1.441 -1.492 
-1.541 
-1.723 -1.773 -1.813 -1.850 -1.885 -1.917 -1.946 -1.973 -1.997 -2.019 
-2.039 -2.056 -2.071 -2.084 -2.094 -2.103 -2.109 -2.113 -2.115 -2.115 
-2.113 -2.109 -2.102 -2.094 -2.083 -2.070 -2.055 -2.037 -2.018 -1.996 
-1.971 -1.944 -1.914 -1.882 -1.847 -1.809 -1.768 -1.724 -1.676 -1.625 
-1.570 -1.511 -1.448 -1.381 -1.308 -1.231 -1.147 -1.057 -0.960 -0.856 
-0.743 -0.622 -0.492 -0.353 -0.209 -0.064 0.073 0.190 0.279 0.340 
0.380 0.405 0.412 0.401 0.387 0.375 0.366 0.350 0.315 0.246 
0.141 0.011 -0.132 -0.277 -0.416 -0.548 -0.670 -0.785 -0.891 -0.990 
-1.082 -1.168 -1.249 -1.324 -1.394 -1.460 -1.521 -1.579 -1.632 -1.682 
-1.710 
-1.756 -1.793 -1.829 -1.862 -1.893 -1.922 -1.948 -1.971 -1.993 -2.012 
-2.029 -2.043 -2.056 -2.067 -2.075 -2.082 -2.086 -2.089 -2.089 -2.088 
-2.084 -2.078 -2.071 -2.061 -2.049 -2.036 -2.020 -2.002 -1.982 -1.959 
-1.935 -1.908 -1.878 -1.847 -1.812 -1.775 -1.736 -1.694 -1.649 -1.601 
-1.549 -1.495 -1.438 -1.376 -1.312 -1.243 -1.170 -1.094 -1.012 -0.926 
-0.836 -0.740 -0.638 -0.531 -0.420 -0.305 -0.191 -0.082 0.015 0.099 
0.170 0.228 0.270 0.290 0.286 0.257 0.208 0.147 0.076 -0.009 
-0.111 -0.227 -0.351 -0.476 -0.596 -0.710 -0.816 -0.916 -1.009 -1.097 
-1.178 -1.254 -1.325 -1.392 -1.455 -1.513 -1.568 -1.619 -1.667 -1.712 
-1.744 
-1.719 -1.742 -1.780 -1.815 -1.848 -1.877 -1.904 -1.929 -1.951 -1.971 
-1.989 -2.004 -2.018 -2.029 -2.038 -2.045 -2.050 -2.053 -2.053 -2.052 
-2.049 -2.044 -2.036 -2.027 -2.016 -2.002 -1.987 -1.969 -1.950 -1.928 
-1.904 -1.878 -1.849 -1.818 -1.785 -1.750 -1.712 -1.672 -1.629 -1.584 
-1.537 -1.487 -1.434 -1.379 -1.322 -1.262 -1.200 -1.137 -1.071 -1.005 
-0.937 -0.868 -0.799 -0.729 -0.660 -0.590 -0.521 -0.453 -0.385 -0.319 
-0.255 -0.195 -0.141 -0.094 -0.054 -0.017 0.020 0.055 0.077 0.073 
0.030 -0.053 -0.164 -0.292 -0.423 -0.551 -0.672 -0.785 -0.890 -0.988 
-1.079 -1.163 -1.241 -1.314 -1.382 -1.445 -1.504 -1.559 -1.610 -1.657 
-1.703 
-1.796 -1.842 -1.882 -1.920 -1.955 -1.986 -2.016 -2.042 -2.067 -2.088 
-2.108 -2.125 -2.140 -2.152 -2.163 -2.171 -2.177 -2.181 -2.183 -2.183 
-2.181 -2.177 -2.171 -2.162 -2.152 -2.139 -2.124 -2.107 -2.088 -2.066 
-2.042 -2.016 -1.987 -1.956 -1.922 -1.886 -1.847 -1.805 -1.760 -1.712 
-1.662 -1.608 -1.550 -1.489 -1.425 -1.357 -1.286 -1.211 -1.132 -1.050 
-0.964 -0.876 -0.786 -0.695 -0.605 -0.516 -0.429 -0.346 -0.269 -0.199 
-0.141 -0.097 -0.062 -0.028 0.011 0.054 0.096 0.126 0.129 0.095 
0.019 -0.090 -0.218 -0.353 -0.485 -0.613 -0.733 -0.846 -0.953 -1.052 
-1.145 -1.233 -1.314 -1.390 -1.461 -1.527 -1.589 -1.647 -1.701 -1.752 
-1.782 
-1.826 -1.854 -1.901 -1.945 -1.986 -2.023 -2.059 -2.091 -2.121 -2.148 
-2.172 -2.195 -2.215 -2.232 -2.248 -2.261 -2.272 -2.280 -2.287 -2.291 
-2.294 -2.294 -2.292 -2.288 -2.282 -2.273 -2.263 -2.250 -2.235 -2.218 
-2.198 -2.176 -2.151 -2.124 -2.095 -2.062 -2.027 -1.989 -1.948 -1.904 
-1.857 -1.806 -1.751 -1.692 -1.629 -1.562 -1.490 -1.413 -1.330 -1.242 
-1.147 -1.045 -0.935 -0.818 -0.691 -0.556 -0.412 -0.264 -0.118 0.006 
0.079 0.092 0.065 0.021 -0.024 -0.063 -0.094 -0.119 -0.146 -0.184 
-0.234 -0.294 -0.362 -0.437 -0.520 -0.609 -0.704 -0.801 -0.899 -0.995 
-1.089 -1.179 -1.265 -1.347 -1.424 -1.498 -1.567 -1.632 -1.693 -1.750 
-1.807 
-2.004 -2.064 -2.114 -2.160 -2.203 -2.243 -2.280 -2.314 -2.345 -2.374 
-2.400 -2.423 -2.444 -2.463 -2.479 -2.493 -2.505 -2.514 -2.521 -2.526 
-2.529 -2.530 -2.528 -2.525 -2.519 -2.511 -2.500 -2.488 -2.473 -2.456 
-2.436 -2.414 -2.389 -2.362 -2.332 -2.299 -2.263 -2.224 -2.182 -2.137 
-2.088 -2.035 -1.978 -1.916 -1.850 -1.778 -1.701 -1.618 -1.527 -1.430 
-1.324 -1.209 -1.084 -0.950 -0.807 -0.652 -0.482 -0.295 -0.101 0.056 
0.122 0.085 -0.010 -0.113 -0.202 -0.271 -0.320 -0.355 -0.377 -0.391 
-0.404 -0.422 -0.455 -0.508 -0.583 -0.677 -0.783 -0.895 -1.009 -1.120 
-1.228 -1.330 -1.426 -1.517 -1.603 -1.682 -1.757 -1.827 -1.893 -1.954 
-1.987 
-2.080 -2.113 -2.159 -2.201 -2.240 -2.277 -2.310 -2.340 -2.368 -2.392 
-2.415 -2.434 -2.452 -2.467 -2.479 -2.489 -2.497 -2.503 -2.506 -2.508 
-2.507 -2.503 -2.498 -2.490 -2.480 -2.467 -2.453 -2.435 -2.416 -2.394 
-2.369 -2.342 -2.312 -2.279 -2.243 -2.204 -2.162 -2.117 -2.068 -2.015 
-1.958 -1.897 -1.832 -1.761 -1.686 -1.604 -1.517 -1.423 -1.323 -1.216 
-1.102 -0.984 -0.863 -0.745 -0.638 -0.550 -0.485 -0.438 -0.394 -0.347 
-0.331 -0.367 -0.418 -0.452 -0.460 -0.443 -0.400 -0.344 -0.309 -0.326 
-0.362 -0.392 -0.428 -0.487 -0.575 -0.687 -0.811 -0.939 -1.065 -1.184 
-1.297 -1.401 -1.498 -1.589 -1.673 -1.750 -1.822 -1.889 -1.952 -2.009 
-2.061 
-2.152 -2.205 -2.245 -2.282 -2.315 -2.346 -2.374 -2.400 -2.423 -2.443 
-2.461 -2.477 -2.491 -2.502 -2.511 -2.517 -2.522 -2.524 -2.524 -2.522 
-2.518 -2.511 -2.503 -2.492 -2.479 -2.464 -2.446 -2.426 -2.404 -2.379 
-2.352 -2.322 -2.289 -2.254 -2.216 -2.175 -2.131 -2.083 -2.033 -1.979 
-1.921 -1.859 -1.794 -1.725 -1.651 -1.573 -1.491 -1.405 -1.315 -1.222 
-1.127 -1.031 -0.936 -0.845 -0.761 -0.688 -0.630 -0.585 -0.550 -0.519 
-0.488 -0.451 -0.403 -0.340 -0.258 -0.155 -0.037 0.066 0.100 0.028 
-0.125 -0.300 -0.465 -0.617 -0.762 -0.902 -1.036 -1.163 -1.280 -1.389 
-1.489 -1.582 -1.668 -1.747 -1.821 -1.889 -1.952 -2.010 -2.065 -2.115 
-2.140 
-2.042 -2.081 -2.127 -2.169 -2.208 -2.245 -2.278 -2.309 -2.337 -2.362 
-2.385 -2.405 -2.423 -2.438 -2.451 -2.462 -2.471 -2.477 -2.482 -2.484 
-2.484 -2.482 -2.477 -2.470 -2.462 -2.451 -2.437 -2.422 -2.404 -2.383 
-2.361 -2.335 -2.308 -2.277 -2.244 -2.208 -2.169 -2.127 -2.082 -2.034 
-1.982 -1.927 -1.867 -1.804 -1.736 -1.664 -1.588 -1.507 -1.421 -1.331 
-1.237 -1.139 -1.039 -0.939 -0.841 -0.749 -0.666 -0.597 -0.546 -0.512 
-0.493 -0.480 -0.467 -0.450 -0.424 -0.384 -0.330 -0.270 -0.233 -0.246 
-0.287 -0.339 -0.410 -0.504 -0.616 -0.736 -0.857 -0.975 -1.088 -1.196 
-1.298 -1.394 -1.485 -1.570 -1.650 -1.725 -1.795 -1.861 -1.922 -1.978 
-2.024 
-1.961 -1.998 -2.050 -2.099 -2.145 -2.187 -2.227 -2.263 -2.296 -2.327 
-2.355 -2.380 -2.403 -2.424 -2.442 -2.457 -2.470 -2.481 -2.490 -2.496 
-2.501 -2.503 -2.502 -2.500 -2.495 -2.488 -2.479 -2.467 -2.453 -2.437 
-2.418 -2.397 -2.373 -2.347 -2.318 -2.286 -2.251 -2.213 -2.172 -2.127 
-2.079 -2.027 -1.971 -1.910 -1.845 -1.775 -1.700 -1.618 -1.530 -1.436 
-1.334 -1.225 -1.108 -0.985 -0.860 -0.739 -0.635 -0.559 -0.518 -0.512 
-0.533 -0.571 -0.614 -0.655 -0.688 -0.713 -0.727 -0.733 -0.731 -0.725 
-0.722 -0.727 -0.745 -0.773 -0.807 -0.849 -0.897 -0.955 -1.023 -1.100 
-1.182 -1.268 -1.354 -1.440 -1.522 -1.602 -1.678 -1.750 -1.818 -1.881 
-1.940 
-2.038 -2.081 -2.134 -2.184 -2.229 -2.272 -2.311 -2.347 -2.381 -2.411 
-2.438 -2.463 -2.486 -2.505 -2.523 -2.538 -2.550 -2.560 -2.568 -2.573 
-2.577 -2.577 -2.576 -2.572 -2.566 -2.558 -2.547 -2.534 -2.518 -2.500 
-2.480 -2.456 -2.430 -2.401 -2.369 -2.334 -2.296 -2.254 -2.209 -2.160 
-2.107 -2.049 -1.986 -1.918 -1.843 -1.762 -1.674 -1.577 -1.470 -1.352 
-1.220 -1.075 -0.920 -0.774 -0.663 -0.587 -0.537 -0.522 -0.547 -0.600 
-0.667 -0.735 -0.796 -0.849 -0.890 -0.920 -0.940 -0.949 -0.948 -0.938 
-0.920 -0.896 -0.869 -0.846 -0.842 -0.865 -0.914 -0.979 -1.055 -1.140 
-1.230 -1.323 -1.415 -1.506 -1.593 -1.676 -1.755 -1.829 -1.898 -1.963 
-2.018 
-2.210 -2.267 -2.317 -2.364 -2.407 -2.447 -2.483 -2.516 -2.546 -2.573 
-2.597 -2.618 -2.637 -2.653 -2.667 -2.678 -2.687 -2.694 -2.697 -2.699 
-2.698 -2.695 -2.690 -2.682 -2.671 -2.658 -2.643 -2.625 -2.604 -2.581 
-2.554 -2.525 -2.493 -2.457 -2.418 -2.376 -2.329 -2.279 -2.224 -2.165 
-2.100 -2.029 -1.952 -1.868 -1.775 -1.673 -1.560 -1.435 -1.295 -1.138 
-0.963 -0.776 -0.597 -0.466 -0.425 -0.474 -0.568 -0.668 -0.763 -0.849 
-0.921 -0.979 -1.021 -1.049 -1.063 -1.063 -1.050 -1.022 -0.980 -0.923 
-0.852 -0.770 -0.687 -0.623 -0.606 -0.655 -0.762 -0.904 -1.053 -1.198 
-1.333 -1.457 -1.572 -1.676 -1.773 -1.861 -1.943 -2.019 -2.088 -2.153 
-2.193 
-2.266 -2.312 -2.361 -2.407 -2.448 -2.487 -2.522 -2.553 -2.582 -2.608 
-2.631 -2.652 -2.669 -2.685 -2.697 -2.708 -2.716 -2.721 -2.724 -2.725 
-2.724 -2.720 -2.713 -2.704 -2.693 -2.680 -2.663 -2.644 -2.623 -2.599 
-2.572 -2.542 -2.509 -2.473 -2.433 -2.390 -2.343 -2.292 -2.236 -2.176 
-2.111 -2.040 -1.962 -1.878 -1.786 -1.686 -1.575 -1.455 -1.324 -1.184 
-1.039 -0.900 -0.782 -0.707 -0.697 -0.749 -0.825 -0.900 -0.966 -1.021 
-1.067 -1.103 -1.129 -1.145 -1.151 -1.146 -1.131 -1.104 -1.064 -1.011 
-0.943 -0.863 -0.776 -0.699 -0.661 -0.688 -0.782 -0.921 -1.077 -1.230 
-1.372 -1.502 -1.620 -1.727 -1.824 -1.913 -1.994 -2.069 -2.137 -2.200 
-2.247 
-2.247 -2.285 -2.330 -2.371 -2.410 -2.445 -2.478 -2.508 -2.536 -2.560 
-2.583 -2.603 -2.620 -2.636 -2.649 -2.659 -2.668 -2.674 -2.678 -2.680 
-2.680 -2.678 -2.673 -2.667 -2.658 -2.646 -2.633 -2.617 -2.599 -2.578 
-2.555 -2.529 -2.501 -2.470 -2.436 -2.400 -2.360 -2.317 -2.270 -2.220 
-2.166 -2.108 -2.045 -1.978 -1.905 -1.827 -1.743 -1.653 -1.555 -1.451 
-1.342 -1.232 -1.129 -1.043 -0.976 -0.926 -0.891 -0.873 -0.870 -0.879 
-0.898 -0.921 -0.945 -0.968 -0.988 -1.004 -1.016 -1.025 -1.031 -1.036 
-1.039 -1.040 -1.040 -1.039 -1.047 -1.083 -1.151 -1.239 -1.335 -1.432 
-1.528 -1.620 -1.708 -1.790 -1.867 -1.940 -2.008 -2.071 -2.130 -2.185 
-2.231 
-2.276 -2.316 -2.371 -2.421 -2.468 -2.511 -2.550 -2.586 -2.620 -2.650 
-2.677 -2.701 -2.723 -2.742 -2.759 -2.773 -2.784 -2.794 -2.800 -2.805 
-2.807 -2.807 -2.804 -2.800 -2.792 -2.783 -2.771 -2.756 -2.739 -2.720 
-2.698 -2.673 -2.645 -2.615 -2.581 -2.544 -2.504 -2.461 -2.413 -2.362 
-2.306 -2.246 -2.180 -2.110 -2.033 -1.949 -1.858 -1.759 -1.651 -1.535 
-1.411 -1.284 -1.164 -1.063 -0.986 -0.938 -0.924 -0.943 -0.984 -1.035 
-1.088 -1.136 -1.177 -1.211 -1.236 -1.252 -1.260 -1.259 -1.251 -1.234 
-1.210 -1.177 -1.137 -1.090 -1.042 -1.006 -1.009 -1.062 -1.148 -1.251 
-1.362 -1.475 -1.586 -1.691 -1.791 -1.884 -1.970 -2.051 -2.125 -2.194 
-2.253 
-2.401 -2.459 -2.514 -2.564 -2.610 -2.652 -2.690 -2.725 -2.757 -2.786 
-2.812 -2.834 -2.854 -2.872 -2.886 -2.899 -2.908 -2.915 -2.920 -2.922 
-2.922 -2.919 -2.914 -2.906 -2.896 -2.883 -2.868 -2.850 -2.830 -2.806 
-2.780 -2.751 -2.718 -2.682 -2.643 -2.600 -2.553 -2.502 -2.447 -2.387 
-2.321 -2.249 -2.171 -2.086 -1.992 -1.890 -1.777 -1.653 -1.519 -1.374 
-1.227 -1.093 -0.995 -0.952 -0.964 -1.014 -1.082 -1.156 -1.228 -1.293 
-1.348 -1.392 -1.424 -1.445 -1.454 -1.451 -1.437 -1.410 -1.371 -1.317 
-1.249 -1.165 -1.066 -0.956 -0.849 -0.779 -0.786 -0.885 -1.044 -1.219 
-1.387 -1.540 -1.677 -1.801 -1.912 -2.013 -2.105 -2.189 -2.265 -2.336 
-2.382 
-2.449 -2.490 -2.540 -2.586 -2.628 -2.667 -2.702 -2.734 -2.763 -2.790 
-2.813 -2.834 -2.852 -2.867 -2.880 -2.891 -2.899 -2.904 -2.907 -2.908 
-2.907 -2.903 -2.897 -2.888 -2.877 -2.863 -2.847 -2.828 -2.807 -2.783 
-2.756 -2.726 -2.694 -2.658 -2.618 -2.575 -2.529 -2.478 -2.424 -2.364 
-2.300 -2.231 -2.155 -2.073 -1.985 -1.888 -1.784 -1.671 -1.550 -1.421 
-1.291 -1.166 -1.063 -0.998 -0.977 -0.997 -1.043 -1.102 -1.163 -1.218 
-1.264 -1.300 -1.324 -1.338 -1.340 -1.330 -1.309 -1.276 -1.231 -1.175 
-1.108 -1.035 -0.964 -0.910 -0.888 -0.909 -0.983 -1.108 -1.257 -1.407 
-1.547 -1.676 -1.794 -1.901 -1.998 -2.088 -2.169 -2.245 -2.314 -2.378 
-2.430 
-2.519 -2.556 -2.604 -2.649 -2.690 -2.728 -2.763 -2.794 -2.823 -2.849 
-2.872 -2.892 -2.910 -2.925 -2.938 -2.949 -2.957 -2.962 -2.966 -2.967 
-2.965 -2.962 -2.956 -2.947 -2.936 -2.923 -2.907 -2.889 -2.868 -2.845 
-2.819 -2.790 -2.758 -2.723 -2.684 -2.642 -2.597 -2.548 -2.494 -2.437 
-2.374 -2.307 -2.233 -2.154 -2.068 -1.975 -1.874 -1.764 -1.645 -1.517 
-1.383 -1.246 -1.116 -1.005 -0.929 -0.911 -0.952 -1.020 -1.093 -1.159 
-1.215 -1.259 -1.290 -1.309 -1.317 -1.312 -1.296 -1.269 -1.230 -1.181 
-1.125 -1.065 -1.010 -0.976 -0.985 -1.052 -1.160 -1.288 -1.420 -1.550 
-1.674 -1.789 -1.895 -1.994 -2.085 -2.169 -2.247 -2.319 -2.385 -2.446 
-2.500 
-2.643 -2.710 -2.759 -2.805 -2.847 -2.886 -2.921 -2.953 -2.983 -3.009 
-3.033 -3.054 -3.073 -3.088 -3.102 -3.113 -3.122 -3.128 -3.132 -3.134 
-3.133 -3.130 -3.124 -3.117 -3.107 -3.094 -3.079 -3.061 -3.041 -3.019 
-2.993 -2.965 -2.934 -2.899 -2.862 -2.821 -2.776 -2.728 -2.676 -2.619 
-2.557 -2.491 -2.418 -2.339 -2.253 -2.159 -2.056 -1.942 -1.816 -1.676 
-1.519 -1.344 -1.153 -0.963 -0.818 -0.770 -0.826 -0.936 -1.051 -1.151 
-1.232 -1.294 -1.339 -1.368 -1.382 -1.382 -1.367 -1.337 -1.292 -1.230 
-1.151 -1.056 -0.956 -0.883 -0.880 -0.971 -1.128 -1.307 -1.481 -1.639 
-1.781 -1.909 -2.025 -2.129 -2.225 -2.313 -2.393 -2.467 -2.535 -2.598 
-2.627 
-2.537 -2.572 -2.621 -2.667 -2.709 -2.747 -2.783 -2.815 -2.844 -2.871 
-2.895 -2.916 -2.935 -2.951 -2.965 -2.976 -2.985 -2.992 -2.996 -2.999 
-2.998 -2.996 -2.991 -2.984 -2.975 -2.963 -2.949 -2.933 -2.914 -2.892 
-2.868 -2.841 -2.812 -2.779 -2.743 -2.704 -2.662 -2.616 -2.567 -2.513 
-2.455 -2.393 -2.325 -2.252 -2.173 -2.087 -1.993 -1.892 -1.781 -1.660 
-1.527 -1.384 -1.234 -1.093 -0.986 -0.935 -0.937 -0.969 -1.017 -1.073 
-1.129 -1.178 -1.219 -1.250 -1.270 -1.280 -1.282 -1.274 -1.260 -1.241 
-1.218 -1.195 -1.175 -1.165 -1.188 -1.258 -1.351 -1.444 -1.528 -1.610 
-1.699 -1.798 -1.900 -2.000 -2.093 -2.179 -2.259 -2.332 -2.399 -2.462 
-2.518 
-2.496 -2.555 -2.620 -2.678 -2.732 -2.782 -2.827 -2.868 -2.906 -2.940 
-2.971 -2.999 -3.023 -3.045 -3.064 -3.080 -3.094 -3.105 -3.113 -3.119 
-3.123 -3.123 -3.122 -3.118 -3.111 -3.102 -3.090 -3.076 -3.059 -3.039 
-3.016 -2.991 -2.962 -2.930 -2.895 -2.857 -2.814 -2.768 -2.718 -2.663 
-2.602 -2.537 -2.465 -2.387 -2.300 -2.205 -2.100 -1.983 -1.851 -1.702 
-1.535 -1.355 -1.182 -1.063 -1.041 -1.105 -1.204 -1.305 -1.398 -1.479 
-1.550 -1.609 -1.657 -1.693 -1.719 -1.734 -1.741 -1.739 -1.729 -1.713 
-1.692 -1.667 -1.640 -1.610 -1.575 -1.532 -1.481 -1.428 -1.391 -1.389 
-1.436 -1.528 -1.648 -1.777 -1.904 -2.023 -2.133 -2.233 -2.325 -2.409 
-2.471 
-2.444 -2.495 -2.555 -2.611 -2.663 -2.711 -2.755 -2.795 -2.832 -2.866 
-2.896 -2.924 -2.949 -2.970 -2.990 -3.006 -3.020 -3.031 -3.040 -3.046 
-3.050 -3.052 -3.051 -3.047 -3.042 -3.033 -3.022 -3.009 -2.993 -2.974 
-2.953 -2.928 -2.901 -2.871 -2.838 -2.801 -2.761 -2.717 -2.669 -2.617 
-2.560 -2.499 -2.433 -2.360 -2.282 -2.197 -2.106 -2.006 -1.900 -1.786 
-1.667 -1.545 -1.429 -1.338 -1.299 -1.303 -1.323 -1.354 -1.405 -1.470 
-1.537 -1.598 -1.650 -1.691 -1.721 -1.742 -1.754 -1.757 -1.751 -1.737 
-1.715 -1.685 -1.649 -1.607 -1.563 -1.519 -1.481 -1.457 -1.454 -1.480 
-1.536 -1.619 -1.716 -1.819 -1.921 -2.020 -2.113 -2.201 -2.283 -2.359 
-2.421 
-2.425 -2.477 -2.539 -2.596 -2.649 -2.699 -2.744 -2.786 -2.825 -2.861 
-2.893 -2.923 -2.949 -2.973 -2.995 -3.013 -3.029 -3.043 -3.054 -3.063 
-3.070 -3.074 -3.075 -3.075 -3.071 -3.066 -3.058 -3.048 -3.035 -3.020 
-3.002 -2.982 -2.958 -2.932 -2.903 -2.872 -2.836 -2.798 -2.756 -2.710 
-2.661 -2.607 -2.548 -2.484 -2.415 -2.340 -2.259 -2.170 -2.074 -1.969 
-1.856 -1.735 -1.607 -1.472 -1.336 -1.207 -1.107 -1.059 -1.070 -1.126 
-1.203 -1.284 -1.359 -1.423 -1.476 -1.518 -1.549 -1.569 -1.579 -1.579 
-1.571 -1.555 -1.532 -1.504 -1.474 -1.445 -1.422 -1.413 -1.423 -1.461 
-1.525 -1.610 -1.706 -1.806 -1.906 -2.003 -2.095 -2.182 -2.263 -2.340 
-2.402 
-2.440 -2.504 -2.575 -2.640 -2.700 -2.756 -2.807 -2.855 -2.899 -2.939 
-2.976 -3.009 -3.040 -3.068 -3.093 -3.115 -3.134 -3.151 -3.166 -3.178 
-3.188 -3.195 -3.200 -3.202 -3.202 -3.200 -3.196 -3.189 -3.180 -3.168 
-3.154 -3.137 -3.118 -3.096 -3.072 -3.044 -3.014 -2.981 -2.944 -2.904 
-2.861 -2.814 -2.763 -2.707 -2.647 -2.582 -2.512 -2.435 -2.352 -2.261 
-2.162 -2.053 -1.935 -1.805 -1.666 -1.522 -1.388 -1.290 -1.251 -1.258 
-1.288 -1.329 -1.378 -1.429 -1.477 -1.518 -1.550 -1.572 -1.584 -1.584 
-1.574 -1.553 -1.521 -1.479 -1.426 -1.367 -1.307 -1.257 -1.232 -1.250 
-1.316 -1.421 -1.549 -1.683 -1.814 -1.937 -2.052 -2.158 -2.255 -2.345 
-2.413 
-2.464 -2.514 -2.587 -2.653 -2.715 -2.771 -2.823 -2.871 -2.914 -2.954 
-2.991 -3.024 -3.054 -3.082 -3.106 -3.127 -3.146 -3.162 -3.176 -3.186 
-3.195 -3.201 -3.204 -3.205 -3.204 -3.200 -3.194 -3.185 -3.174 -3.160 
-3.143 -3.124 -3.102 -3.077 -3.049 -3.018 -2.984 -2.946 -2.905 -2.860 
-2.810 -2.756 -2.697 -2.633 -2.562 -2.485 -2.400 -2.307 -2.206 -2.095 
-1.977 -1.854 -1.731 -1.603 -1.460 -1.300 -1.144 -1.039 -1.023 -1.090 
-1.196 -1.307 -1.405 -1.486 -1.552 -1.602 -1.637 -1.660 -1.669 -1.666 
-1.650 -1.621 -1.578 -1.522 -1.451 -1.368 -1.282 -1.210 -1.171 -1.178 
-1.239 -1.349 -1.488 -1.637 -1.781 -1.916 -2.039 -2.152 -2.255 -2.349 
-2.433 
-2.622 -2.701 -2.763 -2.819 -2.871 -2.918 -2.961 -3.001 -3.037 -3.069 
-3.099 -3.125 -3.148 -3.169 -3.187 -3.202 -3.214 -3.224 -3.231 -3.236 
-3.238 -3.238 -3.235 -3.230 -3.222 -3.211 -3.198 -3.183 -3.164 -3.143 
-3.119 -3.092 -3.062 -3.028 -2.992 -2.951 -2.907 -2.859 -2.806 -2.748 
-2.686 -2.617 -2.543 -2.461 -2.373 -2.275 -2.170 -2.055 -1.932 -1.805 
-1.681 -1.574 -1.501 -1.469 -1.469 -1.480 -1.478 -1.472 -1.500 -1.573 
-1.657 -1.731 -1.789 -1.832 -1.860 -1.876 -1.879 -1.871 -1.851 -1.819 
-1.774 -1.715 -1.640 -1.548 -1.441 -1.328 -1.237 -1.205 -1.252 -1.360 
-1.500 -1.652 -1.802 -1.944 -2.073 -2.191 -2.297 -2.393 -2.481 -2.561 
-2.604 
-2.572 -2.618 -2.674 -2.726 -2.774 -2.819 -2.860 -2.898 -2.932 -2.964 
-2.992 -3.018 -3.041 -3.061 -3.079 -3.094 -3.106 -3.117 -3.124 -3.129 
-3.132 -3.133 -3.131 -3.126 -3.120 -3.110 -3.099 -3.084 -3.068 -3.048 
-3.026 -3.001 -2.974 -2.943 -2.909 -2.872 -2.832 -2.788 -2.740 -2.688 
-2.632 -2.571 -2.505 -2.434 -2.357 -2.275 -2.186 -2.091 -1.990 -1.886 
-1.781 -1.684 -1.602 -1.546 -1.516 -1.512 -1.529 -1.563 -1.605 -1.651 
-1.696 -1.736 -1.770 -1.797 -1.817 -1.830 -1.835 -1.833 -1.823 -1.806 
-1.782 -1.752 -1.716 -1.674 -1.629 -1.581 -1.541 -1.529 -1.562 -1.627 
-1.709 -1.800 -1.897 -1.994 -2.089 -2.180 -2.265 -2.346 -2.421 -2.491 
-2.551 
-2.548 -2.597 -2.661 -2.720 -2.774 -2.824 -2.869 -2.911 -2.949 -2.984 
-3.015 -3.043 -3.068 -3.090 -3.110 -3.127 -3.141 -3.152 -3.161 -3.167 
-3.171 -3.172 -3.171 -3.167 -3.160 -3.152 -3.140 -3.126 -3.109 -3.090 
-3.068 -3.043 -3.014 -2.983 -2.949 -2.911 -2.869 -2.824 -2.774 -2.721 
-2.663 -2.599 -2.531 -2.457 -2.377 -2.291 -2.200 -2.102 -2.001 -1.899 
-1.801 -1.713 -1.643 -1.596 -1.570 -1.568 -1.594 -1.643 -1.704 -1.765 
-1.820 -1.868 -1.907 -1.937 -1.959 -1.972 -1.978 -1.975 -1.964 -1.945 
-1.918 -1.883 -1.840 -1.789 -1.732 -1.672 -1.611 -1.559 -1.527 -1.528 
-1.568 -1.644 -1.745 -1.857 -1.971 -2.081 -2.185 -2.281 -2.370 -2.452 
-2.522 
-2.618 -2.685 -2.751 -2.812 -2.867 -2.918 -2.966 -3.009 -3.048 -3.084 
-3.117 -3.147 -3.173 -3.197 -3.218 -3.236 -3.252 -3.265 -3.275 -3.283 
-3.288 -3.291 -3.292 -3.290 -3.285 -3.278 -3.269 -3.257 -3.242 -3.225 
-3.205 -3.182 -3.157 -3.128 -3.096 -3.061 -3.023 -2.980 -2.934 -2.884 
-2.830 -2.770 -2.706 -2.635 -2.559 -2.475 -2.384 -2.285 -2.178 -2.061 
-1.935 -1.800 -1.659 -1.517 -1.395 -1.329 -1.332 -1.388 -1.472 -1.566 
-1.654 -1.731 -1.796 -1.848 -1.888 -1.917 -1.935 -1.944 -1.943 -1.933 
-1.914 -1.887 -1.852 -1.810 -1.764 -1.716 -1.673 -1.639 -1.620 -1.612 
-1.600 -1.581 -1.661 -1.832 -1.994 -2.132 -2.250 -2.355 -2.449 -2.535 
-2.597 
-2.637 -2.711 -2.798 -2.876 -2.947 -3.011 -3.069 -3.123 -3.171 -3.215 
-3.254 -3.290 -3.323 -3.352 -3.377 -3.400 -3.419 -3.436 -3.450 -3.461 
-3.470 -3.475 -3.479 -3.479 -3.477 -3.472 -3.465 -3.455 -3.442 -3.426 
-3.408 -3.386 -3.362 -3.335 -3.304 -3.269 -3.231 -3.189 -3.143 -3.093 
-3.037 -2.976 -2.909 -2.835 -2.753 -2.663 -2.561 -2.447 -2.316 -2.165 
-1.987 -1.778 -1.574 -1.444 -1.347 -1.329 -1.413 -1.552 -1.696 -1.824 
-1.933 -2.023 -2.096 -2.154 -2.199 -2.233 -2.256 -2.268 -2.271 -2.264 
-2.247 -2.221 -2.184 -2.137 -2.078 -2.006 -1.919 -1.812 -1.675 -1.497 
-1.293 -1.148 -1.159 -1.336 -1.608 -1.858 -2.064 -2.234 -2.379 -2.504 
-2.600 
-2.697 -2.775 -2.870 -2.955 -3.030 -3.098 -3.160 -3.216 -3.266 -3.311 
-3.352 -3.389 -3.422 -3.451 -3.477 -3.500 -3.519 -3.535 -3.548 -3.559 
-3.566 -3.571 -3.573 -3.572 -3.568 -3.561 -3.552 -3.540 -3.524 -3.506 
-3.485 -3.460 -3.432 -3.400 -3.365 -3.325 -3.281 -3.233 -3.180 -3.121 
-3.055 -2.983 -2.903 -2.813 -2.713 -2.599 -2.469 -2.319 -2.143 -1.933 
-1.689 -1.443 -1.296 -1.339 -1.492 -1.657 -1.825 -1.985 -2.120 -2.230 
-2.319 -2.391 -2.448 -2.493 -2.526 -2.550 -2.564 -2.568 -2.564 -2.550 
-2.527 -2.493 -2.448 -2.389 -2.313 -2.218 -2.096 -1.941 -1.758 -1.610 
-1.499 -1.317 -1.178 -1.225 -1.470 -1.771 -2.028 -2.234 -2.403 -2.545 
-2.655 
-2.835 -2.917 -2.992 -3.059 -3.119 -3.174 -3.224 -3.269 -3.310 -3.347 
-3.380 -3.410 -3.436 -3.459 -3.479 -3.496 -3.510 -3.521 -3.529 -3.535 
-3.538 -3.538 -3.535 -3.530 -3.522 -3.512 -3.498 -3.482 -3.463 -3.440 
-3.415 -3.386 -3.354 -3.318 -3.278 -3.235 -3.187 -3.134 -3.075 -3.012 
-2.941 -2.864 -2.778 -2.683 -2.576 -2.457 -2.323 -2.171 -2.001 -1.817 
-1.638 -1.498 -1.439 -1.510 -1.655 -1.804 -1.938 -2.052 -2.146 -2.224 
-2.287 -2.337 -2.375 -2.403 -2.420 -2.429 -2.427 -2.416 -2.395 -2.364 
-2.321 -2.266 -2.195 -2.106 -1.995 -1.856 -1.681 -1.474 -1.281 -1.205 
-1.309 -1.492 -1.600 -1.727 -1.975 -2.195 -2.370 -2.514 -2.635 -2.741 
-2.811 
-2.865 -2.922 -2.994 -3.059 -3.119 -3.173 -3.223 -3.268 -3.309 -3.346 
-3.380 -3.410 -3.436 -3.460 -3.481 -3.498 -3.513 -3.525 -3.535 -3.542 
-3.546 -3.547 -3.546 -3.542 -3.536 -3.527 -3.515 -3.500 -3.483 -3.463 
-3.439 -3.413 -3.383 -3.350 -3.314 -3.273 -3.229 -3.180 -3.127 -3.068 
-3.004 -2.933 -2.856 -2.771 -2.676 -2.571 -2.455 -2.324 -2.179 -2.019 
-1.853 -1.705 -1.605 -1.573 -1.606 -1.694 -1.808 -1.922 -2.026 -2.113 
-2.186 -2.245 -2.291 -2.326 -2.350 -2.364 -2.369 -2.363 -2.348 -2.322 
-2.285 -2.236 -2.174 -2.095 -1.998 -1.878 -1.732 -1.563 -1.394 -1.301 
-1.366 -1.537 -1.744 -1.947 -2.128 -2.287 -2.426 -2.548 -2.657 -2.755 
-2.836 
-2.888 -2.973 -3.047 -3.114 -3.175 -3.231 -3.282 -3.329 -3.371 -3.410 
-3.445 -3.476 -3.504 -3.529 -3.551 -3.570 -3.586 -3.600 -3.611 -3.619 
-3.624 -3.627 -3.628 -3.625 -3.620 -3.613 -3.603 -3.590 -3.575 -3.556 
-3.535 -3.511 -3.484 -3.453 -3.419 -3.382 -3.340 -3.295 -3.246 -3.191 
-3.132 -3.067 -2.995 -2.917 -2.831 -2.736 -2.630 -2.513 -2.381 -2.235 
-2.073 -1.901 -1.735 -1.608 -1.559 -1.599 -1.700 -1.824 -1.945 -2.050 
-2.138 -2.210 -2.268 -2.312 -2.344 -2.365 -2.375 -2.375 -2.364 -2.342 
-2.308 -2.262 -2.201 -2.124 -2.026 -1.903 -1.750 -1.572 -1.402 -1.319 
-1.389 -1.573 -1.786 -1.987 -2.167 -2.326 -2.467 -2.591 -2.702 -2.802 
-2.864 
-2.790 -2.839 -2.916 -2.986 -3.051 -3.109 -3.163 -3.211 -3.256 -3.296 
-3.333 -3.366 -3.395 -3.422 -3.445 -3.465 -3.483 -3.497 -3.509 -3.518 
-3.524 -3.528 -3.529 -3.528 -3.524 -3.517 -3.508 -3.496 -3.481 -3.463 
-3.443 -3.419 -3.393 -3.363 -3.329 -3.292 -3.252 -3.207 -3.158 -3.104 
-3.045 -2.980 -2.909 -2.831 -2.745 -2.650 -2.545 -2.427 -2.295 -2.147 
-1.984 -1.811 -1.650 -1.538 -1.512 -1.571 -1.681 -1.804 -1.919 -2.019 
-2.104 -2.174 -2.230 -2.274 -2.307 -2.329 -2.341 -2.344 -2.336 -2.319 
-2.291 -2.252 -2.201 -2.136 -2.059 -1.971 -1.877 -1.784 -1.692 -1.626 
-1.628 -1.679 -1.766 -1.890 -2.033 -2.178 -2.316 -2.442 -2.557 -2.660 
-2.754 
-2.871 -2.945 -3.008 -3.066 -3.120 -3.169 -3.213 -3.254 -3.292 -3.325 
-3.356 -3.384 -3.408 -3.430 -3.449 -3.465 -3.479 -3.490 -3.499 -3.505 
-3.509 -3.510 -3.509 -3.505 -3.499 -3.490 -3.479 -3.466 -3.449 -3.430 
-3.409 -3.384 -3.357 -3.327 -3.293 -3.256 -3.216 -3.172 -3.124 -3.072 
-3.015 -2.954 -2.887 -2.814 -2.735 -2.649 -2.555 -2.452 -2.339 -2.216 
-2.083 -1.943 -1.805 -1.691 -1.627 -1.620 -1.657 -1.721 -1.796 -1.869 
-1.934 -1.988 -2.032 -2.064 -2.086 -2.098 -2.099 -2.090 -2.070 -2.039 
-1.996 -1.941 -1.873 -1.794 -1.707 -1.622 -1.560 -1.545 -1.591 -1.683 
-1.796 -1.913 -2.037 -2.167 -2.295 -2.415 -2.526 -2.626 -2.717 -2.800 
-2.851 
-2.861 -2.899 -2.957 -3.010 -3.059 -3.105 -3.147 -3.185 -3.220 -3.252 
-3.281 -3.307 -3.331 -3.351 -3.369 -3.385 -3.398 -3.408 -3.417 -3.422 
-3.426 -3.427 -3.426 -3.422 -3.416 -3.408 -3.397 -3.384 -3.369 -3.351 
-3.330 -3.307 -3.281 -3.253 -3.222 -3.187 -3.150 -3.109 -3.065 -3.018 
-2.967 -2.912 -2.853 -2.790 -2.722 -2.650 -2.574 -2.493 -2.408 -2.319 
-2.228 -2.135 -2.045 -1.964 -1.903 -1.872 -1.870 -1.887 -1.914 -1.943 
-1.972 -1.998 -2.019 -2.035 -2.044 -2.047 -2.042 -2.030 -2.010 -1.983 
-1.948 -1.906 -1.859 -1.808 -1.759 -1.718 -1.693 -1.696 -1.731 -1.792 
-1.877 -1.985 -2.104 -2.222 -2.332 -2.434 -2.528 -2.615 -2.695 -2.768 
-2.838 
-3.006 -3.071 -3.142 -3.206 -3.265 -3.319 -3.369 -3.414 -3.455 -3.492 
-3.526 -3.557 -3.584 -3.609 -3.630 -3.649 -3.665 -3.679 -3.690 -3.698 
-3.704 -3.707 -3.707 -3.706 -3.701 -3.695 -3.686 -3.674 -3.659 -3.642 
-3.623 -3.600 -3.575 -3.546 -3.515 -3.480 -3.442 -3.401 -3.355 -3.306 
-3.252 -3.194 -3.131 -3.062 -2.987 -2.906 -2.817 -2.721 -2.615 -2.500 
-2.377 -2.246 -2.115 -2.003 -1.935 -1.921 -1.952 -2.011 -2.083 -2.153 
-2.218 -2.272 -2.317 -2.352 -2.378 -2.394 -2.401 -2.398 -2.387 -2.366 
-2.336 -2.296 -2.246 -2.185 -2.114 -2.030 -1.929 -1.800 -1.648 -1.610 
-1.703 -1.829 -1.987 -2.156 -2.316 -2.462 -2.593 -2.709 -2.814 -2.908 
-2.978 
-3.052 -3.161 -3.230 -3.295 -3.355 -3.411 -3.462 -3.510 -3.554 -3.594 
-3.630 -3.663 -3.694 -3.721 -3.745 -3.766 -3.784 -3.799 -3.812 -3.822 
-3.830 -3.835 -3.837 -3.837 -3.834 -3.829 -3.821 -3.810 -3.797 -3.781 
-3.762 -3.740 -3.715 -3.687 -3.655 -3.620 -3.582 -3.539 -3.493 -3.441 
-3.385 -3.323 -3.255 -3.181 -3.099 -3.008 -2.906 -2.794 -2.667 -2.526 
-2.368 -2.200 -2.039 -1.920 -1.877 -1.912 -1.990 -2.073 -2.145 -2.208 
-2.271 -2.335 -2.395 -2.447 -2.489 -2.519 -2.538 -2.546 -2.541 -2.525 
-2.495 -2.450 -2.387 -2.302 -2.190 -2.038 -1.830 -1.563 -1.341 -1.339 
-1.575 -1.874 -2.123 -2.320 -2.479 -2.612 -2.726 -2.828 -2.921 -3.007 
-3.036 
-2.772 -2.797 -2.862 -2.925 -2.985 -3.042 -3.096 -3.147 -3.194 -3.238 
-3.279 -3.317 -3.352 -3.383 -3.412 -3.438 -3.462 -3.482 -3.500 -3.515 
-3.528 -3.538 -3.546 -3.551 -3.554 -3.555 -3.552 -3.548 -3.541 -3.531 
-3.519 -3.504 -3.487 -3.466 -3.443 -3.417 -3.388 -3.355 -3.319 -3.280 
-3.237 -3.190 -3.138 -3.082 -3.020 -2.953 -2.880 -2.799 -2.711 -2.615 
-2.509 -2.394 -2.274 -2.162 -2.075 -2.009 -1.949 -1.894 -1.858 -1.852 
-1.880 -1.933 -1.998 -2.065 -2.128 -2.182 -2.227 -2.263 -2.291 -2.310 
-2.322 -2.326 -2.324 -2.315 -2.297 -2.266 -2.207 -2.095 -1.920 -1.920 
-2.114 -2.239 -2.306 -2.350 -2.390 -2.433 -2.482 -2.538 -2.600 -2.664 
-2.744 
-2.877 -2.943 -2.998 -3.049 -3.098 -3.142 -3.184 -3.222 -3.258 -3.290 
-3.319 -3.346 -3.369 -3.391 -3.409 -3.425 -3.439 -3.450 -3.458 -3.465 
-3.469 -3.470 -3.469 -3.466 -3.461 -3.453 -3.443 -3.430 -3.415 -3.397 
-3.377 -3.354 -3.329 -3.300 -3.269 -3.234 -3.197 -3.156 -3.111 -3.063 
-3.011 -2.955 -2.894 -2.828 -2.758 -2.682 -2.600 -2.513 -2.419 -2.320 
-2.216 -2.109 -2.003 -1.901 -1.812 -1.747 -1.723 -1.735 -1.767 -1.808 
-1.854 -1.902 -1.947 -1.987 -2.019 -2.044 -2.062 -2.074 -2.079 -2.080 
-2.077 -2.073 -2.069 -2.068 -2.072 -2.084 -2.104 -2.133 -2.168 -2.210 
-2.255 -2.305 -2.361 -2.422 -2.488 -2.556 -2.624 -2.692 -2.759 -2.823 
-2.862 
-2.933 -2.992 -3.064 -3.131 -3.192 -3.249 -3.301 -3.348 -3.392 -3.432 
-3.469 -3.502 -3.531 -3.558 -3.582 -3.603 -3.621 -3.636 -3.649 -3.659 
-3.666 -3.671 -3.674 -3.674 -3.671 -3.666 -3.658 -3.648 -3.635 -3.619 
-3.601 -3.580 -3.556 -3.529 -3.499 -3.465 -3.428 -3.388 -3.343 -3.295 
-3.241 -3.183 -3.120 -3.050 -2.974 -2.891 -2.799 -2.698 -2.586 -2.462 
-2.327 -2.184 -2.040 -1.898 -1.764 -1.672 -1.663 -1.737 -1.853 -1.972 
-2.078 -2.166 -2.239 -2.298 -2.345 -2.381 -2.407 -2.424 -2.433 -2.434 
-2.429 -2.418 -2.401 -2.380 -2.354 -2.324 -2.290 -2.251 -2.209 -2.169 
-2.143 -2.145 -2.183 -2.252 -2.341 -2.440 -2.543 -2.643 -2.739 -2.829 
-2.904 
-2.944 -3.026 -3.107 -3.179 -3.246 -3.306 -3.361 -3.411 -3.457 -3.498 
-3.536 -3.570 -3.600 -3.627 -3.650 -3.671 -3.689 -3.703 -3.715 -3.724 
-3.731 -3.735 -3.735 -3.734 -3.729 -3.722 -3.712 -3.700 -3.684 -3.665 
-3.644 -3.619 -3.591 -3.560 -3.525 -3.486 -3.443 -3.396 -3.344 -3.286 
-3.223 -3.154 -3.078 -2.994 -2.901 -2.797 -2.682 -2.553 -2.410 -2.255 
-2.097 -1.958 -1.878 -1.875 -1.918 -1.973 -2.048 -2.153 -2.266 -2.367 
-2.452 -2.522 -2.578 -2.622 -2.655 -2.679 -2.693 -2.699 -2.696 -2.685 
-2.665 -2.637 -2.598 -2.550 -2.491 -2.420 -2.338 -2.245 -2.146 -2.053 
-1.985 -1.960 -1.980 -2.046 -2.169 -2.322 -2.472 -2.608 -2.730 -2.839 
-2.917 
-2.894 -2.959 -3.055 -3.142 -3.219 -3.289 -3.352 -3.409 -3.461 -3.508 
-3.550 -3.587 -3.621 -3.651 -3.678 -3.701 -3.721 -3.738 -3.752 -3.763 
-3.771 -3.776 -3.778 -3.777 -3.774 -3.767 -3.758 -3.746 -3.731 -3.713 
-3.691 -3.667 -3.638 -3.607 -3.571 -3.532 -3.488 -3.439 -3.386 -3.326 
-3.261 -3.188 -3.108 -3.019 -2.918 -2.806 -2.678 -2.532 -2.365 -2.178 
-1.984 -1.828 -1.765 -1.820 -1.955 -2.114 -2.262 -2.388 -2.495 -2.584 
-2.658 -2.719 -2.769 -2.808 -2.838 -2.860 -2.873 -2.879 -2.877 -2.867 
-2.849 -2.822 -2.787 -2.742 -2.687 -2.619 -2.538 -2.443 -2.331 -2.205 
-2.068 -1.930 -1.819 -1.787 -1.869 -2.038 -2.235 -2.420 -2.584 -2.725 
-2.830 
