IRGRID 64 91
1e+308

0.025 0.03 0.035 0.04 0.045 0.05 0.055 0.06 0.065 0.07
0.075 0.08 0.085 0.09 0.095 0.1 0.11 0.12 0.13 0.14
0.15 0.16 0.17 0.18 0.19 0.2 0.21 0.22 0.23 0.24
0.25 0.26 0.27 0.28 0.29 0.3 0.31 0.32 0.33 0.34
0.35 0.36 0.37 0.38 0.39 0.4 0.41 0.42 0.43 0.44
0.45 0.46 0.47 0.48 0.49 0.5 0.51 0.52 0.53 0.54
0.55 0.56 0.57 0.58
0 4 8 12 16 20 24 28 32 36
40 44 48 52 56 60 64 68 72 76
80 84 88 92 96 100 104 108 112 116
120 124 128 132 136 140 144 148 152 156
160 164 168 172 176 180 184 188 192 196
200 204 208 212 216 220 224 228 232 236
240 244 248 252 256 260 264 268 272 276
280 284 288 292 296 300 304 308 312 316
320 324 328 332 336 340 344 348 352 356
360
-3.590 -3.640 -3.667 -3.692 -3.715 -3.735 -3.753 -3.770 -3.784 -3.797 
-3.808 -3.817 -3.824 -3.830 -3.834 -3.836 -3.836 -3.835 -3.832 -3.828 
-3.822 -3.814 -3.804 -3.793 -3.780 -3.764 -3.747 -3.728 -3.706 -3.682 
-3.656 -3.627 -3.595 -3.561 -3.523 -3.484 -3.441 -3.398 -3.353 -3.311 
-3.271 -3.237 -3.211 -3.192 -3.182 -3.177 -3.175 -3.173 -3.169 -3.163 
-3.152 -3.136 -3.116 -3.091 -3.062 -3.028 -2.991 -2.950 -2.906 -2.859 
-2.811 -2.763 -2.717 -2.676 -2.642 -2.617 -2.604 -2.603 -2.611 -2.626 
-2.642 -2.654 -2.662 -2.670 -2.691 -2.735 -2.801 -2.881 -2.964 -3.046 
-3.122 -3.192 -3.257 -3.315 -3.369 -3.418 -3.463 -3.505 -3.543 -3.578 
-3.580 
-3.403 -3.436 -3.471 -3.502 -3.530 -3.555 -3.576 -3.595 -3.611 -3.624 
-3.634 -3.642 -3.647 -3.649 -3.649 -3.646 -3.641 -3.633 -3.622 -3.609 
-3.593 -3.575 -3.553 -3.529 -3.502 -3.471 -3.438 -3.401 -3.360 -3.317 
-3.269 -3.218 -3.163 -3.105 -3.043 -2.978 -2.911 -2.843 -2.775 -2.710 
-2.651 -2.601 -2.565 -2.546 -2.543 -2.555 -2.579 -2.610 -2.644 -2.679 
-2.711 -2.739 -2.764 -2.783 -2.796 -2.804 -2.806 -2.803 -2.793 -2.776 
-2.754 -2.724 -2.689 -2.646 -2.596 -2.538 -2.470 -2.392 -2.304 -2.214 
-2.141 -2.111 -2.120 -2.145 -2.180 -2.235 -2.314 -2.412 -2.519 -2.627 
-2.730 -2.826 -2.915 -2.996 -3.071 -3.139 -3.200 -3.257 -3.308 -3.355 
-3.389 
-2.873 -2.968 -2.998 -3.026 -3.050 -3.072 -3.091 -3.107 -3.121 -3.132 
-3.140 -3.146 -3.149 -3.150 -3.148 -3.144 -3.138 -3.129 -3.117 -3.103 
-3.086 -3.066 -3.044 -3.019 -2.992 -2.961 -2.928 -2.891 -2.851 -2.808 
-2.762 -2.713 -2.660 -2.603 -2.544 -2.481 -2.416 -2.348 -2.280 -2.213 
-2.150 -2.096 -2.053 -2.027 -2.019 -2.027 -2.048 -2.077 -2.109 -2.142 
-2.173 -2.201 -2.225 -2.244 -2.258 -2.267 -2.270 -2.268 -2.260 -2.245 
-2.223 -2.195 -2.158 -2.112 -2.055 -1.988 -1.907 -1.814 -1.712 -1.618 
-1.558 -1.559 -1.624 -1.728 -1.842 -1.950 -2.051 -2.144 -2.232 -2.315 
-2.393 -2.466 -2.534 -2.598 -2.658 -2.713 -2.765 -2.813 -2.857 -2.897 
-2.868 
-2.406 -2.399 -2.430 -2.458 -2.483 -2.506 -2.525 -2.542 -2.557 -2.569 
-2.579 -2.586 -2.591 -2.593 -2.593 -2.590 -2.585 -2.578 -2.568 -2.556 
-2.542 -2.525 -2.505 -2.483 -2.459 -2.432 -2.403 -2.371 -2.336 -2.299 
-2.260 -2.219 -2.175 -2.130 -2.083 -2.036 -1.988 -1.941 -1.896 -1.853 
-1.814 -1.780 -1.751 -1.729 -1.711 -1.698 -1.687 -1.679 -1.674 -1.674 
-1.678 -1.688 -1.702 -1.717 -1.731 -1.742 -1.751 -1.754 -1.753 -1.747 
-1.736 -1.719 -1.696 -1.667 -1.631 -1.588 -1.538 -1.485 -1.432 -1.392 
-1.377 -1.393 -1.432 -1.478 -1.525 -1.574 -1.625 -1.681 -1.739 -1.800 
-1.862 -1.924 -1.984 -2.042 -2.097 -2.150 -2.199 -2.245 -2.288 -2.328 
-2.390 
-2.096 -2.186 -2.191 -2.196 -2.199 -2.202 -2.206 -2.210 -2.216 -2.223 
-2.232 -2.243 -2.256 -2.270 -2.284 -2.300 -2.315 -2.330 -2.344 -2.357 
-2.368 -2.376 -2.383 -2.387 -2.388 -2.386 -2.381 -2.372 -2.360 -2.344 
-2.325 -2.302 -2.275 -2.243 -2.208 -2.169 -2.126 -2.079 -2.029 -1.974 
-1.915 -1.853 -1.786 -1.716 -1.643 -1.569 -1.497 -1.431 -1.376 -1.335 
-1.309 -1.297 -1.291 -1.285 -1.272 -1.243 -1.188 -1.093 -0.935 -0.678 
-0.292 -0.110 -0.471 -0.769 -0.932 -1.002 -1.013 -0.989 -0.956 -0.937 
-0.955 -1.019 -1.119 -1.235 -1.353 -1.463 -1.564 -1.654 -1.735 -1.807 
-1.871 -1.927 -1.977 -2.020 -2.057 -2.088 -2.115 -2.136 -2.154 -2.167 
-2.092 
-1.570 -1.538 -1.530 -1.522 -1.514 -1.508 -1.502 -1.498 -1.496 -1.495 
-1.496 -1.498 -1.500 -1.502 -1.503 -1.502 -1.498 -1.492 -1.483 -1.474 
-1.467 -1.464 -1.468 -1.481 -1.501 -1.528 -1.558 -1.588 -1.618 -1.646 
-1.670 -1.691 -1.708 -1.720 -1.729 -1.734 -1.734 -1.731 -1.723 -1.711 
-1.695 -1.674 -1.648 -1.618 -1.583 -1.542 -1.498 -1.449 -1.397 -1.343 
-1.284 -1.220 -1.146 -1.060 -0.957 -0.832 -0.680 -0.486 -0.230 0.119 
0.463 0.591 0.408 0.557 0.141 -0.293 -0.539 -0.705 -0.827 -0.921 
-1.003 -1.082 -1.158 -1.229 -1.291 -1.344 -1.390 -1.428 -1.460 -1.487 
-1.509 -1.526 -1.540 -1.550 -1.557 -1.560 -1.561 -1.560 -1.557 -1.551 
-1.573 
-1.486 -1.509 -1.502 -1.492 -1.481 -1.467 -1.450 -1.431 -1.409 -1.384 
-1.356 -1.325 -1.290 -1.252 -1.210 -1.164 -1.117 -1.068 -1.022 -0.980 
-0.946 -0.924 -0.916 -0.923 -0.944 -0.976 -1.015 -1.058 -1.103 -1.147 
-1.189 -1.227 -1.262 -1.293 -1.319 -1.341 -1.360 -1.373 -1.383 -1.389 
-1.391 -1.388 -1.381 -1.370 -1.355 -1.335 -1.311 -1.281 -1.246 -1.205 
-1.157 -1.102 -1.039 -0.966 -0.882 -0.783 -0.666 -0.524 -0.347 -0.114 
0.203 0.536 0.873 1.131 0.860 0.357 -0.057 -0.318 -0.509 -0.661 
-0.786 -0.891 -0.981 -1.060 -1.129 -1.189 -1.242 -1.289 -1.330 -1.366 
-1.397 -1.424 -1.447 -1.467 -1.483 -1.495 -1.505 -1.511 -1.515 -1.515 
-1.487 
-1.305 -1.279 -1.282 -1.283 -1.283 -1.283 -1.281 -1.278 -1.275 -1.271 
-1.266 -1.261 -1.255 -1.249 -1.241 -1.233 -1.223 -1.213 -1.202 -1.192 
-1.183 -1.178 -1.177 -1.180 -1.188 -1.198 -1.210 -1.222 -1.232 -1.242 
-1.249 -1.254 -1.258 -1.259 -1.258 -1.255 -1.250 -1.243 -1.233 -1.220 
-1.205 -1.187 -1.166 -1.141 -1.114 -1.082 -1.046 -1.006 -0.961 -0.910 
-0.853 -0.788 -0.715 -0.633 -0.538 -0.428 -0.299 -0.144 0.048 0.296 
0.625 0.954 1.089 0.983 0.601 0.249 0.007 -0.178 -0.327 -0.451 
-0.557 -0.649 -0.729 -0.800 -0.862 -0.918 -0.968 -1.012 -1.052 -1.087 
-1.118 -1.146 -1.170 -1.192 -1.211 -1.227 -1.240 -1.252 -1.261 -1.269 
-1.302 
-1.574 -1.605 -1.609 -1.611 -1.611 -1.610 -1.607 -1.603 -1.597 -1.590 
-1.581 -1.572 -1.561 -1.550 -1.537 -1.523 -1.509 -1.494 -1.479 -1.463 
-1.446 -1.430 -1.413 -1.397 -1.381 -1.365 -1.350 -1.335 -1.321 -1.307 
-1.294 -1.281 -1.269 -1.258 -1.248 -1.239 -1.231 -1.225 -1.219 -1.213 
-1.206 -1.198 -1.188 -1.175 -1.160 -1.140 -1.117 -1.089 -1.056 -1.017 
-0.972 -0.921 -0.861 -0.792 -0.713 -0.620 -0.513 -0.386 -0.237 -0.061 
0.147 0.401 0.534 0.296 0.063 -0.108 -0.223 -0.323 -0.454 -0.598 
-0.729 -0.841 -0.939 -1.023 -1.098 -1.164 -1.222 -1.275 -1.322 -1.364 
-1.401 -1.435 -1.465 -1.492 -1.515 -1.535 -1.553 -1.568 -1.581 -1.591 
-1.573 
-1.657 -1.726 -1.754 -1.778 -1.798 -1.814 -1.827 -1.836 -1.842 -1.844 
-1.843 -1.840 -1.833 -1.823 -1.810 -1.795 -1.777 -1.757 -1.734 -1.709 
-1.681 -1.651 -1.618 -1.583 -1.546 -1.507 -1.467 -1.424 -1.381 -1.337 
-1.293 -1.251 -1.212 -1.177 -1.147 -1.125 -1.110 -1.102 -1.101 -1.106 
-1.114 -1.125 -1.137 -1.148 -1.158 -1.164 -1.167 -1.166 -1.159 -1.147 
-1.128 -1.103 -1.068 -1.024 -0.968 -0.898 -0.808 -0.692 -0.542 -0.357 
-0.192 -0.161 -0.198 -0.214 -0.174 -0.079 0.010 0.015 -0.090 -0.262 
-0.445 -0.609 -0.750 -0.868 -0.967 -1.051 -1.121 -1.180 -1.230 -1.273 
-1.312 -1.348 -1.383 -1.420 -1.459 -1.499 -1.540 -1.581 -1.621 -1.659 
-1.653 
-1.357 -1.385 -1.447 -1.507 -1.563 -1.617 -1.667 -1.714 -1.758 -1.798 
-1.835 -1.868 -1.898 -1.924 -1.947 -1.967 -1.984 -1.997 -2.007 -2.013 
-2.016 -2.015 -2.011 -2.003 -1.992 -1.976 -1.958 -1.936 -1.911 -1.883 
-1.854 -1.823 -1.793 -1.764 -1.738 -1.715 -1.695 -1.680 -1.667 -1.655 
-1.644 -1.631 -1.615 -1.594 -1.568 -1.536 -1.497 -1.451 -1.396 -1.333 
-1.259 -1.175 -1.078 -0.966 -0.836 -0.683 -0.502 -0.284 -0.025 0.241 
0.388 0.329 0.151 -0.045 -0.197 -0.288 -0.331 -0.381 -0.475 -0.580 
-0.667 -0.732 -0.779 -0.812 -0.835 -0.849 -0.857 -0.861 -0.864 -0.867 
-0.874 -0.885 -0.905 -0.933 -0.970 -1.016 -1.070 -1.129 -1.192 -1.256 
-1.330 
-1.386 -1.427 -1.457 -1.468 -1.455 -1.421 -1.390 -1.402 -1.472 -1.575 
-1.681 -1.774 -1.854 -1.922 -1.979 -2.028 -2.070 -2.106 -2.138 -2.165 
-2.188 -2.207 -2.223 -2.236 -2.246 -2.253 -2.258 -2.259 -2.258 -2.255 
-2.248 -2.239 -2.228 -2.213 -2.196 -2.176 -2.153 -2.127 -2.098 -2.066 
-2.031 -1.991 -1.948 -1.901 -1.849 -1.792 -1.730 -1.662 -1.587 -1.505 
-1.414 -1.312 -1.198 -1.068 -0.919 -0.744 -0.533 -0.272 0.042 0.322 
0.415 0.336 0.435 -0.166 -0.389 -0.543 -0.660 -0.751 -0.822 -0.878 
-0.921 -0.954 -0.977 -0.992 -1.001 -1.003 -1.002 -0.997 -0.991 -0.987 
-0.986 -0.992 -1.006 -1.030 -1.064 -1.108 -1.160 -1.216 -1.275 -1.332 
-1.365 
-1.400 -1.328 -1.237 -1.128 -1.008 -0.894 -0.816 -0.808 -0.880 -1.005 
-1.150 -1.292 -1.420 -1.533 -1.631 -1.716 -1.788 -1.850 -1.902 -1.946 
-1.982 -2.012 -2.035 -2.053 -2.066 -2.075 -2.080 -2.081 -2.080 -2.076 
-2.071 -2.064 -2.056 -2.046 -2.036 -2.026 -2.014 -2.001 -1.988 -1.973 
-1.957 -1.938 -1.918 -1.895 -1.869 -1.839 -1.806 -1.767 -1.724 -1.674 
-1.617 -1.551 -1.475 -1.387 -1.283 -1.159 -1.006 -0.812 -0.558 -0.241 
0.094 0.596 0.902 0.434 -0.089 -0.278 -0.524 -0.741 -0.911 -1.046 
-1.153 -1.239 -1.308 -1.364 -1.408 -1.441 -1.467 -1.485 -1.497 -1.505 
-1.511 -1.515 -1.520 -1.525 -1.530 -1.532 -1.529 -1.517 -1.493 -1.454 
-1.433 
-1.682 -1.688 -1.659 -1.614 -1.552 -1.480 -1.422 -1.416 -1.471 -1.554 
-1.632 -1.693 -1.736 -1.764 -1.780 -1.788 -1.789 -1.785 -1.777 -1.766 
-1.752 -1.736 -1.718 -1.699 -1.678 -1.657 -1.636 -1.614 -1.593 -1.572 
-1.552 -1.532 -1.514 -1.496 -1.480 -1.464 -1.449 -1.435 -1.421 -1.408 
-1.394 -1.379 -1.364 -1.347 -1.328 -1.306 -1.282 -1.255 -1.223 -1.188 
-1.147 -1.100 -1.047 -0.987 -0.919 -0.840 -0.751 -0.648 -0.528 -0.387 
-0.208 0.103 0.494 0.358 0.456 0.382 0.175 -0.060 -0.268 -0.444 
-0.596 -0.730 -0.848 -0.955 -1.050 -1.137 -1.216 -1.288 -1.353 -1.412 
-1.465 -1.513 -1.556 -1.594 -1.626 -1.654 -1.677 -1.694 -1.705 -1.708 
-1.678 
-1.765 -1.804 -1.838 -1.869 -1.898 -1.925 -1.949 -1.970 -1.990 -2.007 
-2.022 -2.034 -2.045 -2.053 -2.059 -2.063 -2.065 -2.065 -2.063 -2.060 
-2.054 -2.046 -2.037 -2.026 -2.013 -1.999 -1.984 -1.967 -1.949 -1.930 
-1.910 -1.889 -1.867 -1.844 -1.820 -1.795 -1.768 -1.740 -1.710 -1.677 
-1.643 -1.605 -1.565 -1.521 -1.474 -1.423 -1.367 -1.308 -1.243 -1.174 
-1.099 -1.019 -0.932 -0.839 -0.739 -0.631 -0.515 -0.390 -0.255 -0.110 
0.044 0.203 0.357 0.489 0.565 0.515 0.372 0.208 0.048 -0.103 
-0.244 -0.375 -0.496 -0.610 -0.717 -0.817 -0.910 -0.999 -1.082 -1.160 
-1.233 -1.303 -1.368 -1.429 -1.487 -1.542 -1.593 -1.641 -1.686 -1.728 
-1.752 
-1.676 -1.690 -1.724 -1.757 -1.788 -1.816 -1.843 -1.868 -1.892 -1.913 
-1.933 -1.951 -1.967 -1.982 -1.994 -2.005 -2.015 -2.022 -2.028 -2.032 
-2.034 -2.035 -2.034 -2.031 -2.027 -2.021 -2.012 -2.003 -1.991 -1.977 
-1.962 -1.945 -1.926 -1.905 -1.881 -1.856 -1.829 -1.799 -1.767 -1.733 
-1.697 -1.658 -1.616 -1.572 -1.525 -1.475 -1.422 -1.365 -1.305 -1.240 
-1.172 -1.098 -1.020 -0.935 -0.844 -0.745 -0.637 -0.517 -0.385 -0.237 
-0.068 0.123 0.338 0.549 0.682 0.651 0.476 0.255 0.052 -0.122 
-0.271 -0.402 -0.518 -0.622 -0.718 -0.805 -0.887 -0.963 -1.034 -1.102 
-1.165 -1.226 -1.283 -1.338 -1.390 -1.439 -1.487 -1.531 -1.574 -1.615 
-1.662 
-1.689 -1.746 -1.773 -1.798 -1.822 -1.845 -1.866 -1.886 -1.905 -1.922 
-1.937 -1.952 -1.965 -1.976 -1.986 -1.994 -2.001 -2.006 -2.009 -2.010 
-2.010 -2.008 -2.005 -1.999 -1.992 -1.983 -1.972 -1.959 -1.944 -1.928 
-1.909 -1.888 -1.866 -1.841 -1.815 -1.786 -1.755 -1.722 -1.687 -1.650 
-1.610 -1.568 -1.524 -1.477 -1.428 -1.376 -1.322 -1.264 -1.203 -1.139 
-1.072 -1.000 -0.924 -0.842 -0.754 -0.659 -0.555 -0.440 -0.311 -0.167 
-0.006 0.168 0.340 0.488 0.541 0.408 0.199 -0.005 -0.186 -0.343 
-0.480 -0.602 -0.712 -0.810 -0.900 -0.983 -1.059 -1.129 -1.195 -1.256 
-1.312 -1.365 -1.415 -1.462 -1.505 -1.546 -1.585 -1.621 -1.655 -1.687 
-1.682 
-1.503 -1.493 -1.515 -1.537 -1.559 -1.580 -1.602 -1.623 -1.645 -1.665 
-1.686 -1.706 -1.726 -1.744 -1.762 -1.780 -1.796 -1.811 -1.825 -1.837 
-1.848 -1.858 -1.867 -1.873 -1.878 -1.882 -1.883 -1.883 -1.881 -1.877 
-1.871 -1.863 -1.853 -1.840 -1.826 -1.809 -1.789 -1.767 -1.743 -1.715 
-1.685 -1.653 -1.617 -1.578 -1.536 -1.491 -1.442 -1.390 -1.335 -1.277 
-1.215 -1.150 -1.081 -1.008 -0.930 -0.844 -0.750 -0.642 -0.517 -0.369 
-0.187 0.041 0.326 0.593 0.681 0.496 0.216 -0.018 -0.186 -0.310 
-0.416 -0.519 -0.623 -0.722 -0.812 -0.893 -0.964 -1.028 -1.084 -1.134 
-1.179 -1.219 -1.256 -1.289 -1.320 -1.348 -1.375 -1.400 -1.425 -1.448 
-1.495 
-1.732 -1.786 -1.820 -1.851 -1.880 -1.907 -1.933 -1.956 -1.979 -1.999 
-2.018 -2.035 -2.050 -2.064 -2.076 -2.086 -2.094 -2.101 -2.105 -2.108 
-2.108 -2.107 -2.103 -2.098 -2.090 -2.080 -2.068 -2.053 -2.036 -2.017 
-1.995 -1.971 -1.944 -1.914 -1.882 -1.847 -1.809 -1.769 -1.725 -1.678 
-1.629 -1.576 -1.520 -1.462 -1.400 -1.336 -1.269 -1.200 -1.130 -1.058 
-0.986 -0.912 -0.838 -0.761 -0.682 -0.599 -0.520 -0.459 -0.424 -0.404 
-0.376 -0.317 -0.200 -0.002 0.106 -0.028 -0.109 -0.114 -0.097 -0.095 
-0.129 -0.205 -0.312 -0.436 -0.563 -0.687 -0.803 -0.912 -1.013 -1.105 
-1.191 -1.269 -1.342 -1.408 -1.469 -1.526 -1.578 -1.626 -1.671 -1.712 
-1.721 
-1.873 -1.910 -1.953 -1.993 -2.030 -2.064 -2.095 -2.124 -2.150 -2.174 
-2.195 -2.214 -2.230 -2.244 -2.256 -2.266 -2.273 -2.279 -2.282 -2.283 
-2.281 -2.278 -2.272 -2.264 -2.254 -2.242 -2.228 -2.211 -2.192 -2.170 
-2.146 -2.119 -2.090 -2.058 -2.023 -1.985 -1.945 -1.901 -1.853 -1.803 
-1.748 -1.690 -1.627 -1.560 -1.488 -1.410 -1.327 -1.238 -1.142 -1.039 
-0.927 -0.806 -0.674 -0.533 -0.385 -0.241 -0.120 -0.045 -0.029 -0.063 
-0.122 -0.183 -0.236 -0.275 -0.300 -0.312 -0.314 -0.312 -0.311 -0.323 
-0.356 -0.410 -0.480 -0.559 -0.645 -0.734 -0.827 -0.921 -1.014 -1.106 
-1.195 -1.280 -1.361 -1.438 -1.511 -1.580 -1.644 -1.704 -1.761 -1.814 
-1.857 
-1.861 -1.911 -1.951 -1.989 -2.023 -2.055 -2.084 -2.111 -2.135 -2.156 
-2.176 -2.193 -2.207 -2.220 -2.230 -2.238 -2.244 -2.248 -2.249 -2.249 
-2.246 -2.241 -2.234 -2.225 -2.214 -2.200 -2.184 -2.166 -2.145 -2.122 
-2.097 -2.069 -2.038 -2.005 -1.968 -1.929 -1.887 -1.841 -1.792 -1.740 
-1.684 -1.623 -1.559 -1.490 -1.416 -1.337 -1.253 -1.164 -1.068 -0.968 
-0.862 -0.752 -0.641 -0.529 -0.422 -0.323 -0.239 -0.179 -0.147 -0.136 
-0.134 -0.136 -0.137 -0.135 -0.129 -0.120 -0.110 -0.107 -0.119 -0.154 
-0.215 -0.299 -0.401 -0.510 -0.623 -0.734 -0.842 -0.946 -1.045 -1.139 
-1.228 -1.311 -1.390 -1.464 -1.534 -1.599 -1.660 -1.717 -1.771 -1.821 
-1.848 
-1.728 -1.752 -1.793 -1.832 -1.868 -1.902 -1.933 -1.962 -1.989 -2.013 
-2.035 -2.055 -2.072 -2.088 -2.101 -2.113 -2.122 -2.129 -2.134 -2.137 
-2.139 -2.138 -2.135 -2.130 -2.123 -2.114 -2.103 -2.089 -2.074 -2.056 
-2.036 -2.014 -1.989 -1.962 -1.932 -1.900 -1.865 -1.827 -1.786 -1.742 
-1.695 -1.644 -1.590 -1.532 -1.470 -1.404 -1.333 -1.257 -1.177 -1.091 
-1.000 -0.903 -0.802 -0.697 -0.590 -0.482 -0.376 -0.274 -0.178 -0.088 
-0.011 0.027 0.012 -0.027 -0.068 -0.104 -0.139 -0.173 -0.210 -0.255 
-0.309 -0.372 -0.443 -0.520 -0.601 -0.684 -0.769 -0.853 -0.936 -1.018 
-1.096 -1.172 -1.245 -1.314 -1.380 -1.443 -1.502 -1.558 -1.611 -1.661 
-1.711 
-1.702 -1.745 -1.781 -1.816 -1.849 -1.880 -1.909 -1.936 -1.962 -1.986 
-2.008 -2.028 -2.046 -2.063 -2.077 -2.090 -2.101 -2.111 -2.118 -2.124 
-2.127 -2.129 -2.129 -2.128 -2.124 -2.118 -2.111 -2.101 -2.090 -2.076 
-2.061 -2.043 -2.023 -2.001 -1.976 -1.949 -1.920 -1.888 -1.854 -1.816 
-1.776 -1.732 -1.685 -1.635 -1.581 -1.522 -1.459 -1.392 -1.318 -1.239 
-1.154 -1.060 -0.958 -0.846 -0.722 -0.584 -0.429 -0.255 -0.066 0.112 
0.238 0.278 0.210 0.073 -0.078 -0.214 -0.330 -0.428 -0.514 -0.590 
-0.659 -0.725 -0.789 -0.852 -0.913 -0.973 -1.031 -1.088 -1.144 -1.198 
-1.250 -1.302 -1.352 -1.400 -1.448 -1.494 -1.540 -1.584 -1.626 -1.667 
-1.691 
-1.652 -1.664 -1.704 -1.743 -1.781 -1.816 -1.850 -1.882 -1.911 -1.939 
-1.964 -1.988 -2.009 -2.029 -2.046 -2.061 -2.074 -2.085 -2.094 -2.101 
-2.106 -2.109 -2.109 -2.108 -2.104 -2.098 -2.091 -2.080 -2.068 -2.054 
-2.037 -2.018 -1.996 -1.972 -1.946 -1.917 -1.885 -1.851 -1.813 -1.773 
-1.730 -1.684 -1.634 -1.581 -1.523 -1.462 -1.396 -1.326 -1.249 -1.167 
-1.077 -0.978 -0.869 -0.746 -0.608 -0.450 -0.271 -0.074 0.111 0.230 
0.242 0.165 0.031 -0.122 -0.267 -0.394 -0.502 -0.595 -0.675 -0.743 
-0.803 -0.855 -0.901 -0.943 -0.981 -1.017 -1.052 -1.087 -1.121 -1.157 
-1.194 -1.233 -1.273 -1.314 -1.357 -1.401 -1.446 -1.490 -1.535 -1.579 
-1.634 
-1.926 -1.975 -2.001 -2.026 -2.048 -2.068 -2.086 -2.101 -2.115 -2.126 
-2.135 -2.142 -2.147 -2.150 -2.151 -2.150 -2.146 -2.141 -2.134 -2.124 
-2.113 -2.100 -2.085 -2.067 -2.048 -2.027 -2.004 -1.979 -1.951 -1.922 
-1.892 -1.859 -1.824 -1.787 -1.749 -1.709 -1.667 -1.624 -1.578 -1.531 
-1.482 -1.431 -1.378 -1.324 -1.267 -1.208 -1.146 -1.081 -1.014 -0.943 
-0.869 -0.790 -0.705 -0.614 -0.514 -0.405 -0.284 -0.151 -0.011 0.118 
0.215 0.215 0.086 -0.064 -0.216 -0.364 -0.503 -0.630 -0.745 -0.850 
-0.945 -1.032 -1.111 -1.183 -1.249 -1.310 -1.367 -1.420 -1.471 -1.519 
-1.565 -1.609 -1.652 -1.694 -1.735 -1.774 -1.812 -1.848 -1.883 -1.916 
-1.920 
-2.152 -2.173 -2.186 -2.198 -2.208 -2.215 -2.220 -2.224 -2.225 -2.225 
-2.222 -2.218 -2.211 -2.203 -2.193 -2.181 -2.167 -2.152 -2.134 -2.115 
-2.094 -2.071 -2.047 -2.020 -1.992 -1.963 -1.932 -1.899 -1.865 -1.830 
-1.793 -1.756 -1.718 -1.679 -1.640 -1.601 -1.561 -1.521 -1.482 -1.443 
-1.403 -1.364 -1.325 -1.286 -1.245 -1.204 -1.160 -1.115 -1.066 -1.013 
-0.956 -0.892 -0.821 -0.739 -0.646 -0.537 -0.406 -0.246 -0.044 0.205 
0.423 0.456 0.251 -0.034 -0.289 -0.498 -0.674 -0.825 -0.958 -1.077 
-1.183 -1.279 -1.367 -1.448 -1.521 -1.589 -1.652 -1.710 -1.764 -1.814 
-1.860 -1.903 -1.942 -1.978 -2.011 -2.042 -2.070 -2.095 -2.118 -2.139 
-2.147 
-2.102 -2.136 -2.154 -2.171 -2.185 -2.197 -2.207 -2.215 -2.221 -2.225 
-2.227 -2.227 -2.225 -2.221 -2.216 -2.208 -2.198 -2.187 -2.173 -2.158 
-2.141 -2.121 -2.100 -2.077 -2.052 -2.025 -1.997 -1.966 -1.934 -1.900 
-1.865 -1.828 -1.790 -1.750 -1.709 -1.668 -1.625 -1.581 -1.537 -1.493 
-1.448 -1.402 -1.357 -1.310 -1.263 -1.215 -1.166 -1.114 -1.059 -0.999 
-0.934 -0.861 -0.778 -0.684 -0.579 -0.471 -0.375 -0.288 -0.185 -0.051 
0.096 0.131 -0.003 -0.178 -0.362 -0.537 -0.695 -0.835 -0.960 -1.071 
-1.170 -1.260 -1.341 -1.415 -1.483 -1.545 -1.603 -1.657 -1.708 -1.755 
-1.799 -1.841 -1.880 -1.917 -1.952 -1.985 -2.015 -2.044 -2.070 -2.094 
-2.097 
-1.941 -1.940 -1.968 -1.995 -2.020 -2.043 -2.065 -2.085 -2.104 -2.120 
-2.135 -2.148 -2.160 -2.169 -2.177 -2.182 -2.186 -2.188 -2.188 -2.186 
-2.182 -2.176 -2.168 -2.158 -2.146 -2.132 -2.116 -2.097 -2.076 -2.053 
-2.028 -2.000 -1.970 -1.938 -1.903 -1.865 -1.825 -1.782 -1.736 -1.687 
-1.634 -1.579 -1.519 -1.455 -1.387 -1.314 -1.234 -1.148 -1.055 -0.953 
-0.840 -0.716 -0.579 -0.432 -0.285 -0.167 -0.110 -0.129 -0.198 -0.274 
-0.332 -0.385 -0.462 -0.557 -0.646 -0.723 -0.793 -0.862 -0.932 -1.003 
-1.072 -1.137 -1.196 -1.251 -1.302 -1.350 -1.394 -1.437 -1.479 -1.519 
-1.559 -1.597 -1.635 -1.673 -1.710 -1.746 -1.781 -1.815 -1.848 -1.880 
-1.929 
-2.140 -2.188 -2.218 -2.245 -2.270 -2.293 -2.314 -2.332 -2.349 -2.363 
-2.376 -2.386 -2.395 -2.401 -2.405 -2.408 -2.408 -2.406 -2.402 -2.396 
-2.388 -2.378 -2.365 -2.351 -2.334 -2.315 -2.293 -2.269 -2.243 -2.214 
-2.182 -2.147 -2.110 -2.070 -2.027 -1.980 -1.930 -1.877 -1.820 -1.759 
-1.694 -1.626 -1.553 -1.475 -1.394 -1.309 -1.220 -1.128 -1.034 -0.939 
-0.843 -0.748 -0.652 -0.560 -0.481 -0.429 -0.412 -0.430 -0.462 -0.489 
-0.502 -0.502 -0.494 -0.483 -0.476 -0.481 -0.508 -0.560 -0.636 -0.730 
-0.835 -0.942 -1.049 -1.150 -1.246 -1.335 -1.419 -1.497 -1.569 -1.636 
-1.700 -1.759 -1.815 -1.867 -1.916 -1.963 -2.007 -2.048 -2.086 -2.123 
-2.131 
-2.231 -2.258 -2.287 -2.315 -2.340 -2.363 -2.383 -2.402 -2.419 -2.434 
-2.447 -2.458 -2.467 -2.474 -2.479 -2.482 -2.483 -2.482 -2.479 -2.474 
-2.467 -2.458 -2.446 -2.433 -2.417 -2.400 -2.380 -2.357 -2.333 -2.305 
-2.275 -2.243 -2.208 -2.169 -2.128 -2.084 -2.036 -1.984 -1.928 -1.869 
-1.805 -1.736 -1.662 -1.582 -1.495 -1.402 -1.301 -1.191 -1.071 -0.939 
-0.796 -0.643 -0.486 -0.347 -0.255 -0.235 -0.285 -0.377 -0.480 -0.575 
-0.654 -0.719 -0.770 -0.811 -0.845 -0.880 -0.920 -0.971 -1.032 -1.100 
-1.170 -1.240 -1.309 -1.376 -1.442 -1.505 -1.567 -1.627 -1.685 -1.741 
-1.796 -1.848 -1.899 -1.947 -1.994 -2.038 -2.080 -2.120 -2.158 -2.193 
-2.221 
-2.235 -2.259 -2.293 -2.324 -2.352 -2.378 -2.402 -2.424 -2.443 -2.461 
-2.476 -2.489 -2.499 -2.508 -2.515 -2.519 -2.522 -2.522 -2.520 -2.517 
-2.511 -2.503 -2.492 -2.480 -2.465 -2.448 -2.429 -2.407 -2.383 -2.356 
-2.327 -2.295 -2.260 -2.222 -2.181 -2.137 -2.089 -2.038 -1.982 -1.922 
-1.858 -1.788 -1.713 -1.632 -1.543 -1.448 -1.343 -1.229 -1.105 -0.969 
-0.821 -0.664 -0.501 -0.346 -0.221 -0.156 -0.167 -0.237 -0.336 -0.437 
-0.530 -0.610 -0.679 -0.738 -0.789 -0.835 -0.879 -0.922 -0.967 -1.014 
-1.066 -1.122 -1.182 -1.245 -1.312 -1.381 -1.450 -1.519 -1.587 -1.654 
-1.718 -1.781 -1.841 -1.898 -1.953 -2.005 -2.054 -2.100 -2.144 -2.185 
-2.221 
-2.312 -2.338 -2.369 -2.398 -2.424 -2.448 -2.469 -2.488 -2.505 -2.520 
-2.533 -2.543 -2.552 -2.558 -2.562 -2.564 -2.564 -2.562 -2.558 -2.551 
-2.543 -2.532 -2.519 -2.504 -2.486 -2.466 -2.444 -2.419 -2.392 -2.361 
-2.329 -2.293 -2.254 -2.212 -2.167 -2.118 -2.066 -2.009 -1.948 -1.882 
-1.812 -1.735 -1.653 -1.564 -1.468 -1.364 -1.251 -1.129 -0.999 -0.861 
-0.721 -0.588 -0.475 -0.395 -0.357 -0.366 -0.415 -0.490 -0.571 -0.647 
-0.713 -0.770 -0.818 -0.861 -0.900 -0.937 -0.975 -1.015 -1.058 -1.106 
-1.159 -1.218 -1.281 -1.347 -1.416 -1.485 -1.555 -1.624 -1.692 -1.758 
-1.821 -1.882 -1.940 -1.996 -2.048 -2.098 -2.145 -2.189 -2.230 -2.269 
-2.300 
-2.409 -2.442 -2.467 -2.491 -2.512 -2.531 -2.548 -2.563 -2.576 -2.586 
-2.595 -2.602 -2.607 -2.609 -2.610 -2.609 -2.606 -2.600 -2.593 -2.584 
-2.572 -2.559 -2.543 -2.526 -2.506 -2.484 -2.459 -2.432 -2.403 -2.372 
-2.337 -2.300 -2.261 -2.218 -2.173 -2.124 -2.072 -2.016 -1.956 -1.892 
-1.824 -1.751 -1.672 -1.587 -1.496 -1.397 -1.289 -1.172 -1.044 -0.905 
-0.755 -0.600 -0.455 -0.345 -0.298 -0.321 -0.395 -0.493 -0.592 -0.686 
-0.771 -0.848 -0.918 -0.982 -1.043 -1.101 -1.158 -1.215 -1.273 -1.332 
-1.393 -1.455 -1.519 -1.583 -1.647 -1.710 -1.773 -1.834 -1.892 -1.949 
-2.004 -2.056 -2.106 -2.153 -2.198 -2.240 -2.279 -2.317 -2.351 -2.384 
-2.400 
-2.421 -2.424 -2.441 -2.455 -2.468 -2.479 -2.488 -2.495 -2.500 -2.503 
-2.505 -2.505 -2.503 -2.499 -2.494 -2.486 -2.477 -2.466 -2.453 -2.439 
-2.422 -2.404 -2.384 -2.361 -2.337 -2.311 -2.283 -2.253 -2.221 -2.186 
-2.150 -2.111 -2.070 -2.027 -1.981 -1.932 -1.882 -1.828 -1.772 -1.713 
-1.651 -1.586 -1.518 -1.446 -1.371 -1.292 -1.209 -1.121 -1.030 -0.936 
-0.839 -0.742 -0.653 -0.581 -0.542 -0.544 -0.578 -0.631 -0.698 -0.773 
-0.852 -0.932 -1.010 -1.086 -1.159 -1.229 -1.297 -1.363 -1.429 -1.494 
-1.558 -1.622 -1.684 -1.744 -1.803 -1.859 -1.913 -1.964 -2.013 -2.059 
-2.102 -2.143 -2.182 -2.217 -2.251 -2.282 -2.311 -2.338 -2.363 -2.385 
-2.415 
-2.579 -2.620 -2.648 -2.673 -2.695 -2.715 -2.733 -2.748 -2.761 -2.772 
-2.781 -2.787 -2.792 -2.794 -2.794 -2.792 -2.788 -2.782 -2.774 -2.764 
-2.751 -2.737 -2.720 -2.701 -2.680 -2.657 -2.631 -2.603 -2.572 -2.539 
-2.503 -2.465 -2.423 -2.379 -2.331 -2.280 -2.226 -2.168 -2.106 -2.040 
-1.968 -1.892 -1.810 -1.723 -1.628 -1.526 -1.416 -1.298 -1.174 -1.049 
-0.931 -0.833 -0.767 -0.737 -0.742 -0.772 -0.818 -0.871 -0.925 -0.978 
-1.026 -1.069 -1.107 -1.141 -1.173 -1.206 -1.241 -1.280 -1.323 -1.371 
-1.421 -1.476 -1.534 -1.598 -1.668 -1.743 -1.821 -1.898 -1.974 -2.046 
-2.114 -2.178 -2.238 -2.295 -2.347 -2.396 -2.441 -2.483 -2.521 -2.557 
-2.570 
-2.661 -2.677 -2.716 -2.751 -2.784 -2.814 -2.841 -2.865 -2.886 -2.905 
-2.921 -2.935 -2.946 -2.955 -2.961 -2.965 -2.967 -2.966 -2.963 -2.958 
-2.950 -2.940 -2.927 -2.912 -2.895 -2.874 -2.851 -2.826 -2.797 -2.765 
-2.730 -2.692 -2.651 -2.605 -2.556 -2.502 -2.444 -2.380 -2.311 -2.236 
-2.153 -2.063 -1.962 -1.848 -1.718 -1.560 -1.358 -1.145 -1.108 -1.070 
-0.999 -0.955 -0.956 -0.997 -1.060 -1.133 -1.203 -1.267 -1.321 -1.364 
-1.397 -1.421 -1.436 -1.443 -1.442 -1.435 -1.421 -1.399 -1.371 -1.335 
-1.294 -1.261 -1.272 -1.329 -1.403 -1.489 -1.583 -1.682 -1.783 -1.880 
-1.974 -2.063 -2.146 -2.224 -2.296 -2.364 -2.426 -2.485 -2.538 -2.588 
-2.643 
-2.975 -3.052 -3.089 -3.122 -3.152 -3.179 -3.204 -3.225 -3.243 -3.259 
-3.272 -3.283 -3.291 -3.296 -3.299 -3.300 -3.298 -3.293 -3.286 -3.277 
-3.264 -3.249 -3.232 -3.211 -3.188 -3.162 -3.132 -3.100 -3.063 -3.024 
-2.980 -2.932 -2.879 -2.822 -2.759 -2.689 -2.613 -2.529 -2.435 -2.330 
-2.211 -2.075 -1.916 -1.726 -1.490 -1.191 -0.852 -0.633 -0.732 -0.980 
-1.193 -1.329 -1.433 -1.528 -1.615 -1.690 -1.751 -1.798 -1.831 -1.851 
-1.859 -1.855 -1.838 -1.809 -1.768 -1.713 -1.645 -1.564 -1.466 -1.347 
-1.218 -1.129 -1.157 -1.304 -1.499 -1.686 -1.851 -1.995 -2.124 -2.240 
-2.345 -2.440 -2.528 -2.608 -2.681 -2.749 -2.811 -2.867 -2.920 -2.968 
-2.966 
-2.830 -2.889 -2.921 -2.950 -2.977 -3.000 -3.021 -3.040 -3.056 -3.069 
-3.080 -3.088 -3.094 -3.098 -3.099 -3.098 -3.095 -3.089 -3.080 -3.069 
-3.056 -3.039 -3.021 -2.999 -2.974 -2.947 -2.916 -2.882 -2.845 -2.803 
-2.758 -2.709 -2.655 -2.595 -2.530 -2.459 -2.380 -2.293 -2.196 -2.087 
-1.964 -1.822 -1.657 -1.458 -1.215 -0.917 -0.617 -0.450 -0.555 -0.785 
-0.978 -1.073 -1.092 -1.108 -1.174 -1.272 -1.365 -1.440 -1.494 -1.529 
-1.547 -1.550 -1.539 -1.514 -1.478 -1.433 -1.387 -1.347 -1.326 -1.330 
-1.352 -1.388 -1.469 -1.602 -1.740 -1.863 -1.972 -2.070 -2.159 -2.241 
-2.318 -2.390 -2.457 -2.519 -2.578 -2.633 -2.684 -2.732 -2.776 -2.817 
-2.822 
-2.524 -2.527 -2.563 -2.597 -2.627 -2.656 -2.682 -2.705 -2.726 -2.745 
-2.761 -2.776 -2.787 -2.797 -2.805 -2.810 -2.813 -2.814 -2.812 -2.808 
-2.802 -2.794 -2.783 -2.770 -2.755 -2.737 -2.716 -2.693 -2.667 -2.638 
-2.606 -2.570 -2.532 -2.490 -2.443 -2.393 -2.338 -2.278 -2.212 -2.139 
-2.058 -1.967 -1.864 -1.744 -1.599 -1.414 -1.181 -0.994 -0.990 -0.942 
-0.817 -0.689 -0.587 -0.550 -0.600 -0.711 -0.840 -0.961 -1.064 -1.149 
-1.219 -1.274 -1.317 -1.350 -1.373 -1.388 -1.398 -1.404 -1.413 -1.429 
-1.453 -1.485 -1.522 -1.565 -1.613 -1.665 -1.722 -1.781 -1.842 -1.904 
-1.966 -2.028 -2.088 -2.146 -2.203 -2.257 -2.308 -2.357 -2.404 -2.448 
-2.508 
-2.676 -2.724 -2.761 -2.795 -2.826 -2.854 -2.880 -2.903 -2.923 -2.941 
-2.957 -2.970 -2.981 -2.989 -2.995 -2.999 -3.000 -2.999 -2.995 -2.990 
-2.982 -2.971 -2.958 -2.943 -2.925 -2.904 -2.881 -2.855 -2.826 -2.794 
-2.758 -2.719 -2.677 -2.631 -2.581 -2.526 -2.467 -2.402 -2.331 -2.254 
-2.169 -2.076 -1.973 -1.858 -1.729 -1.584 -1.418 -1.230 -1.024 -0.826 
-0.695 -0.676 -0.739 -0.832 -0.946 -1.067 -1.178 -1.270 -1.343 -1.400 
-1.442 -1.472 -1.490 -1.499 -1.499 -1.493 -1.484 -1.473 -1.465 -1.462 
-1.468 -1.484 -1.513 -1.557 -1.616 -1.686 -1.764 -1.846 -1.929 -2.011 
-2.091 -2.167 -2.240 -2.309 -2.374 -2.435 -2.492 -2.545 -2.595 -2.641 
-2.664 
-2.807 -2.836 -2.869 -2.899 -2.926 -2.950 -2.972 -2.991 -3.008 -3.022 
-3.034 -3.044 -3.051 -3.056 -3.058 -3.058 -3.056 -3.052 -3.045 -3.036 
-3.025 -3.011 -2.994 -2.976 -2.954 -2.930 -2.903 -2.873 -2.841 -2.805 
-2.765 -2.723 -2.676 -2.626 -2.572 -2.513 -2.449 -2.379 -2.303 -2.221 
-2.131 -2.033 -1.924 -1.805 -1.671 -1.523 -1.358 -1.183 -1.019 -0.896 
-0.820 -0.814 -0.872 -0.960 -1.053 -1.137 -1.209 -1.266 -1.308 -1.338 
-1.355 -1.361 -1.358 -1.348 -1.332 -1.314 -1.300 -1.295 -1.303 -1.330 
-1.376 -1.439 -1.517 -1.604 -1.698 -1.795 -1.891 -1.985 -2.075 -2.161 
-2.241 -2.317 -2.387 -2.453 -2.514 -2.571 -2.624 -2.674 -2.719 -2.762 
-2.795 
-2.895 -2.923 -2.957 -2.987 -3.015 -3.040 -3.062 -3.081 -3.098 -3.113 
-3.124 -3.134 -3.140 -3.145 -3.147 -3.147 -3.144 -3.139 -3.131 -3.121 
-3.108 -3.093 -3.075 -3.055 -3.032 -3.006 -2.976 -2.944 -2.909 -2.870 
-2.828 -2.781 -2.730 -2.675 -2.615 -2.550 -2.478 -2.400 -2.314 -2.220 
-2.115 -1.998 -1.868 -1.720 -1.552 -1.363 -1.160 -0.972 -0.854 -0.852 
-0.940 -1.059 -1.179 -1.289 -1.385 -1.465 -1.529 -1.577 -1.613 -1.636 
-1.649 -1.651 -1.643 -1.628 -1.605 -1.577 -1.546 -1.516 -1.491 -1.476 
-1.476 -1.499 -1.547 -1.620 -1.710 -1.811 -1.914 -2.017 -2.115 -2.208 
-2.295 -2.377 -2.452 -2.522 -2.587 -2.647 -2.703 -2.755 -2.802 -2.846 
-2.881 
-3.021 -3.053 -3.082 -3.108 -3.131 -3.152 -3.171 -3.186 -3.200 -3.211 
-3.219 -3.225 -3.229 -3.231 -3.230 -3.226 -3.221 -3.213 -3.202 -3.190 
-3.174 -3.156 -3.136 -3.113 -3.087 -3.058 -3.026 -2.990 -2.952 -2.910 
-2.864 -2.814 -2.760 -2.701 -2.637 -2.567 -2.491 -2.407 -2.316 -2.216 
-2.105 -1.982 -1.846 -1.694 -1.529 -1.357 -1.196 -1.075 -1.023 -1.053 
-1.126 -1.196 -1.272 -1.364 -1.455 -1.532 -1.593 -1.638 -1.670 -1.691 
-1.701 -1.703 -1.698 -1.687 -1.673 -1.660 -1.650 -1.648 -1.657 -1.680 
-1.718 -1.772 -1.840 -1.920 -2.008 -2.099 -2.189 -2.277 -2.360 -2.438 
-2.512 -2.581 -2.646 -2.706 -2.762 -2.814 -2.862 -2.907 -2.948 -2.986 
-3.011 
-3.111 -3.138 -3.170 -3.198 -3.224 -3.247 -3.268 -3.286 -3.301 -3.315 
-3.325 -3.334 -3.340 -3.344 -3.346 -3.345 -3.342 -3.337 -3.330 -3.320 
-3.307 -3.293 -3.276 -3.256 -3.234 -3.209 -3.181 -3.150 -3.117 -3.080 
-3.040 -2.996 -2.948 -2.897 -2.841 -2.780 -2.714 -2.643 -2.565 -2.480 
-2.387 -2.285 -2.172 -2.047 -1.910 -1.760 -1.606 -1.460 -1.331 -1.201 
-1.070 -0.980 -0.973 -1.044 -1.152 -1.260 -1.352 -1.424 -1.477 -1.513 
-1.535 -1.544 -1.541 -1.529 -1.510 -1.488 -1.471 -1.466 -1.486 -1.535 
-1.610 -1.703 -1.806 -1.913 -2.020 -2.124 -2.224 -2.318 -2.407 -2.490 
-2.568 -2.640 -2.708 -2.771 -2.830 -2.885 -2.936 -2.983 -3.026 -3.067 
-3.099 
-3.213 -3.235 -3.265 -3.291 -3.315 -3.336 -3.355 -3.371 -3.385 -3.396 
-3.405 -3.411 -3.415 -3.417 -3.416 -3.413 -3.408 -3.400 -3.390 -3.377 
-3.362 -3.345 -3.325 -3.302 -3.276 -3.248 -3.217 -3.182 -3.145 -3.103 
-3.059 -3.010 -2.957 -2.900 -2.838 -2.771 -2.697 -2.618 -2.531 -2.436 
-2.332 -2.218 -2.096 -1.969 -1.843 -1.728 -1.627 -1.535 -1.454 -1.392 
-1.349 -1.331 -1.357 -1.423 -1.497 -1.560 -1.608 -1.638 -1.654 -1.653 
-1.638 -1.607 -1.562 -1.504 -1.441 -1.386 -1.348 -1.335 -1.360 -1.432 
-1.545 -1.679 -1.819 -1.956 -2.085 -2.205 -2.315 -2.417 -2.510 -2.596 
-2.676 -2.749 -2.817 -2.880 -2.938 -2.991 -3.041 -3.087 -3.129 -3.168 
-3.201 
-3.337 -3.381 -3.404 -3.425 -3.443 -3.458 -3.471 -3.481 -3.489 -3.495 
-3.498 -3.499 -3.497 -3.494 -3.487 -3.479 -3.468 -3.454 -3.438 -3.420 
-3.398 -3.374 -3.348 -3.318 -3.285 -3.249 -3.210 -3.167 -3.120 -3.069 
-3.014 -2.954 -2.889 -2.819 -2.742 -2.658 -2.566 -2.466 -2.356 -2.235 
-2.103 -1.961 -1.813 -1.671 -1.555 -1.482 -1.456 -1.458 -1.463 -1.469 
-1.494 -1.541 -1.600 -1.654 -1.698 -1.726 -1.740 -1.738 -1.721 -1.688 
-1.639 -1.572 -1.493 -1.410 -1.348 -1.337 -1.392 -1.494 -1.619 -1.756 
-1.898 -2.038 -2.171 -2.294 -2.407 -2.511 -2.605 -2.692 -2.772 -2.845 
-2.913 -2.975 -3.033 -3.086 -3.135 -3.180 -3.222 -3.260 -3.295 -3.326 
-3.330 
-3.222 -3.236 -3.261 -3.283 -3.303 -3.321 -3.336 -3.348 -3.359 -3.367 
-3.373 -3.376 -3.377 -3.376 -3.373 -3.368 -3.360 -3.350 -3.337 -3.322 
-3.305 -3.285 -3.263 -3.238 -3.210 -3.180 -3.147 -3.110 -3.070 -3.027 
-2.980 -2.929 -2.875 -2.815 -2.751 -2.681 -2.606 -2.524 -2.434 -2.337 
-2.230 -2.114 -1.988 -1.855 -1.719 -1.586 -1.455 -1.325 -1.208 -1.128 
-1.106 -1.141 -1.209 -1.287 -1.358 -1.417 -1.462 -1.493 -1.512 -1.520 
-1.518 -1.509 -1.495 -1.481 -1.474 -1.487 -1.531 -1.597 -1.679 -1.773 
-1.876 -1.983 -2.089 -2.192 -2.290 -2.382 -2.469 -2.550 -2.625 -2.696 
-2.761 -2.822 -2.879 -2.933 -2.982 -3.028 -3.070 -3.109 -3.145 -3.178 
-3.212 
-3.186 -3.212 -3.239 -3.264 -3.285 -3.305 -3.322 -3.336 -3.348 -3.357 
-3.364 -3.369 -3.371 -3.371 -3.369 -3.364 -3.357 -3.348 -3.336 -3.322 
-3.305 -3.286 -3.264 -3.240 -3.213 -3.182 -3.149 -3.113 -3.073 -3.030 
-2.983 -2.933 -2.878 -2.819 -2.754 -2.685 -2.610 -2.529 -2.441 -2.347 
-2.244 -2.134 -2.017 -1.895 -1.771 -1.654 -1.552 -1.475 -1.428 -1.412 
-1.431 -1.479 -1.541 -1.602 -1.654 -1.695 -1.725 -1.743 -1.751 -1.748 
-1.734 -1.712 -1.682 -1.645 -1.604 -1.565 -1.534 -1.524 -1.545 -1.602 
-1.691 -1.799 -1.916 -2.033 -2.146 -2.253 -2.353 -2.446 -2.533 -2.613 
-2.687 -2.755 -2.819 -2.878 -2.932 -2.983 -3.029 -3.072 -3.112 -3.148 
-3.175 
-3.183 -3.204 -3.232 -3.256 -3.278 -3.298 -3.314 -3.329 -3.341 -3.350 
-3.357 -3.362 -3.364 -3.364 -3.362 -3.357 -3.350 -3.340 -3.328 -3.314 
-3.297 -3.277 -3.255 -3.230 -3.202 -3.171 -3.138 -3.100 -3.060 -3.016 
-2.968 -2.916 -2.860 -2.799 -2.733 -2.662 -2.585 -2.501 -2.410 -2.313 
-2.207 -2.095 -1.977 -1.857 -1.740 -1.635 -1.551 -1.500 -1.492 -1.530 
-1.596 -1.667 -1.733 -1.791 -1.839 -1.876 -1.904 -1.922 -1.931 -1.931 
-1.923 -1.908 -1.885 -1.857 -1.826 -1.794 -1.767 -1.753 -1.760 -1.790 
-1.845 -1.918 -2.004 -2.096 -2.190 -2.282 -2.372 -2.458 -2.538 -2.615 
-2.686 -2.753 -2.815 -2.873 -2.926 -2.976 -3.023 -3.065 -3.105 -3.141 
-3.173 
-3.239 -3.266 -3.297 -3.324 -3.348 -3.370 -3.389 -3.406 -3.419 -3.431 
-3.440 -3.447 -3.451 -3.453 -3.452 -3.449 -3.444 -3.436 -3.426 -3.414 
-3.399 -3.381 -3.361 -3.337 -3.312 -3.283 -3.251 -3.216 -3.178 -3.136 
-3.090 -3.040 -2.986 -2.928 -2.864 -2.795 -2.719 -2.637 -2.547 -2.449 
-2.341 -2.222 -2.091 -1.947 -1.790 -1.625 -1.465 -1.341 -1.288 -1.317 
-1.404 -1.510 -1.613 -1.702 -1.776 -1.834 -1.878 -1.909 -1.929 -1.937 
-1.934 -1.922 -1.900 -1.870 -1.833 -1.792 -1.751 -1.719 -1.704 -1.714 
-1.756 -1.825 -1.917 -2.021 -2.129 -2.237 -2.341 -2.439 -2.531 -2.617 
-2.697 -2.771 -2.840 -2.903 -2.962 -3.017 -3.068 -3.114 -3.157 -3.197 
-3.227 
-3.276 -3.312 -3.341 -3.368 -3.391 -3.412 -3.431 -3.447 -3.461 -3.472 
-3.480 -3.487 -3.491 -3.492 -3.492 -3.489 -3.484 -3.476 -3.466 -3.453 
-3.439 -3.421 -3.401 -3.378 -3.353 -3.325 -3.294 -3.260 -3.222 -3.181 
-3.137 -3.089 -3.037 -2.980 -2.919 -2.852 -2.780 -2.702 -2.617 -2.525 
-2.424 -2.314 -2.194 -2.064 -1.924 -1.778 -1.633 -1.510 -1.433 -1.417 
-1.450 -1.514 -1.589 -1.663 -1.728 -1.781 -1.822 -1.852 -1.869 -1.876 
-1.872 -1.859 -1.837 -1.807 -1.771 -1.735 -1.703 -1.684 -1.688 -1.722 
-1.787 -1.876 -1.981 -2.092 -2.203 -2.311 -2.413 -2.509 -2.599 -2.682 
-2.759 -2.831 -2.898 -2.959 -3.017 -3.070 -3.119 -3.164 -3.206 -3.244 
-3.265 
-3.227 -3.236 -3.261 -3.284 -3.304 -3.322 -3.337 -3.350 -3.361 -3.369 
-3.375 -3.379 -3.380 -3.379 -3.376 -3.371 -3.363 -3.353 -3.341 -3.326 
-3.308 -3.289 -3.266 -3.241 -3.213 -3.183 -3.149 -3.112 -3.072 -3.028 
-2.981 -2.930 -2.874 -2.815 -2.750 -2.680 -2.604 -2.522 -2.433 -2.337 
-2.232 -2.119 -1.998 -1.869 -1.736 -1.607 -1.494 -1.415 -1.382 -1.394 
-1.439 -1.501 -1.566 -1.627 -1.679 -1.722 -1.754 -1.776 -1.790 -1.795 
-1.793 -1.786 -1.775 -1.763 -1.755 -1.753 -1.762 -1.785 -1.825 -1.881 
-1.953 -2.035 -2.123 -2.213 -2.302 -2.388 -2.470 -2.549 -2.623 -2.692 
-2.757 -2.818 -2.876 -2.929 -2.978 -3.025 -3.067 -3.107 -3.144 -3.177 
-3.216 
-3.325 -3.360 -3.384 -3.405 -3.424 -3.440 -3.454 -3.465 -3.474 -3.481 
-3.485 -3.487 -3.487 -3.484 -3.480 -3.473 -3.463 -3.451 -3.437 -3.420 
-3.401 -3.379 -3.355 -3.328 -3.298 -3.265 -3.229 -3.189 -3.147 -3.100 
-3.050 -2.995 -2.936 -2.873 -2.804 -2.729 -2.648 -2.559 -2.463 -2.358 
-2.244 -2.120 -1.985 -1.841 -1.693 -1.551 -1.434 -1.364 -1.352 -1.392 
-1.462 -1.539 -1.612 -1.673 -1.723 -1.759 -1.784 -1.797 -1.800 -1.793 
-1.778 -1.759 -1.737 -1.718 -1.708 -1.715 -1.742 -1.794 -1.866 -1.953 
-2.050 -2.151 -2.251 -2.349 -2.442 -2.531 -2.615 -2.693 -2.767 -2.835 
-2.899 -2.959 -3.015 -3.066 -3.114 -3.159 -3.200 -3.238 -3.273 -3.305 
-3.317 
-3.329 -3.342 -3.366 -3.388 -3.407 -3.423 -3.438 -3.449 -3.458 -3.465 
-3.470 -3.472 -3.472 -3.469 -3.464 -3.457 -3.447 -3.435 -3.420 -3.403 
-3.383 -3.361 -3.336 -3.308 -3.277 -3.243 -3.206 -3.165 -3.121 -3.073 
-3.021 -2.964 -2.903 -2.837 -2.765 -2.687 -2.603 -2.511 -2.411 -2.303 
-2.185 -2.059 -1.927 -1.793 -1.667 -1.561 -1.485 -1.449 -1.466 -1.530 
-1.612 -1.690 -1.757 -1.812 -1.854 -1.883 -1.902 -1.910 -1.907 -1.895 
-1.875 -1.847 -1.815 -1.781 -1.751 -1.732 -1.730 -1.751 -1.797 -1.865 
-1.952 -2.052 -2.158 -2.264 -2.366 -2.463 -2.554 -2.639 -2.719 -2.792 
-2.860 -2.924 -2.982 -3.036 -3.087 -3.133 -3.176 -3.215 -3.251 -3.284 
-3.319 
-3.376 -3.414 -3.440 -3.463 -3.483 -3.500 -3.515 -3.527 -3.537 -3.544 
-3.549 -3.551 -3.551 -3.549 -3.544 -3.537 -3.527 -3.515 -3.501 -3.484 
-3.464 -3.442 -3.417 -3.390 -3.359 -3.326 -3.290 -3.250 -3.208 -3.162 
-3.112 -3.059 -3.002 -2.941 -2.875 -2.805 -2.729 -2.648 -2.561 -2.466 
-2.363 -2.250 -2.124 -1.985 -1.831 -1.666 -1.505 -1.390 -1.367 -1.435 
-1.546 -1.656 -1.744 -1.809 -1.853 -1.881 -1.899 -1.911 -1.922 -1.934 
-1.947 -1.955 -1.955 -1.943 -1.920 -1.889 -1.855 -1.829 -1.820 -1.841 
-1.896 -1.984 -2.092 -2.209 -2.326 -2.439 -2.545 -2.643 -2.733 -2.816 
-2.893 -2.963 -3.028 -3.087 -3.142 -3.192 -3.238 -3.280 -3.319 -3.354 
-3.366 
-3.281 -3.285 -3.298 -3.308 -3.316 -3.323 -3.327 -3.329 -3.328 -3.326 
-3.322 -3.315 -3.307 -3.296 -3.283 -3.268 -3.251 -3.232 -3.210 -3.187 
-3.160 -3.132 -3.101 -3.068 -3.032 -2.994 -2.953 -2.909 -2.863 -2.814 
-2.762 -2.708 -2.651 -2.592 -2.530 -2.466 -2.400 -2.332 -2.264 -2.196 
-2.127 -2.060 -1.993 -1.927 -1.859 -1.789 -1.714 -1.645 -1.610 -1.606 
-1.607 -1.599 -1.585 -1.566 -1.544 -1.524 -1.510 -1.506 -1.519 -1.551 
-1.602 -1.670 -1.749 -1.833 -1.915 -1.992 -2.059 -2.117 -2.170 -2.228 
-2.296 -2.375 -2.459 -2.542 -2.621 -2.693 -2.760 -2.821 -2.877 -2.928 
-2.975 -3.018 -3.058 -3.094 -3.128 -3.158 -3.185 -3.210 -3.233 -3.252 
-3.276 
-3.303 -3.316 -3.331 -3.344 -3.355 -3.364 -3.371 -3.375 -3.378 -3.378 
-3.377 -3.373 -3.368 -3.360 -3.350 -3.338 -3.324 -3.308 -3.290 -3.269 
-3.247 -3.221 -3.194 -3.164 -3.132 -3.097 -3.059 -3.019 -2.976 -2.930 
-2.881 -2.829 -2.774 -2.715 -2.654 -2.588 -2.520 -2.448 -2.372 -2.293 
-2.211 -2.125 -2.037 -1.946 -1.857 -1.779 -1.721 -1.680 -1.651 -1.629 
-1.615 -1.609 -1.610 -1.617 -1.628 -1.644 -1.663 -1.688 -1.720 -1.761 
-1.811 -1.868 -1.930 -1.994 -2.058 -2.120 -2.176 -2.227 -2.272 -2.314 
-2.359 -2.413 -2.477 -2.549 -2.622 -2.693 -2.760 -2.822 -2.880 -2.933 
-2.982 -3.027 -3.069 -3.107 -3.143 -3.175 -3.205 -3.232 -3.256 -3.279 
-3.297 
-3.407 -3.431 -3.459 -3.483 -3.505 -3.524 -3.540 -3.554 -3.565 -3.573 
-3.579 -3.583 -3.584 -3.583 -3.579 -3.573 -3.564 -3.553 -3.539 -3.523 
-3.504 -3.482 -3.458 -3.431 -3.401 -3.367 -3.331 -3.291 -3.247 -3.199 
-3.147 -3.091 -3.030 -2.963 -2.890 -2.811 -2.723 -2.627 -2.520 -2.402 
-2.272 -2.131 -1.990 -1.861 -1.754 -1.681 -1.666 -1.707 -1.780 -1.858 
-1.929 -1.988 -2.038 -2.081 -2.118 -2.150 -2.178 -2.203 -2.223 -2.238 
-2.248 -2.252 -2.247 -2.232 -2.206 -2.170 -2.125 -2.075 -2.028 -1.996 
-1.990 -2.022 -2.089 -2.182 -2.288 -2.398 -2.506 -2.609 -2.704 -2.793 
-2.874 -2.949 -3.019 -3.082 -3.140 -3.194 -3.243 -3.288 -3.329 -3.366 
-3.395 
-3.525 -3.558 -3.586 -3.612 -3.634 -3.653 -3.670 -3.684 -3.695 -3.704 
-3.709 -3.713 -3.713 -3.712 -3.707 -3.700 -3.690 -3.678 -3.662 -3.644 
-3.623 -3.599 -3.572 -3.542 -3.508 -3.471 -3.429 -3.384 -3.334 -3.279 
-3.219 -3.153 -3.080 -3.000 -2.912 -2.813 -2.704 -2.582 -2.445 -2.294 
-2.134 -1.979 -1.861 -1.806 -1.813 -1.846 -1.885 -1.937 -2.014 -2.110 
-2.205 -2.289 -2.358 -2.414 -2.456 -2.487 -2.507 -2.518 -2.518 -2.510 
-2.492 -2.466 -2.430 -2.384 -2.330 -2.267 -2.198 -2.125 -2.057 -2.008 
-1.994 -2.028 -2.108 -2.218 -2.342 -2.467 -2.586 -2.697 -2.799 -2.893 
-2.979 -3.058 -3.130 -3.196 -3.256 -3.312 -3.363 -3.410 -3.452 -3.491 
-3.514 
-3.571 -3.592 -3.620 -3.645 -3.667 -3.686 -3.703 -3.717 -3.729 -3.738 
-3.744 -3.749 -3.750 -3.749 -3.746 -3.741 -3.733 -3.722 -3.709 -3.693 
-3.674 -3.653 -3.629 -3.602 -3.571 -3.538 -3.501 -3.460 -3.416 -3.367 
-3.314 -3.256 -3.192 -3.122 -3.045 -2.960 -2.866 -2.761 -2.644 -2.513 
-2.372 -2.228 -2.102 -2.004 -1.912 -1.803 -1.698 -1.646 -1.670 -1.753 
-1.861 -1.967 -2.060 -2.137 -2.198 -2.245 -2.279 -2.301 -2.312 -2.313 
-2.305 -2.287 -2.262 -2.229 -2.192 -2.152 -2.114 -2.080 -2.055 -2.044 
-2.069 -2.143 -2.251 -2.370 -2.488 -2.600 -2.705 -2.802 -2.892 -2.975 
-3.053 -3.124 -3.190 -3.250 -3.307 -3.359 -3.406 -3.450 -3.491 -3.528 
-3.560 
-3.605 -3.644 -3.672 -3.697 -3.718 -3.737 -3.753 -3.766 -3.776 -3.783 
-3.788 -3.791 -3.790 -3.787 -3.782 -3.773 -3.762 -3.748 -3.732 -3.712 
-3.690 -3.664 -3.635 -3.603 -3.567 -3.528 -3.484 -3.436 -3.383 -3.325 
-3.262 -3.192 -3.115 -3.030 -2.936 -2.831 -2.715 -2.585 -2.441 -2.286 
-2.129 -1.994 -1.915 -1.910 -1.960 -2.021 -2.062 -2.096 -2.158 -2.245 
-2.335 -2.415 -2.480 -2.531 -2.569 -2.595 -2.611 -2.616 -2.611 -2.597 
-2.573 -2.539 -2.493 -2.436 -2.366 -2.282 -2.182 -2.067 -1.949 -1.858 
-1.840 -1.913 -2.052 -2.213 -2.371 -2.518 -2.652 -2.772 -2.880 -2.977 
-3.066 -3.146 -3.219 -3.285 -3.346 -3.402 -3.452 -3.498 -3.540 -3.579 
-3.596 
-3.523 -3.538 -3.568 -3.595 -3.619 -3.640 -3.658 -3.673 -3.686 -3.695 
-3.702 -3.706 -3.708 -3.706 -3.703 -3.696 -3.687 -3.675 -3.660 -3.642 
-3.621 -3.598 -3.571 -3.540 -3.506 -3.469 -3.427 -3.382 -3.331 -3.276 
-3.216 -3.149 -3.076 -2.996 -2.907 -2.809 -2.701 -2.580 -2.448 -2.306 
-2.159 -2.024 -1.928 -1.891 -1.903 -1.926 -1.941 -2.017 -2.150 -2.275 
-2.376 -2.456 -2.519 -2.568 -2.606 -2.633 -2.650 -2.659 -2.659 -2.650 
-2.633 -2.608 -2.573 -2.528 -2.474 -2.408 -2.332 -2.245 -2.153 -2.069 
-2.021 -2.025 -2.074 -2.157 -2.264 -2.383 -2.503 -2.618 -2.727 -2.827 
-2.919 -3.003 -3.081 -3.152 -3.217 -3.276 -3.330 -3.380 -3.425 -3.467 
-3.509 
-3.472 -3.530 -3.561 -3.590 -3.617 -3.640 -3.660 -3.678 -3.694 -3.706 
-3.717 -3.725 -3.730 -3.733 -3.733 -3.731 -3.727 -3.720 -3.711 -3.699 
-3.684 -3.667 -3.647 -3.624 -3.598 -3.569 -3.537 -3.501 -3.462 -3.418 
-3.371 -3.319 -3.261 -3.199 -3.129 -3.053 -2.968 -2.874 -2.769 -2.651 
-2.521 -2.380 -2.232 -2.073 -1.890 -1.695 -1.569 -1.594 -1.739 -1.915 
-2.066 -2.184 -2.276 -2.347 -2.403 -2.447 -2.482 -2.508 -2.526 -2.536 
-2.540 -2.536 -2.526 -2.509 -2.485 -2.455 -2.418 -2.377 -2.334 -2.293 
-2.263 -2.254 -2.274 -2.324 -2.397 -2.484 -2.577 -2.671 -2.763 -2.851 
-2.933 -3.010 -3.081 -3.148 -3.210 -3.267 -3.320 -3.369 -3.414 -3.456 
-3.462 
-3.250 -3.245 -3.274 -3.300 -3.324 -3.346 -3.366 -3.383 -3.398 -3.411 
-3.421 -3.430 -3.436 -3.441 -3.443 -3.443 -3.440 -3.436 -3.430 -3.421 
-3.410 -3.397 -3.381 -3.364 -3.344 -3.321 -3.296 -3.269 -3.238 -3.205 
-3.170 -3.131 -3.090 -3.045 -2.997 -2.945 -2.890 -2.831 -2.767 -2.699 
-2.626 -2.546 -2.457 -2.354 -2.231 -2.087 -1.967 -1.962 -2.021 -2.064 
-2.087 -2.101 -2.115 -2.130 -2.146 -2.164 -2.182 -2.198 -2.212 -2.225 
-2.234 -2.241 -2.246 -2.249 -2.251 -2.252 -2.253 -2.256 -2.260 -2.268 
-2.282 -2.303 -2.333 -2.373 -2.421 -2.475 -2.533 -2.591 -2.651 -2.709 
-2.766 -2.821 -2.875 -2.926 -2.974 -3.021 -3.064 -3.105 -3.144 -3.180 
-3.231 
