IRGRID 64 91
1e+308

0.025 0.03 0.035 0.04 0.045 0.05 0.055 0.06 0.065 0.07
0.075 0.08 0.085 0.09 0.095 0.1 0.11 0.12 0.13 0.14
0.15 0.16 0.17 0.18 0.19 0.2 0.21 0.22 0.23 0.24
0.25 0.26 0.27 0.28 0.29 0.3 0.31 0.32 0.33 0.34
0.35 0.36 0.37 0.38 0.39 0.4 0.41 0.42 0.43 0.44
0.45 0.46 0.47 0.48 0.49 0.5 0.51 0.52 0.53 0.54
0.55 0.56 0.57 0.58
0 4 8 12 16 20 24 28 32 36
40 44 48 52 56 60 64 68 72 76
80 84 88 92 96 100 104 108 112 116
120 124 128 132 136 140 144 148 152 156
160 164 168 172 176 180 184 188 192 196
200 204 208 212 216 220 224 228 232 236
240 244 248 252 256 260 264 268 272 276
280 284 288 292 296 300 304 308 312 316
320 324 328 332 336 340 344 348 352 356
360
-3.032 -3.145 -3.166 -3.185 -3.202 -3.217 -3.229 -3.240 -3.249 -3.256 
-3.261 -3.265 -3.267 -3.268 -3.267 -3.265 -3.261 -3.256 -3.250 -3.242 
-3.233 -3.223 -3.212 -3.199 -3.186 -3.171 -3.156 -3.139 -3.121 -3.102 
-3.081 -3.059 -3.036 -3.012 -2.986 -2.958 -2.928 -2.896 -2.863 -2.826 
-2.788 -2.747 -2.703 -2.656 -2.607 -2.555 -2.501 -2.445 -2.387 -2.328 
-2.268 -2.209 -2.150 -2.091 -2.033 -1.976 -1.918 -1.858 -1.797 -1.733 
-1.666 -1.599 -1.534 -1.477 -1.434 -1.414 -1.425 -1.475 -1.561 -1.674 
-1.798 -1.922 -2.042 -2.154 -2.257 -2.351 -2.438 -2.518 -2.591 -2.658 
-2.720 -2.777 -2.830 -2.878 -2.923 -2.963 -3.001 -3.035 -3.067 -3.095 
-3.024 
-2.624 -2.615 -2.613 -2.606 -2.595 -2.580 -2.564 -2.549 -2.538 -2.537 
-2.544 -2.560 -2.581 -2.603 -2.623 -2.640 -2.654 -2.664 -2.670 -2.673 
-2.674 -2.672 -2.668 -2.662 -2.655 -2.646 -2.637 -2.626 -2.614 -2.601 
-2.588 -2.573 -2.558 -2.542 -2.526 -2.508 -2.490 -2.471 -2.450 -2.428 
-2.405 -2.381 -2.355 -2.326 -2.296 -2.263 -2.228 -2.189 -2.147 -2.100 
-2.048 -1.988 -1.917 -1.827 -1.697 -1.468 -1.076 -1.227 -1.443 -1.468 
-1.432 -1.381 -1.336 -1.311 -1.313 -1.344 -1.399 -1.474 -1.562 -1.656 
-1.748 -1.837 -1.919 -1.996 -2.067 -2.133 -2.193 -2.248 -2.298 -2.345 
-2.387 -2.425 -2.460 -2.491 -2.519 -2.544 -2.565 -2.582 -2.596 -2.607 
-2.618 
-2.122 -2.199 -2.200 -2.188 -2.166 -2.136 -2.104 -2.075 -2.057 -2.056 
-2.073 -2.108 -2.157 -2.214 -2.274 -2.334 -2.391 -2.444 -2.492 -2.536 
-2.574 -2.607 -2.636 -2.660 -2.680 -2.696 -2.708 -2.717 -2.722 -2.724 
-2.722 -2.718 -2.710 -2.700 -2.686 -2.670 -2.650 -2.626 -2.600 -2.569 
-2.534 -2.495 -2.451 -2.402 -2.346 -2.283 -2.212 -2.132 -2.041 -1.937 
-1.818 -1.681 -1.525 -1.344 -1.109 -0.749 -0.456 -0.592 -0.958 -1.286 
-1.478 -1.596 -1.671 -1.726 -1.776 -1.831 -1.892 -1.954 -2.012 -2.065 
-2.110 -2.146 -2.173 -2.193 -2.203 -2.206 -2.202 -2.190 -2.172 -2.148 
-2.121 -2.093 -2.067 -2.048 -2.041 -2.047 -2.067 -2.096 -2.129 -2.161 
-2.130 
-1.620 -1.668 -1.740 -1.807 -1.870 -1.926 -1.976 -2.021 -2.062 -2.102 
-2.141 -2.181 -2.221 -2.260 -2.296 -2.329 -2.359 -2.385 -2.408 -2.428 
-2.444 -2.458 -2.468 -2.475 -2.479 -2.481 -2.479 -2.475 -2.468 -2.458 
-2.445 -2.429 -2.411 -2.389 -2.363 -2.335 -2.303 -2.267 -2.227 -2.183 
-2.135 -2.081 -2.022 -1.958 -1.886 -1.808 -1.721 -1.625 -1.519 -1.401 
-1.271 -1.131 -0.986 -0.847 -0.726 -0.606 -0.425 -0.404 -0.601 -0.818 
-0.986 -1.116 -1.218 -1.300 -1.367 -1.420 -1.462 -1.495 -1.518 -1.534 
-1.542 -1.543 -1.538 -1.525 -1.506 -1.481 -1.450 -1.414 -1.375 -1.334 
-1.295 -1.263 -1.241 -1.235 -1.245 -1.273 -1.317 -1.375 -1.443 -1.517 
-1.591 
-1.424 -1.491 -1.557 -1.618 -1.676 -1.730 -1.782 -1.830 -1.875 -1.918 
-1.958 -1.995 -2.029 -2.061 -2.090 -2.116 -2.140 -2.161 -2.180 -2.197 
-2.210 -2.222 -2.231 -2.237 -2.241 -2.243 -2.242 -2.238 -2.232 -2.224 
-2.213 -2.199 -2.182 -2.163 -2.140 -2.115 -2.086 -2.054 -2.018 -1.979 
-1.936 -1.888 -1.835 -1.777 -1.713 -1.643 -1.565 -1.479 -1.383 -1.275 
-1.153 -1.014 -0.853 -0.663 -0.434 -0.159 0.108 0.266 0.299 0.068 
-0.232 -0.457 -0.626 -0.755 -0.857 -0.938 -1.002 -1.052 -1.090 -1.117 
-1.135 -1.144 -1.144 -1.136 -1.120 -1.097 -1.068 -1.033 -0.995 -0.959 
-0.928 -0.910 -0.912 -0.935 -0.980 -1.042 -1.115 -1.193 -1.272 -1.349 
-1.398 
-1.252 -1.256 -1.287 -1.319 -1.353 -1.387 -1.422 -1.457 -1.491 -1.524 
-1.557 -1.587 -1.617 -1.644 -1.669 -1.692 -1.713 -1.731 -1.748 -1.761 
-1.773 -1.782 -1.788 -1.792 -1.793 -1.792 -1.788 -1.782 -1.773 -1.761 
-1.746 -1.728 -1.708 -1.684 -1.657 -1.627 -1.593 -1.556 -1.515 -1.470 
-1.421 -1.368 -1.310 -1.248 -1.181 -1.109 -1.032 -0.950 -0.862 -0.769 
-0.670 -0.563 -0.447 -0.316 -0.161 0.035 0.297 0.594 0.778 0.680 
0.517 0.525 0.731 0.936 0.722 0.346 0.041 -0.193 -0.375 -0.520 
-0.638 -0.733 -0.811 -0.873 -0.924 -0.963 -0.992 -1.014 -1.029 -1.038 
-1.044 -1.050 -1.058 -1.071 -1.088 -1.108 -1.130 -1.152 -1.176 -1.201 
-1.244 
-1.312 -1.369 -1.398 -1.425 -1.450 -1.474 -1.496 -1.517 -1.535 -1.552 
-1.567 -1.579 -1.589 -1.597 -1.603 -1.607 -1.609 -1.609 -1.606 -1.601 
-1.594 -1.585 -1.573 -1.559 -1.543 -1.525 -1.504 -1.481 -1.455 -1.427 
-1.396 -1.363 -1.326 -1.287 -1.245 -1.200 -1.152 -1.101 -1.046 -0.988 
-0.926 -0.860 -0.791 -0.718 -0.641 -0.560 -0.476 -0.388 -0.298 -0.205 
-0.111 -0.015 0.082 0.180 0.281 0.389 0.511 0.664 0.852 1.051 
1.307 1.357 1.516 1.646 1.493 1.162 0.821 0.547 0.326 0.142 
-0.015 -0.153 -0.275 -0.384 -0.483 -0.574 -0.657 -0.733 -0.803 -0.868 
-0.928 -0.983 -1.035 -1.082 -1.126 -1.167 -1.206 -1.242 -1.276 -1.309 
-1.305 
-1.089 -1.109 -1.137 -1.163 -1.188 -1.212 -1.233 -1.254 -1.273 -1.290 
-1.306 -1.320 -1.333 -1.344 -1.354 -1.362 -1.369 -1.373 -1.376 -1.378 
-1.377 -1.375 -1.371 -1.365 -1.357 -1.347 -1.335 -1.321 -1.305 -1.287 
-1.266 -1.244 -1.219 -1.191 -1.161 -1.129 -1.093 -1.055 -1.014 -0.970 
-0.923 -0.872 -0.818 -0.759 -0.697 -0.630 -0.558 -0.482 -0.400 -0.312 
-0.217 -0.115 -0.004 0.119 0.257 0.417 0.608 0.848 1.166 1.542 
1.820 1.674 1.398 1.250 1.019 0.744 0.534 0.370 0.236 0.122 
0.020 -0.071 -0.155 -0.232 -0.305 -0.374 -0.439 -0.501 -0.560 -0.616 
-0.670 -0.721 -0.769 -0.816 -0.859 -0.901 -0.941 -0.978 -1.013 -1.047 
-1.077 
-0.938 -0.957 -0.978 -0.998 -1.018 -1.037 -1.056 -1.075 -1.094 -1.112 
-1.129 -1.146 -1.162 -1.178 -1.192 -1.206 -1.219 -1.231 -1.241 -1.251 
-1.259 -1.265 -1.270 -1.274 -1.276 -1.276 -1.274 -1.271 -1.266 -1.259 
-1.250 -1.239 -1.225 -1.210 -1.192 -1.172 -1.149 -1.124 -1.095 -1.064 
-1.030 -0.993 -0.951 -0.907 -0.858 -0.804 -0.746 -0.682 -0.613 -0.536 
-0.451 -0.357 -0.252 -0.133 0.003 0.162 0.354 0.595 0.925 1.411 
1.785 1.644 1.255 0.889 0.635 0.444 0.294 0.171 0.067 -0.023 
-0.102 -0.173 -0.237 -0.297 -0.354 -0.407 -0.458 -0.506 -0.553 -0.597 
-0.638 -0.677 -0.714 -0.748 -0.780 -0.810 -0.838 -0.864 -0.889 -0.913 
-0.933 
-0.892 -0.915 -0.955 -0.994 -1.030 -1.064 -1.095 -1.125 -1.153 -1.179 
-1.203 -1.225 -1.245 -1.264 -1.280 -1.295 -1.308 -1.319 -1.328 -1.335 
-1.340 -1.344 -1.345 -1.345 -1.342 -1.338 -1.332 -1.323 -1.313 -1.300 
-1.285 -1.268 -1.249 -1.227 -1.203 -1.176 -1.146 -1.114 -1.079 -1.041 
-1.000 -0.956 -0.908 -0.856 -0.800 -0.739 -0.674 -0.603 -0.527 -0.444 
-0.353 -0.253 -0.144 -0.021 0.116 0.273 0.455 0.673 0.943 1.287 
1.670 1.785 1.620 1.327 1.066 0.868 0.715 0.592 0.490 0.403 
0.326 0.256 0.190 0.127 0.064 0.002 -0.061 -0.125 -0.189 -0.253 
-0.317 -0.380 -0.443 -0.504 -0.563 -0.620 -0.675 -0.728 -0.778 -0.826 
-0.874 
-1.049 -1.082 -1.122 -1.160 -1.196 -1.229 -1.260 -1.289 -1.315 -1.340 
-1.362 -1.382 -1.400 -1.416 -1.430 -1.441 -1.451 -1.459 -1.464 -1.468 
-1.470 -1.469 -1.467 -1.462 -1.456 -1.447 -1.436 -1.423 -1.408 -1.391 
-1.371 -1.349 -1.325 -1.298 -1.268 -1.236 -1.201 -1.163 -1.121 -1.077 
-1.029 -0.977 -0.922 -0.862 -0.797 -0.728 -0.654 -0.574 -0.488 -0.396 
-0.298 -0.192 -0.079 0.043 0.175 0.320 0.485 0.678 0.914 1.214 
1.566 1.804 1.704 1.413 1.118 0.891 0.715 0.573 0.453 0.350 
0.257 0.172 0.092 0.015 -0.059 -0.132 -0.203 -0.274 -0.344 -0.412 
-0.479 -0.545 -0.609 -0.671 -0.730 -0.788 -0.843 -0.896 -0.946 -0.994 
-1.034 
-1.287 -1.369 -1.400 -1.429 -1.455 -1.480 -1.502 -1.521 -1.539 -1.554 
-1.567 -1.578 -1.587 -1.594 -1.598 -1.601 -1.601 -1.600 -1.596 -1.590 
-1.582 -1.572 -1.559 -1.545 -1.528 -1.509 -1.488 -1.464 -1.438 -1.409 
-1.377 -1.343 -1.306 -1.266 -1.223 -1.177 -1.128 -1.075 -1.018 -0.958 
-0.893 -0.825 -0.751 -0.673 -0.590 -0.502 -0.409 -0.310 -0.206 -0.098 
0.015 0.132 0.251 0.373 0.498 0.628 0.766 0.920 1.099 1.318 
1.562 1.736 1.646 1.368 1.063 0.806 0.595 0.418 0.264 0.129 
0.007 -0.104 -0.207 -0.303 -0.393 -0.478 -0.559 -0.635 -0.708 -0.777 
-0.843 -0.906 -0.965 -1.022 -1.075 -1.125 -1.173 -1.217 -1.259 -1.298 
-1.281 
-1.115 -1.109 -1.141 -1.171 -1.199 -1.225 -1.248 -1.270 -1.289 -1.306 
-1.321 -1.334 -1.345 -1.354 -1.362 -1.367 -1.370 -1.371 -1.370 -1.367 
-1.363 -1.356 -1.347 -1.336 -1.324 -1.309 -1.291 -1.272 -1.250 -1.227 
-1.200 -1.171 -1.140 -1.106 -1.070 -1.030 -0.987 -0.941 -0.892 -0.839 
-0.783 -0.722 -0.657 -0.587 -0.512 -0.432 -0.347 -0.256 -0.159 -0.057 
0.050 0.160 0.274 0.393 0.517 0.650 0.799 0.974 1.189 1.398 
1.396 1.382 1.304 1.155 1.006 0.863 0.726 0.597 0.476 0.361 
0.254 0.151 0.054 -0.039 -0.127 -0.211 -0.292 -0.369 -0.442 -0.511 
-0.578 -0.640 -0.700 -0.757 -0.810 -0.861 -0.909 -0.954 -0.996 -1.036 
-1.099 
-1.328 -1.407 -1.437 -1.464 -1.489 -1.511 -1.531 -1.548 -1.562 -1.574 
-1.584 -1.592 -1.597 -1.600 -1.600 -1.599 -1.595 -1.589 -1.581 -1.571 
-1.558 -1.543 -1.525 -1.505 -1.483 -1.458 -1.431 -1.400 -1.367 -1.332 
-1.293 -1.251 -1.205 -1.157 -1.104 -1.048 -0.988 -0.923 -0.854 -0.781 
-0.702 -0.617 -0.527 -0.432 -0.330 -0.222 -0.108 0.011 0.135 0.261 
0.389 0.518 0.648 0.785 0.944 1.194 1.539 1.486 1.707 1.869 
1.742 1.423 1.097 0.846 0.644 0.474 0.329 0.209 0.112 0.043 
0.006 0.006 0.034 0.052 0.003 -0.125 -0.284 -0.438 -0.573 -0.690 
-0.792 -0.881 -0.960 -1.030 -1.094 -1.152 -1.204 -1.252 -1.296 -1.337 
-1.323 
-1.123 -1.165 -1.203 -1.237 -1.267 -1.294 -1.317 -1.337 -1.354 -1.369 
-1.381 -1.390 -1.397 -1.402 -1.404 -1.404 -1.402 -1.398 -1.392 -1.383 
-1.373 -1.361 -1.347 -1.332 -1.314 -1.294 -1.273 -1.250 -1.225 -1.198 
-1.169 -1.138 -1.104 -1.069 -1.031 -0.991 -0.948 -0.902 -0.853 -0.801 
-0.744 -0.683 -0.618 -0.546 -0.469 -0.384 -0.292 -0.191 -0.079 0.044 
0.183 0.341 0.532 0.780 1.161 1.672 1.974 1.662 1.329 1.314 
1.120 0.809 0.587 0.443 0.350 0.295 0.272 0.276 0.307 0.364 
0.445 0.544 0.639 0.691 0.655 0.530 0.351 0.160 -0.020 -0.181 
-0.323 -0.449 -0.561 -0.660 -0.749 -0.829 -0.900 -0.965 -1.023 -1.075 
-1.105 
-0.904 -0.895 -0.907 -0.917 -0.926 -0.932 -0.937 -0.940 -0.941 -0.941 
-0.939 -0.936 -0.931 -0.924 -0.916 -0.907 -0.896 -0.884 -0.870 -0.855 
-0.839 -0.821 -0.802 -0.782 -0.760 -0.737 -0.712 -0.687 -0.660 -0.631 
-0.602 -0.570 -0.538 -0.503 -0.468 -0.430 -0.390 -0.349 -0.305 -0.258 
-0.209 -0.156 -0.100 -0.038 0.028 0.101 0.182 0.272 0.374 0.489 
0.620 0.763 0.915 1.082 1.293 1.553 1.786 1.608 1.372 1.114 
0.893 0.712 0.564 0.440 0.335 0.247 0.172 0.111 0.064 0.034 
0.026 0.042 0.076 0.097 0.055 -0.055 -0.188 -0.308 -0.408 -0.489 
-0.556 -0.613 -0.660 -0.702 -0.738 -0.770 -0.798 -0.822 -0.844 -0.863 
-0.899 
-1.050 -1.083 -1.106 -1.126 -1.145 -1.161 -1.175 -1.187 -1.197 -1.205 
-1.211 -1.215 -1.217 -1.217 -1.215 -1.211 -1.206 -1.198 -1.189 -1.178 
-1.164 -1.149 -1.132 -1.113 -1.092 -1.069 -1.044 -1.017 -0.987 -0.956 
-0.922 -0.885 -0.846 -0.804 -0.759 -0.710 -0.658 -0.603 -0.542 -0.478 
-0.407 -0.331 -0.248 -0.156 -0.056 0.055 0.178 0.315 0.467 0.632 
0.802 0.955 1.062 1.111 1.129 1.150 1.171 1.071 0.888 0.731 
0.610 0.516 0.439 0.372 0.312 0.255 0.198 0.141 0.082 0.021 
-0.042 -0.106 -0.172 -0.238 -0.304 -0.369 -0.432 -0.494 -0.553 -0.610 
-0.664 -0.716 -0.764 -0.810 -0.853 -0.894 -0.932 -0.967 -1.000 -1.030 
-1.041 
-1.184 -1.205 -1.235 -1.264 -1.290 -1.313 -1.334 -1.353 -1.370 -1.385 
-1.397 -1.407 -1.415 -1.421 -1.425 -1.427 -1.427 -1.425 -1.420 -1.413 
-1.404 -1.393 -1.380 -1.364 -1.347 -1.326 -1.303 -1.278 -1.250 -1.219 
-1.186 -1.149 -1.110 -1.067 -1.020 -0.970 -0.916 -0.858 -0.795 -0.726 
-0.653 -0.572 -0.485 -0.391 -0.287 -0.173 -0.049 0.088 0.236 0.394 
0.557 0.721 0.884 1.041 1.165 1.194 1.110 0.972 0.834 0.719 
0.628 0.554 0.489 0.427 0.364 0.300 0.236 0.173 0.110 0.046 
-0.019 -0.085 -0.153 -0.223 -0.293 -0.363 -0.433 -0.501 -0.568 -0.633 
-0.695 -0.755 -0.812 -0.867 -0.919 -0.968 -1.014 -1.057 -1.098 -1.136 
-1.171 
-1.366 -1.401 -1.426 -1.449 -1.469 -1.486 -1.502 -1.515 -1.526 -1.534 
-1.541 -1.545 -1.547 -1.546 -1.544 -1.539 -1.533 -1.524 -1.512 -1.499 
-1.483 -1.464 -1.443 -1.420 -1.394 -1.366 -1.334 -1.300 -1.263 -1.222 
-1.178 -1.131 -1.080 -1.025 -0.965 -0.901 -0.832 -0.757 -0.676 -0.588 
-0.493 -0.388 -0.274 -0.148 -0.009 0.144 0.308 0.466 0.594 0.693 
0.774 0.832 0.861 0.875 0.891 0.880 0.826 0.769 0.731 0.709 
0.695 0.679 0.651 0.602 0.529 0.436 0.328 0.213 0.097 -0.016 
-0.125 -0.229 -0.327 -0.420 -0.508 -0.591 -0.669 -0.743 -0.813 -0.878 
-0.940 -0.998 -1.053 -1.104 -1.151 -1.196 -1.237 -1.275 -1.311 -1.344 
-1.358 
-1.414 -1.441 -1.463 -1.483 -1.500 -1.515 -1.528 -1.538 -1.546 -1.551 
-1.555 -1.556 -1.555 -1.552 -1.546 -1.539 -1.529 -1.516 -1.502 -1.485 
-1.465 -1.443 -1.418 -1.391 -1.361 -1.328 -1.292 -1.253 -1.211 -1.165 
-1.115 -1.061 -1.003 -0.941 -0.873 -0.800 -0.720 -0.634 -0.539 -0.436 
-0.323 -0.197 -0.057 0.099 0.273 0.462 0.649 0.797 0.863 0.843 
0.780 0.707 0.638 0.572 0.514 0.466 0.429 0.403 0.387 0.380 
0.379 0.379 0.375 0.361 0.333 0.288 0.223 0.140 0.044 -0.061 
-0.168 -0.274 -0.377 -0.475 -0.567 -0.653 -0.733 -0.809 -0.879 -0.944 
-1.005 -1.062 -1.115 -1.164 -1.209 -1.251 -1.290 -1.326 -1.359 -1.389 
-1.406 
-1.371 -1.373 -1.391 -1.406 -1.419 -1.430 -1.438 -1.445 -1.449 -1.451 
-1.451 -1.449 -1.445 -1.439 -1.431 -1.420 -1.407 -1.392 -1.375 -1.356 
-1.334 -1.309 -1.282 -1.252 -1.220 -1.185 -1.147 -1.106 -1.061 -1.014 
-0.962 -0.907 -0.847 -0.783 -0.714 -0.640 -0.559 -0.473 -0.379 -0.277 
-0.167 -0.048 0.079 0.208 0.336 0.462 0.588 0.707 0.793 0.833 
0.834 0.807 0.760 0.706 0.650 0.597 0.547 0.501 0.458 0.416 
0.375 0.336 0.295 0.249 0.189 0.113 0.027 -0.065 -0.160 -0.253 
-0.344 -0.430 -0.513 -0.590 -0.664 -0.732 -0.797 -0.857 -0.914 -0.967 
-1.017 -1.063 -1.107 -1.147 -1.184 -1.219 -1.251 -1.280 -1.307 -1.332 
-1.364 
-1.523 -1.550 -1.567 -1.582 -1.594 -1.604 -1.612 -1.617 -1.621 -1.621 
-1.620 -1.616 -1.611 -1.602 -1.592 -1.579 -1.564 -1.546 -1.525 -1.503 
-1.477 -1.449 -1.418 -1.384 -1.346 -1.306 -1.262 -1.214 -1.162 -1.106 
-1.046 -0.980 -0.909 -0.832 -0.749 -0.658 -0.558 -0.449 -0.331 -0.201 
-0.061 0.084 0.227 0.349 0.432 0.472 0.481 0.480 0.473 0.458 
0.430 0.393 0.352 0.315 0.287 0.269 0.261 0.265 0.279 0.303 
0.334 0.367 0.391 0.386 0.339 0.247 0.124 -0.011 -0.147 -0.275 
-0.395 -0.505 -0.606 -0.699 -0.785 -0.864 -0.937 -1.005 -1.067 -1.125 
-1.179 -1.229 -1.275 -1.318 -1.357 -1.393 -1.426 -1.456 -1.484 -1.508 
-1.516 
-1.604 -1.625 -1.643 -1.658 -1.671 -1.682 -1.690 -1.697 -1.701 -1.702 
-1.702 -1.699 -1.694 -1.687 -1.678 -1.666 -1.652 -1.635 -1.616 -1.595 
-1.571 -1.544 -1.515 -1.483 -1.448 -1.410 -1.369 -1.324 -1.276 -1.223 
-1.167 -1.106 -1.041 -0.970 -0.894 -0.811 -0.722 -0.624 -0.519 -0.403 
-0.278 -0.143 0.001 0.147 0.288 0.422 0.544 0.645 0.707 0.698 
0.634 0.564 0.503 0.456 0.423 0.402 0.389 0.383 0.376 0.363 
0.339 0.302 0.250 0.183 0.099 -0.002 -0.110 -0.218 -0.324 -0.424 
-0.521 -0.614 -0.702 -0.786 -0.866 -0.941 -1.011 -1.077 -1.139 -1.196 
-1.250 -1.299 -1.346 -1.388 -1.428 -1.465 -1.498 -1.529 -1.557 -1.582 
-1.598 
-1.602 -1.619 -1.645 -1.667 -1.688 -1.706 -1.721 -1.734 -1.745 -1.753 
-1.759 -1.763 -1.764 -1.763 -1.760 -1.755 -1.747 -1.736 -1.724 -1.709 
-1.691 -1.671 -1.648 -1.623 -1.594 -1.563 -1.529 -1.491 -1.450 -1.406 
-1.358 -1.305 -1.248 -1.186 -1.119 -1.047 -0.967 -0.881 -0.786 -0.682 
-0.567 -0.438 -0.294 -0.130 0.057 0.273 0.509 0.709 0.823 0.809 
0.678 0.511 0.365 0.251 0.165 0.102 0.057 0.024 0.000 -0.020 
-0.039 -0.060 -0.081 -0.101 -0.119 -0.136 -0.157 -0.186 -0.226 -0.279 
-0.346 -0.423 -0.506 -0.593 -0.679 -0.765 -0.847 -0.925 -0.999 -1.069 
-1.135 -1.197 -1.255 -1.309 -1.359 -1.405 -1.449 -1.489 -1.526 -1.560 
-1.591 
-1.687 -1.709 -1.736 -1.760 -1.781 -1.800 -1.816 -1.830 -1.841 -1.850 
-1.856 -1.860 -1.862 -1.861 -1.858 -1.852 -1.844 -1.834 -1.821 -1.805 
-1.787 -1.766 -1.742 -1.716 -1.687 -1.654 -1.618 -1.579 -1.536 -1.489 
-1.438 -1.382 -1.321 -1.255 -1.182 -1.102 -1.015 -0.918 -0.810 -0.688 
-0.551 -0.393 -0.209 0.005 0.241 0.470 0.658 0.728 0.652 0.497 
0.309 0.142 0.010 -0.092 -0.168 -0.225 -0.265 -0.290 -0.301 -0.301 
-0.289 -0.268 -0.240 -0.211 -0.190 -0.182 -0.186 -0.200 -0.226 -0.270 
-0.332 -0.411 -0.501 -0.596 -0.693 -0.788 -0.879 -0.966 -1.048 -1.124 
-1.195 -1.262 -1.324 -1.382 -1.435 -1.484 -1.530 -1.573 -1.611 -1.647 
-1.676 
-1.862 -1.884 -1.905 -1.923 -1.938 -1.951 -1.962 -1.970 -1.975 -1.978 
-1.979 -1.977 -1.973 -1.967 -1.958 -1.947 -1.933 -1.916 -1.897 -1.875 
-1.851 -1.823 -1.793 -1.759 -1.722 -1.681 -1.637 -1.589 -1.536 -1.479 
-1.416 -1.348 -1.274 -1.192 -1.102 -1.002 -0.891 -0.765 -0.622 -0.458 
-0.271 -0.077 0.101 0.286 0.454 0.527 0.498 0.408 0.245 0.085 
-0.042 -0.136 -0.205 -0.252 -0.281 -0.295 -0.292 -0.276 -0.245 -0.201 
-0.145 -0.081 -0.017 0.033 0.050 0.017 -0.070 -0.189 -0.316 -0.441 
-0.561 -0.676 -0.786 -0.891 -0.989 -1.081 -1.167 -1.246 -1.320 -1.388 
-1.451 -1.509 -1.563 -1.612 -1.658 -1.700 -1.738 -1.774 -1.806 -1.835 
-1.854 
-2.014 -2.048 -2.065 -2.079 -2.091 -2.101 -2.108 -2.112 -2.114 -2.114 
-2.111 -2.106 -2.098 -2.088 -2.075 -2.060 -2.042 -2.021 -1.998 -1.972 
-1.942 -1.910 -1.874 -1.835 -1.791 -1.744 -1.693 -1.637 -1.576 -1.509 
-1.436 -1.355 -1.267 -1.169 -1.059 -0.936 -0.795 -0.634 -0.446 -0.233 
-0.016 0.143 0.181 0.127 0.079 0.030 -0.080 -0.209 -0.320 -0.408 
-0.474 -0.523 -0.557 -0.577 -0.584 -0.578 -0.561 -0.531 -0.489 -0.432 
-0.359 -0.271 -0.168 -0.065 0.008 0.005 -0.090 -0.248 -0.425 -0.595 
-0.749 -0.886 -1.009 -1.120 -1.219 -1.310 -1.392 -1.468 -1.537 -1.600 
-1.659 -1.712 -1.761 -1.807 -1.848 -1.886 -1.920 -1.952 -1.980 -2.005 
-2.008 
-1.915 -1.932 -1.949 -1.964 -1.976 -1.985 -1.993 -1.998 -2.001 -2.001 
-1.999 -1.995 -1.989 -1.980 -1.969 -1.956 -1.940 -1.922 -1.901 -1.877 
-1.851 -1.822 -1.790 -1.755 -1.717 -1.676 -1.631 -1.582 -1.529 -1.472 
-1.410 -1.343 -1.271 -1.192 -1.107 -1.014 -0.912 -0.799 -0.675 -0.536 
-0.383 -0.243 -0.172 -0.153 -0.139 -0.130 -0.135 -0.157 -0.195 -0.241 
-0.289 -0.331 -0.366 -0.392 -0.410 -0.419 -0.422 -0.419 -0.412 -0.403 
-0.393 -0.384 -0.375 -0.366 -0.363 -0.393 -0.471 -0.574 -0.678 -0.776 
-0.869 -0.957 -1.042 -1.122 -1.198 -1.270 -1.337 -1.401 -1.460 -1.516 
-1.568 -1.616 -1.661 -1.703 -1.742 -1.777 -1.810 -1.840 -1.867 -1.891 
-1.909 
-1.847 -1.849 -1.872 -1.891 -1.909 -1.924 -1.936 -1.947 -1.955 -1.960 
-1.963 -1.964 -1.963 -1.960 -1.954 -1.945 -1.935 -1.922 -1.906 -1.888 
-1.867 -1.844 -1.818 -1.789 -1.757 -1.722 -1.684 -1.642 -1.597 -1.547 
-1.494 -1.436 -1.373 -1.304 -1.230 -1.149 -1.060 -0.964 -0.858 -0.743 
-0.619 -0.490 -0.367 -0.261 -0.170 -0.091 -0.032 -0.009 -0.027 -0.076 
-0.142 -0.210 -0.273 -0.326 -0.370 -0.404 -0.427 -0.443 -0.450 -0.451 
-0.447 -0.441 -0.434 -0.432 -0.439 -0.457 -0.488 -0.530 -0.581 -0.641 
-0.709 -0.781 -0.857 -0.934 -1.011 -1.086 -1.158 -1.227 -1.293 -1.356 
-1.415 -1.470 -1.522 -1.571 -1.616 -1.658 -1.697 -1.733 -1.766 -1.797 
-1.837 
-2.055 -2.094 -2.113 -2.129 -2.143 -2.154 -2.163 -2.169 -2.173 -2.175 
-2.174 -2.171 -2.165 -2.157 -2.147 -2.134 -2.118 -2.100 -2.079 -2.055 
-2.029 -1.999 -1.966 -1.930 -1.891 -1.848 -1.801 -1.749 -1.693 -1.632 
-1.566 -1.494 -1.414 -1.328 -1.232 -1.127 -1.010 -0.881 -0.737 -0.581 
-0.416 -0.260 -0.139 -0.083 -0.101 -0.164 -0.235 -0.303 -0.369 -0.437 
-0.499 -0.553 -0.595 -0.625 -0.643 -0.649 -0.643 -0.627 -0.599 -0.562 
-0.517 -0.469 -0.425 -0.396 -0.394 -0.426 -0.489 -0.576 -0.677 -0.783 
-0.889 -0.992 -1.090 -1.184 -1.272 -1.354 -1.431 -1.503 -1.570 -1.633 
-1.691 -1.745 -1.794 -1.841 -1.883 -1.922 -1.958 -1.991 -2.021 -2.048 
-2.049 
-2.154 -2.164 -2.184 -2.201 -2.216 -2.228 -2.237 -2.245 -2.249 -2.251 
-2.251 -2.248 -2.243 -2.236 -2.226 -2.213 -2.198 -2.180 -2.160 -2.136 
-2.110 -2.081 -2.048 -2.013 -1.973 -1.931 -1.884 -1.833 -1.777 -1.716 
-1.650 -1.578 -1.499 -1.412 -1.317 -1.212 -1.095 -0.964 -0.818 -0.654 
-0.474 -0.287 -0.123 -0.030 -0.039 -0.131 -0.259 -0.385 -0.496 -0.587 
-0.661 -0.718 -0.761 -0.791 -0.810 -0.817 -0.813 -0.799 -0.776 -0.743 
-0.702 -0.655 -0.605 -0.560 -0.529 -0.519 -0.538 -0.587 -0.663 -0.759 
-0.866 -0.976 -1.084 -1.188 -1.285 -1.376 -1.460 -1.538 -1.610 -1.677 
-1.739 -1.797 -1.849 -1.898 -1.943 -1.984 -2.022 -2.057 -2.088 -2.116 
-2.145 
-2.247 -2.281 -2.300 -2.316 -2.330 -2.342 -2.351 -2.358 -2.362 -2.364 
-2.363 -2.360 -2.354 -2.346 -2.336 -2.323 -2.307 -2.289 -2.268 -2.245 
-2.218 -2.188 -2.156 -2.120 -2.080 -2.037 -1.989 -1.938 -1.882 -1.821 
-1.754 -1.682 -1.602 -1.515 -1.419 -1.313 -1.195 -1.064 -0.917 -0.752 
-0.573 -0.391 -0.240 -0.169 -0.203 -0.310 -0.440 -0.562 -0.666 -0.753 
-0.822 -0.877 -0.918 -0.947 -0.966 -0.975 -0.974 -0.964 -0.946 -0.919 
-0.886 -0.848 -0.809 -0.772 -0.746 -0.738 -0.755 -0.801 -0.871 -0.959 
-1.056 -1.157 -1.255 -1.350 -1.441 -1.525 -1.605 -1.679 -1.747 -1.811 
-1.870 -1.925 -1.976 -2.023 -2.067 -2.107 -2.143 -2.177 -2.207 -2.234 
-2.240 
-2.179 -2.191 -2.209 -2.225 -2.238 -2.249 -2.258 -2.264 -2.268 -2.269 
-2.268 -2.265 -2.259 -2.251 -2.240 -2.227 -2.212 -2.194 -2.173 -2.150 
-2.123 -2.094 -2.062 -2.026 -1.988 -1.945 -1.899 -1.849 -1.795 -1.736 
-1.672 -1.603 -1.528 -1.446 -1.358 -1.262 -1.159 -1.049 -0.931 -0.810 
-0.690 -0.579 -0.492 -0.453 -0.473 -0.530 -0.602 -0.675 -0.743 -0.804 
-0.857 -0.900 -0.935 -0.962 -0.981 -0.992 -0.997 -0.996 -0.989 -0.978 
-0.963 -0.947 -0.930 -0.918 -0.912 -0.917 -0.936 -0.971 -1.019 -1.078 
-1.145 -1.216 -1.290 -1.363 -1.435 -1.505 -1.573 -1.637 -1.697 -1.754 
-1.808 -1.858 -1.905 -1.949 -1.989 -2.026 -2.061 -2.092 -2.121 -2.147 
-2.172 
-2.166 -2.177 -2.194 -2.208 -2.220 -2.229 -2.236 -2.241 -2.243 -2.243 
-2.241 -2.236 -2.229 -2.219 -2.207 -2.192 -2.175 -2.156 -2.133 -2.108 
-2.080 -2.049 -2.015 -1.977 -1.936 -1.892 -1.843 -1.791 -1.734 -1.672 
-1.606 -1.534 -1.456 -1.372 -1.282 -1.186 -1.085 -0.979 -0.872 -0.769 
-0.676 -0.605 -0.565 -0.561 -0.589 -0.638 -0.699 -0.760 -0.819 -0.871 
-0.915 -0.952 -0.981 -1.003 -1.019 -1.027 -1.030 -1.028 -1.022 -1.012 
-1.000 -0.988 -0.977 -0.971 -0.972 -0.982 -1.003 -1.035 -1.079 -1.133 
-1.193 -1.259 -1.326 -1.395 -1.463 -1.528 -1.592 -1.652 -1.710 -1.764 
-1.815 -1.863 -1.907 -1.949 -1.987 -2.022 -2.055 -2.085 -2.112 -2.136 
-2.159 
-2.256 -2.270 -2.284 -2.295 -2.304 -2.310 -2.314 -2.316 -2.316 -2.313 
-2.307 -2.300 -2.290 -2.277 -2.262 -2.245 -2.225 -2.202 -2.176 -2.148 
-2.117 -2.082 -2.044 -2.003 -1.959 -1.911 -1.859 -1.802 -1.742 -1.677 
-1.607 -1.533 -1.454 -1.371 -1.285 -1.197 -1.111 -1.028 -0.954 -0.891 
-0.842 -0.807 -0.785 -0.779 -0.797 -0.840 -0.898 -0.957 -1.011 -1.056 
-1.093 -1.123 -1.145 -1.161 -1.171 -1.176 -1.177 -1.173 -1.167 -1.159 
-1.150 -1.143 -1.138 -1.137 -1.141 -1.154 -1.175 -1.207 -1.249 -1.302 
-1.362 -1.426 -1.492 -1.558 -1.622 -1.684 -1.743 -1.799 -1.852 -1.902 
-1.949 -1.992 -2.033 -2.070 -2.104 -2.136 -2.165 -2.191 -2.215 -2.236 
-2.251 
-2.360 -2.386 -2.406 -2.423 -2.437 -2.449 -2.459 -2.466 -2.471 -2.473 
-2.473 -2.470 -2.465 -2.457 -2.447 -2.435 -2.420 -2.402 -2.381 -2.358 
-2.332 -2.302 -2.270 -2.234 -2.195 -2.152 -2.105 -2.054 -1.999 -1.939 
-1.873 -1.802 -1.725 -1.642 -1.551 -1.453 -1.347 -1.232 -1.108 -0.976 
-0.843 -0.725 -0.632 -0.569 -0.553 -0.594 -0.676 -0.774 -0.869 -0.954 
-1.025 -1.084 -1.130 -1.166 -1.192 -1.209 -1.218 -1.218 -1.212 -1.199 
-1.181 -1.158 -1.131 -1.103 -1.077 -1.058 -1.051 -1.062 -1.094 -1.145 
-1.213 -1.293 -1.377 -1.463 -1.548 -1.629 -1.706 -1.779 -1.847 -1.911 
-1.970 -2.026 -2.077 -2.124 -2.168 -2.209 -2.246 -2.280 -2.310 -2.338 
-2.352 
-2.313 -2.340 -2.359 -2.376 -2.390 -2.401 -2.410 -2.417 -2.421 -2.423 
-2.423 -2.420 -2.414 -2.407 -2.396 -2.383 -2.367 -2.349 -2.328 -2.304 
-2.277 -2.247 -2.213 -2.176 -2.135 -2.091 -2.042 -1.988 -1.929 -1.864 
-1.793 -1.715 -1.629 -1.534 -1.428 -1.309 -1.177 -1.029 -0.869 -0.709 
-0.573 -0.497 -0.491 -0.533 -0.600 -0.693 -0.803 -0.912 -1.010 -1.094 
-1.166 -1.225 -1.274 -1.314 -1.345 -1.369 -1.387 -1.399 -1.405 -1.407 
-1.404 -1.398 -1.388 -1.377 -1.366 -1.357 -1.353 -1.356 -1.368 -1.390 
-1.420 -1.458 -1.502 -1.553 -1.609 -1.668 -1.727 -1.787 -1.844 -1.900 
-1.952 -2.002 -2.049 -2.093 -2.134 -2.171 -2.206 -2.239 -2.268 -2.295 
-2.307 
-2.208 -2.213 -2.240 -2.264 -2.285 -2.303 -2.319 -2.332 -2.342 -2.350 
-2.355 -2.358 -2.358 -2.355 -2.350 -2.343 -2.332 -2.319 -2.303 -2.284 
-2.263 -2.238 -2.210 -2.179 -2.144 -2.106 -2.063 -2.017 -1.965 -1.909 
-1.847 -1.779 -1.705 -1.623 -1.533 -1.433 -1.323 -1.204 -1.074 -0.937 
-0.798 -0.669 -0.558 -0.474 -0.445 -0.490 -0.590 -0.710 -0.828 -0.932 
-1.020 -1.095 -1.156 -1.206 -1.246 -1.277 -1.299 -1.314 -1.321 -1.321 
-1.316 -1.304 -1.286 -1.264 -1.238 -1.209 -1.180 -1.153 -1.132 -1.120 
-1.120 -1.135 -1.165 -1.210 -1.267 -1.333 -1.405 -1.479 -1.553 -1.625 
-1.694 -1.760 -1.822 -1.880 -1.934 -1.985 -2.031 -2.074 -2.114 -2.150 
-2.195 
-2.399 -2.423 -2.445 -2.463 -2.479 -2.491 -2.501 -2.509 -2.514 -2.516 
-2.515 -2.512 -2.506 -2.497 -2.486 -2.472 -2.455 -2.435 -2.412 -2.386 
-2.357 -2.324 -2.288 -2.247 -2.203 -2.154 -2.100 -2.041 -1.976 -1.905 
-1.827 -1.740 -1.644 -1.537 -1.416 -1.282 -1.145 -1.047 -1.002 -0.974 
-0.955 -0.948 -0.943 -0.936 -0.950 -1.009 -1.096 -1.187 -1.268 -1.335 
-1.389 -1.432 -1.464 -1.486 -1.500 -1.506 -1.503 -1.493 -1.475 -1.449 
-1.414 -1.370 -1.317 -1.253 -1.185 -1.131 -1.118 -1.132 -1.156 -1.190 
-1.237 -1.296 -1.365 -1.441 -1.521 -1.602 -1.682 -1.759 -1.832 -1.902 
-1.967 -2.028 -2.085 -2.137 -2.186 -2.230 -2.271 -2.308 -2.342 -2.372 
-2.391 
-2.726 -2.772 -2.787 -2.799 -2.809 -2.816 -2.820 -2.821 -2.820 -2.816 
-2.809 -2.800 -2.788 -2.773 -2.755 -2.733 -2.709 -2.682 -2.651 -2.616 
-2.578 -2.535 -2.488 -2.436 -2.378 -2.315 -2.245 -2.167 -2.081 -1.984 
-1.874 -1.749 -1.605 -1.437 -1.244 -1.038 -0.864 -0.793 -0.847 -0.958 
-1.054 -1.126 -1.204 -1.298 -1.394 -1.480 -1.553 -1.613 -1.661 -1.697 
-1.724 -1.740 -1.748 -1.746 -1.735 -1.715 -1.684 -1.643 -1.589 -1.522 
-1.438 -1.336 -1.214 -1.078 -0.951 -0.882 -0.915 -1.034 -1.188 -1.342 
-1.483 -1.611 -1.728 -1.837 -1.936 -2.028 -2.113 -2.190 -2.261 -2.326 
-2.386 -2.441 -2.491 -2.537 -2.578 -2.616 -2.650 -2.681 -2.708 -2.732 
-2.722 
-2.754 -2.761 -2.779 -2.793 -2.805 -2.814 -2.821 -2.825 -2.826 -2.825 
-2.821 -2.815 -2.806 -2.794 -2.779 -2.762 -2.742 -2.718 -2.692 -2.662 
-2.629 -2.592 -2.551 -2.506 -2.456 -2.401 -2.340 -2.273 -2.199 -2.116 
-2.023 -1.918 -1.798 -1.659 -1.499 -1.323 -1.165 -1.080 -1.049 -0.989 
-0.904 -0.850 -0.868 -0.951 -1.064 -1.179 -1.281 -1.368 -1.440 -1.497 
-1.541 -1.574 -1.595 -1.607 -1.608 -1.600 -1.582 -1.554 -1.516 -1.467 
-1.406 -1.333 -1.249 -1.154 -1.059 -0.987 -0.977 -1.040 -1.150 -1.279 
-1.412 -1.543 -1.666 -1.780 -1.885 -1.981 -2.069 -2.149 -2.223 -2.291 
-2.353 -2.410 -2.462 -2.510 -2.554 -2.593 -2.629 -2.662 -2.691 -2.718 
-2.746 
-2.781 -2.800 -2.814 -2.825 -2.833 -2.839 -2.842 -2.842 -2.839 -2.834 
-2.826 -2.815 -2.800 -2.784 -2.763 -2.740 -2.714 -2.684 -2.650 -2.613 
-2.571 -2.525 -2.474 -2.417 -2.355 -2.287 -2.210 -2.126 -2.031 -1.925 
-1.805 -1.668 -1.512 -1.334 -1.142 -0.962 -0.852 -0.857 -0.955 -1.077 
-1.168 -1.232 -1.305 -1.399 -1.496 -1.583 -1.656 -1.714 -1.759 -1.794 
-1.817 -1.832 -1.837 -1.833 -1.821 -1.799 -1.768 -1.727 -1.674 -1.609 
-1.529 -1.432 -1.316 -1.181 -1.035 -0.910 -0.864 -0.930 -1.080 -1.258 
-1.429 -1.583 -1.721 -1.843 -1.953 -2.051 -2.140 -2.221 -2.294 -2.360 
-2.420 -2.475 -2.525 -2.571 -2.612 -2.649 -2.683 -2.713 -2.739 -2.762 
-2.775 
-2.759 -2.777 -2.791 -2.801 -2.808 -2.813 -2.815 -2.814 -2.810 -2.804 
-2.794 -2.782 -2.767 -2.748 -2.727 -2.702 -2.673 -2.641 -2.606 -2.566 
-2.522 -2.473 -2.419 -2.359 -2.294 -2.221 -2.141 -2.052 -1.954 -1.846 
-1.727 -1.596 -1.456 -1.306 -1.156 -1.025 -0.958 -0.990 -1.102 -1.242 
-1.378 -1.499 -1.602 -1.689 -1.761 -1.822 -1.872 -1.913 -1.944 -1.968 
-1.985 -1.994 -1.997 -1.993 -1.982 -1.964 -1.940 -1.908 -1.869 -1.822 
-1.767 -1.703 -1.629 -1.546 -1.453 -1.365 -1.319 -1.350 -1.426 -1.514 
-1.606 -1.702 -1.798 -1.893 -1.984 -2.069 -2.149 -2.223 -2.291 -2.354 
-2.412 -2.464 -2.513 -2.556 -2.596 -2.632 -2.665 -2.694 -2.719 -2.742 
-2.753 
-2.693 -2.694 -2.703 -2.710 -2.714 -2.715 -2.714 -2.709 -2.702 -2.692 
-2.679 -2.663 -2.644 -2.622 -2.596 -2.567 -2.535 -2.498 -2.458 -2.413 
-2.364 -2.309 -2.250 -2.184 -2.112 -2.033 -1.947 -1.853 -1.751 -1.643 
-1.532 -1.426 -1.334 -1.269 -1.234 -1.228 -1.251 -1.311 -1.395 -1.483 
-1.565 -1.640 -1.706 -1.764 -1.813 -1.854 -1.888 -1.914 -1.935 -1.948 
-1.956 -1.957 -1.953 -1.943 -1.927 -1.905 -1.878 -1.845 -1.806 -1.763 
-1.715 -1.665 -1.614 -1.568 -1.530 -1.506 -1.502 -1.521 -1.561 -1.620 
-1.692 -1.772 -1.853 -1.933 -2.011 -2.084 -2.153 -2.217 -2.276 -2.331 
-2.382 -2.428 -2.470 -2.508 -2.543 -2.574 -2.602 -2.626 -2.648 -2.666 
-2.688 
-2.736 -2.756 -2.770 -2.780 -2.788 -2.793 -2.796 -2.796 -2.793 -2.787 
-2.779 -2.768 -2.754 -2.738 -2.718 -2.695 -2.669 -2.640 -2.608 -2.571 
-2.531 -2.487 -2.439 -2.385 -2.327 -2.263 -2.194 -2.118 -2.035 -1.946 
-1.851 -1.754 -1.658 -1.571 -1.495 -1.431 -1.379 -1.349 -1.353 -1.391 
-1.449 -1.516 -1.582 -1.645 -1.703 -1.753 -1.796 -1.832 -1.861 -1.883 
-1.899 -1.908 -1.911 -1.907 -1.897 -1.881 -1.859 -1.831 -1.797 -1.757 
-1.713 -1.665 -1.616 -1.570 -1.533 -1.510 -1.508 -1.528 -1.571 -1.632 
-1.704 -1.782 -1.863 -1.943 -2.021 -2.095 -2.166 -2.232 -2.294 -2.352 
-2.405 -2.455 -2.500 -2.542 -2.580 -2.615 -2.646 -2.674 -2.699 -2.721 
-2.731 
-2.771 -2.772 -2.790 -2.804 -2.815 -2.824 -2.830 -2.833 -2.834 -2.832 
-2.827 -2.819 -2.809 -2.795 -2.779 -2.760 -2.737 -2.712 -2.683 -2.650 
-2.613 -2.573 -2.528 -2.478 -2.424 -2.363 -2.297 -2.224 -2.143 -2.053 
-1.953 -1.841 -1.717 -1.577 -1.426 -1.279 -1.177 -1.136 -1.149 -1.215 
-1.314 -1.425 -1.531 -1.627 -1.712 -1.785 -1.847 -1.899 -1.943 -1.979 
-2.007 -2.029 -2.043 -2.052 -2.054 -2.051 -2.041 -2.026 -2.005 -1.978 
-1.946 -1.908 -1.866 -1.820 -1.775 -1.736 -1.710 -1.707 -1.724 -1.754 
-1.794 -1.840 -1.892 -1.950 -2.012 -2.076 -2.140 -2.204 -2.265 -2.324 
-2.380 -2.432 -2.481 -2.527 -2.569 -2.607 -2.643 -2.675 -2.704 -2.730 
-2.763 
-3.030 -3.065 -3.078 -3.089 -3.096 -3.101 -3.103 -3.102 -3.099 -3.092 
-3.083 -3.071 -3.056 -3.037 -3.016 -2.991 -2.962 -2.930 -2.895 -2.855 
-2.810 -2.761 -2.707 -2.647 -2.580 -2.507 -2.425 -2.334 -2.233 -2.119 
-1.990 -1.844 -1.678 -1.491 -1.295 -1.143 -1.104 -1.187 -1.329 -1.479 
-1.619 -1.743 -1.849 -1.938 -2.013 -2.075 -2.126 -2.167 -2.198 -2.221 
-2.236 -2.244 -2.243 -2.235 -2.219 -2.195 -2.163 -2.121 -2.068 -2.004 
-1.928 -1.842 -1.750 -1.668 -1.604 -1.561 -1.544 -1.571 -1.643 -1.747 
-1.862 -1.976 -2.083 -2.183 -2.275 -2.360 -2.439 -2.512 -2.579 -2.641 
-2.698 -2.751 -2.799 -2.843 -2.883 -2.919 -2.951 -2.980 -3.006 -3.029 
-3.025 
-3.114 -3.144 -3.151 -3.156 -3.158 -3.158 -3.155 -3.149 -3.140 -3.128 
-3.114 -3.097 -3.077 -3.053 -3.027 -2.997 -2.963 -2.926 -2.885 -2.840 
-2.790 -2.736 -2.676 -2.610 -2.538 -2.459 -2.372 -2.278 -2.176 -2.067 
-1.953 -1.840 -1.737 -1.651 -1.581 -1.528 -1.534 -1.615 -1.710 -1.793 
-1.862 -1.924 -1.979 -2.028 -2.071 -2.107 -2.136 -2.157 -2.171 -2.179 
-2.178 -2.171 -2.155 -2.132 -2.100 -2.058 -2.007 -1.944 -1.868 -1.779 
-1.678 -1.572 -1.480 -1.433 -1.452 -1.529 -1.637 -1.755 -1.878 -2.002 
-2.120 -2.229 -2.328 -2.419 -2.501 -2.576 -2.644 -2.706 -2.763 -2.815 
-2.862 -2.905 -2.944 -2.979 -3.010 -3.039 -3.064 -3.085 -3.104 -3.120 
-3.111 
-2.917 -2.912 -2.920 -2.926 -2.929 -2.930 -2.928 -2.923 -2.916 -2.907 
-2.895 -2.880 -2.863 -2.844 -2.821 -2.796 -2.768 -2.737 -2.703 -2.666 
-2.626 -2.583 -2.536 -2.487 -2.433 -2.377 -2.316 -2.252 -2.184 -2.112 
-2.036 -1.957 -1.879 -1.804 -1.737 -1.677 -1.625 -1.582 -1.555 -1.546 
-1.554 -1.577 -1.610 -1.646 -1.681 -1.714 -1.741 -1.762 -1.777 -1.785 
-1.787 -1.784 -1.777 -1.768 -1.759 -1.751 -1.743 -1.735 -1.723 -1.707 
-1.686 -1.662 -1.641 -1.636 -1.659 -1.709 -1.773 -1.843 -1.916 -1.990 
-2.064 -2.137 -2.207 -2.275 -2.339 -2.399 -2.456 -2.509 -2.558 -2.604 
-2.646 -2.685 -2.721 -2.754 -2.783 -2.810 -2.834 -2.855 -2.873 -2.889 
-2.911 
-2.912 -2.908 -2.904 -2.899 -2.891 -2.880 -2.867 -2.852 -2.835 -2.815 
-2.793 -2.768 -2.741 -2.712 -2.680 -2.646 -2.609 -2.570 -2.528 -2.484 
-2.438 -2.391 -2.341 -2.291 -2.240 -2.189 -2.139 -2.090 -2.044 -2.001 
-1.961 -1.926 -1.895 -1.867 -1.842 -1.820 -1.801 -1.785 -1.773 -1.767 
-1.766 -1.766 -1.767 -1.764 -1.758 -1.746 -1.728 -1.705 -1.677 -1.646 
-1.612 -1.578 -1.549 -1.528 -1.521 -1.530 -1.554 -1.591 -1.635 -1.679 
-1.721 -1.761 -1.807 -1.863 -1.929 -2.000 -2.073 -2.146 -2.216 -2.284 
-2.348 -2.409 -2.465 -2.518 -2.566 -2.611 -2.652 -2.689 -2.723 -2.754 
-2.782 -2.807 -2.828 -2.847 -2.864 -2.877 -2.889 -2.897 -2.903 -2.907 
-2.913 
-3.026 -3.036 -3.040 -3.041 -3.040 -3.036 -3.030 -3.021 -3.010 -2.996 
-2.980 -2.961 -2.940 -2.916 -2.889 -2.860 -2.828 -2.793 -2.756 -2.716 
-2.673 -2.627 -2.579 -2.529 -2.477 -2.423 -2.368 -2.313 -2.259 -2.206 
-2.156 -2.111 -2.072 -2.040 -2.014 -1.994 -1.979 -1.967 -1.956 -1.943 
-1.931 -1.923 -1.921 -1.927 -1.937 -1.947 -1.954 -1.955 -1.950 -1.938 
-1.920 -1.896 -1.868 -1.838 -1.806 -1.773 -1.735 -1.692 -1.641 -1.587 
-1.538 -1.508 -1.509 -1.545 -1.610 -1.695 -1.792 -1.894 -1.997 -2.097 
-2.192 -2.280 -2.362 -2.437 -2.506 -2.569 -2.627 -2.679 -2.728 -2.771 
-2.811 -2.847 -2.880 -2.909 -2.935 -2.958 -2.978 -2.995 -3.009 -3.021 
-3.023 
-3.098 -3.113 -3.129 -3.142 -3.152 -3.159 -3.164 -3.166 -3.166 -3.164 
-3.159 -3.151 -3.141 -3.128 -3.113 -3.094 -3.074 -3.050 -3.023 -2.994 
-2.961 -2.926 -2.887 -2.844 -2.799 -2.750 -2.697 -2.641 -2.581 -2.518 
-2.451 -2.381 -2.307 -2.229 -2.145 -2.056 -1.961 -1.865 -1.775 -1.699 
-1.643 -1.608 -1.598 -1.611 -1.643 -1.687 -1.734 -1.780 -1.821 -1.854 
-1.880 -1.898 -1.907 -1.908 -1.899 -1.882 -1.856 -1.822 -1.779 -1.730 
-1.678 -1.629 -1.588 -1.562 -1.554 -1.570 -1.611 -1.673 -1.751 -1.838 
-1.931 -2.029 -2.128 -2.225 -2.317 -2.402 -2.481 -2.554 -2.622 -2.683 
-2.740 -2.793 -2.841 -2.884 -2.925 -2.961 -2.994 -3.024 -3.051 -3.075 
-3.091 
-3.138 -3.154 -3.173 -3.189 -3.202 -3.212 -3.220 -3.225 -3.227 -3.226 
-3.222 -3.216 -3.206 -3.194 -3.179 -3.161 -3.140 -3.115 -3.087 -3.056 
-3.020 -2.981 -2.937 -2.888 -2.834 -2.774 -2.707 -2.633 -2.550 -2.458 
-2.354 -2.242 -2.127 -2.024 -1.944 -1.874 -1.798 -1.717 -1.654 -1.630 
-1.649 -1.701 -1.769 -1.842 -1.914 -1.982 -2.045 -2.100 -2.146 -2.185 
-2.215 -2.238 -2.252 -2.259 -2.259 -2.251 -2.236 -2.213 -2.183 -2.145 
-2.100 -2.048 -1.992 -1.935 -1.880 -1.832 -1.792 -1.763 -1.749 -1.762 
-1.806 -1.881 -1.977 -2.083 -2.189 -2.292 -2.389 -2.478 -2.561 -2.636 
-2.705 -2.769 -2.826 -2.879 -2.927 -2.971 -3.010 -3.046 -3.078 -3.107 
-3.129 
-3.194 -3.206 -3.217 -3.225 -3.230 -3.233 -3.232 -3.229 -3.222 -3.213 
-3.201 -3.185 -3.167 -3.145 -3.120 -3.091 -3.059 -3.023 -2.982 -2.937 
-2.887 -2.832 -2.771 -2.703 -2.628 -2.545 -2.452 -2.349 -2.234 -2.106 
-1.967 -1.825 -1.695 -1.603 -1.570 -1.588 -1.636 -1.702 -1.780 -1.861 
-1.946 -2.032 -2.113 -2.186 -2.249 -2.302 -2.345 -2.380 -2.406 -2.425 
-2.437 -2.442 -2.440 -2.432 -2.417 -2.396 -2.368 -2.334 -2.292 -2.244 
-2.190 -2.129 -2.065 -2.001 -1.943 -1.900 -1.880 -1.889 -1.925 -1.985 
-2.063 -2.154 -2.251 -2.348 -2.440 -2.526 -2.606 -2.680 -2.747 -2.808 
-2.864 -2.915 -2.961 -3.003 -3.041 -3.075 -3.105 -3.132 -3.155 -3.175 
-3.189 
-3.225 -3.242 -3.253 -3.261 -3.266 -3.268 -3.268 -3.265 -3.259 -3.251 
-3.240 -3.226 -3.209 -3.189 -3.166 -3.140 -3.111 -3.078 -3.041 -3.000 
-2.955 -2.905 -2.850 -2.790 -2.723 -2.650 -2.569 -2.479 -2.379 -2.268 
-2.144 -2.008 -1.863 -1.717 -1.580 -1.464 -1.400 -1.420 -1.511 -1.634 
-1.760 -1.875 -1.974 -2.060 -2.131 -2.191 -2.241 -2.281 -2.313 -2.337 
-2.355 -2.365 -2.369 -2.368 -2.361 -2.348 -2.332 -2.310 -2.286 -2.259 
-2.231 -2.204 -2.179 -2.159 -2.145 -2.142 -2.152 -2.177 -2.215 -2.260 
-2.309 -2.363 -2.422 -2.486 -2.555 -2.624 -2.691 -2.755 -2.815 -2.870 
-2.922 -2.968 -3.011 -3.050 -3.085 -3.117 -3.146 -3.171 -3.193 -3.212 
-3.221 
-3.197 -3.207 -3.227 -3.243 -3.256 -3.266 -3.272 -3.276 -3.277 -3.275 
-3.270 -3.262 -3.251 -3.237 -3.220 -3.199 -3.175 -3.148 -3.116 -3.081 
-3.042 -2.997 -2.948 -2.894 -2.833 -2.766 -2.692 -2.608 -2.515 -2.410 
-2.292 -2.156 -2.002 -1.827 -1.639 -1.467 -1.367 -1.386 -1.506 -1.667 
-1.824 -1.962 -2.080 -2.179 -2.263 -2.334 -2.393 -2.443 -2.483 -2.516 
-2.541 -2.559 -2.571 -2.577 -2.577 -2.572 -2.560 -2.544 -2.522 -2.496 
-2.465 -2.430 -2.392 -2.351 -2.309 -2.266 -2.224 -2.185 -2.149 -2.121 
-2.106 -2.111 -2.140 -2.192 -2.262 -2.343 -2.428 -2.512 -2.594 -2.670 
-2.741 -2.807 -2.867 -2.922 -2.972 -3.018 -3.059 -3.096 -3.129 -3.159 
-3.187 
-3.267 -3.281 -3.297 -3.309 -3.318 -3.324 -3.328 -3.329 -3.327 -3.322 
-3.315 -3.304 -3.291 -3.275 -3.255 -3.232 -3.206 -3.177 -3.144 -3.107 
-3.066 -3.020 -2.970 -2.914 -2.852 -2.784 -2.708 -2.624 -2.531 -2.426 
-2.307 -2.172 -2.019 -1.844 -1.654 -1.471 -1.356 -1.357 -1.457 -1.605 
-1.759 -1.897 -2.015 -2.115 -2.199 -2.269 -2.327 -2.375 -2.413 -2.442 
-2.464 -2.479 -2.487 -2.487 -2.482 -2.470 -2.451 -2.426 -2.394 -2.357 
-2.313 -2.264 -2.211 -2.158 -2.107 -2.065 -2.039 -2.036 -2.056 -2.098 
-2.156 -2.223 -2.298 -2.378 -2.461 -2.543 -2.622 -2.697 -2.767 -2.832 
-2.892 -2.948 -2.998 -3.045 -3.087 -3.125 -3.160 -3.190 -3.218 -3.242 
-3.261 
-3.365 -3.389 -3.404 -3.416 -3.425 -3.432 -3.435 -3.436 -3.434 -3.429 
-3.421 -3.410 -3.396 -3.379 -3.359 -3.336 -3.310 -3.280 -3.246 -3.208 
-3.165 -3.119 -3.067 -3.009 -2.945 -2.874 -2.796 -2.707 -2.608 -2.496 
-2.368 -2.220 -2.048 -1.850 -1.640 -1.463 -1.394 -1.460 -1.608 -1.763 
-1.887 -1.979 -2.059 -2.142 -2.225 -2.301 -2.367 -2.421 -2.466 -2.500 
-2.526 -2.543 -2.552 -2.553 -2.547 -2.534 -2.514 -2.486 -2.450 -2.406 
-2.355 -2.296 -2.231 -2.161 -2.093 -2.033 -1.994 -1.984 -2.009 -2.065 
-2.144 -2.238 -2.338 -2.440 -2.538 -2.630 -2.716 -2.796 -2.869 -2.936 
-2.998 -3.054 -3.105 -3.152 -3.194 -3.233 -3.267 -3.298 -3.326 -3.350 
-3.359 
-3.308 -3.335 -3.357 -3.376 -3.393 -3.406 -3.417 -3.425 -3.431 -3.433 
-3.433 -3.431 -3.425 -3.417 -3.406 -3.392 -3.375 -3.356 -3.333 -3.307 
-3.277 -3.244 -3.207 -3.166 -3.120 -3.070 -3.014 -2.951 -2.882 -2.804 
-2.716 -2.616 -2.499 -2.361 -2.201 -2.041 -1.948 -1.935 -1.911 -1.849 
-1.779 -1.735 -1.741 -1.795 -1.880 -1.975 -2.067 -2.149 -2.220 -2.279 
-2.329 -2.368 -2.398 -2.420 -2.434 -2.439 -2.438 -2.429 -2.412 -2.388 
-2.356 -2.317 -2.270 -2.216 -2.158 -2.097 -2.040 -1.994 -1.967 -1.967 
-1.997 -2.057 -2.139 -2.234 -2.335 -2.434 -2.529 -2.619 -2.702 -2.780 
-2.851 -2.917 -2.978 -3.034 -3.085 -3.132 -3.175 -3.214 -3.249 -3.281 
-3.298 
-3.199 -3.205 -3.225 -3.243 -3.258 -3.270 -3.279 -3.286 -3.290 -3.292 
-3.291 -3.287 -3.281 -3.272 -3.260 -3.245 -3.228 -3.208 -3.185 -3.158 
-3.128 -3.095 -3.059 -3.018 -2.974 -2.925 -2.872 -2.813 -2.749 -2.680 
-2.604 -2.521 -2.432 -2.334 -2.230 -2.120 -2.006 -1.895 -1.797 -1.731 
-1.715 -1.743 -1.800 -1.875 -1.955 -2.034 -2.106 -2.169 -2.224 -2.271 
-2.309 -2.340 -2.363 -2.380 -2.390 -2.394 -2.392 -2.384 -2.370 -2.351 
-2.326 -2.296 -2.262 -2.224 -2.184 -2.144 -2.108 -2.080 -2.065 -2.068 
-2.091 -2.135 -2.194 -2.264 -2.339 -2.415 -2.491 -2.565 -2.635 -2.702 
-2.765 -2.823 -2.878 -2.928 -2.975 -3.018 -3.057 -3.093 -3.125 -3.155 
-3.190 
-3.278 -3.305 -3.324 -3.341 -3.354 -3.365 -3.373 -3.379 -3.382 -3.382 
-3.379 -3.374 -3.366 -3.356 -3.342 -3.326 -3.307 -3.285 -3.259 -3.231 
-3.198 -3.163 -3.123 -3.079 -3.031 -2.978 -2.919 -2.855 -2.785 -2.707 
-2.621 -2.526 -2.420 -2.303 -2.173 -2.029 -1.876 -1.723 -1.593 -1.520 
-1.532 -1.618 -1.740 -1.865 -1.979 -2.078 -2.162 -2.233 -2.292 -2.341 
-2.380 -2.411 -2.434 -2.449 -2.458 -2.459 -2.455 -2.444 -2.426 -2.403 
-2.374 -2.340 -2.301 -2.260 -2.217 -2.177 -2.144 -2.123 -2.119 -2.135 
-2.171 -2.226 -2.293 -2.368 -2.447 -2.527 -2.604 -2.679 -2.750 -2.816 
-2.878 -2.935 -2.989 -3.038 -3.084 -3.125 -3.164 -3.198 -3.230 -3.258 
-3.271 
-3.327 -3.334 -3.351 -3.365 -3.376 -3.384 -3.390 -3.393 -3.393 -3.391 
-3.385 -3.377 -3.367 -3.353 -3.337 -3.317 -3.295 -3.269 -3.240 -3.207 
-3.171 -3.131 -3.086 -3.037 -2.983 -2.924 -2.859 -2.787 -2.708 -2.622 
-2.526 -2.421 -2.305 -2.181 -2.050 -1.920 -1.805 -1.720 -1.679 -1.690 
-1.752 -1.851 -1.960 -2.063 -2.154 -2.232 -2.298 -2.354 -2.399 -2.436 
-2.465 -2.486 -2.500 -2.507 -2.507 -2.501 -2.488 -2.469 -2.444 -2.412 
-2.374 -2.331 -2.282 -2.230 -2.177 -2.129 -2.092 -2.078 -2.092 -2.132 
-2.191 -2.263 -2.343 -2.427 -2.510 -2.592 -2.670 -2.743 -2.812 -2.876 
-2.936 -2.991 -3.042 -3.088 -3.131 -3.170 -3.206 -3.238 -3.267 -3.292 
-3.319 
-3.482 -3.502 -3.516 -3.528 -3.537 -3.543 -3.546 -3.546 -3.544 -3.538 
-3.530 -3.519 -3.506 -3.489 -3.469 -3.446 -3.419 -3.390 -3.356 -3.319 
-3.278 -3.232 -3.182 -3.126 -3.066 -2.999 -2.925 -2.844 -2.755 -2.658 
-2.551 -2.434 -2.311 -2.185 -2.068 -1.976 -1.926 -1.924 -1.967 -2.042 
-2.134 -2.228 -2.316 -2.395 -2.463 -2.521 -2.569 -2.609 -2.640 -2.664 
-2.680 -2.689 -2.691 -2.686 -2.673 -2.654 -2.627 -2.592 -2.549 -2.497 
-2.434 -2.362 -2.278 -2.186 -2.088 -1.996 -1.930 -1.918 -1.967 -2.064 
-2.183 -2.309 -2.431 -2.545 -2.650 -2.747 -2.835 -2.915 -2.988 -3.055 
-3.116 -3.172 -3.223 -3.269 -3.311 -3.349 -3.383 -3.413 -3.440 -3.464 
-3.477 
-3.625 -3.654 -3.668 -3.679 -3.688 -3.693 -3.696 -3.696 -3.693 -3.687 
-3.679 -3.667 -3.653 -3.636 -3.615 -3.592 -3.565 -3.535 -3.501 -3.463 
-3.421 -3.374 -3.323 -3.267 -3.205 -3.137 -3.063 -2.980 -2.889 -2.789 
-2.679 -2.557 -2.427 -2.291 -2.161 -2.057 -2.002 -2.009 -2.070 -2.163 
-2.266 -2.365 -2.455 -2.534 -2.601 -2.657 -2.704 -2.742 -2.771 -2.792 
-2.806 -2.812 -2.811 -2.803 -2.787 -2.763 -2.731 -2.690 -2.639 -2.577 
-2.503 -2.415 -2.312 -2.194 -2.066 -1.945 -1.863 -1.856 -1.934 -2.071 
-2.230 -2.387 -2.531 -2.661 -2.777 -2.882 -2.975 -3.059 -3.135 -3.204 
-3.267 -3.323 -3.375 -3.421 -3.463 -3.501 -3.535 -3.566 -3.593 -3.616 
-3.617 
