IRGRID 64 91
1e+308

0.025 0.03 0.035 0.04 0.045 0.05 0.055 0.06 0.065 0.07
0.075 0.08 0.085 0.09 0.095 0.1 0.11 0.12 0.13 0.14
0.15 0.16 0.17 0.18 0.19 0.2 0.21 0.22 0.23 0.24
0.25 0.26 0.27 0.28 0.29 0.3 0.31 0.32 0.33 0.34
0.35 0.36 0.37 0.38 0.39 0.4 0.41 0.42 0.43 0.44
0.45 0.46 0.47 0.48 0.49 0.5 0.51 0.52 0.53 0.54
0.55 0.56 0.57 0.58
0 4 8 12 16 20 24 28 32 36
40 44 48 52 56 60 64 68 72 76
80 84 88 92 96 100 104 108 112 116
120 124 128 132 136 140 144 148 152 156
160 164 168 172 176 180 184 188 192 196
200 204 208 212 216 220 224 228 232 236
240 244 248 252 256 260 264 268 272 276
280 284 288 292 296 300 304 308 312 316
320 324 328 332 336 340 344 348 352 356
360
-3.326 -3.409 -3.448 -3.485 -3.520 -3.552 -3.582 -3.610 -3.636 -3.659 
-3.680 -3.699 -3.715 -3.730 -3.742 -3.752 -3.760 -3.765 -3.768 -3.770 
-3.769 -3.765 -3.760 -3.752 -3.742 -3.730 -3.715 -3.698 -3.679 -3.657 
-3.633 -3.606 -3.577 -3.544 -3.509 -3.471 -3.431 -3.387 -3.340 -3.289 
-3.235 -3.177 -3.116 -3.051 -2.982 -2.911 -2.839 -2.769 -2.708 -2.662 
-2.639 -2.640 -2.660 -2.691 -2.727 -2.763 -2.796 -2.824 -2.848 -2.868 
-2.884 -2.895 -2.902 -2.905 -2.904 -2.899 -2.891 -2.879 -2.864 -2.847 
-2.827 -2.808 -2.789 -2.773 -2.763 -2.759 -2.765 -2.781 -2.807 -2.841 
-2.883 -2.930 -2.980 -3.031 -3.083 -3.134 -3.184 -3.233 -3.280 -3.325 
-3.310 
-3.066 -3.080 -3.109 -3.137 -3.164 -3.189 -3.211 -3.232 -3.251 -3.267 
-3.281 -3.293 -3.302 -3.308 -3.312 -3.313 -3.311 -3.307 -3.299 -3.288 
-3.274 -3.256 -3.235 -3.210 -3.181 -3.148 -3.111 -3.069 -3.024 -2.974 
-2.920 -2.863 -2.805 -2.748 -2.696 -2.650 -2.614 -2.589 -2.572 -2.560 
-2.547 -2.528 -2.500 -2.461 -2.410 -2.350 -2.283 -2.216 -2.156 -2.114 
-2.095 -2.103 -2.134 -2.180 -2.233 -2.285 -2.334 -2.375 -2.407 -2.430 
-2.443 -2.446 -2.439 -2.425 -2.406 -2.387 -2.376 -2.379 -2.400 -2.435 
-2.478 -2.523 -2.565 -2.601 -2.632 -2.658 -2.682 -2.703 -2.724 -2.745 
-2.767 -2.790 -2.814 -2.840 -2.868 -2.896 -2.926 -2.957 -2.988 -3.019 
-3.055 
-2.770 -2.831 -2.852 -2.871 -2.889 -2.905 -2.920 -2.932 -2.941 -2.948 
-2.953 -2.954 -2.952 -2.948 -2.940 -2.929 -2.914 -2.897 -2.875 -2.851 
-2.822 -2.790 -2.753 -2.713 -2.668 -2.620 -2.566 -2.509 -2.448 -2.383 
-2.315 -2.246 -2.178 -2.114 -2.057 -2.012 -1.982 -1.967 -1.968 -1.980 
-1.999 -2.020 -2.038 -2.048 -2.046 -2.030 -1.999 -1.957 -1.918 -1.899 
-1.910 -1.947 -1.994 -2.039 -2.074 -2.098 -2.109 -2.108 -2.095 -2.073 
-2.040 -1.999 -1.952 -1.902 -1.853 -1.813 -1.789 -1.789 -1.815 -1.866 
-1.935 -2.014 -2.096 -2.176 -2.251 -2.320 -2.382 -2.438 -2.486 -2.529 
-2.566 -2.599 -2.628 -2.655 -2.679 -2.702 -2.724 -2.746 -2.767 -2.789 
-2.766 
-2.226 -2.263 -2.285 -2.307 -2.329 -2.351 -2.371 -2.391 -2.408 -2.424 
-2.439 -2.451 -2.461 -2.470 -2.476 -2.480 -2.482 -2.482 -2.479 -2.475 
-2.469 -2.460 -2.449 -2.437 -2.422 -2.404 -2.385 -2.363 -2.338 -2.311 
-2.282 -2.250 -2.215 -2.180 -2.143 -2.106 -2.071 -2.036 -2.000 -1.962 
-1.920 -1.871 -1.814 -1.748 -1.672 -1.586 -1.495 -1.408 -1.338 -1.303 
-1.310 -1.348 -1.402 -1.453 -1.494 -1.521 -1.536 -1.543 -1.544 -1.544 
-1.545 -1.550 -1.560 -1.577 -1.598 -1.625 -1.657 -1.693 -1.734 -1.779 
-1.824 -1.869 -1.911 -1.949 -1.984 -2.014 -2.040 -2.062 -2.081 -2.097 
-2.110 -2.121 -2.131 -2.141 -2.151 -2.162 -2.174 -2.188 -2.204 -2.223 
-2.220 
-1.814 -1.832 -1.849 -1.864 -1.878 -1.890 -1.901 -1.911 -1.920 -1.927 
-1.932 -1.937 -1.939 -1.941 -1.940 -1.939 -1.936 -1.931 -1.926 -1.918 
-1.910 -1.900 -1.889 -1.877 -1.863 -1.848 -1.832 -1.815 -1.797 -1.777 
-1.757 -1.736 -1.713 -1.690 -1.666 -1.640 -1.614 -1.587 -1.559 -1.530 
-1.499 -1.468 -1.435 -1.400 -1.363 -1.324 -1.283 -1.241 -1.198 -1.158 
-1.123 -1.088 -1.051 -1.011 -0.967 -0.920 -0.870 -0.818 -0.766 -0.720 
-0.689 -0.683 -0.703 -0.742 -0.791 -0.845 -0.901 -0.958 -1.016 -1.072 
-1.128 -1.182 -1.234 -1.284 -1.332 -1.377 -1.420 -1.460 -1.498 -1.534 
-1.568 -1.600 -1.629 -1.657 -1.684 -1.709 -1.732 -1.755 -1.776 -1.796 
-1.809 
-1.587 -1.592 -1.608 -1.623 -1.637 -1.651 -1.665 -1.678 -1.692 -1.706 
-1.720 -1.736 -1.751 -1.767 -1.783 -1.799 -1.814 -1.828 -1.841 -1.853 
-1.862 -1.871 -1.877 -1.882 -1.884 -1.885 -1.884 -1.881 -1.876 -1.869 
-1.860 -1.850 -1.837 -1.822 -1.806 -1.787 -1.766 -1.743 -1.718 -1.691 
-1.662 -1.630 -1.595 -1.557 -1.517 -1.474 -1.426 -1.375 -1.320 -1.260 
-1.195 -1.124 -1.047 -0.962 -0.870 -0.769 -0.660 -0.547 -0.433 -0.327 
-0.227 -0.042 0.968 0.003 -0.332 -0.493 -0.611 -0.709 -0.795 -0.871 
-0.940 -1.001 -1.056 -1.107 -1.153 -1.194 -1.233 -1.268 -1.301 -1.332 
-1.360 -1.387 -1.412 -1.436 -1.459 -1.480 -1.501 -1.521 -1.540 -1.558 
-1.579 
-1.535 -1.524 -1.516 -1.506 -1.497 -1.489 -1.482 -1.478 -1.477 -1.480 
-1.487 -1.499 -1.514 -1.533 -1.555 -1.579 -1.605 -1.630 -1.655 -1.679 
-1.701 -1.720 -1.737 -1.751 -1.762 -1.769 -1.772 -1.772 -1.767 -1.759 
-1.747 -1.731 -1.710 -1.686 -1.658 -1.627 -1.593 -1.556 -1.518 -1.477 
-1.437 -1.396 -1.356 -1.317 -1.279 -1.242 -1.206 -1.171 -1.134 -1.095 
-1.052 -1.004 -0.949 -0.886 -0.812 -0.725 -0.621 -0.495 -0.339 -0.132 
0.188 1.074 1.610 1.356 0.502 0.033 -0.262 -0.478 -0.646 -0.783 
-0.897 -0.995 -1.079 -1.152 -1.215 -1.271 -1.319 -1.362 -1.398 -1.430 
-1.457 -1.480 -1.499 -1.514 -1.525 -1.534 -1.539 -1.541 -1.540 -1.537 
-1.540 
-1.516 -1.554 -1.568 -1.580 -1.590 -1.598 -1.605 -1.610 -1.614 -1.618 
-1.621 -1.624 -1.626 -1.626 -1.626 -1.623 -1.619 -1.613 -1.604 -1.593 
-1.579 -1.563 -1.544 -1.522 -1.497 -1.470 -1.440 -1.407 -1.371 -1.333 
-1.293 -1.250 -1.205 -1.157 -1.108 -1.057 -1.006 -0.953 -0.901 -0.849 
-0.798 -0.750 -0.704 -0.661 -0.621 -0.583 -0.548 -0.515 -0.482 -0.448 
-0.412 -0.372 -0.327 -0.274 -0.212 -0.137 -0.047 0.065 0.206 0.390 
0.648 1.060 1.629 1.751 1.326 0.730 0.366 0.109 -0.092 -0.259 
-0.400 -0.524 -0.633 -0.730 -0.819 -0.899 -0.972 -1.039 -1.101 -1.157 
-1.210 -1.258 -1.302 -1.342 -1.379 -1.413 -1.444 -1.471 -1.496 -1.518 
-1.511 
-1.363 -1.353 -1.379 -1.402 -1.424 -1.444 -1.462 -1.479 -1.493 -1.506 
-1.518 -1.528 -1.536 -1.542 -1.547 -1.550 -1.552 -1.552 -1.550 -1.546 
-1.541 -1.535 -1.526 -1.516 -1.504 -1.490 -1.474 -1.457 -1.437 -1.416 
-1.393 -1.367 -1.340 -1.310 -1.279 -1.245 -1.210 -1.172 -1.133 -1.093 
-1.051 -1.008 -0.963 -0.918 -0.871 -0.823 -0.773 -0.719 -0.662 -0.599 
-0.528 -0.447 -0.350 -0.228 -0.057 0.213 0.507 0.419 0.393 0.525 
0.767 1.112 1.445 1.564 1.183 0.813 0.538 0.352 0.244 0.185 
0.081 -0.086 -0.246 -0.377 -0.487 -0.580 -0.663 -0.737 -0.804 -0.866 
-0.923 -0.976 -1.026 -1.073 -1.116 -1.157 -1.195 -1.231 -1.265 -1.296 
-1.351 
-1.593 -1.685 -1.717 -1.745 -1.772 -1.796 -1.819 -1.839 -1.857 -1.874 
-1.888 -1.901 -1.912 -1.921 -1.929 -1.934 -1.939 -1.941 -1.942 -1.941 
-1.938 -1.934 -1.928 -1.920 -1.910 -1.899 -1.886 -1.871 -1.854 -1.835 
-1.814 -1.790 -1.765 -1.737 -1.707 -1.675 -1.639 -1.601 -1.559 -1.514 
-1.466 -1.413 -1.355 -1.292 -1.224 -1.148 -1.063 -0.969 -0.863 -0.741 
-0.598 -0.429 -0.221 0.047 0.406 0.816 1.069 0.939 0.668 0.481 
0.454 0.594 0.874 0.903 0.607 0.418 0.364 0.412 0.513 0.581 
0.518 0.319 0.066 -0.172 -0.374 -0.545 -0.691 -0.817 -0.926 -1.023 
-1.110 -1.188 -1.259 -1.323 -1.382 -1.437 -1.487 -1.533 -1.575 -1.615 
-1.586 
-1.326 -1.345 -1.372 -1.397 -1.420 -1.441 -1.461 -1.479 -1.496 -1.511 
-1.524 -1.537 -1.547 -1.556 -1.564 -1.570 -1.575 -1.578 -1.580 -1.580 
-1.579 -1.576 -1.572 -1.567 -1.560 -1.551 -1.541 -1.529 -1.516 -1.501 
-1.484 -1.466 -1.446 -1.424 -1.400 -1.375 -1.347 -1.317 -1.285 -1.250 
-1.213 -1.174 -1.131 -1.085 -1.036 -0.983 -0.926 -0.864 -0.797 -0.722 
-0.639 -0.545 -0.434 -0.297 -0.108 0.181 0.488 0.385 0.335 0.440 
0.640 0.901 1.117 1.120 0.914 0.663 0.464 0.324 0.241 0.194 
0.096 -0.065 -0.219 -0.348 -0.456 -0.550 -0.633 -0.709 -0.778 -0.842 
-0.901 -0.956 -1.007 -1.055 -1.100 -1.142 -1.182 -1.219 -1.253 -1.286 
-1.317 
-1.190 -1.204 -1.238 -1.270 -1.300 -1.327 -1.352 -1.375 -1.396 -1.415 
-1.432 -1.447 -1.460 -1.471 -1.480 -1.488 -1.493 -1.497 -1.499 -1.499 
-1.497 -1.493 -1.488 -1.481 -1.472 -1.461 -1.448 -1.433 -1.416 -1.398 
-1.377 -1.354 -1.330 -1.303 -1.274 -1.242 -1.208 -1.172 -1.134 -1.093 
-1.049 -1.002 -0.952 -0.899 -0.843 -0.783 -0.720 -0.652 -0.580 -0.503 
-0.421 -0.334 -0.240 -0.140 -0.033 0.082 0.205 0.336 0.475 0.619 
0.764 0.900 1.012 1.023 0.938 0.834 0.718 0.598 0.477 0.360 
0.247 0.138 0.034 -0.065 -0.160 -0.251 -0.337 -0.420 -0.498 -0.572 
-0.643 -0.710 -0.773 -0.833 -0.890 -0.943 -0.994 -1.041 -1.086 -1.128 
-1.175 
-1.339 -1.369 -1.395 -1.419 -1.441 -1.461 -1.479 -1.495 -1.509 -1.521 
-1.531 -1.540 -1.546 -1.551 -1.555 -1.556 -1.556 -1.555 -1.551 -1.546 
-1.540 -1.532 -1.522 -1.511 -1.498 -1.484 -1.468 -1.450 -1.431 -1.410 
-1.387 -1.363 -1.338 -1.310 -1.281 -1.250 -1.218 -1.184 -1.147 -1.109 
-1.069 -1.027 -0.983 -0.936 -0.886 -0.834 -0.779 -0.721 -0.658 -0.592 
-0.521 -0.443 -0.360 -0.267 -0.165 -0.050 0.085 0.250 0.450 0.592 
0.662 0.747 0.784 0.737 0.624 0.484 0.341 0.206 0.083 -0.027 
-0.125 -0.210 -0.284 -0.350 -0.412 -0.479 -0.554 -0.635 -0.717 -0.795 
-0.869 -0.936 -0.997 -1.053 -1.105 -1.153 -1.196 -1.237 -1.274 -1.308 
-1.331 
-1.559 -1.608 -1.652 -1.691 -1.727 -1.760 -1.789 -1.815 -1.839 -1.860 
-1.878 -1.894 -1.907 -1.918 -1.927 -1.934 -1.939 -1.942 -1.943 -1.943 
-1.940 -1.935 -1.929 -1.921 -1.911 -1.900 -1.886 -1.871 -1.855 -1.836 
-1.815 -1.793 -1.769 -1.743 -1.715 -1.684 -1.652 -1.617 -1.580 -1.541 
-1.499 -1.453 -1.405 -1.353 -1.297 -1.237 -1.172 -1.101 -1.024 -0.938 
-0.843 -0.736 -0.615 -0.474 -0.306 -0.102 0.156 0.474 0.769 0.914 
0.806 0.558 0.391 0.253 0.118 0.002 -0.086 -0.148 -0.186 -0.202 
-0.201 -0.187 -0.168 -0.155 -0.162 -0.200 -0.273 -0.374 -0.493 -0.618 
-0.741 -0.858 -0.967 -1.066 -1.158 -1.241 -1.317 -1.387 -1.450 -1.508 
-1.540 
-1.647 -1.662 -1.684 -1.703 -1.720 -1.735 -1.748 -1.759 -1.768 -1.775 
-1.781 -1.785 -1.788 -1.789 -1.789 -1.788 -1.785 -1.781 -1.776 -1.770 
-1.762 -1.753 -1.743 -1.731 -1.719 -1.705 -1.690 -1.674 -1.656 -1.637 
-1.617 -1.595 -1.572 -1.547 -1.521 -1.493 -1.464 -1.432 -1.399 -1.363 
-1.324 -1.283 -1.238 -1.191 -1.138 -1.082 -1.019 -0.949 -0.871 -0.779 
-0.670 -0.533 -0.366 -0.231 -0.175 -0.071 0.118 0.395 0.763 1.047 
1.031 0.724 0.358 0.085 -0.116 -0.271 -0.393 -0.489 -0.563 -0.617 
-0.654 -0.674 -0.683 -0.686 -0.696 -0.723 -0.773 -0.845 -0.934 -1.028 
-1.120 -1.205 -1.281 -1.348 -1.407 -1.458 -1.503 -1.543 -1.579 -1.610 
-1.642 
-1.789 -1.840 -1.882 -1.920 -1.954 -1.984 -2.011 -2.035 -2.055 -2.073 
-2.089 -2.101 -2.112 -2.120 -2.125 -2.129 -2.130 -2.129 -2.126 -2.122 
-2.115 -2.106 -2.094 -2.081 -2.066 -2.048 -2.029 -2.007 -1.982 -1.956 
-1.926 -1.894 -1.859 -1.821 -1.780 -1.735 -1.686 -1.634 -1.577 -1.516 
-1.449 -1.377 -1.299 -1.215 -1.125 -1.027 -0.922 -0.807 -0.680 -0.536 
-0.362 -0.150 0.062 0.167 0.098 -0.037 -0.121 -0.106 0.044 0.352 
0.353 0.014 -0.210 -0.356 -0.470 -0.568 -0.652 -0.721 -0.771 -0.802 
-0.811 -0.800 -0.771 -0.729 -0.682 -0.645 -0.635 -0.665 -0.735 -0.836 
-0.951 -1.069 -1.183 -1.288 -1.384 -1.471 -1.549 -1.620 -1.684 -1.741 
-1.770 
-1.765 -1.788 -1.814 -1.838 -1.858 -1.877 -1.892 -1.906 -1.916 -1.925 
-1.931 -1.936 -1.937 -1.937 -1.935 -1.930 -1.923 -1.914 -1.903 -1.889 
-1.873 -1.855 -1.835 -1.812 -1.787 -1.759 -1.728 -1.695 -1.659 -1.621 
-1.579 -1.534 -1.486 -1.434 -1.379 -1.321 -1.258 -1.191 -1.120 -1.044 
-0.964 -0.879 -0.789 -0.694 -0.595 -0.492 -0.385 -0.276 -0.165 -0.053 
0.060 0.166 0.247 0.281 0.263 0.241 0.231 0.232 0.238 0.245 
0.248 0.239 0.214 0.173 0.120 0.058 -0.018 -0.118 -0.237 -0.363 
-0.485 -0.596 -0.693 -0.774 -0.840 -0.895 -0.947 -1.007 -1.080 -1.160 
-1.241 -1.318 -1.388 -1.452 -1.509 -1.562 -1.609 -1.652 -1.691 -1.727 
-1.757 
-1.666 -1.705 -1.733 -1.758 -1.781 -1.802 -1.819 -1.835 -1.848 -1.859 
-1.868 -1.874 -1.878 -1.880 -1.880 -1.878 -1.873 -1.866 -1.857 -1.845 
-1.832 -1.816 -1.797 -1.777 -1.753 -1.727 -1.699 -1.667 -1.633 -1.596 
-1.556 -1.512 -1.465 -1.415 -1.360 -1.302 -1.239 -1.171 -1.098 -1.019 
-0.934 -0.842 -0.742 -0.633 -0.515 -0.386 -0.245 -0.090 0.078 0.256 
0.428 0.567 0.637 0.629 0.568 0.492 0.424 0.373 0.341 0.324 
0.322 0.332 0.352 0.378 0.404 0.415 0.391 0.316 0.197 0.050 
-0.104 -0.254 -0.394 -0.524 -0.642 -0.752 -0.852 -0.944 -1.030 -1.108 
-1.181 -1.249 -1.312 -1.370 -1.424 -1.474 -1.521 -1.564 -1.604 -1.640 
-1.656 
-1.507 -1.512 -1.536 -1.559 -1.579 -1.596 -1.611 -1.624 -1.635 -1.643 
-1.649 -1.653 -1.655 -1.654 -1.652 -1.647 -1.640 -1.630 -1.619 -1.605 
-1.588 -1.570 -1.549 -1.525 -1.499 -1.470 -1.438 -1.403 -1.366 -1.324 
-1.280 -1.232 -1.180 -1.124 -1.063 -0.997 -0.926 -0.849 -0.765 -0.674 
-0.574 -0.465 -0.345 -0.217 -0.083 0.046 0.161 0.267 0.377 0.495 
0.607 0.688 0.722 0.708 0.663 0.610 0.562 0.525 0.500 0.486 
0.481 0.478 0.466 0.437 0.392 0.335 0.261 0.169 0.059 -0.057 
-0.174 -0.287 -0.394 -0.495 -0.591 -0.680 -0.763 -0.841 -0.914 -0.983 
-1.046 -1.106 -1.161 -1.213 -1.261 -1.306 -1.348 -1.386 -1.422 -1.454 
-1.496 
-1.548 -1.588 -1.607 -1.625 -1.640 -1.652 -1.663 -1.671 -1.676 -1.680 
-1.681 -1.680 -1.676 -1.671 -1.663 -1.652 -1.640 -1.625 -1.607 -1.587 
-1.564 -1.539 -1.511 -1.480 -1.446 -1.409 -1.369 -1.325 -1.278 -1.226 
-1.170 -1.110 -1.045 -0.974 -0.898 -0.815 -0.724 -0.625 -0.518 -0.399 
-0.270 -0.129 0.023 0.180 0.331 0.458 0.547 0.601 0.625 0.593 
0.531 0.478 0.436 0.399 0.370 0.353 0.352 0.370 0.404 0.453 
0.505 0.542 0.539 0.480 0.373 0.238 0.097 -0.040 -0.168 -0.288 
-0.400 -0.505 -0.602 -0.693 -0.778 -0.858 -0.932 -1.002 -1.067 -1.128 
-1.184 -1.237 -1.286 -1.332 -1.374 -1.413 -1.449 -1.483 -1.513 -1.540 
-1.542 
-1.450 -1.455 -1.478 -1.498 -1.516 -1.532 -1.546 -1.557 -1.566 -1.573 
-1.577 -1.579 -1.580 -1.578 -1.573 -1.567 -1.558 -1.547 -1.533 -1.517 
-1.499 -1.478 -1.455 -1.428 -1.399 -1.368 -1.333 -1.295 -1.253 -1.208 
-1.159 -1.107 -1.049 -0.987 -0.920 -0.846 -0.767 -0.680 -0.584 -0.479 
-0.363 -0.235 -0.092 0.068 0.246 0.441 0.648 0.843 0.959 0.938 
0.812 0.655 0.513 0.397 0.306 0.238 0.188 0.155 0.137 0.132 
0.137 0.142 0.132 0.095 0.037 -0.026 -0.089 -0.152 -0.216 -0.284 
-0.354 -0.426 -0.499 -0.572 -0.644 -0.715 -0.783 -0.848 -0.911 -0.971 
-1.027 -1.080 -1.131 -1.178 -1.222 -1.264 -1.302 -1.338 -1.371 -1.401 
-1.439 
-1.563 -1.581 -1.604 -1.624 -1.641 -1.657 -1.670 -1.681 -1.689 -1.695 
-1.699 -1.701 -1.700 -1.697 -1.692 -1.685 -1.675 -1.663 -1.648 -1.631 
-1.612 -1.590 -1.565 -1.538 -1.507 -1.474 -1.437 -1.397 -1.354 -1.306 
-1.255 -1.199 -1.139 -1.073 -1.001 -0.923 -0.837 -0.743 -0.640 -0.528 
-0.407 -0.278 -0.144 -0.002 0.160 0.354 0.575 0.779 0.888 0.850 
0.711 0.551 0.411 0.299 0.212 0.147 0.100 0.068 0.050 0.044 
0.046 0.047 0.037 0.011 -0.026 -0.071 -0.123 -0.183 -0.252 -0.329 
-0.409 -0.493 -0.576 -0.659 -0.739 -0.816 -0.890 -0.960 -1.026 -1.089 
-1.147 -1.203 -1.254 -1.303 -1.348 -1.390 -1.429 -1.465 -1.498 -1.528 
-1.554 
-1.817 -1.858 -1.875 -1.889 -1.901 -1.910 -1.917 -1.921 -1.924 -1.923 
-1.921 -1.916 -1.909 -1.899 -1.887 -1.872 -1.855 -1.835 -1.813 -1.788 
-1.759 -1.728 -1.694 -1.657 -1.616 -1.571 -1.522 -1.470 -1.413 -1.350 
-1.283 -1.210 -1.130 -1.044 -0.949 -0.846 -0.733 -0.611 -0.480 -0.342 
-0.203 -0.076 0.026 0.098 0.145 0.169 0.181 0.224 0.260 0.199 
0.086 -0.014 -0.085 -0.127 -0.145 -0.143 -0.120 -0.079 -0.022 0.047 
0.113 0.153 0.141 0.070 -0.043 -0.172 -0.299 -0.420 -0.533 -0.640 
-0.742 -0.839 -0.931 -1.017 -1.099 -1.175 -1.247 -1.314 -1.376 -1.434 
-1.488 -1.538 -1.584 -1.626 -1.666 -1.702 -1.735 -1.765 -1.792 -1.817 
-1.813 
-1.857 -1.863 -1.882 -1.898 -1.912 -1.924 -1.933 -1.940 -1.944 -1.947 
-1.946 -1.944 -1.939 -1.932 -1.922 -1.910 -1.895 -1.878 -1.858 -1.835 
-1.810 -1.782 -1.751 -1.717 -1.679 -1.638 -1.593 -1.544 -1.491 -1.434 
-1.371 -1.303 -1.229 -1.148 -1.059 -0.962 -0.855 -0.737 -0.606 -0.462 
-0.303 -0.131 0.047 0.218 0.350 0.396 0.337 0.214 0.078 -0.041 
-0.137 -0.212 -0.268 -0.307 -0.331 -0.340 -0.337 -0.320 -0.293 -0.257 
-0.220 -0.196 -0.202 -0.241 -0.297 -0.358 -0.421 -0.489 -0.564 -0.644 
-0.728 -0.815 -0.900 -0.984 -1.065 -1.142 -1.215 -1.284 -1.348 -1.408 
-1.465 -1.517 -1.566 -1.611 -1.653 -1.692 -1.728 -1.760 -1.790 -1.817 
-1.848 
-1.960 -1.983 -1.998 -2.010 -2.020 -2.028 -2.034 -2.037 -2.038 -2.036 
-2.032 -2.026 -2.017 -2.007 -1.993 -1.977 -1.959 -1.938 -1.915 -1.888 
-1.859 -1.827 -1.792 -1.753 -1.711 -1.666 -1.616 -1.563 -1.505 -1.442 
-1.373 -1.299 -1.218 -1.130 -1.034 -0.929 -0.813 -0.685 -0.543 -0.388 
-0.222 -0.054 0.095 0.200 0.243 0.223 0.147 0.048 -0.045 -0.123 
-0.182 -0.225 -0.253 -0.265 -0.264 -0.249 -0.223 -0.186 -0.143 -0.102 
-0.074 -0.072 -0.108 -0.179 -0.277 -0.387 -0.501 -0.614 -0.722 -0.826 
-0.925 -1.019 -1.107 -1.191 -1.269 -1.341 -1.409 -1.473 -1.532 -1.586 
-1.637 -1.684 -1.728 -1.768 -1.805 -1.838 -1.869 -1.897 -1.923 -1.945 
-1.955 
-2.002 -2.018 -2.033 -2.045 -2.055 -2.063 -2.069 -2.072 -2.073 -2.072 
-2.068 -2.062 -2.054 -2.044 -2.031 -2.016 -1.998 -1.978 -1.955 -1.929 
-1.901 -1.870 -1.836 -1.798 -1.758 -1.714 -1.666 -1.614 -1.559 -1.498 
-1.433 -1.363 -1.287 -1.205 -1.116 -1.020 -0.917 -0.806 -0.687 -0.561 
-0.430 -0.296 -0.169 -0.065 -0.003 0.013 -0.010 -0.061 -0.123 -0.186 
-0.241 -0.285 -0.318 -0.340 -0.350 -0.351 -0.344 -0.330 -0.312 -0.295 
-0.285 -0.291 -0.320 -0.371 -0.442 -0.526 -0.619 -0.715 -0.813 -0.908 
-1.001 -1.089 -1.173 -1.252 -1.326 -1.395 -1.461 -1.521 -1.578 -1.631 
-1.680 -1.726 -1.768 -1.807 -1.843 -1.876 -1.906 -1.934 -1.959 -1.981 
-1.995 
-1.985 -1.993 -2.005 -2.014 -2.021 -2.026 -2.028 -2.028 -2.026 -2.021 
-2.014 -2.005 -1.993 -1.979 -1.963 -1.943 -1.922 -1.898 -1.871 -1.841 
-1.808 -1.772 -1.733 -1.691 -1.645 -1.595 -1.541 -1.483 -1.421 -1.354 
-1.282 -1.204 -1.121 -1.032 -0.937 -0.836 -0.732 -0.626 -0.521 -0.424 
-0.341 -0.276 -0.232 -0.211 -0.213 -0.233 -0.269 -0.312 -0.355 -0.391 
-0.419 -0.437 -0.446 -0.445 -0.437 -0.422 -0.402 -0.380 -0.359 -0.345 
-0.342 -0.354 -0.382 -0.425 -0.481 -0.552 -0.638 -0.735 -0.835 -0.934 
-1.030 -1.119 -1.203 -1.281 -1.353 -1.421 -1.483 -1.541 -1.595 -1.644 
-1.690 -1.733 -1.772 -1.808 -1.841 -1.870 -1.897 -1.922 -1.943 -1.962 
-1.980 
-1.978 -2.001 -2.018 -2.031 -2.043 -2.051 -2.058 -2.062 -2.064 -2.063 
-2.060 -2.055 -2.047 -2.037 -2.024 -2.009 -1.991 -1.971 -1.948 -1.922 
-1.893 -1.862 -1.827 -1.789 -1.748 -1.702 -1.653 -1.600 -1.543 -1.481 
-1.413 -1.340 -1.261 -1.176 -1.083 -0.983 -0.876 -0.760 -0.638 -0.512 
-0.387 -0.275 -0.192 -0.155 -0.166 -0.215 -0.283 -0.353 -0.418 -0.473 
-0.517 -0.551 -0.574 -0.586 -0.589 -0.583 -0.568 -0.545 -0.514 -0.477 
-0.435 -0.391 -0.348 -0.315 -0.305 -0.329 -0.391 -0.484 -0.596 -0.715 
-0.831 -0.941 -1.045 -1.140 -1.228 -1.310 -1.385 -1.454 -1.518 -1.577 
-1.632 -1.682 -1.729 -1.772 -1.811 -1.847 -1.880 -1.910 -1.937 -1.961 
-1.971 
-1.903 -1.907 -1.921 -1.933 -1.943 -1.950 -1.956 -1.959 -1.960 -1.958 
-1.955 -1.949 -1.941 -1.931 -1.918 -1.903 -1.886 -1.866 -1.844 -1.819 
-1.791 -1.761 -1.727 -1.691 -1.652 -1.609 -1.563 -1.513 -1.459 -1.402 
-1.340 -1.274 -1.203 -1.127 -1.046 -0.961 -0.871 -0.777 -0.681 -0.586 
-0.495 -0.415 -0.355 -0.323 -0.320 -0.342 -0.377 -0.418 -0.460 -0.499 
-0.534 -0.564 -0.588 -0.606 -0.619 -0.627 -0.631 -0.632 -0.631 -0.628 
-0.626 -0.624 -0.625 -0.630 -0.645 -0.677 -0.728 -0.793 -0.865 -0.938 
-1.011 -1.081 -1.149 -1.214 -1.276 -1.336 -1.392 -1.446 -1.497 -1.544 
-1.589 -1.631 -1.670 -1.707 -1.740 -1.772 -1.800 -1.826 -1.850 -1.871 
-1.896 
-1.962 -1.973 -1.985 -1.995 -2.002 -2.007 -2.010 -2.011 -2.010 -2.006 
-2.000 -1.992 -1.982 -1.969 -1.954 -1.937 -1.918 -1.896 -1.871 -1.844 
-1.814 -1.782 -1.747 -1.708 -1.667 -1.623 -1.575 -1.524 -1.469 -1.411 
-1.348 -1.282 -1.212 -1.139 -1.061 -0.981 -0.898 -0.814 -0.731 -0.651 
-0.577 -0.513 -0.460 -0.422 -0.397 -0.389 -0.395 -0.412 -0.433 -0.455 
-0.474 -0.488 -0.497 -0.501 -0.500 -0.497 -0.492 -0.488 -0.488 -0.495 
-0.511 -0.540 -0.580 -0.632 -0.693 -0.761 -0.832 -0.906 -0.980 -1.053 
-1.125 -1.194 -1.261 -1.325 -1.386 -1.443 -1.498 -1.549 -1.597 -1.642 
-1.685 -1.724 -1.760 -1.794 -1.825 -1.854 -1.880 -1.903 -1.924 -1.943 
-1.958 
-2.054 -2.079 -2.094 -2.107 -2.117 -2.125 -2.131 -2.136 -2.137 -2.137 
-2.135 -2.130 -2.124 -2.115 -2.103 -2.090 -2.074 -2.056 -2.036 -2.013 
-1.987 -1.959 -1.928 -1.894 -1.857 -1.817 -1.774 -1.728 -1.678 -1.624 
-1.566 -1.504 -1.437 -1.365 -1.289 -1.207 -1.119 -1.026 -0.928 -0.825 
-0.717 -0.606 -0.498 -0.399 -0.321 -0.274 -0.266 -0.290 -0.336 -0.391 
-0.447 -0.499 -0.545 -0.583 -0.615 -0.640 -0.661 -0.679 -0.695 -0.712 
-0.732 -0.757 -0.788 -0.825 -0.868 -0.917 -0.970 -1.028 -1.088 -1.151 
-1.214 -1.277 -1.339 -1.400 -1.459 -1.516 -1.570 -1.622 -1.671 -1.718 
-1.762 -1.803 -1.842 -1.878 -1.911 -1.942 -1.971 -1.997 -2.021 -2.043 
-2.048 
-2.027 -2.028 -2.041 -2.052 -2.061 -2.068 -2.073 -2.076 -2.077 -2.076 
-2.073 -2.067 -2.060 -2.051 -2.039 -2.025 -2.010 -1.991 -1.971 -1.948 
-1.922 -1.894 -1.863 -1.829 -1.793 -1.753 -1.710 -1.663 -1.613 -1.558 
-1.500 -1.437 -1.369 -1.297 -1.219 -1.138 -1.053 -0.967 -0.881 -0.796 
-0.713 -0.629 -0.544 -0.464 -0.396 -0.350 -0.332 -0.341 -0.373 -0.418 
-0.470 -0.524 -0.575 -0.623 -0.667 -0.706 -0.742 -0.775 -0.806 -0.836 
-0.867 -0.899 -0.933 -0.971 -1.012 -1.057 -1.103 -1.152 -1.202 -1.253 
-1.304 -1.354 -1.404 -1.453 -1.501 -1.547 -1.592 -1.635 -1.676 -1.715 
-1.753 -1.788 -1.821 -1.852 -1.881 -1.908 -1.933 -1.956 -1.977 -1.996 
-2.021 
-2.108 -2.126 -2.137 -2.145 -2.151 -2.155 -2.156 -2.155 -2.152 -2.146 
-2.138 -2.128 -2.115 -2.100 -2.082 -2.062 -2.039 -2.013 -1.984 -1.952 
-1.918 -1.880 -1.838 -1.793 -1.745 -1.692 -1.635 -1.573 -1.506 -1.435 
-1.358 -1.275 -1.187 -1.095 -0.998 -0.900 -0.805 -0.717 -0.641 -0.582 
-0.538 -0.514 -0.519 -0.551 -0.589 -0.624 -0.656 -0.689 -0.722 -0.755 
-0.784 -0.809 -0.827 -0.840 -0.848 -0.851 -0.852 -0.851 -0.852 -0.856 
-0.867 -0.887 -0.916 -0.954 -1.002 -1.055 -1.113 -1.173 -1.233 -1.292 
-1.350 -1.407 -1.463 -1.517 -1.570 -1.622 -1.672 -1.719 -1.765 -1.808 
-1.849 -1.887 -1.922 -1.955 -1.985 -2.013 -2.038 -2.060 -2.081 -2.098 
-2.104 
-2.159 -2.170 -2.190 -2.208 -2.223 -2.235 -2.245 -2.252 -2.257 -2.259 
-2.259 -2.257 -2.251 -2.243 -2.233 -2.220 -2.204 -2.185 -2.163 -2.138 
-2.111 -2.079 -2.045 -2.007 -1.964 -1.918 -1.868 -1.812 -1.752 -1.685 
-1.613 -1.534 -1.447 -1.352 -1.248 -1.135 -1.011 -0.876 -0.731 -0.580 
-0.441 -0.352 -0.346 -0.422 -0.544 -0.673 -0.790 -0.891 -0.974 -1.043 
-1.099 -1.144 -1.180 -1.207 -1.226 -1.239 -1.247 -1.251 -1.252 -1.252 
-1.251 -1.252 -1.254 -1.257 -1.260 -1.263 -1.267 -1.273 -1.282 -1.295 
-1.315 -1.341 -1.374 -1.413 -1.457 -1.506 -1.558 -1.611 -1.664 -1.717 
-1.768 -1.818 -1.865 -1.910 -1.952 -1.991 -2.028 -2.062 -2.093 -2.121 
-2.150 
-2.304 -2.324 -2.341 -2.355 -2.367 -2.375 -2.381 -2.385 -2.386 -2.384 
-2.380 -2.374 -2.364 -2.353 -2.338 -2.321 -2.302 -2.280 -2.255 -2.228 
-2.198 -2.165 -2.129 -2.091 -2.049 -2.003 -1.954 -1.901 -1.842 -1.779 
-1.709 -1.632 -1.546 -1.451 -1.344 -1.223 -1.088 -0.940 -0.786 -0.645 
-0.546 -0.515 -0.558 -0.655 -0.767 -0.869 -0.946 -0.997 -1.024 -1.038 
-1.060 -1.106 -1.170 -1.236 -1.293 -1.337 -1.367 -1.386 -1.395 -1.395 
-1.389 -1.376 -1.360 -1.342 -1.323 -1.308 -1.299 -1.298 -1.309 -1.332 
-1.367 -1.412 -1.465 -1.523 -1.585 -1.648 -1.711 -1.772 -1.832 -1.888 
-1.942 -1.993 -2.040 -2.084 -2.125 -2.163 -2.197 -2.229 -2.257 -2.282 
-2.296 
-2.430 -2.438 -2.436 -2.431 -2.424 -2.414 -2.403 -2.390 -2.374 -2.357 
-2.337 -2.316 -2.293 -2.268 -2.242 -2.214 -2.185 -2.154 -2.121 -2.088 
-2.054 -2.019 -1.983 -1.946 -1.909 -1.871 -1.833 -1.795 -1.756 -1.716 
-1.675 -1.632 -1.586 -1.537 -1.483 -1.423 -1.355 -1.276 -1.188 -1.098 
-1.025 -0.987 -0.975 -0.964 -0.936 -0.889 -0.825 -0.749 -0.672 -0.616 
-0.603 -0.644 -0.732 -0.844 -0.959 -1.065 -1.157 -1.235 -1.302 -1.360 
-1.413 -1.463 -1.511 -1.559 -1.603 -1.646 -1.686 -1.726 -1.767 -1.811 
-1.858 -1.908 -1.960 -2.011 -2.062 -2.109 -2.154 -2.196 -2.233 -2.268 
-2.299 -2.326 -2.350 -2.371 -2.389 -2.404 -2.416 -2.425 -2.432 -2.437 
-2.432 
-2.474 -2.470 -2.477 -2.481 -2.484 -2.484 -2.482 -2.478 -2.471 -2.463 
-2.452 -2.439 -2.424 -2.406 -2.387 -2.365 -2.340 -2.314 -2.285 -2.254 
-2.221 -2.185 -2.147 -2.106 -2.063 -2.017 -1.968 -1.916 -1.860 -1.801 
-1.739 -1.672 -1.601 -1.526 -1.447 -1.365 -1.281 -1.198 -1.117 -1.043 
-0.977 -0.924 -0.886 -0.861 -0.849 -0.845 -0.844 -0.841 -0.834 -0.827 
-0.828 -0.843 -0.864 -0.882 -0.893 -0.898 -0.903 -0.913 -0.933 -0.962 
-1.001 -1.049 -1.107 -1.173 -1.246 -1.322 -1.401 -1.480 -1.558 -1.633 
-1.705 -1.774 -1.839 -1.900 -1.958 -2.012 -2.063 -2.110 -2.154 -2.195 
-2.233 -2.268 -2.299 -2.329 -2.355 -2.379 -2.400 -2.419 -2.435 -2.449 
-2.469 
-2.647 -2.668 -2.673 -2.676 -2.677 -2.676 -2.672 -2.666 -2.657 -2.647 
-2.634 -2.618 -2.601 -2.580 -2.558 -2.532 -2.504 -2.474 -2.440 -2.404 
-2.364 -2.321 -2.275 -2.225 -2.172 -2.114 -2.053 -1.987 -1.917 -1.842 
-1.763 -1.679 -1.590 -1.499 -1.405 -1.311 -1.220 -1.135 -1.059 -0.996 
-0.949 -0.919 -0.909 -0.914 -0.928 -0.945 -0.959 -0.968 -0.970 -0.964 
-0.948 -0.924 -0.892 -0.855 -0.819 -0.791 -0.782 -0.800 -0.848 -0.921 
-1.011 -1.111 -1.215 -1.320 -1.422 -1.520 -1.614 -1.703 -1.787 -1.866 
-1.940 -2.009 -2.074 -2.134 -2.190 -2.243 -2.292 -2.337 -2.379 -2.417 
-2.453 -2.485 -2.515 -2.542 -2.566 -2.588 -2.608 -2.624 -2.639 -2.651 
-2.645 
-2.698 -2.703 -2.710 -2.714 -2.716 -2.715 -2.713 -2.708 -2.700 -2.690 
-2.678 -2.664 -2.646 -2.627 -2.604 -2.579 -2.552 -2.521 -2.487 -2.450 
-2.410 -2.366 -2.318 -2.266 -2.210 -2.150 -2.084 -2.014 -1.938 -1.857 
-1.771 -1.682 -1.591 -1.501 -1.412 -1.321 -1.226 -1.123 -1.016 -0.912 
-0.825 -0.768 -0.749 -0.765 -0.804 -0.851 -0.897 -0.936 -0.965 -0.984 
-0.992 -0.989 -0.977 -0.956 -0.929 -0.902 -0.879 -0.869 -0.877 -0.908 
-0.963 -1.041 -1.135 -1.239 -1.347 -1.453 -1.557 -1.655 -1.747 -1.833 
-1.914 -1.990 -2.060 -2.125 -2.186 -2.242 -2.294 -2.343 -2.388 -2.429 
-2.467 -2.502 -2.534 -2.564 -2.590 -2.614 -2.635 -2.653 -2.669 -2.683 
-2.694 
-2.761 -2.752 -2.754 -2.752 -2.749 -2.742 -2.734 -2.723 -2.709 -2.692 
-2.673 -2.651 -2.627 -2.599 -2.568 -2.535 -2.497 -2.457 -2.412 -2.364 
-2.311 -2.254 -2.192 -2.125 -2.053 -1.975 -1.892 -1.802 -1.708 -1.609 
-1.509 -1.413 -1.326 -1.254 -1.202 -1.166 -1.140 -1.132 -1.153 -1.181 
-1.197 -1.208 -1.225 -1.254 -1.290 -1.325 -1.353 -1.373 -1.383 -1.384 
-1.375 -1.356 -1.330 -1.295 -1.255 -1.212 -1.169 -1.133 -1.107 -1.096 
-1.110 -1.172 -1.277 -1.394 -1.509 -1.618 -1.720 -1.816 -1.905 -1.988 
-2.064 -2.135 -2.200 -2.261 -2.317 -2.368 -2.416 -2.460 -2.500 -2.537 
-2.570 -2.601 -2.628 -2.652 -2.674 -2.693 -2.709 -2.723 -2.734 -2.743 
-2.759 
-3.001 -3.040 -3.045 -3.048 -3.048 -3.045 -3.040 -3.033 -3.022 -3.010 
-2.994 -2.976 -2.954 -2.930 -2.903 -2.873 -2.840 -2.803 -2.762 -2.718 
-2.669 -2.616 -2.559 -2.496 -2.427 -2.353 -2.272 -2.184 -2.088 -1.984 
-1.872 -1.751 -1.620 -1.478 -1.321 -1.154 -1.007 -0.934 -0.962 -1.064 
-1.193 -1.316 -1.422 -1.507 -1.575 -1.627 -1.664 -1.689 -1.702 -1.704 
-1.694 -1.673 -1.640 -1.594 -1.535 -1.461 -1.370 -1.260 -1.134 -1.012 
-0.946 -0.985 -1.120 -1.293 -1.457 -1.600 -1.727 -1.846 -1.959 -2.065 
-2.164 -2.256 -2.340 -2.417 -2.487 -2.552 -2.611 -2.665 -2.714 -2.760 
-2.801 -2.838 -2.872 -2.902 -2.930 -2.954 -2.975 -2.994 -3.009 -3.022 
-2.999 
-2.935 -2.938 -2.949 -2.957 -2.962 -2.965 -2.965 -2.963 -2.958 -2.950 
-2.940 -2.927 -2.912 -2.893 -2.872 -2.848 -2.820 -2.790 -2.756 -2.718 
-2.677 -2.632 -2.582 -2.528 -2.468 -2.404 -2.333 -2.255 -2.170 -2.076 
-1.973 -1.859 -1.733 -1.595 -1.446 -1.290 -1.140 -1.031 -0.991 -1.025 
-1.113 -1.225 -1.337 -1.437 -1.522 -1.592 -1.649 -1.693 -1.727 -1.750 
-1.764 -1.769 -1.765 -1.752 -1.731 -1.699 -1.656 -1.600 -1.529 -1.446 
-1.380 -1.369 -1.391 -1.406 -1.417 -1.444 -1.497 -1.575 -1.671 -1.775 
-1.880 -1.981 -2.077 -2.167 -2.250 -2.326 -2.396 -2.461 -2.520 -2.575 
-2.625 -2.671 -2.712 -2.750 -2.785 -2.816 -2.843 -2.868 -2.890 -2.909 
-2.929 
-2.859 -2.869 -2.874 -2.876 -2.875 -2.873 -2.868 -2.860 -2.850 -2.838 
-2.823 -2.806 -2.785 -2.762 -2.737 -2.708 -2.676 -2.641 -2.603 -2.561 
-2.515 -2.465 -2.411 -2.352 -2.288 -2.219 -2.143 -2.061 -1.972 -1.876 
-1.772 -1.660 -1.544 -1.425 -1.314 -1.219 -1.153 -1.121 -1.125 -1.165 
-1.227 -1.294 -1.358 -1.416 -1.465 -1.507 -1.542 -1.570 -1.591 -1.605 
-1.612 -1.615 -1.613 -1.607 -1.600 -1.592 -1.586 -1.584 -1.588 -1.599 
-1.617 -1.640 -1.668 -1.699 -1.736 -1.782 -1.841 -1.910 -1.985 -2.061 
-2.135 -2.205 -2.270 -2.332 -2.389 -2.442 -2.492 -2.538 -2.580 -2.619 
-2.655 -2.688 -2.718 -2.745 -2.769 -2.791 -2.810 -2.827 -2.841 -2.853 
-2.858 
-2.800 -2.800 -2.809 -2.817 -2.822 -2.824 -2.825 -2.823 -2.819 -2.813 
-2.804 -2.793 -2.780 -2.764 -2.746 -2.725 -2.702 -2.675 -2.646 -2.614 
-2.579 -2.541 -2.499 -2.454 -2.404 -2.351 -2.293 -2.230 -2.162 -2.089 
-2.010 -1.926 -1.836 -1.743 -1.651 -1.567 -1.498 -1.448 -1.416 -1.395 
-1.385 -1.385 -1.396 -1.416 -1.444 -1.477 -1.510 -1.543 -1.573 -1.600 
-1.622 -1.640 -1.654 -1.664 -1.671 -1.676 -1.679 -1.681 -1.685 -1.691 
-1.700 -1.713 -1.731 -1.755 -1.785 -1.822 -1.866 -1.913 -1.965 -2.018 
-2.072 -2.127 -2.180 -2.233 -2.284 -2.333 -2.380 -2.425 -2.467 -2.507 
-2.545 -2.580 -2.613 -2.643 -2.671 -2.696 -2.719 -2.740 -2.758 -2.774 
-2.795 
-2.876 -2.887 -2.896 -2.903 -2.907 -2.909 -2.908 -2.905 -2.899 -2.891 
-2.881 -2.868 -2.852 -2.834 -2.813 -2.789 -2.762 -2.732 -2.699 -2.663 
-2.623 -2.579 -2.532 -2.481 -2.425 -2.364 -2.299 -2.228 -2.152 -2.070 
-1.982 -1.890 -1.795 -1.699 -1.607 -1.526 -1.465 -1.429 -1.421 -1.437 
-1.469 -1.511 -1.556 -1.602 -1.646 -1.687 -1.722 -1.753 -1.777 -1.796 
-1.809 -1.815 -1.816 -1.810 -1.799 -1.783 -1.762 -1.737 -1.710 -1.681 
-1.655 -1.636 -1.626 -1.632 -1.655 -1.694 -1.748 -1.812 -1.882 -1.956 
-2.030 -2.104 -2.174 -2.242 -2.306 -2.366 -2.423 -2.476 -2.525 -2.571 
-2.614 -2.653 -2.689 -2.722 -2.752 -2.779 -2.804 -2.826 -2.845 -2.862 
-2.872 
-2.999 -3.005 -3.014 -3.020 -3.024 -3.025 -3.023 -3.019 -3.013 -3.004 
-2.992 -2.978 -2.961 -2.941 -2.918 -2.893 -2.864 -2.832 -2.797 -2.758 
-2.715 -2.668 -2.617 -2.561 -2.500 -2.433 -2.360 -2.279 -2.191 -2.094 
-1.988 -1.875 -1.763 -1.666 -1.588 -1.519 -1.459 -1.419 -1.409 -1.430 
-1.475 -1.533 -1.596 -1.656 -1.711 -1.758 -1.797 -1.828 -1.851 -1.866 
-1.873 -1.873 -1.866 -1.851 -1.829 -1.801 -1.765 -1.725 -1.680 -1.634 
-1.591 -1.558 -1.541 -1.547 -1.581 -1.640 -1.718 -1.807 -1.901 -1.994 
-2.084 -2.171 -2.252 -2.328 -2.399 -2.465 -2.526 -2.583 -2.635 -2.683 
-2.728 -2.768 -2.806 -2.840 -2.870 -2.898 -2.923 -2.945 -2.964 -2.980 
-2.994 
-3.173 -3.188 -3.195 -3.198 -3.199 -3.197 -3.192 -3.185 -3.174 -3.161 
-3.145 -3.126 -3.104 -3.078 -3.050 -3.017 -2.981 -2.941 -2.896 -2.847 
-2.793 -2.733 -2.667 -2.594 -2.513 -2.423 -2.322 -2.210 -2.085 -1.946 
-1.797 -1.650 -1.528 -1.463 -1.461 -1.488 -1.492 -1.486 -1.566 -1.690 
-1.801 -1.894 -1.972 -2.037 -2.090 -2.133 -2.167 -2.191 -2.207 -2.215 
-2.215 -2.208 -2.192 -2.169 -2.138 -2.099 -2.051 -1.994 -1.930 -1.859 
-1.784 -1.711 -1.650 -1.614 -1.613 -1.657 -1.744 -1.859 -1.981 -2.101 
-2.213 -2.315 -2.410 -2.496 -2.574 -2.646 -2.711 -2.771 -2.826 -2.876 
-2.921 -2.963 -3.000 -3.034 -3.064 -3.091 -3.115 -3.135 -3.153 -3.167 
-3.170 
-3.238 -3.260 -3.271 -3.278 -3.283 -3.285 -3.285 -3.282 -3.276 -3.267 
-3.255 -3.241 -3.224 -3.204 -3.180 -3.154 -3.124 -3.090 -3.053 -3.012 
-2.966 -2.916 -2.860 -2.799 -2.732 -2.657 -2.574 -2.481 -2.378 -2.262 
-2.133 -1.992 -1.846 -1.701 -1.545 -1.354 -1.159 -1.057 -1.123 -1.296 
-1.486 -1.649 -1.781 -1.887 -1.972 -2.040 -2.094 -2.136 -2.167 -2.187 
-2.198 -2.200 -2.194 -2.178 -2.153 -2.119 -2.075 -2.020 -1.955 -1.878 
-1.791 -1.697 -1.602 -1.518 -1.466 -1.471 -1.544 -1.670 -1.818 -1.967 
-2.106 -2.232 -2.345 -2.448 -2.540 -2.623 -2.699 -2.768 -2.831 -2.888 
-2.940 -2.988 -3.031 -3.070 -3.105 -3.137 -3.165 -3.190 -3.212 -3.231 
-3.233 
-3.155 -3.150 -3.159 -3.165 -3.168 -3.169 -3.167 -3.163 -3.156 -3.146 
-3.133 -3.118 -3.100 -3.079 -3.056 -3.029 -2.998 -2.965 -2.928 -2.887 
-2.842 -2.792 -2.738 -2.679 -2.614 -2.542 -2.464 -2.377 -2.282 -2.176 
-2.057 -1.925 -1.780 -1.624 -1.471 -1.337 -1.230 -1.180 -1.228 -1.335 
-1.455 -1.568 -1.667 -1.752 -1.822 -1.879 -1.924 -1.958 -1.983 -1.997 
-2.003 -1.999 -1.987 -1.966 -1.935 -1.895 -1.844 -1.784 -1.714 -1.635 
-1.552 -1.473 -1.418 -1.415 -1.463 -1.546 -1.657 -1.783 -1.911 -2.033 
-2.146 -2.250 -2.345 -2.431 -2.511 -2.583 -2.650 -2.711 -2.767 -2.818 
-2.864 -2.907 -2.946 -2.981 -3.013 -3.041 -3.067 -3.089 -3.109 -3.125 
-3.150 
-3.242 -3.255 -3.260 -3.263 -3.262 -3.259 -3.253 -3.245 -3.234 -3.220 
-3.203 -3.184 -3.161 -3.135 -3.106 -3.074 -3.038 -2.998 -2.954 -2.906 
-2.853 -2.795 -2.732 -2.662 -2.585 -2.501 -2.407 -2.304 -2.188 -2.060 
-1.916 -1.759 -1.593 -1.438 -1.330 -1.299 -1.342 -1.426 -1.529 -1.637 
-1.739 -1.827 -1.900 -1.960 -2.007 -2.041 -2.064 -2.077 -2.078 -2.069 
-2.049 -2.016 -1.972 -1.915 -1.849 -1.783 -1.731 -1.695 -1.651 -1.575 
-1.465 -1.347 -1.273 -1.296 -1.416 -1.587 -1.764 -1.928 -2.074 -2.204 
-2.320 -2.424 -2.517 -2.601 -2.677 -2.746 -2.809 -2.866 -2.918 -2.965 
-3.008 -3.047 -3.083 -3.114 -3.142 -3.167 -3.189 -3.208 -3.224 -3.237 
-3.240 
-3.280 -3.287 -3.287 -3.284 -3.278 -3.270 -3.260 -3.247 -3.231 -3.212 
-3.191 -3.166 -3.139 -3.109 -3.075 -3.038 -2.998 -2.953 -2.905 -2.852 
-2.795 -2.732 -2.664 -2.591 -2.510 -2.422 -2.326 -2.222 -2.108 -1.984 
-1.853 -1.716 -1.584 -1.470 -1.393 -1.370 -1.399 -1.460 -1.535 -1.612 
-1.682 -1.742 -1.789 -1.824 -1.847 -1.859 -1.859 -1.847 -1.823 -1.786 
-1.736 -1.671 -1.594 -1.506 -1.419 -1.351 -1.330 -1.369 -1.459 -1.564 
-1.650 -1.695 -1.717 -1.775 -1.889 -2.023 -2.154 -2.275 -2.384 -2.483 
-2.573 -2.654 -2.727 -2.793 -2.853 -2.908 -2.958 -3.004 -3.045 -3.082 
-3.116 -3.146 -3.173 -3.197 -3.218 -3.236 -3.251 -3.263 -3.273 -3.280 
-3.280 
-3.231 -3.235 -3.243 -3.247 -3.249 -3.249 -3.246 -3.240 -3.231 -3.220 
-3.206 -3.189 -3.170 -3.147 -3.122 -3.093 -3.061 -3.025 -2.986 -2.943 
-2.896 -2.844 -2.787 -2.725 -2.657 -2.582 -2.501 -2.411 -2.313 -2.205 
-2.087 -1.960 -1.825 -1.690 -1.563 -1.458 -1.397 -1.400 -1.462 -1.555 
-1.653 -1.746 -1.826 -1.894 -1.949 -1.992 -2.024 -2.045 -2.055 -2.054 
-2.042 -2.018 -1.981 -1.933 -1.877 -1.822 -1.787 -1.780 -1.783 -1.773 
-1.745 -1.710 -1.684 -1.682 -1.714 -1.780 -1.869 -1.972 -2.079 -2.185 
-2.286 -2.380 -2.469 -2.550 -2.625 -2.694 -2.758 -2.817 -2.870 -2.920 
-2.964 -3.006 -3.043 -3.077 -3.107 -3.134 -3.158 -3.179 -3.197 -3.213 
-3.227 
-3.225 -3.231 -3.239 -3.245 -3.248 -3.249 -3.246 -3.241 -3.234 -3.223 
-3.210 -3.194 -3.175 -3.154 -3.129 -3.100 -3.069 -3.033 -2.994 -2.952 
-2.904 -2.852 -2.796 -2.733 -2.665 -2.590 -2.509 -2.419 -2.321 -2.215 
-2.099 -1.974 -1.839 -1.692 -1.536 -1.389 -1.292 -1.288 -1.372 -1.500 
-1.632 -1.750 -1.849 -1.931 -1.997 -2.050 -2.090 -2.119 -2.137 -2.146 
-2.145 -2.135 -2.115 -2.088 -2.056 -2.024 -1.997 -1.979 -1.967 -1.955 
-1.935 -1.908 -1.883 -1.868 -1.873 -1.900 -1.948 -2.014 -2.093 -2.179 
-2.268 -2.355 -2.440 -2.520 -2.595 -2.665 -2.730 -2.790 -2.845 -2.896 
-2.943 -2.986 -3.025 -3.061 -3.093 -3.121 -3.147 -3.170 -3.189 -3.206 
-3.220 
-3.201 -3.218 -3.217 -3.213 -3.206 -3.197 -3.185 -3.170 -3.153 -3.133 
-3.111 -3.085 -3.056 -3.024 -2.989 -2.951 -2.908 -2.863 -2.813 -2.759 
-2.701 -2.638 -2.570 -2.497 -2.419 -2.336 -2.249 -2.156 -2.061 -1.965 
-1.871 -1.786 -1.716 -1.666 -1.635 -1.614 -1.607 -1.637 -1.704 -1.778 
-1.844 -1.896 -1.936 -1.964 -1.982 -1.990 -1.989 -1.978 -1.958 -1.929 
-1.891 -1.844 -1.790 -1.733 -1.678 -1.635 -1.616 -1.630 -1.678 -1.750 
-1.833 -1.917 -1.994 -2.065 -2.131 -2.198 -2.267 -2.339 -2.414 -2.488 
-2.560 -2.629 -2.694 -2.754 -2.810 -2.861 -2.908 -2.951 -2.991 -3.026 
-3.059 -3.088 -3.113 -3.136 -3.156 -3.173 -3.187 -3.198 -3.207 -3.214 
-3.201 
-3.031 -3.024 -3.024 -3.022 -3.018 -3.010 -3.000 -2.988 -2.973 -2.954 
-2.934 -2.910 -2.883 -2.853 -2.820 -2.784 -2.744 -2.701 -2.654 -2.604 
-2.550 -2.493 -2.432 -2.369 -2.304 -2.239 -2.175 -2.114 -2.060 -2.013 
-1.977 -1.952 -1.938 -1.938 -1.951 -1.975 -2.004 -2.036 -2.066 -2.093 
-2.117 -2.137 -2.153 -2.166 -2.175 -2.181 -2.182 -2.178 -2.170 -2.156 
-2.137 -2.112 -2.081 -2.046 -2.008 -1.972 -1.942 -1.924 -1.915 -1.912 
-1.912 -1.915 -1.927 -1.950 -1.986 -2.034 -2.091 -2.155 -2.222 -2.289 
-2.355 -2.419 -2.480 -2.537 -2.591 -2.642 -2.689 -2.732 -2.772 -2.809 
-2.843 -2.874 -2.901 -2.926 -2.947 -2.966 -2.983 -2.996 -3.007 -3.015 
-3.030 
-3.042 -3.040 -3.047 -3.053 -3.056 -3.057 -3.055 -3.052 -3.046 -3.038 
-3.027 -3.015 -2.999 -2.982 -2.962 -2.939 -2.913 -2.885 -2.854 -2.820 
-2.784 -2.744 -2.701 -2.655 -2.607 -2.556 -2.504 -2.452 -2.399 -2.348 
-2.299 -2.250 -2.202 -2.154 -2.107 -2.067 -2.038 -2.020 -2.010 -2.004 
-2.001 -2.001 -2.002 -2.006 -2.012 -2.019 -2.027 -2.034 -2.040 -2.045 
-2.048 -2.048 -2.047 -2.044 -2.038 -2.031 -2.023 -2.014 -2.005 -1.998 
-1.992 -1.990 -1.993 -2.004 -2.025 -2.058 -2.103 -2.156 -2.214 -2.273 
-2.332 -2.390 -2.446 -2.500 -2.551 -2.600 -2.646 -2.690 -2.731 -2.769 
-2.805 -2.838 -2.869 -2.898 -2.924 -2.947 -2.968 -2.987 -3.004 -3.018 
-3.038 
-3.282 -3.301 -3.310 -3.317 -3.321 -3.322 -3.321 -3.318 -3.312 -3.303 
-3.292 -3.278 -3.262 -3.243 -3.220 -3.195 -3.167 -3.136 -3.101 -3.062 
-3.020 -2.974 -2.923 -2.868 -2.808 -2.742 -2.669 -2.590 -2.504 -2.410 
-2.307 -2.197 -2.081 -1.963 -1.850 -1.758 -1.726 -1.767 -1.838 -1.916 
-1.989 -2.055 -2.113 -2.163 -2.204 -2.239 -2.267 -2.289 -2.304 -2.314 
-2.318 -2.317 -2.309 -2.296 -2.276 -2.250 -2.216 -2.175 -2.125 -2.066 
-1.997 -1.918 -1.840 -1.797 -1.818 -1.876 -1.951 -2.040 -2.138 -2.238 
-2.337 -2.430 -2.518 -2.599 -2.674 -2.744 -2.808 -2.867 -2.921 -2.970 
-3.016 -3.058 -3.096 -3.131 -3.162 -3.191 -3.216 -3.239 -3.258 -3.275 
-3.278 
-3.555 -3.580 -3.588 -3.592 -3.594 -3.594 -3.590 -3.584 -3.575 -3.564 
-3.550 -3.532 -3.512 -3.489 -3.463 -3.433 -3.400 -3.363 -3.322 -3.277 
-3.227 -3.173 -3.113 -3.047 -2.975 -2.894 -2.806 -2.707 -2.596 -2.472 
-2.332 -2.176 -2.007 -1.832 -1.659 -1.521 -1.486 -1.575 -1.730 -1.890 
-2.027 -2.141 -2.234 -2.309 -2.370 -2.418 -2.454 -2.481 -2.497 -2.504 
-2.503 -2.492 -2.472 -2.442 -2.401 -2.349 -2.284 -2.203 -2.105 -1.987 
-1.848 -1.696 -1.568 -1.526 -1.608 -1.775 -1.963 -2.140 -2.296 -2.436 
-2.559 -2.671 -2.770 -2.861 -2.943 -3.017 -3.085 -3.147 -3.203 -3.255 
-3.301 -3.344 -3.382 -3.417 -3.449 -3.477 -3.501 -3.523 -3.541 -3.557 
-3.551 
-3.544 -3.560 -3.562 -3.561 -3.557 -3.551 -3.543 -3.531 -3.517 -3.500 
-3.480 -3.457 -3.431 -3.401 -3.368 -3.332 -3.292 -3.247 -3.199 -3.145 
-3.087 -3.023 -2.953 -2.876 -2.792 -2.699 -2.597 -2.484 -2.359 -2.223 
-2.075 -1.926 -1.797 -1.717 -1.701 -1.727 -1.791 -1.906 -2.032 -2.143 
-2.234 -2.308 -2.367 -2.414 -2.449 -2.475 -2.492 -2.500 -2.500 -2.492 
-2.476 -2.452 -2.421 -2.382 -2.336 -2.283 -2.225 -2.160 -2.090 -2.015 
-1.940 -1.876 -1.838 -1.855 -1.953 -2.099 -2.249 -2.389 -2.515 -2.628 
-2.731 -2.823 -2.906 -2.981 -3.050 -3.112 -3.169 -3.221 -3.268 -3.311 
-3.350 -3.384 -3.416 -3.444 -3.469 -3.490 -3.509 -3.524 -3.537 -3.547 
-3.542 
-3.389 -3.375 -3.373 -3.368 -3.360 -3.350 -3.338 -3.323 -3.305 -3.284 
-3.261 -3.235 -3.205 -3.173 -3.137 -3.098 -3.055 -3.008 -2.957 -2.902 
-2.842 -2.777 -2.707 -2.632 -2.551 -2.464 -2.372 -2.276 -2.176 -2.078 
-1.985 -1.904 -1.843 -1.814 -1.823 -1.863 -1.918 -1.976 -2.032 -2.083 
-2.128 -2.166 -2.197 -2.220 -2.236 -2.245 -2.247 -2.242 -2.230 -2.211 
-2.186 -2.155 -2.119 -2.078 -2.037 -1.996 -1.960 -1.932 -1.912 -1.899 
-1.894 -1.916 -1.984 -2.085 -2.198 -2.310 -2.415 -2.512 -2.601 -2.682 
-2.757 -2.825 -2.887 -2.945 -2.997 -3.045 -3.090 -3.130 -3.167 -3.200 
-3.230 -3.257 -3.281 -3.302 -3.320 -3.336 -3.349 -3.359 -3.367 -3.372 
-3.389 
-3.436 -3.444 -3.444 -3.441 -3.435 -3.427 -3.416 -3.402 -3.385 -3.366 
-3.343 -3.318 -3.289 -3.257 -3.222 -3.183 -3.140 -3.093 -3.041 -2.986 
-2.925 -2.859 -2.787 -2.709 -2.626 -2.536 -2.440 -2.341 -2.239 -2.142 
-2.056 -1.992 -1.959 -1.960 -1.990 -2.040 -2.100 -2.161 -2.219 -2.273 
-2.319 -2.358 -2.390 -2.414 -2.431 -2.441 -2.443 -2.439 -2.427 -2.407 
-2.379 -2.343 -2.299 -2.245 -2.180 -2.105 -2.017 -1.914 -1.797 -1.677 
-1.578 -1.541 -1.594 -1.728 -1.898 -2.067 -2.221 -2.358 -2.480 -2.588 
-2.684 -2.771 -2.849 -2.920 -2.984 -3.042 -3.095 -3.143 -3.187 -3.226 
-3.262 -3.294 -3.322 -3.348 -3.370 -3.389 -3.405 -3.418 -3.429 -3.436 
-3.434 
-3.449 -3.452 -3.454 -3.453 -3.449 -3.443 -3.433 -3.421 -3.406 -3.389 
-3.368 -3.344 -3.316 -3.286 -3.252 -3.214 -3.172 -3.126 -3.076 -3.020 
-2.960 -2.893 -2.821 -2.742 -2.655 -2.561 -2.460 -2.351 -2.237 -2.123 
-2.018 -1.936 -1.888 -1.882 -1.913 -1.974 -2.050 -2.130 -2.206 -2.275 
-2.334 -2.385 -2.426 -2.460 -2.484 -2.502 -2.511 -2.513 -2.507 -2.494 
-2.472 -2.441 -2.402 -2.352 -2.290 -2.214 -2.124 -2.015 -1.887 -1.742 
-1.597 -1.494 -1.481 -1.576 -1.737 -1.915 -2.083 -2.234 -2.368 -2.488 
-2.595 -2.692 -2.779 -2.857 -2.929 -2.993 -3.052 -3.106 -3.154 -3.198 
-3.238 -3.274 -3.306 -3.334 -3.360 -3.382 -3.401 -3.417 -3.430 -3.440 
-3.447 
-3.479 -3.479 -3.483 -3.485 -3.485 -3.481 -3.475 -3.466 -3.454 -3.440 
-3.422 -3.402 -3.378 -3.351 -3.321 -3.287 -3.249 -3.208 -3.162 -3.112 
-3.056 -2.996 -2.929 -2.856 -2.777 -2.689 -2.594 -2.490 -2.378 -2.259 
-2.140 -2.026 -1.932 -1.871 -1.855 -1.885 -1.952 -2.038 -2.127 -2.211 
-2.287 -2.353 -2.408 -2.455 -2.493 -2.522 -2.543 -2.557 -2.563 -2.562 
-2.554 -2.538 -2.515 -2.484 -2.444 -2.394 -2.336 -2.266 -2.186 -2.095 
-2.000 -1.918 -1.885 -1.918 -1.985 -2.067 -2.160 -2.262 -2.367 -2.471 
-2.570 -2.663 -2.749 -2.829 -2.903 -2.970 -3.032 -3.089 -3.141 -3.188 
-3.231 -3.270 -3.305 -3.337 -3.366 -3.391 -3.413 -3.432 -3.448 -3.461 
-3.476 
-3.587 -3.608 -3.609 -3.608 -3.604 -3.597 -3.588 -3.575 -3.560 -3.542 
-3.521 -3.497 -3.469 -3.439 -3.404 -3.366 -3.324 -3.278 -3.228 -3.173 
-3.112 -3.046 -2.974 -2.895 -2.810 -2.717 -2.616 -2.510 -2.400 -2.291 
-2.192 -2.113 -2.063 -2.047 -2.067 -2.118 -2.190 -2.268 -2.344 -2.413 
-2.473 -2.524 -2.567 -2.601 -2.627 -2.645 -2.655 -2.658 -2.654 -2.642 
-2.622 -2.595 -2.559 -2.515 -2.461 -2.398 -2.327 -2.247 -2.166 -2.091 
-2.037 -2.018 -2.041 -2.101 -2.187 -2.288 -2.396 -2.505 -2.611 -2.711 
-2.804 -2.891 -2.970 -3.042 -3.109 -3.170 -3.226 -3.277 -3.323 -3.365 
-3.403 -3.438 -3.468 -3.496 -3.520 -3.541 -3.560 -3.575 -3.587 -3.597 
-3.585 
