IRGRID 64 91
1e+308

0.025 0.03 0.035 0.04 0.045 0.05 0.055 0.06 0.065 0.07
0.075 0.08 0.085 0.09 0.095 0.1 0.11 0.12 0.13 0.14
0.15 0.16 0.17 0.18 0.19 0.2 0.21 0.22 0.23 0.24
0.25 0.26 0.27 0.28 0.29 0.3 0.31 0.32 0.33 0.34
0.35 0.36 0.37 0.38 0.39 0.4 0.41 0.42 0.43 0.44
0.45 0.46 0.47 0.48 0.49 0.5 0.51 0.52 0.53 0.54
0.55 0.56 0.57 0.58
0 4 8 12 16 20 24 28 32 36
40 44 48 52 56 60 64 68 72 76
80 84 88 92 96 100 104 108 112 116
120 124 128 132 136 140 144 148 152 156
160 164 168 172 176 180 184 188 192 196
200 204 208 212 216 220 224 228 232 236
240 244 248 252 256 260 264 268 272 276
280 284 288 292 296 300 304 308 312 316
320 324 328 332 336 340 344 348 352 356
360
-3.714 -3.786 -3.802 -3.822 -3.844 -3.867 -3.893 -3.920 -3.949 -3.979 
-4.000 -4.000 -4.000 -4.000 -4.000 -4.000 -4.000 -4.000 -4.000 -4.000 
-4.000 -4.000 -4.000 -4.000 -4.000 -4.000 -4.000 -4.000 -4.000 -4.000 
-4.000 -4.000 -4.000 -4.000 -4.000 -4.000 -4.000 -4.000 -4.000 -4.000 
-3.997 -3.956 -3.922 -3.896 -3.882 -3.879 -3.884 -3.893 -3.903 -3.909 
-3.910 -3.906 -3.896 -3.881 -3.865 -3.847 -3.830 -3.815 -3.805 -3.799 
-3.798 -3.803 -3.813 -3.826 -3.842 -3.861 -3.880 -3.898 -3.916 -3.933 
-3.947 -3.959 -3.969 -3.975 -3.979 -3.979 -3.975 -3.968 -3.958 -3.944 
-3.927 -3.906 -3.883 -3.858 -3.833 -3.809 -3.788 -3.773 -3.766 -3.766 
-3.716 
-3.430 -3.448 -3.487 -3.529 -3.571 -3.612 -3.651 -3.687 -3.720 -3.749 
-3.774 -3.796 -3.814 -3.829 -3.840 -3.849 -3.854 -3.857 -3.858 -3.856 
-3.853 -3.848 -3.842 -3.835 -3.827 -3.819 -3.810 -3.800 -3.789 -3.777 
-3.764 -3.748 -3.730 -3.708 -3.683 -3.653 -3.619 -3.580 -3.538 -3.494 
-3.451 -3.411 -3.380 -3.360 -3.355 -3.365 -3.389 -3.424 -3.465 -3.509 
-3.552 -3.592 -3.628 -3.659 -3.685 -3.705 -3.721 -3.732 -3.739 -3.742 
-3.742 -3.739 -3.733 -3.723 -3.711 -3.696 -3.679 -3.660 -3.640 -3.620 
-3.601 -3.584 -3.570 -3.560 -3.553 -3.549 -3.546 -3.543 -3.538 -3.531 
-3.518 -3.502 -3.480 -3.456 -3.430 -3.406 -3.387 -3.377 -3.378 -3.391 
-3.418 
-3.306 -3.320 -3.338 -3.355 -3.368 -3.380 -3.389 -3.395 -3.399 -3.401 
-3.401 -3.398 -3.394 -3.388 -3.380 -3.371 -3.361 -3.350 -3.338 -3.326 
-3.314 -3.302 -3.291 -3.281 -3.273 -3.265 -3.260 -3.256 -3.255 -3.255 
-3.257 -3.260 -3.264 -3.269 -3.274 -3.279 -3.284 -3.288 -3.290 -3.291 
-3.291 -3.289 -3.287 -3.285 -3.284 -3.283 -3.283 -3.282 -3.279 -3.274 
-3.267 -3.256 -3.241 -3.223 -3.202 -3.176 -3.147 -3.113 -3.075 -3.033 
-2.986 -2.935 -2.880 -2.824 -2.769 -2.722 -2.689 -2.674 -2.679 -2.699 
-2.727 -2.756 -2.784 -2.812 -2.839 -2.868 -2.899 -2.932 -2.967 -3.002 
-3.037 -3.071 -3.104 -3.135 -3.164 -3.190 -3.214 -3.237 -3.259 -3.280 
-3.300 
-3.176 -3.206 -3.218 -3.227 -3.234 -3.238 -3.240 -3.240 -3.238 -3.234 
-3.227 -3.219 -3.208 -3.196 -3.182 -3.167 -3.151 -3.134 -3.115 -3.097 
-3.078 -3.059 -3.041 -3.024 -3.008 -2.993 -2.979 -2.967 -2.956 -2.947 
-2.938 -2.931 -2.923 -2.916 -2.909 -2.901 -2.893 -2.884 -2.875 -2.864 
-2.853 -2.840 -2.825 -2.809 -2.791 -2.772 -2.750 -2.725 -2.699 -2.669 
-2.636 -2.601 -2.563 -2.523 -2.482 -2.441 -2.402 -2.366 -2.333 -2.303 
-2.273 -2.240 -2.202 -2.159 -2.115 -2.078 -2.057 -2.059 -2.088 -2.141 
-2.211 -2.290 -2.372 -2.452 -2.528 -2.600 -2.667 -2.730 -2.787 -2.841 
-2.890 -2.935 -2.976 -3.014 -3.049 -3.080 -3.108 -3.134 -3.156 -3.175 
-3.169 
-2.931 -2.917 -2.914 -2.908 -2.900 -2.891 -2.879 -2.865 -2.849 -2.831 
-2.812 -2.791 -2.768 -2.744 -2.718 -2.692 -2.665 -2.637 -2.610 -2.582 
-2.555 -2.529 -2.505 -2.482 -2.461 -2.441 -2.424 -2.409 -2.395 -2.382 
-2.370 -2.358 -2.346 -2.334 -2.322 -2.310 -2.298 -2.287 -2.277 -2.269 
-2.261 -2.254 -2.246 -2.238 -2.227 -2.214 -2.198 -2.179 -2.155 -2.128 
-2.097 -2.063 -2.025 -1.987 -1.949 -1.914 -1.886 -1.868 -1.863 -1.872 
-1.896 -1.931 -1.974 -2.021 -2.068 -2.114 -2.159 -2.207 -2.259 -2.315 
-2.373 -2.430 -2.486 -2.537 -2.585 -2.630 -2.670 -2.707 -2.740 -2.770 
-2.797 -2.821 -2.842 -2.861 -2.876 -2.889 -2.900 -2.908 -2.914 -2.917 
-2.933 
-2.777 -2.814 -2.817 -2.819 -2.818 -2.815 -2.810 -2.803 -2.794 -2.783 
-2.771 -2.756 -2.740 -2.722 -2.702 -2.681 -2.658 -2.634 -2.609 -2.583 
-2.555 -2.527 -2.497 -2.466 -2.434 -2.401 -2.366 -2.329 -2.291 -2.251 
-2.210 -2.168 -2.126 -2.084 -2.044 -2.008 -1.976 -1.950 -1.931 -1.919 
-1.912 -1.911 -1.914 -1.920 -1.927 -1.935 -1.941 -1.946 -1.949 -1.950 
-1.948 -1.943 -1.936 -1.925 -1.913 -1.900 -1.885 -1.871 -1.858 -1.846 
-1.836 -1.829 -1.826 -1.833 -1.853 -1.888 -1.936 -1.993 -2.053 -2.115 
-2.176 -2.234 -2.290 -2.343 -2.392 -2.439 -2.482 -2.523 -2.560 -2.595 
-2.627 -2.656 -2.683 -2.707 -2.728 -2.748 -2.764 -2.779 -2.791 -2.801 
-2.775 
-2.485 -2.467 -2.469 -2.470 -2.469 -2.466 -2.460 -2.453 -2.444 -2.434 
-2.422 -2.408 -2.393 -2.377 -2.360 -2.343 -2.324 -2.305 -2.286 -2.267 
-2.248 -2.229 -2.210 -2.192 -2.173 -2.154 -2.135 -2.114 -2.092 -2.068 
-2.042 -2.014 -1.984 -1.955 -1.927 -1.904 -1.887 -1.877 -1.873 -1.875 
-1.879 -1.885 -1.890 -1.893 -1.894 -1.891 -1.885 -1.873 -1.857 -1.835 
-1.807 -1.772 -1.730 -1.680 -1.619 -1.545 -1.454 -1.341 -1.198 -1.027 
-0.898 -0.939 -1.075 -1.181 -1.254 -1.320 -1.390 -1.468 -1.549 -1.632 
-1.712 -1.789 -1.861 -1.928 -1.990 -2.047 -2.099 -2.147 -2.191 -2.231 
-2.267 -2.300 -2.329 -2.356 -2.379 -2.399 -2.417 -2.432 -2.444 -2.454 
-2.483 
-1.903 -2.009 -2.019 -2.028 -2.036 -2.044 -2.051 -2.057 -2.062 -2.066 
-2.069 -2.070 -2.070 -2.067 -2.063 -2.057 -2.049 -2.038 -2.025 -2.009 
-1.990 -1.968 -1.943 -1.914 -1.881 -1.845 -1.804 -1.759 -1.710 -1.658 
-1.603 -1.546 -1.490 -1.437 -1.390 -1.352 -1.324 -1.306 -1.296 -1.292 
-1.292 -1.291 -1.287 -1.280 -1.267 -1.248 -1.224 -1.195 -1.162 -1.127 
-1.092 -1.056 -1.021 -0.984 -0.941 -0.885 -0.804 -0.688 -0.529 -0.353 
-0.247 -0.306 -0.499 -0.725 -0.920 -1.076 -1.201 -1.305 -1.393 -1.468 
-1.532 -1.588 -1.637 -1.679 -1.717 -1.750 -1.779 -1.805 -1.828 -1.849 
-1.868 -1.885 -1.901 -1.915 -1.929 -1.942 -1.954 -1.966 -1.977 -1.988 
-1.902 
-1.313 -1.295 -1.305 -1.314 -1.323 -1.332 -1.340 -1.347 -1.354 -1.359 
-1.363 -1.366 -1.367 -1.366 -1.363 -1.359 -1.352 -1.343 -1.333 -1.321 
-1.307 -1.292 -1.277 -1.262 -1.249 -1.236 -1.225 -1.216 -1.208 -1.200 
-1.192 -1.182 -1.170 -1.156 -1.140 -1.122 -1.101 -1.078 -1.052 -1.024 
-0.992 -0.957 -0.918 -0.876 -0.830 -0.782 -0.732 -0.682 -0.634 -0.589 
-0.550 -0.519 -0.497 -0.486 -0.484 -0.489 -0.494 -0.492 -0.472 -0.420 
-0.336 -0.226 0.028 0.523 0.419 -0.089 -0.399 -0.592 -0.721 -0.814 
-0.885 -0.940 -0.984 -1.021 -1.053 -1.080 -1.103 -1.123 -1.141 -1.158 
-1.172 -1.186 -1.199 -1.210 -1.222 -1.233 -1.244 -1.254 -1.264 -1.275 
-1.308 
-1.341 -1.339 -1.340 -1.339 -1.335 -1.328 -1.320 -1.308 -1.294 -1.278 
-1.259 -1.237 -1.213 -1.187 -1.158 -1.126 -1.093 -1.059 -1.024 -0.988 
-0.953 -0.920 -0.890 -0.863 -0.843 -0.828 -0.820 -0.818 -0.823 -0.833 
-0.847 -0.864 -0.882 -0.901 -0.919 -0.936 -0.951 -0.963 -0.972 -0.977 
-0.979 -0.977 -0.971 -0.960 -0.945 -0.926 -0.903 -0.875 -0.844 -0.810 
-0.773 -0.734 -0.692 -0.645 -0.593 -0.531 -0.455 -0.360 -0.239 -0.083 
0.126 0.423 0.867 1.230 1.185 0.781 0.343 0.046 -0.172 -0.343 
-0.482 -0.599 -0.699 -0.786 -0.861 -0.927 -0.986 -1.037 -1.083 -1.124 
-1.160 -1.192 -1.220 -1.244 -1.265 -1.284 -1.299 -1.312 -1.323 -1.331 
-1.340 
-1.599 -1.612 -1.618 -1.621 -1.622 -1.621 -1.618 -1.614 -1.607 -1.599 
-1.589 -1.578 -1.565 -1.551 -1.535 -1.517 -1.499 -1.479 -1.459 -1.438 
-1.417 -1.397 -1.378 -1.360 -1.346 -1.335 -1.327 -1.323 -1.322 -1.324 
-1.327 -1.331 -1.336 -1.340 -1.344 -1.346 -1.347 -1.347 -1.345 -1.342 
-1.336 -1.329 -1.319 -1.307 -1.291 -1.273 -1.251 -1.225 -1.195 -1.160 
-1.119 -1.073 -1.020 -0.960 -0.890 -0.810 -0.717 -0.608 -0.477 -0.317 
-0.115 0.155 0.539 0.969 1.006 0.645 0.227 -0.083 -0.311 -0.491 
-0.638 -0.762 -0.868 -0.961 -1.043 -1.116 -1.180 -1.238 -1.290 -1.337 
-1.379 -1.417 -1.450 -1.480 -1.507 -1.530 -1.550 -1.568 -1.583 -1.595 
-1.596 
-1.856 -1.892 -1.894 -1.892 -1.887 -1.878 -1.866 -1.850 -1.830 -1.805 
-1.777 -1.745 -1.710 -1.675 -1.642 -1.614 -1.596 -1.588 -1.591 -1.600 
-1.611 -1.620 -1.625 -1.624 -1.618 -1.606 -1.590 -1.571 -1.548 -1.523 
-1.496 -1.470 -1.443 -1.417 -1.393 -1.372 -1.352 -1.335 -1.321 -1.308 
-1.297 -1.288 -1.278 -1.268 -1.257 -1.245 -1.229 -1.211 -1.189 -1.162 
-1.130 -1.092 -1.046 -0.993 -0.929 -0.853 -0.763 -0.654 -0.518 -0.346 
-0.112 0.260 0.867 0.732 0.655 0.262 -0.105 -0.378 -0.588 -0.759 
-0.902 -1.024 -1.131 -1.225 -1.308 -1.383 -1.450 -1.510 -1.564 -1.613 
-1.657 -1.697 -1.732 -1.764 -1.791 -1.816 -1.836 -1.854 -1.868 -1.879 
-1.853 
-1.674 -1.666 -1.649 -1.628 -1.601 -1.570 -1.534 -1.493 -1.447 -1.396 
-1.341 -1.283 -1.225 -1.170 -1.122 -1.087 -1.069 -1.071 -1.092 -1.130 
-1.179 -1.234 -1.291 -1.345 -1.396 -1.442 -1.482 -1.516 -1.544 -1.567 
-1.584 -1.597 -1.605 -1.610 -1.611 -1.610 -1.606 -1.600 -1.592 -1.583 
-1.571 -1.558 -1.542 -1.523 -1.502 -1.476 -1.447 -1.414 -1.376 -1.333 
-1.283 -1.227 -1.163 -1.091 -1.007 -0.910 -0.796 -0.658 -0.486 -0.251 
0.151 0.871 1.300 0.852 0.166 -0.192 -0.435 -0.620 -0.771 -0.897 
-1.006 -1.100 -1.184 -1.257 -1.323 -1.381 -1.433 -1.479 -1.520 -1.556 
-1.588 -1.615 -1.637 -1.656 -1.671 -1.682 -1.690 -1.693 -1.692 -1.688 
-1.681 
-1.545 -1.540 -1.554 -1.566 -1.575 -1.581 -1.585 -1.586 -1.584 -1.578 
-1.569 -1.556 -1.540 -1.522 -1.504 -1.490 -1.482 -1.483 -1.491 -1.506 
-1.523 -1.539 -1.554 -1.565 -1.573 -1.577 -1.578 -1.577 -1.572 -1.566 
-1.557 -1.546 -1.533 -1.519 -1.503 -1.485 -1.465 -1.443 -1.420 -1.395 
-1.368 -1.338 -1.307 -1.273 -1.237 -1.198 -1.156 -1.110 -1.061 -1.008 
-0.950 -0.888 -0.819 -0.744 -0.661 -0.570 -0.468 -0.355 -0.230 -0.091 
0.064 0.287 0.793 0.284 0.150 0.017 -0.120 -0.252 -0.375 -0.487 
-0.588 -0.680 -0.764 -0.841 -0.911 -0.975 -1.035 -1.090 -1.141 -1.189 
-1.233 -1.274 -1.312 -1.347 -1.379 -1.409 -1.437 -1.462 -1.485 -1.506 
-1.537 
-1.680 -1.716 -1.742 -1.766 -1.788 -1.808 -1.825 -1.841 -1.856 -1.868 
-1.879 -1.888 -1.895 -1.901 -1.906 -1.909 -1.911 -1.912 -1.913 -1.912 
-1.910 -1.908 -1.904 -1.900 -1.895 -1.889 -1.882 -1.874 -1.865 -1.855 
-1.843 -1.829 -1.814 -1.797 -1.779 -1.758 -1.736 -1.711 -1.684 -1.654 
-1.622 -1.588 -1.550 -1.510 -1.466 -1.419 -1.368 -1.312 -1.253 -1.188 
-1.118 -1.042 -0.959 -0.867 -0.767 -0.655 -0.529 -0.387 -0.225 -0.039 
0.171 0.374 0.447 0.394 0.264 0.096 -0.071 -0.222 -0.355 -0.473 
-0.579 -0.674 -0.761 -0.841 -0.916 -0.986 -1.052 -1.114 -1.174 -1.230 
-1.284 -1.335 -1.383 -1.429 -1.473 -1.514 -1.553 -1.590 -1.625 -1.657 
-1.669 
-1.740 -1.742 -1.748 -1.752 -1.754 -1.753 -1.752 -1.748 -1.744 -1.738 
-1.732 -1.724 -1.716 -1.707 -1.699 -1.690 -1.682 -1.673 -1.666 -1.658 
-1.652 -1.646 -1.640 -1.635 -1.630 -1.625 -1.620 -1.615 -1.609 -1.602 
-1.594 -1.585 -1.574 -1.561 -1.547 -1.530 -1.512 -1.493 -1.472 -1.450 
-1.427 -1.403 -1.378 -1.353 -1.326 -1.297 -1.265 -1.230 -1.191 -1.148 
-1.098 -1.041 -0.975 -0.899 -0.811 -0.707 -0.583 -0.433 -0.244 -0.001 
0.290 0.511 0.495 0.294 0.063 -0.137 -0.321 -0.486 -0.630 -0.757 
-0.867 -0.965 -1.052 -1.130 -1.201 -1.265 -1.323 -1.376 -1.425 -1.469 
-1.509 -1.546 -1.579 -1.608 -1.635 -1.658 -1.679 -1.697 -1.712 -1.724 
-1.739 
-1.850 -1.860 -1.873 -1.883 -1.892 -1.898 -1.901 -1.903 -1.903 -1.900 
-1.896 -1.890 -1.882 -1.872 -1.861 -1.847 -1.832 -1.816 -1.797 -1.776 
-1.754 -1.729 -1.702 -1.672 -1.640 -1.604 -1.565 -1.522 -1.473 -1.419 
-1.357 -1.285 -1.199 -1.096 -0.973 -0.840 -0.740 -0.729 -0.787 -0.851 
-0.894 -0.916 -0.924 -0.924 -0.918 -0.909 -0.898 -0.885 -0.869 -0.850 
-0.828 -0.801 -0.769 -0.730 -0.683 -0.626 -0.557 -0.473 -0.370 -0.239 
-0.066 0.135 0.214 0.241 0.211 0.102 -0.056 -0.233 -0.405 -0.562 
-0.702 -0.828 -0.940 -1.040 -1.131 -1.213 -1.288 -1.356 -1.418 -1.475 
-1.527 -1.575 -1.618 -1.658 -1.694 -1.726 -1.756 -1.782 -1.806 -1.826 
-1.844 
-2.024 -2.049 -2.058 -2.064 -2.067 -2.068 -2.066 -2.062 -2.055 -2.045 
-2.033 -2.017 -1.999 -1.978 -1.953 -1.925 -1.894 -1.860 -1.821 -1.779 
-1.731 -1.680 -1.622 -1.559 -1.489 -1.411 -1.325 -1.228 -1.120 -0.997 
-0.860 -0.710 -0.555 -0.412 -0.285 -0.166 -0.087 -0.098 -0.193 -0.327 
-0.459 -0.572 -0.663 -0.736 -0.792 -0.833 -0.863 -0.882 -0.890 -0.889 
-0.877 -0.855 -0.821 -0.772 -0.706 -0.616 -0.489 -0.299 -0.021 0.119 
-0.028 0.017 0.188 0.308 0.234 0.015 -0.239 -0.464 -0.655 -0.819 
-0.960 -1.083 -1.192 -1.289 -1.377 -1.455 -1.527 -1.591 -1.650 -1.704 
-1.753 -1.797 -1.838 -1.874 -1.907 -1.936 -1.963 -1.986 -2.006 -2.023 
-2.020 
-1.980 -1.989 -1.990 -1.988 -1.983 -1.976 -1.966 -1.953 -1.937 -1.919 
-1.897 -1.873 -1.845 -1.814 -1.779 -1.741 -1.699 -1.653 -1.602 -1.547 
-1.486 -1.419 -1.346 -1.265 -1.177 -1.079 -0.970 -0.850 -0.716 -0.568 
-0.410 -0.251 -0.117 -0.040 -0.039 -0.093 -0.169 -0.261 -0.368 -0.470 
-0.558 -0.628 -0.684 -0.726 -0.756 -0.774 -0.782 -0.778 -0.764 -0.738 
-0.699 -0.646 -0.575 -0.484 -0.364 -0.205 0.012 0.312 0.607 0.697 
0.456 0.149 0.017 0.008 -0.139 -0.384 -0.607 -0.789 -0.939 -1.066 
-1.176 -1.272 -1.358 -1.434 -1.502 -1.564 -1.620 -1.670 -1.716 -1.757 
-1.795 -1.828 -1.858 -1.884 -1.908 -1.928 -1.945 -1.959 -1.971 -1.980 
-1.979 
-1.781 -1.794 -1.797 -1.797 -1.794 -1.788 -1.779 -1.767 -1.753 -1.735 
-1.715 -1.691 -1.663 -1.633 -1.599 -1.560 -1.518 -1.472 -1.421 -1.365 
-1.303 -1.236 -1.162 -1.082 -0.994 -0.900 -0.798 -0.691 -0.581 -0.471 
-0.366 -0.274 -0.208 -0.185 -0.216 -0.288 -0.379 -0.471 -0.555 -0.630 
-0.695 -0.749 -0.793 -0.828 -0.855 -0.873 -0.884 -0.886 -0.880 -0.867 
-0.844 -0.812 -0.768 -0.712 -0.640 -0.546 -0.418 -0.236 0.028 0.171 
0.081 0.167 0.324 0.393 0.285 0.061 -0.180 -0.391 -0.568 -0.718 
-0.848 -0.961 -1.061 -1.149 -1.228 -1.300 -1.364 -1.422 -1.474 -1.521 
-1.564 -1.602 -1.637 -1.667 -1.694 -1.718 -1.738 -1.755 -1.769 -1.781 
-1.778 
-1.591 -1.579 -1.579 -1.577 -1.572 -1.563 -1.552 -1.538 -1.520 -1.500 
-1.476 -1.449 -1.418 -1.384 -1.346 -1.303 -1.257 -1.206 -1.149 -1.088 
-1.021 -0.949 -0.870 -0.785 -0.695 -0.601 -0.506 -0.416 -0.337 -0.279 
-0.248 -0.247 -0.271 -0.317 -0.378 -0.446 -0.515 -0.580 -0.638 -0.689 
-0.732 -0.768 -0.797 -0.820 -0.836 -0.845 -0.848 -0.845 -0.835 -0.818 
-0.794 -0.763 -0.724 -0.675 -0.617 -0.546 -0.463 -0.363 -0.245 -0.107 
0.047 0.202 0.318 0.341 0.247 0.112 -0.022 -0.189 -0.363 -0.518 
-0.652 -0.767 -0.868 -0.957 -1.037 -1.107 -1.171 -1.228 -1.279 -1.326 
-1.367 -1.404 -1.437 -1.466 -1.491 -1.513 -1.532 -1.548 -1.560 -1.569 
-1.589 
-1.632 -1.642 -1.647 -1.649 -1.648 -1.643 -1.636 -1.626 -1.612 -1.596 
-1.576 -1.553 -1.526 -1.496 -1.462 -1.424 -1.383 -1.337 -1.287 -1.232 
-1.173 -1.109 -1.041 -0.969 -0.895 -0.820 -0.747 -0.681 -0.627 -0.590 
-0.576 -0.585 -0.612 -0.651 -0.694 -0.738 -0.780 -0.820 -0.858 -0.894 
-0.928 -0.958 -0.985 -1.008 -1.026 -1.040 -1.048 -1.051 -1.049 -1.041 
-1.027 -1.007 -0.980 -0.945 -0.903 -0.852 -0.790 -0.716 -0.628 -0.523 
-0.399 -0.261 -0.127 -0.014 0.102 0.214 0.237 0.122 -0.071 -0.271 
-0.448 -0.601 -0.733 -0.848 -0.949 -1.039 -1.118 -1.190 -1.253 -1.310 
-1.362 -1.408 -1.449 -1.485 -1.517 -1.546 -1.570 -1.591 -1.609 -1.623 
-1.629 
-1.678 -1.688 -1.700 -1.710 -1.717 -1.721 -1.723 -1.722 -1.718 -1.711 
-1.702 -1.690 -1.675 -1.657 -1.636 -1.612 -1.585 -1.555 -1.521 -1.484 
-1.444 -1.399 -1.351 -1.300 -1.245 -1.188 -1.130 -1.071 -1.015 -0.961 
-0.911 -0.864 -0.819 -0.776 -0.738 -0.707 -0.686 -0.676 -0.678 -0.690 
-0.710 -0.735 -0.763 -0.791 -0.818 -0.843 -0.863 -0.880 -0.892 -0.899 
-0.901 -0.897 -0.888 -0.873 -0.852 -0.824 -0.789 -0.746 -0.696 -0.637 
-0.568 -0.491 -0.404 -0.308 -0.207 -0.115 -0.085 -0.144 -0.245 -0.358 
-0.476 -0.593 -0.705 -0.809 -0.905 -0.994 -1.075 -1.149 -1.216 -1.278 
-1.335 -1.386 -1.433 -1.476 -1.514 -1.549 -1.580 -1.608 -1.633 -1.654 
-1.672 
-1.744 -1.759 -1.772 -1.781 -1.789 -1.793 -1.795 -1.795 -1.792 -1.787 
-1.779 -1.768 -1.755 -1.740 -1.721 -1.701 -1.677 -1.651 -1.623 -1.592 
-1.558 -1.522 -1.483 -1.441 -1.397 -1.351 -1.303 -1.252 -1.200 -1.145 
-1.089 -1.033 -0.977 -0.923 -0.874 -0.830 -0.796 -0.773 -0.760 -0.758 
-0.765 -0.780 -0.799 -0.820 -0.841 -0.862 -0.880 -0.894 -0.905 -0.911 
-0.912 -0.908 -0.899 -0.884 -0.862 -0.835 -0.800 -0.757 -0.707 -0.647 
-0.578 -0.499 -0.417 -0.350 -0.324 -0.338 -0.371 -0.422 -0.491 -0.576 
-0.668 -0.763 -0.856 -0.945 -1.029 -1.108 -1.181 -1.248 -1.310 -1.368 
-1.421 -1.469 -1.513 -1.554 -1.591 -1.624 -1.654 -1.681 -1.705 -1.726 
-1.738 
-1.791 -1.795 -1.800 -1.803 -1.803 -1.800 -1.795 -1.788 -1.778 -1.765 
-1.750 -1.733 -1.713 -1.691 -1.667 -1.641 -1.612 -1.581 -1.549 -1.515 
-1.480 -1.444 -1.408 -1.372 -1.337 -1.303 -1.272 -1.243 -1.218 -1.196 
-1.177 -1.161 -1.147 -1.136 -1.126 -1.119 -1.114 -1.111 -1.112 -1.116 
-1.122 -1.130 -1.138 -1.145 -1.150 -1.151 -1.150 -1.144 -1.133 -1.118 
-1.096 -1.069 -1.035 -0.994 -0.945 -0.886 -0.817 -0.735 -0.639 -0.527 
-0.397 -0.255 -0.122 -0.039 -0.045 -0.138 -0.276 -0.424 -0.564 -0.694 
-0.812 -0.920 -1.018 -1.107 -1.187 -1.261 -1.327 -1.388 -1.443 -1.493 
-1.538 -1.579 -1.615 -1.648 -1.678 -1.703 -1.726 -1.746 -1.762 -1.776 
-1.788 
-1.908 -1.913 -1.924 -1.932 -1.938 -1.941 -1.941 -1.939 -1.935 -1.928 
-1.918 -1.907 -1.892 -1.876 -1.857 -1.836 -1.812 -1.786 -1.758 -1.727 
-1.695 -1.661 -1.625 -1.588 -1.550 -1.511 -1.471 -1.432 -1.393 -1.355 
-1.319 -1.285 -1.253 -1.224 -1.199 -1.178 -1.162 -1.151 -1.146 -1.146 
-1.151 -1.158 -1.168 -1.177 -1.185 -1.191 -1.194 -1.194 -1.189 -1.181 
-1.168 -1.150 -1.127 -1.097 -1.061 -1.018 -0.967 -0.907 -0.836 -0.755 
-0.662 -0.559 -0.452 -0.366 -0.328 -0.341 -0.389 -0.464 -0.560 -0.669 
-0.784 -0.896 -1.003 -1.102 -1.193 -1.275 -1.351 -1.420 -1.483 -1.540 
-1.592 -1.640 -1.683 -1.722 -1.757 -1.789 -1.818 -1.843 -1.865 -1.884 
-1.902 
-2.102 -2.145 -2.160 -2.173 -2.183 -2.190 -2.195 -2.197 -2.197 -2.194 
-2.189 -2.182 -2.172 -2.159 -2.144 -2.127 -2.107 -2.085 -2.060 -2.032 
-2.002 -1.969 -1.934 -1.895 -1.855 -1.811 -1.764 -1.715 -1.663 -1.608 
-1.550 -1.491 -1.429 -1.368 -1.308 -1.253 -1.205 -1.169 -1.148 -1.142 
-1.151 -1.171 -1.197 -1.227 -1.257 -1.284 -1.308 -1.327 -1.341 -1.350 
-1.353 -1.350 -1.341 -1.325 -1.303 -1.274 -1.237 -1.192 -1.140 -1.078 
-1.009 -0.934 -0.857 -0.785 -0.725 -0.681 -0.656 -0.653 -0.678 -0.739 
-0.832 -0.943 -1.060 -1.174 -1.281 -1.379 -1.469 -1.551 -1.625 -1.693 
-1.754 -1.811 -1.862 -1.908 -1.950 -1.988 -2.023 -2.053 -2.081 -2.105 
-2.096 
-2.012 -2.011 -2.022 -2.030 -2.036 -2.040 -2.042 -2.042 -2.039 -2.034 
-2.028 -2.019 -2.008 -1.996 -1.981 -1.965 -1.947 -1.927 -1.906 -1.883 
-1.859 -1.834 -1.807 -1.780 -1.752 -1.723 -1.694 -1.664 -1.635 -1.606 
-1.578 -1.549 -1.522 -1.495 -1.469 -1.445 -1.423 -1.404 -1.391 -1.383 
-1.379 -1.378 -1.378 -1.377 -1.375 -1.370 -1.362 -1.350 -1.335 -1.316 
-1.292 -1.263 -1.230 -1.190 -1.145 -1.093 -1.034 -0.967 -0.893 -0.813 
-0.728 -0.644 -0.571 -0.519 -0.497 -0.510 -0.554 -0.630 -0.726 -0.833 
-0.943 -1.051 -1.152 -1.246 -1.331 -1.409 -1.480 -1.544 -1.603 -1.657 
-1.706 -1.751 -1.791 -1.828 -1.861 -1.891 -1.918 -1.942 -1.963 -1.982 
-2.007 
-2.068 -2.070 -2.082 -2.090 -2.096 -2.100 -2.101 -2.100 -2.097 -2.091 
-2.083 -2.073 -2.061 -2.046 -2.030 -2.011 -1.990 -1.967 -1.942 -1.916 
-1.887 -1.857 -1.826 -1.794 -1.762 -1.729 -1.698 -1.668 -1.642 -1.619 
-1.599 -1.584 -1.572 -1.563 -1.556 -1.552 -1.550 -1.549 -1.549 -1.550 
-1.551 -1.552 -1.552 -1.550 -1.547 -1.542 -1.535 -1.524 -1.511 -1.493 
-1.472 -1.447 -1.417 -1.381 -1.340 -1.293 -1.238 -1.175 -1.104 -1.023 
-0.932 -0.832 -0.724 -0.614 -0.512 -0.437 -0.416 -0.466 -0.575 -0.713 
-0.856 -0.991 -1.114 -1.224 -1.323 -1.411 -1.491 -1.564 -1.629 -1.688 
-1.742 -1.791 -1.835 -1.875 -1.911 -1.943 -1.972 -1.998 -2.020 -2.040 
-2.062 
-2.330 -2.363 -2.371 -2.376 -2.379 -2.378 -2.375 -2.369 -2.360 -2.347 
-2.332 -2.314 -2.293 -2.269 -2.241 -2.211 -2.177 -2.139 -2.098 -2.054 
-2.007 -1.958 -1.905 -1.852 -1.799 -1.748 -1.702 -1.662 -1.633 -1.615 
-1.608 -1.612 -1.623 -1.640 -1.659 -1.680 -1.703 -1.726 -1.749 -1.772 
-1.795 -1.816 -1.834 -1.850 -1.863 -1.872 -1.877 -1.878 -1.875 -1.867 
-1.855 -1.837 -1.815 -1.787 -1.753 -1.712 -1.664 -1.608 -1.543 -1.467 
-1.380 -1.280 -1.165 -1.038 -0.904 -0.784 -0.711 -0.716 -0.799 -0.933 
-1.084 -1.231 -1.365 -1.486 -1.594 -1.690 -1.776 -1.853 -1.922 -1.984 
-2.040 -2.091 -2.136 -2.177 -2.213 -2.245 -2.273 -2.298 -2.319 -2.337 
-2.327 
-2.427 -2.433 -2.447 -2.458 -2.467 -2.472 -2.474 -2.474 -2.471 -2.465 
-2.456 -2.445 -2.431 -2.413 -2.393 -2.370 -2.344 -2.315 -2.282 -2.246 
-2.207 -2.165 -2.120 -2.071 -2.021 -1.968 -1.915 -1.861 -1.809 -1.758 
-1.708 -1.662 -1.619 -1.581 -1.551 -1.530 -1.520 -1.521 -1.532 -1.551 
-1.575 -1.602 -1.630 -1.657 -1.683 -1.705 -1.724 -1.739 -1.749 -1.755 
-1.755 -1.751 -1.741 -1.725 -1.703 -1.675 -1.639 -1.596 -1.544 -1.483 
-1.412 -1.328 -1.232 -1.123 -1.005 -0.888 -0.797 -0.763 -0.799 -0.895 
-1.026 -1.169 -1.308 -1.436 -1.553 -1.658 -1.752 -1.837 -1.914 -1.984 
-2.046 -2.103 -2.155 -2.202 -2.244 -2.282 -2.316 -2.346 -2.373 -2.396 
-2.420 
-2.472 -2.502 -2.517 -2.528 -2.537 -2.542 -2.545 -2.545 -2.543 -2.538 
-2.530 -2.519 -2.505 -2.489 -2.470 -2.448 -2.422 -2.394 -2.363 -2.328 
-2.291 -2.249 -2.205 -2.156 -2.105 -2.050 -1.991 -1.931 -1.868 -1.804 
-1.742 -1.684 -1.632 -1.590 -1.561 -1.546 -1.545 -1.556 -1.577 -1.604 
-1.635 -1.667 -1.699 -1.728 -1.754 -1.776 -1.794 -1.807 -1.816 -1.819 
-1.818 -1.811 -1.799 -1.780 -1.755 -1.724 -1.685 -1.637 -1.580 -1.513 
-1.434 -1.343 -1.237 -1.119 -0.998 -0.894 -0.836 -0.847 -0.921 -1.032 
-1.151 -1.267 -1.384 -1.499 -1.610 -1.714 -1.809 -1.896 -1.974 -2.045 
-2.109 -2.167 -2.220 -2.267 -2.310 -2.348 -2.383 -2.414 -2.441 -2.464 
-2.467 
-2.367 -2.378 -2.400 -2.418 -2.434 -2.446 -2.456 -2.463 -2.468 -2.469 
-2.469 -2.465 -2.459 -2.451 -2.440 -2.427 -2.411 -2.393 -2.373 -2.350 
-2.325 -2.297 -2.268 -2.236 -2.202 -2.167 -2.130 -2.093 -2.054 -2.016 
-1.978 -1.943 -1.911 -1.883 -1.862 -1.849 -1.842 -1.842 -1.847 -1.856 
-1.867 -1.879 -1.892 -1.905 -1.917 -1.927 -1.936 -1.943 -1.947 -1.948 
-1.947 -1.941 -1.932 -1.919 -1.901 -1.879 -1.852 -1.819 -1.779 -1.733 
-1.679 -1.616 -1.542 -1.459 -1.366 -1.271 -1.191 -1.132 -1.084 -1.041 
-1.018 -1.033 -1.091 -1.183 -1.292 -1.405 -1.515 -1.618 -1.713 -1.800 
-1.878 -1.950 -2.015 -2.073 -2.127 -2.175 -2.219 -2.258 -2.294 -2.326 
-2.357 
-2.380 -2.392 -2.411 -2.426 -2.438 -2.446 -2.452 -2.455 -2.455 -2.452 
-2.446 -2.437 -2.425 -2.410 -2.393 -2.373 -2.350 -2.324 -2.296 -2.266 
-2.235 -2.203 -2.171 -2.140 -2.111 -2.085 -2.061 -2.041 -2.023 -2.007 
-1.994 -1.983 -1.976 -1.972 -1.972 -1.976 -1.983 -1.993 -2.005 -2.019 
-2.033 -2.048 -2.062 -2.075 -2.087 -2.097 -2.105 -2.110 -2.113 -2.112 
-2.108 -2.100 -2.088 -2.073 -2.052 -2.027 -1.996 -1.960 -1.916 -1.864 
-1.803 -1.730 -1.643 -1.542 -1.436 -1.353 -1.314 -1.287 -1.241 -1.186 
-1.143 -1.136 -1.173 -1.246 -1.343 -1.450 -1.556 -1.657 -1.750 -1.836 
-1.913 -1.984 -2.048 -2.105 -2.157 -2.204 -2.246 -2.283 -2.316 -2.345 
-2.371 
-2.442 -2.466 -2.467 -2.465 -2.459 -2.450 -2.438 -2.423 -2.405 -2.384 
-2.359 -2.332 -2.302 -2.269 -2.233 -2.196 -2.156 -2.115 -2.073 -2.031 
-1.990 -1.952 -1.919 -1.893 -1.876 -1.868 -1.871 -1.884 -1.905 -1.931 
-1.960 -1.992 -2.024 -2.054 -2.084 -2.112 -2.138 -2.162 -2.183 -2.202 
-2.218 -2.231 -2.240 -2.247 -2.249 -2.249 -2.244 -2.235 -2.222 -2.204 
-2.181 -2.154 -2.121 -2.081 -2.036 -1.982 -1.920 -1.849 -1.766 -1.670 
-1.559 -1.430 -1.283 -1.126 -0.987 -0.911 -0.929 -1.028 -1.163 -1.293 
-1.403 -1.495 -1.585 -1.677 -1.771 -1.861 -1.945 -2.021 -2.089 -2.149 
-2.203 -2.250 -2.292 -2.328 -2.360 -2.387 -2.409 -2.428 -2.443 -2.454 
-2.442 
-2.308 -2.300 -2.300 -2.296 -2.290 -2.280 -2.268 -2.253 -2.236 -2.216 
-2.194 -2.171 -2.147 -2.122 -2.097 -2.072 -2.050 -2.029 -2.012 -1.999 
-1.989 -1.985 -1.985 -1.989 -1.998 -2.011 -2.029 -2.050 -2.073 -2.097 
-2.121 -2.145 -2.168 -2.189 -2.208 -2.226 -2.242 -2.255 -2.267 -2.276 
-2.283 -2.287 -2.289 -2.289 -2.285 -2.278 -2.268 -2.255 -2.238 -2.217 
-2.193 -2.163 -2.129 -2.090 -2.044 -1.993 -1.934 -1.867 -1.791 -1.705 
-1.606 -1.493 -1.365 -1.225 -1.083 -0.967 -0.913 -0.933 -1.015 -1.126 
-1.236 -1.333 -1.423 -1.515 -1.609 -1.700 -1.786 -1.863 -1.932 -1.993 
-2.047 -2.094 -2.135 -2.171 -2.202 -2.228 -2.249 -2.267 -2.281 -2.290 
-2.308 
-2.337 -2.350 -2.370 -2.386 -2.399 -2.409 -2.416 -2.420 -2.421 -2.420 
-2.416 -2.409 -2.401 -2.390 -2.378 -2.365 -2.351 -2.336 -2.321 -2.306 
-2.292 -2.278 -2.265 -2.251 -2.238 -2.224 -2.210 -2.195 -2.180 -2.166 
-2.152 -2.140 -2.130 -2.121 -2.116 -2.113 -2.113 -2.116 -2.121 -2.127 
-2.134 -2.142 -2.150 -2.157 -2.163 -2.168 -2.170 -2.171 -2.170 -2.165 
-2.158 -2.148 -2.135 -2.117 -2.096 -2.070 -2.040 -2.004 -1.962 -1.914 
-1.858 -1.792 -1.717 -1.630 -1.533 -1.432 -1.347 -1.289 -1.245 -1.194 
-1.141 -1.105 -1.104 -1.145 -1.225 -1.331 -1.445 -1.555 -1.658 -1.752 
-1.837 -1.913 -1.982 -2.044 -2.099 -2.149 -2.194 -2.233 -2.269 -2.300 
-2.327 
-2.459 -2.498 -2.524 -2.546 -2.565 -2.581 -2.594 -2.603 -2.610 -2.614 
-2.615 -2.614 -2.610 -2.603 -2.594 -2.582 -2.567 -2.550 -2.531 -2.509 
-2.485 -2.459 -2.430 -2.399 -2.367 -2.333 -2.298 -2.263 -2.227 -2.193 
-2.160 -2.131 -2.106 -2.086 -2.072 -2.066 -2.066 -2.072 -2.083 -2.099 
-2.117 -2.136 -2.157 -2.176 -2.195 -2.212 -2.227 -2.239 -2.249 -2.256 
-2.259 -2.260 -2.256 -2.250 -2.239 -2.225 -2.206 -2.183 -2.155 -2.122 
-2.084 -2.041 -1.991 -1.934 -1.871 -1.799 -1.720 -1.632 -1.536 -1.433 
-1.328 -1.228 -1.155 -1.132 -1.177 -1.279 -1.409 -1.544 -1.671 -1.785 
-1.887 -1.978 -2.060 -2.132 -2.198 -2.256 -2.309 -2.356 -2.398 -2.436 
-2.450 
-2.464 -2.465 -2.485 -2.502 -2.516 -2.527 -2.536 -2.542 -2.546 -2.547 
-2.545 -2.541 -2.535 -2.526 -2.514 -2.500 -2.484 -2.465 -2.444 -2.421 
-2.395 -2.368 -2.339 -2.310 -2.280 -2.252 -2.226 -2.203 -2.183 -2.166 
-2.151 -2.139 -2.128 -2.118 -2.112 -2.107 -2.106 -2.106 -2.109 -2.114 
-2.120 -2.127 -2.134 -2.141 -2.147 -2.152 -2.156 -2.158 -2.158 -2.155 
-2.151 -2.143 -2.132 -2.118 -2.101 -2.080 -2.056 -2.027 -1.994 -1.956 
-1.914 -1.866 -1.814 -1.757 -1.695 -1.632 -1.570 -1.515 -1.471 -1.441 
-1.423 -1.417 -1.422 -1.447 -1.505 -1.588 -1.680 -1.770 -1.854 -1.932 
-2.003 -2.068 -2.127 -2.181 -2.230 -2.275 -2.316 -2.353 -2.386 -2.415 
-2.455 
-2.599 -2.648 -2.654 -2.658 -2.659 -2.657 -2.653 -2.646 -2.637 -2.626 
-2.613 -2.597 -2.578 -2.557 -2.533 -2.506 -2.476 -2.442 -2.404 -2.363 
-2.320 -2.274 -2.227 -2.183 -2.142 -2.110 -2.088 -2.078 -2.082 -2.098 
-2.124 -2.155 -2.190 -2.226 -2.261 -2.293 -2.324 -2.351 -2.376 -2.397 
-2.416 -2.432 -2.445 -2.455 -2.462 -2.466 -2.468 -2.465 -2.460 -2.451 
-2.438 -2.422 -2.402 -2.377 -2.348 -2.314 -2.275 -2.231 -2.181 -2.125 
-2.062 -1.992 -1.916 -1.833 -1.747 -1.663 -1.593 -1.551 -1.547 -1.581 
-1.643 -1.719 -1.800 -1.883 -1.964 -2.042 -2.115 -2.183 -2.246 -2.303 
-2.355 -2.402 -2.445 -2.483 -2.516 -2.545 -2.571 -2.593 -2.612 -2.627 
-2.598 
-2.430 -2.405 -2.403 -2.400 -2.395 -2.388 -2.381 -2.372 -2.363 -2.353 
-2.342 -2.331 -2.321 -2.313 -2.307 -2.307 -2.313 -2.324 -2.338 -2.354 
-2.369 -2.382 -2.393 -2.401 -2.408 -2.414 -2.422 -2.433 -2.448 -2.467 
-2.489 -2.512 -2.535 -2.556 -2.576 -2.592 -2.607 -2.618 -2.626 -2.632 
-2.634 -2.634 -2.631 -2.625 -2.616 -2.604 -2.590 -2.573 -2.552 -2.529 
-2.503 -2.474 -2.441 -2.405 -2.366 -2.324 -2.279 -2.230 -2.178 -2.122 
-2.064 -2.002 -1.937 -1.866 -1.789 -1.713 -1.667 -1.675 -1.719 -1.773 
-1.831 -1.888 -1.943 -1.995 -2.045 -2.091 -2.134 -2.173 -2.209 -2.242 
-2.271 -2.297 -2.320 -2.340 -2.357 -2.371 -2.383 -2.392 -2.398 -2.403 
-2.429 
-2.578 -2.582 -2.566 -2.546 -2.521 -2.492 -2.459 -2.421 -2.379 -2.334 
-2.286 -2.238 -2.192 -2.154 -2.127 -2.117 -2.124 -2.150 -2.189 -2.238 
-2.292 -2.346 -2.398 -2.447 -2.493 -2.537 -2.577 -2.615 -2.651 -2.684 
-2.715 -2.744 -2.770 -2.794 -2.815 -2.833 -2.848 -2.861 -2.870 -2.877 
-2.881 -2.881 -2.879 -2.873 -2.865 -2.853 -2.838 -2.819 -2.797 -2.771 
-2.741 -2.707 -2.668 -2.625 -2.576 -2.521 -2.460 -2.391 -2.314 -2.226 
-2.125 -2.009 -1.874 -1.721 -1.557 -1.416 -1.351 -1.392 -1.508 -1.647 
-1.778 -1.896 -1.999 -2.091 -2.172 -2.244 -2.306 -2.361 -2.410 -2.451 
-2.488 -2.518 -2.544 -2.565 -2.582 -2.594 -2.602 -2.606 -2.606 -2.602 
-2.583 
-2.706 -2.707 -2.706 -2.701 -2.692 -2.680 -2.663 -2.643 -2.619 -2.592 
-2.561 -2.527 -2.492 -2.457 -2.424 -2.396 -2.372 -2.352 -2.335 -2.322 
-2.312 -2.308 -2.310 -2.319 -2.332 -2.350 -2.372 -2.397 -2.424 -2.453 
-2.484 -2.514 -2.545 -2.575 -2.603 -2.630 -2.654 -2.676 -2.696 -2.713 
-2.727 -2.739 -2.747 -2.752 -2.755 -2.754 -2.750 -2.742 -2.731 -2.717 
-2.698 -2.676 -2.650 -2.620 -2.585 -2.545 -2.499 -2.448 -2.390 -2.325 
-2.252 -2.169 -2.076 -1.972 -1.857 -1.743 -1.659 -1.624 -1.615 -1.617 
-1.641 -1.708 -1.807 -1.913 -2.014 -2.107 -2.191 -2.266 -2.334 -2.394 
-2.448 -2.495 -2.537 -2.573 -2.605 -2.632 -2.654 -2.673 -2.687 -2.697 
-2.703 
-2.772 -2.778 -2.778 -2.774 -2.765 -2.752 -2.735 -2.713 -2.687 -2.656 
-2.620 -2.580 -2.535 -2.486 -2.432 -2.375 -2.317 -2.260 -2.210 -2.170 
-2.147 -2.143 -2.159 -2.191 -2.235 -2.286 -2.340 -2.395 -2.450 -2.504 
-2.557 -2.607 -2.654 -2.698 -2.739 -2.776 -2.809 -2.839 -2.866 -2.889 
-2.908 -2.924 -2.937 -2.946 -2.952 -2.954 -2.953 -2.949 -2.941 -2.930 
-2.915 -2.896 -2.873 -2.846 -2.814 -2.778 -2.737 -2.690 -2.638 -2.579 
-2.512 -2.437 -2.353 -2.259 -2.153 -2.033 -1.898 -1.749 -1.592 -1.451 
-1.372 -1.402 -1.531 -1.696 -1.855 -1.996 -2.118 -2.223 -2.314 -2.392 
-2.461 -2.520 -2.572 -2.616 -2.655 -2.687 -2.714 -2.736 -2.754 -2.766 
-2.771 
-2.797 -2.808 -2.817 -2.822 -2.823 -2.821 -2.814 -2.804 -2.789 -2.771 
-2.749 -2.723 -2.692 -2.658 -2.620 -2.578 -2.533 -2.486 -2.439 -2.394 
-2.353 -2.319 -2.292 -2.273 -2.262 -2.261 -2.269 -2.287 -2.315 -2.348 
-2.386 -2.427 -2.468 -2.509 -2.548 -2.586 -2.622 -2.655 -2.686 -2.715 
-2.741 -2.763 -2.783 -2.800 -2.813 -2.823 -2.830 -2.833 -2.832 -2.828 
-2.821 -2.809 -2.793 -2.774 -2.750 -2.721 -2.687 -2.648 -2.603 -2.551 
-2.492 -2.425 -2.348 -2.260 -2.158 -2.039 -1.901 -1.739 -1.556 -1.371 
-1.243 -1.237 -1.354 -1.529 -1.705 -1.861 -1.996 -2.114 -2.218 -2.308 
-2.388 -2.458 -2.520 -2.574 -2.622 -2.663 -2.700 -2.730 -2.757 -2.778 
-2.792 
-2.793 -2.812 -2.831 -2.846 -2.858 -2.866 -2.871 -2.873 -2.871 -2.867 
-2.859 -2.849 -2.835 -2.818 -2.798 -2.776 -2.750 -2.722 -2.692 -2.660 
-2.627 -2.593 -2.560 -2.529 -2.502 -2.478 -2.459 -2.444 -2.434 -2.427 
-2.424 -2.424 -2.428 -2.436 -2.448 -2.464 -2.483 -2.504 -2.527 -2.550 
-2.573 -2.596 -2.617 -2.637 -2.654 -2.669 -2.682 -2.691 -2.698 -2.701 
-2.701 -2.697 -2.690 -2.679 -2.665 -2.646 -2.623 -2.596 -2.564 -2.526 
-2.483 -2.434 -2.378 -2.315 -2.244 -2.164 -2.074 -1.974 -1.863 -1.746 
-1.645 -1.612 -1.649 -1.710 -1.782 -1.866 -1.958 -2.052 -2.144 -2.231 
-2.311 -2.385 -2.452 -2.512 -2.567 -2.616 -2.660 -2.699 -2.733 -2.764 
-2.783 
-2.748 -2.757 -2.764 -2.767 -2.767 -2.763 -2.756 -2.744 -2.729 -2.711 
-2.689 -2.663 -2.635 -2.604 -2.571 -2.539 -2.508 -2.481 -2.457 -2.438 
-2.422 -2.408 -2.395 -2.385 -2.377 -2.375 -2.377 -2.385 -2.398 -2.416 
-2.438 -2.463 -2.490 -2.517 -2.546 -2.574 -2.601 -2.628 -2.653 -2.676 
-2.697 -2.716 -2.732 -2.745 -2.756 -2.763 -2.767 -2.768 -2.765 -2.760 
-2.750 -2.737 -2.721 -2.700 -2.675 -2.645 -2.611 -2.572 -2.528 -2.478 
-2.422 -2.358 -2.288 -2.209 -2.123 -2.030 -1.932 -1.836 -1.753 -1.695 
-1.672 -1.687 -1.736 -1.808 -1.894 -1.987 -2.078 -2.166 -2.247 -2.321 
-2.388 -2.448 -2.502 -2.550 -2.592 -2.629 -2.661 -2.689 -2.712 -2.731 
-2.743 
-2.650 -2.659 -2.652 -2.642 -2.628 -2.611 -2.590 -2.565 -2.535 -2.502 
-2.465 -2.424 -2.380 -2.336 -2.293 -2.256 -2.228 -2.213 -2.214 -2.231 
-2.262 -2.304 -2.352 -2.402 -2.452 -2.500 -2.547 -2.591 -2.634 -2.674 
-2.712 -2.748 -2.782 -2.813 -2.841 -2.866 -2.889 -2.908 -2.924 -2.937 
-2.946 -2.953 -2.956 -2.956 -2.953 -2.946 -2.937 -2.924 -2.908 -2.888 
-2.865 -2.839 -2.809 -2.775 -2.737 -2.695 -2.649 -2.599 -2.544 -2.483 
-2.417 -2.344 -2.263 -2.174 -2.076 -1.972 -1.867 -1.775 -1.714 -1.699 
-1.732 -1.802 -1.893 -1.989 -2.084 -2.171 -2.249 -2.319 -2.380 -2.434 
-2.480 -2.520 -2.554 -2.583 -2.607 -2.626 -2.641 -2.652 -2.659 -2.662 
-2.652 
-2.510 -2.494 -2.496 -2.498 -2.501 -2.504 -2.507 -2.511 -2.515 -2.519 
-2.523 -2.526 -2.528 -2.530 -2.532 -2.534 -2.539 -2.548 -2.564 -2.586 
-2.613 -2.645 -2.678 -2.711 -2.742 -2.772 -2.799 -2.823 -2.845 -2.864 
-2.880 -2.893 -2.904 -2.913 -2.919 -2.922 -2.924 -2.922 -2.919 -2.913 
-2.905 -2.895 -2.882 -2.867 -2.849 -2.829 -2.807 -2.782 -2.755 -2.726 
-2.694 -2.660 -2.624 -2.585 -2.545 -2.503 -2.460 -2.417 -2.373 -2.329 
-2.287 -2.246 -2.207 -2.170 -2.134 -2.098 -2.064 -2.033 -2.016 -2.021 
-2.050 -2.095 -2.144 -2.192 -2.236 -2.275 -2.310 -2.340 -2.367 -2.390 
-2.410 -2.427 -2.442 -2.454 -2.464 -2.472 -2.478 -2.483 -2.487 -2.490 
-2.509 
-2.645 -2.650 -2.647 -2.642 -2.636 -2.628 -2.618 -2.608 -2.598 -2.587 
-2.577 -2.569 -2.563 -2.559 -2.559 -2.562 -2.570 -2.582 -2.598 -2.618 
-2.640 -2.665 -2.691 -2.718 -2.746 -2.775 -2.802 -2.829 -2.855 -2.880 
-2.903 -2.925 -2.945 -2.962 -2.978 -2.991 -3.002 -3.010 -3.016 -3.020 
-3.021 -3.020 -3.016 -3.009 -3.000 -2.988 -2.973 -2.955 -2.935 -2.911 
-2.885 -2.855 -2.822 -2.786 -2.747 -2.704 -2.657 -2.607 -2.553 -2.496 
-2.434 -2.369 -2.300 -2.228 -2.155 -2.084 -2.019 -1.970 -1.941 -1.939 
-1.963 -2.007 -2.064 -2.128 -2.192 -2.254 -2.312 -2.365 -2.413 -2.455 
-2.493 -2.526 -2.554 -2.578 -2.599 -2.615 -2.628 -2.638 -2.645 -2.649 
-2.645 
-2.814 -2.827 -2.830 -2.830 -2.828 -2.823 -2.816 -2.807 -2.796 -2.783 
-2.769 -2.754 -2.739 -2.724 -2.710 -2.696 -2.684 -2.673 -2.665 -2.659 
-2.655 -2.654 -2.657 -2.662 -2.669 -2.679 -2.691 -2.705 -2.720 -2.735 
-2.751 -2.767 -2.783 -2.800 -2.815 -2.831 -2.846 -2.860 -2.872 -2.884 
-2.893 -2.901 -2.907 -2.910 -2.911 -2.909 -2.905 -2.898 -2.888 -2.875 
-2.858 -2.839 -2.816 -2.789 -2.759 -2.725 -2.686 -2.644 -2.598 -2.547 
-2.492 -2.433 -2.371 -2.306 -2.242 -2.179 -2.123 -2.078 -2.048 -2.036 
-2.042 -2.064 -2.101 -2.150 -2.209 -2.272 -2.337 -2.399 -2.458 -2.512 
-2.562 -2.606 -2.646 -2.682 -2.713 -2.740 -2.763 -2.783 -2.799 -2.811 
-2.812 
-2.879 -2.892 -2.910 -2.925 -2.937 -2.945 -2.951 -2.954 -2.954 -2.952 
-2.947 -2.940 -2.930 -2.918 -2.904 -2.888 -2.870 -2.851 -2.831 -2.809 
-2.786 -2.763 -2.739 -2.715 -2.691 -2.668 -2.646 -2.625 -2.608 -2.595 
-2.586 -2.582 -2.582 -2.586 -2.594 -2.605 -2.619 -2.634 -2.651 -2.668 
-2.685 -2.701 -2.716 -2.730 -2.742 -2.752 -2.760 -2.765 -2.768 -2.767 
-2.764 -2.758 -2.748 -2.735 -2.718 -2.698 -2.673 -2.645 -2.612 -2.575 
-2.532 -2.485 -2.432 -2.375 -2.312 -2.245 -2.174 -2.101 -2.028 -1.959 
-1.901 -1.863 -1.853 -1.878 -1.933 -2.008 -2.093 -2.180 -2.265 -2.345 
-2.419 -2.488 -2.550 -2.607 -2.658 -2.705 -2.746 -2.783 -2.816 -2.845 
-2.870 
-2.977 -2.995 -3.013 -3.028 -3.040 -3.048 -3.053 -3.055 -3.053 -3.049 
-3.041 -3.030 -3.017 -3.000 -2.980 -2.957 -2.931 -2.902 -2.870 -2.836 
-2.799 -2.760 -2.720 -2.679 -2.638 -2.600 -2.565 -2.535 -2.514 -2.501 
-2.498 -2.504 -2.520 -2.542 -2.569 -2.600 -2.632 -2.665 -2.697 -2.728 
-2.757 -2.784 -2.808 -2.830 -2.848 -2.863 -2.876 -2.885 -2.891 -2.893 
-2.892 -2.888 -2.879 -2.867 -2.852 -2.832 -2.807 -2.779 -2.745 -2.706 
-2.662 -2.611 -2.555 -2.491 -2.420 -2.342 -2.256 -2.165 -2.071 -1.978 
-1.895 -1.832 -1.807 -1.829 -1.896 -1.992 -2.099 -2.207 -2.308 -2.402 
-2.486 -2.563 -2.632 -2.694 -2.749 -2.799 -2.843 -2.882 -2.916 -2.947 
-2.969 
-2.885 -2.950 -2.968 -2.985 -3.002 -3.017 -3.031 -3.043 -3.054 -3.061 
-3.067 -3.070 -3.070 -3.067 -3.062 -3.053 -3.042 -3.029 -3.012 -2.994 
-2.973 -2.950 -2.926 -2.901 -2.875 -2.850 -2.826 -2.805 -2.787 -2.773 
-2.764 -2.760 -2.760 -2.764 -2.771 -2.779 -2.789 -2.800 -2.810 -2.820 
-2.828 -2.836 -2.841 -2.845 -2.847 -2.846 -2.843 -2.838 -2.830 -2.821 
-2.809 -2.795 -2.779 -2.761 -2.741 -2.719 -2.693 -2.664 -2.631 -2.593 
-2.549 -2.500 -2.443 -2.379 -2.308 -2.232 -2.155 -2.082 -2.023 -1.986 
-1.979 -1.999 -2.044 -2.110 -2.193 -2.284 -2.372 -2.454 -2.527 -2.591 
-2.647 -2.695 -2.736 -2.772 -2.802 -2.829 -2.853 -2.874 -2.894 -2.913 
-2.881 
-2.542 -2.524 -2.544 -2.567 -2.592 -2.618 -2.646 -2.675 -2.703 -2.731 
-2.758 -2.785 -2.809 -2.833 -2.854 -2.874 -2.891 -2.907 -2.921 -2.932 
-2.941 -2.949 -2.954 -2.957 -2.959 -2.958 -2.956 -2.953 -2.948 -2.942 
-2.935 -2.927 -2.919 -2.909 -2.898 -2.887 -2.874 -2.860 -2.844 -2.828 
-2.810 -2.790 -2.770 -2.748 -2.725 -2.702 -2.678 -2.654 -2.631 -2.608 
-2.587 -2.568 -2.550 -2.535 -2.523 -2.513 -2.505 -2.500 -2.495 -2.492 
-2.489 -2.485 -2.479 -2.471 -2.459 -2.443 -2.423 -2.401 -2.381 -2.368 
-2.368 -2.380 -2.398 -2.416 -2.433 -2.446 -2.456 -2.463 -2.468 -2.472 
-2.473 -2.473 -2.472 -2.471 -2.470 -2.470 -2.472 -2.476 -2.483 -2.493 
-2.536 
-2.719 -2.767 -2.792 -2.818 -2.843 -2.868 -2.892 -2.916 -2.938 -2.960 
-2.980 -2.999 -3.017 -3.033 -3.047 -3.059 -3.070 -3.079 -3.087 -3.093 
-3.097 -3.100 -3.101 -3.101 -3.099 -3.097 -3.093 -3.088 -3.082 -3.075 
-3.068 -3.059 -3.050 -3.040 -3.030 -3.019 -3.008 -2.997 -2.985 -2.972 
-2.959 -2.946 -2.932 -2.918 -2.904 -2.889 -2.873 -2.857 -2.841 -2.824 
-2.806 -2.788 -2.770 -2.751 -2.731 -2.711 -2.690 -2.667 -2.642 -2.617 
-2.589 -2.561 -2.534 -2.507 -2.482 -2.459 -2.438 -2.418 -2.399 -2.380 
-2.362 -2.346 -2.333 -2.326 -2.324 -2.330 -2.343 -2.362 -2.386 -2.415 
-2.447 -2.480 -2.513 -2.546 -2.577 -2.607 -2.636 -2.664 -2.690 -2.716 
-2.711 
-2.770 -2.773 -2.792 -2.812 -2.835 -2.859 -2.885 -2.912 -2.941 -2.970 
-3.000 -3.029 -3.058 -3.086 -3.114 -3.140 -3.165 -3.188 -3.210 -3.230 
-3.248 -3.264 -3.279 -3.291 -3.302 -3.311 -3.318 -3.323 -3.326 -3.328 
-3.328 -3.326 -3.322 -3.317 -3.310 -3.302 -3.292 -3.280 -3.267 -3.252 
-3.235 -3.217 -3.196 -3.174 -3.150 -3.124 -3.095 -3.064 -3.031 -2.995 
-2.957 -2.915 -2.871 -2.824 -2.774 -2.721 -2.665 -2.608 -2.549 -2.491 
-2.434 -2.382 -2.337 -2.302 -2.279 -2.269 -2.270 -2.280 -2.297 -2.318 
-2.340 -2.363 -2.386 -2.409 -2.432 -2.456 -2.480 -2.505 -2.530 -2.555 
-2.579 -2.602 -2.623 -2.643 -2.661 -2.678 -2.694 -2.709 -2.724 -2.739 
-2.766 
-2.897 -2.936 -2.968 -3.000 -3.030 -3.060 -3.090 -3.118 -3.146 -3.173 
-3.199 -3.223 -3.247 -3.269 -3.289 -3.308 -3.325 -3.340 -3.354 -3.366 
-3.376 -3.384 -3.391 -3.396 -3.399 -3.400 -3.400 -3.398 -3.394 -3.388 
-3.380 -3.371 -3.360 -3.347 -3.333 -3.317 -3.299 -3.279 -3.258 -3.235 
-3.210 -3.183 -3.155 -3.126 -3.094 -3.061 -3.027 -2.991 -2.954 -2.916 
-2.876 -2.835 -2.793 -2.751 -2.708 -2.664 -2.619 -2.575 -2.531 -2.488 
-2.446 -2.406 -2.370 -2.339 -2.314 -2.294 -2.279 -2.270 -2.265 -2.263 
-2.266 -2.272 -2.283 -2.298 -2.318 -2.343 -2.372 -2.404 -2.440 -2.479 
-2.519 -2.560 -2.601 -2.642 -2.683 -2.722 -2.761 -2.798 -2.834 -2.869 
-2.885 
-2.896 -2.918 -2.939 -2.959 -2.978 -2.998 -3.017 -3.037 -3.056 -3.077 
-3.098 -3.119 -3.142 -3.165 -3.188 -3.212 -3.236 -3.259 -3.281 -3.302 
-3.322 -3.340 -3.357 -3.371 -3.384 -3.396 -3.405 -3.412 -3.417 -3.421 
-3.422 -3.421 -3.418 -3.413 -3.406 -3.397 -3.386 -3.373 -3.357 -3.340 
-3.320 -3.298 -3.274 -3.247 -3.219 -3.188 -3.154 -3.118 -3.080 -3.039 
-2.995 -2.949 -2.901 -2.850 -2.797 -2.741 -2.685 -2.627 -2.569 -2.513 
-2.459 -2.411 -2.371 -2.339 -2.319 -2.310 -2.312 -2.322 -2.340 -2.363 
-2.389 -2.416 -2.445 -2.474 -2.503 -2.532 -2.560 -2.589 -2.617 -2.644 
-2.670 -2.696 -2.721 -2.745 -2.768 -2.791 -2.813 -2.834 -2.856 -2.877 
-2.888 
-2.822 -2.807 -2.801 -2.794 -2.788 -2.782 -2.777 -2.775 -2.775 -2.780 
-2.787 -2.799 -2.816 -2.835 -2.858 -2.884 -2.911 -2.940 -2.969 -2.997 
-3.026 -3.053 -3.078 -3.103 -3.125 -3.145 -3.164 -3.180 -3.194 -3.207 
-3.217 -3.226 -3.232 -3.237 -3.240 -3.242 -3.241 -3.239 -3.235 -3.229 
-3.221 -3.212 -3.200 -3.186 -3.169 -3.151 -3.129 -3.106 -3.079 -3.050 
-3.018 -2.982 -2.944 -2.903 -2.859 -2.812 -2.763 -2.712 -2.660 -2.608 
-2.557 -2.510 -2.468 -2.433 -2.408 -2.392 -2.386 -2.388 -2.396 -2.410 
-2.427 -2.449 -2.475 -2.505 -2.538 -2.573 -2.608 -2.642 -2.674 -2.703 
-2.728 -2.750 -2.769 -2.784 -2.796 -2.805 -2.811 -2.815 -2.816 -2.815 
-2.826 
-2.900 -2.935 -2.953 -2.969 -2.983 -2.995 -3.006 -3.016 -3.025 -3.034 
-3.043 -3.052 -3.061 -3.070 -3.079 -3.087 -3.094 -3.100 -3.105 -3.108 
-3.111 -3.112 -3.111 -3.110 -3.108 -3.105 -3.101 -3.096 -3.092 -3.087 
-3.081 -3.076 -3.071 -3.066 -3.061 -3.056 -3.051 -3.046 -3.041 -3.036 
-3.031 -3.025 -3.018 -3.010 -3.002 -2.992 -2.981 -2.968 -2.954 -2.938 
-2.920 -2.900 -2.877 -2.852 -2.825 -2.795 -2.762 -2.726 -2.687 -2.647 
-2.603 -2.558 -2.512 -2.465 -2.417 -2.371 -2.325 -2.282 -2.244 -2.211 
-2.189 -2.179 -2.183 -2.202 -2.235 -2.278 -2.329 -2.383 -2.439 -2.494 
-2.547 -2.597 -2.645 -2.690 -2.731 -2.769 -2.804 -2.836 -2.865 -2.891 
-2.892 
-2.830 -2.844 -2.876 -2.908 -2.938 -2.967 -2.996 -3.023 -3.048 -3.073 
-3.096 -3.118 -3.139 -3.159 -3.177 -3.193 -3.208 -3.222 -3.235 -3.246 
-3.255 -3.263 -3.270 -3.276 -3.280 -3.283 -3.285 -3.285 -3.284 -3.282 
-3.279 -3.275 -3.270 -3.263 -3.256 -3.247 -3.237 -3.226 -3.214 -3.200 
-3.185 -3.169 -3.151 -3.131 -3.109 -3.086 -3.061 -3.035 -3.006 -2.976 
-2.943 -2.909 -2.873 -2.835 -2.795 -2.753 -2.710 -2.665 -2.619 -2.571 
-2.522 -2.473 -2.425 -2.377 -2.332 -2.290 -2.253 -2.223 -2.199 -2.184 
-2.177 -2.178 -2.189 -2.206 -2.230 -2.259 -2.291 -2.325 -2.361 -2.397 
-2.435 -2.474 -2.512 -2.551 -2.590 -2.629 -2.667 -2.704 -2.740 -2.776 
-2.818 
-2.884 -2.931 -2.973 -3.013 -3.052 -3.088 -3.122 -3.154 -3.185 -3.213 
-3.240 -3.265 -3.288 -3.309 -3.328 -3.346 -3.362 -3.376 -3.389 -3.400 
-3.409 -3.417 -3.423 -3.428 -3.431 -3.432 -3.432 -3.430 -3.427 -3.422 
-3.415 -3.407 -3.398 -3.386 -3.373 -3.359 -3.342 -3.325 -3.305 -3.284 
-3.262 -3.238 -3.213 -3.186 -3.158 -3.129 -3.098 -3.067 -3.035 -3.002 
-2.969 -2.935 -2.901 -2.867 -2.834 -2.801 -2.768 -2.736 -2.704 -2.673 
-2.643 -2.613 -2.584 -2.555 -2.527 -2.500 -2.476 -2.453 -2.432 -2.414 
-2.399 -2.386 -2.376 -2.369 -2.364 -2.362 -2.365 -2.372 -2.386 -2.406 
-2.433 -2.467 -2.506 -2.550 -2.597 -2.645 -2.695 -2.744 -2.793 -2.841 
-2.868 
-2.851 -2.866 -2.894 -2.922 -2.948 -2.972 -2.996 -3.018 -3.039 -3.059 
-3.078 -3.096 -3.112 -3.127 -3.142 -3.155 -3.167 -3.177 -3.187 -3.196 
-3.203 -3.210 -3.215 -3.219 -3.222 -3.224 -3.225 -3.225 -3.223 -3.221 
-3.217 -3.213 -3.207 -3.200 -3.191 -3.182 -3.171 -3.159 -3.146 -3.132 
-3.117 -3.100 -3.082 -3.063 -3.043 -3.022 -2.999 -2.976 -2.951 -2.925 
-2.898 -2.870 -2.841 -2.812 -2.782 -2.751 -2.719 -2.688 -2.656 -2.624 
-2.592 -2.561 -2.531 -2.501 -2.474 -2.448 -2.425 -2.405 -2.388 -2.375 
-2.367 -2.363 -2.364 -2.368 -2.377 -2.390 -2.406 -2.426 -2.448 -2.474 
-2.503 -2.534 -2.567 -2.602 -2.637 -2.671 -2.706 -2.740 -2.773 -2.805 
-2.837 
