IRGRID 64 91
1e+308

0.025 0.03 0.035 0.04 0.045 0.05 0.055 0.06 0.065 0.07
0.075 0.08 0.085 0.09 0.095 0.1 0.11 0.12 0.13 0.14
0.15 0.16 0.17 0.18 0.19 0.2 0.21 0.22 0.23 0.24
0.25 0.26 0.27 0.28 0.29 0.3 0.31 0.32 0.33 0.34
0.35 0.36 0.37 0.38 0.39 0.4 0.41 0.42 0.43 0.44
0.45 0.46 0.47 0.48 0.49 0.5 0.51 0.52 0.53 0.54
0.55 0.56 0.57 0.58
0 4 8 12 16 20 24 28 32 36
40 44 48 52 56 60 64 68 72 76
80 84 88 92 96 100 104 108 112 116
120 124 128 132 136 140 144 148 152 156
160 164 168 172 176 180 184 188 192 196
200 204 208 212 216 220 224 228 232 236
240 244 248 252 256 260 264 268 272 276
280 284 288 292 296 300 304 308 312 316
320 324 328 332 336 340 344 348 352 356
360
-3.405 -3.433 -3.440 -3.446 -3.452 -3.460 -3.471 -3.486 -3.506 -3.529 
-3.557 -3.588 -3.620 -3.653 -3.686 -3.718 -3.749 -3.779 -3.806 -3.832 
-3.855 -3.877 -3.896 -3.913 -3.929 -3.942 -3.953 -3.961 -3.968 -3.973 
-3.975 -3.976 -3.974 -3.970 -3.963 -3.954 -3.943 -3.930 -3.914 -3.895 
-3.873 -3.848 -3.820 -3.789 -3.754 -3.715 -3.671 -3.623 -3.569 -3.509 
-3.442 -3.370 -3.293 -3.214 -3.142 -3.087 -3.057 -3.054 -3.065 -3.075 
-3.076 -3.067 -3.049 -3.026 -3.004 -2.985 -2.972 -2.968 -2.973 -2.986 
-3.005 -3.029 -3.057 -3.087 -3.117 -3.147 -3.177 -3.205 -3.231 -3.255 
-3.278 -3.300 -3.319 -3.338 -3.354 -3.370 -3.384 -3.396 -3.408 -3.418 
-3.395 
-3.240 -3.205 -3.172 -3.143 -3.120 -3.105 -3.100 -3.106 -3.121 -3.145 
-3.177 -3.214 -3.256 -3.299 -3.344 -3.388 -3.430 -3.471 -3.509 -3.544 
-3.577 -3.606 -3.632 -3.656 -3.676 -3.693 -3.707 -3.718 -3.726 -3.731 
-3.733 -3.731 -3.726 -3.718 -3.707 -3.692 -3.673 -3.650 -3.624 -3.593 
-3.557 -3.515 -3.468 -3.414 -3.351 -3.278 -3.192 -3.088 -2.959 -2.800 
-2.639 -2.581 -2.622 -2.633 -2.606 -2.578 -2.575 -2.606 -2.666 -2.745 
-2.828 -2.909 -2.982 -3.046 -3.101 -3.147 -3.188 -3.224 -3.257 -3.287 
-3.316 -3.343 -3.368 -3.390 -3.409 -3.425 -3.438 -3.447 -3.452 -3.454 
-3.452 -3.447 -3.438 -3.425 -3.408 -3.388 -3.364 -3.337 -3.306 -3.273 
-3.253 
-2.902 -2.906 -2.855 -2.811 -2.777 -2.758 -2.755 -2.771 -2.803 -2.849 
-2.904 -2.964 -3.026 -3.086 -3.145 -3.200 -3.251 -3.298 -3.341 -3.380 
-3.415 -3.445 -3.472 -3.495 -3.514 -3.530 -3.542 -3.550 -3.555 -3.556 
-3.554 -3.547 -3.537 -3.523 -3.505 -3.483 -3.456 -3.424 -3.387 -3.344 
-3.294 -3.237 -3.171 -3.095 -3.006 -2.900 -2.773 -2.619 -2.431 -2.220 
-2.052 -2.019 -2.122 -2.245 -2.315 -2.351 -2.397 -2.473 -2.570 -2.673 
-2.773 -2.866 -2.950 -3.024 -3.090 -3.148 -3.198 -3.242 -3.280 -3.312 
-3.339 -3.361 -3.378 -3.391 -3.399 -3.403 -3.402 -3.398 -3.389 -3.376 
-3.359 -3.338 -3.313 -3.283 -3.249 -3.210 -3.167 -3.120 -3.069 -3.016 
-2.911 
-2.409 -2.363 -2.316 -2.272 -2.234 -2.207 -2.196 -2.204 -2.229 -2.271 
-2.324 -2.384 -2.446 -2.508 -2.569 -2.626 -2.679 -2.728 -2.773 -2.813 
-2.850 -2.882 -2.911 -2.936 -2.957 -2.975 -2.990 -3.001 -3.009 -3.014 
-3.015 -3.013 -3.009 -3.000 -2.989 -2.974 -2.956 -2.934 -2.908 -2.878 
-2.844 -2.805 -2.761 -2.712 -2.657 -2.594 -2.523 -2.443 -2.349 -2.240 
-2.122 -2.027 -1.951 -1.864 -1.784 -1.734 -1.728 -1.758 -1.806 -1.857 
-1.909 -1.969 -2.036 -2.108 -2.180 -2.249 -2.313 -2.371 -2.422 -2.467 
-2.506 -2.540 -2.569 -2.592 -2.612 -2.627 -2.638 -2.645 -2.648 -2.648 
-2.645 -2.638 -2.627 -2.614 -2.596 -2.575 -2.550 -2.521 -2.488 -2.450 
-2.430 
-2.260 -2.275 -2.288 -2.301 -2.315 -2.331 -2.349 -2.373 -2.400 -2.432 
-2.466 -2.501 -2.535 -2.567 -2.598 -2.627 -2.653 -2.678 -2.700 -2.720 
-2.738 -2.753 -2.767 -2.778 -2.788 -2.795 -2.800 -2.803 -2.804 -2.802 
-2.799 -2.793 -2.784 -2.774 -2.761 -2.745 -2.727 -2.706 -2.683 -2.656 
-2.627 -2.594 -2.558 -2.518 -2.475 -2.427 -2.375 -2.318 -2.255 -2.187 
-2.113 -2.031 -1.944 -1.850 -1.754 -1.657 -1.563 -1.467 -1.369 -1.267 
-1.154 -1.053 -1.053 -1.173 -1.322 -1.454 -1.564 -1.658 -1.737 -1.805 
-1.864 -1.915 -1.959 -1.997 -2.030 -2.058 -2.083 -2.103 -2.121 -2.137 
-2.150 -2.162 -2.173 -2.183 -2.193 -2.203 -2.214 -2.225 -2.236 -2.249 
-2.253 
-2.021 -2.048 -2.058 -2.067 -2.075 -2.081 -2.086 -2.088 -2.088 -2.085 
-2.079 -2.069 -2.056 -2.040 -2.021 -2.000 -1.979 -1.959 -1.943 -1.931 
-1.927 -1.931 -1.943 -1.962 -1.986 -2.014 -2.044 -2.074 -2.102 -2.129 
-2.153 -2.174 -2.192 -2.206 -2.217 -2.224 -2.227 -2.227 -2.223 -2.215 
-2.203 -2.188 -2.169 -2.146 -2.118 -2.087 -2.050 -2.009 -1.962 -1.910 
-1.851 -1.785 -1.710 -1.627 -1.532 -1.424 -1.301 -1.157 -0.989 -0.795 
-0.591 -0.431 -0.369 -0.331 -0.109 -0.190 -0.588 -0.870 -1.067 -1.216 
-1.334 -1.432 -1.514 -1.584 -1.644 -1.696 -1.742 -1.782 -1.817 -1.848 
-1.875 -1.899 -1.921 -1.940 -1.958 -1.973 -1.988 -2.002 -2.014 -2.026 
-2.016 
-1.728 -1.714 -1.708 -1.698 -1.685 -1.669 -1.650 -1.627 -1.601 -1.572 
-1.539 -1.504 -1.467 -1.428 -1.388 -1.349 -1.312 -1.278 -1.250 -1.229 
-1.216 -1.213 -1.218 -1.229 -1.245 -1.263 -1.281 -1.296 -1.308 -1.317 
-1.323 -1.330 -1.337 -1.348 -1.362 -1.380 -1.400 -1.420 -1.440 -1.458 
-1.474 -1.487 -1.495 -1.500 -1.500 -1.496 -1.487 -1.473 -1.454 -1.430 
-1.400 -1.363 -1.320 -1.269 -1.209 -1.139 -1.057 -0.960 -0.844 -0.705 
-0.535 -0.330 -0.073 0.287 0.632 0.760 0.326 -0.088 -0.382 -0.600 
-0.771 -0.912 -1.030 -1.131 -1.218 -1.294 -1.360 -1.419 -1.470 -1.515 
-1.555 -1.589 -1.619 -1.644 -1.666 -1.683 -1.697 -1.707 -1.714 -1.717 
-1.730 
-1.664 -1.670 -1.673 -1.673 -1.670 -1.664 -1.655 -1.643 -1.628 -1.610 
-1.588 -1.564 -1.537 -1.506 -1.473 -1.438 -1.402 -1.364 -1.326 -1.289 
-1.253 -1.219 -1.186 -1.153 -1.119 -1.083 -1.046 -1.006 -0.966 -0.929 
-0.896 -0.870 -0.854 -0.849 -0.853 -0.867 -0.887 -0.911 -0.938 -0.966 
-0.992 -1.016 -1.037 -1.054 -1.067 -1.076 -1.080 -1.079 -1.073 -1.061 
-1.044 -1.020 -0.989 -0.952 -0.905 -0.850 -0.783 -0.704 -0.608 -0.492 
-0.347 -0.162 0.089 0.463 0.924 1.224 0.845 0.331 -0.036 -0.293 
-0.491 -0.652 -0.787 -0.902 -1.002 -1.090 -1.168 -1.238 -1.300 -1.355 
-1.405 -1.449 -1.489 -1.524 -1.555 -1.582 -1.605 -1.625 -1.641 -1.654 
-1.660 
-1.650 -1.642 -1.639 -1.634 -1.624 -1.612 -1.595 -1.576 -1.552 -1.525 
-1.495 -1.461 -1.425 -1.385 -1.342 -1.298 -1.253 -1.208 -1.166 -1.128 
-1.096 -1.074 -1.061 -1.059 -1.066 -1.081 -1.100 -1.121 -1.141 -1.160 
-1.176 -1.191 -1.205 -1.220 -1.236 -1.253 -1.270 -1.286 -1.300 -1.311 
-1.320 -1.325 -1.327 -1.326 -1.323 -1.317 -1.309 -1.298 -1.283 -1.265 
-1.243 -1.216 -1.184 -1.145 -1.098 -1.044 -0.979 -0.901 -0.809 -0.698 
-0.560 -0.386 -0.151 0.202 0.819 1.243 0.885 0.344 0.043 -0.106 
-0.315 -0.528 -0.705 -0.850 -0.970 -1.071 -1.158 -1.234 -1.300 -1.358 
-1.409 -1.453 -1.492 -1.526 -1.554 -1.579 -1.599 -1.615 -1.627 -1.636 
-1.650 
-1.779 -1.803 -1.822 -1.837 -1.849 -1.858 -1.863 -1.866 -1.865 -1.860 
-1.852 -1.841 -1.826 -1.808 -1.787 -1.763 -1.737 -1.709 -1.680 -1.653 
-1.628 -1.607 -1.591 -1.581 -1.575 -1.571 -1.568 -1.563 -1.555 -1.544 
-1.528 -1.509 -1.485 -1.459 -1.429 -1.398 -1.364 -1.330 -1.296 -1.262 
-1.229 -1.199 -1.171 -1.146 -1.125 -1.107 -1.092 -1.079 -1.068 -1.058 
-1.047 -1.035 -1.020 -1.003 -0.981 -0.954 -0.921 -0.880 -0.830 -0.769 
-0.694 -0.601 -0.480 -0.310 -0.022 0.600 0.254 0.236 0.353 0.357 
0.187 -0.063 -0.305 -0.509 -0.681 -0.827 -0.952 -1.063 -1.160 -1.247 
-1.325 -1.395 -1.458 -1.515 -1.566 -1.613 -1.654 -1.692 -1.725 -1.755 
-1.769 
-1.914 -1.918 -1.934 -1.948 -1.959 -1.967 -1.973 -1.977 -1.978 -1.977 
-1.974 -1.968 -1.961 -1.951 -1.939 -1.924 -1.908 -1.890 -1.869 -1.847 
-1.823 -1.797 -1.770 -1.741 -1.711 -1.680 -1.648 -1.615 -1.583 -1.551 
-1.519 -1.489 -1.459 -1.432 -1.406 -1.382 -1.361 -1.343 -1.327 -1.314 
-1.304 -1.295 -1.289 -1.283 -1.277 -1.272 -1.265 -1.258 -1.248 -1.236 
-1.222 -1.203 -1.181 -1.153 -1.120 -1.080 -1.034 -0.978 -0.913 -0.835 
-0.744 -0.635 -0.506 -0.353 -0.177 0.013 0.102 0.042 -0.014 -0.108 
-0.308 -0.523 -0.708 -0.863 -0.995 -1.109 -1.209 -1.298 -1.378 -1.449 
-1.514 -1.572 -1.625 -1.673 -1.716 -1.756 -1.791 -1.823 -1.851 -1.876 
-1.907 
-2.257 -2.320 -2.336 -2.349 -2.360 -2.367 -2.373 -2.375 -2.376 -2.374 
-2.369 -2.362 -2.352 -2.340 -2.326 -2.309 -2.290 -2.268 -2.243 -2.216 
-2.187 -2.155 -2.120 -2.082 -2.042 -1.999 -1.954 -1.905 -1.855 -1.801 
-1.746 -1.690 -1.632 -1.576 -1.521 -1.472 -1.429 -1.395 -1.371 -1.359 
-1.356 -1.363 -1.375 -1.392 -1.410 -1.428 -1.443 -1.456 -1.464 -1.468 
-1.467 -1.459 -1.446 -1.425 -1.398 -1.362 -1.317 -1.261 -1.192 -1.109 
-1.005 -0.876 -0.710 -0.486 -0.174 0.124 0.187 -0.066 -0.364 -0.566 
-0.759 -0.955 -1.130 -1.280 -1.409 -1.521 -1.620 -1.707 -1.786 -1.857 
-1.921 -1.978 -2.031 -2.078 -2.121 -2.160 -2.195 -2.227 -2.255 -2.279 
-2.253 
-2.283 -2.278 -2.298 -2.314 -2.328 -2.338 -2.346 -2.351 -2.353 -2.352 
-2.349 -2.343 -2.334 -2.322 -2.307 -2.290 -2.269 -2.246 -2.220 -2.190 
-2.158 -2.122 -2.082 -2.039 -1.993 -1.943 -1.889 -1.832 -1.772 -1.709 
-1.644 -1.578 -1.513 -1.451 -1.395 -1.347 -1.308 -1.281 -1.264 -1.260 
-1.270 -1.297 -1.335 -1.377 -1.418 -1.456 -1.489 -1.517 -1.540 -1.556 
-1.567 -1.573 -1.572 -1.565 -1.552 -1.531 -1.504 -1.468 -1.422 -1.366 
-1.297 -1.211 -1.103 -0.961 -0.759 -0.465 -0.337 -0.397 -0.314 -0.273 
-0.351 -0.532 -0.761 -0.969 -1.145 -1.294 -1.422 -1.534 -1.633 -1.721 
-1.799 -1.869 -1.932 -1.989 -2.041 -2.087 -2.129 -2.166 -2.200 -2.229 
-2.273 
-2.463 -2.510 -2.536 -2.558 -2.577 -2.594 -2.607 -2.617 -2.624 -2.629 
-2.630 -2.629 -2.625 -2.618 -2.608 -2.596 -2.580 -2.561 -2.540 -2.515 
-2.487 -2.455 -2.420 -2.381 -2.338 -2.291 -2.239 -2.183 -2.123 -2.057 
-1.986 -1.910 -1.829 -1.742 -1.650 -1.552 -1.450 -1.348 -1.255 -1.188 
-1.161 -1.180 -1.234 -1.303 -1.372 -1.430 -1.470 -1.492 -1.497 -1.495 
-1.498 -1.512 -1.536 -1.563 -1.588 -1.605 -1.614 -1.614 -1.603 -1.581 
-1.548 -1.503 -1.445 -1.371 -1.278 -1.163 -1.019 -0.841 -0.638 -0.453 
-0.354 -0.426 -0.644 -0.898 -1.122 -1.311 -1.471 -1.609 -1.729 -1.835 
-1.929 -2.013 -2.089 -2.157 -2.218 -2.274 -2.324 -2.370 -2.411 -2.448 
-2.455 
-2.423 -2.467 -2.499 -2.527 -2.553 -2.575 -2.594 -2.611 -2.624 -2.635 
-2.642 -2.647 -2.649 -2.649 -2.645 -2.639 -2.630 -2.619 -2.604 -2.586 
-2.565 -2.541 -2.514 -2.484 -2.450 -2.413 -2.372 -2.328 -2.281 -2.230 
-2.177 -2.121 -2.064 -2.006 -1.947 -1.887 -1.825 -1.761 -1.698 -1.643 
-1.605 -1.584 -1.565 -1.535 -1.484 -1.413 -1.326 -1.234 -1.147 -1.081 
-1.046 -1.045 -1.071 -1.113 -1.160 -1.205 -1.242 -1.270 -1.288 -1.294 
-1.288 -1.270 -1.239 -1.192 -1.129 -1.045 -0.936 -0.796 -0.624 -0.482 
-0.458 -0.526 -0.655 -0.817 -0.992 -1.163 -1.321 -1.462 -1.589 -1.703 
-1.805 -1.898 -1.981 -2.057 -2.126 -2.190 -2.247 -2.300 -2.348 -2.391 
-2.410 
-2.189 -2.203 -2.224 -2.242 -2.257 -2.270 -2.279 -2.285 -2.289 -2.290 
-2.289 -2.284 -2.277 -2.268 -2.255 -2.240 -2.222 -2.201 -2.177 -2.150 
-2.120 -2.087 -2.051 -2.012 -1.969 -1.924 -1.875 -1.824 -1.771 -1.716 
-1.661 -1.606 -1.553 -1.506 -1.465 -1.432 -1.410 -1.397 -1.393 -1.394 
-1.399 -1.405 -1.407 -1.405 -1.397 -1.382 -1.360 -1.333 -1.304 -1.276 
-1.256 -1.245 -1.241 -1.236 -1.228 -1.214 -1.192 -1.161 -1.121 -1.069 
-1.007 -0.934 -0.853 -0.769 -0.691 -0.619 -0.526 -0.376 -0.193 -0.096 
-0.192 -0.411 -0.646 -0.854 -1.032 -1.185 -1.317 -1.433 -1.534 -1.624 
-1.705 -1.777 -1.842 -1.901 -1.954 -2.002 -2.045 -2.084 -2.119 -2.151 
-2.180 
-2.019 -2.058 -2.084 -2.107 -2.127 -2.145 -2.160 -2.173 -2.183 -2.191 
-2.197 -2.200 -2.201 -2.199 -2.196 -2.189 -2.181 -2.170 -2.157 -2.142 
-2.124 -2.103 -2.080 -2.054 -2.026 -1.995 -1.961 -1.925 -1.886 -1.844 
-1.800 -1.754 -1.706 -1.657 -1.607 -1.557 -1.507 -1.456 -1.404 -1.349 
-1.291 -1.231 -1.168 -1.103 -1.036 -0.968 -0.899 -0.828 -0.756 -0.687 
-0.629 -0.593 -0.581 -0.585 -0.591 -0.591 -0.581 -0.558 -0.523 -0.475 
-0.415 -0.345 -0.271 -0.205 -0.167 -0.174 -0.226 -0.302 -0.358 -0.397 
-0.513 -0.662 -0.793 -0.910 -1.019 -1.123 -1.221 -1.312 -1.398 -1.477 
-1.550 -1.617 -1.680 -1.737 -1.790 -1.839 -1.884 -1.926 -1.964 -1.998 
-2.011 
-1.758 -1.787 -1.820 -1.850 -1.878 -1.902 -1.925 -1.944 -1.961 -1.976 
-1.988 -1.998 -2.006 -2.011 -2.015 -2.016 -2.014 -2.011 -2.005 -1.997 
-1.987 -1.975 -1.960 -1.943 -1.924 -1.902 -1.878 -1.851 -1.821 -1.789 
-1.754 -1.716 -1.676 -1.632 -1.584 -1.533 -1.478 -1.419 -1.356 -1.288 
-1.215 -1.135 -1.050 -0.957 -0.856 -0.747 -0.629 -0.505 -0.381 -0.267 
-0.180 -0.136 -0.136 -0.171 -0.221 -0.271 -0.312 -0.339 -0.349 -0.342 
-0.316 -0.273 -0.213 -0.149 -0.103 -0.101 -0.144 -0.202 -0.251 -0.290 
-0.327 -0.374 -0.438 -0.517 -0.610 -0.708 -0.809 -0.907 -1.002 -1.091 
-1.175 -1.254 -1.327 -1.395 -1.458 -1.517 -1.571 -1.621 -1.668 -1.711 
-1.744 
-1.648 -1.651 -1.676 -1.700 -1.720 -1.739 -1.755 -1.770 -1.782 -1.792 
-1.800 -1.806 -1.810 -1.812 -1.812 -1.810 -1.806 -1.800 -1.792 -1.783 
-1.771 -1.758 -1.742 -1.725 -1.705 -1.684 -1.660 -1.635 -1.607 -1.578 
-1.546 -1.512 -1.476 -1.438 -1.397 -1.354 -1.309 -1.261 -1.211 -1.157 
-1.102 -1.043 -0.982 -0.919 -0.855 -0.790 -0.726 -0.662 -0.598 -0.535 
-0.479 -0.436 -0.407 -0.385 -0.360 -0.325 -0.279 -0.220 -0.149 -0.065 
0.032 0.143 0.261 0.373 0.462 0.502 0.409 0.235 0.062 -0.095 
-0.235 -0.360 -0.475 -0.583 -0.685 -0.780 -0.870 -0.954 -1.032 -1.104 
-1.171 -1.233 -1.290 -1.344 -1.394 -1.440 -1.482 -1.522 -1.558 -1.592 
-1.637 
-1.889 -1.931 -1.955 -1.975 -1.993 -2.009 -2.022 -2.033 -2.042 -2.048 
-2.053 -2.055 -2.054 -2.052 -2.047 -2.040 -2.031 -2.019 -2.005 -1.989 
-1.970 -1.949 -1.925 -1.899 -1.870 -1.838 -1.803 -1.765 -1.724 -1.679 
-1.631 -1.579 -1.523 -1.463 -1.398 -1.329 -1.254 -1.175 -1.091 -1.005 
-0.918 -0.832 -0.752 -0.680 -0.616 -0.561 -0.517 -0.487 -0.469 -0.463 
-0.463 -0.465 -0.466 -0.462 -0.450 -0.430 -0.399 -0.355 -0.296 -0.220 
-0.122 0.003 0.164 0.369 0.596 0.724 0.623 0.356 0.059 -0.192 
-0.397 -0.571 -0.720 -0.851 -0.967 -1.072 -1.166 -1.252 -1.331 -1.403 
-1.470 -1.531 -1.588 -1.640 -1.688 -1.733 -1.774 -1.811 -1.846 -1.877 
-1.882 
-2.056 -2.078 -2.098 -2.115 -2.129 -2.141 -2.150 -2.157 -2.161 -2.163 
-2.163 -2.160 -2.154 -2.146 -2.136 -2.123 -2.107 -2.089 -2.069 -2.045 
-2.019 -1.989 -1.957 -1.922 -1.883 -1.841 -1.795 -1.745 -1.691 -1.632 
-1.569 -1.501 -1.428 -1.348 -1.264 -1.173 -1.076 -0.975 -0.871 -0.766 
-0.667 -0.577 -0.503 -0.449 -0.432 -0.456 -0.498 -0.542 -0.581 -0.614 
-0.640 -0.660 -0.671 -0.673 -0.664 -0.644 -0.611 -0.564 -0.498 -0.412 
-0.298 -0.149 0.048 0.287 0.491 0.533 0.341 0.041 -0.204 -0.359 
-0.481 -0.641 -0.815 -0.971 -1.106 -1.223 -1.325 -1.416 -1.498 -1.572 
-1.639 -1.700 -1.756 -1.807 -1.854 -1.896 -1.935 -1.970 -2.001 -2.030 
-2.049 
-2.076 -2.106 -2.132 -2.155 -2.176 -2.193 -2.207 -2.219 -2.228 -2.235 
-2.239 -2.240 -2.239 -2.235 -2.229 -2.220 -2.209 -2.195 -2.178 -2.158 
-2.136 -2.111 -2.082 -2.051 -2.016 -1.978 -1.936 -1.890 -1.841 -1.786 
-1.727 -1.663 -1.593 -1.517 -1.434 -1.343 -1.244 -1.135 -1.014 -0.880 
-0.732 -0.573 -0.415 -0.294 -0.252 -0.302 -0.408 -0.527 -0.634 -0.724 
-0.795 -0.850 -0.891 -0.919 -0.935 -0.939 -0.931 -0.911 -0.876 -0.826 
-0.756 -0.660 -0.528 -0.349 -0.149 -0.102 -0.180 -0.203 -0.158 -0.090 
-0.097 -0.228 -0.430 -0.641 -0.829 -0.993 -1.134 -1.257 -1.366 -1.463 
-1.550 -1.628 -1.699 -1.763 -1.822 -1.875 -1.924 -1.968 -2.008 -2.044 
-2.065 
-1.960 -1.989 -2.013 -2.034 -2.052 -2.067 -2.080 -2.091 -2.099 -2.104 
-2.108 -2.109 -2.107 -2.104 -2.098 -2.089 -2.078 -2.065 -2.049 -2.031 
-2.011 -1.988 -1.962 -1.934 -1.903 -1.869 -1.832 -1.792 -1.749 -1.704 
-1.655 -1.602 -1.547 -1.488 -1.427 -1.362 -1.295 -1.225 -1.153 -1.078 
-0.999 -0.914 -0.825 -0.744 -0.706 -0.724 -0.763 -0.799 -0.825 -0.843 
-0.854 -0.859 -0.859 -0.852 -0.839 -0.819 -0.791 -0.754 -0.707 -0.649 
-0.577 -0.490 -0.384 -0.258 -0.118 0.010 0.081 0.055 -0.049 -0.174 
-0.306 -0.470 -0.641 -0.797 -0.935 -1.056 -1.165 -1.262 -1.350 -1.429 
-1.502 -1.568 -1.629 -1.685 -1.736 -1.783 -1.826 -1.865 -1.901 -1.934 
-1.952 
-1.828 -1.839 -1.866 -1.891 -1.913 -1.932 -1.949 -1.963 -1.975 -1.985 
-1.993 -1.998 -2.001 -2.002 -2.000 -1.997 -1.991 -1.983 -1.973 -1.961 
-1.946 -1.930 -1.911 -1.889 -1.866 -1.840 -1.812 -1.781 -1.748 -1.713 
-1.675 -1.635 -1.593 -1.550 -1.504 -1.458 -1.410 -1.363 -1.316 -1.269 
-1.224 -1.182 -1.141 -1.104 -1.069 -1.036 -1.006 -0.977 -0.950 -0.924 
-0.899 -0.873 -0.848 -0.821 -0.792 -0.761 -0.726 -0.687 -0.641 -0.588 
-0.527 -0.455 -0.371 -0.274 -0.165 -0.054 0.029 0.047 0.003 -0.086 
-0.207 -0.345 -0.486 -0.622 -0.748 -0.864 -0.971 -1.068 -1.157 -1.239 
-1.314 -1.384 -1.448 -1.507 -1.561 -1.612 -1.658 -1.701 -1.740 -1.776 
-1.816 
-1.863 -1.893 -1.914 -1.933 -1.949 -1.963 -1.974 -1.982 -1.988 -1.992 
-1.993 -1.992 -1.988 -1.983 -1.974 -1.964 -1.951 -1.936 -1.918 -1.898 
-1.875 -1.850 -1.823 -1.793 -1.761 -1.726 -1.688 -1.648 -1.606 -1.562 
-1.516 -1.468 -1.419 -1.370 -1.321 -1.273 -1.227 -1.184 -1.145 -1.111 
-1.083 -1.059 -1.040 -1.026 -1.014 -1.004 -0.996 -0.988 -0.980 -0.970 
-0.959 -0.946 -0.929 -0.909 -0.884 -0.854 -0.818 -0.774 -0.721 -0.657 
-0.581 -0.489 -0.380 -0.251 -0.107 0.030 0.114 0.101 0.000 -0.149 
-0.315 -0.479 -0.633 -0.771 -0.897 -1.009 -1.111 -1.203 -1.286 -1.362 
-1.431 -1.495 -1.553 -1.606 -1.655 -1.699 -1.740 -1.777 -1.811 -1.841 
-1.856 
-1.843 -1.859 -1.885 -1.909 -1.930 -1.949 -1.965 -1.978 -1.989 -1.998 
-2.004 -2.009 -2.010 -2.010 -2.008 -2.003 -1.996 -1.987 -1.975 -1.961 
-1.945 -1.927 -1.907 -1.884 -1.859 -1.831 -1.801 -1.769 -1.735 -1.698 
-1.659 -1.618 -1.575 -1.530 -1.484 -1.436 -1.388 -1.340 -1.292 -1.245 
-1.199 -1.155 -1.113 -1.073 -1.037 -1.003 -0.973 -0.947 -0.924 -0.903 
-0.885 -0.868 -0.850 -0.832 -0.812 -0.788 -0.760 -0.727 -0.686 -0.638 
-0.581 -0.512 -0.431 -0.337 -0.229 -0.114 -0.015 0.039 0.033 -0.035 
-0.157 -0.307 -0.463 -0.611 -0.746 -0.869 -0.981 -1.082 -1.174 -1.258 
-1.335 -1.405 -1.470 -1.529 -1.584 -1.634 -1.680 -1.723 -1.762 -1.797 
-1.832 
-1.917 -1.939 -1.965 -1.987 -2.008 -2.025 -2.041 -2.053 -2.064 -2.072 
-2.079 -2.083 -2.084 -2.084 -2.081 -2.077 -2.070 -2.061 -2.050 -2.036 
-2.021 -2.004 -1.984 -1.962 -1.938 -1.912 -1.883 -1.853 -1.820 -1.785 
-1.748 -1.709 -1.668 -1.624 -1.580 -1.533 -1.486 -1.437 -1.389 -1.340 
-1.291 -1.244 -1.198 -1.155 -1.115 -1.078 -1.045 -1.015 -0.989 -0.966 
-0.945 -0.925 -0.905 -0.884 -0.861 -0.835 -0.805 -0.770 -0.728 -0.678 
-0.621 -0.555 -0.480 -0.399 -0.315 -0.239 -0.185 -0.165 -0.190 -0.263 
-0.375 -0.507 -0.643 -0.774 -0.896 -1.007 -1.110 -1.203 -1.289 -1.367 
-1.440 -1.506 -1.567 -1.624 -1.676 -1.724 -1.768 -1.808 -1.846 -1.880 
-1.908 
-2.058 -2.092 -2.122 -2.149 -2.174 -2.196 -2.215 -2.231 -2.245 -2.257 
-2.267 -2.274 -2.278 -2.281 -2.281 -2.279 -2.275 -2.268 -2.260 -2.249 
-2.236 -2.220 -2.203 -2.183 -2.161 -2.136 -2.109 -2.080 -2.049 -2.015 
-1.979 -1.940 -1.899 -1.856 -1.811 -1.763 -1.714 -1.662 -1.610 -1.555 
-1.500 -1.445 -1.389 -1.335 -1.282 -1.232 -1.186 -1.146 -1.111 -1.082 
-1.059 -1.041 -1.027 -1.015 -1.003 -0.990 -0.974 -0.954 -0.929 -0.896 
-0.856 -0.807 -0.749 -0.680 -0.603 -0.521 -0.439 -0.368 -0.317 -0.301 
-0.334 -0.420 -0.551 -0.701 -0.849 -0.986 -1.111 -1.225 -1.328 -1.422 
-1.508 -1.586 -1.658 -1.724 -1.785 -1.840 -1.892 -1.939 -1.982 -2.022 
-2.047 
-2.108 -2.142 -2.172 -2.199 -2.224 -2.245 -2.263 -2.279 -2.292 -2.303 
-2.311 -2.317 -2.320 -2.321 -2.319 -2.315 -2.309 -2.301 -2.290 -2.277 
-2.262 -2.245 -2.225 -2.203 -2.179 -2.153 -2.125 -2.095 -2.062 -2.028 
-1.993 -1.956 -1.918 -1.878 -1.839 -1.799 -1.760 -1.722 -1.685 -1.650 
-1.618 -1.589 -1.563 -1.540 -1.519 -1.501 -1.486 -1.473 -1.461 -1.452 
-1.444 -1.437 -1.430 -1.422 -1.412 -1.400 -1.384 -1.363 -1.338 -1.305 
-1.266 -1.219 -1.162 -1.094 -1.015 -0.921 -0.813 -0.692 -0.564 -0.446 
-0.372 -0.379 -0.470 -0.607 -0.751 -0.894 -1.036 -1.171 -1.295 -1.407 
-1.507 -1.596 -1.678 -1.751 -1.817 -1.878 -1.933 -1.983 -2.029 -2.070 
-2.097 
-2.055 -2.088 -2.124 -2.156 -2.186 -2.211 -2.234 -2.254 -2.271 -2.285 
-2.296 -2.305 -2.311 -2.315 -2.316 -2.315 -2.311 -2.304 -2.296 -2.285 
-2.271 -2.255 -2.237 -2.216 -2.192 -2.167 -2.138 -2.108 -2.074 -2.039 
-2.001 -1.961 -1.919 -1.876 -1.831 -1.786 -1.740 -1.695 -1.652 -1.612 
-1.576 -1.546 -1.522 -1.505 -1.495 -1.491 -1.492 -1.498 -1.506 -1.516 
-1.526 -1.535 -1.542 -1.546 -1.548 -1.546 -1.540 -1.529 -1.514 -1.493 
-1.466 -1.433 -1.392 -1.344 -1.286 -1.217 -1.136 -1.042 -0.934 -0.817 
-0.709 -0.637 -0.602 -0.588 -0.608 -0.680 -0.797 -0.936 -1.077 -1.210 
-1.330 -1.439 -1.536 -1.624 -1.704 -1.776 -1.841 -1.900 -1.954 -2.003 
-2.040 
-1.993 -2.019 -2.051 -2.081 -2.107 -2.130 -2.150 -2.168 -2.183 -2.196 
-2.206 -2.214 -2.220 -2.223 -2.224 -2.224 -2.221 -2.216 -2.209 -2.200 
-2.189 -2.177 -2.162 -2.146 -2.128 -2.108 -2.086 -2.063 -2.038 -2.012 
-1.984 -1.954 -1.924 -1.892 -1.860 -1.827 -1.793 -1.760 -1.728 -1.697 
-1.667 -1.640 -1.616 -1.595 -1.577 -1.562 -1.550 -1.540 -1.531 -1.523 
-1.515 -1.506 -1.497 -1.486 -1.472 -1.456 -1.437 -1.414 -1.387 -1.354 
-1.316 -1.272 -1.221 -1.162 -1.094 -1.016 -0.927 -0.828 -0.721 -0.614 
-0.523 -0.474 -0.482 -0.545 -0.645 -0.769 -0.902 -1.032 -1.154 -1.265 
-1.366 -1.457 -1.540 -1.615 -1.683 -1.745 -1.802 -1.854 -1.901 -1.944 
-1.980 
-1.986 -2.008 -2.036 -2.062 -2.084 -2.104 -2.121 -2.136 -2.148 -2.158 
-2.166 -2.172 -2.176 -2.178 -2.179 -2.177 -2.174 -2.170 -2.164 -2.158 
-2.149 -2.140 -2.130 -2.119 -2.108 -2.096 -2.083 -2.070 -2.057 -2.043 
-2.030 -2.016 -2.002 -1.988 -1.974 -1.960 -1.945 -1.930 -1.915 -1.899 
-1.882 -1.865 -1.847 -1.828 -1.808 -1.787 -1.766 -1.745 -1.724 -1.704 
-1.684 -1.666 -1.649 -1.631 -1.614 -1.594 -1.571 -1.545 -1.515 -1.479 
-1.437 -1.389 -1.332 -1.267 -1.192 -1.107 -1.009 -0.900 -0.784 -0.668 
-0.574 -0.528 -0.545 -0.618 -0.723 -0.843 -0.967 -1.089 -1.203 -1.308 
-1.403 -1.490 -1.567 -1.638 -1.701 -1.759 -1.812 -1.859 -1.902 -1.941 
-1.976 
-2.069 -2.106 -2.148 -2.186 -2.220 -2.251 -2.279 -2.304 -2.326 -2.346 
-2.363 -2.377 -2.389 -2.398 -2.405 -2.410 -2.413 -2.413 -2.412 -2.408 
-2.403 -2.395 -2.386 -2.374 -2.361 -2.346 -2.329 -2.310 -2.289 -2.267 
-2.242 -2.215 -2.186 -2.154 -2.120 -2.084 -2.045 -2.003 -1.958 -1.911 
-1.862 -1.810 -1.757 -1.702 -1.648 -1.595 -1.544 -1.497 -1.456 -1.421 
-1.393 -1.372 -1.359 -1.351 -1.348 -1.347 -1.348 -1.347 -1.345 -1.339 
-1.329 -1.314 -1.293 -1.264 -1.228 -1.183 -1.128 -1.062 -0.986 -0.901 
-0.814 -0.737 -0.681 -0.651 -0.657 -0.707 -0.800 -0.918 -1.046 -1.173 
-1.293 -1.404 -1.505 -1.598 -1.683 -1.761 -1.832 -1.897 -1.956 -2.011 
-2.052 
-2.132 -2.181 -2.222 -2.259 -2.293 -2.324 -2.352 -2.377 -2.399 -2.419 
-2.436 -2.450 -2.463 -2.472 -2.480 -2.485 -2.487 -2.488 -2.486 -2.482 
-2.476 -2.468 -2.457 -2.445 -2.430 -2.412 -2.393 -2.371 -2.346 -2.319 
-2.290 -2.259 -2.224 -2.187 -2.148 -2.106 -2.062 -2.015 -1.967 -1.917 
-1.865 -1.813 -1.762 -1.712 -1.666 -1.623 -1.586 -1.556 -1.532 -1.516 
-1.505 -1.501 -1.500 -1.502 -1.506 -1.509 -1.512 -1.512 -1.509 -1.502 
-1.491 -1.475 -1.454 -1.427 -1.394 -1.355 -1.308 -1.254 -1.192 -1.122 
-1.046 -0.966 -0.892 -0.837 -0.819 -0.852 -0.929 -1.036 -1.156 -1.276 
-1.391 -1.498 -1.596 -1.686 -1.769 -1.844 -1.913 -1.976 -2.034 -2.087 
-2.117 
-2.091 -2.099 -2.129 -2.156 -2.180 -2.203 -2.223 -2.241 -2.257 -2.270 
-2.282 -2.292 -2.301 -2.307 -2.312 -2.316 -2.318 -2.319 -2.319 -2.317 
-2.314 -2.310 -2.306 -2.300 -2.292 -2.284 -2.275 -2.264 -2.252 -2.239 
-2.224 -2.209 -2.192 -2.174 -2.154 -2.133 -2.112 -2.089 -2.065 -2.040 
-2.014 -1.987 -1.960 -1.933 -1.906 -1.880 -1.855 -1.832 -1.811 -1.791 
-1.772 -1.754 -1.736 -1.717 -1.696 -1.674 -1.649 -1.621 -1.590 -1.556 
-1.517 -1.474 -1.426 -1.376 -1.329 -1.293 -1.269 -1.254 -1.240 -1.224 
-1.209 -1.196 -1.187 -1.186 -1.201 -1.238 -1.295 -1.364 -1.436 -1.508 
-1.576 -1.640 -1.701 -1.759 -1.812 -1.863 -1.910 -1.953 -1.994 -2.032 
-2.078 
-2.299 -2.328 -2.340 -2.348 -2.355 -2.359 -2.362 -2.363 -2.362 -2.360 
-2.356 -2.352 -2.347 -2.342 -2.336 -2.331 -2.326 -2.321 -2.317 -2.314 
-2.311 -2.310 -2.309 -2.309 -2.309 -2.310 -2.310 -2.311 -2.311 -2.311 
-2.310 -2.309 -2.306 -2.303 -2.299 -2.294 -2.288 -2.282 -2.274 -2.266 
-2.257 -2.247 -2.236 -2.223 -2.209 -2.193 -2.175 -2.155 -2.133 -2.107 
-2.079 -2.047 -2.011 -1.971 -1.926 -1.875 -1.818 -1.754 -1.682 -1.600 
-1.509 -1.411 -1.308 -1.211 -1.137 -1.102 -1.113 -1.158 -1.216 -1.273 
-1.332 -1.401 -1.479 -1.559 -1.635 -1.707 -1.774 -1.838 -1.897 -1.952 
-2.003 -2.050 -2.094 -2.133 -2.169 -2.201 -2.230 -2.256 -2.278 -2.298 
-2.297 
-2.442 -2.469 -2.490 -2.508 -2.523 -2.536 -2.546 -2.553 -2.559 -2.562 
-2.563 -2.562 -2.559 -2.554 -2.548 -2.540 -2.531 -2.520 -2.508 -2.494 
-2.480 -2.464 -2.446 -2.428 -2.408 -2.386 -2.364 -2.341 -2.317 -2.292 
-2.267 -2.242 -2.218 -2.195 -2.173 -2.153 -2.135 -2.120 -2.107 -2.096 
-2.088 -2.081 -2.077 -2.073 -2.071 -2.068 -2.066 -2.062 -2.057 -2.051 
-2.042 -2.030 -2.015 -1.997 -1.974 -1.947 -1.914 -1.876 -1.831 -1.779 
-1.719 -1.650 -1.573 -1.490 -1.407 -1.329 -1.257 -1.184 -1.113 -1.061 
-1.051 -1.091 -1.173 -1.280 -1.395 -1.510 -1.620 -1.722 -1.816 -1.901 
-1.979 -2.049 -2.113 -2.171 -2.223 -2.271 -2.313 -2.352 -2.387 -2.417 
-2.434 
-2.348 -2.387 -2.413 -2.437 -2.457 -2.475 -2.491 -2.504 -2.515 -2.524 
-2.530 -2.535 -2.537 -2.537 -2.536 -2.532 -2.527 -2.519 -2.510 -2.499 
-2.487 -2.473 -2.457 -2.439 -2.420 -2.399 -2.377 -2.353 -2.329 -2.303 
-2.277 -2.249 -2.222 -2.195 -2.168 -2.142 -2.117 -2.094 -2.073 -2.054 
-2.037 -2.024 -2.013 -2.004 -1.997 -1.992 -1.988 -1.984 -1.980 -1.976 
-1.971 -1.964 -1.955 -1.944 -1.930 -1.914 -1.894 -1.870 -1.843 -1.812 
-1.777 -1.737 -1.693 -1.643 -1.588 -1.526 -1.459 -1.387 -1.314 -1.249 
-1.203 -1.186 -1.198 -1.240 -1.308 -1.394 -1.489 -1.585 -1.677 -1.764 
-1.845 -1.919 -1.987 -2.050 -2.107 -2.159 -2.206 -2.250 -2.289 -2.325 
-2.338 
-2.157 -2.157 -2.175 -2.191 -2.206 -2.218 -2.229 -2.239 -2.246 -2.252 
-2.257 -2.260 -2.262 -2.262 -2.262 -2.260 -2.257 -2.253 -2.248 -2.242 
-2.235 -2.228 -2.220 -2.211 -2.201 -2.191 -2.181 -2.170 -2.159 -2.147 
-2.136 -2.124 -2.111 -2.099 -2.087 -2.075 -2.063 -2.051 -2.039 -2.027 
-2.015 -2.004 -1.992 -1.980 -1.969 -1.956 -1.943 -1.929 -1.914 -1.898 
-1.880 -1.861 -1.840 -1.817 -1.792 -1.766 -1.738 -1.708 -1.676 -1.644 
-1.611 -1.577 -1.544 -1.512 -1.483 -1.457 -1.435 -1.417 -1.405 -1.398 
-1.396 -1.404 -1.422 -1.454 -1.497 -1.548 -1.601 -1.655 -1.707 -1.757 
-1.805 -1.850 -1.892 -1.931 -1.968 -2.002 -2.034 -2.063 -2.090 -2.114 
-2.150 
-2.251 -2.271 -2.296 -2.317 -2.336 -2.353 -2.367 -2.380 -2.390 -2.398 
-2.404 -2.409 -2.411 -2.412 -2.410 -2.407 -2.403 -2.397 -2.389 -2.380 
-2.370 -2.358 -2.345 -2.331 -2.316 -2.301 -2.284 -2.268 -2.251 -2.234 
-2.217 -2.200 -2.184 -2.169 -2.155 -2.142 -2.130 -2.119 -2.109 -2.100 
-2.093 -2.086 -2.079 -2.073 -2.068 -2.062 -2.056 -2.049 -2.042 -2.033 
-2.023 -2.012 -1.999 -1.984 -1.967 -1.948 -1.926 -1.902 -1.875 -1.846 
-1.815 -1.781 -1.744 -1.706 -1.665 -1.623 -1.579 -1.534 -1.487 -1.438 
-1.389 -1.353 -1.352 -1.392 -1.450 -1.512 -1.574 -1.636 -1.698 -1.759 
-1.817 -1.874 -1.927 -1.978 -2.025 -2.069 -2.110 -2.148 -2.183 -2.216 
-2.241 
-2.477 -2.515 -2.540 -2.562 -2.581 -2.597 -2.611 -2.622 -2.630 -2.636 
-2.639 -2.641 -2.639 -2.636 -2.630 -2.623 -2.613 -2.602 -2.588 -2.573 
-2.556 -2.538 -2.518 -2.498 -2.476 -2.454 -2.432 -2.411 -2.389 -2.369 
-2.351 -2.334 -2.319 -2.307 -2.297 -2.290 -2.285 -2.282 -2.281 -2.281 
-2.282 -2.283 -2.285 -2.286 -2.287 -2.287 -2.286 -2.283 -2.279 -2.273 
-2.264 -2.254 -2.241 -2.225 -2.206 -2.184 -2.159 -2.129 -2.095 -2.057 
-2.014 -1.965 -1.910 -1.847 -1.777 -1.697 -1.606 -1.503 -1.386 -1.259 
-1.138 -1.056 -1.053 -1.133 -1.266 -1.411 -1.548 -1.672 -1.781 -1.878 
-1.965 -2.043 -2.114 -2.178 -2.236 -2.289 -2.337 -2.380 -2.419 -2.455 
-2.469 
-2.595 -2.615 -2.642 -2.667 -2.689 -2.708 -2.725 -2.740 -2.752 -2.762 
-2.770 -2.777 -2.781 -2.783 -2.783 -2.781 -2.778 -2.772 -2.765 -2.757 
-2.746 -2.735 -2.722 -2.708 -2.692 -2.676 -2.659 -2.642 -2.623 -2.605 
-2.587 -2.568 -2.550 -2.532 -2.514 -2.497 -2.480 -2.462 -2.445 -2.428 
-2.411 -2.393 -2.376 -2.358 -2.340 -2.321 -2.302 -2.283 -2.263 -2.242 
-2.221 -2.198 -2.175 -2.149 -2.122 -2.093 -2.061 -2.026 -1.989 -1.948 
-1.903 -1.855 -1.803 -1.747 -1.688 -1.627 -1.566 -1.508 -1.456 -1.412 
-1.379 -1.367 -1.395 -1.471 -1.569 -1.671 -1.769 -1.860 -1.945 -2.024 
-2.097 -2.165 -2.228 -2.286 -2.340 -2.390 -2.436 -2.478 -2.517 -2.553 
-2.584 
-2.665 -2.703 -2.723 -2.741 -2.756 -2.769 -2.779 -2.788 -2.794 -2.798 
-2.800 -2.800 -2.799 -2.796 -2.791 -2.784 -2.776 -2.767 -2.757 -2.746 
-2.733 -2.720 -2.707 -2.693 -2.679 -2.666 -2.652 -2.639 -2.627 -2.616 
-2.605 -2.595 -2.586 -2.579 -2.571 -2.565 -2.558 -2.552 -2.546 -2.540 
-2.533 -2.526 -2.518 -2.509 -2.499 -2.488 -2.475 -2.461 -2.445 -2.427 
-2.407 -2.385 -2.361 -2.334 -2.304 -2.271 -2.234 -2.194 -2.149 -2.101 
-2.048 -1.991 -1.930 -1.865 -1.798 -1.730 -1.664 -1.604 -1.556 -1.530 
-1.534 -1.569 -1.630 -1.709 -1.796 -1.885 -1.971 -2.053 -2.129 -2.200 
-2.265 -2.325 -2.380 -2.431 -2.478 -2.520 -2.559 -2.594 -2.626 -2.654 
-2.659 
-2.558 -2.563 -2.583 -2.601 -2.618 -2.632 -2.644 -2.655 -2.663 -2.670 
-2.676 -2.680 -2.682 -2.683 -2.682 -2.680 -2.676 -2.672 -2.666 -2.659 
-2.651 -2.642 -2.632 -2.622 -2.611 -2.599 -2.586 -2.573 -2.560 -2.546 
-2.532 -2.518 -2.503 -2.489 -2.474 -2.459 -2.443 -2.427 -2.411 -2.394 
-2.376 -2.358 -2.339 -2.319 -2.298 -2.276 -2.252 -2.227 -2.201 -2.173 
-2.143 -2.111 -2.078 -2.042 -2.005 -1.965 -1.922 -1.877 -1.830 -1.781 
-1.729 -1.677 -1.625 -1.575 -1.530 -1.493 -1.469 -1.460 -1.468 -1.494 
-1.535 -1.589 -1.654 -1.724 -1.795 -1.865 -1.933 -1.998 -2.059 -2.117 
-2.171 -2.221 -2.269 -2.312 -2.353 -2.391 -2.426 -2.458 -2.488 -2.515 
-2.549 
-2.597 -2.629 -2.656 -2.682 -2.705 -2.727 -2.746 -2.764 -2.779 -2.793 
-2.805 -2.815 -2.823 -2.830 -2.834 -2.837 -2.839 -2.839 -2.837 -2.834 
-2.829 -2.822 -2.814 -2.805 -2.794 -2.782 -2.768 -2.753 -2.736 -2.719 
-2.700 -2.679 -2.657 -2.634 -2.610 -2.584 -2.558 -2.530 -2.500 -2.470 
-2.438 -2.406 -2.372 -2.337 -2.301 -2.264 -2.227 -2.189 -2.150 -2.111 
-2.071 -2.031 -1.992 -1.952 -1.912 -1.873 -1.834 -1.795 -1.757 -1.720 
-1.684 -1.650 -1.618 -1.590 -1.567 -1.551 -1.543 -1.546 -1.560 -1.585 
-1.620 -1.663 -1.712 -1.765 -1.822 -1.880 -1.940 -1.999 -2.057 -2.114 
-2.170 -2.223 -2.275 -2.324 -2.370 -2.414 -2.456 -2.495 -2.532 -2.567 
-2.587 
-2.598 -2.620 -2.649 -2.675 -2.699 -2.721 -2.741 -2.758 -2.774 -2.787 
-2.799 -2.809 -2.816 -2.822 -2.826 -2.829 -2.830 -2.829 -2.826 -2.822 
-2.817 -2.810 -2.801 -2.792 -2.781 -2.769 -2.756 -2.741 -2.726 -2.710 
-2.694 -2.676 -2.658 -2.640 -2.620 -2.601 -2.581 -2.561 -2.541 -2.520 
-2.500 -2.479 -2.458 -2.437 -2.417 -2.396 -2.374 -2.353 -2.332 -2.310 
-2.287 -2.264 -2.241 -2.217 -2.192 -2.166 -2.139 -2.111 -2.082 -2.052 
-2.021 -1.988 -1.955 -1.921 -1.886 -1.850 -1.811 -1.769 -1.722 -1.672 
-1.630 -1.620 -1.653 -1.714 -1.780 -1.844 -1.906 -1.967 -2.026 -2.084 
-2.141 -2.196 -2.250 -2.301 -2.350 -2.396 -2.440 -2.481 -2.519 -2.555 
-2.587 
-2.636 -2.657 -2.683 -2.706 -2.726 -2.744 -2.759 -2.772 -2.783 -2.791 
-2.797 -2.801 -2.804 -2.804 -2.802 -2.799 -2.795 -2.788 -2.781 -2.772 
-2.762 -2.751 -2.739 -2.726 -2.713 -2.699 -2.685 -2.671 -2.657 -2.643 
-2.629 -2.616 -2.604 -2.592 -2.580 -2.570 -2.560 -2.552 -2.544 -2.536 
-2.529 -2.523 -2.517 -2.511 -2.505 -2.498 -2.490 -2.482 -2.472 -2.460 
-2.447 -2.432 -2.414 -2.394 -2.371 -2.344 -2.314 -2.280 -2.242 -2.198 
-2.149 -2.093 -2.030 -1.958 -1.875 -1.782 -1.675 -1.555 -1.426 -1.302 
-1.208 -1.176 -1.214 -1.298 -1.408 -1.538 -1.672 -1.797 -1.910 -2.010 
-2.099 -2.179 -2.251 -2.315 -2.374 -2.427 -2.476 -2.519 -2.559 -2.595 
-2.626 
-2.758 -2.787 -2.820 -2.849 -2.875 -2.898 -2.917 -2.934 -2.948 -2.959 
-2.968 -2.974 -2.978 -2.979 -2.978 -2.975 -2.970 -2.962 -2.952 -2.941 
-2.927 -2.911 -2.894 -2.875 -2.854 -2.831 -2.807 -2.782 -2.755 -2.727 
-2.699 -2.670 -2.640 -2.611 -2.582 -2.554 -2.527 -2.501 -2.478 -2.458 
-2.441 -2.429 -2.421 -2.419 -2.420 -2.425 -2.433 -2.441 -2.448 -2.455 
-2.460 -2.463 -2.463 -2.459 -2.453 -2.442 -2.428 -2.409 -2.386 -2.357 
-2.323 -2.282 -2.235 -2.180 -2.116 -2.042 -1.956 -1.858 -1.747 -1.626 
-1.505 -1.398 -1.311 -1.256 -1.266 -1.355 -1.497 -1.656 -1.807 -1.943 
-2.064 -2.171 -2.266 -2.351 -2.428 -2.496 -2.558 -2.614 -2.664 -2.709 
-2.745 
-2.734 -2.819 -2.857 -2.892 -2.924 -2.954 -2.981 -3.005 -3.027 -3.046 
-3.063 -3.076 -3.087 -3.095 -3.100 -3.103 -3.103 -3.099 -3.094 -3.085 
-3.073 -3.059 -3.041 -3.021 -2.998 -2.971 -2.941 -2.909 -2.873 -2.834 
-2.791 -2.746 -2.697 -2.646 -2.593 -2.537 -2.481 -2.426 -2.373 -2.324 
-2.283 -2.252 -2.232 -2.224 -2.227 -2.239 -2.257 -2.279 -2.303 -2.326 
-2.346 -2.364 -2.378 -2.387 -2.392 -2.392 -2.386 -2.376 -2.360 -2.339 
-2.312 -2.280 -2.242 -2.199 -2.150 -2.096 -2.034 -1.967 -1.893 -1.816 
-1.738 -1.668 -1.616 -1.594 -1.622 -1.705 -1.816 -1.929 -2.035 -2.130 
-2.215 -2.292 -2.362 -2.426 -2.486 -2.542 -2.595 -2.645 -2.692 -2.737 
-2.727 
-2.385 -2.395 -2.437 -2.479 -2.520 -2.560 -2.600 -2.638 -2.676 -2.712 
-2.746 -2.779 -2.811 -2.840 -2.868 -2.894 -2.917 -2.939 -2.959 -2.976 
-2.992 -3.005 -3.016 -3.025 -3.031 -3.035 -3.036 -3.035 -3.032 -3.025 
-3.015 -3.003 -2.987 -2.968 -2.945 -2.919 -2.891 -2.860 -2.828 -2.796 
-2.766 -2.739 -2.717 -2.701 -2.689 -2.679 -2.670 -2.659 -2.647 -2.630 
-2.610 -2.586 -2.558 -2.526 -2.491 -2.452 -2.410 -2.366 -2.320 -2.273 
-2.224 -2.176 -2.128 -2.082 -2.037 -1.996 -1.957 -1.922 -1.890 -1.862 
-1.838 -1.820 -1.811 -1.813 -1.826 -1.847 -1.870 -1.895 -1.921 -1.948 
-1.977 -2.008 -2.040 -2.075 -2.111 -2.149 -2.188 -2.229 -2.270 -2.311 
-2.366 
-2.417 -2.434 -2.457 -2.483 -2.511 -2.541 -2.574 -2.607 -2.642 -2.677 
-2.713 -2.748 -2.782 -2.816 -2.848 -2.879 -2.909 -2.937 -2.964 -2.989 
-3.012 -3.033 -3.052 -3.070 -3.085 -3.099 -3.111 -3.121 -3.128 -3.134 
-3.138 -3.140 -3.141 -3.139 -3.135 -3.129 -3.121 -3.110 -3.098 -3.084 
-3.067 -3.049 -3.028 -3.004 -2.979 -2.951 -2.920 -2.888 -2.852 -2.814 
-2.774 -2.731 -2.685 -2.637 -2.587 -2.534 -2.480 -2.425 -2.370 -2.315 
-2.263 -2.216 -2.175 -2.141 -2.117 -2.102 -2.096 -2.096 -2.102 -2.111 
-2.124 -2.138 -2.153 -2.169 -2.185 -2.201 -2.216 -2.232 -2.247 -2.261 
-2.275 -2.288 -2.301 -2.314 -2.326 -2.339 -2.352 -2.365 -2.380 -2.396 
-2.412 
-2.603 -2.615 -2.630 -2.647 -2.664 -2.683 -2.702 -2.722 -2.742 -2.763 
-2.784 -2.805 -2.826 -2.847 -2.867 -2.887 -2.905 -2.923 -2.940 -2.955 
-2.970 -2.982 -2.993 -3.003 -3.010 -3.016 -3.020 -3.022 -3.021 -3.019 
-3.014 -3.007 -2.998 -2.987 -2.974 -2.959 -2.943 -2.925 -2.907 -2.888 
-2.868 -2.848 -2.828 -2.808 -2.786 -2.763 -2.739 -2.712 -2.682 -2.649 
-2.613 -2.572 -2.528 -2.480 -2.428 -2.372 -2.313 -2.252 -2.189 -2.128 
-2.070 -2.019 -1.978 -1.950 -1.936 -1.936 -1.947 -1.962 -1.977 -1.985 
-1.984 -1.980 -1.992 -2.036 -2.105 -2.178 -2.244 -2.300 -2.347 -2.386 
-2.420 -2.448 -2.472 -2.493 -2.512 -2.528 -2.544 -2.558 -2.572 -2.586 
-2.599 
-2.874 -2.924 -2.950 -2.974 -2.995 -3.014 -3.031 -3.047 -3.060 -3.072 
-3.082 -3.091 -3.097 -3.102 -3.104 -3.105 -3.103 -3.100 -3.094 -3.086 
-3.075 -3.063 -3.048 -3.031 -3.011 -2.990 -2.966 -2.941 -2.913 -2.885 
-2.854 -2.823 -2.790 -2.757 -2.724 -2.691 -2.660 -2.630 -2.602 -2.578 
-2.558 -2.541 -2.528 -2.520 -2.514 -2.512 -2.511 -2.512 -2.512 -2.512 
-2.510 -2.506 -2.499 -2.488 -2.474 -2.455 -2.431 -2.402 -2.369 -2.331 
-2.289 -2.243 -2.195 -2.143 -2.087 -2.024 -1.951 -1.863 -1.761 -1.651 
-1.551 -1.488 -1.485 -1.546 -1.655 -1.788 -1.925 -2.053 -2.170 -2.275 
-2.368 -2.450 -2.524 -2.590 -2.649 -2.702 -2.749 -2.792 -2.830 -2.865 
-2.865 
-2.774 -2.816 -2.844 -2.869 -2.892 -2.911 -2.928 -2.942 -2.954 -2.963 
-2.970 -2.975 -2.977 -2.977 -2.975 -2.971 -2.964 -2.956 -2.946 -2.934 
-2.921 -2.906 -2.889 -2.871 -2.853 -2.833 -2.813 -2.792 -2.771 -2.750 
-2.730 -2.710 -2.692 -2.674 -2.658 -2.644 -2.630 -2.619 -2.609 -2.600 
-2.592 -2.586 -2.581 -2.576 -2.571 -2.567 -2.562 -2.556 -2.549 -2.540 
-2.529 -2.517 -2.502 -2.484 -2.463 -2.440 -2.412 -2.381 -2.346 -2.306 
-2.260 -2.208 -2.148 -2.079 -2.000 -1.909 -1.804 -1.685 -1.556 -1.433 
-1.345 -1.325 -1.382 -1.495 -1.631 -1.766 -1.889 -1.999 -2.097 -2.185 
-2.265 -2.338 -2.405 -2.467 -2.524 -2.577 -2.626 -2.671 -2.712 -2.750 
-2.766 
-2.540 -2.562 -2.602 -2.640 -2.675 -2.708 -2.738 -2.767 -2.793 -2.816 
-2.838 -2.857 -2.874 -2.889 -2.902 -2.913 -2.922 -2.929 -2.935 -2.938 
-2.939 -2.939 -2.937 -2.933 -2.928 -2.921 -2.912 -2.903 -2.891 -2.879 
-2.866 -2.852 -2.836 -2.820 -2.804 -2.786 -2.768 -2.749 -2.730 -2.710 
-2.689 -2.667 -2.644 -2.621 -2.597 -2.572 -2.546 -2.520 -2.493 -2.466 
-2.438 -2.410 -2.381 -2.351 -2.321 -2.289 -2.257 -2.225 -2.191 -2.158 
-2.125 -2.092 -2.061 -2.031 -2.000 -1.967 -1.930 -1.888 -1.838 -1.783 
-1.736 -1.721 -1.742 -1.778 -1.814 -1.847 -1.879 -1.913 -1.951 -1.992 
-2.036 -2.083 -2.132 -2.182 -2.232 -2.283 -2.333 -2.382 -2.429 -2.476 
-2.525 
-2.496 -2.544 -2.594 -2.645 -2.694 -2.743 -2.790 -2.835 -2.879 -2.920 
-2.959 -2.995 -3.029 -3.060 -3.088 -3.115 -3.138 -3.160 -3.179 -3.195 
-3.209 -3.222 -3.231 -3.239 -3.245 -3.248 -3.250 -3.249 -3.246 -3.241 
-3.235 -3.226 -3.215 -3.202 -3.187 -3.171 -3.152 -3.131 -3.108 -3.083 
-3.056 -3.027 -2.996 -2.963 -2.927 -2.889 -2.848 -2.805 -2.759 -2.711 
-2.659 -2.605 -2.547 -2.486 -2.423 -2.357 -2.290 -2.223 -2.158 -2.098 
-2.044 -2.000 -1.967 -1.944 -1.929 -1.920 -1.915 -1.913 -1.916 -1.927 
-1.943 -1.961 -1.979 -1.995 -2.008 -2.021 -2.033 -2.046 -2.060 -2.077 
-2.096 -2.118 -2.145 -2.177 -2.213 -2.254 -2.298 -2.344 -2.393 -2.443 
-2.478 
-2.442 -2.463 -2.503 -2.547 -2.595 -2.646 -2.700 -2.755 -2.809 -2.864 
-2.917 -2.968 -3.018 -3.065 -3.109 -3.151 -3.191 -3.228 -3.262 -3.293 
-3.322 -3.348 -3.372 -3.393 -3.412 -3.428 -3.442 -3.454 -3.463 -3.470 
-3.475 -3.477 -3.477 -3.474 -3.469 -3.462 -3.453 -3.441 -3.426 -3.409 
-3.390 -3.367 -3.342 -3.315 -3.284 -3.251 -3.214 -3.174 -3.131 -3.085 
-3.035 -2.981 -2.924 -2.863 -2.798 -2.730 -2.659 -2.585 -2.510 -2.434 
-2.357 -2.281 -2.203 -2.124 -2.042 -1.959 -1.882 -1.821 -1.790 -1.792 
-1.822 -1.869 -1.922 -1.972 -2.016 -2.053 -2.083 -2.107 -2.128 -2.148 
-2.169 -2.192 -2.216 -2.242 -2.268 -2.294 -2.319 -2.343 -2.369 -2.397 
-2.433 
-2.576 -2.620 -2.681 -2.740 -2.798 -2.853 -2.906 -2.956 -3.005 -3.050 
-3.093 -3.133 -3.171 -3.206 -3.237 -3.267 -3.293 -3.318 -3.339 -3.359 
-3.375 -3.390 -3.402 -3.412 -3.420 -3.426 -3.430 -3.432 -3.431 -3.429 
-3.424 -3.418 -3.409 -3.399 -3.386 -3.371 -3.355 -3.336 -3.315 -3.292 
-3.266 -3.238 -3.208 -3.175 -3.140 -3.102 -3.061 -3.018 -2.971 -2.922 
-2.869 -2.814 -2.755 -2.693 -2.628 -2.561 -2.492 -2.422 -2.352 -2.283 
-2.217 -2.156 -2.100 -2.051 -2.009 -1.973 -1.943 -1.919 -1.903 -1.897 
-1.898 -1.900 -1.901 -1.899 -1.895 -1.889 -1.883 -1.879 -1.882 -1.893 
-1.916 -1.952 -2.001 -2.062 -2.130 -2.203 -2.277 -2.350 -2.422 -2.491 
-2.550 
-2.897 -2.968 -3.012 -3.053 -3.091 -3.126 -3.158 -3.188 -3.215 -3.240 
-3.263 -3.283 -3.302 -3.319 -3.334 -3.347 -3.358 -3.368 -3.376 -3.383 
-3.388 -3.391 -3.394 -3.394 -3.394 -3.392 -3.388 -3.384 -3.378 -3.371 
-3.363 -3.353 -3.343 -3.331 -3.319 -3.305 -3.290 -3.274 -3.257 -3.239 
-3.220 -3.200 -3.179 -3.156 -3.133 -3.108 -3.082 -3.055 -3.026 -2.996 
-2.964 -2.930 -2.895 -2.857 -2.818 -2.776 -2.733 -2.687 -2.640 -2.592 
-2.544 -2.497 -2.451 -2.408 -2.367 -2.329 -2.295 -2.263 -2.235 -2.211 
-2.191 -2.178 -2.172 -2.174 -2.183 -2.199 -2.221 -2.247 -2.278 -2.314 
-2.355 -2.403 -2.457 -2.515 -2.577 -2.639 -2.701 -2.760 -2.817 -2.871 
-2.888 
-2.946 -2.991 -3.031 -3.068 -3.103 -3.135 -3.166 -3.195 -3.221 -3.246 
-3.268 -3.289 -3.308 -3.326 -3.341 -3.355 -3.367 -3.378 -3.387 -3.394 
-3.400 -3.404 -3.406 -3.407 -3.407 -3.405 -3.401 -3.396 -3.390 -3.382 
-3.372 -3.361 -3.349 -3.335 -3.320 -3.303 -3.285 -3.265 -3.244 -3.221 
-3.197 -3.171 -3.144 -3.116 -3.086 -3.055 -3.022 -2.988 -2.952 -2.915 
-2.877 -2.838 -2.798 -2.756 -2.714 -2.670 -2.626 -2.581 -2.536 -2.490 
-2.444 -2.398 -2.352 -2.306 -2.263 -2.221 -2.183 -2.150 -2.123 -2.104 
-2.093 -2.092 -2.100 -2.117 -2.141 -2.172 -2.209 -2.252 -2.300 -2.353 
-2.410 -2.469 -2.529 -2.588 -2.646 -2.703 -2.757 -2.809 -2.858 -2.905 
-2.934 
-2.757 -2.805 -2.859 -2.910 -2.959 -3.004 -3.047 -3.087 -3.124 -3.158 
-3.190 -3.219 -3.246 -3.271 -3.293 -3.313 -3.331 -3.346 -3.360 -3.372 
-3.381 -3.389 -3.394 -3.398 -3.399 -3.399 -3.397 -3.393 -3.387 -3.379 
-3.369 -3.358 -3.344 -3.329 -3.312 -3.293 -3.272 -3.249 -3.224 -3.197 
-3.169 -3.138 -3.106 -3.072 -3.037 -3.000 -2.961 -2.921 -2.879 -2.837 
-2.793 -2.749 -2.705 -2.660 -2.616 -2.573 -2.530 -2.489 -2.450 -2.412 
-2.375 -2.341 -2.308 -2.277 -2.246 -2.217 -2.188 -2.159 -2.131 -2.103 
-2.077 -2.051 -2.027 -2.007 -1.991 -1.983 -1.985 -1.999 -2.025 -2.064 
-2.114 -2.171 -2.233 -2.298 -2.365 -2.432 -2.498 -2.563 -2.627 -2.689 
-2.737 
-2.646 -2.679 -2.739 -2.797 -2.854 -2.908 -2.960 -3.009 -3.055 -3.099 
-3.140 -3.179 -3.215 -3.248 -3.279 -3.307 -3.333 -3.356 -3.378 -3.396 
-3.413 -3.428 -3.440 -3.450 -3.458 -3.464 -3.468 -3.469 -3.469 -3.467 
-3.462 -3.456 -3.447 -3.436 -3.424 -3.409 -3.392 -3.373 -3.351 -3.328 
-3.302 -3.274 -3.244 -3.212 -3.178 -3.141 -3.102 -3.061 -3.018 -2.973 
-2.926 -2.878 -2.828 -2.778 -2.726 -2.675 -2.623 -2.573 -2.525 -2.478 
-2.435 -2.394 -2.358 -2.326 -2.299 -2.279 -2.266 -2.258 -2.254 -2.252 
-2.249 -2.246 -2.241 -2.234 -2.227 -2.220 -2.214 -2.211 -2.212 -2.216 
-2.224 -2.237 -2.255 -2.279 -2.310 -2.349 -2.394 -2.445 -2.501 -2.559 
-2.622 
-2.781 -2.830 -2.881 -2.932 -2.982 -3.030 -3.077 -3.123 -3.166 -3.207 
-3.247 -3.284 -3.319 -3.352 -3.382 -3.411 -3.437 -3.462 -3.484 -3.504 
-3.522 -3.538 -3.551 -3.563 -3.573 -3.580 -3.586 -3.590 -3.591 -3.590 
-3.588 -3.583 -3.576 -3.567 -3.556 -3.543 -3.528 -3.510 -3.490 -3.468 
-3.443 -3.416 -3.387 -3.355 -3.320 -3.283 -3.243 -3.200 -3.154 -3.106 
-3.054 -3.000 -2.943 -2.883 -2.820 -2.754 -2.686 -2.616 -2.543 -2.468 
-2.392 -2.318 -2.248 -2.185 -2.135 -2.100 -2.083 -2.083 -2.096 -2.117 
-2.143 -2.168 -2.190 -2.207 -2.216 -2.218 -2.214 -2.210 -2.216 -2.242 
-2.285 -2.336 -2.387 -2.435 -2.482 -2.529 -2.576 -2.625 -2.675 -2.726 
-2.766 
-2.953 -3.022 -3.085 -3.144 -3.199 -3.250 -3.299 -3.344 -3.386 -3.426 
-3.462 -3.496 -3.527 -3.556 -3.582 -3.606 -3.627 -3.646 -3.663 -3.677 
-3.689 -3.699 -3.707 -3.712 -3.715 -3.716 -3.715 -3.712 -3.707 -3.699 
-3.690 -3.678 -3.664 -3.647 -3.629 -3.608 -3.585 -3.559 -3.532 -3.501 
-3.469 -3.434 -3.396 -3.356 -3.313 -3.269 -3.221 -3.172 -3.121 -3.067 
-3.013 -2.957 -2.901 -2.845 -2.790 -2.737 -2.685 -2.636 -2.589 -2.545 
-2.503 -2.463 -2.425 -2.389 -2.357 -2.330 -2.308 -2.291 -2.274 -2.255 
-2.230 -2.196 -2.152 -2.097 -2.031 -1.960 -1.891 -1.841 -1.827 -1.862 
-1.943 -2.054 -2.179 -2.304 -2.422 -2.531 -2.631 -2.722 -2.806 -2.883 
-2.920 
