IRGRID 64 91
1e+308

0.025 0.03 0.035 0.04 0.045 0.05 0.055 0.06 0.065 0.07
0.075 0.08 0.085 0.09 0.095 0.1 0.11 0.12 0.13 0.14
0.15 0.16 0.17 0.18 0.19 0.2 0.21 0.22 0.23 0.24
0.25 0.26 0.27 0.28 0.29 0.3 0.31 0.32 0.33 0.34
0.35 0.36 0.37 0.38 0.39 0.4 0.41 0.42 0.43 0.44
0.45 0.46 0.47 0.48 0.49 0.5 0.51 0.52 0.53 0.54
0.55 0.56 0.57 0.58
0 4 8 12 16 20 24 28 32 36
40 44 48 52 56 60 64 68 72 76
80 84 88 92 96 100 104 108 112 116
120 124 128 132 136 140 144 148 152 156
160 164 168 172 176 180 184 188 192 196
200 204 208 212 216 220 224 228 232 236
240 244 248 252 256 260 264 268 272 276
280 284 288 292 296 300 304 308 312 316
320 324 328 332 336 340 344 348 352 356
360
-4.000 -4.000 -4.000 -4.000 -4.000 -4.000 -4.000 -4.000 -4.000 -4.000 
-4.000 -4.000 -4.000 -4.000 -4.000 -4.000 -4.000 -4.000 -4.000 -4.000 
-4.000 -4.000 -4.000 -4.000 -4.000 -4.000 -4.000 -4.000 -4.000 -4.000 
-4.000 -4.000 -4.000 -4.000 -4.000 -4.000 -4.000 -4.000 -4.000 -4.000 
-4.000 -4.000 -4.000 -4.000 -4.000 -4.000 -4.000 -4.000 -4.000 -4.000 
-4.000 -4.000 -4.000 -4.000 -4.000 -4.000 -4.000 -4.000 -3.949 -3.864 
-3.802 -3.780 -3.811 -3.889 -3.995 -4.000 -4.000 -4.000 -4.000 -4.000 
-4.000 -4.000 -4.000 -4.000 -4.000 -4.000 -4.000 -4.000 -4.000 -4.000 
-4.000 -4.000 -4.000 -4.000 -4.000 -4.000 -4.000 -4.000 -4.000 -4.000 
-4.000 
-4.000 -4.000 -4.000 -4.000 -4.000 -4.000 -4.000 -4.000 -4.000 -4.000 
-4.000 -4.000 -4.000 -4.000 -4.000 -4.000 -4.000 -4.000 -4.000 -4.000 
-3.995 -3.945 -3.906 -3.877 -3.852 -3.828 -3.804 -3.786 -3.779 -3.787 
-3.812 -3.850 -3.896 -3.947 -3.998 -4.000 -4.000 -4.000 -4.000 -4.000 
-4.000 -4.000 -4.000 -4.000 -4.000 -4.000 -4.000 -4.000 -4.000 -4.000 
-4.000 -4.000 -4.000 -4.000 -4.000 -3.962 -3.905 -3.846 -3.785 -3.724 
-3.664 -3.608 -3.562 -3.540 -3.561 -3.631 -3.733 -3.843 -3.950 -4.000 
-4.000 -4.000 -4.000 -4.000 -4.000 -4.000 -4.000 -4.000 -4.000 -4.000 
-4.000 -4.000 -4.000 -4.000 -4.000 -4.000 -4.000 -4.000 -4.000 -4.000 
-4.000 
-3.991 -4.000 -4.000 -4.000 -3.997 -3.980 -3.961 -3.938 -3.911 -3.882 
-3.848 -3.811 -3.770 -3.724 -3.674 -3.620 -3.563 -3.503 -3.444 -3.390 
-3.345 -3.315 -3.304 -3.314 -3.339 -3.376 -3.419 -3.462 -3.505 -3.545 
-3.583 -3.618 -3.649 -3.677 -3.701 -3.722 -3.738 -3.750 -3.759 -3.763 
-3.764 -3.762 -3.755 -3.745 -3.730 -3.712 -3.689 -3.661 -3.629 -3.591 
-3.547 -3.498 -3.441 -3.377 -3.305 -3.224 -3.134 -3.036 -2.933 -2.833 
-2.748 -2.694 -2.674 -2.687 -2.733 -2.816 -2.924 -3.042 -3.156 -3.262 
-3.359 -3.445 -3.523 -3.592 -3.654 -3.710 -3.760 -3.805 -3.844 -3.880 
-3.911 -3.938 -3.962 -3.982 -3.998 -4.000 -4.000 -4.000 -4.000 -4.000 
-3.992 
-3.499 -3.486 -3.479 -3.469 -3.458 -3.445 -3.430 -3.415 -3.399 -3.384 
-3.370 -3.356 -3.344 -3.332 -3.321 -3.310 -3.298 -3.285 -3.272 -3.259 
-3.247 -3.237 -3.231 -3.228 -3.229 -3.232 -3.236 -3.240 -3.245 -3.250 
-3.254 -3.258 -3.261 -3.263 -3.265 -3.265 -3.263 -3.259 -3.254 -3.246 
-3.236 -3.223 -3.207 -3.188 -3.165 -3.139 -3.108 -3.073 -3.033 -2.988 
-2.937 -2.880 -2.815 -2.742 -2.661 -2.570 -2.470 -2.363 -2.254 -2.156 
-2.090 -2.075 -2.114 -2.195 -2.301 -2.415 -2.530 -2.638 -2.737 -2.827 
-2.909 -2.982 -3.049 -3.109 -3.163 -3.212 -3.256 -3.295 -3.330 -3.362 
-3.389 -3.413 -3.433 -3.451 -3.465 -3.476 -3.485 -3.490 -3.493 -3.493 
-3.499 
-3.227 -3.245 -3.235 -3.222 -3.206 -3.189 -3.171 -3.153 -3.138 -3.126 
-3.120 -3.119 -3.125 -3.138 -3.156 -3.178 -3.203 -3.229 -3.255 -3.280 
-3.302 -3.322 -3.339 -3.352 -3.361 -3.367 -3.367 -3.363 -3.354 -3.338 
-3.317 -3.290 -3.256 -3.217 -3.177 -3.139 -3.109 -3.095 -3.099 -3.119 
-3.149 -3.183 -3.213 -3.236 -3.250 -3.254 -3.248 -3.232 -3.206 -3.170 
-3.124 -3.068 -3.001 -2.922 -2.830 -2.723 -2.603 -2.470 -2.335 -2.219 
-2.156 -2.169 -2.250 -2.369 -2.499 -2.623 -2.736 -2.835 -2.922 -2.997 
-3.062 -3.117 -3.164 -3.202 -3.233 -3.257 -3.275 -3.287 -3.293 -3.295 
-3.293 -3.288 -3.282 -3.275 -3.270 -3.266 -3.263 -3.261 -3.260 -3.257 
-3.233 
-2.851 -2.876 -2.897 -2.918 -2.937 -2.955 -2.972 -2.988 -3.002 -3.016 
-3.030 -3.043 -3.056 -3.068 -3.080 -3.090 -3.099 -3.105 -3.108 -3.108 
-3.105 -3.098 -3.086 -3.070 -3.050 -3.024 -2.993 -2.957 -2.915 -2.867 
-2.813 -2.754 -2.691 -2.627 -2.565 -2.511 -2.472 -2.454 -2.460 -2.490 
-2.536 -2.591 -2.648 -2.701 -2.745 -2.779 -2.801 -2.808 -2.801 -2.778 
-2.741 -2.690 -2.627 -2.557 -2.487 -2.429 -2.394 -2.387 -2.402 -2.428 
-2.463 -2.522 -2.601 -2.684 -2.759 -2.823 -2.874 -2.916 -2.948 -2.972 
-2.988 -2.997 -3.001 -2.998 -2.990 -2.977 -2.960 -2.939 -2.915 -2.890 
-2.865 -2.841 -2.820 -2.804 -2.793 -2.789 -2.792 -2.802 -2.816 -2.834 
-2.841 
-2.493 -2.497 -2.488 -2.480 -2.474 -2.471 -2.471 -2.475 -2.484 -2.498 
-2.517 -2.539 -2.564 -2.590 -2.617 -2.644 -2.670 -2.695 -2.718 -2.739 
-2.759 -2.776 -2.791 -2.803 -2.813 -2.820 -2.824 -2.826 -2.823 -2.818 
-2.808 -2.795 -2.778 -2.757 -2.733 -2.708 -2.684 -2.663 -2.647 -2.634 
-2.620 -2.602 -2.578 -2.547 -2.508 -2.463 -2.409 -2.349 -2.282 -2.207 
-2.125 -2.037 -1.946 -1.855 -1.772 -1.707 -1.669 -1.661 -1.674 -1.687 
-1.666 -1.585 -1.500 -1.560 -1.729 -1.893 -2.025 -2.129 -2.213 -2.282 
-2.339 -2.386 -2.426 -2.460 -2.487 -2.510 -2.528 -2.542 -2.552 -2.558 
-2.562 -2.563 -2.561 -2.558 -2.553 -2.547 -2.540 -2.532 -2.524 -2.515 
-2.494 
-2.139 -2.150 -2.145 -2.136 -2.126 -2.118 -2.114 -2.117 -2.127 -2.147 
-2.175 -2.210 -2.251 -2.296 -2.343 -2.391 -2.438 -2.484 -2.528 -2.570 
-2.609 -2.645 -2.678 -2.708 -2.735 -2.759 -2.780 -2.798 -2.813 -2.825 
-2.835 -2.841 -2.844 -2.845 -2.842 -2.837 -2.828 -2.816 -2.801 -2.782 
-2.760 -2.734 -2.704 -2.670 -2.631 -2.586 -2.536 -2.480 -2.416 -2.343 
-2.259 -2.161 -2.044 -1.895 -1.687 -1.354 -0.929 -1.178 -1.389 -1.358 
-1.201 -1.005 -0.881 -0.921 -1.093 -1.303 -1.491 -1.646 -1.773 -1.877 
-1.964 -2.036 -2.096 -2.146 -2.186 -2.218 -2.243 -2.261 -2.272 -2.276 
-2.273 -2.265 -2.251 -2.231 -2.209 -2.185 -2.166 -2.154 -2.149 -2.150 
-2.147 
-1.863 -1.914 -1.981 -2.049 -2.115 -2.179 -2.239 -2.295 -2.349 -2.401 
-2.452 -2.502 -2.551 -2.598 -2.643 -2.685 -2.725 -2.762 -2.796 -2.826 
-2.853 -2.878 -2.899 -2.916 -2.931 -2.943 -2.952 -2.958 -2.960 -2.960 
-2.957 -2.951 -2.942 -2.929 -2.914 -2.895 -2.872 -2.846 -2.817 -2.783 
-2.745 -2.702 -2.654 -2.601 -2.541 -2.475 -2.400 -2.315 -2.219 -2.109 
-1.980 -1.826 -1.637 -1.390 -1.044 -0.593 -0.295 -0.482 -0.824 -0.893 
-0.404 -0.804 -1.142 -1.321 -1.506 -1.664 -1.787 -1.882 -1.956 -2.014 
-2.058 -2.091 -2.114 -2.128 -2.134 -2.133 -2.123 -2.107 -2.083 -2.052 
-2.014 -1.970 -1.922 -1.871 -1.821 -1.779 -1.752 -1.745 -1.761 -1.798 
-1.837 
-1.716 -1.719 -1.754 -1.801 -1.858 -1.921 -1.987 -2.054 -2.118 -2.179 
-2.237 -2.290 -2.339 -2.384 -2.424 -2.461 -2.493 -2.522 -2.546 -2.568 
-2.586 -2.601 -2.613 -2.621 -2.627 -2.630 -2.631 -2.628 -2.623 -2.616 
-2.606 -2.594 -2.579 -2.562 -2.542 -2.520 -2.496 -2.469 -2.441 -2.410 
-2.376 -2.340 -2.302 -2.261 -2.217 -2.170 -2.119 -2.065 -2.006 -1.942 
-1.870 -1.789 -1.693 -1.574 -1.414 -1.159 -0.807 -0.871 -0.693 -0.167 
0.216 -0.038 -0.482 -0.740 -0.786 -0.740 -0.698 -0.738 -0.862 -1.020 
-1.175 -1.311 -1.428 -1.526 -1.608 -1.675 -1.728 -1.769 -1.799 -1.819 
-1.828 -1.828 -1.819 -1.803 -1.781 -1.756 -1.731 -1.710 -1.695 -1.691 
-1.714 
-1.879 -1.917 -1.948 -1.981 -2.014 -2.046 -2.077 -2.105 -2.130 -2.153 
-2.173 -2.190 -2.204 -2.216 -2.225 -2.232 -2.237 -2.240 -2.241 -2.240 
-2.237 -2.232 -2.225 -2.217 -2.206 -2.194 -2.180 -2.164 -2.147 -2.128 
-2.107 -2.085 -2.060 -2.035 -2.007 -1.978 -1.948 -1.915 -1.881 -1.846 
-1.809 -1.771 -1.731 -1.689 -1.646 -1.601 -1.555 -1.506 -1.455 -1.402 
-1.346 -1.285 -1.220 -1.149 -1.069 -0.976 -0.866 -0.728 -0.545 -0.298 
0.014 -0.099 -0.211 -0.208 -0.131 -0.034 0.021 -0.008 -0.121 -0.279 
-0.445 -0.600 -0.739 -0.864 -0.975 -1.077 -1.170 -1.255 -1.333 -1.406 
-1.473 -1.535 -1.592 -1.644 -1.691 -1.733 -1.770 -1.803 -1.832 -1.860 
-1.869 
-1.845 -1.908 -1.948 -1.985 -2.020 -2.053 -2.084 -2.113 -2.140 -2.164 
-2.187 -2.207 -2.226 -2.242 -2.257 -2.269 -2.280 -2.289 -2.295 -2.300 
-2.302 -2.303 -2.302 -2.298 -2.293 -2.286 -2.277 -2.265 -2.252 -2.236 
-2.219 -2.199 -2.177 -2.153 -2.126 -2.097 -2.066 -2.032 -1.996 -1.956 
-1.914 -1.869 -1.820 -1.768 -1.712 -1.652 -1.587 -1.517 -1.441 -1.359 
-1.269 -1.170 -1.060 -0.938 -0.800 -0.642 -0.459 -0.242 0.014 0.278 
0.448 0.416 0.240 0.044 -0.104 -0.198 -0.261 -0.335 -0.433 -0.536 
-0.630 -0.714 -0.791 -0.864 -0.934 -1.003 -1.071 -1.138 -1.205 -1.271 
-1.335 -1.397 -1.458 -1.516 -1.573 -1.627 -1.679 -1.730 -1.777 -1.823 
-1.833 
-1.618 -1.614 -1.648 -1.681 -1.713 -1.743 -1.772 -1.800 -1.825 -1.849 
-1.871 -1.891 -1.910 -1.926 -1.940 -1.953 -1.963 -1.972 -1.978 -1.982 
-1.985 -1.985 -1.983 -1.980 -1.974 -1.966 -1.957 -1.945 -1.932 -1.917 
-1.900 -1.882 -1.862 -1.840 -1.817 -1.792 -1.765 -1.737 -1.707 -1.674 
-1.639 -1.601 -1.560 -1.516 -1.468 -1.415 -1.359 -1.297 -1.229 -1.155 
-1.073 -0.984 -0.886 -0.779 -0.662 -0.536 -0.403 -0.267 -0.133 0.004 
0.139 0.279 0.295 -0.055 -0.266 -0.407 -0.515 -0.604 -0.679 -0.745 
-0.804 -0.856 -0.904 -0.949 -0.991 -1.031 -1.070 -1.107 -1.144 -1.180 
-1.215 -1.251 -1.287 -1.324 -1.360 -1.397 -1.434 -1.471 -1.507 -1.544 
-1.602 
-1.856 -1.908 -1.924 -1.939 -1.951 -1.961 -1.969 -1.974 -1.978 -1.979 
-1.978 -1.975 -1.969 -1.962 -1.952 -1.941 -1.928 -1.912 -1.896 -1.877 
-1.857 -1.836 -1.813 -1.789 -1.765 -1.740 -1.714 -1.689 -1.663 -1.638 
-1.612 -1.588 -1.564 -1.541 -1.519 -1.497 -1.475 -1.455 -1.434 -1.413 
-1.392 -1.371 -1.348 -1.323 -1.297 -1.268 -1.236 -1.200 -1.160 -1.115 
-1.063 -1.005 -0.937 -0.860 -0.770 -0.666 -0.545 -0.400 -0.223 0.016 
0.380 0.741 0.830 0.525 0.105 -0.212 -0.446 -0.629 -0.777 -0.901 
-1.007 -1.099 -1.180 -1.252 -1.317 -1.375 -1.428 -1.476 -1.521 -1.563 
-1.602 -1.639 -1.673 -1.706 -1.738 -1.767 -1.795 -1.822 -1.846 -1.869 
-1.853 
-1.904 -1.904 -1.913 -1.918 -1.922 -1.923 -1.922 -1.919 -1.913 -1.906 
-1.896 -1.885 -1.872 -1.856 -1.839 -1.820 -1.800 -1.778 -1.755 -1.731 
-1.705 -1.679 -1.652 -1.626 -1.599 -1.573 -1.547 -1.522 -1.499 -1.478 
-1.458 -1.440 -1.425 -1.410 -1.398 -1.386 -1.375 -1.365 -1.355 -1.344 
-1.332 -1.320 -1.306 -1.290 -1.272 -1.251 -1.228 -1.202 -1.172 -1.137 
-1.098 -1.053 -1.001 -0.941 -0.872 -0.790 -0.693 -0.576 -0.431 -0.247 
0.002 0.352 0.556 0.501 0.348 0.178 -0.056 -0.316 -0.533 -0.710 
-0.856 -0.982 -1.090 -1.186 -1.271 -1.347 -1.415 -1.477 -1.533 -1.584 
-1.630 -1.672 -1.710 -1.744 -1.774 -1.801 -1.825 -1.847 -1.865 -1.881 
-1.901 
-1.875 -1.913 -1.935 -1.954 -1.971 -1.986 -1.999 -2.009 -2.017 -2.023 
-2.026 -2.028 -2.027 -2.024 -2.020 -2.013 -2.004 -1.994 -1.981 -1.967 
-1.950 -1.933 -1.913 -1.892 -1.870 -1.847 -1.822 -1.797 -1.771 -1.744 
-1.716 -1.688 -1.659 -1.629 -1.599 -1.567 -1.535 -1.502 -1.469 -1.434 
-1.399 -1.364 -1.329 -1.293 -1.257 -1.222 -1.186 -1.149 -1.111 -1.073 
-1.032 -0.988 -0.940 -0.888 -0.829 -0.762 -0.686 -0.598 -0.493 -0.369 
-0.218 -0.032 0.187 0.373 0.500 0.560 0.421 0.158 -0.110 -0.334 
-0.518 -0.672 -0.806 -0.923 -1.027 -1.121 -1.206 -1.284 -1.355 -1.421 
-1.482 -1.538 -1.591 -1.639 -1.684 -1.725 -1.764 -1.799 -1.832 -1.861 
-1.868 
-1.741 -1.749 -1.780 -1.810 -1.838 -1.864 -1.887 -1.909 -1.929 -1.947 
-1.964 -1.978 -1.991 -2.002 -2.011 -2.018 -2.023 -2.027 -2.029 -2.029 
-2.027 -2.024 -2.019 -2.011 -2.002 -1.992 -1.979 -1.965 -1.948 -1.930 
-1.910 -1.888 -1.864 -1.838 -1.810 -1.780 -1.749 -1.715 -1.680 -1.642 
-1.603 -1.562 -1.519 -1.474 -1.427 -1.377 -1.325 -1.270 -1.212 -1.149 
-1.083 -1.012 -0.935 -0.852 -0.761 -0.662 -0.552 -0.429 -0.291 -0.134 
0.043 0.236 0.419 0.536 0.533 0.442 0.262 0.057 -0.123 -0.277 
-0.411 -0.530 -0.637 -0.734 -0.824 -0.907 -0.984 -1.057 -1.125 -1.190 
-1.251 -1.309 -1.364 -1.417 -1.466 -1.514 -1.558 -1.601 -1.641 -1.679 
-1.727 
-1.862 -1.899 -1.930 -1.958 -1.985 -2.009 -2.032 -2.052 -2.071 -2.087 
-2.102 -2.114 -2.125 -2.134 -2.141 -2.146 -2.150 -2.151 -2.151 -2.149 
-2.145 -2.140 -2.133 -2.123 -2.112 -2.100 -2.085 -2.069 -2.050 -2.030 
-2.008 -1.984 -1.957 -1.929 -1.899 -1.866 -1.832 -1.795 -1.756 -1.714 
-1.671 -1.624 -1.575 -1.524 -1.469 -1.412 -1.351 -1.287 -1.219 -1.148 
-1.071 -0.990 -0.903 -0.809 -0.708 -0.597 -0.475 -0.341 -0.194 -0.035 
0.138 0.330 0.517 0.621 0.565 0.385 0.174 -0.014 -0.173 -0.310 
-0.437 -0.557 -0.672 -0.782 -0.886 -0.983 -1.073 -1.158 -1.236 -1.309 
-1.378 -1.442 -1.502 -1.558 -1.611 -1.660 -1.707 -1.750 -1.791 -1.830 
-1.852 
-1.992 -2.025 -2.066 -2.104 -2.139 -2.171 -2.200 -2.227 -2.252 -2.274 
-2.294 -2.311 -2.326 -2.339 -2.350 -2.359 -2.365 -2.370 -2.372 -2.373 
-2.371 -2.367 -2.361 -2.353 -2.343 -2.331 -2.317 -2.300 -2.282 -2.261 
-2.237 -2.212 -2.184 -2.153 -2.120 -2.084 -2.045 -2.003 -1.958 -1.910 
-1.859 -1.803 -1.744 -1.681 -1.613 -1.541 -1.463 -1.380 -1.292 -1.197 
-1.097 -0.991 -0.879 -0.762 -0.637 -0.502 -0.358 -0.206 -0.058 0.070 
0.163 0.222 0.264 0.287 0.239 0.157 0.090 0.037 -0.014 -0.078 
-0.161 -0.265 -0.386 -0.515 -0.646 -0.774 -0.897 -1.013 -1.122 -1.224 
-1.319 -1.408 -1.491 -1.568 -1.640 -1.707 -1.770 -1.828 -1.883 -1.934 
-1.975 
-2.121 -2.164 -2.204 -2.241 -2.275 -2.305 -2.333 -2.359 -2.382 -2.402 
-2.420 -2.435 -2.448 -2.459 -2.468 -2.474 -2.478 -2.480 -2.479 -2.477 
-2.472 -2.465 -2.455 -2.444 -2.430 -2.413 -2.395 -2.374 -2.350 -2.324 
-2.295 -2.263 -2.229 -2.191 -2.151 -2.107 -2.059 -2.009 -1.954 -1.895 
-1.832 -1.765 -1.693 -1.616 -1.533 -1.445 -1.352 -1.254 -1.151 -1.046 
-0.939 -0.836 -0.740 -0.655 -0.586 -0.536 -0.500 -0.468 -0.429 -0.385 
-0.349 -0.332 -0.330 -0.332 -0.328 -0.312 -0.287 -0.257 -0.233 -0.230 
-0.260 -0.328 -0.432 -0.565 -0.711 -0.857 -0.995 -1.124 -1.242 -1.351 
-1.451 -1.543 -1.629 -1.708 -1.781 -1.849 -1.912 -1.970 -2.024 -2.075 
-2.108 
-2.183 -2.219 -2.262 -2.301 -2.338 -2.371 -2.401 -2.429 -2.454 -2.476 
-2.495 -2.513 -2.527 -2.539 -2.549 -2.557 -2.562 -2.565 -2.566 -2.564 
-2.560 -2.554 -2.546 -2.535 -2.522 -2.507 -2.489 -2.468 -2.445 -2.420 
-2.391 -2.360 -2.326 -2.289 -2.249 -2.205 -2.158 -2.107 -2.052 -1.993 
-1.930 -1.861 -1.788 -1.709 -1.624 -1.533 -1.435 -1.330 -1.218 -1.099 
-0.974 -0.845 -0.718 -0.601 -0.509 -0.456 -0.446 -0.471 -0.513 -0.558 
-0.595 -0.621 -0.633 -0.630 -0.612 -0.578 -0.529 -0.466 -0.395 -0.325 
-0.272 -0.257 -0.299 -0.405 -0.555 -0.722 -0.888 -1.042 -1.183 -1.311 
-1.427 -1.533 -1.629 -1.718 -1.799 -1.874 -1.944 -2.008 -2.067 -2.121 
-2.166 
-2.224 -2.266 -2.306 -2.342 -2.376 -2.406 -2.434 -2.459 -2.481 -2.500 
-2.518 -2.532 -2.544 -2.554 -2.562 -2.567 -2.570 -2.571 -2.569 -2.565 
-2.559 -2.550 -2.540 -2.526 -2.511 -2.493 -2.472 -2.449 -2.424 -2.396 
-2.365 -2.331 -2.294 -2.254 -2.210 -2.164 -2.113 -2.059 -2.001 -1.939 
-1.873 -1.801 -1.726 -1.645 -1.559 -1.469 -1.375 -1.277 -1.179 -1.081 
-0.987 -0.898 -0.816 -0.741 -0.678 -0.642 -0.642 -0.669 -0.704 -0.734 
-0.752 -0.758 -0.749 -0.727 -0.689 -0.636 -0.569 -0.492 -0.416 -0.361 
-0.349 -0.391 -0.483 -0.612 -0.758 -0.907 -1.051 -1.186 -1.312 -1.427 
-1.533 -1.630 -1.719 -1.801 -1.876 -1.946 -2.011 -2.070 -2.125 -2.176 
-2.211 
-2.196 -2.233 -2.279 -2.321 -2.359 -2.395 -2.427 -2.457 -2.484 -2.508 
-2.530 -2.549 -2.565 -2.579 -2.591 -2.600 -2.607 -2.612 -2.615 -2.615 
-2.613 -2.608 -2.601 -2.592 -2.581 -2.567 -2.551 -2.532 -2.511 -2.487 
-2.461 -2.431 -2.399 -2.364 -2.325 -2.284 -2.238 -2.189 -2.137 -2.079 
-2.018 -1.952 -1.880 -1.803 -1.719 -1.629 -1.532 -1.427 -1.314 -1.191 
-1.058 -0.916 -0.765 -0.616 -0.491 -0.418 -0.414 -0.463 -0.538 -0.613 
-0.678 -0.729 -0.764 -0.784 -0.790 -0.781 -0.759 -0.724 -0.681 -0.639 
-0.611 -0.605 -0.620 -0.659 -0.727 -0.823 -0.938 -1.061 -1.185 -1.304 
-1.417 -1.522 -1.620 -1.710 -1.794 -1.872 -1.944 -2.011 -2.073 -2.130 
-2.178 
-2.222 -2.249 -2.290 -2.329 -2.364 -2.397 -2.426 -2.454 -2.478 -2.500 
-2.519 -2.536 -2.551 -2.564 -2.574 -2.582 -2.587 -2.591 -2.592 -2.591 
-2.588 -2.583 -2.575 -2.565 -2.553 -2.539 -2.522 -2.504 -2.482 -2.459 
-2.433 -2.404 -2.373 -2.339 -2.302 -2.263 -2.220 -2.175 -2.126 -2.075 
-2.019 -1.961 -1.898 -1.831 -1.760 -1.684 -1.603 -1.517 -1.425 -1.327 
-1.224 -1.115 -1.003 -0.893 -0.795 -0.726 -0.697 -0.699 -0.715 -0.736 
-0.754 -0.767 -0.770 -0.765 -0.757 -0.758 -0.772 -0.793 -0.810 -0.823 
-0.834 -0.850 -0.877 -0.922 -0.986 -1.067 -1.159 -1.256 -1.353 -1.448 
-1.539 -1.626 -1.708 -1.785 -1.858 -1.926 -1.989 -2.049 -2.104 -2.156 
-2.205 
-2.398 -2.437 -2.466 -2.492 -2.516 -2.537 -2.556 -2.572 -2.586 -2.598 
-2.608 -2.615 -2.621 -2.624 -2.625 -2.624 -2.621 -2.616 -2.609 -2.600 
-2.589 -2.576 -2.561 -2.544 -2.525 -2.504 -2.480 -2.455 -2.427 -2.398 
-2.366 -2.332 -2.296 -2.258 -2.218 -2.176 -2.132 -2.086 -2.039 -1.990 
-1.939 -1.887 -1.834 -1.781 -1.726 -1.671 -1.615 -1.559 -1.502 -1.444 
-1.385 -1.326 -1.265 -1.205 -1.146 -1.089 -1.037 -0.985 -0.933 -0.875 
-0.808 -0.731 -0.648 -0.569 -0.513 -0.503 -0.549 -0.641 -0.757 -0.880 
-0.999 -1.110 -1.214 -1.312 -1.406 -1.498 -1.587 -1.672 -1.754 -1.831 
-1.904 -1.972 -2.036 -2.095 -2.150 -2.201 -2.249 -2.293 -2.334 -2.371 
-2.390 
-2.469 -2.505 -2.537 -2.566 -2.593 -2.617 -2.639 -2.659 -2.676 -2.691 
-2.703 -2.714 -2.722 -2.729 -2.733 -2.735 -2.735 -2.733 -2.729 -2.723 
-2.715 -2.705 -2.692 -2.678 -2.661 -2.643 -2.622 -2.599 -2.573 -2.546 
-2.516 -2.484 -2.449 -2.412 -2.372 -2.330 -2.286 -2.239 -2.189 -2.136 
-2.081 -2.023 -1.963 -1.901 -1.836 -1.769 -1.700 -1.629 -1.558 -1.487 
-1.416 -1.347 -1.281 -1.218 -1.159 -1.105 -1.054 -1.005 -0.957 -0.908 
-0.856 -0.800 -0.740 -0.680 -0.627 -0.595 -0.595 -0.630 -0.700 -0.798 
-0.913 -1.036 -1.159 -1.278 -1.392 -1.499 -1.599 -1.693 -1.781 -1.863 
-1.939 -2.010 -2.077 -2.139 -2.197 -2.251 -2.302 -2.349 -2.392 -2.433 
-2.457 
-2.387 -2.411 -2.443 -2.472 -2.498 -2.522 -2.543 -2.562 -2.579 -2.593 
-2.605 -2.615 -2.623 -2.628 -2.632 -2.633 -2.632 -2.629 -2.624 -2.617 
-2.608 -2.597 -2.584 -2.569 -2.553 -2.534 -2.513 -2.490 -2.466 -2.439 
-2.411 -2.381 -2.350 -2.316 -2.281 -2.244 -2.205 -2.164 -2.121 -2.076 
-2.028 -1.979 -1.926 -1.871 -1.813 -1.753 -1.691 -1.627 -1.561 -1.496 
-1.432 -1.370 -1.311 -1.257 -1.208 -1.165 -1.126 -1.091 -1.059 -1.027 
-0.994 -0.958 -0.920 -0.882 -0.851 -0.834 -0.837 -0.860 -0.900 -0.955 
-1.021 -1.097 -1.180 -1.267 -1.357 -1.446 -1.534 -1.619 -1.701 -1.778 
-1.852 -1.921 -1.987 -2.048 -2.105 -2.159 -2.209 -2.256 -2.299 -2.340 
-2.373 
-2.356 -2.368 -2.387 -2.404 -2.418 -2.431 -2.440 -2.448 -2.454 -2.457 
-2.459 -2.458 -2.455 -2.451 -2.444 -2.436 -2.426 -2.414 -2.400 -2.384 
-2.367 -2.348 -2.328 -2.305 -2.282 -2.257 -2.231 -2.203 -2.175 -2.146 
-2.116 -2.085 -2.054 -2.022 -1.991 -1.959 -1.928 -1.897 -1.866 -1.835 
-1.805 -1.775 -1.746 -1.716 -1.688 -1.659 -1.631 -1.602 -1.572 -1.542 
-1.510 -1.476 -1.439 -1.400 -1.358 -1.313 -1.263 -1.208 -1.145 -1.075 
-0.997 -0.912 -0.826 -0.750 -0.701 -0.693 -0.728 -0.797 -0.888 -0.994 
-1.106 -1.217 -1.324 -1.425 -1.519 -1.607 -1.688 -1.764 -1.834 -1.899 
-1.959 -2.014 -2.065 -2.112 -2.155 -2.195 -2.231 -2.264 -2.294 -2.322 
-2.349 
-2.414 -2.446 -2.470 -2.491 -2.510 -2.526 -2.540 -2.551 -2.561 -2.568 
-2.572 -2.575 -2.575 -2.573 -2.570 -2.564 -2.555 -2.545 -2.533 -2.518 
-2.502 -2.483 -2.462 -2.439 -2.414 -2.386 -2.357 -2.325 -2.291 -2.255 
-2.217 -2.176 -2.134 -2.089 -2.043 -1.994 -1.945 -1.893 -1.842 -1.789 
-1.738 -1.687 -1.639 -1.595 -1.554 -1.519 -1.489 -1.464 -1.444 -1.428 
-1.415 -1.402 -1.390 -1.376 -1.360 -1.339 -1.314 -1.283 -1.245 -1.199 
-1.144 -1.080 -1.008 -0.931 -0.856 -0.791 -0.746 -0.732 -0.764 -0.844 
-0.958 -1.086 -1.216 -1.340 -1.455 -1.560 -1.656 -1.745 -1.826 -1.901 
-1.970 -2.033 -2.091 -2.145 -2.195 -2.241 -2.283 -2.322 -2.357 -2.390 
-2.405 
-2.321 -2.346 -2.366 -2.383 -2.399 -2.412 -2.424 -2.433 -2.441 -2.447 
-2.452 -2.455 -2.456 -2.456 -2.454 -2.450 -2.445 -2.439 -2.430 -2.421 
-2.409 -2.396 -2.380 -2.363 -2.344 -2.322 -2.299 -2.273 -2.245 -2.215 
-2.183 -2.148 -2.110 -2.071 -2.029 -1.985 -1.939 -1.891 -1.842 -1.792 
-1.742 -1.692 -1.644 -1.597 -1.554 -1.514 -1.478 -1.445 -1.417 -1.391 
-1.367 -1.342 -1.315 -1.282 -1.238 -1.176 -1.089 -0.976 -0.882 -0.889 
-0.977 -1.058 -1.105 -1.124 -1.126 -1.118 -1.111 -1.115 -1.144 -1.200 
-1.271 -1.348 -1.426 -1.503 -1.576 -1.647 -1.715 -1.780 -1.842 -1.899 
-1.954 -2.005 -2.052 -2.097 -2.138 -2.176 -2.211 -2.243 -2.273 -2.300 
-2.312 
-2.221 -2.203 -2.210 -2.215 -2.219 -2.222 -2.224 -2.226 -2.228 -2.228 
-2.229 -2.229 -2.229 -2.228 -2.227 -2.226 -2.225 -2.224 -2.222 -2.220 
-2.217 -2.214 -2.210 -2.205 -2.200 -2.194 -2.186 -2.177 -2.167 -2.155 
-2.142 -2.126 -2.109 -2.089 -2.067 -2.043 -2.015 -1.985 -1.952 -1.916 
-1.876 -1.833 -1.786 -1.735 -1.679 -1.619 -1.554 -1.483 -1.408 -1.331 
-1.255 -1.179 -1.100 -1.011 -0.900 -0.758 -0.587 -0.413 -0.301 -0.318 
-0.454 -0.638 -0.814 -0.964 -1.088 -1.193 -1.283 -1.363 -1.435 -1.502 
-1.566 -1.627 -1.684 -1.738 -1.789 -1.837 -1.881 -1.921 -1.958 -1.992 
-2.023 -2.051 -2.076 -2.098 -2.118 -2.136 -2.151 -2.165 -2.177 -2.187 
-2.219 
-2.482 -2.544 -2.560 -2.574 -2.587 -2.597 -2.607 -2.614 -2.620 -2.625 
-2.628 -2.630 -2.631 -2.630 -2.628 -2.625 -2.620 -2.614 -2.607 -2.598 
-2.588 -2.576 -2.562 -2.546 -2.529 -2.509 -2.486 -2.462 -2.435 -2.405 
-2.372 -2.336 -2.297 -2.255 -2.208 -2.158 -2.104 -2.046 -1.982 -1.914 
-1.841 -1.763 -1.680 -1.590 -1.496 -1.396 -1.294 -1.190 -1.090 -1.000 
-0.927 -0.879 -0.855 -0.852 -0.858 -0.862 -0.849 -0.807 -0.764 -0.793 
-0.890 -0.991 -1.075 -1.146 -1.212 -1.277 -1.343 -1.410 -1.480 -1.550 
-1.620 -1.689 -1.758 -1.824 -1.888 -1.949 -2.008 -2.063 -2.116 -2.165 
-2.212 -2.255 -2.296 -2.333 -2.368 -2.401 -2.430 -2.458 -2.483 -2.505 
-2.477 
-2.356 -2.372 -2.393 -2.413 -2.430 -2.446 -2.460 -2.472 -2.483 -2.491 
-2.498 -2.503 -2.505 -2.506 -2.505 -2.502 -2.497 -2.491 -2.482 -2.470 
-2.457 -2.442 -2.424 -2.405 -2.383 -2.358 -2.332 -2.302 -2.271 -2.236 
-2.199 -2.160 -2.117 -2.072 -2.023 -1.972 -1.917 -1.859 -1.799 -1.735 
-1.668 -1.600 -1.529 -1.457 -1.384 -1.313 -1.242 -1.174 -1.107 -1.040 
-0.972 -0.903 -0.859 -0.876 -0.935 -0.999 -1.053 -1.097 -1.135 -1.169 
-1.200 -1.229 -1.259 -1.289 -1.322 -1.356 -1.393 -1.433 -1.475 -1.519 
-1.566 -1.613 -1.661 -1.710 -1.758 -1.806 -1.853 -1.899 -1.944 -1.987 
-2.029 -2.068 -2.107 -2.143 -2.177 -2.210 -2.242 -2.271 -2.299 -2.325 
-2.348 
-2.245 -2.247 -2.268 -2.287 -2.307 -2.325 -2.342 -2.358 -2.373 -2.386 
-2.398 -2.409 -2.418 -2.425 -2.431 -2.435 -2.438 -2.438 -2.437 -2.433 
-2.428 -2.420 -2.411 -2.399 -2.385 -2.369 -2.350 -2.329 -2.305 -2.279 
-2.249 -2.217 -2.182 -2.143 -2.101 -2.055 -2.005 -1.950 -1.891 -1.826 
-1.756 -1.680 -1.597 -1.506 -1.407 -1.299 -1.186 -1.069 -0.952 -0.826 
-0.685 -0.548 -0.469 -0.495 -0.612 -0.765 -0.913 -1.042 -1.151 -1.243 
-1.322 -1.390 -1.449 -1.501 -1.548 -1.591 -1.630 -1.667 -1.701 -1.734 
-1.765 -1.794 -1.822 -1.849 -1.875 -1.899 -1.922 -1.945 -1.967 -1.989 
-2.010 -2.031 -2.053 -2.074 -2.096 -2.117 -2.139 -2.161 -2.183 -2.204 
-2.237 
-2.383 -2.409 -2.422 -2.434 -2.445 -2.455 -2.463 -2.470 -2.475 -2.479 
-2.482 -2.482 -2.482 -2.479 -2.476 -2.470 -2.463 -2.454 -2.443 -2.430 
-2.415 -2.399 -2.381 -2.360 -2.337 -2.312 -2.285 -2.255 -2.223 -2.188 
-2.150 -2.109 -2.064 -2.016 -1.964 -1.908 -1.846 -1.780 -1.707 -1.628 
-1.542 -1.448 -1.345 -1.233 -1.114 -0.992 -0.876 -0.781 -0.724 -0.708 
-0.718 -0.733 -0.759 -0.830 -0.943 -1.063 -1.174 -1.272 -1.358 -1.434 
-1.502 -1.562 -1.618 -1.668 -1.714 -1.757 -1.797 -1.835 -1.870 -1.904 
-1.936 -1.966 -1.996 -2.024 -2.052 -2.078 -2.104 -2.129 -2.154 -2.177 
-2.201 -2.223 -2.245 -2.266 -2.287 -2.307 -2.326 -2.344 -2.362 -2.379 
-2.379 
-2.451 -2.450 -2.455 -2.459 -2.461 -2.462 -2.462 -2.461 -2.459 -2.456 
-2.451 -2.446 -2.439 -2.431 -2.422 -2.412 -2.401 -2.388 -2.375 -2.360 
-2.344 -2.327 -2.308 -2.288 -2.267 -2.244 -2.219 -2.193 -2.165 -2.135 
-2.103 -2.069 -2.033 -1.994 -1.952 -1.907 -1.859 -1.807 -1.751 -1.689 
-1.623 -1.550 -1.471 -1.384 -1.289 -1.186 -1.077 -0.967 -0.863 -0.769 
-0.690 -0.643 -0.646 -0.704 -0.800 -0.916 -1.035 -1.148 -1.253 -1.350 
-1.438 -1.518 -1.592 -1.659 -1.722 -1.780 -1.834 -1.884 -1.930 -1.974 
-2.015 -2.054 -2.090 -2.124 -2.156 -2.186 -2.214 -2.240 -2.265 -2.288 
-2.309 -2.329 -2.347 -2.364 -2.380 -2.394 -2.407 -2.418 -2.428 -2.436 
-2.449 
-2.558 -2.574 -2.585 -2.594 -2.602 -2.608 -2.613 -2.616 -2.617 -2.617 
-2.615 -2.612 -2.607 -2.601 -2.593 -2.584 -2.573 -2.560 -2.545 -2.529 
-2.512 -2.492 -2.471 -2.447 -2.422 -2.395 -2.366 -2.335 -2.301 -2.265 
-2.226 -2.185 -2.142 -2.095 -2.045 -1.991 -1.934 -1.873 -1.808 -1.738 
-1.664 -1.583 -1.497 -1.404 -1.304 -1.198 -1.086 -0.970 -0.853 -0.744 
-0.656 -0.607 -0.610 -0.665 -0.753 -0.858 -0.965 -1.068 -1.164 -1.254 
-1.337 -1.415 -1.487 -1.556 -1.621 -1.682 -1.741 -1.798 -1.852 -1.904 
-1.953 -2.001 -2.047 -2.091 -2.133 -2.173 -2.211 -2.248 -2.283 -2.315 
-2.346 -2.376 -2.403 -2.429 -2.453 -2.475 -2.496 -2.515 -2.532 -2.548 
-2.554 
-2.637 -2.646 -2.660 -2.673 -2.683 -2.692 -2.699 -2.704 -2.707 -2.708 
-2.708 -2.705 -2.701 -2.695 -2.686 -2.676 -2.664 -2.650 -2.634 -2.616 
-2.596 -2.573 -2.549 -2.522 -2.493 -2.461 -2.427 -2.390 -2.351 -2.309 
-2.264 -2.216 -2.164 -2.110 -2.052 -1.990 -1.924 -1.854 -1.780 -1.702 
-1.619 -1.531 -1.439 -1.343 -1.244 -1.146 -1.051 -0.966 -0.897 -0.849 
-0.825 -0.826 -0.854 -0.903 -0.966 -1.033 -1.100 -1.165 -1.229 -1.291 
-1.351 -1.410 -1.468 -1.526 -1.583 -1.639 -1.695 -1.750 -1.805 -1.859 
-1.912 -1.964 -2.015 -2.064 -2.112 -2.159 -2.203 -2.246 -2.287 -2.326 
-2.364 -2.399 -2.432 -2.464 -2.493 -2.521 -2.547 -2.570 -2.592 -2.612 
-2.631 
-2.768 -2.782 -2.792 -2.800 -2.805 -2.809 -2.811 -2.811 -2.810 -2.806 
-2.800 -2.793 -2.783 -2.772 -2.758 -2.742 -2.725 -2.705 -2.683 -2.659 
-2.633 -2.605 -2.574 -2.541 -2.506 -2.468 -2.427 -2.384 -2.338 -2.290 
-2.239 -2.184 -2.127 -2.067 -2.004 -1.938 -1.869 -1.798 -1.725 -1.650 
-1.576 -1.502 -1.432 -1.365 -1.302 -1.244 -1.191 -1.142 -1.101 -1.070 
-1.051 -1.041 -1.042 -1.050 -1.068 -1.095 -1.132 -1.179 -1.237 -1.303 
-1.374 -1.449 -1.525 -1.601 -1.676 -1.749 -1.820 -1.888 -1.954 -2.017 
-2.077 -2.135 -2.190 -2.243 -2.293 -2.340 -2.385 -2.427 -2.467 -2.504 
-2.540 -2.572 -2.603 -2.631 -2.657 -2.681 -2.703 -2.723 -2.741 -2.756 
-2.765 
-2.859 -2.877 -2.883 -2.888 -2.890 -2.890 -2.889 -2.885 -2.879 -2.871 
-2.861 -2.849 -2.834 -2.818 -2.799 -2.778 -2.755 -2.729 -2.701 -2.671 
-2.638 -2.602 -2.564 -2.523 -2.479 -2.433 -2.383 -2.330 -2.274 -2.214 
-2.151 -2.084 -2.013 -1.939 -1.861 -1.779 -1.694 -1.606 -1.517 -1.430 
-1.346 -1.269 -1.202 -1.147 -1.105 -1.074 -1.052 -1.033 -1.014 -0.993 
-0.969 -0.944 -0.926 -0.921 -0.935 -0.965 -1.006 -1.059 -1.125 -1.205 
-1.295 -1.391 -1.490 -1.588 -1.684 -1.776 -1.864 -1.947 -2.025 -2.099 
-2.168 -2.233 -2.294 -2.351 -2.405 -2.455 -2.501 -2.545 -2.585 -2.623 
-2.657 -2.689 -2.719 -2.746 -2.770 -2.792 -2.812 -2.829 -2.844 -2.857 
-2.856 
-2.789 -2.788 -2.789 -2.787 -2.784 -2.779 -2.772 -2.764 -2.753 -2.741 
-2.727 -2.711 -2.693 -2.674 -2.652 -2.629 -2.604 -2.577 -2.548 -2.518 
-2.485 -2.451 -2.414 -2.375 -2.335 -2.292 -2.248 -2.201 -2.152 -2.101 
-2.049 -1.995 -1.939 -1.881 -1.823 -1.763 -1.702 -1.640 -1.578 -1.515 
-1.452 -1.389 -1.328 -1.267 -1.206 -1.143 -1.075 -1.000 -0.915 -0.825 
-0.741 -0.685 -0.664 -0.682 -0.743 -0.840 -0.959 -1.083 -1.207 -1.326 
-1.439 -1.547 -1.649 -1.745 -1.834 -1.917 -1.994 -2.067 -2.134 -2.196 
-2.255 -2.309 -2.359 -2.406 -2.449 -2.489 -2.526 -2.561 -2.592 -2.621 
-2.647 -2.671 -2.692 -2.712 -2.728 -2.743 -2.756 -2.766 -2.775 -2.781 
-2.787 
-2.767 -2.755 -2.751 -2.744 -2.736 -2.727 -2.717 -2.705 -2.692 -2.678 
-2.663 -2.647 -2.630 -2.612 -2.593 -2.573 -2.553 -2.531 -2.509 -2.486 
-2.462 -2.437 -2.412 -2.385 -2.357 -2.328 -2.298 -2.266 -2.232 -2.196 
-2.158 -2.118 -2.075 -2.031 -1.984 -1.935 -1.885 -1.834 -1.782 -1.729 
-1.674 -1.617 -1.555 -1.486 -1.406 -1.314 -1.205 -1.078 -0.936 -0.798 
-0.708 -0.707 -0.788 -0.906 -1.028 -1.142 -1.248 -1.351 -1.458 -1.568 
-1.677 -1.780 -1.877 -1.966 -2.047 -2.121 -2.188 -2.250 -2.306 -2.358 
-2.405 -2.448 -2.488 -2.524 -2.557 -2.587 -2.614 -2.638 -2.660 -2.680 
-2.697 -2.712 -2.724 -2.735 -2.744 -2.751 -2.756 -2.759 -2.761 -2.760 
-2.769 
-2.923 -2.928 -2.931 -2.931 -2.929 -2.925 -2.919 -2.911 -2.901 -2.889 
-2.875 -2.860 -2.842 -2.822 -2.800 -2.777 -2.751 -2.723 -2.692 -2.660 
-2.624 -2.587 -2.547 -2.504 -2.458 -2.409 -2.357 -2.302 -2.243 -2.182 
-2.117 -2.049 -1.980 -1.909 -1.838 -1.767 -1.699 -1.635 -1.576 -1.522 
-1.475 -1.435 -1.405 -1.385 -1.370 -1.354 -1.329 -1.292 -1.238 -1.170 
-1.107 -1.083 -1.085 -1.076 -1.052 -1.027 -1.023 -1.052 -1.117 -1.210 
-1.316 -1.422 -1.522 -1.617 -1.712 -1.810 -1.909 -2.005 -2.096 -2.179 
-2.257 -2.327 -2.392 -2.452 -2.507 -2.557 -2.603 -2.646 -2.684 -2.719 
-2.751 -2.780 -2.807 -2.830 -2.851 -2.869 -2.885 -2.898 -2.909 -2.918 
-2.920 
-3.080 -3.119 -3.134 -3.146 -3.156 -3.164 -3.169 -3.171 -3.172 -3.169 
-3.164 -3.157 -3.148 -3.135 -3.121 -3.103 -3.083 -3.061 -3.035 -3.007 
-2.975 -2.941 -2.903 -2.863 -2.818 -2.770 -2.718 -2.662 -2.602 -2.538 
-2.469 -2.395 -2.316 -2.232 -2.142 -2.046 -1.944 -1.836 -1.723 -1.609 
-1.502 -1.416 -1.363 -1.348 -1.360 -1.377 -1.374 -1.342 -1.327 -1.378 
-1.449 -1.499 -1.520 -1.520 -1.506 -1.486 -1.470 -1.465 -1.467 -1.466 
-1.456 -1.440 -1.431 -1.446 -1.494 -1.573 -1.675 -1.785 -1.895 -2.000 
-2.097 -2.187 -2.269 -2.345 -2.417 -2.484 -2.547 -2.607 -2.664 -2.718 
-2.768 -2.815 -2.859 -2.899 -2.937 -2.971 -3.003 -3.032 -3.057 -3.081 
-3.075 
-2.913 -2.938 -2.965 -2.990 -3.012 -3.032 -3.049 -3.064 -3.077 -3.088 
-3.097 -3.103 -3.107 -3.108 -3.107 -3.104 -3.099 -3.091 -3.081 -3.069 
-3.053 -3.036 -3.015 -2.992 -2.966 -2.936 -2.904 -2.868 -2.829 -2.785 
-2.738 -2.685 -2.628 -2.565 -2.496 -2.421 -2.337 -2.245 -2.145 -2.037 
-1.925 -1.814 -1.707 -1.596 -1.467 -1.304 -1.117 -0.953 -0.884 -0.943 
-1.078 -1.226 -1.359 -1.469 -1.560 -1.633 -1.690 -1.734 -1.765 -1.784 
-1.793 -1.796 -1.799 -1.811 -1.835 -1.869 -1.906 -1.942 -1.974 -2.004 
-2.035 -2.067 -2.102 -2.141 -2.184 -2.230 -2.280 -2.331 -2.383 -2.435 
-2.488 -2.539 -2.588 -2.636 -2.682 -2.726 -2.767 -2.806 -2.843 -2.877 
-2.902 
-2.802 -2.803 -2.827 -2.849 -2.869 -2.887 -2.903 -2.917 -2.928 -2.938 
-2.946 -2.952 -2.955 -2.957 -2.956 -2.953 -2.948 -2.941 -2.932 -2.921 
-2.907 -2.891 -2.873 -2.852 -2.829 -2.803 -2.774 -2.743 -2.709 -2.671 
-2.631 -2.587 -2.540 -2.489 -2.434 -2.375 -2.312 -2.243 -2.170 -2.091 
-2.005 -1.913 -1.814 -1.706 -1.590 -1.465 -1.334 -1.209 -1.131 -1.122 
-1.153 -1.205 -1.269 -1.339 -1.410 -1.478 -1.542 -1.601 -1.655 -1.705 
-1.750 -1.791 -1.827 -1.860 -1.890 -1.918 -1.944 -1.969 -1.994 -2.020 
-2.047 -2.076 -2.108 -2.142 -2.178 -2.216 -2.256 -2.297 -2.338 -2.380 
-2.422 -2.464 -2.504 -2.544 -2.582 -2.619 -2.654 -2.688 -2.720 -2.750 
-2.791 
-3.019 -3.049 -3.061 -3.072 -3.080 -3.087 -3.091 -3.094 -3.094 -3.093 
-3.089 -3.084 -3.076 -3.067 -3.055 -3.041 -3.026 -3.008 -2.988 -2.966 
-2.941 -2.914 -2.885 -2.854 -2.820 -2.784 -2.745 -2.704 -2.660 -2.613 
-2.564 -2.512 -2.457 -2.398 -2.337 -2.273 -2.207 -2.137 -2.064 -1.990 
-1.913 -1.834 -1.754 -1.674 -1.594 -1.516 -1.442 -1.375 -1.319 -1.279 
-1.259 -1.257 -1.273 -1.303 -1.344 -1.395 -1.453 -1.516 -1.585 -1.655 
-1.728 -1.800 -1.871 -1.941 -2.008 -2.072 -2.134 -2.192 -2.248 -2.302 
-2.353 -2.402 -2.449 -2.495 -2.540 -2.583 -2.625 -2.665 -2.704 -2.742 
-2.778 -2.812 -2.844 -2.875 -2.904 -2.931 -2.955 -2.978 -2.999 -3.017 
-3.015 
-3.202 -3.208 -3.214 -3.217 -3.219 -3.219 -3.217 -3.213 -3.208 -3.200 
-3.190 -3.179 -3.166 -3.150 -3.133 -3.113 -3.092 -3.068 -3.042 -3.015 
-2.985 -2.952 -2.918 -2.881 -2.841 -2.799 -2.755 -2.708 -2.658 -2.605 
-2.550 -2.492 -2.431 -2.367 -2.301 -2.232 -2.160 -2.086 -2.010 -1.932 
-1.854 -1.774 -1.694 -1.615 -1.535 -1.457 -1.381 -1.311 -1.250 -1.203 
-1.176 -1.171 -1.190 -1.230 -1.286 -1.358 -1.444 -1.540 -1.641 -1.741 
-1.839 -1.933 -2.023 -2.108 -2.189 -2.266 -2.339 -2.408 -2.473 -2.535 
-2.593 -2.648 -2.699 -2.748 -2.794 -2.837 -2.878 -2.916 -2.951 -2.984 
-3.014 -3.042 -3.068 -3.092 -3.114 -3.133 -3.151 -3.166 -3.180 -3.191 
-3.199 
-3.328 -3.339 -3.345 -3.348 -3.349 -3.349 -3.346 -3.341 -3.334 -3.325 
-3.314 -3.301 -3.285 -3.268 -3.248 -3.225 -3.201 -3.174 -3.145 -3.113 
-3.079 -3.042 -3.002 -2.959 -2.914 -2.866 -2.814 -2.760 -2.702 -2.641 
-2.576 -2.509 -2.438 -2.364 -2.288 -2.209 -2.129 -2.049 -1.969 -1.891 
-1.816 -1.745 -1.677 -1.612 -1.550 -1.493 -1.442 -1.398 -1.359 -1.322 
-1.285 -1.250 -1.217 -1.194 -1.191 -1.219 -1.283 -1.378 -1.492 -1.611 
-1.729 -1.843 -1.951 -2.054 -2.152 -2.246 -2.335 -2.419 -2.499 -2.573 
-2.643 -2.709 -2.770 -2.827 -2.880 -2.930 -2.976 -3.019 -3.059 -3.096 
-3.130 -3.161 -3.189 -3.215 -3.239 -3.260 -3.279 -3.295 -3.309 -3.321 
-3.326 
-3.414 -3.426 -3.437 -3.447 -3.455 -3.460 -3.463 -3.464 -3.462 -3.459 
-3.453 -3.445 -3.435 -3.422 -3.407 -3.390 -3.370 -3.348 -3.324 -3.297 
-3.267 -3.234 -3.199 -3.161 -3.120 -3.075 -3.028 -2.977 -2.923 -2.865 
-2.803 -2.738 -2.669 -2.597 -2.521 -2.441 -2.357 -2.270 -2.178 -2.083 
-1.982 -1.876 -1.764 -1.650 -1.542 -1.450 -1.387 -1.359 -1.361 -1.382 
-1.407 -1.426 -1.438 -1.442 -1.447 -1.462 -1.493 -1.540 -1.592 -1.647 
-1.704 -1.766 -1.836 -1.914 -1.998 -2.087 -2.178 -2.269 -2.358 -2.444 
-2.526 -2.605 -2.679 -2.749 -2.815 -2.876 -2.934 -2.988 -3.039 -3.086 
-3.130 -3.170 -3.208 -3.243 -3.275 -3.304 -3.330 -3.354 -3.376 -3.395 
-3.407 
-3.443 -3.458 -3.463 -3.467 -3.468 -3.467 -3.464 -3.458 -3.451 -3.441 
-3.429 -3.415 -3.399 -3.380 -3.359 -3.336 -3.310 -3.282 -3.251 -3.217 
-3.181 -3.143 -3.101 -3.057 -3.009 -2.959 -2.906 -2.850 -2.791 -2.729 
-2.664 -2.598 -2.529 -2.459 -2.389 -2.320 -2.252 -2.186 -2.124 -2.065 
-2.009 -1.956 -1.902 -1.848 -1.794 -1.742 -1.698 -1.665 -1.641 -1.617 
-1.588 -1.549 -1.503 -1.455 -1.417 -1.406 -1.433 -1.501 -1.597 -1.706 
-1.817 -1.925 -2.030 -2.132 -2.230 -2.325 -2.416 -2.502 -2.584 -2.662 
-2.734 -2.802 -2.866 -2.926 -2.982 -3.033 -3.082 -3.126 -3.168 -3.206 
-3.241 -3.274 -3.303 -3.330 -3.355 -3.376 -3.396 -3.413 -3.427 -3.440 
-3.441 
-3.391 -3.394 -3.404 -3.412 -3.417 -3.421 -3.423 -3.423 -3.420 -3.415 
-3.409 -3.400 -3.389 -3.376 -3.361 -3.343 -3.323 -3.301 -3.277 -3.250 
-3.221 -3.189 -3.155 -3.118 -3.078 -3.035 -2.989 -2.940 -2.889 -2.834 
-2.775 -2.714 -2.649 -2.582 -2.511 -2.437 -2.362 -2.284 -2.204 -2.124 
-2.044 -1.967 -1.895 -1.833 -1.783 -1.745 -1.716 -1.694 -1.677 -1.664 
-1.651 -1.638 -1.625 -1.612 -1.604 -1.605 -1.622 -1.657 -1.705 -1.763 
-1.829 -1.902 -1.979 -2.060 -2.143 -2.225 -2.307 -2.387 -2.464 -2.538 
-2.608 -2.676 -2.739 -2.800 -2.857 -2.911 -2.961 -3.009 -3.053 -3.095 
-3.133 -3.169 -3.202 -3.233 -3.261 -3.287 -3.311 -3.332 -3.350 -3.367 
-3.386 
-3.340 -3.373 -3.385 -3.395 -3.403 -3.410 -3.414 -3.417 -3.417 -3.415 
-3.412 -3.406 -3.398 -3.388 -3.376 -3.361 -3.345 -3.325 -3.304 -3.280 
-3.253 -3.223 -3.191 -3.156 -3.118 -3.076 -3.031 -2.983 -2.930 -2.874 
-2.813 -2.748 -2.677 -2.601 -2.520 -2.433 -2.339 -2.239 -2.134 -2.025 
-1.916 -1.812 -1.720 -1.645 -1.589 -1.552 -1.545 -1.586 -1.653 -1.719 
-1.775 -1.820 -1.857 -1.888 -1.914 -1.937 -1.960 -1.985 -2.013 -2.045 
-2.084 -2.127 -2.176 -2.230 -2.287 -2.347 -2.409 -2.471 -2.533 -2.595 
-2.654 -2.712 -2.767 -2.819 -2.869 -2.917 -2.961 -3.004 -3.043 -3.081 
-3.116 -3.149 -3.180 -3.209 -3.236 -3.261 -3.285 -3.306 -3.326 -3.343 
-3.336 
-3.175 -3.162 -3.177 -3.190 -3.201 -3.212 -3.221 -3.228 -3.234 -3.239 
-3.241 -3.242 -3.241 -3.239 -3.234 -3.227 -3.219 -3.208 -3.195 -3.180 
-3.162 -3.142 -3.120 -3.095 -3.067 -3.036 -3.002 -2.965 -2.924 -2.879 
-2.830 -2.777 -2.720 -2.656 -2.588 -2.513 -2.431 -2.341 -2.243 -2.136 
-2.018 -1.890 -1.750 -1.599 -1.445 -1.316 -1.260 -1.304 -1.419 -1.558 
-1.687 -1.796 -1.885 -1.958 -2.016 -2.063 -2.102 -2.136 -2.168 -2.201 
-2.240 -2.283 -2.332 -2.383 -2.435 -2.486 -2.534 -2.580 -2.621 -2.660 
-2.695 -2.727 -2.757 -2.785 -2.812 -2.837 -2.861 -2.884 -2.907 -2.929 
-2.951 -2.973 -2.994 -3.015 -3.036 -3.056 -3.076 -3.095 -3.113 -3.130 
-3.168 
-3.389 -3.419 -3.432 -3.444 -3.453 -3.460 -3.465 -3.469 -3.470 -3.470 
-3.467 -3.462 -3.455 -3.446 -3.435 -3.422 -3.407 -3.389 -3.369 -3.346 
-3.321 -3.293 -3.263 -3.230 -3.194 -3.154 -3.112 -3.067 -3.018 -2.966 
-2.910 -2.849 -2.785 -2.717 -2.644 -2.566 -2.485 -2.398 -2.308 -2.214 
-2.118 -2.022 -1.925 -1.830 -1.738 -1.655 -1.608 -1.614 -1.647 -1.678 
-1.701 -1.716 -1.724 -1.727 -1.726 -1.722 -1.721 -1.724 -1.737 -1.763 
-1.804 -1.861 -1.932 -2.014 -2.102 -2.193 -2.284 -2.372 -2.458 -2.539 
-2.615 -2.686 -2.753 -2.815 -2.873 -2.927 -2.978 -3.024 -3.068 -3.109 
-3.147 -3.182 -3.215 -3.246 -3.274 -3.301 -3.326 -3.348 -3.369 -3.388 
-3.385 
-3.576 -3.595 -3.606 -3.616 -3.623 -3.629 -3.632 -3.633 -3.632 -3.629 
-3.623 -3.616 -3.606 -3.595 -3.581 -3.565 -3.546 -3.526 -3.503 -3.477 
-3.449 -3.419 -3.386 -3.350 -3.311 -3.270 -3.225 -3.177 -3.126 -3.071 
-3.013 -2.950 -2.884 -2.813 -2.738 -2.659 -2.575 -2.486 -2.394 -2.299 
-2.205 -2.115 -2.035 -1.967 -1.912 -1.868 -1.833 -1.803 -1.779 -1.759 
-1.741 -1.724 -1.707 -1.690 -1.674 -1.662 -1.658 -1.667 -1.694 -1.740 
-1.805 -1.885 -1.977 -2.075 -2.176 -2.277 -2.375 -2.470 -2.561 -2.647 
-2.728 -2.805 -2.876 -2.944 -3.007 -3.066 -3.122 -3.174 -3.222 -3.267 
-3.309 -3.348 -3.384 -3.418 -3.448 -3.477 -3.502 -3.525 -3.546 -3.564 
-3.571 
-3.609 -3.615 -3.626 -3.634 -3.641 -3.645 -3.647 -3.646 -3.644 -3.639 
-3.632 -3.623 -3.611 -3.597 -3.581 -3.562 -3.541 -3.518 -3.491 -3.462 
-3.430 -3.396 -3.358 -3.317 -3.272 -3.224 -3.173 -3.117 -3.057 -2.992 
-2.923 -2.848 -2.767 -2.681 -2.588 -2.488 -2.382 -2.270 -2.155 -2.040 
-1.933 -1.842 -1.777 -1.744 -1.740 -1.759 -1.789 -1.822 -1.851 -1.876 
-1.893 -1.904 -1.907 -1.904 -1.897 -1.886 -1.875 -1.868 -1.866 -1.871 
-1.885 -1.911 -1.957 -2.034 -2.133 -2.241 -2.349 -2.452 -2.550 -2.642 
-2.728 -2.809 -2.884 -2.954 -3.020 -3.082 -3.139 -3.192 -3.242 -3.288 
-3.331 -3.370 -3.407 -3.440 -3.471 -3.499 -3.525 -3.548 -3.568 -3.586 
-3.604 
-3.662 -3.684 -3.696 -3.706 -3.714 -3.719 -3.722 -3.722 -3.720 -3.716 
-3.709 -3.701 -3.689 -3.675 -3.659 -3.640 -3.619 -3.595 -3.568 -3.538 
-3.505 -3.470 -3.431 -3.388 -3.342 -3.292 -3.238 -3.180 -3.117 -3.050 
-2.977 -2.898 -2.814 -2.723 -2.626 -2.523 -2.414 -2.303 -2.194 -2.093 
-2.009 -1.950 -1.923 -1.924 -1.947 -1.984 -2.026 -2.066 -2.101 -2.128 
-2.146 -2.154 -2.152 -2.139 -2.116 -2.081 -2.035 -1.977 -1.906 -1.828 
-1.750 -1.696 -1.691 -1.749 -1.860 -1.997 -2.142 -2.282 -2.413 -2.534 
-2.646 -2.748 -2.841 -2.927 -3.006 -3.079 -3.146 -3.208 -3.265 -3.318 
-3.366 -3.411 -3.452 -3.489 -3.524 -3.555 -3.583 -3.609 -3.631 -3.651 
-3.657 
-3.601 -3.613 -3.627 -3.639 -3.649 -3.656 -3.661 -3.663 -3.663 -3.661 
-3.656 -3.649 -3.639 -3.627 -3.612 -3.595 -3.575 -3.553 -3.527 -3.499 
-3.468 -3.434 -3.396 -3.355 -3.310 -3.261 -3.209 -3.151 -3.089 -3.022 
-2.950 -2.871 -2.786 -2.693 -2.594 -2.488 -2.375 -2.260 -2.147 -2.046 
-1.968 -1.924 -1.917 -1.938 -1.978 -2.025 -2.072 -2.115 -2.153 -2.185 
-2.209 -2.225 -2.234 -2.233 -2.223 -2.205 -2.177 -2.139 -2.092 -2.038 
-1.981 -1.931 -1.904 -1.911 -1.950 -2.016 -2.103 -2.204 -2.311 -2.419 
-2.524 -2.624 -2.718 -2.806 -2.887 -2.963 -3.033 -3.098 -3.159 -3.215 
-3.266 -3.314 -3.358 -3.399 -3.436 -3.470 -3.501 -3.528 -3.554 -3.576 
-3.594 
-3.559 -3.570 -3.586 -3.600 -3.612 -3.621 -3.628 -3.633 -3.636 -3.636 
-3.634 -3.630 -3.624 -3.615 -3.604 -3.591 -3.575 -3.557 -3.536 -3.513 
-3.487 -3.459 -3.427 -3.393 -3.356 -3.315 -3.271 -3.224 -3.173 -3.117 
-3.058 -2.994 -2.925 -2.851 -2.772 -2.687 -2.596 -2.502 -2.404 -2.308 
-2.219 -2.143 -2.084 -2.040 -2.012 -1.998 -1.997 -2.007 -2.023 -2.044 
-2.066 -2.085 -2.102 -2.114 -2.121 -2.123 -2.120 -2.113 -2.103 -2.091 
-2.080 -2.072 -2.072 -2.084 -2.112 -2.158 -2.220 -2.293 -2.374 -2.458 
-2.542 -2.625 -2.706 -2.783 -2.856 -2.926 -2.991 -3.053 -3.111 -3.165 
-3.215 -3.263 -3.306 -3.347 -3.384 -3.419 -3.451 -3.480 -3.506 -3.530 
-3.552 
-3.613 -3.619 -3.631 -3.640 -3.647 -3.652 -3.655 -3.655 -3.654 -3.650 
-3.643 -3.635 -3.624 -3.611 -3.596 -3.578 -3.558 -3.535 -3.509 -3.481 
-3.450 -3.417 -3.380 -3.340 -3.296 -3.250 -3.199 -3.144 -3.086 -3.022 
-2.954 -2.881 -2.802 -2.718 -2.628 -2.532 -2.433 -2.331 -2.230 -2.133 
-2.044 -1.967 -1.909 -1.873 -1.862 -1.873 -1.900 -1.934 -1.971 -2.006 
-2.036 -2.062 -2.082 -2.095 -2.104 -2.107 -2.107 -2.106 -2.108 -2.118 
-2.141 -2.178 -2.225 -2.280 -2.341 -2.407 -2.476 -2.549 -2.623 -2.696 
-2.769 -2.839 -2.907 -2.971 -3.033 -3.091 -3.146 -3.197 -3.246 -3.291 
-3.333 -3.372 -3.409 -3.442 -3.473 -3.501 -3.527 -3.550 -3.571 -3.590 
-3.608 
-3.754 -3.772 -3.779 -3.783 -3.785 -3.785 -3.782 -3.777 -3.770 -3.761 
-3.749 -3.734 -3.717 -3.698 -3.676 -3.652 -3.624 -3.594 -3.561 -3.525 
-3.485 -3.443 -3.397 -3.347 -3.293 -3.235 -3.173 -3.106 -3.034 -2.958 
-2.876 -2.788 -2.696 -2.599 -2.498 -2.396 -2.296 -2.204 -2.128 -2.075 
-2.046 -2.039 -2.047 -2.066 -2.091 -2.119 -2.147 -2.170 -2.186 -2.193 
-2.189 -2.175 -2.150 -2.114 -2.068 -2.016 -1.968 -1.932 -1.918 -1.930 
-1.974 -2.050 -2.151 -2.265 -2.383 -2.497 -2.606 -2.708 -2.803 -2.891 
-2.974 -3.050 -3.121 -3.187 -3.249 -3.305 -3.358 -3.407 -3.453 -3.494 
-3.533 -3.568 -3.601 -3.630 -3.657 -3.681 -3.702 -3.721 -3.737 -3.751 
-3.751 
-3.725 -3.745 -3.750 -3.752 -3.752 -3.750 -3.745 -3.739 -3.729 -3.717 
-3.703 -3.687 -3.667 -3.646 -3.621 -3.594 -3.565 -3.532 -3.497 -3.458 
-3.416 -3.372 -3.323 -3.272 -3.217 -3.158 -3.096 -3.031 -2.962 -2.891 
-2.817 -2.742 -2.667 -2.593 -2.523 -2.457 -2.397 -2.344 -2.299 -2.263 
-2.233 -2.204 -2.171 -2.132 -2.097 -2.079 -2.084 -2.101 -2.114 -2.116 
-2.102 -2.072 -2.025 -1.965 -1.898 -1.837 -1.800 -1.806 -1.860 -1.950 
-2.059 -2.175 -2.290 -2.399 -2.501 -2.597 -2.686 -2.771 -2.852 -2.928 
-3.001 -3.071 -3.136 -3.197 -3.255 -3.309 -3.359 -3.406 -3.449 -3.489 
-3.526 -3.559 -3.590 -3.618 -3.643 -3.665 -3.685 -3.702 -3.716 -3.728 
-3.723 
-3.565 -3.557 -3.572 -3.585 -3.595 -3.603 -3.608 -3.612 -3.613 -3.611 
-3.608 -3.602 -3.594 -3.583 -3.570 -3.555 -3.537 -3.516 -3.493 -3.467 
-3.438 -3.407 -3.372 -3.334 -3.293 -3.248 -3.200 -3.148 -3.093 -3.033 
-2.970 -2.902 -2.832 -2.757 -2.679 -2.598 -2.512 -2.421 -2.321 -2.212 
-2.093 -1.964 -1.834 -1.717 -1.633 -1.596 -1.610 -1.661 -1.730 -1.801 
-1.864 -1.916 -1.953 -1.977 -1.988 -1.990 -1.992 -2.006 -2.037 -2.076 
-2.114 -2.150 -2.185 -2.222 -2.264 -2.312 -2.367 -2.428 -2.493 -2.561 
-2.630 -2.700 -2.768 -2.835 -2.900 -2.962 -3.021 -3.077 -3.130 -3.180 
-3.227 -3.271 -3.311 -3.349 -3.385 -3.417 -3.447 -3.474 -3.498 -3.521 
-3.554 
