IRGRID 64 91
1e+308

0.025 0.03 0.035 0.04 0.045 0.05 0.055 0.06 0.065 0.07
0.075 0.08 0.085 0.09 0.095 0.1 0.11 0.12 0.13 0.14
0.15 0.16 0.17 0.18 0.19 0.2 0.21 0.22 0.23 0.24
0.25 0.26 0.27 0.28 0.29 0.3 0.31 0.32 0.33 0.34
0.35 0.36 0.37 0.38 0.39 0.4 0.41 0.42 0.43 0.44
0.45 0.46 0.47 0.48 0.49 0.5 0.51 0.52 0.53 0.54
0.55 0.56 0.57 0.58
0 4 8 12 16 20 24 28 32 36
40 44 48 52 56 60 64 68 72 76
80 84 88 92 96 100 104 108 112 116
120 124 128 132 136 140 144 148 152 156
160 164 168 172 176 180 184 188 192 196
200 204 208 212 216 220 224 228 232 236
240 244 248 252 256 260 264 268 272 276
280 284 288 292 296 300 304 308 312 316
320 324 328 332 336 340 344 348 352 356
360
-3.205 -3.192 -3.168 -3.142 -3.116 -3.091 -3.068 -3.047 -3.031 -3.020 
-3.014 -3.016 -3.023 -3.035 -3.051 -3.070 -3.091 -3.111 -3.131 -3.149 
-3.166 -3.181 -3.194 -3.206 -3.217 -3.227 -3.236 -3.245 -3.253 -3.260 
-3.266 -3.271 -3.275 -3.277 -3.277 -3.275 -3.271 -3.264 -3.254 -3.241 
-3.225 -3.205 -3.181 -3.153 -3.120 -3.083 -3.039 -2.990 -2.934 -2.869 
-2.796 -2.712 -2.615 -2.502 -2.369 -2.212 -2.028 -1.830 -1.674 -1.634 
-1.728 -1.899 -2.082 -2.250 -2.396 -2.524 -2.635 -2.731 -2.816 -2.891 
-2.956 -3.014 -3.065 -3.110 -3.149 -3.182 -3.211 -3.236 -3.256 -3.272 
-3.284 -3.292 -3.296 -3.297 -3.295 -3.289 -3.280 -3.268 -3.253 -3.235 
-3.218 
-2.471 -2.654 -2.728 -2.788 -2.837 -2.874 -2.903 -2.923 -2.937 -2.946 
-2.950 -2.951 -2.949 -2.944 -2.938 -2.929 -2.919 -2.907 -2.895 -2.882 
-2.870 -2.858 -2.848 -2.838 -2.831 -2.825 -2.820 -2.817 -2.815 -2.814 
-2.813 -2.811 -2.809 -2.806 -2.801 -2.794 -2.784 -2.770 -2.753 -2.732 
-2.705 -2.673 -2.635 -2.589 -2.536 -2.475 -2.405 -2.331 -2.255 -2.189 
-2.140 -2.112 -2.095 -2.072 -2.030 -1.962 -1.868 -1.757 -1.651 -1.598 
-1.622 -1.709 -1.831 -1.965 -2.094 -2.210 -2.312 -2.400 -2.476 -2.540 
-2.594 -2.637 -2.671 -2.695 -2.709 -2.714 -2.709 -2.694 -2.666 -2.627 
-2.575 -2.510 -2.435 -2.355 -2.283 -2.239 -2.240 -2.291 -2.375 -2.473 
-2.471 
-1.953 -1.987 -2.090 -2.183 -2.267 -2.342 -2.408 -2.466 -2.517 -2.561 
-2.598 -2.629 -2.654 -2.673 -2.687 -2.694 -2.696 -2.692 -2.681 -2.665 
-2.642 -2.613 -2.576 -2.533 -2.482 -2.426 -2.366 -2.305 -2.251 -2.209 
-2.184 -2.179 -2.190 -2.210 -2.234 -2.254 -2.268 -2.273 -2.268 -2.253 
-2.226 -2.189 -2.140 -2.080 -2.009 -1.929 -1.840 -1.748 -1.662 -1.594 
-1.555 -1.551 -1.577 -1.617 -1.652 -1.665 -1.637 -1.552 -1.388 -1.154 
-1.043 -1.264 -1.541 -1.752 -1.905 -2.018 -2.101 -2.162 -2.205 -2.235 
-2.253 -2.260 -2.257 -2.245 -2.225 -2.195 -2.157 -2.109 -2.051 -1.983 
-1.905 -1.818 -1.725 -1.633 -1.555 -1.509 -1.511 -1.562 -1.652 -1.761 
-1.896 
-2.218 -2.333 -2.353 -2.361 -2.358 -2.346 -2.328 -2.304 -2.277 -2.249 
-2.220 -2.194 -2.172 -2.154 -2.141 -2.132 -2.125 -2.116 -2.102 -2.083 
-2.054 -2.017 -1.970 -1.913 -1.848 -1.777 -1.704 -1.633 -1.571 -1.526 
-1.502 -1.501 -1.521 -1.556 -1.599 -1.645 -1.690 -1.730 -1.764 -1.791 
-1.811 -1.823 -1.828 -1.824 -1.811 -1.788 -1.756 -1.714 -1.663 -1.603 
-1.535 -1.455 -1.350 -1.201 -0.982 -0.703 -0.625 -0.727 -0.629 -0.430 
-0.353 -0.528 -0.820 -1.096 -1.317 -1.495 -1.640 -1.762 -1.866 -1.956 
-2.033 -2.099 -2.156 -2.204 -2.244 -2.276 -2.299 -2.314 -2.320 -2.315 
-2.300 -2.272 -2.232 -2.184 -2.136 -2.104 -2.105 -2.140 -2.195 -2.252 
-2.218 
-1.430 -1.528 -1.543 -1.556 -1.566 -1.571 -1.570 -1.563 -1.552 -1.538 
-1.523 -1.510 -1.502 -1.501 -1.508 -1.522 -1.544 -1.572 -1.603 -1.636 
-1.668 -1.698 -1.725 -1.748 -1.765 -1.776 -1.781 -1.781 -1.777 -1.772 
-1.771 -1.774 -1.782 -1.792 -1.800 -1.805 -1.805 -1.800 -1.789 -1.773 
-1.751 -1.723 -1.689 -1.648 -1.601 -1.546 -1.483 -1.409 -1.324 -1.225 
-1.107 -0.965 -0.788 -0.560 -0.271 -0.016 0.052 -0.006 0.152 0.254 
-0.051 -0.363 -0.608 -0.793 -0.938 -1.055 -1.151 -1.230 -1.297 -1.354 
-1.400 -1.439 -1.471 -1.497 -1.516 -1.530 -1.539 -1.544 -1.545 -1.542 
-1.536 -1.528 -1.518 -1.508 -1.499 -1.492 -1.487 -1.487 -1.492 -1.501 
-1.433 
-0.905 -0.892 -0.929 -0.970 -1.013 -1.056 -1.098 -1.138 -1.176 -1.211 
-1.243 -1.271 -1.297 -1.321 -1.343 -1.365 -1.385 -1.404 -1.423 -1.440 
-1.457 -1.472 -1.487 -1.500 -1.512 -1.522 -1.531 -1.538 -1.543 -1.546 
-1.546 -1.545 -1.540 -1.533 -1.524 -1.511 -1.495 -1.477 -1.454 -1.429 
-1.399 -1.366 -1.329 -1.286 -1.239 -1.187 -1.128 -1.062 -0.989 -0.906 
-0.812 -0.704 -0.580 -0.431 -0.249 -0.022 0.216 0.523 0.837 0.944 
0.816 0.863 0.382 0.063 -0.143 -0.294 -0.411 -0.505 -0.582 -0.646 
-0.698 -0.740 -0.775 -0.801 -0.822 -0.836 -0.845 -0.849 -0.849 -0.845 
-0.839 -0.830 -0.820 -0.810 -0.802 -0.797 -0.796 -0.802 -0.814 -0.833 
-0.890 
-1.124 -1.163 -1.170 -1.176 -1.180 -1.182 -1.181 -1.178 -1.172 -1.165 
-1.157 -1.147 -1.137 -1.127 -1.118 -1.109 -1.102 -1.097 -1.093 -1.091 
-1.090 -1.091 -1.094 -1.097 -1.101 -1.106 -1.111 -1.116 -1.120 -1.125 
-1.129 -1.132 -1.134 -1.136 -1.136 -1.135 -1.132 -1.127 -1.120 -1.111 
-1.099 -1.084 -1.065 -1.043 -1.017 -0.987 -0.952 -0.912 -0.865 -0.812 
-0.751 -0.680 -0.598 -0.503 -0.390 -0.252 -0.079 0.150 0.459 0.766 
1.133 1.393 1.192 0.975 0.443 0.119 -0.104 -0.274 -0.411 -0.524 
-0.619 -0.701 -0.772 -0.833 -0.886 -0.932 -0.971 -1.004 -1.032 -1.055 
-1.074 -1.089 -1.100 -1.109 -1.116 -1.122 -1.127 -1.133 -1.139 -1.147 
-1.125 
-1.231 -1.243 -1.249 -1.252 -1.254 -1.253 -1.249 -1.244 -1.237 -1.227 
-1.216 -1.204 -1.190 -1.174 -1.158 -1.140 -1.122 -1.103 -1.083 -1.063 
-1.043 -1.022 -1.002 -0.982 -0.963 -0.945 -0.928 -0.912 -0.898 -0.885 
-0.874 -0.864 -0.856 -0.849 -0.842 -0.835 -0.828 -0.820 -0.812 -0.801 
-0.788 -0.773 -0.755 -0.735 -0.710 -0.682 -0.651 -0.615 -0.575 -0.530 
-0.481 -0.427 -0.366 -0.298 -0.221 -0.133 -0.030 0.093 0.249 0.458 
0.780 1.222 1.485 1.536 1.196 0.826 0.556 0.318 0.117 -0.053 
-0.198 -0.324 -0.434 -0.531 -0.617 -0.694 -0.764 -0.826 -0.883 -0.934 
-0.980 -1.022 -1.059 -1.093 -1.123 -1.149 -1.172 -1.192 -1.209 -1.223 
-1.229 
-1.215 -1.219 -1.244 -1.266 -1.285 -1.303 -1.318 -1.330 -1.341 -1.349 
-1.355 -1.358 -1.360 -1.360 -1.357 -1.353 -1.347 -1.338 -1.328 -1.316 
-1.303 -1.288 -1.271 -1.254 -1.235 -1.215 -1.193 -1.171 -1.148 -1.124 
-1.099 -1.072 -1.044 -1.014 -0.983 -0.949 -0.913 -0.875 -0.835 -0.792 
-0.746 -0.698 -0.648 -0.595 -0.540 -0.483 -0.424 -0.363 -0.300 -0.236 
-0.169 -0.100 -0.028 0.048 0.129 0.218 0.315 0.421 0.537 0.664 
0.802 0.966 1.215 1.346 1.318 1.255 1.079 0.852 0.631 0.435 
0.263 0.111 -0.024 -0.145 -0.255 -0.355 -0.446 -0.530 -0.608 -0.680 
-0.746 -0.808 -0.865 -0.917 -0.967 -1.012 -1.054 -1.093 -1.129 -1.162 
-1.203 
-1.463 -1.521 -1.553 -1.582 -1.608 -1.633 -1.655 -1.674 -1.692 -1.707 
-1.720 -1.731 -1.740 -1.747 -1.752 -1.755 -1.756 -1.755 -1.752 -1.747 
-1.740 -1.731 -1.720 -1.707 -1.692 -1.675 -1.656 -1.634 -1.611 -1.585 
-1.557 -1.526 -1.494 -1.458 -1.421 -1.380 -1.337 -1.292 -1.243 -1.191 
-1.137 -1.079 -1.017 -0.952 -0.883 -0.810 -0.732 -0.649 -0.561 -0.466 
-0.364 -0.254 -0.134 -0.005 0.134 0.282 0.438 0.595 0.748 0.886 
1.001 1.087 1.141 1.169 1.187 1.104 0.892 0.676 0.476 0.293 
0.124 -0.029 -0.170 -0.299 -0.418 -0.527 -0.628 -0.722 -0.808 -0.889 
-0.964 -1.034 -1.100 -1.161 -1.218 -1.271 -1.320 -1.367 -1.410 -1.450 
-1.453 
-1.392 -1.439 -1.469 -1.497 -1.523 -1.547 -1.568 -1.588 -1.606 -1.622 
-1.635 -1.648 -1.658 -1.666 -1.673 -1.678 -1.681 -1.682 -1.682 -1.680 
-1.676 -1.671 -1.663 -1.655 -1.644 -1.631 -1.617 -1.601 -1.583 -1.564 
-1.542 -1.519 -1.494 -1.466 -1.437 -1.406 -1.373 -1.337 -1.300 -1.260 
-1.218 -1.173 -1.126 -1.076 -1.023 -0.967 -0.908 -0.845 -0.778 -0.707 
-0.630 -0.547 -0.458 -0.361 -0.255 -0.139 -0.015 0.118 0.257 0.396 
0.533 0.672 0.833 1.048 1.251 1.242 0.986 0.674 0.421 0.219 
0.050 -0.096 -0.226 -0.342 -0.448 -0.544 -0.633 -0.716 -0.792 -0.864 
-0.931 -0.993 -1.052 -1.107 -1.158 -1.207 -1.252 -1.295 -1.334 -1.372 
-1.383 
-1.180 -1.178 -1.209 -1.237 -1.264 -1.288 -1.310 -1.331 -1.349 -1.365 
-1.380 -1.392 -1.403 -1.412 -1.418 -1.424 -1.427 -1.429 -1.428 -1.426 
-1.422 -1.417 -1.410 -1.400 -1.389 -1.377 -1.362 -1.346 -1.327 -1.307 
-1.285 -1.261 -1.235 -1.207 -1.177 -1.145 -1.111 -1.074 -1.036 -0.995 
-0.952 -0.906 -0.859 -0.808 -0.755 -0.699 -0.640 -0.579 -0.514 -0.446 
-0.374 -0.298 -0.218 -0.133 -0.043 0.053 0.156 0.266 0.386 0.515 
0.655 0.813 1.036 1.234 1.083 0.996 0.813 0.644 0.491 0.350 
0.220 0.101 -0.010 -0.112 -0.208 -0.297 -0.380 -0.459 -0.532 -0.602 
-0.667 -0.729 -0.787 -0.842 -0.893 -0.942 -0.988 -1.031 -1.071 -1.109 
-1.165 
-1.401 -1.451 -1.473 -1.493 -1.510 -1.525 -1.539 -1.550 -1.558 -1.565 
-1.570 -1.573 -1.574 -1.572 -1.569 -1.564 -1.557 -1.549 -1.539 -1.527 
-1.514 -1.500 -1.485 -1.468 -1.452 -1.434 -1.417 -1.399 -1.380 -1.362 
-1.342 -1.323 -1.302 -1.280 -1.256 -1.231 -1.204 -1.176 -1.145 -1.112 
-1.077 -1.040 -1.000 -0.958 -0.914 -0.867 -0.818 -0.765 -0.710 -0.651 
-0.588 -0.520 -0.448 -0.369 -0.282 -0.186 -0.078 0.046 0.193 0.375 
0.619 0.996 1.429 1.654 1.352 0.826 0.507 0.281 0.099 -0.055 
-0.191 -0.312 -0.421 -0.520 -0.611 -0.695 -0.772 -0.844 -0.911 -0.973 
-1.031 -1.085 -1.135 -1.182 -1.225 -1.266 -1.303 -1.338 -1.370 -1.399 
-1.395 
-1.473 -1.476 -1.484 -1.490 -1.493 -1.494 -1.492 -1.488 -1.481 -1.472 
-1.462 -1.449 -1.434 -1.417 -1.398 -1.378 -1.356 -1.334 -1.310 -1.286 
-1.262 -1.237 -1.214 -1.192 -1.171 -1.152 -1.135 -1.121 -1.110 -1.101 
-1.094 -1.090 -1.087 -1.085 -1.084 -1.082 -1.080 -1.077 -1.073 -1.066 
-1.056 -1.044 -1.029 -1.010 -0.987 -0.961 -0.930 -0.895 -0.855 -0.811 
-0.761 -0.707 -0.646 -0.580 -0.507 -0.424 -0.331 -0.223 -0.095 0.063 
0.269 0.566 1.078 1.492 1.417 1.025 0.587 0.284 0.041 -0.157 
-0.322 -0.463 -0.584 -0.690 -0.785 -0.869 -0.945 -1.013 -1.074 -1.130 
-1.180 -1.226 -1.267 -1.304 -1.337 -1.366 -1.392 -1.415 -1.435 -1.451 
-1.470 
-1.501 -1.533 -1.560 -1.585 -1.607 -1.626 -1.643 -1.657 -1.669 -1.678 
-1.685 -1.689 -1.691 -1.691 -1.689 -1.684 -1.677 -1.669 -1.658 -1.646 
-1.633 -1.618 -1.602 -1.585 -1.567 -1.550 -1.531 -1.513 -1.494 -1.475 
-1.456 -1.435 -1.413 -1.390 -1.364 -1.336 -1.306 -1.272 -1.235 -1.195 
-1.152 -1.105 -1.054 -1.000 -0.943 -0.883 -0.820 -0.754 -0.685 -0.614 
-0.540 -0.465 -0.388 -0.308 -0.226 -0.140 -0.049 0.050 0.159 0.284 
0.431 0.612 0.839 1.153 1.260 1.171 1.016 0.770 0.513 0.286 
0.092 -0.076 -0.225 -0.357 -0.476 -0.585 -0.685 -0.776 -0.861 -0.939 
-1.012 -1.079 -1.142 -1.200 -1.254 -1.304 -1.350 -1.393 -1.433 -1.469 
-1.491 
-1.498 -1.518 -1.554 -1.588 -1.619 -1.648 -1.674 -1.698 -1.720 -1.740 
-1.757 -1.772 -1.785 -1.796 -1.805 -1.812 -1.817 -1.820 -1.821 -1.819 
-1.816 -1.811 -1.803 -1.794 -1.782 -1.769 -1.753 -1.735 -1.715 -1.692 
-1.667 -1.640 -1.610 -1.577 -1.542 -1.504 -1.463 -1.419 -1.372 -1.321 
-1.267 -1.208 -1.146 -1.079 -1.007 -0.930 -0.848 -0.760 -0.667 -0.570 
-0.471 -0.374 -0.281 -0.193 -0.109 -0.023 0.073 0.185 0.318 0.478 
0.671 0.902 1.154 1.348 1.390 1.273 1.027 0.765 0.538 0.344 
0.174 0.023 -0.114 -0.240 -0.356 -0.465 -0.566 -0.660 -0.749 -0.833 
-0.911 -0.985 -1.054 -1.120 -1.181 -1.239 -1.293 -1.344 -1.392 -1.437 
-1.482 
-1.553 -1.609 -1.640 -1.668 -1.693 -1.716 -1.737 -1.755 -1.772 -1.785 
-1.797 -1.807 -1.814 -1.819 -1.823 -1.824 -1.823 -1.819 -1.814 -1.807 
-1.797 -1.785 -1.771 -1.755 -1.737 -1.716 -1.692 -1.667 -1.638 -1.607 
-1.573 -1.537 -1.497 -1.454 -1.408 -1.358 -1.305 -1.247 -1.186 -1.119 
-1.048 -0.971 -0.889 -0.801 -0.706 -0.605 -0.497 -0.384 -0.267 -0.149 
-0.035 0.069 0.157 0.225 0.274 0.310 0.341 0.378 0.428 0.499 
0.600 0.740 0.929 1.150 1.311 1.320 1.111 0.800 0.508 0.266 
0.065 -0.108 -0.259 -0.394 -0.516 -0.626 -0.728 -0.821 -0.908 -0.988 
-1.062 -1.131 -1.196 -1.256 -1.312 -1.364 -1.413 -1.458 -1.500 -1.539 
-1.544 
-1.389 -1.397 -1.427 -1.454 -1.480 -1.503 -1.524 -1.543 -1.560 -1.574 
-1.587 -1.598 -1.607 -1.614 -1.618 -1.622 -1.623 -1.622 -1.620 -1.615 
-1.609 -1.601 -1.591 -1.579 -1.565 -1.549 -1.531 -1.511 -1.489 -1.465 
-1.439 -1.411 -1.381 -1.348 -1.313 -1.276 -1.236 -1.194 -1.148 -1.101 
-1.050 -0.996 -0.939 -0.879 -0.815 -0.747 -0.676 -0.600 -0.521 -0.439 
-0.356 -0.274 -0.197 -0.126 -0.061 0.002 0.069 0.143 0.230 0.332 
0.454 0.598 0.766 0.945 1.101 1.159 1.045 0.807 0.565 0.354 
0.172 0.013 -0.127 -0.252 -0.365 -0.468 -0.563 -0.650 -0.731 -0.806 
-0.876 -0.941 -1.001 -1.058 -1.111 -1.161 -1.208 -1.251 -1.291 -1.329 
-1.376 
-1.463 -1.493 -1.522 -1.549 -1.574 -1.596 -1.615 -1.633 -1.648 -1.661 
-1.672 -1.681 -1.687 -1.692 -1.694 -1.694 -1.693 -1.689 -1.683 -1.675 
-1.665 -1.653 -1.639 -1.623 -1.605 -1.584 -1.561 -1.536 -1.508 -1.479 
-1.446 -1.411 -1.374 -1.334 -1.292 -1.246 -1.198 -1.147 -1.093 -1.036 
-0.977 -0.914 -0.849 -0.781 -0.711 -0.640 -0.567 -0.494 -0.421 -0.350 
-0.281 -0.215 -0.152 -0.093 -0.035 0.022 0.080 0.144 0.215 0.298 
0.399 0.522 0.678 0.874 1.107 1.306 1.300 1.067 0.757 0.475 
0.241 0.046 -0.121 -0.266 -0.396 -0.512 -0.617 -0.713 -0.800 -0.881 
-0.956 -1.025 -1.089 -1.148 -1.204 -1.255 -1.302 -1.347 -1.388 -1.426 
-1.452 
-1.550 -1.587 -1.617 -1.643 -1.668 -1.690 -1.709 -1.726 -1.741 -1.753 
-1.763 -1.771 -1.777 -1.781 -1.783 -1.782 -1.780 -1.775 -1.768 -1.759 
-1.748 -1.735 -1.719 -1.702 -1.682 -1.659 -1.635 -1.608 -1.578 -1.546 
-1.511 -1.474 -1.434 -1.391 -1.345 -1.296 -1.244 -1.188 -1.130 -1.068 
-1.002 -0.934 -0.862 -0.787 -0.709 -0.629 -0.547 -0.465 -0.383 -0.303 
-0.227 -0.156 -0.090 -0.029 0.027 0.080 0.132 0.187 0.249 0.321 
0.410 0.525 0.677 0.884 1.144 1.345 1.291 0.999 0.660 0.380 
0.152 -0.039 -0.205 -0.350 -0.479 -0.596 -0.702 -0.799 -0.888 -0.970 
-1.045 -1.115 -1.180 -1.240 -1.296 -1.348 -1.396 -1.441 -1.482 -1.520 
-1.540 
-1.466 -1.499 -1.533 -1.564 -1.592 -1.618 -1.641 -1.662 -1.680 -1.697 
-1.711 -1.722 -1.732 -1.739 -1.744 -1.747 -1.748 -1.747 -1.744 -1.739 
-1.731 -1.721 -1.710 -1.696 -1.679 -1.661 -1.640 -1.617 -1.591 -1.563 
-1.533 -1.500 -1.464 -1.425 -1.384 -1.339 -1.292 -1.241 -1.187 -1.130 
-1.069 -1.004 -0.936 -0.864 -0.789 -0.710 -0.628 -0.542 -0.455 -0.367 
-0.278 -0.191 -0.106 -0.025 0.051 0.123 0.189 0.252 0.312 0.369 
0.427 0.487 0.556 0.638 0.744 0.868 0.807 0.620 0.452 0.293 
0.141 -0.001 -0.134 -0.257 -0.370 -0.476 -0.575 -0.668 -0.755 -0.837 
-0.914 -0.987 -1.055 -1.119 -1.179 -1.235 -1.287 -1.336 -1.381 -1.424 
-1.454 
-1.386 -1.407 -1.449 -1.488 -1.525 -1.559 -1.590 -1.619 -1.645 -1.669 
-1.691 -1.710 -1.728 -1.743 -1.755 -1.766 -1.774 -1.781 -1.785 -1.787 
-1.787 -1.785 -1.781 -1.775 -1.766 -1.756 -1.743 -1.728 -1.711 -1.691 
-1.670 -1.645 -1.618 -1.589 -1.557 -1.522 -1.485 -1.444 -1.400 -1.353 
-1.303 -1.249 -1.191 -1.130 -1.064 -0.994 -0.920 -0.841 -0.757 -0.668 
-0.575 -0.477 -0.375 -0.269 -0.159 -0.048 0.064 0.169 0.262 0.334 
0.381 0.403 0.405 0.393 0.374 0.347 0.306 0.249 0.182 0.112 
0.040 -0.031 -0.104 -0.179 -0.257 -0.337 -0.418 -0.500 -0.582 -0.662 
-0.741 -0.817 -0.891 -0.961 -1.028 -1.092 -1.152 -1.210 -1.264 -1.314 
-1.368 
-1.530 -1.578 -1.620 -1.659 -1.696 -1.730 -1.761 -1.790 -1.816 -1.840 
-1.862 -1.881 -1.899 -1.914 -1.926 -1.937 -1.946 -1.952 -1.957 -1.959 
-1.959 -1.957 -1.954 -1.948 -1.940 -1.930 -1.917 -1.903 -1.886 -1.868 
-1.846 -1.823 -1.797 -1.769 -1.738 -1.705 -1.669 -1.630 -1.588 -1.543 
-1.495 -1.444 -1.389 -1.330 -1.268 -1.201 -1.130 -1.054 -0.974 -0.887 
-0.795 -0.697 -0.593 -0.481 -0.362 -0.236 -0.105 0.029 0.160 0.281 
0.382 0.453 0.490 0.495 0.476 0.437 0.382 0.317 0.244 0.165 
0.079 -0.013 -0.110 -0.210 -0.313 -0.415 -0.516 -0.614 -0.709 -0.799 
-0.886 -0.969 -1.047 -1.121 -1.191 -1.257 -1.319 -1.377 -1.432 -1.484 
-1.515 
-1.665 -1.687 -1.722 -1.754 -1.784 -1.812 -1.837 -1.859 -1.880 -1.898 
-1.914 -1.928 -1.940 -1.950 -1.957 -1.963 -1.967 -1.968 -1.968 -1.966 
-1.962 -1.955 -1.947 -1.937 -1.924 -1.910 -1.893 -1.875 -1.854 -1.831 
-1.806 -1.778 -1.748 -1.716 -1.681 -1.644 -1.604 -1.562 -1.517 -1.469 
-1.418 -1.363 -1.306 -1.245 -1.181 -1.114 -1.043 -0.968 -0.889 -0.806 
-0.719 -0.627 -0.530 -0.427 -0.320 -0.211 -0.105 -0.008 0.081 0.170 
0.259 0.345 0.418 0.472 0.493 0.474 0.411 0.318 0.209 0.094 
-0.027 -0.154 -0.281 -0.405 -0.522 -0.632 -0.735 -0.832 -0.922 -1.007 
-1.086 -1.161 -1.230 -1.296 -1.357 -1.414 -1.468 -1.518 -1.564 -1.608 
-1.652 
-1.949 -2.009 -2.048 -2.084 -2.117 -2.147 -2.175 -2.200 -2.222 -2.243 
-2.260 -2.276 -2.289 -2.300 -2.309 -2.316 -2.321 -2.323 -2.323 -2.321 
-2.317 -2.311 -2.303 -2.293 -2.280 -2.265 -2.248 -2.229 -2.207 -2.183 
-2.157 -2.128 -2.096 -2.061 -2.024 -1.984 -1.940 -1.894 -1.843 -1.790 
-1.732 -1.670 -1.604 -1.532 -1.456 -1.373 -1.284 -1.188 -1.083 -0.969 
-0.844 -0.707 -0.558 -0.399 -0.235 -0.082 0.037 0.101 0.110 0.090 
0.065 0.053 0.058 0.075 0.094 0.106 0.115 0.124 0.129 0.105 
0.030 -0.097 -0.254 -0.421 -0.583 -0.734 -0.872 -0.998 -1.114 -1.219 
-1.316 -1.406 -1.488 -1.565 -1.636 -1.702 -1.763 -1.819 -1.872 -1.921 
-1.937 
-2.055 -2.096 -2.137 -2.176 -2.211 -2.244 -2.273 -2.300 -2.325 -2.347 
-2.366 -2.383 -2.398 -2.410 -2.420 -2.428 -2.434 -2.437 -2.438 -2.438 
-2.434 -2.429 -2.421 -2.412 -2.399 -2.385 -2.368 -2.349 -2.328 -2.303 
-2.277 -2.247 -2.215 -2.180 -2.142 -2.101 -2.056 -2.008 -1.956 -1.900 
-1.840 -1.776 -1.706 -1.631 -1.550 -1.462 -1.367 -1.264 -1.151 -1.028 
-0.894 -0.747 -0.586 -0.414 -0.236 -0.069 0.063 0.132 0.137 0.098 
0.044 -0.004 -0.036 -0.049 -0.041 -0.013 0.030 0.080 0.118 0.117 
0.055 -0.068 -0.228 -0.402 -0.573 -0.733 -0.880 -1.015 -1.139 -1.252 
-1.356 -1.452 -1.540 -1.622 -1.697 -1.768 -1.833 -1.893 -1.950 -2.002 
-2.040 
-1.951 -1.998 -2.039 -2.076 -2.110 -2.142 -2.171 -2.197 -2.221 -2.242 
-2.261 -2.278 -2.293 -2.305 -2.315 -2.323 -2.328 -2.332 -2.333 -2.333 
-2.330 -2.325 -2.318 -2.309 -2.298 -2.284 -2.268 -2.250 -2.230 -2.207 
-2.182 -2.155 -2.124 -2.091 -2.056 -2.017 -1.975 -1.930 -1.882 -1.830 
-1.774 -1.714 -1.650 -1.580 -1.506 -1.425 -1.338 -1.243 -1.140 -1.027 
-0.904 -0.770 -0.622 -0.464 -0.298 -0.139 -0.007 0.074 0.096 0.077 
0.041 0.008 -0.012 -0.018 -0.013 0.002 0.026 0.055 0.081 0.081 
0.035 -0.065 -0.205 -0.365 -0.526 -0.679 -0.822 -0.952 -1.072 -1.182 
-1.282 -1.375 -1.460 -1.539 -1.613 -1.681 -1.744 -1.802 -1.857 -1.908 
-1.937 
-1.779 -1.798 -1.834 -1.866 -1.897 -1.924 -1.950 -1.973 -1.994 -2.013 
-2.030 -2.044 -2.057 -2.068 -2.076 -2.083 -2.088 -2.091 -2.092 -2.091 
-2.088 -2.083 -2.076 -2.067 -2.057 -2.044 -2.030 -2.013 -1.995 -1.974 
-1.951 -1.926 -1.899 -1.870 -1.839 -1.805 -1.769 -1.730 -1.689 -1.645 
-1.599 -1.550 -1.497 -1.442 -1.384 -1.322 -1.256 -1.187 -1.114 -1.036 
-0.953 -0.865 -0.772 -0.673 -0.569 -0.464 -0.365 -0.283 -0.222 -0.170 
-0.118 -0.062 -0.009 0.032 0.052 0.044 0.008 -0.048 -0.114 -0.186 
-0.270 -0.368 -0.474 -0.580 -0.680 -0.776 -0.867 -0.955 -1.040 -1.122 
-1.199 -1.273 -1.342 -1.407 -1.468 -1.525 -1.579 -1.629 -1.676 -1.719 
-1.765 
-1.790 -1.832 -1.878 -1.920 -1.959 -1.996 -2.029 -2.060 -2.087 -2.113 
-2.135 -2.156 -2.173 -2.189 -2.202 -2.213 -2.222 -2.228 -2.232 -2.234 
-2.234 -2.232 -2.227 -2.221 -2.212 -2.201 -2.188 -2.172 -2.154 -2.134 
-2.111 -2.086 -2.058 -2.027 -1.994 -1.958 -1.919 -1.877 -1.831 -1.782 
-1.730 -1.673 -1.613 -1.548 -1.478 -1.404 -1.324 -1.239 -1.148 -1.053 
-0.953 -0.851 -0.749 -0.653 -0.568 -0.501 -0.455 -0.431 -0.425 -0.427 
-0.431 -0.430 -0.425 -0.418 -0.417 -0.428 -0.449 -0.475 -0.500 -0.517 
-0.528 -0.535 -0.545 -0.564 -0.597 -0.647 -0.713 -0.791 -0.878 -0.970 
-1.062 -1.152 -1.240 -1.323 -1.402 -1.476 -1.546 -1.611 -1.672 -1.729 
-1.773 
-1.839 -1.877 -1.924 -1.967 -2.007 -2.043 -2.077 -2.107 -2.135 -2.160 
-2.182 -2.202 -2.220 -2.234 -2.247 -2.257 -2.265 -2.270 -2.273 -2.274 
-2.272 -2.269 -2.263 -2.254 -2.244 -2.231 -2.215 -2.197 -2.177 -2.154 
-2.128 -2.100 -2.068 -2.034 -1.997 -1.956 -1.913 -1.865 -1.814 -1.759 
-1.700 -1.636 -1.567 -1.494 -1.415 -1.331 -1.241 -1.145 -1.045 -0.941 
-0.835 -0.731 -0.635 -0.555 -0.504 -0.485 -0.490 -0.511 -0.541 -0.572 
-0.602 -0.628 -0.646 -0.657 -0.659 -0.653 -0.639 -0.616 -0.588 -0.555 
-0.523 -0.497 -0.484 -0.491 -0.520 -0.570 -0.639 -0.728 -0.831 -0.940 
-1.049 -1.154 -1.252 -1.344 -1.429 -1.508 -1.582 -1.650 -1.713 -1.772 
-1.821 
-1.934 -1.985 -2.039 -2.088 -2.134 -2.176 -2.214 -2.249 -2.281 -2.310 
-2.336 -2.359 -2.379 -2.397 -2.412 -2.424 -2.435 -2.442 -2.448 -2.450 
-2.451 -2.449 -2.445 -2.438 -2.429 -2.417 -2.403 -2.386 -2.367 -2.345 
-2.321 -2.293 -2.263 -2.229 -2.192 -2.152 -2.109 -2.061 -2.009 -1.953 
-1.893 -1.827 -1.755 -1.678 -1.593 -1.501 -1.401 -1.290 -1.170 -1.038 
-0.896 -0.749 -0.608 -0.497 -0.443 -0.453 -0.510 -0.585 -0.662 -0.731 
-0.789 -0.835 -0.870 -0.894 -0.907 -0.909 -0.901 -0.883 -0.855 -0.818 
-0.775 -0.726 -0.675 -0.626 -0.583 -0.556 -0.562 -0.613 -0.709 -0.834 
-0.968 -1.102 -1.227 -1.344 -1.450 -1.548 -1.637 -1.719 -1.794 -1.863 
-1.913 
-1.978 -2.031 -2.081 -2.129 -2.172 -2.212 -2.249 -2.283 -2.314 -2.342 
-2.368 -2.390 -2.410 -2.428 -2.443 -2.456 -2.466 -2.474 -2.480 -2.484 
-2.485 -2.483 -2.480 -2.474 -2.466 -2.456 -2.443 -2.428 -2.410 -2.390 
-2.367 -2.341 -2.313 -2.282 -2.248 -2.211 -2.170 -2.126 -2.079 -2.028 
-1.972 -1.912 -1.848 -1.778 -1.703 -1.622 -1.535 -1.440 -1.339 -1.230 
-1.114 -0.993 -0.873 -0.764 -0.682 -0.633 -0.605 -0.583 -0.551 -0.507 
-0.496 -0.550 -0.625 -0.685 -0.725 -0.748 -0.755 -0.750 -0.733 -0.709 
-0.681 -0.653 -0.633 -0.627 -0.642 -0.679 -0.739 -0.822 -0.923 -1.034 
-1.146 -1.255 -1.359 -1.456 -1.547 -1.632 -1.711 -1.785 -1.853 -1.917 
-1.961 
-1.974 -2.004 -2.061 -2.115 -2.164 -2.211 -2.254 -2.293 -2.330 -2.364 
-2.395 -2.423 -2.449 -2.472 -2.492 -2.510 -2.526 -2.539 -2.550 -2.559 
-2.565 -2.569 -2.571 -2.571 -2.568 -2.563 -2.556 -2.546 -2.534 -2.520 
-2.503 -2.484 -2.462 -2.437 -2.410 -2.380 -2.347 -2.311 -2.271 -2.228 
-2.181 -2.131 -2.076 -2.017 -1.953 -1.883 -1.808 -1.726 -1.637 -1.541 
-1.435 -1.321 -1.196 -1.060 -0.913 -0.761 -0.611 -0.451 -0.272 -0.119 
-0.063 -0.127 -0.256 -0.393 -0.509 -0.600 -0.668 -0.717 -0.750 -0.769 
-0.778 -0.778 -0.774 -0.770 -0.769 -0.774 -0.799 -0.855 -0.935 -1.024 
-1.117 -1.212 -1.306 -1.399 -1.489 -1.575 -1.657 -1.735 -1.809 -1.878 
-1.949 
-2.242 -2.315 -2.373 -2.428 -2.478 -2.524 -2.567 -2.606 -2.642 -2.675 
-2.705 -2.732 -2.756 -2.778 -2.797 -2.813 -2.827 -2.839 -2.848 -2.854 
-2.859 -2.860 -2.860 -2.857 -2.852 -2.844 -2.834 -2.822 -2.807 -2.790 
-2.769 -2.747 -2.721 -2.692 -2.661 -2.626 -2.588 -2.546 -2.501 -2.452 
-2.398 -2.340 -2.276 -2.207 -2.132 -2.049 -1.959 -1.859 -1.749 -1.627 
-1.490 -1.338 -1.168 -0.983 -0.800 -0.654 -0.588 -0.599 -0.626 -0.617 
-0.625 -0.712 -0.829 -0.933 -1.012 -1.067 -1.101 -1.115 -1.112 -1.090 
-1.049 -0.988 -0.904 -0.797 -0.687 -0.624 -0.636 -0.721 -0.865 -1.036 
-1.205 -1.360 -1.500 -1.626 -1.740 -1.844 -1.940 -2.027 -2.108 -2.182 
-2.223 
-2.447 -2.515 -2.570 -2.622 -2.669 -2.712 -2.751 -2.787 -2.820 -2.850 
-2.876 -2.900 -2.921 -2.939 -2.955 -2.968 -2.979 -2.987 -2.993 -2.996 
-2.997 -2.995 -2.992 -2.985 -2.977 -2.965 -2.952 -2.936 -2.917 -2.895 
-2.871 -2.844 -2.814 -2.781 -2.744 -2.705 -2.661 -2.614 -2.563 -2.507 
-2.447 -2.382 -2.311 -2.233 -2.149 -2.058 -1.958 -1.848 -1.728 -1.598 
-1.459 -1.316 -1.179 -1.064 -0.977 -0.925 -0.922 -0.978 -1.061 -1.144 
-1.215 -1.272 -1.313 -1.340 -1.353 -1.351 -1.335 -1.303 -1.253 -1.184 
-1.092 -0.972 -0.821 -0.656 -0.529 -0.515 -0.612 -0.754 -0.945 -1.165 
-1.368 -1.544 -1.696 -1.830 -1.948 -2.054 -2.150 -2.237 -2.316 -2.388 
-2.429 
-2.351 -2.403 -2.464 -2.520 -2.571 -2.617 -2.660 -2.699 -2.734 -2.766 
-2.794 -2.820 -2.842 -2.862 -2.879 -2.894 -2.905 -2.914 -2.921 -2.925 
-2.926 -2.925 -2.922 -2.916 -2.907 -2.896 -2.883 -2.866 -2.847 -2.825 
-2.801 -2.773 -2.742 -2.708 -2.670 -2.629 -2.584 -2.534 -2.480 -2.422 
-2.358 -2.288 -2.212 -2.128 -2.037 -1.936 -1.825 -1.702 -1.567 -1.420 
-1.267 -1.121 -1.005 -0.944 -0.945 -0.992 -1.068 -1.155 -1.239 -1.315 
-1.379 -1.430 -1.468 -1.494 -1.508 -1.511 -1.501 -1.479 -1.443 -1.392 
-1.323 -1.234 -1.119 -0.976 -0.819 -0.681 -0.559 -0.502 -0.599 -0.813 
-1.055 -1.274 -1.462 -1.623 -1.763 -1.887 -1.996 -2.095 -2.183 -2.263 
-2.327 
-2.271 -2.321 -2.383 -2.440 -2.492 -2.540 -2.584 -2.624 -2.661 -2.694 
-2.724 -2.751 -2.775 -2.796 -2.815 -2.831 -2.844 -2.854 -2.862 -2.868 
-2.871 -2.872 -2.870 -2.866 -2.859 -2.850 -2.838 -2.824 -2.807 -2.787 
-2.765 -2.740 -2.711 -2.680 -2.646 -2.608 -2.566 -2.521 -2.472 -2.418 
-2.360 -2.296 -2.227 -2.151 -2.069 -1.979 -1.881 -1.772 -1.654 -1.524 
-1.384 -1.238 -1.098 -0.982 -0.908 -0.887 -0.918 -0.984 -1.065 -1.145 
-1.218 -1.278 -1.327 -1.362 -1.386 -1.397 -1.397 -1.385 -1.360 -1.321 
-1.268 -1.198 -1.110 -1.000 -0.871 -0.729 -0.603 -0.551 -0.629 -0.803 
-1.008 -1.206 -1.383 -1.539 -1.676 -1.799 -1.909 -2.007 -2.097 -2.178 
-2.246 
-2.277 -2.330 -2.390 -2.444 -2.494 -2.540 -2.582 -2.620 -2.655 -2.687 
-2.716 -2.741 -2.764 -2.784 -2.802 -2.817 -2.829 -2.839 -2.846 -2.851 
-2.853 -2.853 -2.851 -2.846 -2.839 -2.829 -2.817 -2.802 -2.784 -2.764 
-2.741 -2.715 -2.687 -2.655 -2.620 -2.581 -2.539 -2.493 -2.443 -2.389 
-2.330 -2.265 -2.195 -2.119 -2.036 -1.945 -1.845 -1.735 -1.614 -1.481 
-1.337 -1.185 -1.035 -0.907 -0.826 -0.804 -0.828 -0.873 -0.933 -1.011 
-1.094 -1.167 -1.225 -1.268 -1.297 -1.312 -1.314 -1.302 -1.278 -1.239 
-1.186 -1.118 -1.034 -0.936 -0.835 -0.748 -0.705 -0.731 -0.836 -0.994 
-1.164 -1.327 -1.477 -1.612 -1.734 -1.845 -1.945 -2.036 -2.120 -2.196 
-2.256 
-2.293 -2.348 -2.409 -2.466 -2.518 -2.566 -2.610 -2.651 -2.688 -2.722 
-2.753 -2.781 -2.806 -2.828 -2.848 -2.865 -2.879 -2.891 -2.900 -2.907 
-2.912 -2.914 -2.914 -2.911 -2.907 -2.899 -2.889 -2.877 -2.862 -2.845 
-2.825 -2.803 -2.777 -2.749 -2.718 -2.683 -2.645 -2.604 -2.559 -2.510 
-2.458 -2.400 -2.338 -2.271 -2.197 -2.118 -2.032 -1.939 -1.838 -1.728 
-1.609 -1.482 -1.349 -1.214 -1.083 -0.957 -0.835 -0.741 -0.713 -0.762 
-0.857 -0.960 -1.052 -1.127 -1.182 -1.221 -1.244 -1.252 -1.246 -1.226 
-1.194 -1.148 -1.092 -1.028 -0.963 -0.909 -0.883 -0.905 -0.976 -1.086 
-1.218 -1.357 -1.494 -1.623 -1.742 -1.852 -1.953 -2.046 -2.131 -2.209 
-2.269 
-2.269 -2.321 -2.375 -2.425 -2.472 -2.514 -2.552 -2.588 -2.620 -2.649 
-2.675 -2.698 -2.718 -2.736 -2.751 -2.764 -2.774 -2.782 -2.787 -2.790 
-2.791 -2.789 -2.785 -2.778 -2.769 -2.758 -2.744 -2.728 -2.709 -2.687 
-2.663 -2.636 -2.606 -2.573 -2.537 -2.498 -2.455 -2.409 -2.359 -2.305 
-2.247 -2.184 -2.117 -2.044 -1.967 -1.885 -1.797 -1.705 -1.609 -1.511 
-1.414 -1.323 -1.243 -1.180 -1.136 -1.106 -1.082 -1.064 -1.071 -1.113 
-1.167 -1.217 -1.254 -1.278 -1.290 -1.291 -1.280 -1.259 -1.228 -1.186 
-1.136 -1.080 -1.023 -0.976 -0.948 -0.950 -0.982 -1.040 -1.116 -1.203 
-1.306 -1.423 -1.546 -1.664 -1.774 -1.874 -1.966 -2.050 -2.127 -2.197 
-2.250 
-2.181 -2.253 -2.325 -2.391 -2.451 -2.506 -2.556 -2.602 -2.643 -2.681 
-2.715 -2.746 -2.773 -2.797 -2.819 -2.837 -2.853 -2.866 -2.876 -2.884 
-2.889 -2.892 -2.892 -2.889 -2.884 -2.876 -2.866 -2.853 -2.838 -2.819 
-2.798 -2.774 -2.747 -2.717 -2.684 -2.647 -2.607 -2.563 -2.515 -2.463 
-2.406 -2.344 -2.277 -2.204 -2.125 -2.039 -1.946 -1.845 -1.738 -1.624 
-1.507 -1.393 -1.293 -1.218 -1.177 -1.168 -1.180 -1.213 -1.275 -1.350 
-1.421 -1.482 -1.529 -1.565 -1.590 -1.604 -1.607 -1.601 -1.585 -1.558 
-1.522 -1.476 -1.423 -1.366 -1.309 -1.253 -1.194 -1.130 -1.073 -1.050 
-1.082 -1.166 -1.279 -1.403 -1.528 -1.653 -1.774 -1.887 -1.992 -2.087 
-2.156 
-2.093 -2.149 -2.238 -2.320 -2.395 -2.463 -2.526 -2.583 -2.636 -2.684 
-2.728 -2.767 -2.804 -2.836 -2.865 -2.892 -2.915 -2.935 -2.952 -2.966 
-2.978 -2.987 -2.993 -2.997 -2.998 -2.997 -2.993 -2.986 -2.977 -2.965 
-2.950 -2.932 -2.912 -2.888 -2.862 -2.832 -2.799 -2.762 -2.722 -2.677 
-2.628 -2.575 -2.517 -2.453 -2.383 -2.307 -2.223 -2.132 -2.032 -1.923 
-1.806 -1.682 -1.554 -1.424 -1.293 -1.163 -1.058 -1.019 -1.064 -1.167 
-1.288 -1.403 -1.501 -1.583 -1.648 -1.699 -1.737 -1.764 -1.779 -1.784 
-1.779 -1.763 -1.736 -1.698 -1.646 -1.581 -1.501 -1.409 -1.316 -1.249 
-1.231 -1.243 -1.262 -1.298 -1.366 -1.465 -1.583 -1.707 -1.829 -1.945 
-2.051 
-2.293 -2.379 -2.456 -2.527 -2.591 -2.649 -2.702 -2.751 -2.795 -2.836 
-2.872 -2.905 -2.935 -2.961 -2.984 -3.005 -3.022 -3.037 -3.049 -3.058 
-3.064 -3.068 -3.070 -3.068 -3.065 -3.058 -3.049 -3.038 -3.023 -3.006 
-2.986 -2.963 -2.937 -2.908 -2.876 -2.841 -2.801 -2.758 -2.711 -2.660 
-2.604 -2.543 -2.477 -2.405 -2.326 -2.241 -2.148 -2.047 -1.938 -1.821 
-1.698 -1.570 -1.448 -1.370 -1.357 -1.366 -1.373 -1.396 -1.457 -1.540 
-1.622 -1.692 -1.748 -1.792 -1.824 -1.845 -1.856 -1.857 -1.848 -1.829 
-1.799 -1.757 -1.701 -1.631 -1.544 -1.438 -1.313 -1.175 -1.051 -0.985 
-1.012 -1.123 -1.277 -1.436 -1.586 -1.727 -1.861 -1.984 -2.098 -2.201 
-2.269 
-2.479 -2.552 -2.630 -2.701 -2.765 -2.823 -2.877 -2.925 -2.969 -3.009 
-3.045 -3.077 -3.106 -3.132 -3.155 -3.175 -3.191 -3.205 -3.216 -3.225 
-3.230 -3.233 -3.234 -3.232 -3.227 -3.219 -3.209 -3.196 -3.180 -3.161 
-3.139 -3.115 -3.086 -3.055 -3.020 -2.982 -2.939 -2.892 -2.841 -2.784 
-2.722 -2.654 -2.579 -2.496 -2.404 -2.302 -2.187 -2.057 -1.908 -1.737 
-1.542 -1.332 -1.152 -1.076 -1.141 -1.289 -1.451 -1.593 -1.711 -1.809 
-1.888 -1.953 -2.004 -2.044 -2.073 -2.092 -2.101 -2.101 -2.092 -2.073 
-2.045 -2.005 -1.954 -1.889 -1.809 -1.712 -1.595 -1.459 -1.313 -1.187 
-1.125 -1.161 -1.294 -1.482 -1.675 -1.852 -2.007 -2.143 -2.263 -2.370 
-2.448 
-2.526 -2.602 -2.676 -2.744 -2.806 -2.862 -2.913 -2.960 -3.003 -3.042 
-3.077 -3.108 -3.136 -3.161 -3.183 -3.202 -3.218 -3.231 -3.242 -3.250 
-3.255 -3.257 -3.257 -3.254 -3.249 -3.241 -3.230 -3.216 -3.200 -3.181 
-3.158 -3.133 -3.105 -3.073 -3.037 -2.998 -2.954 -2.907 -2.854 -2.797 
-2.733 -2.664 -2.587 -2.502 -2.408 -2.303 -2.185 -2.051 -1.898 -1.723 
-1.525 -1.321 -1.152 -1.084 -1.137 -1.252 -1.392 -1.535 -1.664 -1.772 
-1.861 -1.932 -1.988 -2.031 -2.063 -2.084 -2.096 -2.097 -2.089 -2.071 
-2.043 -2.004 -1.954 -1.891 -1.814 -1.723 -1.616 -1.500 -1.387 -1.300 
-1.269 -1.323 -1.458 -1.628 -1.797 -1.953 -2.092 -2.217 -2.329 -2.429 
-2.500 
-2.404 -2.493 -2.580 -2.658 -2.728 -2.793 -2.851 -2.904 -2.953 -2.997 
-3.037 -3.074 -3.106 -3.136 -3.162 -3.185 -3.205 -3.222 -3.236 -3.248 
-3.257 -3.263 -3.267 -3.268 -3.266 -3.262 -3.255 -3.245 -3.233 -3.218 
-3.200 -3.179 -3.155 -3.128 -3.098 -3.064 -3.027 -2.986 -2.941 -2.891 
-2.836 -2.777 -2.711 -2.638 -2.559 -2.470 -2.372 -2.262 -2.138 -1.997 
-1.836 -1.656 -1.471 -1.312 -1.196 -1.138 -1.166 -1.267 -1.405 -1.544 
-1.665 -1.765 -1.846 -1.911 -1.961 -1.998 -2.023 -2.038 -2.042 -2.036 
-2.020 -1.992 -1.953 -1.901 -1.836 -1.754 -1.656 -1.540 -1.413 -1.293 
-1.218 -1.223 -1.308 -1.431 -1.566 -1.720 -1.882 -2.033 -2.170 -2.290 
-2.375 
-2.275 -2.346 -2.454 -2.551 -2.637 -2.716 -2.787 -2.851 -2.910 -2.963 
-3.012 -3.056 -3.096 -3.132 -3.164 -3.193 -3.219 -3.242 -3.261 -3.277 
-3.291 -3.302 -3.310 -3.315 -3.318 -3.317 -3.315 -3.309 -3.301 -3.290 
-3.276 -3.259 -3.239 -3.216 -3.189 -3.160 -3.126 -3.089 -3.048 -3.002 
-2.951 -2.895 -2.833 -2.764 -2.686 -2.598 -2.499 -2.383 -2.248 -2.094 
-1.944 -1.844 -1.766 -1.642 -1.478 -1.325 -1.233 -1.237 -1.336 -1.482 
-1.630 -1.759 -1.867 -1.954 -2.025 -2.081 -2.124 -2.155 -2.175 -2.186 
-2.187 -2.177 -2.158 -2.128 -2.087 -2.033 -1.964 -1.879 -1.777 -1.661 
-1.542 -1.437 -1.342 -1.278 -1.297 -1.409 -1.577 -1.760 -1.933 -2.088 
-2.222 
-2.425 -2.541 -2.639 -2.727 -2.806 -2.876 -2.940 -2.997 -3.049 -3.096 
-3.137 -3.175 -3.209 -3.238 -3.265 -3.287 -3.307 -3.323 -3.336 -3.346 
-3.353 -3.357 -3.358 -3.356 -3.351 -3.344 -3.333 -3.319 -3.302 -3.282 
-3.258 -3.231 -3.200 -3.165 -3.126 -3.083 -3.035 -2.981 -2.922 -2.856 
-2.783 -2.702 -2.612 -2.510 -2.397 -2.270 -2.126 -1.966 -1.791 -1.615 
-1.485 -1.464 -1.557 -1.694 -1.800 -1.836 -1.824 -1.853 -1.954 -2.076 
-2.185 -2.273 -2.343 -2.396 -2.436 -2.465 -2.484 -2.493 -2.494 -2.487 
-2.470 -2.445 -2.411 -2.367 -2.311 -2.243 -2.160 -2.060 -1.940 -1.800 
-1.642 -1.483 -1.354 -1.311 -1.400 -1.584 -1.794 -1.987 -2.156 -2.302 
-2.392 
-2.428 -2.490 -2.572 -2.645 -2.712 -2.772 -2.826 -2.875 -2.919 -2.959 
-2.994 -3.026 -3.054 -3.078 -3.099 -3.117 -3.132 -3.143 -3.152 -3.158 
-3.160 -3.160 -3.157 -3.151 -3.143 -3.131 -3.116 -3.098 -3.077 -3.052 
-3.025 -2.993 -2.958 -2.919 -2.875 -2.827 -2.774 -2.715 -2.650 -2.579 
-2.501 -2.416 -2.321 -2.218 -2.106 -1.987 -1.865 -1.749 -1.652 -1.585 
-1.552 -1.567 -1.632 -1.726 -1.831 -1.932 -2.022 -2.099 -2.164 -2.219 
-2.263 -2.299 -2.327 -2.347 -2.359 -2.365 -2.363 -2.355 -2.339 -2.316 
-2.285 -2.245 -2.196 -2.136 -2.065 -1.979 -1.878 -1.760 -1.624 -1.477 
-1.343 -1.257 -1.260 -1.362 -1.532 -1.720 -1.894 -2.045 -2.178 -2.295 
-2.393 
-2.523 -2.604 -2.691 -2.770 -2.841 -2.905 -2.963 -3.015 -3.063 -3.106 
-3.144 -3.179 -3.210 -3.237 -3.261 -3.282 -3.299 -3.314 -3.325 -3.334 
-3.340 -3.343 -3.343 -3.340 -3.335 -3.327 -3.315 -3.301 -3.284 -3.264 
-3.240 -3.213 -3.183 -3.149 -3.111 -3.069 -3.022 -2.971 -2.914 -2.851 
-2.782 -2.706 -2.623 -2.530 -2.427 -2.315 -2.192 -2.060 -1.923 -1.782 
-1.637 -1.498 -1.412 -1.455 -1.585 -1.729 -1.864 -1.981 -2.079 -2.161 
-2.229 -2.285 -2.329 -2.364 -2.389 -2.405 -2.414 -2.414 -2.407 -2.391 
-2.366 -2.332 -2.289 -2.234 -2.167 -2.084 -1.984 -1.862 -1.714 -1.537 
-1.345 -1.202 -1.189 -1.322 -1.536 -1.758 -1.955 -2.124 -2.269 -2.395 
-2.487 
-2.644 -2.728 -2.814 -2.892 -2.961 -3.025 -3.082 -3.134 -3.181 -3.223 
-3.262 -3.296 -3.327 -3.354 -3.378 -3.399 -3.416 -3.431 -3.443 -3.451 
-3.457 -3.461 -3.461 -3.459 -3.454 -3.446 -3.435 -3.422 -3.405 -3.386 
-3.363 -3.337 -3.307 -3.274 -3.237 -3.197 -3.151 -3.101 -3.046 -2.985 
-2.918 -2.844 -2.761 -2.670 -2.566 -2.450 -2.316 -2.162 -1.981 -1.769 
-1.528 -1.299 -1.170 -1.224 -1.411 -1.624 -1.807 -1.955 -2.074 -2.170 
-2.248 -2.310 -2.360 -2.399 -2.427 -2.446 -2.456 -2.457 -2.450 -2.433 
-2.408 -2.372 -2.325 -2.266 -2.192 -2.101 -1.989 -1.849 -1.677 -1.476 
-1.286 -1.194 -1.249 -1.392 -1.628 -1.876 -2.082 -2.252 -2.397 -2.521 
-2.612 
-2.694 -2.785 -2.883 -2.969 -3.046 -3.115 -3.177 -3.232 -3.282 -3.327 
-3.368 -3.404 -3.436 -3.465 -3.490 -3.511 -3.529 -3.544 -3.556 -3.565 
-3.571 -3.574 -3.574 -3.571 -3.565 -3.556 -3.544 -3.529 -3.511 -3.490 
-3.465 -3.437 -3.405 -3.369 -3.329 -3.284 -3.235 -3.180 -3.119 -3.052 
-2.978 -2.895 -2.802 -2.699 -2.584 -2.454 -2.310 -2.151 -1.978 -1.794 
-1.632 -1.541 -1.543 -1.672 -1.871 -2.054 -2.202 -2.322 -2.420 -2.499 
-2.564 -2.617 -2.659 -2.691 -2.714 -2.730 -2.737 -2.737 -2.729 -2.713 
-2.689 -2.656 -2.613 -2.560 -2.494 -2.414 -2.316 -2.196 -2.048 -1.867 
-1.662 -1.477 -1.331 -1.252 -1.407 -1.699 -1.985 -2.212 -2.395 -2.546 
-2.652 
-2.676 -2.745 -2.827 -2.901 -2.967 -3.027 -3.080 -3.129 -3.173 -3.212 
-3.247 -3.278 -3.306 -3.329 -3.350 -3.367 -3.382 -3.393 -3.401 -3.406 
-3.409 -3.408 -3.405 -3.398 -3.389 -3.377 -3.361 -3.343 -3.321 -3.296 
-3.267 -3.235 -3.198 -3.158 -3.113 -3.063 -3.008 -2.948 -2.881 -2.807 
-2.726 -2.636 -2.536 -2.427 -2.308 -2.182 -2.055 -1.942 -1.859 -1.815 
-1.804 -1.832 -1.907 -1.996 -2.083 -2.166 -2.245 -2.318 -2.382 -2.437 
-2.482 -2.519 -2.548 -2.568 -2.581 -2.586 -2.584 -2.575 -2.558 -2.534 
-2.500 -2.458 -2.405 -2.341 -2.264 -2.171 -2.060 -1.929 -1.779 -1.621 
-1.483 -1.409 -1.424 -1.500 -1.702 -1.935 -2.130 -2.292 -2.429 -2.548 
-2.642 
-2.704 -2.776 -2.851 -2.919 -2.980 -3.036 -3.088 -3.134 -3.176 -3.215 
-3.249 -3.280 -3.308 -3.333 -3.354 -3.372 -3.388 -3.401 -3.411 -3.418 
-3.423 -3.425 -3.424 -3.421 -3.415 -3.406 -3.395 -3.381 -3.363 -3.344 
-3.321 -3.295 -3.265 -3.233 -3.196 -3.156 -3.112 -3.063 -3.010 -2.952 
-2.888 -2.817 -2.740 -2.656 -2.563 -2.462 -2.355 -2.246 -2.144 -2.052 
-1.969 -1.891 -1.829 -1.798 -1.807 -1.851 -1.916 -1.988 -2.059 -2.124 
-2.181 -2.228 -2.266 -2.295 -2.315 -2.327 -2.331 -2.326 -2.312 -2.289 
-2.257 -2.214 -2.159 -2.092 -2.010 -1.912 -1.797 -1.668 -1.540 -1.444 
-1.417 -1.474 -1.605 -1.780 -1.956 -2.118 -2.261 -2.389 -2.502 -2.603 
-2.677 
-2.719 -2.771 -2.844 -2.909 -2.969 -3.024 -3.074 -3.120 -3.161 -3.199 
-3.233 -3.263 -3.290 -3.315 -3.336 -3.354 -3.369 -3.382 -3.392 -3.399 
-3.404 -3.406 -3.405 -3.402 -3.397 -3.388 -3.378 -3.364 -3.348 -3.329 
-3.307 -3.282 -3.254 -3.223 -3.189 -3.151 -3.110 -3.065 -3.016 -2.963 
-2.906 -2.844 -2.777 -2.705 -2.629 -2.548 -2.464 -2.377 -2.291 -2.208 
-2.133 -2.068 -2.021 -1.997 -1.999 -2.023 -2.061 -2.106 -2.151 -2.194 
-2.233 -2.265 -2.292 -2.312 -2.324 -2.330 -2.328 -2.318 -2.301 -2.274 
-2.239 -2.193 -2.136 -2.066 -1.982 -1.881 -1.765 -1.641 -1.537 -1.487 
-1.499 -1.576 -1.705 -1.856 -2.009 -2.152 -2.283 -2.402 -2.508 -2.605 
-2.689 
-2.755 -2.858 -2.928 -2.992 -3.051 -3.104 -3.153 -3.197 -3.237 -3.273 
-3.306 -3.335 -3.361 -3.383 -3.403 -3.419 -3.433 -3.443 -3.451 -3.456 
-3.459 -3.459 -3.456 -3.450 -3.442 -3.431 -3.417 -3.400 -3.381 -3.358 
-3.332 -3.303 -3.271 -3.235 -3.196 -3.153 -3.106 -3.054 -2.999 -2.938 
-2.872 -2.802 -2.726 -2.646 -2.562 -2.475 -2.388 -2.306 -2.235 -2.179 
-2.142 -2.127 -2.128 -2.141 -2.160 -2.181 -2.203 -2.227 -2.256 -2.289 
-2.321 -2.351 -2.376 -2.394 -2.403 -2.405 -2.398 -2.383 -2.357 -2.321 
-2.273 -2.212 -2.136 -2.041 -1.925 -1.784 -1.627 -1.483 -1.414 -1.462 
-1.598 -1.764 -1.926 -2.070 -2.197 -2.311 -2.416 -2.516 -2.611 -2.700 
-2.739 
-2.522 -2.571 -2.653 -2.729 -2.801 -2.868 -2.929 -2.986 -3.039 -3.087 
-3.131 -3.172 -3.209 -3.243 -3.273 -3.300 -3.324 -3.346 -3.364 -3.380 
-3.393 -3.403 -3.411 -3.416 -3.418 -3.418 -3.415 -3.410 -3.402 -3.391 
-3.378 -3.361 -3.342 -3.320 -3.295 -3.267 -3.236 -3.201 -3.162 -3.120 
-3.073 -3.022 -2.967 -2.907 -2.842 -2.773 -2.700 -2.625 -2.549 -2.475 
-2.403 -2.333 -2.260 -2.186 -2.113 -2.048 -1.999 -1.975 -1.977 -2.002 
-2.042 -2.089 -2.138 -2.184 -2.225 -2.260 -2.288 -2.308 -2.321 -2.326 
-2.322 -2.310 -2.289 -2.256 -2.209 -2.146 -2.063 -1.969 -1.906 -1.918 
-1.959 -1.982 -1.991 -2.002 -2.028 -2.073 -2.138 -2.217 -2.304 -2.395 
-2.487 
-2.597 -2.650 -2.721 -2.788 -2.851 -2.910 -2.965 -3.016 -3.063 -3.106 
-3.146 -3.183 -3.217 -3.247 -3.275 -3.299 -3.321 -3.341 -3.358 -3.372 
-3.383 -3.393 -3.399 -3.404 -3.405 -3.405 -3.402 -3.397 -3.389 -3.379 
-3.366 -3.351 -3.333 -3.313 -3.289 -3.263 -3.235 -3.203 -3.168 -3.130 
-3.088 -3.043 -2.995 -2.942 -2.886 -2.826 -2.762 -2.694 -2.623 -2.550 
-2.476 -2.404 -2.335 -2.270 -2.211 -2.160 -2.121 -2.097 -2.088 -2.094 
-2.110 -2.133 -2.159 -2.185 -2.209 -2.230 -2.247 -2.259 -2.265 -2.266 
-2.260 -2.248 -2.230 -2.205 -2.174 -2.139 -2.102 -2.069 -2.045 -2.032 
-2.028 -2.034 -2.050 -2.081 -2.127 -2.187 -2.257 -2.335 -2.415 -2.496 
-2.570 
-2.872 -2.988 -3.057 -3.121 -3.181 -3.236 -3.287 -3.334 -3.376 -3.415 
-3.450 -3.482 -3.510 -3.535 -3.558 -3.577 -3.593 -3.607 -3.618 -3.626 
-3.632 -3.635 -3.636 -3.633 -3.629 -3.621 -3.612 -3.599 -3.584 -3.566 
-3.545 -3.521 -3.494 -3.465 -3.432 -3.395 -3.355 -3.312 -3.264 -3.213 
-3.157 -3.096 -3.031 -2.962 -2.887 -2.808 -2.725 -2.640 -2.555 -2.474 
-2.401 -2.342 -2.301 -2.279 -2.275 -2.285 -2.305 -2.330 -2.358 -2.386 
-2.414 -2.439 -2.461 -2.478 -2.489 -2.494 -2.492 -2.482 -2.465 -2.438 
-2.403 -2.358 -2.303 -2.238 -2.166 -2.093 -2.030 -1.993 -1.997 -2.043 
-2.121 -2.212 -2.305 -2.393 -2.474 -2.549 -2.622 -2.694 -2.768 -2.842 
-2.860 
-2.730 -2.773 -2.856 -2.936 -3.013 -3.085 -3.152 -3.214 -3.271 -3.323 
-3.371 -3.414 -3.454 -3.489 -3.521 -3.550 -3.575 -3.597 -3.616 -3.632 
-3.645 -3.655 -3.663 -3.667 -3.669 -3.668 -3.664 -3.658 -3.648 -3.636 
-3.621 -3.604 -3.583 -3.559 -3.532 -3.501 -3.467 -3.430 -3.388 -3.343 
-3.294 -3.240 -3.182 -3.118 -3.050 -2.977 -2.899 -2.818 -2.733 -2.648 
-2.566 -2.492 -2.431 -2.388 -2.367 -2.369 -2.391 -2.429 -2.476 -2.526 
-2.576 -2.623 -2.664 -2.700 -2.728 -2.750 -2.765 -2.773 -2.774 -2.767 
-2.753 -2.730 -2.699 -2.659 -2.612 -2.558 -2.505 -2.463 -2.441 -2.439 
-2.447 -2.455 -2.459 -2.459 -2.456 -2.457 -2.469 -2.499 -2.549 -2.615 
-2.697 
-2.744 -2.833 -2.909 -2.980 -3.046 -3.106 -3.161 -3.212 -3.258 -3.301 
-3.339 -3.374 -3.405 -3.433 -3.458 -3.479 -3.498 -3.514 -3.527 -3.538 
-3.545 -3.550 -3.553 -3.552 -3.549 -3.544 -3.536 -3.525 -3.511 -3.495 
-3.476 -3.454 -3.429 -3.401 -3.370 -3.335 -3.297 -3.255 -3.210 -3.160 
-3.106 -3.048 -2.984 -2.916 -2.843 -2.765 -2.682 -2.595 -2.505 -2.415 
-2.329 -2.253 -2.194 -2.163 -2.161 -2.185 -2.226 -2.276 -2.327 -2.378 
-2.425 -2.466 -2.502 -2.531 -2.554 -2.571 -2.580 -2.584 -2.581 -2.571 
-2.555 -2.532 -2.503 -2.467 -2.425 -2.379 -2.328 -2.277 -2.231 -2.194 
-2.174 -2.173 -2.193 -2.228 -2.276 -2.336 -2.409 -2.491 -2.578 -2.666 
-2.723 
-2.633 -2.711 -2.810 -2.901 -2.983 -3.058 -3.126 -3.187 -3.244 -3.295 
-3.341 -3.383 -3.421 -3.455 -3.485 -3.512 -3.535 -3.556 -3.573 -3.587 
-3.598 -3.606 -3.612 -3.615 -3.614 -3.611 -3.606 -3.597 -3.586 -3.571 
-3.554 -3.533 -3.510 -3.483 -3.452 -3.418 -3.381 -3.339 -3.292 -3.241 
-3.185 -3.124 -3.057 -2.983 -2.901 -2.812 -2.714 -2.606 -2.490 -2.365 
-2.240 -2.127 -2.048 -2.019 -2.043 -2.106 -2.192 -2.283 -2.370 -2.450 
-2.520 -2.580 -2.631 -2.673 -2.708 -2.734 -2.754 -2.766 -2.772 -2.771 
-2.763 -2.748 -2.727 -2.698 -2.662 -2.619 -2.569 -2.512 -2.448 -2.379 
-2.305 -2.226 -2.139 -2.050 -1.988 -2.013 -2.113 -2.235 -2.361 -2.485 
-2.593 
-2.615 -2.717 -2.832 -2.933 -3.023 -3.104 -3.176 -3.242 -3.301 -3.354 
-3.402 -3.446 -3.485 -3.520 -3.551 -3.578 -3.602 -3.623 -3.640 -3.655 
-3.666 -3.674 -3.679 -3.682 -3.681 -3.678 -3.672 -3.662 -3.650 -3.635 
-3.616 -3.595 -3.570 -3.541 -3.509 -3.473 -3.432 -3.388 -3.338 -3.283 
-3.223 -3.156 -3.082 -3.000 -2.909 -2.808 -2.696 -2.570 -2.433 -2.287 
-2.145 -2.033 -1.977 -1.991 -2.060 -2.160 -2.269 -2.376 -2.472 -2.557 
-2.630 -2.692 -2.744 -2.787 -2.822 -2.848 -2.867 -2.879 -2.884 -2.882 
-2.872 -2.856 -2.832 -2.800 -2.759 -2.708 -2.647 -2.572 -2.483 -2.376 
-2.248 -2.094 -1.917 -1.743 -1.642 -1.685 -1.852 -2.063 -2.263 -2.437 
-2.565 
-2.629 -2.717 -2.825 -2.922 -3.009 -3.088 -3.158 -3.222 -3.280 -3.333 
-3.380 -3.423 -3.462 -3.497 -3.528 -3.556 -3.580 -3.600 -3.618 -3.633 
-3.645 -3.654 -3.659 -3.663 -3.663 -3.661 -3.655 -3.647 -3.636 -3.622 
-3.605 -3.585 -3.562 -3.536 -3.506 -3.472 -3.435 -3.393 -3.347 -3.297 
-3.241 -3.180 -3.113 -3.038 -2.957 -2.867 -2.767 -2.657 -2.537 -2.407 
-2.274 -2.150 -2.058 -2.013 -2.018 -2.068 -2.147 -2.241 -2.334 -2.421 
-2.498 -2.564 -2.621 -2.668 -2.706 -2.736 -2.758 -2.772 -2.778 -2.778 
-2.770 -2.754 -2.730 -2.698 -2.657 -2.606 -2.544 -2.469 -2.380 -2.274 
-2.152 -2.015 -1.877 -1.765 -1.721 -1.789 -1.946 -2.127 -2.300 -2.456 
-2.565 
