IRGRID 64 91
1e+308

0.025 0.03 0.035 0.04 0.045 0.05 0.055 0.06 0.065 0.07
0.075 0.08 0.085 0.09 0.095 0.1 0.11 0.12 0.13 0.14
0.15 0.16 0.17 0.18 0.19 0.2 0.21 0.22 0.23 0.24
0.25 0.26 0.27 0.28 0.29 0.3 0.31 0.32 0.33 0.34
0.35 0.36 0.37 0.38 0.39 0.4 0.41 0.42 0.43 0.44
0.45 0.46 0.47 0.48 0.49 0.5 0.51 0.52 0.53 0.54
0.55 0.56 0.57 0.58
0 4 8 12 16 20 24 28 32 36
40 44 48 52 56 60 64 68 72 76
80 84 88 92 96 100 104 108 112 116
120 124 128 132 136 140 144 148 152 156
160 164 168 172 176 180 184 188 192 196
200 204 208 212 216 220 224 228 232 236
240 244 248 252 256 260 264 268 272 276
280 284 288 292 296 300 304 308 312 316
320 324 328 332 336 340 344 348 352 356
360
-4.000 -4.000 -4.000 -4.000 -4.000 -4.000 -4.000 -4.000 -4.000 -4.000 
-4.000 -4.000 -4.000 -4.000 -4.000 -4.000 -4.000 -4.000 -4.000 -4.000 
-4.000 -4.000 -4.000 -4.000 -4.000 -4.000 -4.000 -4.000 -4.000 -4.000 
-4.000 -4.000 -4.000 -4.000 -4.000 -4.000 -4.000 -4.000 -4.000 -4.000 
-4.000 -4.000 -4.000 -4.000 -4.000 -4.000 -4.000 -4.000 -4.000 -4.000 
-4.000 -4.000 -4.000 -4.000 -4.000 -4.000 -4.000 -4.000 -4.000 -4.000 
-4.000 -4.000 -4.000 -4.000 -4.000 -4.000 -4.000 -4.000 -4.000 -4.000 
-4.000 -4.000 -4.000 -4.000 -4.000 -4.000 -4.000 -4.000 -4.000 -4.000 
-4.000 -4.000 -4.000 -4.000 -4.000 -4.000 -4.000 -4.000 -4.000 -4.000 
-4.000 
-4.000 -4.000 -4.000 -4.000 -4.000 -4.000 -4.000 -4.000 -4.000 -4.000 
-4.000 -4.000 -4.000 -4.000 -4.000 -4.000 -4.000 -4.000 -4.000 -4.000 
-4.000 -4.000 -4.000 -4.000 -4.000 -4.000 -4.000 -4.000 -4.000 -4.000 
-4.000 -4.000 -4.000 -4.000 -4.000 -4.000 -4.000 -4.000 -4.000 -4.000 
-4.000 -4.000 -4.000 -4.000 -4.000 -4.000 -4.000 -4.000 -4.000 -4.000 
-4.000 -4.000 -4.000 -4.000 -3.997 -3.854 -3.746 -3.735 -3.831 -3.971 
-4.000 -4.000 -4.000 -4.000 -4.000 -4.000 -4.000 -4.000 -4.000 -4.000 
-4.000 -4.000 -4.000 -4.000 -4.000 -4.000 -4.000 -4.000 -4.000 -4.000 
-4.000 -4.000 -4.000 -4.000 -4.000 -4.000 -4.000 -4.000 -4.000 -4.000 
-4.000 
-4.000 -4.000 -4.000 -4.000 -4.000 -4.000 -4.000 -3.947 -3.867 -3.788 
-3.718 -3.666 -3.640 -3.642 -3.668 -3.708 -3.752 -3.799 -3.849 -3.902 
-3.960 -4.000 -4.000 -4.000 -4.000 -4.000 -4.000 -4.000 -4.000 -4.000 
-4.000 -4.000 -4.000 -4.000 -4.000 -4.000 -4.000 -4.000 -4.000 -4.000 
-4.000 -4.000 -4.000 -4.000 -4.000 -4.000 -4.000 -4.000 -4.000 -4.000 
-3.915 -3.807 -3.681 -3.536 -3.373 -3.209 -3.085 -3.043 -3.067 -3.084 
-3.110 -3.238 -3.424 -3.601 -3.751 -3.877 -3.983 -4.000 -4.000 -4.000 
-4.000 -4.000 -4.000 -4.000 -4.000 -4.000 -4.000 -4.000 -4.000 -4.000 
-4.000 -4.000 -4.000 -4.000 -4.000 -4.000 -4.000 -4.000 -4.000 -4.000 
-4.000 
-4.000 -4.000 -4.000 -4.000 -3.978 -3.939 -3.896 -3.848 -3.796 -3.740 
-3.682 -3.623 -3.566 -3.511 -3.461 -3.416 -3.381 -3.360 -3.356 -3.370 
-3.399 -3.439 -3.485 -3.533 -3.583 -3.631 -3.677 -3.721 -3.761 -3.798 
-3.832 -3.862 -3.889 -3.912 -3.930 -3.945 -3.957 -3.964 -3.967 -3.967 
-3.962 -3.954 -3.941 -3.923 -3.901 -3.874 -3.842 -3.804 -3.760 -3.708 
-3.649 -3.581 -3.501 -3.409 -3.300 -3.174 -3.033 -2.883 -2.719 -2.570 
-2.512 -2.594 -2.764 -2.948 -3.111 -3.250 -3.370 -3.473 -3.565 -3.646 
-3.718 -3.782 -3.839 -3.890 -3.935 -3.975 -4.000 -4.000 -4.000 -4.000 
-4.000 -4.000 -4.000 -4.000 -4.000 -4.000 -4.000 -4.000 -4.000 -4.000 
-4.000 
-3.569 -3.599 -3.590 -3.580 -3.570 -3.558 -3.544 -3.529 -3.511 -3.491 
-3.468 -3.441 -3.412 -3.381 -3.348 -3.316 -3.285 -3.258 -3.238 -3.224 
-3.219 -3.220 -3.228 -3.243 -3.263 -3.287 -3.314 -3.342 -3.370 -3.397 
-3.423 -3.447 -3.468 -3.486 -3.500 -3.512 -3.520 -3.525 -3.525 -3.522 
-3.515 -3.504 -3.489 -3.469 -3.444 -3.415 -3.380 -3.339 -3.291 -3.236 
-3.172 -3.099 -3.015 -2.918 -2.809 -2.692 -2.584 -2.517 -2.506 -2.524 
-2.556 -2.620 -2.699 -2.778 -2.856 -2.934 -3.011 -3.084 -3.153 -3.216 
-3.275 -3.328 -3.376 -3.418 -3.457 -3.490 -3.520 -3.545 -3.567 -3.585 
-3.599 -3.611 -3.619 -3.625 -3.628 -3.629 -3.628 -3.625 -3.620 -3.614 
-3.571 
-3.193 -3.161 -3.159 -3.160 -3.162 -3.167 -3.173 -3.180 -3.187 -3.195 
-3.201 -3.206 -3.208 -3.208 -3.206 -3.203 -3.202 -3.205 -3.212 -3.226 
-3.244 -3.266 -3.291 -3.315 -3.340 -3.363 -3.384 -3.402 -3.417 -3.430 
-3.439 -3.445 -3.447 -3.446 -3.442 -3.433 -3.422 -3.406 -3.387 -3.364 
-3.336 -3.305 -3.268 -3.227 -3.180 -3.128 -3.069 -3.003 -2.929 -2.845 
-2.751 -2.645 -2.525 -2.391 -2.247 -2.104 -1.986 -1.927 -1.938 -1.979 
-1.938 -1.801 -2.042 -2.308 -2.484 -2.611 -2.711 -2.794 -2.863 -2.923 
-2.975 -3.019 -3.057 -3.090 -3.117 -3.140 -3.159 -3.174 -3.185 -3.194 
-3.199 -3.201 -3.202 -3.200 -3.197 -3.192 -3.186 -3.180 -3.174 -3.169 
-3.194 
-3.248 -3.277 -3.266 -3.251 -3.234 -3.213 -3.188 -3.160 -3.128 -3.092 
-3.052 -3.009 -2.964 -2.919 -2.876 -2.839 -2.811 -2.795 -2.793 -2.803 
-2.825 -2.854 -2.887 -2.922 -2.957 -2.991 -3.024 -3.055 -3.086 -3.115 
-3.143 -3.169 -3.194 -3.216 -3.236 -3.253 -3.266 -3.276 -3.283 -3.285 
-3.284 -3.278 -3.268 -3.254 -3.234 -3.209 -3.178 -3.141 -3.097 -3.045 
-2.984 -2.912 -2.828 -2.730 -2.617 -2.489 -2.353 -2.216 -2.052 -1.791 
-1.451 -1.249 -1.439 -1.792 -2.093 -2.284 -2.390 -2.424 -2.402 -2.361 
-2.357 -2.421 -2.531 -2.652 -2.764 -2.862 -2.946 -3.016 -3.075 -3.125 
-3.166 -3.200 -3.228 -3.250 -3.267 -3.280 -3.288 -3.293 -3.294 -3.291 
-3.252 
-2.936 -2.972 -2.991 -3.006 -3.017 -3.023 -3.026 -3.024 -3.018 -3.009 
-2.995 -2.979 -2.959 -2.936 -2.911 -2.886 -2.860 -2.836 -2.813 -2.792 
-2.773 -2.756 -2.741 -2.729 -2.721 -2.717 -2.718 -2.725 -2.736 -2.752 
-2.772 -2.794 -2.817 -2.841 -2.864 -2.885 -2.905 -2.922 -2.935 -2.945 
-2.951 -2.952 -2.949 -2.939 -2.924 -2.901 -2.871 -2.831 -2.781 -2.718 
-2.639 -2.542 -2.419 -2.265 -2.067 -1.814 -1.510 -1.290 -1.391 -1.612 
-1.715 -1.670 -1.852 -1.998 -2.041 -2.022 -1.959 -1.867 -1.763 -1.681 
-1.657 -1.706 -1.806 -1.924 -2.036 -2.135 -2.218 -2.291 -2.357 -2.420 
-2.480 -2.540 -2.599 -2.655 -2.709 -2.760 -2.807 -2.849 -2.886 -2.919 
-2.931 
-2.632 -2.663 -2.710 -2.753 -2.792 -2.829 -2.862 -2.891 -2.918 -2.941 
-2.961 -2.979 -2.993 -3.004 -3.013 -3.019 -3.022 -3.023 -3.021 -3.017 
-3.011 -3.004 -2.995 -2.986 -2.977 -2.968 -2.959 -2.950 -2.940 -2.930 
-2.918 -2.905 -2.889 -2.870 -2.849 -2.824 -2.796 -2.764 -2.728 -2.689 
-2.646 -2.600 -2.549 -2.493 -2.433 -2.367 -2.295 -2.216 -2.129 -2.032 
-1.923 -1.797 -1.650 -1.474 -1.257 -0.990 -0.714 -0.550 -0.608 -0.774 
-0.887 -0.905 -0.917 -1.009 -1.156 -1.301 -1.422 -1.514 -1.579 -1.623 
-1.659 -1.699 -1.739 -1.773 -1.801 -1.825 -1.849 -1.877 -1.911 -1.952 
-2.001 -2.057 -2.118 -2.183 -2.249 -2.315 -2.380 -2.443 -2.503 -2.560 
-2.611 
-2.338 -2.402 -2.428 -2.453 -2.475 -2.495 -2.514 -2.531 -2.546 -2.559 
-2.570 -2.580 -2.588 -2.594 -2.598 -2.601 -2.602 -2.602 -2.600 -2.596 
-2.590 -2.583 -2.574 -2.564 -2.551 -2.537 -2.522 -2.504 -2.485 -2.464 
-2.441 -2.417 -2.390 -2.362 -2.331 -2.299 -2.265 -2.229 -2.190 -2.150 
-2.107 -2.062 -2.014 -1.964 -1.912 -1.856 -1.798 -1.736 -1.670 -1.600 
-1.526 -1.445 -1.358 -1.261 -1.151 -1.023 -0.868 -0.713 -0.619 -0.503 
-0.359 -0.240 -0.203 -0.274 -0.423 -0.598 -0.766 -0.918 -1.053 -1.173 
-1.281 -1.377 -1.464 -1.544 -1.616 -1.682 -1.744 -1.803 -1.858 -1.912 
-1.963 -2.014 -2.063 -2.109 -2.154 -2.196 -2.237 -2.274 -2.310 -2.342 
-2.332 
-1.854 -1.878 -1.895 -1.911 -1.924 -1.936 -1.947 -1.956 -1.965 -1.973 
-1.980 -1.987 -1.994 -2.000 -2.007 -2.013 -2.020 -2.026 -2.033 -2.038 
-2.043 -2.047 -2.050 -2.051 -2.051 -2.050 -2.046 -2.041 -2.034 -2.025 
-2.014 -2.001 -1.985 -1.968 -1.948 -1.926 -1.902 -1.875 -1.846 -1.815 
-1.781 -1.744 -1.704 -1.662 -1.616 -1.568 -1.515 -1.459 -1.399 -1.334 
-1.265 -1.189 -1.107 -1.018 -0.920 -0.812 -0.694 -0.563 -0.422 -0.275 
-0.140 -0.043 -0.004 0.011 0.137 0.030 -0.278 -0.489 -0.645 -0.773 
-0.882 -0.978 -1.064 -1.142 -1.214 -1.280 -1.340 -1.397 -1.450 -1.499 
-1.545 -1.587 -1.627 -1.665 -1.699 -1.732 -1.762 -1.789 -1.815 -1.838 
-1.846 
-1.628 -1.602 -1.604 -1.603 -1.602 -1.600 -1.597 -1.595 -1.593 -1.591 
-1.591 -1.592 -1.594 -1.599 -1.606 -1.615 -1.625 -1.638 -1.652 -1.667 
-1.683 -1.700 -1.716 -1.733 -1.749 -1.765 -1.779 -1.792 -1.804 -1.814 
-1.822 -1.828 -1.832 -1.833 -1.832 -1.829 -1.823 -1.814 -1.803 -1.788 
-1.770 -1.748 -1.723 -1.694 -1.660 -1.622 -1.579 -1.530 -1.475 -1.412 
-1.340 -1.258 -1.165 -1.057 -0.935 -0.798 -0.653 -0.515 -0.404 -0.322 
-0.241 -0.130 0.054 0.367 0.647 0.598 0.294 -0.001 -0.182 -0.327 
-0.478 -0.630 -0.771 -0.895 -1.003 -1.095 -1.174 -1.243 -1.302 -1.354 
-1.399 -1.437 -1.471 -1.500 -1.524 -1.545 -1.561 -1.575 -1.586 -1.593 
-1.627 
-1.932 -1.984 -2.009 -2.030 -2.048 -2.064 -2.077 -2.088 -2.098 -2.107 
-2.115 -2.123 -2.130 -2.138 -2.146 -2.154 -2.162 -2.170 -2.178 -2.186 
-2.193 -2.199 -2.203 -2.206 -2.207 -2.206 -2.203 -2.197 -2.188 -2.177 
-2.162 -2.144 -2.123 -2.099 -2.070 -2.039 -2.003 -1.963 -1.919 -1.870 
-1.817 -1.759 -1.695 -1.626 -1.551 -1.469 -1.381 -1.286 -1.183 -1.073 
-0.956 -0.831 -0.697 -0.554 -0.398 -0.233 -0.072 0.065 0.154 0.186 
0.179 0.161 0.159 0.204 0.341 0.339 0.277 0.261 0.227 0.143 
0.004 -0.170 -0.355 -0.533 -0.698 -0.848 -0.983 -1.105 -1.216 -1.317 
-1.408 -1.491 -1.566 -1.634 -1.696 -1.752 -1.802 -1.848 -1.888 -1.924 
-1.921 
-2.214 -2.240 -2.272 -2.300 -2.326 -2.349 -2.369 -2.387 -2.402 -2.415 
-2.425 -2.433 -2.438 -2.441 -2.441 -2.440 -2.435 -2.428 -2.419 -2.407 
-2.393 -2.376 -2.356 -2.333 -2.308 -2.279 -2.248 -2.213 -2.176 -2.136 
-2.093 -2.048 -2.002 -1.956 -1.909 -1.864 -1.819 -1.774 -1.729 -1.680 
-1.628 -1.569 -1.504 -1.432 -1.352 -1.265 -1.172 -1.073 -0.971 -0.867 
-0.766 -0.671 -0.586 -0.513 -0.449 -0.389 -0.327 -0.264 -0.213 -0.180 
-0.154 -0.113 -0.039 0.089 0.150 0.180 0.195 0.135 0.006 -0.162 
-0.347 -0.534 -0.710 -0.872 -1.018 -1.150 -1.270 -1.379 -1.478 -1.569 
-1.653 -1.730 -1.801 -1.866 -1.927 -1.983 -2.035 -2.083 -2.128 -2.169 
-2.202 
-2.401 -2.439 -2.455 -2.468 -2.479 -2.487 -2.492 -2.494 -2.494 -2.492 
-2.486 -2.478 -2.468 -2.454 -2.438 -2.419 -2.398 -2.373 -2.346 -2.315 
-2.282 -2.245 -2.205 -2.162 -2.116 -2.066 -2.014 -1.959 -1.901 -1.842 
-1.782 -1.723 -1.667 -1.614 -1.569 -1.531 -1.502 -1.483 -1.471 -1.466 
-1.463 -1.461 -1.456 -1.447 -1.431 -1.409 -1.379 -1.342 -1.299 -1.250 
-1.197 -1.143 -1.090 -1.041 -0.997 -0.955 -0.911 -0.857 -0.787 -0.691 
-0.555 -0.352 -0.054 0.206 0.193 -0.001 -0.196 -0.395 -0.610 -0.818 
-1.006 -1.172 -1.317 -1.445 -1.559 -1.660 -1.752 -1.835 -1.910 -1.978 
-2.041 -2.097 -2.149 -2.196 -2.239 -2.278 -2.313 -2.345 -2.373 -2.398 
-2.397 
-2.325 -2.348 -2.372 -2.394 -2.413 -2.429 -2.443 -2.455 -2.464 -2.471 
-2.475 -2.477 -2.477 -2.475 -2.470 -2.463 -2.453 -2.441 -2.427 -2.410 
-2.390 -2.368 -2.344 -2.316 -2.286 -2.253 -2.217 -2.179 -2.137 -2.093 
-2.047 -1.999 -1.949 -1.898 -1.848 -1.798 -1.749 -1.700 -1.651 -1.599 
-1.545 -1.489 -1.430 -1.369 -1.309 -1.249 -1.193 -1.141 -1.095 -1.055 
-1.020 -0.990 -0.962 -0.935 -0.907 -0.874 -0.835 -0.786 -0.725 -0.648 
-0.549 -0.419 -0.243 -0.014 0.108 0.147 0.074 -0.099 -0.294 -0.494 
-0.697 -0.883 -1.048 -1.192 -1.320 -1.434 -1.536 -1.629 -1.713 -1.790 
-1.861 -1.926 -1.986 -2.041 -2.092 -2.139 -2.182 -2.221 -2.258 -2.291 
-2.315 
-2.209 -2.232 -2.261 -2.288 -2.312 -2.334 -2.353 -2.370 -2.385 -2.397 
-2.407 -2.414 -2.420 -2.423 -2.424 -2.423 -2.420 -2.415 -2.407 -2.398 
-2.386 -2.372 -2.356 -2.337 -2.316 -2.293 -2.268 -2.240 -2.209 -2.176 
-2.141 -2.103 -2.062 -2.018 -1.972 -1.923 -1.871 -1.816 -1.759 -1.700 
-1.639 -1.576 -1.512 -1.448 -1.384 -1.323 -1.265 -1.211 -1.162 -1.118 
-1.080 -1.045 -1.014 -0.983 -0.950 -0.914 -0.872 -0.821 -0.759 -0.685 
-0.599 -0.506 -0.417 -0.334 -0.241 -0.145 -0.089 -0.050 -0.060 -0.169 
-0.352 -0.554 -0.744 -0.913 -1.061 -1.193 -1.310 -1.415 -1.511 -1.598 
-1.677 -1.750 -1.817 -1.880 -1.937 -1.990 -2.039 -2.084 -2.126 -2.164 
-2.197 
-2.185 -2.206 -2.235 -2.263 -2.288 -2.312 -2.333 -2.352 -2.368 -2.383 
-2.396 -2.407 -2.416 -2.422 -2.427 -2.430 -2.432 -2.431 -2.428 -2.424 
-2.417 -2.409 -2.398 -2.386 -2.372 -2.355 -2.337 -2.316 -2.294 -2.269 
-2.242 -2.213 -2.181 -2.147 -2.111 -2.072 -2.031 -1.987 -1.940 -1.891 
-1.839 -1.785 -1.728 -1.668 -1.606 -1.543 -1.477 -1.409 -1.341 -1.270 
-1.199 -1.125 -1.049 -0.971 -0.888 -0.800 -0.704 -0.600 -0.485 -0.363 
-0.241 -0.135 -0.070 -0.068 -0.123 -0.209 -0.288 -0.346 -0.414 -0.533 
-0.682 -0.829 -0.963 -1.085 -1.194 -1.295 -1.386 -1.471 -1.550 -1.623 
-1.691 -1.755 -1.814 -1.870 -1.923 -1.972 -2.018 -2.061 -2.101 -2.138 
-2.174 
-2.242 -2.281 -2.315 -2.346 -2.374 -2.399 -2.423 -2.444 -2.462 -2.478 
-2.492 -2.504 -2.514 -2.522 -2.527 -2.531 -2.532 -2.531 -2.529 -2.524 
-2.517 -2.508 -2.497 -2.483 -2.468 -2.450 -2.430 -2.408 -2.383 -2.357 
-2.327 -2.295 -2.260 -2.223 -2.183 -2.140 -2.094 -2.045 -1.992 -1.936 
-1.877 -1.814 -1.747 -1.677 -1.604 -1.527 -1.447 -1.365 -1.283 -1.200 
-1.121 -1.045 -0.976 -0.915 -0.860 -0.812 -0.767 -0.722 -0.673 -0.617 
-0.552 -0.484 -0.425 -0.387 -0.363 -0.339 -0.316 -0.312 -0.348 -0.430 
-0.548 -0.685 -0.827 -0.964 -1.093 -1.213 -1.324 -1.426 -1.521 -1.608 
-1.689 -1.765 -1.835 -1.900 -1.960 -2.017 -2.069 -2.118 -2.164 -2.206 
-2.230 
-2.224 -2.245 -2.281 -2.314 -2.345 -2.374 -2.400 -2.423 -2.445 -2.464 
-2.481 -2.496 -2.508 -2.519 -2.528 -2.534 -2.539 -2.541 -2.542 -2.541 
-2.537 -2.532 -2.524 -2.515 -2.503 -2.490 -2.474 -2.456 -2.436 -2.414 
-2.390 -2.363 -2.334 -2.302 -2.267 -2.231 -2.191 -2.148 -2.103 -2.054 
-2.003 -1.948 -1.891 -1.831 -1.768 -1.705 -1.641 -1.578 -1.516 -1.457 
-1.400 -1.344 -1.290 -1.237 -1.186 -1.134 -1.081 -1.026 -0.967 -0.903 
-0.834 -0.757 -0.674 -0.584 -0.491 -0.402 -0.329 -0.290 -0.295 -0.340 
-0.423 -0.553 -0.708 -0.860 -0.999 -1.126 -1.243 -1.349 -1.447 -1.538 
-1.622 -1.701 -1.773 -1.841 -1.905 -1.964 -2.019 -2.071 -2.119 -2.164 
-2.209 
-2.304 -2.346 -2.381 -2.413 -2.441 -2.467 -2.491 -2.511 -2.529 -2.545 
-2.558 -2.569 -2.577 -2.583 -2.587 -2.589 -2.588 -2.585 -2.580 -2.572 
-2.562 -2.550 -2.535 -2.518 -2.498 -2.476 -2.451 -2.424 -2.394 -2.361 
-2.325 -2.286 -2.244 -2.199 -2.151 -2.099 -2.043 -1.984 -1.921 -1.854 
-1.784 -1.712 -1.637 -1.561 -1.485 -1.413 -1.346 -1.287 -1.240 -1.204 
-1.181 -1.168 -1.164 -1.163 -1.164 -1.163 -1.159 -1.148 -1.130 -1.103 
-1.068 -1.022 -0.964 -0.894 -0.812 -0.717 -0.610 -0.495 -0.375 -0.274 
-0.250 -0.346 -0.525 -0.729 -0.920 -1.089 -1.239 -1.371 -1.489 -1.596 
-1.692 -1.780 -1.860 -1.933 -2.001 -2.063 -2.120 -2.173 -2.222 -2.267 
-2.292 
-2.332 -2.346 -2.382 -2.414 -2.443 -2.469 -2.493 -2.514 -2.532 -2.547 
-2.561 -2.572 -2.580 -2.586 -2.590 -2.591 -2.590 -2.587 -2.582 -2.574 
-2.564 -2.551 -2.537 -2.519 -2.499 -2.477 -2.452 -2.425 -2.395 -2.362 
-2.326 -2.287 -2.245 -2.200 -2.151 -2.099 -2.043 -1.984 -1.921 -1.855 
-1.785 -1.711 -1.635 -1.557 -1.479 -1.401 -1.326 -1.258 -1.197 -1.147 
-1.110 -1.085 -1.074 -1.073 -1.080 -1.090 -1.099 -1.104 -1.104 -1.096 
-1.081 -1.055 -1.020 -0.973 -0.913 -0.840 -0.752 -0.653 -0.550 -0.464 
-0.434 -0.493 -0.618 -0.772 -0.932 -1.085 -1.227 -1.357 -1.475 -1.582 
-1.679 -1.768 -1.850 -1.925 -1.994 -2.058 -2.116 -2.170 -2.220 -2.266 
-2.316 
-2.584 -2.640 -2.678 -2.712 -2.743 -2.772 -2.797 -2.820 -2.840 -2.858 
-2.873 -2.886 -2.896 -2.904 -2.910 -2.913 -2.914 -2.912 -2.909 -2.903 
-2.894 -2.884 -2.871 -2.855 -2.837 -2.817 -2.794 -2.768 -2.740 -2.708 
-2.674 -2.637 -2.597 -2.553 -2.505 -2.454 -2.400 -2.341 -2.277 -2.209 
-2.137 -2.059 -1.976 -1.888 -1.794 -1.695 -1.591 -1.485 -1.377 -1.274 
-1.180 -1.105 -1.054 -1.030 -1.033 -1.060 -1.100 -1.140 -1.173 -1.195 
-1.206 -1.204 -1.190 -1.162 -1.120 -1.063 -0.992 -0.909 -0.823 -0.750 
-0.719 -0.755 -0.858 -1.004 -1.164 -1.322 -1.469 -1.604 -1.726 -1.838 
-1.940 -2.033 -2.118 -2.197 -2.269 -2.336 -2.397 -2.454 -2.506 -2.555 
-2.572 
-2.737 -2.769 -2.808 -2.843 -2.876 -2.906 -2.934 -2.958 -2.980 -2.999 
-3.016 -3.031 -3.043 -3.053 -3.060 -3.065 -3.068 -3.069 -3.067 -3.063 
-3.057 -3.048 -3.037 -3.024 -3.009 -2.990 -2.970 -2.947 -2.921 -2.892 
-2.861 -2.827 -2.789 -2.748 -2.704 -2.656 -2.605 -2.549 -2.489 -2.424 
-2.353 -2.277 -2.195 -2.106 -2.009 -1.905 -1.791 -1.667 -1.534 -1.392 
-1.245 -1.098 -0.965 -0.864 -0.816 -0.823 -0.871 -0.937 -1.001 -1.055 
-1.094 -1.119 -1.128 -1.122 -1.102 -1.069 -1.025 -0.975 -0.927 -0.897 
-0.903 -0.957 -1.059 -1.190 -1.333 -1.475 -1.611 -1.737 -1.854 -1.962 
-2.062 -2.154 -2.238 -2.317 -2.390 -2.457 -2.519 -2.577 -2.631 -2.680 
-2.722 
-2.833 -2.875 -2.913 -2.949 -2.982 -3.011 -3.039 -3.063 -3.085 -3.104 
-3.121 -3.136 -3.148 -3.158 -3.165 -3.170 -3.174 -3.174 -3.173 -3.169 
-3.164 -3.156 -3.145 -3.132 -3.117 -3.100 -3.080 -3.058 -3.033 -3.005 
-2.975 -2.942 -2.906 -2.866 -2.824 -2.778 -2.728 -2.675 -2.617 -2.556 
-2.489 -2.417 -2.340 -2.256 -2.165 -2.067 -1.961 -1.844 -1.717 -1.577 
-1.426 -1.266 -1.108 -0.972 -0.886 -0.867 -0.903 -0.969 -1.040 -1.102 
-1.148 -1.179 -1.194 -1.194 -1.181 -1.157 -1.127 -1.099 -1.080 -1.081 
-1.111 -1.175 -1.269 -1.385 -1.510 -1.636 -1.760 -1.877 -1.987 -2.089 
-2.184 -2.273 -2.355 -2.431 -2.502 -2.568 -2.629 -2.686 -2.739 -2.788 
-2.819 
-2.862 -2.885 -2.918 -2.948 -2.976 -3.001 -3.023 -3.043 -3.060 -3.076 
-3.088 -3.099 -3.107 -3.113 -3.117 -3.119 -3.119 -3.116 -3.111 -3.104 
-3.095 -3.084 -3.070 -3.054 -3.036 -3.016 -2.993 -2.968 -2.940 -2.909 
-2.877 -2.841 -2.803 -2.761 -2.717 -2.670 -2.620 -2.567 -2.510 -2.451 
-2.389 -2.323 -2.255 -2.185 -2.112 -2.038 -1.962 -1.885 -1.808 -1.730 
-1.650 -1.569 -1.485 -1.405 -1.343 -1.313 -1.311 -1.317 -1.319 -1.311 
-1.292 -1.262 -1.221 -1.170 -1.112 -1.054 -1.013 -1.006 -1.037 -1.101 
-1.193 -1.305 -1.429 -1.555 -1.679 -1.798 -1.910 -2.014 -2.111 -2.201 
-2.284 -2.361 -2.433 -2.499 -2.561 -2.619 -2.672 -2.721 -2.767 -2.810 
-2.849 
-2.977 -3.001 -3.028 -3.053 -3.074 -3.094 -3.110 -3.125 -3.137 -3.147 
-3.154 -3.159 -3.162 -3.163 -3.161 -3.158 -3.152 -3.144 -3.133 -3.121 
-3.106 -3.089 -3.069 -3.047 -3.023 -2.996 -2.967 -2.935 -2.901 -2.863 
-2.823 -2.780 -2.735 -2.686 -2.634 -2.579 -2.522 -2.461 -2.398 -2.333 
-2.265 -2.196 -2.127 -2.057 -1.990 -1.924 -1.863 -1.808 -1.761 -1.723 
-1.694 -1.672 -1.654 -1.638 -1.621 -1.602 -1.579 -1.549 -1.513 -1.466 
-1.409 -1.338 -1.253 -1.155 -1.052 -0.965 -0.929 -0.966 -1.070 -1.213 
-1.368 -1.523 -1.668 -1.803 -1.927 -2.040 -2.144 -2.239 -2.327 -2.407 
-2.481 -2.549 -2.613 -2.671 -2.725 -2.775 -2.821 -2.863 -2.902 -2.938 
-2.967 
-3.120 -3.166 -3.194 -3.220 -3.244 -3.265 -3.283 -3.299 -3.313 -3.324 
-3.333 -3.340 -3.344 -3.346 -3.346 -3.344 -3.339 -3.332 -3.323 -3.312 
-3.298 -3.282 -3.263 -3.242 -3.219 -3.192 -3.163 -3.132 -3.097 -3.059 
-3.019 -2.975 -2.927 -2.876 -2.821 -2.762 -2.699 -2.632 -2.560 -2.483 
-2.401 -2.314 -2.222 -2.126 -2.027 -1.927 -1.831 -1.744 -1.673 -1.621 
-1.589 -1.572 -1.566 -1.568 -1.579 -1.598 -1.619 -1.635 -1.641 -1.636 
-1.616 -1.582 -1.533 -1.470 -1.396 -1.323 -1.276 -1.279 -1.334 -1.431 
-1.555 -1.692 -1.829 -1.960 -2.081 -2.193 -2.296 -2.390 -2.477 -2.557 
-2.632 -2.701 -2.765 -2.824 -2.879 -2.930 -2.978 -3.022 -3.062 -3.100 
-3.111 
-2.985 -3.020 -3.052 -3.082 -3.110 -3.135 -3.158 -3.178 -3.196 -3.213 
-3.227 -3.238 -3.248 -3.255 -3.261 -3.264 -3.265 -3.264 -3.261 -3.256 
-3.248 -3.239 -3.227 -3.213 -3.196 -3.178 -3.156 -3.133 -3.106 -3.077 
-3.046 -3.011 -2.973 -2.932 -2.888 -2.840 -2.789 -2.733 -2.673 -2.609 
-2.539 -2.465 -2.384 -2.298 -2.205 -2.107 -2.004 -1.897 -1.789 -1.680 
-1.572 -1.472 -1.390 -1.337 -1.321 -1.341 -1.385 -1.440 -1.498 -1.552 
-1.601 -1.641 -1.674 -1.698 -1.714 -1.724 -1.731 -1.745 -1.776 -1.827 
-1.889 -1.955 -2.019 -2.082 -2.143 -2.203 -2.264 -2.324 -2.385 -2.445 
-2.504 -2.562 -2.618 -2.672 -2.724 -2.774 -2.821 -2.866 -2.908 -2.948 
-2.974 
-2.836 -2.852 -2.889 -2.924 -2.956 -2.986 -3.013 -3.038 -3.060 -3.080 
-3.098 -3.114 -3.127 -3.138 -3.147 -3.153 -3.158 -3.161 -3.161 -3.159 
-3.156 -3.150 -3.142 -3.132 -3.119 -3.105 -3.088 -3.069 -3.048 -3.025 
-2.999 -2.971 -2.940 -2.906 -2.870 -2.832 -2.790 -2.745 -2.697 -2.646 
-2.592 -2.533 -2.471 -2.404 -2.333 -2.258 -2.178 -2.093 -2.005 -1.913 
-1.822 -1.734 -1.656 -1.597 -1.560 -1.546 -1.548 -1.561 -1.580 -1.602 
-1.627 -1.655 -1.686 -1.717 -1.748 -1.777 -1.803 -1.826 -1.846 -1.865 
-1.884 -1.904 -1.926 -1.953 -1.985 -2.023 -2.066 -2.115 -2.168 -2.224 
-2.283 -2.342 -2.402 -2.460 -2.517 -2.572 -2.625 -2.676 -2.724 -2.769 
-2.819 
-2.935 -2.960 -2.983 -3.003 -3.022 -3.038 -3.053 -3.065 -3.076 -3.085 
-3.092 -3.097 -3.100 -3.101 -3.101 -3.099 -3.095 -3.090 -3.083 -3.074 
-3.063 -3.050 -3.036 -3.021 -3.003 -2.984 -2.963 -2.940 -2.916 -2.890 
-2.862 -2.832 -2.801 -2.768 -2.733 -2.697 -2.658 -2.618 -2.577 -2.533 
-2.488 -2.440 -2.391 -2.340 -2.288 -2.233 -2.176 -2.118 -2.057 -1.995 
-1.931 -1.867 -1.802 -1.740 -1.679 -1.622 -1.570 -1.524 -1.487 -1.463 
-1.455 -1.466 -1.496 -1.543 -1.602 -1.669 -1.740 -1.811 -1.882 -1.950 
-2.014 -2.076 -2.134 -2.190 -2.245 -2.298 -2.351 -2.404 -2.456 -2.507 
-2.557 -2.605 -2.651 -2.695 -2.736 -2.776 -2.812 -2.847 -2.878 -2.908 
-2.928 
-3.050 -3.080 -3.099 -3.116 -3.131 -3.144 -3.155 -3.165 -3.172 -3.177 
-3.181 -3.182 -3.183 -3.181 -3.178 -3.173 -3.166 -3.159 -3.149 -3.139 
-3.127 -3.114 -3.099 -3.084 -3.067 -3.049 -3.030 -3.010 -2.988 -2.965 
-2.940 -2.914 -2.887 -2.857 -2.825 -2.792 -2.757 -2.719 -2.679 -2.637 
-2.592 -2.546 -2.497 -2.445 -2.392 -2.336 -2.279 -2.219 -2.158 -2.095 
-2.031 -1.967 -1.901 -1.836 -1.771 -1.707 -1.646 -1.590 -1.545 -1.517 
-1.511 -1.527 -1.558 -1.603 -1.659 -1.723 -1.792 -1.866 -1.942 -2.019 
-2.094 -2.168 -2.240 -2.310 -2.376 -2.440 -2.501 -2.558 -2.613 -2.665 
-2.714 -2.760 -2.803 -2.844 -2.882 -2.917 -2.950 -2.981 -3.009 -3.035 
-3.042 
-3.013 -3.008 -3.012 -3.014 -3.014 -3.012 -3.009 -3.004 -2.998 -2.991 
-2.982 -2.972 -2.961 -2.949 -2.936 -2.923 -2.908 -2.894 -2.879 -2.864 
-2.848 -2.833 -2.818 -2.803 -2.788 -2.773 -2.759 -2.745 -2.731 -2.718 
-2.704 -2.691 -2.677 -2.662 -2.647 -2.630 -2.613 -2.594 -2.573 -2.550 
-2.524 -2.497 -2.466 -2.432 -2.394 -2.353 -2.308 -2.258 -2.203 -2.142 
-2.076 -2.004 -1.927 -1.844 -1.758 -1.671 -1.585 -1.506 -1.447 -1.425 
-1.450 -1.518 -1.614 -1.719 -1.825 -1.926 -2.021 -2.109 -2.193 -2.270 
-2.342 -2.409 -2.472 -2.529 -2.583 -2.632 -2.678 -2.720 -2.758 -2.793 
-2.825 -2.854 -2.881 -2.904 -2.925 -2.944 -2.960 -2.974 -2.985 -2.995 
-3.012 
-3.069 -3.085 -3.092 -3.097 -3.100 -3.103 -3.104 -3.103 -3.101 -3.099 
-3.094 -3.089 -3.083 -3.076 -3.068 -3.059 -3.049 -3.038 -3.026 -3.014 
-3.001 -2.988 -2.974 -2.959 -2.944 -2.928 -2.911 -2.894 -2.876 -2.857 
-2.837 -2.817 -2.795 -2.771 -2.746 -2.720 -2.691 -2.660 -2.627 -2.592 
-2.553 -2.511 -2.465 -2.416 -2.362 -2.304 -2.241 -2.174 -2.103 -2.030 
-1.954 -1.878 -1.803 -1.733 -1.675 -1.636 -1.624 -1.637 -1.671 -1.722 
-1.793 -1.881 -1.977 -2.071 -2.160 -2.242 -2.317 -2.385 -2.446 -2.503 
-2.554 -2.601 -2.645 -2.685 -2.723 -2.758 -2.791 -2.822 -2.851 -2.879 
-2.905 -2.930 -2.953 -2.974 -2.993 -3.011 -3.028 -3.043 -3.056 -3.067 
-3.068 
-3.038 -3.055 -3.073 -3.089 -3.103 -3.117 -3.129 -3.140 -3.150 -3.159 
-3.168 -3.176 -3.183 -3.190 -3.196 -3.201 -3.204 -3.206 -3.207 -3.206 
-3.203 -3.199 -3.192 -3.184 -3.173 -3.160 -3.145 -3.128 -3.108 -3.086 
-3.061 -3.034 -3.004 -2.971 -2.935 -2.896 -2.854 -2.808 -2.758 -2.704 
-2.646 -2.583 -2.516 -2.445 -2.369 -2.291 -2.211 -2.132 -2.057 -1.992 
-1.940 -1.904 -1.883 -1.873 -1.869 -1.866 -1.865 -1.876 -1.919 -1.992 
-2.073 -2.147 -2.212 -2.267 -2.315 -2.356 -2.392 -2.424 -2.453 -2.480 
-2.504 -2.528 -2.552 -2.576 -2.600 -2.625 -2.651 -2.678 -2.706 -2.735 
-2.765 -2.795 -2.825 -2.855 -2.884 -2.913 -2.940 -2.966 -2.991 -3.014 
-3.028 
-2.978 -2.963 -2.957 -2.952 -2.946 -2.942 -2.939 -2.938 -2.940 -2.944 
-2.950 -2.959 -2.970 -2.983 -2.998 -3.015 -3.032 -3.049 -3.067 -3.084 
-3.101 -3.116 -3.130 -3.142 -3.152 -3.161 -3.167 -3.171 -3.172 -3.171 
-3.167 -3.161 -3.151 -3.138 -3.122 -3.103 -3.080 -3.054 -3.023 -2.988 
-2.949 -2.905 -2.856 -2.802 -2.743 -2.678 -2.607 -2.533 -2.455 -2.374 
-2.291 -2.203 -2.107 -2.002 -1.891 -1.779 -1.678 -1.619 -1.638 -1.734 
-1.869 -2.010 -2.139 -2.252 -2.349 -2.434 -2.506 -2.569 -2.624 -2.672 
-2.714 -2.752 -2.785 -2.815 -2.841 -2.865 -2.886 -2.905 -2.922 -2.937 
-2.950 -2.960 -2.969 -2.975 -2.979 -2.982 -2.982 -2.981 -2.978 -2.974 
-2.982 
-3.035 -3.059 -3.068 -3.079 -3.091 -3.104 -3.118 -3.134 -3.150 -3.166 
-3.184 -3.201 -3.219 -3.237 -3.255 -3.272 -3.289 -3.304 -3.319 -3.332 
-3.343 -3.353 -3.361 -3.367 -3.371 -3.373 -3.373 -3.370 -3.365 -3.357 
-3.347 -3.334 -3.319 -3.300 -3.278 -3.254 -3.225 -3.194 -3.158 -3.118 
-3.074 -3.025 -2.971 -2.912 -2.846 -2.773 -2.692 -2.602 -2.502 -2.392 
-2.271 -2.140 -2.008 -1.893 -1.822 -1.812 -1.850 -1.911 -1.999 -2.114 
-2.237 -2.350 -2.450 -2.537 -2.612 -2.678 -2.735 -2.784 -2.827 -2.865 
-2.897 -2.925 -2.948 -2.968 -2.985 -2.998 -3.009 -3.017 -3.023 -3.027 
-3.030 -3.032 -3.032 -3.033 -3.033 -3.034 -3.035 -3.037 -3.041 -3.045 
-3.031 
-2.941 -2.932 -2.941 -2.954 -2.968 -2.984 -3.002 -3.021 -3.041 -3.061 
-3.082 -3.102 -3.122 -3.142 -3.160 -3.177 -3.193 -3.208 -3.221 -3.232 
-3.241 -3.249 -3.254 -3.258 -3.259 -3.258 -3.255 -3.250 -3.243 -3.233 
-3.220 -3.205 -3.187 -3.166 -3.143 -3.116 -3.087 -3.054 -3.017 -2.977 
-2.933 -2.885 -2.832 -2.776 -2.715 -2.649 -2.580 -2.507 -2.432 -2.356 
-2.283 -2.215 -2.157 -2.115 -2.098 -2.120 -2.175 -2.246 -2.320 -2.393 
-2.461 -2.524 -2.582 -2.635 -2.682 -2.725 -2.763 -2.796 -2.826 -2.851 
-2.873 -2.891 -2.907 -2.919 -2.929 -2.936 -2.940 -2.943 -2.943 -2.942 
-2.940 -2.937 -2.933 -2.928 -2.924 -2.921 -2.918 -2.917 -2.917 -2.920 
-2.938 
-3.047 -3.050 -3.050 -3.051 -3.052 -3.055 -3.059 -3.063 -3.068 -3.075 
-3.082 -3.090 -3.100 -3.110 -3.120 -3.131 -3.142 -3.153 -3.163 -3.172 
-3.179 -3.186 -3.191 -3.194 -3.195 -3.194 -3.192 -3.187 -3.180 -3.171 
-3.159 -3.145 -3.128 -3.109 -3.087 -3.062 -3.034 -3.002 -2.968 -2.930 
-2.889 -2.845 -2.796 -2.745 -2.690 -2.631 -2.570 -2.508 -2.445 -2.383 
-2.324 -2.271 -2.232 -2.219 -2.240 -2.285 -2.342 -2.404 -2.466 -2.526 
-2.584 -2.639 -2.690 -2.738 -2.782 -2.822 -2.858 -2.891 -2.921 -2.948 
-2.971 -2.991 -3.009 -3.024 -3.037 -3.048 -3.056 -3.062 -3.067 -3.070 
-3.071 -3.071 -3.070 -3.068 -3.066 -3.063 -3.060 -3.057 -3.054 -3.052 
-3.047 
-3.200 -3.190 -3.170 -3.149 -3.127 -3.106 -3.086 -3.068 -3.053 -3.041 
-3.033 -3.030 -3.032 -3.038 -3.048 -3.062 -3.078 -3.096 -3.115 -3.134 
-3.153 -3.170 -3.186 -3.199 -3.211 -3.220 -3.227 -3.231 -3.232 -3.230 
-3.225 -3.217 -3.206 -3.191 -3.173 -3.151 -3.126 -3.096 -3.062 -3.024 
-2.981 -2.932 -2.878 -2.818 -2.752 -2.678 -2.596 -2.507 -2.409 -2.303 
-2.193 -2.089 -2.010 -1.983 -2.020 -2.111 -2.226 -2.345 -2.457 -2.558 
-2.649 -2.730 -2.803 -2.868 -2.926 -2.979 -3.026 -3.068 -3.106 -3.140 
-3.170 -3.196 -3.219 -3.239 -3.257 -3.271 -3.283 -3.292 -3.299 -3.303 
-3.305 -3.305 -3.302 -3.298 -3.291 -3.282 -3.271 -3.259 -3.244 -3.228 
-3.209 
-3.262 -3.276 -3.280 -3.283 -3.285 -3.287 -3.288 -3.288 -3.288 -3.289 
-3.290 -3.291 -3.294 -3.297 -3.300 -3.304 -3.307 -3.310 -3.312 -3.313 
-3.312 -3.310 -3.306 -3.300 -3.292 -3.282 -3.270 -3.256 -3.239 -3.220 
-3.199 -3.175 -3.149 -3.120 -3.088 -3.053 -3.015 -2.974 -2.930 -2.881 
-2.829 -2.773 -2.713 -2.648 -2.579 -2.505 -2.429 -2.351 -2.274 -2.202 
-2.140 -2.094 -2.070 -2.076 -2.113 -2.175 -2.246 -2.319 -2.391 -2.459 
-2.522 -2.581 -2.636 -2.688 -2.735 -2.779 -2.819 -2.857 -2.892 -2.925 
-2.955 -2.983 -3.009 -3.033 -3.056 -3.078 -3.097 -3.116 -3.134 -3.150 
-3.166 -3.180 -3.194 -3.207 -3.218 -3.229 -3.240 -3.249 -3.257 -3.264 
-3.259 
-3.201 -3.198 -3.210 -3.221 -3.231 -3.240 -3.248 -3.255 -3.261 -3.266 
-3.270 -3.273 -3.275 -3.276 -3.277 -3.276 -3.274 -3.271 -3.268 -3.263 
-3.257 -3.250 -3.242 -3.233 -3.223 -3.211 -3.197 -3.183 -3.166 -3.148 
-3.128 -3.107 -3.083 -3.057 -3.029 -2.999 -2.967 -2.932 -2.895 -2.855 
-2.813 -2.769 -2.722 -2.672 -2.620 -2.566 -2.511 -2.456 -2.401 -2.349 
-2.304 -2.269 -2.248 -2.244 -2.254 -2.276 -2.306 -2.341 -2.379 -2.418 
-2.457 -2.496 -2.535 -2.573 -2.610 -2.645 -2.679 -2.711 -2.742 -2.772 
-2.800 -2.827 -2.852 -2.877 -2.901 -2.923 -2.945 -2.966 -2.987 -3.007 
-3.026 -3.044 -3.062 -3.080 -3.097 -3.113 -3.129 -3.144 -3.159 -3.173 
-3.195 
-3.267 -3.275 -3.270 -3.263 -3.256 -3.248 -3.239 -3.230 -3.220 -3.209 
-3.199 -3.188 -3.178 -3.167 -3.157 -3.147 -3.137 -3.128 -3.119 -3.111 
-3.103 -3.095 -3.087 -3.079 -3.070 -3.062 -3.052 -3.042 -3.031 -3.019 
-3.005 -2.989 -2.972 -2.952 -2.931 -2.907 -2.880 -2.850 -2.817 -2.780 
-2.741 -2.697 -2.649 -2.598 -2.542 -2.482 -2.419 -2.354 -2.289 -2.226 
-2.171 -2.130 -2.109 -2.114 -2.145 -2.197 -2.263 -2.337 -2.412 -2.486 
-2.556 -2.622 -2.684 -2.742 -2.795 -2.844 -2.890 -2.932 -2.971 -3.006 
-3.039 -3.070 -3.098 -3.123 -3.146 -3.167 -3.186 -3.204 -3.219 -3.233 
-3.245 -3.255 -3.264 -3.271 -3.276 -3.280 -3.283 -3.284 -3.284 -3.282 
-3.270 
-3.265 -3.253 -3.247 -3.241 -3.234 -3.226 -3.219 -3.211 -3.203 -3.195 
-3.186 -3.178 -3.170 -3.162 -3.154 -3.147 -3.139 -3.131 -3.123 -3.115 
-3.107 -3.098 -3.089 -3.079 -3.068 -3.057 -3.044 -3.030 -3.015 -2.999 
-2.980 -2.960 -2.938 -2.913 -2.887 -2.857 -2.825 -2.790 -2.753 -2.712 
-2.668 -2.621 -2.571 -2.519 -2.465 -2.410 -2.358 -2.309 -2.267 -2.235 
-2.217 -2.214 -2.228 -2.258 -2.303 -2.359 -2.422 -2.487 -2.552 -2.615 
-2.676 -2.733 -2.787 -2.837 -2.883 -2.926 -2.966 -3.003 -3.037 -3.068 
-3.096 -3.122 -3.145 -3.166 -3.185 -3.201 -3.216 -3.229 -3.240 -3.249 
-3.256 -3.262 -3.267 -3.270 -3.272 -3.272 -3.271 -3.269 -3.267 -3.263 
-3.266 
-3.302 -3.307 -3.302 -3.297 -3.291 -3.285 -3.279 -3.273 -3.267 -3.262 
-3.257 -3.251 -3.246 -3.241 -3.236 -3.230 -3.225 -3.218 -3.212 -3.205 
-3.197 -3.188 -3.179 -3.168 -3.157 -3.144 -3.130 -3.114 -3.097 -3.079 
-3.058 -3.036 -3.012 -2.985 -2.956 -2.924 -2.890 -2.853 -2.812 -2.769 
-2.723 -2.673 -2.621 -2.566 -2.509 -2.451 -2.395 -2.343 -2.298 -2.262 
-2.240 -2.233 -2.247 -2.281 -2.332 -2.395 -2.463 -2.532 -2.599 -2.664 
-2.725 -2.782 -2.836 -2.886 -2.932 -2.975 -3.015 -3.052 -3.086 -3.117 
-3.145 -3.171 -3.194 -3.216 -3.235 -3.251 -3.266 -3.279 -3.290 -3.300 
-3.308 -3.314 -3.319 -3.322 -3.324 -3.324 -3.324 -3.322 -3.320 -3.316 
-3.302 
-3.214 -3.205 -3.193 -3.182 -3.172 -3.164 -3.157 -3.152 -3.149 -3.148 
-3.149 -3.151 -3.155 -3.160 -3.166 -3.173 -3.180 -3.187 -3.193 -3.200 
-3.205 -3.209 -3.212 -3.214 -3.214 -3.212 -3.209 -3.203 -3.196 -3.186 
-3.174 -3.159 -3.141 -3.120 -3.097 -3.070 -3.040 -3.006 -2.968 -2.926 
-2.880 -2.829 -2.773 -2.712 -2.646 -2.575 -2.499 -2.419 -2.337 -2.257 
-2.186 -2.134 -2.114 -2.134 -2.190 -2.271 -2.364 -2.458 -2.548 -2.632 
-2.709 -2.780 -2.844 -2.902 -2.955 -3.003 -3.046 -3.085 -3.119 -3.150 
-3.178 -3.202 -3.223 -3.241 -3.256 -3.269 -3.279 -3.286 -3.291 -3.294 
-3.295 -3.294 -3.290 -3.285 -3.279 -3.271 -3.262 -3.251 -3.240 -3.228 
-3.218 
-3.124 -3.109 -3.096 -3.083 -3.070 -3.057 -3.046 -3.036 -3.027 -3.020 
-3.015 -3.011 -3.009 -3.008 -3.008 -3.008 -3.010 -3.011 -3.012 -3.014 
-3.014 -3.015 -3.014 -3.013 -3.010 -3.007 -3.001 -2.994 -2.986 -2.975 
-2.962 -2.946 -2.929 -2.908 -2.885 -2.858 -2.828 -2.795 -2.758 -2.717 
-2.673 -2.624 -2.570 -2.513 -2.452 -2.388 -2.323 -2.259 -2.199 -2.145 
-2.104 -2.079 -2.081 -2.116 -2.180 -2.258 -2.340 -2.422 -2.499 -2.572 
-2.639 -2.702 -2.759 -2.812 -2.860 -2.904 -2.945 -2.981 -3.014 -3.044 
-3.071 -3.094 -3.115 -3.133 -3.149 -3.162 -3.172 -3.181 -3.187 -3.191 
-3.193 -3.193 -3.191 -3.188 -3.182 -3.176 -3.167 -3.158 -3.147 -3.135 
-3.127 
-3.108 -3.084 -3.062 -3.040 -3.020 -3.003 -2.988 -2.978 -2.973 -2.972 
-2.976 -2.984 -2.997 -3.012 -3.030 -3.050 -3.069 -3.089 -3.108 -3.126 
-3.143 -3.158 -3.170 -3.181 -3.189 -3.194 -3.197 -3.197 -3.195 -3.189 
-3.180 -3.169 -3.153 -3.134 -3.111 -3.085 -3.054 -3.018 -2.977 -2.930 
-2.878 -2.819 -2.752 -2.678 -2.597 -2.510 -2.421 -2.337 -2.254 -2.168 
-2.078 -2.003 -1.972 -2.003 -2.088 -2.203 -2.326 -2.443 -2.549 -2.645 
-2.730 -2.806 -2.874 -2.934 -2.988 -3.035 -3.078 -3.115 -3.148 -3.177 
-3.202 -3.223 -3.241 -3.255 -3.266 -3.274 -3.279 -3.281 -3.281 -3.278 
-3.272 -3.264 -3.254 -3.241 -3.227 -3.210 -3.192 -3.173 -3.152 -3.130 
-3.118 
-3.105 -3.121 -3.118 -3.122 -3.131 -3.144 -3.161 -3.179 -3.198 -3.218 
-3.238 -3.257 -3.277 -3.297 -3.315 -3.333 -3.348 -3.363 -3.375 -3.385 
-3.392 -3.397 -3.399 -3.398 -3.395 -3.388 -3.378 -3.365 -3.348 -3.328 
-3.303 -3.275 -3.243 -3.205 -3.163 -3.115 -3.062 -3.002 -2.934 -2.859 
-2.774 -2.680 -2.577 -2.467 -2.356 -2.256 -2.184 -2.155 -2.170 -2.218 
-2.277 -2.330 -2.383 -2.456 -2.550 -2.652 -2.749 -2.837 -2.914 -2.982 
-3.041 -3.093 -3.139 -3.179 -3.213 -3.243 -3.268 -3.289 -3.307 -3.320 
-3.331 -3.339 -3.343 -3.345 -3.344 -3.341 -3.335 -3.327 -3.318 -3.306 
-3.293 -3.278 -3.263 -3.246 -3.229 -3.211 -3.193 -3.175 -3.158 -3.142 
-3.104 
-2.929 -2.883 -2.873 -2.879 -2.900 -2.933 -2.974 -3.019 -3.065 -3.109 
-3.151 -3.190 -3.226 -3.258 -3.286 -3.311 -3.333 -3.352 -3.368 -3.381 
-3.391 -3.398 -3.401 -3.402 -3.399 -3.393 -3.384 -3.370 -3.353 -3.332 
-3.307 -3.277 -3.243 -3.203 -3.157 -3.106 -3.047 -2.981 -2.907 -2.824 
-2.730 -2.627 -2.516 -2.401 -2.298 -2.229 -2.214 -2.257 -2.344 -2.453 
-2.570 -2.682 -2.786 -2.881 -2.967 -3.043 -3.112 -3.173 -3.228 -3.277 
-3.320 -3.358 -3.392 -3.421 -3.445 -3.466 -3.483 -3.497 -3.507 -3.513 
-3.516 -3.516 -3.512 -3.505 -3.495 -3.481 -3.464 -3.443 -3.419 -3.392 
-3.360 -3.325 -3.287 -3.244 -3.198 -3.149 -3.097 -3.045 -2.994 -2.947 
-2.943 
-3.183 -3.183 -3.162 -3.146 -3.135 -3.128 -3.122 -3.117 -3.112 -3.108 
-3.105 -3.104 -3.103 -3.104 -3.107 -3.110 -3.115 -3.119 -3.124 -3.128 
-3.131 -3.133 -3.133 -3.132 -3.128 -3.122 -3.114 -3.102 -3.087 -3.069 
-3.047 -3.021 -2.991 -2.957 -2.917 -2.873 -2.823 -2.767 -2.705 -2.638 
-2.566 -2.490 -2.414 -2.342 -2.285 -2.258 -2.274 -2.328 -2.405 -2.494 
-2.585 -2.675 -2.761 -2.841 -2.917 -2.986 -3.050 -3.109 -3.163 -3.212 
-3.257 -3.298 -3.334 -3.368 -3.397 -3.423 -3.447 -3.467 -3.484 -3.498 
-3.509 -3.518 -3.524 -3.527 -3.528 -3.526 -3.522 -3.515 -3.505 -3.493 
-3.478 -3.461 -3.441 -3.419 -3.393 -3.366 -3.336 -3.304 -3.272 -3.239 
-3.189 
-3.415 -3.391 -3.365 -3.340 -3.315 -3.293 -3.272 -3.254 -3.238 -3.225 
-3.216 -3.209 -3.205 -3.203 -3.203 -3.205 -3.207 -3.210 -3.213 -3.216 
-3.219 -3.220 -3.220 -3.219 -3.215 -3.209 -3.201 -3.190 -3.175 -3.156 
-3.134 -3.107 -3.075 -3.038 -2.995 -2.945 -2.889 -2.823 -2.749 -2.665 
-2.570 -2.466 -2.355 -2.250 -2.171 -2.143 -2.179 -2.265 -2.376 -2.491 
-2.600 -2.702 -2.795 -2.883 -2.964 -3.040 -3.111 -3.176 -3.235 -3.290 
-3.339 -3.384 -3.425 -3.462 -3.495 -3.525 -3.551 -3.573 -3.593 -3.610 
-3.624 -3.635 -3.643 -3.649 -3.652 -3.653 -3.652 -3.648 -3.642 -3.633 
-3.622 -3.610 -3.595 -3.578 -3.559 -3.539 -3.517 -3.494 -3.469 -3.444 
-3.425 
-3.549 -3.554 -3.527 -3.499 -3.471 -3.444 -3.417 -3.392 -3.368 -3.346 
-3.327 -3.308 -3.292 -3.277 -3.264 -3.252 -3.242 -3.233 -3.226 -3.221 
-3.218 -3.216 -3.215 -3.215 -3.216 -3.216 -3.215 -3.213 -3.210 -3.204 
-3.196 -3.184 -3.170 -3.152 -3.129 -3.102 -3.070 -3.032 -2.987 -2.935 
-2.875 -2.807 -2.731 -2.652 -2.582 -2.538 -2.528 -2.542 -2.563 -2.587 
-2.617 -2.658 -2.710 -2.773 -2.842 -2.916 -2.989 -3.061 -3.130 -3.195 
-3.256 -3.313 -3.366 -3.414 -3.459 -3.499 -3.536 -3.570 -3.600 -3.627 
-3.650 -3.671 -3.689 -3.704 -3.716 -3.726 -3.733 -3.737 -3.739 -3.738 
-3.735 -3.730 -3.722 -3.712 -3.699 -3.684 -3.667 -3.648 -3.627 -3.604 
-3.554 
-3.382 -3.343 -3.308 -3.275 -3.243 -3.214 -3.188 -3.168 -3.153 -3.144 
-3.141 -3.144 -3.151 -3.162 -3.175 -3.190 -3.205 -3.220 -3.235 -3.248 
-3.260 -3.270 -3.278 -3.284 -3.287 -3.288 -3.286 -3.280 -3.271 -3.259 
-3.242 -3.222 -3.197 -3.167 -3.132 -3.092 -3.046 -2.993 -2.934 -2.868 
-2.795 -2.716 -2.635 -2.555 -2.485 -2.437 -2.421 -2.442 -2.494 -2.567 
-2.650 -2.737 -2.823 -2.907 -2.987 -3.063 -3.134 -3.200 -3.260 -3.316 
-3.366 -3.412 -3.454 -3.492 -3.525 -3.555 -3.581 -3.604 -3.624 -3.640 
-3.654 -3.664 -3.672 -3.677 -3.679 -3.679 -3.675 -3.670 -3.661 -3.650 
-3.637 -3.621 -3.602 -3.582 -3.558 -3.533 -3.505 -3.476 -3.444 -3.411 
-3.397 
-3.398 -3.375 -3.358 -3.342 -3.327 -3.314 -3.303 -3.294 -3.288 -3.285 
-3.284 -3.286 -3.289 -3.294 -3.300 -3.306 -3.312 -3.318 -3.322 -3.326 
-3.328 -3.329 -3.327 -3.324 -3.318 -3.310 -3.299 -3.285 -3.269 -3.249 
-3.225 -3.198 -3.167 -3.132 -3.092 -3.047 -2.997 -2.941 -2.879 -2.811 
-2.737 -2.657 -2.573 -2.489 -2.412 -2.352 -2.319 -2.321 -2.358 -2.423 
-2.507 -2.599 -2.692 -2.782 -2.866 -2.945 -3.017 -3.083 -3.143 -3.198 
-3.248 -3.293 -3.334 -3.371 -3.404 -3.433 -3.459 -3.482 -3.502 -3.519 
-3.533 -3.545 -3.554 -3.561 -3.565 -3.567 -3.566 -3.564 -3.560 -3.553 
-3.545 -3.535 -3.524 -3.511 -3.496 -3.481 -3.464 -3.447 -3.429 -3.411 
-3.403 
-3.587 -3.585 -3.572 -3.559 -3.545 -3.532 -3.519 -3.507 -3.495 -3.484 
-3.474 -3.464 -3.455 -3.446 -3.438 -3.431 -3.423 -3.416 -3.409 -3.402 
-3.395 -3.387 -3.378 -3.368 -3.357 -3.345 -3.331 -3.315 -3.297 -3.277 
-3.254 -3.228 -3.199 -3.166 -3.130 -3.089 -3.043 -2.993 -2.936 -2.874 
-2.806 -2.732 -2.652 -2.568 -2.484 -2.406 -2.345 -2.312 -2.314 -2.354 
-2.423 -2.511 -2.608 -2.705 -2.799 -2.887 -2.969 -3.044 -3.113 -3.177 
-3.235 -3.288 -3.337 -3.381 -3.422 -3.459 -3.492 -3.522 -3.549 -3.573 
-3.595 -3.613 -3.630 -3.643 -3.655 -3.664 -3.671 -3.677 -3.680 -3.681 
-3.681 -3.678 -3.675 -3.669 -3.662 -3.654 -3.645 -3.635 -3.623 -3.611 
-3.591 
-3.697 -3.694 -3.680 -3.665 -3.649 -3.633 -3.618 -3.602 -3.586 -3.571 
-3.557 -3.544 -3.531 -3.519 -3.509 -3.499 -3.490 -3.482 -3.475 -3.467 
-3.460 -3.453 -3.445 -3.436 -3.426 -3.415 -3.402 -3.387 -3.371 -3.351 
-3.329 -3.304 -3.276 -3.244 -3.208 -3.169 -3.124 -3.076 -3.022 -2.963 
-2.898 -2.829 -2.754 -2.676 -2.596 -2.520 -2.456 -2.416 -2.412 -2.448 
-2.517 -2.607 -2.706 -2.805 -2.899 -2.988 -3.070 -3.145 -3.214 -3.276 
-3.334 -3.386 -3.434 -3.478 -3.518 -3.554 -3.587 -3.616 -3.643 -3.667 
-3.688 -3.707 -3.724 -3.738 -3.750 -3.760 -3.768 -3.774 -3.778 -3.781 
-3.782 -3.781 -3.778 -3.774 -3.769 -3.762 -3.753 -3.744 -3.733 -3.721 
-3.702 
-3.624 -3.623 -3.619 -3.615 -3.610 -3.604 -3.598 -3.592 -3.585 -3.577 
-3.569 -3.561 -3.551 -3.542 -3.532 -3.521 -3.510 -3.497 -3.484 -3.470 
-3.455 -3.439 -3.421 -3.402 -3.381 -3.359 -3.334 -3.308 -3.280 -3.249 
-3.216 -3.181 -3.143 -3.103 -3.061 -3.016 -2.970 -2.922 -2.873 -2.824 
-2.776 -2.730 -2.690 -2.656 -2.632 -2.618 -2.616 -2.627 -2.654 -2.697 
-2.753 -2.815 -2.879 -2.941 -3.000 -3.056 -3.108 -3.157 -3.202 -3.244 
-3.283 -3.319 -3.352 -3.382 -3.411 -3.436 -3.460 -3.482 -3.502 -3.520 
-3.536 -3.551 -3.564 -3.576 -3.586 -3.595 -3.604 -3.611 -3.616 -3.621 
-3.626 -3.629 -3.631 -3.633 -3.634 -3.634 -3.634 -3.633 -3.631 -3.629 
-3.624 
-3.539 -3.523 -3.513 -3.503 -3.491 -3.479 -3.466 -3.453 -3.440 -3.425 
-3.411 -3.395 -3.380 -3.363 -3.347 -3.329 -3.311 -3.293 -3.273 -3.253 
-3.231 -3.209 -3.185 -3.160 -3.133 -3.105 -3.075 -3.043 -3.010 -2.976 
-2.941 -2.906 -2.873 -2.842 -2.813 -2.788 -2.766 -2.747 -2.731 -2.719 
-2.711 -2.708 -2.710 -2.719 -2.735 -2.757 -2.786 -2.821 -2.859 -2.900 
-2.942 -2.985 -3.026 -3.066 -3.104 -3.140 -3.174 -3.205 -3.234 -3.260 
-3.285 -3.307 -3.328 -3.347 -3.366 -3.383 -3.400 -3.416 -3.433 -3.448 
-3.464 -3.478 -3.493 -3.506 -3.518 -3.529 -3.539 -3.547 -3.554 -3.560 
-3.564 -3.566 -3.567 -3.567 -3.566 -3.563 -3.559 -3.554 -3.548 -3.540 
-3.544 
-3.567 -3.576 -3.573 -3.568 -3.562 -3.554 -3.545 -3.535 -3.524 -3.513 
-3.501 -3.489 -3.475 -3.461 -3.444 -3.426 -3.406 -3.383 -3.358 -3.329 
-3.297 -3.262 -3.223 -3.181 -3.136 -3.087 -3.035 -2.980 -2.925 -2.870 
-2.818 -2.771 -2.731 -2.703 -2.687 -2.683 -2.691 -2.707 -2.730 -2.756 
-2.783 -2.809 -2.833 -2.855 -2.872 -2.883 -2.889 -2.888 -2.884 -2.882 
-2.890 -2.912 -2.943 -2.977 -3.009 -3.037 -3.058 -3.074 -3.087 -3.096 
-3.103 -3.108 -3.114 -3.120 -3.127 -3.136 -3.147 -3.161 -3.177 -3.197 
-3.218 -3.242 -3.267 -3.294 -3.321 -3.348 -3.375 -3.401 -3.426 -3.450 
-3.472 -3.492 -3.510 -3.527 -3.541 -3.552 -3.562 -3.569 -3.574 -3.577 
-3.564 
-3.469 -3.443 -3.419 -3.395 -3.372 -3.350 -3.331 -3.314 -3.301 -3.291 
-3.285 -3.282 -3.283 -3.287 -3.293 -3.301 -3.310 -3.318 -3.326 -3.333 
-3.338 -3.341 -3.340 -3.336 -3.329 -3.317 -3.301 -3.280 -3.256 -3.228 
-3.197 -3.165 -3.132 -3.101 -3.070 -3.040 -3.006 -2.965 -2.915 -2.855 
-2.790 -2.736 -2.710 -2.711 -2.714 -2.699 -2.661 -2.610 -2.559 -2.525 
-2.521 -2.550 -2.610 -2.690 -2.777 -2.864 -2.947 -3.023 -3.091 -3.152 
-3.206 -3.254 -3.296 -3.333 -3.366 -3.396 -3.424 -3.449 -3.473 -3.495 
-3.515 -3.535 -3.552 -3.567 -3.581 -3.592 -3.602 -3.608 -3.612 -3.614 
-3.612 -3.609 -3.602 -3.593 -3.581 -3.567 -3.551 -3.532 -3.512 -3.490 
-3.478 
-3.467 -3.435 -3.403 -3.372 -3.342 -3.314 -3.288 -3.265 -3.246 -3.230 
-3.218 -3.210 -3.205 -3.204 -3.204 -3.206 -3.209 -3.213 -3.215 -3.217 
-3.218 -3.216 -3.212 -3.205 -3.195 -3.181 -3.164 -3.142 -3.116 -3.084 
-3.047 -3.004 -2.954 -2.896 -2.830 -2.754 -2.669 -2.573 -2.470 -2.364 
-2.270 -2.210 -2.206 -2.263 -2.363 -2.479 -2.591 -2.687 -2.763 -2.826 
-2.885 -2.950 -3.023 -3.099 -3.175 -3.247 -3.314 -3.375 -3.429 -3.479 
-3.523 -3.563 -3.598 -3.630 -3.658 -3.682 -3.703 -3.721 -3.736 -3.749 
-3.758 -3.765 -3.769 -3.771 -3.770 -3.767 -3.762 -3.754 -3.744 -3.731 
-3.717 -3.700 -3.681 -3.660 -3.637 -3.612 -3.586 -3.558 -3.528 -3.498 
-3.479 
-3.601 -3.587 -3.566 -3.544 -3.522 -3.500 -3.479 -3.458 -3.439 -3.420 
-3.403 -3.386 -3.370 -3.356 -3.341 -3.327 -3.312 -3.297 -3.281 -3.265 
-3.247 -3.228 -3.207 -3.185 -3.161 -3.135 -3.107 -3.076 -3.042 -3.005 
-2.964 -2.919 -2.870 -2.816 -2.757 -2.693 -2.624 -2.553 -2.483 -2.418 
-2.367 -2.340 -2.348 -2.390 -2.457 -2.538 -2.624 -2.712 -2.799 -2.883 
-2.964 -3.041 -3.113 -3.180 -3.242 -3.300 -3.354 -3.404 -3.449 -3.491 
-3.530 -3.565 -3.597 -3.627 -3.653 -3.677 -3.698 -3.717 -3.733 -3.747 
-3.759 -3.768 -3.775 -3.781 -3.784 -3.785 -3.785 -3.783 -3.778 -3.772 
-3.765 -3.755 -3.745 -3.732 -3.718 -3.703 -3.686 -3.668 -3.649 -3.629 
-3.607 
-3.701 -3.698 -3.679 -3.659 -3.638 -3.615 -3.591 -3.566 -3.540 -3.512 
-3.483 -3.454 -3.423 -3.392 -3.359 -3.326 -3.293 -3.259 -3.224 -3.189 
-3.155 -3.120 -3.086 -3.052 -3.018 -2.985 -2.952 -2.919 -2.887 -2.853 
-2.819 -2.784 -2.747 -2.708 -2.667 -2.623 -2.577 -2.528 -2.479 -2.431 
-2.388 -2.353 -2.331 -2.323 -2.333 -2.360 -2.405 -2.465 -2.536 -2.613 
-2.694 -2.775 -2.855 -2.931 -3.004 -3.073 -3.139 -3.200 -3.258 -3.311 
-3.362 -3.408 -3.452 -3.492 -3.530 -3.565 -3.596 -3.626 -3.652 -3.677 
-3.698 -3.718 -3.735 -3.751 -3.764 -3.774 -3.783 -3.790 -3.795 -3.798 
-3.800 -3.799 -3.796 -3.792 -3.786 -3.778 -3.769 -3.758 -3.745 -3.731 
-3.709 
