IRGRID 64 91
1e+308

0.025 0.03 0.035 0.04 0.045 0.05 0.055 0.06 0.065 0.07
0.075 0.08 0.085 0.09 0.095 0.1 0.11 0.12 0.13 0.14
0.15 0.16 0.17 0.18 0.19 0.2 0.21 0.22 0.23 0.24
0.25 0.26 0.27 0.28 0.29 0.3 0.31 0.32 0.33 0.34
0.35 0.36 0.37 0.38 0.39 0.4 0.41 0.42 0.43 0.44
0.45 0.46 0.47 0.48 0.49 0.5 0.51 0.52 0.53 0.54
0.55 0.56 0.57 0.58
0 4 8 12 16 20 24 28 32 36
40 44 48 52 56 60 64 68 72 76
80 84 88 92 96 100 104 108 112 116
120 124 128 132 136 140 144 148 152 156
160 164 168 172 176 180 184 188 192 196
200 204 208 212 216 220 224 228 232 236
240 244 248 252 256 260 264 268 272 276
280 284 288 292 296 300 304 308 312 316
320 324 328 332 336 340 344 348 352 356
360
-2.877 -2.975 -2.969 -2.963 -2.957 -2.953 -2.948 -2.943 -2.935 -2.925 
-2.910 -2.890 -2.865 -2.835 -2.803 -2.771 -2.744 -2.724 -2.717 -2.724 
-2.745 -2.779 -2.823 -2.873 -2.926 -2.979 -3.030 -3.079 -3.125 -3.166 
-3.204 -3.238 -3.267 -3.293 -3.315 -3.333 -3.347 -3.358 -3.365 -3.368 
-3.368 -3.364 -3.357 -3.346 -3.331 -3.313 -3.290 -3.263 -3.232 -3.196 
-3.155 -3.109 -3.057 -2.997 -2.931 -2.855 -2.770 -2.672 -2.559 -2.428 
-2.272 -2.085 -1.855 -1.576 -1.284 -1.127 -1.203 -1.481 -1.800 -2.039 
-2.218 -2.359 -2.474 -2.569 -2.650 -2.718 -2.775 -2.824 -2.865 -2.900 
-2.928 -2.950 -2.968 -2.981 -2.990 -2.995 -2.997 -2.996 -2.993 -2.988 
-2.879 
-2.530 -2.494 -2.491 -2.491 -2.495 -2.502 -2.513 -2.528 -2.544 -2.561 
-2.578 -2.592 -2.602 -2.607 -2.606 -2.601 -2.592 -2.583 -2.579 -2.582 
-2.595 -2.617 -2.648 -2.685 -2.724 -2.763 -2.801 -2.837 -2.870 -2.899 
-2.924 -2.945 -2.963 -2.977 -2.987 -2.994 -2.997 -2.996 -2.992 -2.985 
-2.973 -2.958 -2.939 -2.917 -2.890 -2.858 -2.822 -2.781 -2.734 -2.682 
-2.622 -2.555 -2.480 -2.396 -2.302 -2.201 -2.099 -2.005 -1.929 -1.860 
-1.766 -1.617 -1.407 -1.175 -1.017 -1.020 -1.188 -1.431 -1.639 -1.805 
-1.939 -2.049 -2.140 -2.216 -2.281 -2.335 -2.380 -2.417 -2.448 -2.473 
-2.493 -2.507 -2.517 -2.524 -2.526 -2.526 -2.523 -2.518 -2.512 -2.505 
-2.532 
-2.481 -2.526 -2.515 -2.501 -2.486 -2.468 -2.447 -2.423 -2.396 -2.365 
-2.330 -2.290 -2.247 -2.201 -2.152 -2.105 -2.060 -2.021 -1.992 -1.976 
-1.973 -1.984 -2.004 -2.032 -2.063 -2.095 -2.126 -2.154 -2.178 -2.199 
-2.217 -2.231 -2.241 -2.248 -2.253 -2.254 -2.252 -2.247 -2.240 -2.229 
-2.215 -2.197 -2.176 -2.151 -2.122 -2.088 -2.049 -2.005 -1.954 -1.896 
-1.831 -1.756 -1.672 -1.577 -1.472 -1.357 -1.238 -1.126 -1.032 -0.980 
-1.001 -1.095 -1.214 -1.304 -1.348 -1.443 -1.597 -1.739 -1.857 -1.955 
-2.038 -2.111 -2.175 -2.232 -2.282 -2.326 -2.366 -2.401 -2.431 -2.458 
-2.480 -2.499 -2.515 -2.528 -2.537 -2.544 -2.547 -2.548 -2.546 -2.542 
-2.485 
-1.922 -1.974 -1.991 -2.005 -2.016 -2.024 -2.029 -2.031 -2.031 -2.028 
-2.022 -2.014 -2.004 -1.991 -1.977 -1.962 -1.945 -1.928 -1.912 -1.897 
-1.884 -1.872 -1.861 -1.851 -1.841 -1.830 -1.819 -1.808 -1.796 -1.784 
-1.771 -1.757 -1.743 -1.728 -1.711 -1.693 -1.673 -1.650 -1.624 -1.595 
-1.562 -1.524 -1.481 -1.434 -1.383 -1.329 -1.275 -1.226 -1.184 -1.150 
-1.120 -1.085 -1.040 -0.979 -0.899 -0.798 -0.679 -0.549 -0.429 -0.353 
-0.355 -0.441 -0.577 -0.729 -0.873 -1.002 -1.115 -1.213 -1.297 -1.369 
-1.430 -1.481 -1.523 -1.557 -1.584 -1.605 -1.621 -1.634 -1.647 -1.660 
-1.676 -1.696 -1.720 -1.748 -1.778 -1.810 -1.842 -1.873 -1.902 -1.929 
-1.921 
-1.510 -1.525 -1.560 -1.592 -1.620 -1.644 -1.664 -1.681 -1.695 -1.705 
-1.713 -1.718 -1.721 -1.722 -1.722 -1.720 -1.718 -1.715 -1.713 -1.710 
-1.706 -1.703 -1.699 -1.695 -1.689 -1.683 -1.675 -1.666 -1.654 -1.640 
-1.623 -1.604 -1.581 -1.554 -1.523 -1.489 -1.449 -1.405 -1.355 -1.299 
-1.238 -1.171 -1.098 -1.022 -0.944 -0.868 -0.799 -0.745 -0.710 -0.695 
-0.698 -0.707 -0.709 -0.688 -0.626 -0.495 -0.264 0.065 0.142 -0.172 
-0.433 -0.621 -0.770 -0.888 -0.980 -1.050 -1.103 -1.141 -1.167 -1.183 
-1.192 -1.193 -1.188 -1.179 -1.166 -1.152 -1.138 -1.126 -1.118 -1.116 
-1.122 -1.136 -1.158 -1.189 -1.226 -1.267 -1.312 -1.357 -1.402 -1.446 
-1.491 
-1.167 -1.236 -1.252 -1.266 -1.276 -1.284 -1.288 -1.288 -1.287 -1.283 
-1.277 -1.269 -1.261 -1.252 -1.244 -1.236 -1.229 -1.223 -1.219 -1.217 
-1.216 -1.218 -1.220 -1.224 -1.228 -1.233 -1.238 -1.243 -1.247 -1.250 
-1.251 -1.251 -1.249 -1.245 -1.238 -1.228 -1.216 -1.200 -1.180 -1.156 
-1.128 -1.096 -1.059 -1.016 -0.969 -0.916 -0.859 -0.799 -0.736 -0.668 
-0.590 -0.496 -0.382 -0.238 -0.053 0.191 0.510 0.799 0.871 0.757 
0.857 0.606 0.235 -0.025 -0.213 -0.359 -0.476 -0.573 -0.653 -0.720 
-0.777 -0.825 -0.865 -0.899 -0.926 -0.949 -0.968 -0.983 -0.997 -1.009 
-1.022 -1.035 -1.050 -1.067 -1.085 -1.106 -1.128 -1.150 -1.173 -1.196 
-1.168 
-0.689 -0.709 -0.742 -0.774 -0.806 -0.836 -0.866 -0.895 -0.924 -0.952 
-0.980 -1.008 -1.035 -1.060 -1.085 -1.109 -1.131 -1.152 -1.171 -1.189 
-1.205 -1.219 -1.232 -1.244 -1.253 -1.261 -1.267 -1.271 -1.273 -1.273 
-1.270 -1.266 -1.258 -1.249 -1.236 -1.221 -1.203 -1.182 -1.158 -1.131 
-1.101 -1.067 -1.029 -0.986 -0.940 -0.888 -0.831 -0.768 -0.699 -0.621 
-0.535 -0.438 -0.328 -0.201 -0.053 0.127 0.352 0.642 0.956 1.439 
1.612 1.345 0.984 0.656 0.424 0.252 0.118 0.011 -0.076 -0.148 
-0.207 -0.256 -0.297 -0.330 -0.357 -0.380 -0.398 -0.413 -0.425 -0.437 
-0.448 -0.460 -0.473 -0.488 -0.507 -0.529 -0.554 -0.581 -0.612 -0.644 
-0.674 
-0.550 -0.527 -0.526 -0.525 -0.527 -0.532 -0.539 -0.550 -0.565 -0.583 
-0.604 -0.628 -0.654 -0.682 -0.710 -0.739 -0.767 -0.795 -0.822 -0.848 
-0.872 -0.894 -0.914 -0.933 -0.949 -0.963 -0.975 -0.984 -0.991 -0.995 
-0.997 -0.997 -0.994 -0.988 -0.979 -0.968 -0.954 -0.936 -0.916 -0.892 
-0.865 -0.835 -0.800 -0.761 -0.718 -0.670 -0.617 -0.557 -0.491 -0.417 
-0.334 -0.240 -0.132 -0.008 0.138 0.316 0.542 0.856 1.388 1.847 
1.918 1.545 1.023 0.703 0.479 0.308 0.172 0.060 -0.033 -0.112 
-0.180 -0.239 -0.289 -0.333 -0.370 -0.402 -0.430 -0.453 -0.473 -0.489 
-0.502 -0.512 -0.521 -0.527 -0.531 -0.534 -0.535 -0.535 -0.534 -0.532 
-0.554 
-0.824 -0.870 -0.890 -0.910 -0.928 -0.947 -0.967 -0.986 -1.007 -1.028 
-1.050 -1.073 -1.095 -1.117 -1.139 -1.159 -1.179 -1.197 -1.213 -1.228 
-1.241 -1.251 -1.260 -1.267 -1.271 -1.274 -1.274 -1.271 -1.267 -1.260 
-1.251 -1.240 -1.226 -1.210 -1.191 -1.170 -1.146 -1.119 -1.089 -1.056 
-1.020 -0.981 -0.938 -0.892 -0.841 -0.786 -0.725 -0.660 -0.588 -0.510 
-0.423 -0.327 -0.220 -0.098 0.041 0.204 0.401 0.652 0.997 1.531 
1.790 1.674 1.349 0.971 0.697 0.496 0.340 0.214 0.108 0.018 
-0.060 -0.130 -0.192 -0.249 -0.301 -0.350 -0.395 -0.439 -0.480 -0.519 
-0.556 -0.592 -0.627 -0.660 -0.692 -0.722 -0.751 -0.778 -0.803 -0.827 
-0.815 
-0.905 -0.932 -0.965 -0.998 -1.031 -1.064 -1.097 -1.128 -1.159 -1.189 
-1.218 -1.245 -1.271 -1.296 -1.319 -1.340 -1.360 -1.378 -1.394 -1.408 
-1.421 -1.431 -1.440 -1.447 -1.452 -1.455 -1.456 -1.455 -1.452 -1.447 
-1.440 -1.431 -1.420 -1.406 -1.390 -1.372 -1.351 -1.328 -1.302 -1.274 
-1.242 -1.208 -1.170 -1.129 -1.084 -1.035 -0.982 -0.924 -0.861 -0.792 
-0.716 -0.633 -0.540 -0.436 -0.319 -0.184 -0.026 0.164 0.406 0.734 
1.178 1.287 1.243 1.144 0.975 0.655 0.409 0.228 0.087 -0.026 
-0.120 -0.200 -0.269 -0.328 -0.381 -0.427 -0.469 -0.507 -0.542 -0.574 
-0.605 -0.634 -0.662 -0.690 -0.718 -0.747 -0.776 -0.805 -0.836 -0.867 
-0.895 
-0.790 -0.850 -0.893 -0.935 -0.974 -1.011 -1.046 -1.079 -1.111 -1.141 
-1.169 -1.196 -1.221 -1.244 -1.265 -1.285 -1.303 -1.320 -1.335 -1.348 
-1.359 -1.369 -1.376 -1.382 -1.387 -1.389 -1.390 -1.388 -1.385 -1.380 
-1.373 -1.364 -1.353 -1.340 -1.325 -1.307 -1.287 -1.265 -1.240 -1.213 
-1.183 -1.150 -1.115 -1.076 -1.033 -0.987 -0.936 -0.881 -0.821 -0.755 
-0.683 -0.602 -0.511 -0.408 -0.287 -0.139 0.057 0.354 0.862 0.845 
0.686 0.891 1.190 1.431 1.429 1.148 0.810 0.554 0.363 0.215 
0.096 -0.002 -0.085 -0.155 -0.214 -0.264 -0.306 -0.341 -0.368 -0.390 
-0.407 -0.422 -0.440 -0.465 -0.499 -0.544 -0.595 -0.649 -0.702 -0.754 
-0.780 
-0.647 -0.677 -0.757 -0.831 -0.900 -0.965 -1.024 -1.079 -1.129 -1.176 
-1.219 -1.259 -1.295 -1.328 -1.358 -1.385 -1.409 -1.431 -1.450 -1.467 
-1.481 -1.493 -1.502 -1.509 -1.513 -1.515 -1.515 -1.513 -1.508 -1.500 
-1.491 -1.478 -1.463 -1.446 -1.426 -1.403 -1.377 -1.349 -1.317 -1.281 
-1.242 -1.200 -1.153 -1.102 -1.046 -0.984 -0.917 -0.843 -0.761 -0.670 
-0.567 -0.452 -0.319 -0.163 0.026 0.265 0.595 1.095 1.491 1.451 
1.089 0.782 0.750 0.894 0.857 0.570 0.360 0.216 0.109 0.026 
-0.041 -0.097 -0.140 -0.173 -0.193 -0.201 -0.196 -0.181 -0.157 -0.128 
-0.097 -0.072 -0.061 -0.070 -0.103 -0.159 -0.234 -0.320 -0.411 -0.503 
-0.607 
-1.007 -1.142 -1.200 -1.254 -1.303 -1.348 -1.389 -1.428 -1.463 -1.495 
-1.524 -1.551 -1.575 -1.597 -1.617 -1.635 -1.650 -1.663 -1.674 -1.683 
-1.690 -1.695 -1.698 -1.698 -1.697 -1.694 -1.688 -1.681 -1.671 -1.659 
-1.645 -1.629 -1.610 -1.589 -1.565 -1.539 -1.510 -1.478 -1.444 -1.406 
-1.365 -1.321 -1.273 -1.221 -1.165 -1.105 -1.039 -0.968 -0.891 -0.806 
-0.714 -0.613 -0.500 -0.374 -0.229 -0.059 0.152 0.447 0.922 0.961 
0.907 0.968 1.027 1.016 0.921 0.788 0.659 0.545 0.443 0.348 
0.256 0.162 0.067 -0.030 -0.126 -0.217 -0.301 -0.376 -0.438 -0.487 
-0.525 -0.555 -0.583 -0.618 -0.664 -0.723 -0.793 -0.866 -0.941 -1.012 
-1.001 
-0.978 -0.963 -0.990 -1.016 -1.041 -1.065 -1.088 -1.110 -1.131 -1.151 
-1.169 -1.186 -1.202 -1.216 -1.228 -1.239 -1.249 -1.256 -1.262 -1.266 
-1.268 -1.267 -1.265 -1.261 -1.254 -1.246 -1.234 -1.221 -1.205 -1.187 
-1.166 -1.143 -1.118 -1.090 -1.062 -1.031 -1.000 -0.968 -0.935 -0.902 
-0.868 -0.833 -0.797 -0.758 -0.716 -0.671 -0.621 -0.567 -0.505 -0.437 
-0.361 -0.274 -0.177 -0.066 0.063 0.213 0.392 0.607 0.865 1.137 
1.372 1.236 1.014 0.817 0.636 0.477 0.341 0.225 0.125 0.035 
-0.046 -0.123 -0.195 -0.263 -0.326 -0.385 -0.439 -0.489 -0.535 -0.577 
-0.617 -0.655 -0.690 -0.724 -0.757 -0.789 -0.820 -0.850 -0.879 -0.908 
-0.966 
-1.325 -1.383 -1.400 -1.415 -1.428 -1.439 -1.448 -1.456 -1.461 -1.464 
-1.464 -1.463 -1.459 -1.452 -1.444 -1.432 -1.419 -1.402 -1.384 -1.362 
-1.338 -1.311 -1.282 -1.250 -1.216 -1.179 -1.139 -1.098 -1.054 -1.008 
-0.961 -0.913 -0.865 -0.816 -0.769 -0.722 -0.678 -0.637 -0.599 -0.563 
-0.531 -0.502 -0.474 -0.446 -0.417 -0.386 -0.351 -0.310 -0.262 -0.204 
-0.136 -0.058 0.030 0.129 0.237 0.358 0.502 0.688 0.956 1.352 
1.652 1.524 1.176 0.776 0.468 0.231 0.039 -0.120 -0.255 -0.372 
-0.475 -0.566 -0.647 -0.721 -0.787 -0.847 -0.902 -0.953 -0.999 -1.042 
-1.082 -1.120 -1.155 -1.187 -1.218 -1.247 -1.274 -1.299 -1.323 -1.344 
-1.322 
-1.562 -1.616 -1.641 -1.663 -1.683 -1.700 -1.715 -1.727 -1.737 -1.745 
-1.751 -1.754 -1.755 -1.753 -1.750 -1.744 -1.736 -1.725 -1.712 -1.697 
-1.680 -1.660 -1.637 -1.612 -1.585 -1.555 -1.522 -1.488 -1.450 -1.410 
-1.368 -1.324 -1.278 -1.230 -1.180 -1.129 -1.077 -1.023 -0.967 -0.910 
-0.850 -0.786 -0.717 -0.643 -0.561 -0.472 -0.374 -0.267 -0.152 -0.029 
0.100 0.232 0.364 0.491 0.612 0.729 0.848 0.979 1.137 1.346 
1.615 1.700 1.566 1.250 0.904 0.623 0.398 0.209 0.045 -0.102 
-0.235 -0.358 -0.472 -0.577 -0.676 -0.768 -0.853 -0.933 -1.008 -1.078 
-1.143 -1.204 -1.260 -1.313 -1.362 -1.408 -1.450 -1.489 -1.525 -1.558 
-1.555 
-1.346 -1.353 -1.387 -1.418 -1.446 -1.472 -1.496 -1.517 -1.537 -1.554 
-1.568 -1.581 -1.592 -1.600 -1.607 -1.611 -1.613 -1.613 -1.612 -1.608 
-1.602 -1.594 -1.584 -1.571 -1.557 -1.540 -1.521 -1.500 -1.477 -1.451 
-1.422 -1.391 -1.357 -1.321 -1.282 -1.239 -1.194 -1.145 -1.093 -1.037 
-0.977 -0.913 -0.844 -0.770 -0.691 -0.606 -0.515 -0.418 -0.313 -0.201 
-0.081 0.046 0.181 0.322 0.471 0.625 0.785 0.942 1.083 1.192 
1.273 1.331 1.230 1.057 0.916 0.787 0.660 0.533 0.407 0.283 
0.163 0.046 -0.066 -0.173 -0.275 -0.372 -0.464 -0.551 -0.634 -0.712 
-0.785 -0.854 -0.920 -0.981 -1.039 -1.093 -1.144 -1.192 -1.236 -1.278 
-1.331 
-1.468 -1.497 -1.531 -1.562 -1.591 -1.618 -1.641 -1.663 -1.682 -1.699 
-1.714 -1.726 -1.737 -1.745 -1.751 -1.755 -1.757 -1.757 -1.754 -1.750 
-1.743 -1.735 -1.724 -1.711 -1.696 -1.679 -1.659 -1.637 -1.612 -1.585 
-1.556 -1.524 -1.489 -1.451 -1.411 -1.367 -1.320 -1.269 -1.215 -1.157 
-1.095 -1.028 -0.956 -0.879 -0.795 -0.706 -0.608 -0.503 -0.387 -0.260 
-0.119 0.036 0.193 0.334 0.462 0.603 0.758 0.909 1.034 1.119 
1.158 1.159 1.133 1.087 1.019 0.932 0.848 0.764 0.579 0.380 
0.206 0.051 -0.091 -0.221 -0.342 -0.454 -0.558 -0.654 -0.744 -0.829 
-0.907 -0.981 -1.050 -1.114 -1.174 -1.230 -1.283 -1.332 -1.378 -1.421 
-1.455 
-1.732 -1.803 -1.836 -1.866 -1.894 -1.919 -1.941 -1.961 -1.978 -1.993 
-2.006 -2.016 -2.024 -2.030 -2.034 -2.035 -2.034 -2.031 -2.026 -2.018 
-2.008 -1.996 -1.981 -1.964 -1.945 -1.923 -1.899 -1.872 -1.842 -1.809 
-1.774 -1.735 -1.693 -1.647 -1.598 -1.545 -1.488 -1.426 -1.360 -1.288 
-1.211 -1.128 -1.037 -0.940 -0.833 -0.718 -0.593 -0.455 -0.304 -0.134 
0.054 0.248 0.410 0.490 0.479 0.429 0.398 0.409 0.448 0.487 
0.513 0.527 0.540 0.564 0.619 0.741 0.912 0.992 0.840 0.575 
0.285 0.026 -0.191 -0.376 -0.535 -0.676 -0.801 -0.914 -1.016 -1.109 
-1.195 -1.274 -1.347 -1.415 -1.477 -1.535 -1.589 -1.639 -1.685 -1.727 
-1.724 
-1.634 -1.641 -1.674 -1.704 -1.731 -1.755 -1.777 -1.796 -1.812 -1.826 
-1.838 -1.847 -1.854 -1.858 -1.860 -1.860 -1.858 -1.853 -1.846 -1.837 
-1.825 -1.811 -1.795 -1.776 -1.754 -1.730 -1.703 -1.674 -1.641 -1.606 
-1.567 -1.526 -1.480 -1.432 -1.379 -1.322 -1.262 -1.196 -1.126 -1.051 
-0.971 -0.885 -0.793 -0.697 -0.595 -0.490 -0.384 -0.279 -0.180 -0.086 
0.002 0.087 0.157 0.180 0.145 0.087 0.036 0.001 -0.017 -0.018 
-0.002 0.033 0.089 0.170 0.282 0.433 0.630 0.810 0.882 0.834 
0.627 0.361 0.110 -0.105 -0.290 -0.450 -0.590 -0.714 -0.825 -0.926 
-1.017 -1.101 -1.177 -1.247 -1.312 -1.371 -1.426 -1.476 -1.523 -1.566 
-1.619 
-1.722 -1.770 -1.806 -1.838 -1.868 -1.895 -1.919 -1.940 -1.959 -1.975 
-1.989 -2.000 -2.009 -2.016 -2.020 -2.022 -2.022 -2.020 -2.015 -2.008 
-1.998 -1.986 -1.972 -1.955 -1.936 -1.914 -1.889 -1.862 -1.832 -1.799 
-1.763 -1.724 -1.681 -1.635 -1.585 -1.531 -1.473 -1.410 -1.342 -1.269 
-1.190 -1.104 -1.011 -0.910 -0.801 -0.682 -0.553 -0.412 -0.259 -0.096 
0.071 0.217 0.308 0.322 0.271 0.192 0.112 0.046 -0.002 -0.030 
-0.038 -0.026 0.009 0.067 0.155 0.280 0.450 0.659 0.832 0.830 
0.624 0.349 0.098 -0.121 -0.315 -0.486 -0.638 -0.772 -0.893 -1.001 
-1.099 -1.189 -1.271 -1.346 -1.416 -1.479 -1.538 -1.592 -1.642 -1.689 
-1.710 
-1.717 -1.742 -1.780 -1.814 -1.846 -1.874 -1.900 -1.922 -1.942 -1.960 
-1.974 -1.986 -1.996 -2.003 -2.007 -2.009 -2.009 -2.006 -2.000 -1.992 
-1.982 -1.968 -1.953 -1.934 -1.913 -1.888 -1.861 -1.830 -1.797 -1.759 
-1.718 -1.673 -1.624 -1.571 -1.513 -1.451 -1.384 -1.314 -1.240 -1.164 
-1.089 -1.016 -0.948 -0.883 -0.818 -0.747 -0.664 -0.566 -0.451 -0.321 
-0.184 -0.056 0.037 0.074 0.059 0.013 -0.043 -0.096 -0.139 -0.168 
-0.179 -0.169 -0.135 -0.070 0.031 0.139 0.181 0.221 0.327 0.365 
0.307 0.251 0.158 0.013 -0.161 -0.336 -0.501 -0.649 -0.783 -0.904 
-1.013 -1.112 -1.202 -1.284 -1.360 -1.429 -1.493 -1.551 -1.605 -1.654 
-1.700 
-1.722 -1.763 -1.789 -1.811 -1.831 -1.848 -1.862 -1.874 -1.882 -1.889 
-1.892 -1.893 -1.892 -1.888 -1.881 -1.872 -1.860 -1.846 -1.828 -1.809 
-1.786 -1.760 -1.732 -1.700 -1.665 -1.627 -1.585 -1.540 -1.491 -1.438 
-1.380 -1.319 -1.252 -1.181 -1.106 -1.026 -0.943 -0.857 -0.771 -0.688 
-0.612 -0.547 -0.499 -0.468 -0.453 -0.451 -0.456 -0.461 -0.460 -0.450 
-0.429 -0.400 -0.371 -0.352 -0.347 -0.349 -0.348 -0.336 -0.309 -0.262 
-0.191 -0.092 0.043 0.216 0.406 0.532 0.496 0.315 0.103 -0.058 
-0.155 -0.229 -0.325 -0.451 -0.585 -0.714 -0.834 -0.943 -1.043 -1.134 
-1.217 -1.293 -1.362 -1.425 -1.482 -1.535 -1.583 -1.626 -1.666 -1.702 
-1.716 
-1.628 -1.645 -1.682 -1.717 -1.749 -1.777 -1.803 -1.826 -1.846 -1.864 
-1.879 -1.892 -1.902 -1.909 -1.914 -1.917 -1.917 -1.915 -1.911 -1.904 
-1.894 -1.882 -1.867 -1.850 -1.830 -1.807 -1.781 -1.752 -1.720 -1.685 
-1.646 -1.603 -1.557 -1.506 -1.451 -1.392 -1.329 -1.261 -1.191 -1.119 
-1.047 -0.978 -0.913 -0.853 -0.795 -0.737 -0.674 -0.605 -0.533 -0.461 
-0.394 -0.337 -0.296 -0.273 -0.269 -0.280 -0.300 -0.321 -0.338 -0.346 
-0.343 -0.324 -0.284 -0.214 -0.107 -0.004 -0.019 -0.113 -0.171 -0.188 
-0.191 -0.201 -0.230 -0.283 -0.360 -0.453 -0.555 -0.660 -0.763 -0.862 
-0.956 -1.043 -1.126 -1.202 -1.273 -1.339 -1.401 -1.457 -1.510 -1.558 
-1.611 
-1.709 -1.759 -1.801 -1.840 -1.875 -1.908 -1.937 -1.964 -1.988 -2.010 
-2.029 -2.045 -2.060 -2.071 -2.081 -2.087 -2.092 -2.095 -2.095 -2.092 
-2.088 -2.081 -2.072 -2.061 -2.047 -2.030 -2.012 -1.990 -1.966 -1.940 
-1.910 -1.878 -1.843 -1.804 -1.763 -1.717 -1.668 -1.616 -1.559 -1.498 
-1.432 -1.361 -1.284 -1.202 -1.114 -1.019 -0.917 -0.810 -0.696 -0.579 
-0.462 -0.352 -0.261 -0.200 -0.176 -0.188 -0.222 -0.267 -0.313 -0.353 
-0.385 -0.407 -0.418 -0.420 -0.411 -0.393 -0.365 -0.330 -0.290 -0.250 
-0.218 -0.205 -0.219 -0.267 -0.346 -0.447 -0.561 -0.677 -0.792 -0.902 
-1.005 -1.102 -1.191 -1.275 -1.352 -1.424 -1.491 -1.553 -1.611 -1.664 
-1.695 
-1.689 -1.725 -1.764 -1.801 -1.834 -1.865 -1.893 -1.918 -1.941 -1.961 
-1.978 -1.994 -2.006 -2.017 -2.026 -2.032 -2.036 -2.037 -2.037 -2.034 
-2.030 -2.023 -2.013 -2.002 -1.989 -1.973 -1.955 -1.934 -1.911 -1.886 
-1.859 -1.828 -1.795 -1.760 -1.722 -1.680 -1.636 -1.589 -1.538 -1.484 
-1.426 -1.364 -1.298 -1.228 -1.153 -1.073 -0.989 -0.901 -0.809 -0.716 
-0.623 -0.535 -0.458 -0.400 -0.365 -0.351 -0.353 -0.364 -0.378 -0.391 
-0.400 -0.404 -0.400 -0.389 -0.370 -0.344 -0.314 -0.280 -0.249 -0.224 
-0.214 -0.224 -0.259 -0.320 -0.405 -0.504 -0.611 -0.719 -0.825 -0.926 
-1.021 -1.110 -1.193 -1.271 -1.343 -1.411 -1.473 -1.531 -1.585 -1.635 
-1.674 
-1.627 -1.654 -1.687 -1.717 -1.744 -1.769 -1.791 -1.811 -1.828 -1.844 
-1.857 -1.868 -1.877 -1.884 -1.889 -1.892 -1.892 -1.891 -1.888 -1.883 
-1.876 -1.868 -1.857 -1.844 -1.830 -1.813 -1.795 -1.775 -1.752 -1.728 
-1.703 -1.675 -1.645 -1.614 -1.581 -1.546 -1.510 -1.472 -1.432 -1.391 
-1.349 -1.306 -1.262 -1.217 -1.171 -1.124 -1.076 -1.029 -0.980 -0.932 
-0.884 -0.837 -0.793 -0.753 -0.719 -0.690 -0.665 -0.641 -0.616 -0.588 
-0.557 -0.521 -0.481 -0.435 -0.387 -0.338 -0.292 -0.255 -0.234 -0.234 
-0.259 -0.307 -0.375 -0.457 -0.548 -0.642 -0.736 -0.828 -0.915 -0.998 
-1.076 -1.149 -1.217 -1.281 -1.340 -1.396 -1.447 -1.495 -1.540 -1.581 
-1.616 
-1.619 -1.645 -1.680 -1.711 -1.740 -1.767 -1.792 -1.814 -1.833 -1.851 
-1.866 -1.879 -1.891 -1.900 -1.907 -1.912 -1.915 -1.916 -1.915 -1.912 
-1.907 -1.900 -1.891 -1.880 -1.867 -1.852 -1.836 -1.817 -1.796 -1.773 
-1.748 -1.720 -1.691 -1.660 -1.626 -1.590 -1.553 -1.513 -1.471 -1.428 
-1.382 -1.335 -1.287 -1.237 -1.186 -1.136 -1.085 -1.035 -0.986 -0.939 
-0.895 -0.853 -0.814 -0.779 -0.746 -0.716 -0.687 -0.659 -0.630 -0.599 
-0.565 -0.528 -0.487 -0.442 -0.396 -0.355 -0.326 -0.315 -0.320 -0.339 
-0.369 -0.412 -0.466 -0.530 -0.601 -0.678 -0.757 -0.837 -0.915 -0.991 
-1.064 -1.134 -1.201 -1.263 -1.323 -1.378 -1.431 -1.480 -1.525 -1.568 
-1.606 
-1.721 -1.740 -1.773 -1.804 -1.833 -1.859 -1.884 -1.906 -1.926 -1.945 
-1.962 -1.977 -1.990 -2.001 -2.011 -2.018 -2.024 -2.029 -2.031 -2.032 
-2.031 -2.029 -2.024 -2.018 -2.011 -2.001 -1.990 -1.977 -1.962 -1.946 
-1.927 -1.907 -1.885 -1.860 -1.834 -1.806 -1.776 -1.743 -1.708 -1.672 
-1.632 -1.591 -1.547 -1.500 -1.451 -1.399 -1.345 -1.289 -1.231 -1.171 
-1.112 -1.055 -1.001 -0.951 -0.902 -0.853 -0.801 -0.744 -0.680 -0.608 
-0.528 -0.441 -0.348 -0.254 -0.168 -0.105 -0.078 -0.092 -0.143 -0.215 
-0.300 -0.395 -0.499 -0.603 -0.705 -0.800 -0.890 -0.975 -1.054 -1.129 
-1.199 -1.264 -1.326 -1.384 -1.439 -1.491 -1.539 -1.584 -1.627 -1.667 
-1.708 
-2.065 -2.124 -2.161 -2.195 -2.226 -2.254 -2.280 -2.304 -2.325 -2.343 
-2.360 -2.374 -2.386 -2.396 -2.404 -2.409 -2.413 -2.414 -2.414 -2.411 
-2.406 -2.399 -2.390 -2.379 -2.365 -2.349 -2.331 -2.310 -2.287 -2.262 
-2.233 -2.202 -2.168 -2.131 -2.091 -2.047 -1.999 -1.947 -1.891 -1.830 
-1.764 -1.693 -1.614 -1.528 -1.434 -1.328 -1.211 -1.084 -0.970 -0.906 
-0.875 -0.845 -0.815 -0.793 -0.782 -0.781 -0.784 -0.788 -0.786 -0.776 
-0.755 -0.723 -0.677 -0.621 -0.557 -0.494 -0.437 -0.388 -0.345 -0.313 
-0.314 -0.368 -0.466 -0.580 -0.688 -0.815 -0.964 -1.108 -1.236 -1.349 
-1.450 -1.541 -1.624 -1.699 -1.768 -1.832 -1.891 -1.945 -1.995 -2.042 
-2.054 
-2.267 -2.333 -2.377 -2.418 -2.455 -2.488 -2.518 -2.545 -2.569 -2.590 
-2.609 -2.624 -2.637 -2.647 -2.655 -2.660 -2.662 -2.663 -2.660 -2.655 
-2.647 -2.637 -2.625 -2.609 -2.591 -2.570 -2.546 -2.520 -2.490 -2.456 
-2.420 -2.379 -2.335 -2.287 -2.234 -2.176 -2.113 -2.044 -1.968 -1.884 
-1.791 -1.688 -1.573 -1.442 -1.293 -1.123 -0.935 -0.752 -0.627 -0.609 
-0.689 -0.805 -0.913 -1.000 -1.069 -1.126 -1.173 -1.211 -1.241 -1.261 
-1.272 -1.272 -1.262 -1.241 -1.208 -1.163 -1.104 -1.032 -0.951 -0.870 
-0.800 -0.739 -0.659 -0.561 -0.505 -0.557 -0.713 -0.910 -1.103 -1.275 
-1.426 -1.558 -1.676 -1.781 -1.875 -1.960 -2.037 -2.108 -2.172 -2.230 
-2.254 
-2.100 -2.132 -2.180 -2.223 -2.263 -2.299 -2.332 -2.361 -2.387 -2.411 
-2.431 -2.448 -2.463 -2.475 -2.485 -2.492 -2.496 -2.498 -2.497 -2.494 
-2.488 -2.480 -2.469 -2.455 -2.439 -2.420 -2.399 -2.374 -2.346 -2.316 
-2.282 -2.245 -2.204 -2.159 -2.111 -2.058 -2.000 -1.938 -1.870 -1.797 
-1.718 -1.631 -1.538 -1.438 -1.329 -1.214 -1.092 -0.970 -0.870 -0.825 
-0.832 -0.865 -0.912 -0.967 -1.025 -1.080 -1.129 -1.172 -1.206 -1.232 
-1.249 -1.258 -1.257 -1.248 -1.229 -1.201 -1.161 -1.110 -1.046 -0.968 
-0.875 -0.769 -0.656 -0.555 -0.497 -0.519 -0.609 -0.734 -0.875 -1.024 
-1.171 -1.307 -1.431 -1.542 -1.643 -1.734 -1.816 -1.891 -1.960 -2.022 
-2.081 
-2.059 -2.108 -2.163 -2.213 -2.259 -2.300 -2.338 -2.372 -2.402 -2.429 
-2.453 -2.475 -2.493 -2.508 -2.521 -2.531 -2.538 -2.543 -2.545 -2.544 
-2.541 -2.536 -2.527 -2.516 -2.503 -2.487 -2.467 -2.445 -2.420 -2.392 
-2.361 -2.326 -2.288 -2.246 -2.200 -2.150 -2.095 -2.036 -1.971 -1.900 
-1.824 -1.740 -1.650 -1.551 -1.446 -1.334 -1.218 -1.105 -1.005 -0.932 
-0.899 -0.908 -0.950 -1.010 -1.076 -1.141 -1.201 -1.253 -1.297 -1.332 
-1.359 -1.377 -1.387 -1.388 -1.380 -1.363 -1.337 -1.301 -1.253 -1.193 
-1.120 -1.033 -0.933 -0.827 -0.730 -0.661 -0.631 -0.646 -0.715 -0.836 
-0.986 -1.141 -1.286 -1.419 -1.539 -1.646 -1.743 -1.831 -1.910 -1.983 
-2.037 
-2.049 -2.093 -2.146 -2.195 -2.239 -2.279 -2.316 -2.349 -2.379 -2.406 
-2.430 -2.451 -2.469 -2.484 -2.497 -2.507 -2.515 -2.520 -2.522 -2.522 
-2.520 -2.515 -2.508 -2.498 -2.485 -2.470 -2.453 -2.432 -2.409 -2.383 
-2.354 -2.322 -2.287 -2.248 -2.206 -2.160 -2.111 -2.057 -1.999 -1.936 
-1.868 -1.795 -1.717 -1.634 -1.545 -1.451 -1.355 -1.258 -1.168 -1.091 
-1.035 -1.006 -1.000 -1.014 -1.042 -1.078 -1.116 -1.154 -1.188 -1.216 
-1.237 -1.251 -1.258 -1.256 -1.245 -1.225 -1.195 -1.154 -1.101 -1.034 
-0.953 -0.856 -0.746 -0.630 -0.532 -0.483 -0.504 -0.584 -0.698 -0.841 
-1.002 -1.160 -1.304 -1.432 -1.547 -1.650 -1.742 -1.826 -1.902 -1.972 
-2.029 
-2.092 -2.146 -2.208 -2.264 -2.315 -2.362 -2.404 -2.443 -2.477 -2.509 
-2.537 -2.561 -2.583 -2.602 -2.618 -2.631 -2.641 -2.649 -2.654 -2.657 
-2.657 -2.654 -2.649 -2.641 -2.631 -2.618 -2.602 -2.583 -2.562 -2.538 
-2.510 -2.480 -2.446 -2.409 -2.368 -2.323 -2.275 -2.222 -2.165 -2.102 
-2.035 -1.963 -1.885 -1.802 -1.713 -1.621 -1.526 -1.433 -1.347 -1.275 
-1.224 -1.197 -1.194 -1.207 -1.226 -1.244 -1.258 -1.275 -1.302 -1.339 
-1.378 -1.413 -1.439 -1.456 -1.463 -1.459 -1.446 -1.422 -1.387 -1.340 
-1.279 -1.203 -1.110 -1.003 -0.887 -0.775 -0.669 -0.573 -0.539 -0.626 
-0.794 -0.988 -1.174 -1.340 -1.486 -1.614 -1.728 -1.830 -1.922 -2.004 
-2.068 
-2.175 -2.231 -2.298 -2.360 -2.416 -2.468 -2.515 -2.559 -2.598 -2.635 
-2.667 -2.697 -2.723 -2.747 -2.767 -2.785 -2.801 -2.813 -2.823 -2.831 
-2.836 -2.838 -2.838 -2.836 -2.831 -2.824 -2.814 -2.801 -2.786 -2.768 
-2.747 -2.724 -2.698 -2.668 -2.635 -2.599 -2.560 -2.517 -2.469 -2.418 
-2.362 -2.301 -2.234 -2.162 -2.085 -2.001 -1.911 -1.817 -1.719 -1.619 
-1.518 -1.418 -1.319 -1.225 -1.139 -1.059 -0.994 -0.960 -0.966 -1.006 
-1.066 -1.129 -1.188 -1.237 -1.274 -1.299 -1.312 -1.311 -1.297 -1.270 
-1.227 -1.167 -1.089 -0.988 -0.862 -0.713 -0.552 -0.417 -0.386 -0.510 
-0.730 -0.966 -1.178 -1.361 -1.520 -1.658 -1.781 -1.890 -1.988 -2.077 
-2.148 
-2.301 -2.363 -2.422 -2.476 -2.526 -2.571 -2.613 -2.650 -2.685 -2.716 
-2.744 -2.768 -2.790 -2.809 -2.826 -2.840 -2.851 -2.859 -2.866 -2.869 
-2.870 -2.869 -2.865 -2.859 -2.850 -2.838 -2.824 -2.808 -2.788 -2.766 
-2.741 -2.713 -2.681 -2.647 -2.609 -2.567 -2.522 -2.472 -2.418 -2.359 
-2.295 -2.225 -2.148 -2.064 -1.972 -1.871 -1.759 -1.636 -1.501 -1.356 
-1.214 -1.093 -1.010 -0.968 -0.967 -0.999 -1.048 -1.104 -1.164 -1.226 
-1.284 -1.333 -1.373 -1.400 -1.416 -1.420 -1.412 -1.391 -1.358 -1.310 
-1.246 -1.166 -1.067 -0.951 -0.829 -0.724 -0.664 -0.655 -0.714 -0.882 
-1.095 -1.294 -1.467 -1.618 -1.750 -1.867 -1.971 -2.065 -2.151 -2.228 
-2.281 
-2.353 -2.404 -2.466 -2.522 -2.574 -2.621 -2.663 -2.702 -2.737 -2.769 
-2.797 -2.822 -2.844 -2.863 -2.879 -2.892 -2.903 -2.911 -2.916 -2.919 
-2.919 -2.917 -2.912 -2.904 -2.894 -2.880 -2.865 -2.846 -2.824 -2.800 
-2.772 -2.741 -2.706 -2.668 -2.626 -2.580 -2.529 -2.474 -2.413 -2.346 
-2.273 -2.192 -2.104 -2.005 -1.895 -1.773 -1.636 -1.482 -1.315 -1.144 
-0.998 -0.914 -0.913 -0.980 -1.083 -1.195 -1.302 -1.396 -1.476 -1.543 
-1.596 -1.637 -1.667 -1.687 -1.695 -1.694 -1.683 -1.661 -1.627 -1.582 
-1.522 -1.447 -1.354 -1.240 -1.105 -0.952 -0.797 -0.674 -0.647 -0.768 
-0.983 -1.210 -1.412 -1.586 -1.737 -1.867 -1.983 -2.085 -2.177 -2.260 
-2.328 
-2.435 -2.493 -2.558 -2.617 -2.671 -2.720 -2.765 -2.805 -2.842 -2.875 
-2.905 -2.932 -2.955 -2.975 -2.993 -3.008 -3.020 -3.029 -3.036 -3.040 
-3.041 -3.040 -3.036 -3.030 -3.021 -3.009 -2.994 -2.977 -2.957 -2.934 
-2.908 -2.878 -2.845 -2.809 -2.769 -2.725 -2.677 -2.624 -2.566 -2.502 
-2.432 -2.356 -2.271 -2.178 -2.075 -1.959 -1.830 -1.685 -1.523 -1.348 
-1.172 -1.030 -0.962 -0.988 -1.086 -1.216 -1.343 -1.455 -1.550 -1.627 
-1.689 -1.737 -1.774 -1.798 -1.812 -1.816 -1.810 -1.792 -1.764 -1.724 
-1.670 -1.600 -1.511 -1.397 -1.253 -1.065 -0.833 -0.673 -0.673 -0.777 
-0.982 -1.220 -1.438 -1.626 -1.788 -1.927 -2.050 -2.158 -2.255 -2.342 
-2.409 
-2.525 -2.585 -2.646 -2.701 -2.751 -2.797 -2.839 -2.877 -2.911 -2.942 
-2.970 -2.995 -3.016 -3.035 -3.051 -3.064 -3.075 -3.083 -3.088 -3.091 
-3.091 -3.089 -3.084 -3.077 -3.066 -3.054 -3.038 -3.020 -2.999 -2.975 
-2.948 -2.918 -2.884 -2.847 -2.806 -2.762 -2.713 -2.659 -2.601 -2.537 
-2.467 -2.391 -2.307 -2.214 -2.111 -1.997 -1.871 -1.729 -1.572 -1.401 
-1.229 -1.084 -1.007 -1.022 -1.111 -1.230 -1.348 -1.454 -1.543 -1.615 
-1.673 -1.717 -1.749 -1.769 -1.777 -1.775 -1.761 -1.735 -1.697 -1.644 
-1.574 -1.483 -1.365 -1.212 -1.006 -0.738 -0.480 -0.405 -0.603 -0.902 
-1.187 -1.428 -1.627 -1.796 -1.940 -2.066 -2.177 -2.276 -2.365 -2.446 
-2.503 
-2.528 -2.583 -2.643 -2.698 -2.749 -2.795 -2.836 -2.874 -2.909 -2.940 
-2.968 -2.992 -3.014 -3.033 -3.049 -3.062 -3.073 -3.081 -3.087 -3.090 
-3.090 -3.088 -3.083 -3.076 -3.066 -3.053 -3.038 -3.020 -3.000 -2.976 
-2.949 -2.919 -2.886 -2.850 -2.809 -2.765 -2.717 -2.664 -2.606 -2.543 
-2.474 -2.399 -2.316 -2.225 -2.124 -2.013 -1.889 -1.752 -1.602 -1.444 
-1.292 -1.172 -1.105 -1.106 -1.166 -1.259 -1.362 -1.459 -1.543 -1.614 
-1.671 -1.715 -1.747 -1.768 -1.778 -1.776 -1.764 -1.741 -1.705 -1.655 
-1.590 -1.507 -1.401 -1.267 -1.099 -0.899 -0.699 -0.627 -0.783 -1.015 
-1.254 -1.467 -1.651 -1.810 -1.949 -2.071 -2.180 -2.278 -2.365 -2.445 
-2.505 
-2.483 -2.540 -2.604 -2.662 -2.714 -2.762 -2.806 -2.845 -2.881 -2.913 
-2.941 -2.967 -2.989 -3.009 -3.025 -3.039 -3.050 -3.058 -3.063 -3.066 
-3.066 -3.064 -3.059 -3.051 -3.040 -3.027 -3.011 -2.992 -2.970 -2.945 
-2.917 -2.886 -2.851 -2.812 -2.769 -2.722 -2.671 -2.614 -2.552 -2.484 
-2.409 -2.327 -2.236 -2.134 -2.022 -1.896 -1.755 -1.599 -1.434 -1.274 
-1.152 -1.099 -1.118 -1.183 -1.278 -1.390 -1.500 -1.598 -1.680 -1.747 
-1.800 -1.842 -1.872 -1.892 -1.902 -1.902 -1.892 -1.873 -1.843 -1.801 
-1.747 -1.679 -1.595 -1.492 -1.367 -1.224 -1.079 -0.991 -1.010 -1.106 
-1.238 -1.385 -1.546 -1.707 -1.857 -1.990 -2.108 -2.214 -2.309 -2.394 
-2.460 
-2.452 -2.514 -2.590 -2.658 -2.721 -2.777 -2.829 -2.876 -2.918 -2.956 
-2.991 -3.022 -3.049 -3.074 -3.095 -3.113 -3.128 -3.140 -3.150 -3.157 
-3.161 -3.162 -3.160 -3.156 -3.149 -3.140 -3.127 -3.112 -3.094 -3.073 
-3.048 -3.021 -2.990 -2.956 -2.918 -2.876 -2.829 -2.779 -2.723 -2.663 
-2.597 -2.525 -2.447 -2.363 -2.271 -2.172 -2.063 -1.942 -1.808 -1.662 
-1.517 -1.391 -1.289 -1.229 -1.245 -1.335 -1.461 -1.588 -1.701 -1.795 
-1.873 -1.935 -1.984 -2.020 -2.046 -2.062 -2.068 -2.065 -2.052 -2.029 
-1.996 -1.951 -1.893 -1.822 -1.734 -1.629 -1.509 -1.384 -1.276 -1.198 
-1.167 -1.206 -1.324 -1.492 -1.669 -1.835 -1.984 -2.116 -2.233 -2.337 
-2.419 
-2.454 -2.522 -2.590 -2.652 -2.707 -2.758 -2.803 -2.845 -2.882 -2.915 
-2.944 -2.970 -2.993 -3.013 -3.029 -3.042 -3.053 -3.061 -3.066 -3.068 
-3.067 -3.064 -3.057 -3.048 -3.037 -3.022 -3.004 -2.984 -2.960 -2.933 
-2.903 -2.870 -2.833 -2.792 -2.748 -2.699 -2.647 -2.590 -2.529 -2.464 
-2.394 -2.322 -2.246 -2.170 -2.095 -2.024 -1.962 -1.909 -1.868 -1.835 
-1.807 -1.777 -1.743 -1.722 -1.749 -1.822 -1.908 -1.985 -2.048 -2.098 
-2.136 -2.164 -2.183 -2.194 -2.198 -2.193 -2.181 -2.160 -2.132 -2.094 
-2.047 -1.989 -1.919 -1.834 -1.733 -1.612 -1.473 -1.321 -1.185 -1.109 
-1.129 -1.239 -1.408 -1.590 -1.760 -1.912 -2.046 -2.164 -2.269 -2.363 
-2.430 
-2.418 -2.477 -2.551 -2.619 -2.680 -2.735 -2.785 -2.831 -2.872 -2.909 
-2.942 -2.971 -2.997 -3.020 -3.040 -3.057 -3.070 -3.081 -3.089 -3.094 
-3.097 -3.097 -3.094 -3.088 -3.079 -3.068 -3.054 -3.037 -3.016 -2.993 
-2.967 -2.937 -2.904 -2.867 -2.827 -2.782 -2.733 -2.680 -2.622 -2.558 
-2.489 -2.415 -2.334 -2.247 -2.154 -2.054 -1.949 -1.838 -1.723 -1.608 
-1.521 -1.511 -1.564 -1.636 -1.713 -1.789 -1.862 -1.928 -1.986 -2.036 
-2.077 -2.110 -2.136 -2.153 -2.164 -2.166 -2.162 -2.149 -2.129 -2.100 
-2.062 -2.014 -1.955 -1.883 -1.796 -1.692 -1.568 -1.426 -1.276 -1.151 
-1.093 -1.123 -1.248 -1.436 -1.628 -1.800 -1.951 -2.083 -2.199 -2.302 
-2.387 
-2.437 -2.523 -2.606 -2.680 -2.747 -2.808 -2.863 -2.913 -2.958 -2.998 
-3.035 -3.067 -3.096 -3.122 -3.144 -3.163 -3.179 -3.192 -3.202 -3.209 
-3.213 -3.215 -3.213 -3.209 -3.202 -3.192 -3.179 -3.164 -3.145 -3.123 
-3.097 -3.069 -3.036 -3.000 -2.960 -2.915 -2.865 -2.811 -2.751 -2.684 
-2.610 -2.528 -2.436 -2.333 -2.217 -2.084 -1.930 -1.751 -1.549 -1.351 
-1.224 -1.232 -1.352 -1.506 -1.648 -1.770 -1.874 -1.965 -2.042 -2.107 
-2.162 -2.207 -2.242 -2.269 -2.287 -2.298 -2.301 -2.296 -2.283 -2.262 
-2.232 -2.193 -2.144 -2.083 -2.008 -1.918 -1.809 -1.677 -1.520 -1.343 
-1.173 -1.076 -1.121 -1.298 -1.524 -1.735 -1.918 -2.074 -2.209 -2.326 
-2.407 
-2.338 -2.410 -2.491 -2.565 -2.633 -2.695 -2.751 -2.803 -2.851 -2.894 
-2.934 -2.969 -3.002 -3.030 -3.056 -3.079 -3.099 -3.115 -3.129 -3.140 
-3.149 -3.155 -3.158 -3.158 -3.156 -3.151 -3.143 -3.133 -3.119 -3.103 
-3.084 -3.062 -3.037 -3.008 -2.976 -2.940 -2.900 -2.857 -2.808 -2.755 
-2.697 -2.632 -2.561 -2.483 -2.396 -2.299 -2.191 -2.067 -1.927 -1.774 
-1.644 -1.594 -1.594 -1.602 -1.626 -1.671 -1.731 -1.795 -1.856 -1.909 
-1.951 -1.982 -2.004 -2.019 -2.028 -2.035 -2.039 -2.040 -2.037 -2.029 
-2.015 -1.992 -1.961 -1.919 -1.865 -1.797 -1.713 -1.611 -1.491 -1.361 
-1.243 -1.180 -1.224 -1.363 -1.534 -1.702 -1.855 -1.992 -2.114 -2.222 
-2.306 
-2.294 -2.337 -2.410 -2.479 -2.545 -2.607 -2.665 -2.720 -2.771 -2.818 
-2.863 -2.904 -2.942 -2.977 -3.009 -3.038 -3.065 -3.089 -3.110 -3.129 
-3.145 -3.159 -3.170 -3.179 -3.185 -3.189 -3.191 -3.190 -3.187 -3.181 
-3.172 -3.161 -3.148 -3.131 -3.112 -3.090 -3.064 -3.035 -3.003 -2.966 
-2.926 -2.881 -2.830 -2.774 -2.712 -2.643 -2.567 -2.484 -2.397 -2.309 
-2.228 -2.163 -2.116 -2.089 -2.078 -2.075 -2.067 -2.049 -2.019 -1.977 
-1.930 -1.881 -1.836 -1.799 -1.772 -1.756 -1.749 -1.750 -1.756 -1.763 
-1.769 -1.773 -1.773 -1.768 -1.757 -1.737 -1.709 -1.669 -1.615 -1.548 
-1.499 -1.511 -1.576 -1.665 -1.757 -1.846 -1.932 -2.017 -2.100 -2.181 
-2.265 
-2.541 -2.635 -2.708 -2.775 -2.837 -2.894 -2.946 -2.994 -3.038 -3.078 
-3.114 -3.147 -3.177 -3.203 -3.227 -3.247 -3.264 -3.279 -3.290 -3.299 
-3.306 -3.309 -3.310 -3.308 -3.303 -3.296 -3.286 -3.273 -3.257 -3.238 
-3.216 -3.191 -3.162 -3.130 -3.095 -3.055 -3.011 -2.963 -2.910 -2.851 
-2.787 -2.717 -2.641 -2.557 -2.465 -2.366 -2.261 -2.152 -2.045 -1.949 
-1.878 -1.840 -1.837 -1.860 -1.901 -1.949 -2.000 -2.049 -2.090 -2.122 
-2.144 -2.156 -2.160 -2.159 -2.157 -2.153 -2.149 -2.143 -2.133 -2.118 
-2.096 -2.065 -2.022 -1.966 -1.894 -1.803 -1.692 -1.560 -1.420 -1.301 
-1.258 -1.337 -1.505 -1.696 -1.871 -2.023 -2.154 -2.270 -2.374 -2.469 
-2.519 
-2.617 -2.677 -2.747 -2.811 -2.869 -2.922 -2.971 -3.015 -3.056 -3.092 
-3.125 -3.155 -3.182 -3.205 -3.226 -3.244 -3.259 -3.271 -3.281 -3.288 
-3.293 -3.295 -3.294 -3.291 -3.285 -3.277 -3.266 -3.253 -3.237 -3.218 
-3.196 -3.171 -3.143 -3.113 -3.078 -3.041 -2.999 -2.954 -2.905 -2.851 
-2.793 -2.729 -2.660 -2.585 -2.503 -2.414 -2.318 -2.215 -2.106 -1.993 
-1.883 -1.785 -1.712 -1.675 -1.667 -1.684 -1.721 -1.770 -1.825 -1.880 
-1.930 -1.973 -2.009 -2.036 -2.055 -2.065 -2.066 -2.058 -2.041 -2.014 
-1.976 -1.926 -1.864 -1.788 -1.696 -1.590 -1.476 -1.367 -1.291 -1.267 
-1.299 -1.395 -1.560 -1.745 -1.916 -2.067 -2.199 -2.316 -2.421 -2.515 
-2.590 
-2.594 -2.672 -2.754 -2.827 -2.894 -2.955 -3.010 -3.060 -3.105 -3.146 
-3.184 -3.217 -3.247 -3.273 -3.297 -3.317 -3.334 -3.349 -3.360 -3.369 
-3.375 -3.378 -3.379 -3.377 -3.372 -3.364 -3.354 -3.341 -3.325 -3.306 
-3.285 -3.260 -3.231 -3.200 -3.165 -3.126 -3.083 -3.035 -2.983 -2.926 
-2.863 -2.794 -2.718 -2.635 -2.542 -2.439 -2.325 -2.198 -2.058 -1.908 
-1.760 -1.637 -1.571 -1.575 -1.633 -1.715 -1.805 -1.893 -1.977 -2.052 
-2.117 -2.172 -2.216 -2.251 -2.277 -2.293 -2.301 -2.300 -2.290 -2.270 
-2.242 -2.202 -2.151 -2.087 -2.008 -1.913 -1.800 -1.671 -1.531 -1.388 
-1.268 -1.239 -1.348 -1.540 -1.745 -1.932 -2.096 -2.241 -2.368 -2.481 
-2.563 
-2.561 -2.622 -2.710 -2.790 -2.862 -2.928 -2.988 -3.042 -3.092 -3.138 
-3.179 -3.216 -3.249 -3.279 -3.306 -3.329 -3.350 -3.367 -3.382 -3.393 
-3.402 -3.409 -3.412 -3.413 -3.411 -3.407 -3.399 -3.390 -3.377 -3.361 
-3.343 -3.322 -3.298 -3.270 -3.239 -3.205 -3.167 -3.126 -3.080 -3.031 
-2.976 -2.917 -2.853 -2.783 -2.707 -2.624 -2.535 -2.438 -2.332 -2.218 
-2.099 -1.982 -1.887 -1.821 -1.781 -1.770 -1.793 -1.849 -1.922 -2.001 
-2.076 -2.143 -2.199 -2.245 -2.282 -2.308 -2.326 -2.334 -2.334 -2.325 
-2.306 -2.278 -2.239 -2.189 -2.129 -2.059 -1.982 -1.904 -1.828 -1.743 
-1.650 -1.598 -1.625 -1.693 -1.788 -1.909 -2.043 -2.177 -2.303 -2.420 
-2.521 
-2.643 -2.736 -2.808 -2.872 -2.931 -2.983 -3.031 -3.075 -3.114 -3.149 
-3.180 -3.208 -3.233 -3.255 -3.274 -3.290 -3.303 -3.313 -3.321 -3.326 
-3.328 -3.328 -3.325 -3.319 -3.311 -3.301 -3.287 -3.272 -3.253 -3.231 
-3.207 -3.180 -3.150 -3.116 -3.080 -3.040 -2.996 -2.950 -2.899 -2.845 
-2.787 -2.725 -2.659 -2.590 -2.519 -2.445 -2.372 -2.301 -2.234 -2.174 
-2.125 -2.086 -2.059 -2.040 -2.032 -2.038 -2.061 -2.096 -2.136 -2.174 
-2.207 -2.233 -2.252 -2.263 -2.267 -2.263 -2.251 -2.232 -2.204 -2.167 
-2.120 -2.063 -1.995 -1.918 -1.832 -1.743 -1.666 -1.616 -1.612 -1.655 
-1.727 -1.800 -1.860 -1.914 -1.993 -2.107 -2.234 -2.357 -2.468 -2.568 
-2.625 
-2.564 -2.631 -2.729 -2.818 -2.897 -2.968 -3.033 -3.091 -3.144 -3.192 
-3.235 -3.274 -3.309 -3.340 -3.368 -3.392 -3.413 -3.431 -3.446 -3.458 
-3.467 -3.474 -3.477 -3.478 -3.477 -3.472 -3.465 -3.455 -3.442 -3.427 
-3.408 -3.387 -3.363 -3.335 -3.305 -3.271 -3.234 -3.193 -3.149 -3.100 
-3.048 -2.992 -2.932 -2.867 -2.799 -2.728 -2.654 -2.578 -2.504 -2.432 
-2.367 -2.310 -2.265 -2.232 -2.213 -2.211 -2.231 -2.270 -2.318 -2.367 
-2.412 -2.452 -2.485 -2.511 -2.530 -2.542 -2.547 -2.544 -2.534 -2.516 
-2.490 -2.455 -2.410 -2.355 -2.290 -2.217 -2.141 -2.073 -2.018 -1.967 
-1.896 -1.798 -1.692 -1.631 -1.660 -1.773 -1.930 -2.097 -2.254 -2.395 
-2.516 
-2.675 -2.778 -2.880 -2.971 -3.053 -3.127 -3.195 -3.256 -3.311 -3.362 
-3.408 -3.450 -3.487 -3.521 -3.552 -3.579 -3.602 -3.623 -3.641 -3.656 
-3.668 -3.677 -3.684 -3.688 -3.689 -3.687 -3.683 -3.676 -3.667 -3.655 
-3.640 -3.622 -3.601 -3.577 -3.550 -3.520 -3.487 -3.450 -3.409 -3.364 
-3.315 -3.261 -3.203 -3.139 -3.070 -2.995 -2.913 -2.824 -2.727 -2.623 
-2.512 -2.393 -2.272 -2.155 -2.059 -2.003 -2.000 -2.047 -2.123 -2.210 
-2.295 -2.371 -2.437 -2.493 -2.538 -2.574 -2.600 -2.617 -2.626 -2.626 
-2.618 -2.601 -2.574 -2.537 -2.490 -2.430 -2.355 -2.263 -2.152 -2.017 
-1.862 -1.706 -1.598 -1.579 -1.667 -1.837 -2.034 -2.222 -2.389 -2.535 
-2.637 
-2.741 -2.822 -2.914 -2.997 -3.072 -3.140 -3.202 -3.258 -3.309 -3.356 
-3.398 -3.436 -3.471 -3.502 -3.529 -3.554 -3.575 -3.593 -3.609 -3.621 
-3.631 -3.638 -3.643 -3.645 -3.644 -3.640 -3.634 -3.625 -3.614 -3.600 
-3.583 -3.563 -3.540 -3.514 -3.484 -3.452 -3.416 -3.376 -3.333 -3.285 
-3.233 -3.177 -3.116 -3.050 -2.979 -2.902 -2.821 -2.734 -2.642 -2.544 
-2.441 -2.332 -2.224 -2.123 -2.046 -2.007 -2.012 -2.055 -2.121 -2.195 
-2.267 -2.333 -2.390 -2.437 -2.476 -2.505 -2.525 -2.536 -2.539 -2.532 
-2.517 -2.492 -2.457 -2.411 -2.352 -2.278 -2.187 -2.075 -1.940 -1.782 
-1.618 -1.497 -1.479 -1.578 -1.757 -1.962 -2.155 -2.325 -2.474 -2.604 
-2.705 
-2.792 -2.873 -2.964 -3.046 -3.120 -3.187 -3.247 -3.301 -3.350 -3.394 
-3.434 -3.470 -3.502 -3.530 -3.555 -3.577 -3.595 -3.610 -3.622 -3.632 
-3.638 -3.642 -3.642 -3.640 -3.635 -3.628 -3.617 -3.604 -3.588 -3.568 
-3.546 -3.521 -3.492 -3.460 -3.424 -3.385 -3.342 -3.295 -3.244 -3.189 
-3.130 -3.066 -2.999 -2.928 -2.854 -2.780 -2.705 -2.634 -2.567 -2.505 
-2.449 -2.400 -2.366 -2.358 -2.372 -2.403 -2.447 -2.502 -2.561 -2.618 
-2.670 -2.713 -2.749 -2.777 -2.797 -2.810 -2.816 -2.815 -2.806 -2.790 
-2.766 -2.734 -2.693 -2.642 -2.580 -2.505 -2.414 -2.305 -2.173 -2.014 
-1.830 -1.659 -1.615 -1.698 -1.842 -2.021 -2.205 -2.374 -2.523 -2.654 
-2.754 
-2.710 -2.835 -2.930 -3.016 -3.094 -3.164 -3.227 -3.285 -3.337 -3.384 
-3.427 -3.465 -3.499 -3.530 -3.557 -3.581 -3.602 -3.620 -3.634 -3.646 
-3.654 -3.660 -3.663 -3.664 -3.661 -3.656 -3.648 -3.637 -3.623 -3.606 
-3.586 -3.563 -3.537 -3.507 -3.474 -3.437 -3.396 -3.351 -3.301 -3.247 
-3.187 -3.121 -3.050 -2.971 -2.885 -2.791 -2.688 -2.576 -2.455 -2.328 
-2.202 -2.096 -2.034 -2.029 -2.074 -2.146 -2.223 -2.292 -2.354 -2.412 
-2.466 -2.517 -2.563 -2.602 -2.634 -2.657 -2.673 -2.680 -2.679 -2.669 
-2.650 -2.622 -2.584 -2.534 -2.470 -2.390 -2.290 -2.164 -2.004 -1.800 
-1.567 -1.394 -1.406 -1.591 -1.822 -2.022 -2.190 -2.342 -2.483 -2.612 
-2.685 
-2.448 -2.513 -2.624 -2.724 -2.816 -2.899 -2.976 -3.045 -3.109 -3.167 
-3.220 -3.268 -3.312 -3.352 -3.389 -3.421 -3.451 -3.477 -3.500 -3.520 
-3.537 -3.551 -3.562 -3.571 -3.577 -3.580 -3.581 -3.579 -3.575 -3.567 
-3.557 -3.545 -3.529 -3.511 -3.489 -3.465 -3.437 -3.406 -3.372 -3.333 
-3.291 -3.245 -3.193 -3.137 -3.075 -3.007 -2.932 -2.850 -2.759 -2.660 
-2.556 -2.453 -2.365 -2.297 -2.242 -2.191 -2.147 -2.118 -2.112 -2.129 
-2.165 -2.214 -2.267 -2.320 -2.369 -2.412 -2.448 -2.477 -2.498 -2.512 
-2.518 -2.516 -2.506 -2.487 -2.459 -2.420 -2.370 -2.306 -2.224 -2.117 
-1.978 -1.828 -1.786 -1.810 -1.815 -1.840 -1.906 -2.010 -2.135 -2.266 
-2.396 
-2.554 -2.671 -2.781 -2.880 -2.970 -3.052 -3.126 -3.193 -3.255 -3.311 
-3.362 -3.409 -3.451 -3.489 -3.524 -3.555 -3.583 -3.607 -3.629 -3.647 
-3.663 -3.675 -3.685 -3.692 -3.697 -3.699 -3.698 -3.694 -3.688 -3.679 
-3.668 -3.653 -3.636 -3.616 -3.593 -3.566 -3.537 -3.504 -3.468 -3.427 
-3.383 -3.335 -3.282 -3.225 -3.162 -3.093 -3.019 -2.939 -2.851 -2.758 
-2.659 -2.556 -2.453 -2.357 -2.275 -2.217 -2.190 -2.194 -2.225 -2.275 
-2.334 -2.396 -2.456 -2.510 -2.558 -2.598 -2.630 -2.655 -2.672 -2.681 
-2.683 -2.677 -2.663 -2.641 -2.610 -2.570 -2.519 -2.458 -2.383 -2.295 
-2.194 -2.081 -1.967 -1.878 -1.843 -1.883 -1.986 -2.125 -2.273 -2.417 
-2.517 
-2.599 -2.681 -2.788 -2.885 -2.974 -3.055 -3.128 -3.195 -3.255 -3.310 
-3.360 -3.406 -3.447 -3.484 -3.518 -3.547 -3.574 -3.597 -3.616 -3.633 
-3.647 -3.658 -3.666 -3.671 -3.674 -3.673 -3.670 -3.664 -3.656 -3.644 
-3.630 -3.612 -3.592 -3.568 -3.541 -3.511 -3.478 -3.440 -3.399 -3.354 
-3.304 -3.250 -3.190 -3.126 -3.056 -2.980 -2.899 -2.813 -2.722 -2.628 
-2.534 -2.445 -2.367 -2.309 -2.278 -2.277 -2.304 -2.351 -2.412 -2.477 
-2.541 -2.600 -2.653 -2.699 -2.738 -2.769 -2.793 -2.810 -2.820 -2.824 
-2.821 -2.811 -2.794 -2.770 -2.737 -2.697 -2.648 -2.588 -2.519 -2.438 
-2.345 -2.245 -2.143 -2.059 -2.015 -2.027 -2.090 -2.190 -2.312 -2.440 
-2.555 
-2.693 -2.795 -2.891 -2.978 -3.057 -3.129 -3.194 -3.253 -3.306 -3.355 
-3.399 -3.439 -3.475 -3.507 -3.535 -3.560 -3.582 -3.601 -3.616 -3.629 
-3.638 -3.645 -3.649 -3.651 -3.649 -3.645 -3.638 -3.628 -3.616 -3.600 
-3.582 -3.560 -3.536 -3.508 -3.477 -3.442 -3.404 -3.362 -3.316 -3.266 
-3.211 -3.152 -3.089 -3.021 -2.949 -2.872 -2.794 -2.714 -2.636 -2.566 
-2.506 -2.462 -2.438 -2.433 -2.447 -2.478 -2.521 -2.570 -2.620 -2.669 
-2.713 -2.752 -2.786 -2.813 -2.835 -2.851 -2.861 -2.865 -2.862 -2.854 
-2.839 -2.818 -2.789 -2.753 -2.709 -2.656 -2.594 -2.521 -2.437 -2.343 
-2.239 -2.136 -2.047 -1.998 -2.008 -2.077 -2.186 -2.315 -2.446 -2.572 
-2.660 
-2.676 -2.739 -2.823 -2.901 -2.972 -3.037 -3.097 -3.152 -3.202 -3.247 
-3.289 -3.326 -3.360 -3.391 -3.418 -3.442 -3.462 -3.480 -3.495 -3.507 
-3.516 -3.523 -3.527 -3.528 -3.527 -3.523 -3.516 -3.507 -3.494 -3.480 
-3.462 -3.441 -3.418 -3.392 -3.362 -3.330 -3.294 -3.254 -3.212 -3.165 
-3.115 -3.062 -3.004 -2.944 -2.880 -2.814 -2.746 -2.679 -2.614 -2.554 
-2.503 -2.464 -2.439 -2.428 -2.432 -2.448 -2.473 -2.504 -2.538 -2.571 
-2.604 -2.633 -2.659 -2.681 -2.698 -2.710 -2.716 -2.718 -2.714 -2.704 
-2.689 -2.667 -2.639 -2.604 -2.563 -2.514 -2.457 -2.394 -2.324 -2.250 
-2.176 -2.110 -2.063 -2.048 -2.075 -2.142 -2.235 -2.339 -2.446 -2.550 
-2.642 
-2.738 -2.815 -2.895 -2.969 -3.037 -3.100 -3.157 -3.209 -3.256 -3.299 
-3.338 -3.373 -3.405 -3.433 -3.457 -3.479 -3.497 -3.513 -3.525 -3.535 
-3.542 -3.546 -3.548 -3.546 -3.542 -3.535 -3.526 -3.514 -3.499 -3.481 
-3.460 -3.436 -3.409 -3.379 -3.345 -3.309 -3.268 -3.225 -3.177 -3.126 
-3.071 -3.013 -2.952 -2.888 -2.822 -2.756 -2.691 -2.632 -2.579 -2.538 
-2.510 -2.497 -2.497 -2.511 -2.534 -2.564 -2.598 -2.634 -2.669 -2.703 
-2.733 -2.759 -2.781 -2.799 -2.811 -2.819 -2.821 -2.818 -2.810 -2.796 
-2.777 -2.751 -2.720 -2.681 -2.636 -2.584 -2.524 -2.458 -2.386 -2.312 
-2.242 -2.183 -2.148 -2.145 -2.180 -2.246 -2.335 -2.434 -2.535 -2.634 
-2.696 
