IRGRID 64 91
1e+308

0.025 0.03 0.035 0.04 0.045 0.05 0.055 0.06 0.065 0.07
0.075 0.08 0.085 0.09 0.095 0.1 0.11 0.12 0.13 0.14
0.15 0.16 0.17 0.18 0.19 0.2 0.21 0.22 0.23 0.24
0.25 0.26 0.27 0.28 0.29 0.3 0.31 0.32 0.33 0.34
0.35 0.36 0.37 0.38 0.39 0.4 0.41 0.42 0.43 0.44
0.45 0.46 0.47 0.48 0.49 0.5 0.51 0.52 0.53 0.54
0.55 0.56 0.57 0.58
0 4 8 12 16 20 24 28 32 36
40 44 48 52 56 60 64 68 72 76
80 84 88 92 96 100 104 108 112 116
120 124 128 132 136 140 144 148 152 156
160 164 168 172 176 180 184 188 192 196
200 204 208 212 216 220 224 228 232 236
240 244 248 252 256 260 264 268 272 276
280 284 288 292 296 300 304 308 312 316
320 324 328 332 336 340 344 348 352 356
360
-2.879 -2.987 -2.997 -3.011 -3.028 -3.048 -3.070 -3.094 -3.118 -3.142 
-3.166 -3.188 -3.209 -3.229 -3.247 -3.263 -3.276 -3.288 -3.298 -3.306 
-3.312 -3.316 -3.318 -3.318 -3.316 -3.313 -3.307 -3.299 -3.290 -3.278 
-3.265 -3.249 -3.231 -3.211 -3.188 -3.163 -3.136 -3.105 -3.072 -3.036 
-2.996 -2.953 -2.906 -2.854 -2.797 -2.735 -2.667 -2.591 -2.506 -2.411 
-2.304 -2.180 -2.038 -1.875 -1.699 -1.556 -1.495 -1.477 -1.483 -1.544 
-1.656 -1.795 -1.935 -2.063 -2.178 -2.280 -2.369 -2.449 -2.519 -2.582 
-2.638 -2.689 -2.734 -2.774 -2.809 -2.841 -2.869 -2.892 -2.913 -2.930 
-2.944 -2.955 -2.963 -2.969 -2.972 -2.974 -2.974 -2.974 -2.975 -2.977 
-2.877 
-2.342 -2.340 -2.326 -2.321 -2.328 -2.350 -2.384 -2.427 -2.475 -2.525 
-2.575 -2.623 -2.669 -2.712 -2.751 -2.788 -2.822 -2.852 -2.880 -2.904 
-2.926 -2.944 -2.960 -2.972 -2.982 -2.989 -2.993 -2.995 -2.993 -2.989 
-2.981 -2.971 -2.957 -2.940 -2.920 -2.896 -2.868 -2.837 -2.801 -2.760 
-2.715 -2.663 -2.606 -2.540 -2.467 -2.382 -2.285 -2.170 -2.030 -1.855 
-1.624 -1.344 -1.234 -1.297 -1.238 -1.166 -1.198 -1.326 -1.485 -1.640 
-1.786 -1.916 -2.030 -2.127 -2.211 -2.283 -2.344 -2.397 -2.443 -2.481 
-2.513 -2.540 -2.561 -2.578 -2.590 -2.597 -2.601 -2.600 -2.596 -2.589 
-2.578 -2.564 -2.547 -2.528 -2.507 -2.483 -2.459 -2.434 -2.408 -2.383 
-2.343 
-1.669 -1.712 -1.704 -1.706 -1.721 -1.752 -1.798 -1.854 -1.918 -1.984 
-2.049 -2.111 -2.170 -2.225 -2.275 -2.321 -2.362 -2.400 -2.433 -2.462 
-2.488 -2.510 -2.529 -2.544 -2.556 -2.565 -2.571 -2.573 -2.572 -2.568 
-2.560 -2.549 -2.535 -2.517 -2.496 -2.470 -2.440 -2.406 -2.367 -2.323 
-2.273 -2.217 -2.152 -2.079 -1.996 -1.898 -1.784 -1.645 -1.472 -1.248 
-0.963 -0.707 -0.649 -0.826 -1.023 -1.127 -1.202 -1.292 -1.392 -1.493 
-1.589 -1.677 -1.757 -1.827 -1.889 -1.942 -1.988 -2.027 -2.059 -2.086 
-2.107 -2.122 -2.133 -2.138 -2.139 -2.135 -2.126 -2.114 -2.096 -2.075 
-2.049 -2.020 -1.987 -1.952 -1.914 -1.876 -1.839 -1.805 -1.774 -1.748 
-1.680 
-1.254 -1.236 -1.270 -1.313 -1.361 -1.412 -1.465 -1.517 -1.566 -1.613 
-1.655 -1.693 -1.727 -1.756 -1.783 -1.807 -1.828 -1.848 -1.866 -1.884 
-1.901 -1.917 -1.932 -1.946 -1.959 -1.970 -1.979 -1.986 -1.991 -1.993 
-1.993 -1.989 -1.983 -1.973 -1.960 -1.944 -1.925 -1.901 -1.874 -1.843 
-1.808 -1.768 -1.723 -1.672 -1.616 -1.553 -1.482 -1.402 -1.312 -1.207 
-1.079 -0.921 -0.819 -0.784 -0.718 -0.654 -0.607 -0.559 -0.446 -0.267 
-0.368 -0.640 -0.845 -0.990 -1.099 -1.185 -1.254 -1.311 -1.357 -1.395 
-1.425 -1.449 -1.466 -1.477 -1.482 -1.483 -1.478 -1.468 -1.453 -1.435 
-1.411 -1.385 -1.355 -1.323 -1.291 -1.260 -1.233 -1.212 -1.200 -1.200 
-1.245 
-1.535 -1.581 -1.585 -1.589 -1.590 -1.589 -1.584 -1.575 -1.563 -1.548 
-1.531 -1.512 -1.493 -1.473 -1.454 -1.436 -1.420 -1.404 -1.389 -1.375 
-1.362 -1.351 -1.343 -1.339 -1.341 -1.351 -1.367 -1.390 -1.415 -1.442 
-1.468 -1.493 -1.515 -1.533 -1.548 -1.559 -1.566 -1.569 -1.568 -1.563 
-1.553 -1.539 -1.521 -1.497 -1.468 -1.434 -1.394 -1.346 -1.292 -1.229 
-1.157 -1.074 -0.978 -0.869 -0.743 -0.595 -0.410 -0.162 0.139 0.354 
0.298 0.104 0.196 0.434 -0.164 -0.523 -0.749 -0.912 -1.039 -1.143 
-1.229 -1.302 -1.365 -1.419 -1.465 -1.503 -1.536 -1.563 -1.584 -1.600 
-1.611 -1.618 -1.620 -1.618 -1.613 -1.605 -1.596 -1.588 -1.581 -1.578 
-1.537 
-1.652 -1.638 -1.628 -1.615 -1.599 -1.579 -1.556 -1.529 -1.500 -1.466 
-1.429 -1.389 -1.344 -1.297 -1.246 -1.193 -1.139 -1.087 -1.037 -0.992 
-0.952 -0.917 -0.888 -0.868 -0.860 -0.865 -0.883 -0.911 -0.948 -0.990 
-1.033 -1.077 -1.119 -1.158 -1.193 -1.225 -1.253 -1.276 -1.295 -1.310 
-1.320 -1.326 -1.327 -1.323 -1.315 -1.302 -1.284 -1.261 -1.231 -1.196 
-1.153 -1.102 -1.042 -0.971 -0.887 -0.785 -0.660 -0.499 -0.284 -0.037 
0.106 0.430 0.889 1.595 0.711 0.162 -0.187 -0.430 -0.616 -0.767 
-0.892 -0.999 -1.091 -1.172 -1.243 -1.306 -1.361 -1.410 -1.453 -1.491 
-1.525 -1.553 -1.578 -1.599 -1.616 -1.629 -1.639 -1.645 -1.648 -1.648 
-1.653 
-1.535 -1.563 -1.548 -1.529 -1.506 -1.479 -1.449 -1.414 -1.374 -1.331 
-1.282 -1.229 -1.172 -1.111 -1.048 -0.987 -0.931 -0.886 -0.858 -0.848 
-0.856 -0.877 -0.905 -0.935 -0.967 -0.999 -1.033 -1.067 -1.101 -1.135 
-1.167 -1.198 -1.226 -1.252 -1.274 -1.294 -1.309 -1.322 -1.330 -1.335 
-1.336 -1.333 -1.326 -1.315 -1.299 -1.278 -1.252 -1.220 -1.182 -1.138 
-1.086 -1.024 -0.953 -0.868 -0.768 -0.646 -0.495 -0.299 -0.025 0.408 
1.062 0.681 1.509 2.062 1.484 0.107 -0.261 -0.494 -0.669 -0.808 
-0.924 -1.022 -1.107 -1.181 -1.245 -1.302 -1.352 -1.396 -1.435 -1.469 
-1.497 -1.522 -1.543 -1.559 -1.572 -1.581 -1.587 -1.589 -1.588 -1.583 
-1.539 
-1.201 -1.181 -1.175 -1.167 -1.155 -1.141 -1.125 -1.105 -1.083 -1.059 
-1.032 -1.002 -0.970 -0.936 -0.900 -0.864 -0.828 -0.793 -0.761 -0.734 
-0.712 -0.694 -0.680 -0.671 -0.666 -0.666 -0.670 -0.677 -0.688 -0.701 
-0.715 -0.729 -0.744 -0.757 -0.769 -0.778 -0.785 -0.789 -0.791 -0.789 
-0.783 -0.774 -0.760 -0.743 -0.721 -0.694 -0.661 -0.623 -0.579 -0.527 
-0.467 -0.398 -0.316 -0.221 -0.107 0.032 0.206 0.439 0.785 1.334 
1.709 1.464 1.092 1.510 0.421 0.149 -0.043 -0.196 -0.324 -0.433 
-0.529 -0.612 -0.687 -0.753 -0.812 -0.865 -0.913 -0.956 -0.994 -1.029 
-1.059 -1.086 -1.109 -1.129 -1.145 -1.159 -1.170 -1.178 -1.183 -1.185 
-1.202 
-1.185 -1.194 -1.206 -1.217 -1.225 -1.231 -1.236 -1.238 -1.239 -1.239 
-1.236 -1.231 -1.225 -1.217 -1.207 -1.196 -1.184 -1.170 -1.156 -1.141 
-1.127 -1.113 -1.101 -1.090 -1.081 -1.073 -1.067 -1.062 -1.058 -1.053 
-1.048 -1.042 -1.035 -1.025 -1.014 -1.001 -0.986 -0.969 -0.949 -0.927 
-0.902 -0.875 -0.845 -0.812 -0.776 -0.736 -0.693 -0.645 -0.592 -0.535 
-0.471 -0.400 -0.320 -0.230 -0.127 -0.008 0.135 0.309 0.535 0.858 
1.346 1.448 1.469 1.143 0.774 0.485 0.265 0.089 -0.057 -0.181 
-0.289 -0.384 -0.469 -0.546 -0.615 -0.677 -0.735 -0.787 -0.836 -0.880 
-0.921 -0.958 -0.993 -1.025 -1.054 -1.081 -1.105 -1.127 -1.147 -1.165 
-1.179 
-1.297 -1.296 -1.308 -1.318 -1.327 -1.334 -1.340 -1.344 -1.348 -1.350 
-1.352 -1.352 -1.352 -1.351 -1.349 -1.346 -1.343 -1.339 -1.335 -1.330 
-1.324 -1.318 -1.311 -1.304 -1.297 -1.289 -1.280 -1.270 -1.260 -1.250 
-1.238 -1.225 -1.212 -1.197 -1.181 -1.164 -1.146 -1.126 -1.104 -1.080 
-1.054 -1.025 -0.994 -0.960 -0.923 -0.882 -0.838 -0.788 -0.734 -0.674 
-0.607 -0.532 -0.448 -0.354 -0.246 -0.123 0.020 0.188 0.393 0.663 
1.066 1.459 1.536 1.192 0.791 0.501 0.265 0.069 -0.096 -0.236 
-0.358 -0.464 -0.557 -0.640 -0.714 -0.781 -0.841 -0.896 -0.945 -0.990 
-1.031 -1.069 -1.103 -1.134 -1.162 -1.188 -1.211 -1.232 -1.251 -1.268 
-1.293 
-1.592 -1.673 -1.698 -1.721 -1.741 -1.759 -1.775 -1.789 -1.802 -1.812 
-1.821 -1.828 -1.834 -1.838 -1.840 -1.842 -1.841 -1.840 -1.837 -1.833 
-1.828 -1.822 -1.814 -1.805 -1.795 -1.783 -1.770 -1.756 -1.740 -1.722 
-1.702 -1.681 -1.658 -1.632 -1.605 -1.575 -1.542 -1.506 -1.468 -1.426 
-1.381 -1.332 -1.279 -1.222 -1.159 -1.092 -1.019 -0.940 -0.854 -0.760 
-0.659 -0.548 -0.428 -0.298 -0.158 -0.006 0.156 0.327 0.508 0.699 
0.907 1.167 1.300 1.216 1.069 0.851 0.609 0.376 0.166 -0.021 
-0.188 -0.338 -0.473 -0.595 -0.705 -0.806 -0.899 -0.984 -1.062 -1.135 
-1.201 -1.263 -1.320 -1.373 -1.422 -1.468 -1.509 -1.548 -1.583 -1.616 
-1.585 
-1.421 -1.422 -1.450 -1.476 -1.500 -1.522 -1.542 -1.560 -1.576 -1.591 
-1.603 -1.614 -1.623 -1.631 -1.636 -1.640 -1.642 -1.643 -1.642 -1.639 
-1.634 -1.628 -1.620 -1.610 -1.599 -1.586 -1.571 -1.555 -1.536 -1.516 
-1.494 -1.470 -1.445 -1.417 -1.388 -1.356 -1.323 -1.287 -1.250 -1.210 
-1.168 -1.123 -1.076 -1.026 -0.973 -0.917 -0.858 -0.795 -0.727 -0.655 
-0.578 -0.495 -0.404 -0.305 -0.197 -0.077 0.058 0.209 0.384 0.591 
0.848 1.172 1.281 1.229 1.043 0.786 0.543 0.336 0.159 0.007 
-0.126 -0.245 -0.352 -0.450 -0.539 -0.622 -0.699 -0.771 -0.838 -0.901 
-0.960 -1.016 -1.069 -1.118 -1.165 -1.209 -1.250 -1.289 -1.326 -1.360 
-1.408 
-1.430 -1.459 -1.472 -1.482 -1.489 -1.494 -1.497 -1.497 -1.495 -1.492 
-1.487 -1.481 -1.475 -1.469 -1.464 -1.460 -1.458 -1.456 -1.456 -1.456 
-1.456 -1.456 -1.454 -1.451 -1.446 -1.439 -1.429 -1.418 -1.404 -1.387 
-1.369 -1.348 -1.325 -1.300 -1.273 -1.244 -1.213 -1.180 -1.146 -1.109 
-1.071 -1.031 -0.989 -0.944 -0.898 -0.849 -0.797 -0.742 -0.683 -0.620 
-0.552 -0.478 -0.396 -0.305 -0.203 -0.085 0.055 0.224 0.442 0.747 
1.238 1.497 1.407 1.080 0.700 0.407 0.178 -0.008 -0.164 -0.298 
-0.416 -0.521 -0.615 -0.701 -0.779 -0.851 -0.917 -0.978 -1.035 -1.087 
-1.136 -1.180 -1.222 -1.260 -1.295 -1.327 -1.356 -1.382 -1.406 -1.426 
-1.424 
-1.307 -1.297 -1.288 -1.276 -1.262 -1.244 -1.225 -1.204 -1.182 -1.159 
-1.137 -1.117 -1.099 -1.084 -1.074 -1.069 -1.070 -1.075 -1.086 -1.101 
-1.120 -1.141 -1.164 -1.187 -1.211 -1.233 -1.254 -1.273 -1.290 -1.304 
-1.316 -1.324 -1.330 -1.333 -1.332 -1.328 -1.321 -1.311 -1.297 -1.280 
-1.259 -1.235 -1.208 -1.176 -1.140 -1.100 -1.056 -1.006 -0.951 -0.889 
-0.820 -0.743 -0.655 -0.555 -0.438 -0.301 -0.135 0.077 0.373 0.928 
1.395 1.425 1.057 0.532 0.214 -0.013 -0.188 -0.329 -0.447 -0.548 
-0.636 -0.713 -0.781 -0.843 -0.899 -0.951 -0.998 -1.042 -1.083 -1.120 
-1.154 -1.185 -1.213 -1.237 -1.257 -1.274 -1.287 -1.297 -1.302 -1.304 
-1.312 
-1.297 -1.316 -1.345 -1.372 -1.396 -1.416 -1.433 -1.447 -1.459 -1.467 
-1.474 -1.478 -1.482 -1.486 -1.489 -1.494 -1.500 -1.508 -1.516 -1.526 
-1.536 -1.547 -1.556 -1.565 -1.572 -1.577 -1.581 -1.582 -1.580 -1.577 
-1.570 -1.562 -1.550 -1.537 -1.520 -1.501 -1.479 -1.454 -1.426 -1.395 
-1.361 -1.324 -1.283 -1.238 -1.189 -1.136 -1.078 -1.015 -0.946 -0.871 
-0.788 -0.696 -0.594 -0.481 -0.352 -0.205 -0.035 0.168 0.413 0.703 
1.084 1.127 0.928 0.702 0.472 0.282 0.130 0.006 -0.099 -0.188 
-0.266 -0.336 -0.400 -0.459 -0.516 -0.571 -0.624 -0.677 -0.730 -0.782 
-0.834 -0.885 -0.936 -0.985 -1.034 -1.081 -1.126 -1.169 -1.209 -1.247 
-1.282 
-1.418 -1.435 -1.454 -1.472 -1.488 -1.502 -1.515 -1.526 -1.535 -1.544 
-1.550 -1.556 -1.560 -1.563 -1.565 -1.566 -1.565 -1.563 -1.560 -1.556 
-1.551 -1.545 -1.538 -1.529 -1.519 -1.508 -1.495 -1.482 -1.466 -1.449 
-1.430 -1.410 -1.387 -1.363 -1.336 -1.307 -1.276 -1.242 -1.206 -1.167 
-1.127 -1.086 -1.043 -1.000 -0.958 -0.916 -0.874 -0.831 -0.787 -0.740 
-0.689 -0.631 -0.565 -0.490 -0.402 -0.299 -0.176 -0.028 0.153 0.378 
0.640 0.852 0.926 0.842 0.668 0.402 0.160 -0.034 -0.190 -0.320 
-0.430 -0.527 -0.612 -0.689 -0.758 -0.822 -0.881 -0.937 -0.988 -1.037 
-1.083 -1.127 -1.168 -1.206 -1.243 -1.277 -1.308 -1.338 -1.365 -1.391 
-1.412 
-1.606 -1.640 -1.658 -1.673 -1.687 -1.698 -1.707 -1.714 -1.718 -1.721 
-1.722 -1.721 -1.717 -1.712 -1.705 -1.695 -1.684 -1.670 -1.654 -1.636 
-1.615 -1.592 -1.567 -1.539 -1.508 -1.475 -1.439 -1.399 -1.357 -1.312 
-1.263 -1.211 -1.156 -1.098 -1.037 -0.975 -0.911 -0.848 -0.787 -0.730 
-0.676 -0.627 -0.583 -0.543 -0.507 -0.476 -0.448 -0.424 -0.402 -0.382 
-0.362 -0.339 -0.313 -0.280 -0.239 -0.188 -0.124 -0.043 0.060 0.192 
0.365 0.585 0.816 0.983 1.015 0.841 0.527 0.233 -0.004 -0.199 
-0.363 -0.504 -0.627 -0.736 -0.834 -0.923 -1.003 -1.076 -1.143 -1.204 
-1.260 -1.312 -1.360 -1.403 -1.443 -1.480 -1.514 -1.544 -1.572 -1.597 
-1.600 
-1.607 -1.615 -1.631 -1.643 -1.653 -1.661 -1.666 -1.669 -1.669 -1.667 
-1.663 -1.656 -1.646 -1.634 -1.620 -1.603 -1.584 -1.562 -1.537 -1.509 
-1.479 -1.446 -1.409 -1.370 -1.327 -1.281 -1.231 -1.178 -1.121 -1.060 
-0.996 -0.929 -0.858 -0.785 -0.711 -0.637 -0.566 -0.500 -0.442 -0.396 
-0.362 -0.343 -0.335 -0.337 -0.345 -0.356 -0.367 -0.377 -0.384 -0.386 
-0.384 -0.374 -0.358 -0.332 -0.297 -0.250 -0.188 -0.109 -0.007 0.125 
0.297 0.489 0.635 0.813 0.983 0.966 0.720 0.395 0.113 -0.111 
-0.294 -0.449 -0.582 -0.699 -0.802 -0.895 -0.979 -1.054 -1.123 -1.186 
-1.243 -1.296 -1.344 -1.388 -1.427 -1.464 -1.497 -1.526 -1.553 -1.576 
-1.600 
-1.600 -1.621 -1.634 -1.644 -1.652 -1.657 -1.660 -1.661 -1.659 -1.655 
-1.649 -1.640 -1.629 -1.616 -1.600 -1.582 -1.561 -1.538 -1.512 -1.484 
-1.452 -1.418 -1.381 -1.340 -1.297 -1.250 -1.200 -1.146 -1.089 -1.028 
-0.963 -0.895 -0.823 -0.749 -0.672 -0.595 -0.518 -0.445 -0.377 -0.317 
-0.267 -0.228 -0.198 -0.175 -0.156 -0.138 -0.121 -0.104 -0.086 -0.068 
-0.047 -0.022 0.010 0.052 0.107 0.177 0.265 0.374 0.502 0.646 
0.801 0.923 0.903 0.735 0.592 0.472 0.203 -0.043 -0.236 -0.395 
-0.529 -0.646 -0.750 -0.843 -0.928 -1.004 -1.074 -1.138 -1.197 -1.250 
-1.300 -1.345 -1.387 -1.425 -1.460 -1.491 -1.520 -1.546 -1.568 -1.589 
-1.595 
-1.525 -1.531 -1.546 -1.558 -1.569 -1.577 -1.583 -1.586 -1.588 -1.587 
-1.584 -1.579 -1.572 -1.563 -1.551 -1.537 -1.521 -1.502 -1.481 -1.457 
-1.432 -1.403 -1.372 -1.338 -1.301 -1.261 -1.218 -1.172 -1.123 -1.070 
-1.014 -0.954 -0.890 -0.822 -0.751 -0.676 -0.597 -0.516 -0.432 -0.346 
-0.260 -0.173 -0.088 -0.004 0.076 0.150 0.215 0.271 0.318 0.356 
0.389 0.422 0.458 0.502 0.558 0.628 0.713 0.809 0.899 0.955 
0.947 0.887 0.776 0.620 0.450 0.262 0.081 -0.081 -0.224 -0.351 
-0.465 -0.568 -0.663 -0.749 -0.828 -0.901 -0.969 -1.031 -1.089 -1.143 
-1.192 -1.238 -1.281 -1.320 -1.356 -1.389 -1.419 -1.446 -1.471 -1.494 
-1.518 
-1.578 -1.586 -1.603 -1.617 -1.628 -1.637 -1.644 -1.649 -1.651 -1.651 
-1.648 -1.643 -1.636 -1.627 -1.615 -1.601 -1.584 -1.565 -1.543 -1.519 
-1.492 -1.462 -1.429 -1.394 -1.355 -1.312 -1.267 -1.217 -1.164 -1.106 
-1.044 -0.977 -0.904 -0.826 -0.742 -0.652 -0.561 -0.474 -0.398 -0.336 
-0.279 -0.224 -0.171 -0.124 -0.085 -0.055 -0.034 -0.018 -0.007 0.002 
0.012 0.025 0.044 0.072 0.110 0.162 0.229 0.312 0.403 0.487 
0.552 0.621 0.711 0.767 0.719 0.589 0.406 0.180 -0.025 -0.200 
-0.350 -0.482 -0.598 -0.703 -0.797 -0.883 -0.961 -1.032 -1.098 -1.158 
-1.214 -1.265 -1.312 -1.355 -1.395 -1.431 -1.464 -1.494 -1.521 -1.546 
-1.571 
-1.669 -1.721 -1.734 -1.745 -1.754 -1.759 -1.763 -1.764 -1.762 -1.758 
-1.752 -1.743 -1.732 -1.718 -1.701 -1.682 -1.660 -1.635 -1.608 -1.578 
-1.544 -1.507 -1.467 -1.423 -1.375 -1.323 -1.266 -1.205 -1.137 -1.063 
-0.982 -0.893 -0.794 -0.686 -0.570 -0.449 -0.336 -0.248 -0.202 -0.205 
-0.244 -0.298 -0.352 -0.397 -0.432 -0.461 -0.483 -0.502 -0.514 -0.521 
-0.522 -0.514 -0.499 -0.474 -0.438 -0.392 -0.333 -0.261 -0.175 -0.077 
0.029 0.138 0.251 0.363 0.468 0.561 0.515 0.292 0.016 -0.224 
-0.418 -0.578 -0.714 -0.832 -0.935 -1.027 -1.110 -1.184 -1.251 -1.312 
-1.368 -1.419 -1.465 -1.507 -1.545 -1.580 -1.611 -1.639 -1.663 -1.685 
-1.665 
-1.465 -1.448 -1.457 -1.464 -1.469 -1.471 -1.472 -1.470 -1.466 -1.459 
-1.451 -1.440 -1.427 -1.412 -1.395 -1.375 -1.353 -1.329 -1.302 -1.273 
-1.242 -1.208 -1.171 -1.133 -1.091 -1.048 -1.002 -0.954 -0.904 -0.852 
-0.800 -0.748 -0.697 -0.646 -0.597 -0.548 -0.500 -0.458 -0.430 -0.418 
-0.417 -0.420 -0.420 -0.416 -0.410 -0.400 -0.386 -0.369 -0.348 -0.321 
-0.289 -0.251 -0.205 -0.151 -0.086 -0.010 0.079 0.184 0.305 0.437 
0.526 0.511 0.450 0.363 0.274 0.223 0.125 -0.064 -0.233 -0.372 
-0.489 -0.592 -0.683 -0.766 -0.840 -0.908 -0.970 -1.027 -1.080 -1.128 
-1.171 -1.212 -1.248 -1.282 -1.312 -1.339 -1.364 -1.386 -1.405 -1.422 
-1.459 
-1.581 -1.612 -1.617 -1.620 -1.620 -1.618 -1.614 -1.607 -1.598 -1.586 
-1.571 -1.554 -1.534 -1.512 -1.486 -1.458 -1.427 -1.392 -1.355 -1.314 
-1.270 -1.222 -1.171 -1.116 -1.057 -0.995 -0.931 -0.864 -0.796 -0.729 
-0.665 -0.607 -0.558 -0.521 -0.496 -0.483 -0.479 -0.483 -0.490 -0.497 
-0.502 -0.502 -0.498 -0.489 -0.476 -0.459 -0.439 -0.417 -0.394 -0.368 
-0.339 -0.303 -0.260 -0.204 -0.132 -0.039 0.083 0.246 0.452 0.653 
0.732 0.608 0.381 0.155 -0.038 -0.204 -0.348 -0.475 -0.589 -0.691 
-0.783 -0.867 -0.945 -1.015 -1.081 -1.141 -1.196 -1.247 -1.294 -1.337 
-1.377 -1.413 -1.445 -1.475 -1.502 -1.525 -1.546 -1.565 -1.580 -1.593 
-1.580 
-1.511 -1.525 -1.542 -1.557 -1.569 -1.579 -1.586 -1.591 -1.595 -1.595 
-1.594 -1.590 -1.584 -1.576 -1.565 -1.552 -1.536 -1.518 -1.498 -1.474 
-1.448 -1.419 -1.387 -1.352 -1.313 -1.272 -1.227 -1.179 -1.128 -1.076 
-1.022 -0.968 -0.916 -0.866 -0.818 -0.771 -0.724 -0.674 -0.620 -0.562 
-0.500 -0.434 -0.367 -0.301 -0.237 -0.177 -0.122 -0.075 -0.034 -0.003 
0.017 0.024 0.021 0.013 0.006 0.004 0.009 0.030 0.079 0.169 
0.217 0.105 -0.030 -0.131 -0.210 -0.282 -0.350 -0.417 -0.483 -0.548 
-0.612 -0.675 -0.737 -0.798 -0.857 -0.916 -0.972 -1.027 -1.079 -1.129 
-1.177 -1.222 -1.264 -1.303 -1.340 -1.374 -1.406 -1.435 -1.461 -1.485 
-1.504 
-1.462 -1.470 -1.497 -1.522 -1.545 -1.565 -1.583 -1.599 -1.612 -1.623 
-1.632 -1.639 -1.643 -1.646 -1.646 -1.643 -1.639 -1.632 -1.623 -1.612 
-1.598 -1.582 -1.564 -1.543 -1.520 -1.493 -1.465 -1.433 -1.398 -1.361 
-1.320 -1.276 -1.228 -1.177 -1.122 -1.063 -0.999 -0.931 -0.859 -0.781 
-0.699 -0.612 -0.520 -0.424 -0.324 -0.222 -0.121 -0.022 0.066 0.136 
0.176 0.181 0.155 0.110 0.055 0.000 -0.050 -0.095 -0.134 -0.168 
-0.198 -0.226 -0.252 -0.277 -0.302 -0.327 -0.353 -0.379 -0.407 -0.438 
-0.473 -0.512 -0.556 -0.605 -0.657 -0.712 -0.769 -0.827 -0.886 -0.943 
-1.000 -1.055 -1.107 -1.158 -1.206 -1.251 -1.294 -1.335 -1.372 -1.407 
-1.449 
-1.639 -1.680 -1.700 -1.718 -1.734 -1.747 -1.758 -1.766 -1.773 -1.777 
-1.779 -1.779 -1.776 -1.772 -1.765 -1.756 -1.745 -1.731 -1.715 -1.696 
-1.676 -1.652 -1.626 -1.598 -1.566 -1.532 -1.495 -1.455 -1.412 -1.365 
-1.315 -1.262 -1.205 -1.144 -1.079 -1.010 -0.938 -0.862 -0.782 -0.699 
-0.612 -0.522 -0.430 -0.339 -0.250 -0.169 -0.102 -0.052 -0.020 -0.006 
-0.008 -0.026 -0.055 -0.090 -0.124 -0.156 -0.183 -0.207 -0.228 -0.248 
-0.268 -0.291 -0.317 -0.348 -0.385 -0.428 -0.476 -0.528 -0.584 -0.643 
-0.703 -0.765 -0.827 -0.889 -0.951 -1.012 -1.072 -1.130 -1.186 -1.240 
-1.291 -1.340 -1.386 -1.429 -1.470 -1.508 -1.543 -1.575 -1.605 -1.633 
-1.633 
-1.588 -1.613 -1.632 -1.649 -1.663 -1.675 -1.684 -1.691 -1.696 -1.699 
-1.700 -1.698 -1.694 -1.688 -1.679 -1.668 -1.655 -1.639 -1.621 -1.600 
-1.577 -1.551 -1.523 -1.491 -1.457 -1.420 -1.380 -1.337 -1.290 -1.241 
-1.189 -1.133 -1.075 -1.015 -0.952 -0.888 -0.825 -0.762 -0.703 -0.648 
-0.598 -0.556 -0.519 -0.488 -0.461 -0.438 -0.417 -0.402 -0.392 -0.388 
-0.388 -0.391 -0.398 -0.409 -0.421 -0.434 -0.444 -0.451 -0.454 -0.454 
-0.451 -0.448 -0.447 -0.448 -0.455 -0.470 -0.495 -0.529 -0.573 -0.624 
-0.681 -0.742 -0.804 -0.867 -0.928 -0.988 -1.045 -1.100 -1.153 -1.203 
-1.251 -1.296 -1.339 -1.379 -1.417 -1.452 -1.485 -1.515 -1.543 -1.569 
-1.582 
-1.475 -1.476 -1.502 -1.525 -1.547 -1.567 -1.586 -1.602 -1.616 -1.628 
-1.638 -1.647 -1.653 -1.657 -1.659 -1.659 -1.657 -1.653 -1.646 -1.638 
-1.627 -1.614 -1.598 -1.580 -1.560 -1.537 -1.512 -1.483 -1.452 -1.419 
-1.382 -1.342 -1.300 -1.254 -1.206 -1.155 -1.102 -1.047 -0.992 -0.935 
-0.879 -0.822 -0.765 -0.706 -0.644 -0.579 -0.511 -0.440 -0.370 -0.305 
-0.251 -0.215 -0.198 -0.203 -0.224 -0.257 -0.297 -0.337 -0.377 -0.412 
-0.443 -0.469 -0.492 -0.511 -0.528 -0.547 -0.569 -0.595 -0.627 -0.662 
-0.699 -0.738 -0.778 -0.817 -0.856 -0.896 -0.935 -0.975 -1.015 -1.055 
-1.095 -1.134 -1.174 -1.212 -1.250 -1.286 -1.322 -1.356 -1.388 -1.419 
-1.463 
-1.708 -1.741 -1.763 -1.784 -1.801 -1.817 -1.830 -1.842 -1.851 -1.858 
-1.862 -1.865 -1.865 -1.863 -1.859 -1.853 -1.844 -1.834 -1.821 -1.806 
-1.788 -1.769 -1.746 -1.722 -1.695 -1.666 -1.634 -1.600 -1.563 -1.524 
-1.482 -1.438 -1.391 -1.342 -1.291 -1.239 -1.185 -1.130 -1.075 -1.020 
-0.966 -0.913 -0.862 -0.814 -0.769 -0.729 -0.695 -0.665 -0.639 -0.616 
-0.596 -0.582 -0.575 -0.574 -0.577 -0.582 -0.584 -0.581 -0.573 -0.558 
-0.537 -0.511 -0.484 -0.458 -0.439 -0.434 -0.445 -0.475 -0.523 -0.584 
-0.654 -0.730 -0.808 -0.884 -0.958 -1.029 -1.097 -1.161 -1.221 -1.278 
-1.331 -1.382 -1.430 -1.474 -1.517 -1.556 -1.593 -1.628 -1.659 -1.689 
-1.701 
-2.006 -2.056 -2.079 -2.099 -2.116 -2.131 -2.144 -2.154 -2.162 -2.167 
-2.171 -2.172 -2.171 -2.167 -2.161 -2.153 -2.143 -2.130 -2.115 -2.097 
-2.077 -2.055 -2.030 -2.002 -1.972 -1.939 -1.903 -1.863 -1.821 -1.776 
-1.727 -1.674 -1.618 -1.558 -1.494 -1.426 -1.354 -1.276 -1.195 -1.109 
-1.020 -0.928 -0.837 -0.749 -0.669 -0.603 -0.555 -0.526 -0.517 -0.525 
-0.544 -0.570 -0.595 -0.616 -0.630 -0.637 -0.635 -0.624 -0.605 -0.577 
-0.542 -0.503 -0.463 -0.429 -0.410 -0.416 -0.451 -0.512 -0.592 -0.684 
-0.780 -0.878 -0.975 -1.069 -1.160 -1.247 -1.328 -1.405 -1.478 -1.545 
-1.608 -1.666 -1.721 -1.772 -1.818 -1.862 -1.902 -1.939 -1.972 -2.003 
-2.000 
-1.945 -1.963 -1.990 -2.015 -2.037 -2.057 -2.074 -2.089 -2.102 -2.112 
-2.120 -2.125 -2.128 -2.129 -2.128 -2.124 -2.118 -2.110 -2.099 -2.086 
-2.071 -2.053 -2.032 -2.009 -1.983 -1.955 -1.923 -1.889 -1.851 -1.810 
-1.766 -1.718 -1.666 -1.611 -1.550 -1.486 -1.416 -1.342 -1.262 -1.177 
-1.086 -0.991 -0.891 -0.789 -0.686 -0.588 -0.501 -0.433 -0.392 -0.381 
-0.398 -0.434 -0.479 -0.526 -0.569 -0.605 -0.634 -0.655 -0.667 -0.671 
-0.667 -0.657 -0.642 -0.624 -0.609 -0.600 -0.600 -0.611 -0.632 -0.666 
-0.712 -0.770 -0.839 -0.916 -0.996 -1.078 -1.159 -1.238 -1.314 -1.386 
-1.454 -1.518 -1.578 -1.634 -1.687 -1.736 -1.782 -1.824 -1.863 -1.899 
-1.933 
-1.917 -1.932 -1.955 -1.976 -1.994 -2.010 -2.023 -2.035 -2.044 -2.051 
-2.056 -2.058 -2.058 -2.057 -2.052 -2.046 -2.037 -2.026 -2.013 -1.997 
-1.979 -1.958 -1.935 -1.909 -1.880 -1.849 -1.814 -1.776 -1.736 -1.691 
-1.644 -1.592 -1.537 -1.477 -1.414 -1.346 -1.275 -1.201 -1.126 -1.052 
-0.981 -0.915 -0.855 -0.799 -0.750 -0.707 -0.674 -0.652 -0.644 -0.652 
-0.673 -0.703 -0.736 -0.769 -0.799 -0.825 -0.847 -0.864 -0.877 -0.886 
-0.891 -0.892 -0.892 -0.889 -0.886 -0.883 -0.883 -0.888 -0.900 -0.921 
-0.953 -0.995 -1.045 -1.101 -1.161 -1.222 -1.283 -1.343 -1.401 -1.458 
-1.512 -1.563 -1.612 -1.658 -1.701 -1.742 -1.780 -1.816 -1.848 -1.879 
-1.908 
-2.015 -2.036 -2.057 -2.076 -2.092 -2.105 -2.116 -2.124 -2.130 -2.133 
-2.134 -2.132 -2.128 -2.121 -2.111 -2.099 -2.085 -2.067 -2.047 -2.024 
-1.998 -1.969 -1.936 -1.901 -1.862 -1.819 -1.773 -1.722 -1.667 -1.608 
-1.545 -1.477 -1.405 -1.328 -1.248 -1.165 -1.082 -1.000 -0.925 -0.861 
-0.814 -0.790 -0.788 -0.804 -0.833 -0.867 -0.903 -0.939 -0.974 -1.007 
-1.037 -1.063 -1.085 -1.102 -1.113 -1.119 -1.120 -1.114 -1.104 -1.088 
-1.067 -1.043 -1.016 -0.989 -0.962 -0.937 -0.915 -0.900 -0.895 -0.903 
-0.928 -0.970 -1.027 -1.095 -1.168 -1.244 -1.319 -1.393 -1.463 -1.529 
-1.592 -1.650 -1.705 -1.755 -1.802 -1.845 -1.885 -1.921 -1.954 -1.985 
-2.006 
-2.111 -2.136 -2.151 -2.164 -2.174 -2.181 -2.186 -2.188 -2.188 -2.185 
-2.179 -2.171 -2.161 -2.148 -2.132 -2.113 -2.092 -2.068 -2.041 -2.011 
-1.978 -1.942 -1.903 -1.860 -1.814 -1.764 -1.711 -1.654 -1.594 -1.530 
-1.463 -1.393 -1.322 -1.251 -1.182 -1.118 -1.060 -1.011 -0.971 -0.940 
-0.918 -0.902 -0.892 -0.892 -0.908 -0.941 -0.983 -1.025 -1.062 -1.092 
-1.114 -1.128 -1.134 -1.134 -1.126 -1.113 -1.093 -1.068 -1.038 -1.005 
-0.971 -0.940 -0.915 -0.900 -0.898 -0.912 -0.939 -0.976 -1.020 -1.069 
-1.122 -1.181 -1.244 -1.311 -1.381 -1.451 -1.520 -1.586 -1.650 -1.709 
-1.764 -1.816 -1.863 -1.907 -1.947 -1.984 -2.017 -2.047 -2.073 -2.097 
-2.106 
-2.074 -2.095 -2.119 -2.141 -2.159 -2.175 -2.189 -2.199 -2.208 -2.213 
-2.216 -2.217 -2.215 -2.210 -2.203 -2.193 -2.181 -2.166 -2.148 -2.127 
-2.104 -2.077 -2.048 -2.015 -1.979 -1.939 -1.896 -1.849 -1.798 -1.743 
-1.684 -1.620 -1.552 -1.480 -1.404 -1.325 -1.241 -1.152 -1.058 -0.958 
-0.853 -0.750 -0.659 -0.599 -0.584 -0.613 -0.673 -0.746 -0.820 -0.889 
-0.949 -1.000 -1.043 -1.076 -1.102 -1.121 -1.132 -1.138 -1.137 -1.132 
-1.122 -1.109 -1.095 -1.081 -1.068 -1.057 -1.047 -1.039 -1.032 -1.030 
-1.037 -1.055 -1.086 -1.132 -1.189 -1.255 -1.325 -1.397 -1.469 -1.538 
-1.605 -1.668 -1.727 -1.783 -1.834 -1.882 -1.926 -1.966 -2.003 -2.037 
-2.063 
-2.077 -2.077 -2.094 -2.108 -2.120 -2.130 -2.137 -2.142 -2.145 -2.146 
-2.144 -2.140 -2.134 -2.126 -2.115 -2.102 -2.087 -2.069 -2.049 -2.026 
-2.001 -1.973 -1.942 -1.908 -1.871 -1.831 -1.788 -1.741 -1.691 -1.637 
-1.579 -1.517 -1.450 -1.379 -1.303 -1.224 -1.140 -1.054 -0.968 -0.886 
-0.811 -0.747 -0.696 -0.664 -0.653 -0.662 -0.687 -0.720 -0.756 -0.791 
-0.825 -0.855 -0.881 -0.904 -0.922 -0.936 -0.947 -0.955 -0.960 -0.964 
-0.968 -0.973 -0.979 -0.989 -1.003 -1.023 -1.048 -1.079 -1.114 -1.153 
-1.195 -1.241 -1.291 -1.344 -1.400 -1.458 -1.515 -1.571 -1.625 -1.677 
-1.726 -1.772 -1.815 -1.855 -1.892 -1.926 -1.958 -1.987 -2.013 -2.037 
-2.070 
-2.340 -2.384 -2.399 -2.413 -2.424 -2.432 -2.438 -2.442 -2.443 -2.442 
-2.439 -2.433 -2.424 -2.413 -2.400 -2.384 -2.366 -2.344 -2.320 -2.293 
-2.263 -2.230 -2.194 -2.154 -2.110 -2.063 -2.012 -1.956 -1.895 -1.829 
-1.758 -1.681 -1.597 -1.507 -1.410 -1.308 -1.202 -1.097 -1.002 -0.926 
-0.879 -0.866 -0.882 -0.916 -0.959 -1.006 -1.053 -1.097 -1.138 -1.173 
-1.203 -1.228 -1.246 -1.258 -1.264 -1.264 -1.258 -1.247 -1.232 -1.212 
-1.191 -1.168 -1.148 -1.135 -1.132 -1.144 -1.171 -1.213 -1.267 -1.329 
-1.395 -1.463 -1.532 -1.600 -1.668 -1.734 -1.798 -1.859 -1.918 -1.973 
-2.024 -2.072 -2.117 -2.159 -2.197 -2.232 -2.265 -2.294 -2.320 -2.344 
-2.335 
-2.411 -2.427 -2.450 -2.470 -2.487 -2.501 -2.513 -2.522 -2.529 -2.533 
-2.534 -2.533 -2.529 -2.522 -2.513 -2.502 -2.487 -2.470 -2.450 -2.427 
-2.401 -2.372 -2.339 -2.304 -2.264 -2.221 -2.174 -2.123 -2.068 -2.008 
-1.943 -1.873 -1.798 -1.719 -1.635 -1.548 -1.460 -1.374 -1.296 -1.231 
-1.185 -1.158 -1.144 -1.138 -1.146 -1.176 -1.228 -1.290 -1.352 -1.407 
-1.455 -1.494 -1.526 -1.549 -1.565 -1.575 -1.578 -1.575 -1.566 -1.552 
-1.534 -1.512 -1.489 -1.466 -1.446 -1.430 -1.419 -1.414 -1.414 -1.419 
-1.432 -1.454 -1.487 -1.531 -1.584 -1.644 -1.709 -1.775 -1.841 -1.906 
-1.968 -2.026 -2.082 -2.134 -2.182 -2.227 -2.269 -2.307 -2.342 -2.373 
-2.401 
-2.429 -2.449 -2.473 -2.494 -2.512 -2.527 -2.540 -2.550 -2.558 -2.563 
-2.566 -2.566 -2.564 -2.560 -2.553 -2.543 -2.531 -2.517 -2.500 -2.480 
-2.457 -2.431 -2.403 -2.371 -2.336 -2.297 -2.255 -2.210 -2.160 -2.105 
-2.046 -1.982 -1.913 -1.837 -1.756 -1.667 -1.572 -1.469 -1.357 -1.237 
-1.107 -0.967 -0.825 -0.715 -0.687 -0.714 -0.773 -0.853 -0.939 -1.021 
-1.095 -1.158 -1.211 -1.254 -1.287 -1.312 -1.330 -1.340 -1.345 -1.343 
-1.338 -1.329 -1.319 -1.309 -1.301 -1.299 -1.304 -1.318 -1.342 -1.375 
-1.415 -1.461 -1.509 -1.559 -1.609 -1.660 -1.714 -1.774 -1.838 -1.904 
-1.970 -2.032 -2.091 -2.146 -2.196 -2.243 -2.286 -2.325 -2.361 -2.394 
-2.420 
-2.465 -2.504 -2.541 -2.574 -2.603 -2.630 -2.653 -2.673 -2.690 -2.704 
-2.715 -2.723 -2.729 -2.731 -2.731 -2.728 -2.723 -2.714 -2.703 -2.689 
-2.672 -2.651 -2.628 -2.601 -2.571 -2.537 -2.500 -2.458 -2.411 -2.360 
-2.304 -2.242 -2.173 -2.097 -2.012 -1.917 -1.811 -1.690 -1.550 -1.387 
-1.193 -0.966 -0.743 -0.619 -0.670 -0.826 -0.995 -1.143 -1.269 -1.377 
-1.469 -1.546 -1.611 -1.664 -1.708 -1.742 -1.769 -1.788 -1.800 -1.806 
-1.807 -1.803 -1.795 -1.784 -1.771 -1.758 -1.744 -1.730 -1.714 -1.695 
-1.670 -1.639 -1.603 -1.566 -1.536 -1.523 -1.534 -1.572 -1.633 -1.710 
-1.795 -1.882 -1.967 -2.047 -2.122 -2.192 -2.256 -2.315 -2.369 -2.418 
-2.450 
-2.468 -2.482 -2.514 -2.543 -2.569 -2.593 -2.614 -2.632 -2.647 -2.660 
-2.670 -2.677 -2.682 -2.685 -2.684 -2.681 -2.676 -2.668 -2.657 -2.643 
-2.626 -2.606 -2.583 -2.557 -2.527 -2.494 -2.457 -2.416 -2.370 -2.319 
-2.262 -2.200 -2.130 -2.053 -1.967 -1.872 -1.769 -1.662 -1.558 -1.461 
-1.362 -1.243 -1.099 -0.983 -0.976 -1.021 -1.088 -1.175 -1.271 -1.367 
-1.456 -1.535 -1.604 -1.664 -1.714 -1.755 -1.789 -1.816 -1.836 -1.849 
-1.857 -1.859 -1.855 -1.846 -1.833 -1.816 -1.797 -1.776 -1.757 -1.742 
-1.730 -1.722 -1.718 -1.716 -1.720 -1.731 -1.754 -1.790 -1.837 -1.890 
-1.948 -2.007 -2.065 -2.122 -2.176 -2.228 -2.278 -2.325 -2.368 -2.409 
-2.455 
-2.652 -2.697 -2.719 -2.737 -2.753 -2.766 -2.776 -2.784 -2.788 -2.790 
-2.790 -2.786 -2.780 -2.771 -2.759 -2.744 -2.727 -2.706 -2.682 -2.655 
-2.624 -2.589 -2.551 -2.509 -2.462 -2.411 -2.354 -2.292 -2.224 -2.149 
-2.068 -1.978 -1.880 -1.773 -1.658 -1.537 -1.416 -1.308 -1.231 -1.205 
-1.228 -1.284 -1.344 -1.394 -1.434 -1.478 -1.535 -1.601 -1.667 -1.726 
-1.776 -1.815 -1.846 -1.868 -1.881 -1.887 -1.885 -1.876 -1.860 -1.838 
-1.809 -1.776 -1.738 -1.698 -1.659 -1.623 -1.594 -1.575 -1.569 -1.581 
-1.611 -1.658 -1.718 -1.786 -1.857 -1.928 -1.998 -2.066 -2.131 -2.193 
-2.253 -2.309 -2.363 -2.413 -2.460 -2.503 -2.543 -2.580 -2.614 -2.645 
-2.646 
-2.661 -2.661 -2.675 -2.686 -2.695 -2.701 -2.704 -2.705 -2.703 -2.699 
-2.692 -2.682 -2.670 -2.655 -2.638 -2.617 -2.594 -2.567 -2.538 -2.505 
-2.469 -2.429 -2.385 -2.338 -2.286 -2.230 -2.170 -2.104 -2.033 -1.957 
-1.876 -1.790 -1.699 -1.607 -1.515 -1.428 -1.353 -1.297 -1.267 -1.269 
-1.300 -1.349 -1.407 -1.465 -1.520 -1.569 -1.612 -1.649 -1.678 -1.701 
-1.717 -1.727 -1.730 -1.727 -1.717 -1.702 -1.680 -1.652 -1.619 -1.580 
-1.538 -1.493 -1.449 -1.411 -1.382 -1.370 -1.379 -1.409 -1.458 -1.521 
-1.595 -1.675 -1.757 -1.839 -1.919 -1.995 -2.067 -2.134 -2.197 -2.255 
-2.308 -2.358 -2.404 -2.445 -2.483 -2.518 -2.550 -2.578 -2.603 -2.625 
-2.655 
-2.780 -2.801 -2.815 -2.826 -2.835 -2.841 -2.844 -2.845 -2.843 -2.838 
-2.831 -2.821 -2.809 -2.794 -2.776 -2.755 -2.731 -2.704 -2.673 -2.640 
-2.603 -2.562 -2.517 -2.468 -2.414 -2.356 -2.292 -2.223 -2.148 -2.066 
-1.978 -1.883 -1.781 -1.675 -1.566 -1.463 -1.373 -1.310 -1.285 -1.299 
-1.347 -1.412 -1.484 -1.554 -1.618 -1.674 -1.723 -1.764 -1.796 -1.822 
-1.839 -1.850 -1.854 -1.851 -1.841 -1.825 -1.801 -1.771 -1.734 -1.691 
-1.643 -1.591 -1.539 -1.492 -1.456 -1.439 -1.447 -1.482 -1.540 -1.614 
-1.698 -1.786 -1.875 -1.961 -2.044 -2.123 -2.197 -2.266 -2.330 -2.389 
-2.444 -2.494 -2.540 -2.583 -2.621 -2.656 -2.688 -2.717 -2.742 -2.765 
-2.774 
-2.851 -2.876 -2.894 -2.910 -2.922 -2.932 -2.939 -2.943 -2.945 -2.944 
-2.940 -2.933 -2.924 -2.912 -2.897 -2.879 -2.858 -2.834 -2.806 -2.775 
-2.741 -2.703 -2.660 -2.614 -2.562 -2.506 -2.444 -2.376 -2.301 -2.220 
-2.129 -2.031 -1.922 -1.804 -1.678 -1.547 -1.424 -1.326 -1.274 -1.283 
-1.342 -1.433 -1.532 -1.628 -1.715 -1.791 -1.857 -1.912 -1.959 -1.996 
-2.026 -2.048 -2.063 -2.071 -2.072 -2.067 -2.055 -2.037 -2.013 -1.982 
-1.944 -1.902 -1.854 -1.805 -1.755 -1.710 -1.672 -1.646 -1.637 -1.652 
-1.694 -1.758 -1.836 -1.920 -2.006 -2.091 -2.172 -2.249 -2.322 -2.390 
-2.452 -2.511 -2.564 -2.614 -2.659 -2.700 -2.738 -2.772 -2.803 -2.830 
-2.843 
-2.807 -2.817 -2.836 -2.853 -2.867 -2.877 -2.885 -2.890 -2.892 -2.892 
-2.888 -2.882 -2.873 -2.861 -2.846 -2.828 -2.807 -2.783 -2.755 -2.724 
-2.690 -2.651 -2.608 -2.561 -2.508 -2.451 -2.388 -2.319 -2.242 -2.159 
-2.066 -1.965 -1.853 -1.733 -1.605 -1.476 -1.360 -1.279 -1.253 -1.286 
-1.360 -1.453 -1.551 -1.642 -1.725 -1.797 -1.860 -1.912 -1.956 -1.991 
-2.019 -2.039 -2.053 -2.059 -2.058 -2.051 -2.037 -2.016 -1.988 -1.952 
-1.908 -1.856 -1.795 -1.725 -1.647 -1.563 -1.479 -1.406 -1.359 -1.354 
-1.395 -1.476 -1.582 -1.697 -1.812 -1.922 -2.024 -2.118 -2.204 -2.282 
-2.354 -2.419 -2.479 -2.533 -2.583 -2.628 -2.669 -2.705 -2.738 -2.768 
-2.798 
-2.844 -2.872 -2.893 -2.911 -2.925 -2.937 -2.946 -2.952 -2.955 -2.955 
-2.952 -2.947 -2.938 -2.927 -2.913 -2.895 -2.875 -2.851 -2.824 -2.793 
-2.758 -2.720 -2.677 -2.629 -2.577 -2.519 -2.454 -2.384 -2.305 -2.218 
-2.121 -2.013 -1.893 -1.759 -1.613 -1.464 -1.331 -1.248 -1.239 -1.299 
-1.398 -1.509 -1.618 -1.717 -1.805 -1.883 -1.949 -2.005 -2.052 -2.091 
-2.122 -2.145 -2.162 -2.172 -2.175 -2.172 -2.163 -2.147 -2.125 -2.095 
-2.058 -2.014 -1.962 -1.902 -1.833 -1.757 -1.675 -1.595 -1.527 -1.486 
-1.485 -1.528 -1.608 -1.711 -1.823 -1.935 -2.041 -2.139 -2.229 -2.312 
-2.387 -2.455 -2.518 -2.575 -2.627 -2.674 -2.717 -2.755 -2.790 -2.821 
-2.836 
-2.818 -2.828 -2.846 -2.861 -2.873 -2.883 -2.891 -2.895 -2.897 -2.897 
-2.893 -2.888 -2.879 -2.868 -2.854 -2.838 -2.818 -2.796 -2.770 -2.741 
-2.709 -2.674 -2.635 -2.592 -2.545 -2.494 -2.437 -2.376 -2.310 -2.237 
-2.158 -2.071 -1.977 -1.875 -1.764 -1.648 -1.534 -1.440 -1.382 -1.366 
-1.385 -1.434 -1.501 -1.577 -1.652 -1.722 -1.785 -1.839 -1.886 -1.924 
-1.955 -1.979 -1.996 -2.006 -2.010 -2.008 -2.001 -1.987 -1.968 -1.944 
-1.917 -1.886 -1.856 -1.827 -1.802 -1.784 -1.770 -1.762 -1.758 -1.763 
-1.784 -1.825 -1.884 -1.954 -2.028 -2.102 -2.174 -2.242 -2.308 -2.369 
-2.427 -2.480 -2.530 -2.577 -2.619 -2.659 -2.695 -2.727 -2.757 -2.784 
-2.810 
-2.884 -2.892 -2.905 -2.916 -2.923 -2.929 -2.932 -2.932 -2.930 -2.926 
-2.919 -2.909 -2.897 -2.883 -2.866 -2.846 -2.824 -2.799 -2.771 -2.740 
-2.707 -2.670 -2.631 -2.588 -2.542 -2.493 -2.441 -2.386 -2.328 -2.267 
-2.204 -2.140 -2.074 -2.008 -1.942 -1.878 -1.815 -1.755 -1.698 -1.646 
-1.606 -1.596 -1.634 -1.697 -1.759 -1.811 -1.852 -1.884 -1.907 -1.923 
-1.932 -1.934 -1.930 -1.919 -1.902 -1.879 -1.850 -1.816 -1.776 -1.732 
-1.687 -1.644 -1.607 -1.583 -1.576 -1.590 -1.623 -1.673 -1.734 -1.804 
-1.880 -1.958 -2.038 -2.115 -2.190 -2.262 -2.329 -2.392 -2.451 -2.506 
-2.557 -2.604 -2.647 -2.687 -2.723 -2.756 -2.786 -2.813 -2.837 -2.858 
-2.878 
-3.073 -3.100 -3.119 -3.135 -3.149 -3.160 -3.168 -3.174 -3.177 -3.177 
-3.175 -3.171 -3.163 -3.153 -3.141 -3.126 -3.108 -3.087 -3.063 -3.036 
-3.007 -2.974 -2.937 -2.897 -2.854 -2.806 -2.755 -2.699 -2.639 -2.573 
-2.502 -2.426 -2.342 -2.251 -2.151 -2.038 -1.911 -1.767 -1.605 -1.437 
-1.295 -1.220 -1.230 -1.319 -1.453 -1.588 -1.705 -1.802 -1.880 -1.942 
-1.991 -2.027 -2.054 -2.070 -2.078 -2.077 -2.069 -2.052 -2.028 -1.997 
-1.960 -1.918 -1.874 -1.829 -1.787 -1.750 -1.723 -1.711 -1.723 -1.762 
-1.828 -1.911 -2.005 -2.102 -2.198 -2.290 -2.377 -2.458 -2.534 -2.603 
-2.668 -2.727 -2.782 -2.832 -2.878 -2.920 -2.958 -2.993 -3.024 -3.052 
-3.065 
-3.187 -3.217 -3.239 -3.258 -3.274 -3.287 -3.298 -3.306 -3.312 -3.315 
-3.315 -3.313 -3.308 -3.301 -3.291 -3.279 -3.264 -3.246 -3.225 -3.201 
-3.174 -3.144 -3.111 -3.074 -3.034 -2.989 -2.941 -2.887 -2.829 -2.766 
-2.696 -2.620 -2.536 -2.444 -2.342 -2.229 -2.103 -1.960 -1.799 -1.618 
-1.426 -1.254 -1.151 -1.166 -1.285 -1.443 -1.593 -1.719 -1.821 -1.903 
-1.968 -2.019 -2.057 -2.084 -2.101 -2.108 -2.106 -2.095 -2.075 -2.046 
-2.009 -1.962 -1.908 -1.847 -1.784 -1.723 -1.674 -1.650 -1.660 -1.711 
-1.795 -1.900 -2.014 -2.128 -2.238 -2.341 -2.437 -2.526 -2.607 -2.682 
-2.751 -2.815 -2.873 -2.927 -2.976 -3.021 -3.062 -3.100 -3.134 -3.165 
-3.179 
-3.151 -3.159 -3.175 -3.189 -3.199 -3.208 -3.213 -3.216 -3.217 -3.214 
-3.210 -3.202 -3.192 -3.179 -3.164 -3.145 -3.124 -3.099 -3.072 -3.041 
-3.007 -2.970 -2.929 -2.884 -2.836 -2.784 -2.729 -2.671 -2.611 -2.550 
-2.489 -2.427 -2.365 -2.300 -2.232 -2.158 -2.078 -1.996 -1.913 -1.832 
-1.752 -1.671 -1.610 -1.623 -1.700 -1.786 -1.859 -1.919 -1.967 -2.005 
-2.034 -2.054 -2.066 -2.069 -2.063 -2.049 -2.026 -1.993 -1.951 -1.897 
-1.835 -1.770 -1.715 -1.682 -1.668 -1.665 -1.674 -1.705 -1.760 -1.839 
-1.933 -2.035 -2.138 -2.237 -2.331 -2.419 -2.500 -2.576 -2.645 -2.709 
-2.769 -2.823 -2.873 -2.919 -2.960 -2.998 -3.033 -3.064 -3.092 -3.117 
-3.143 
-3.197 -3.206 -3.211 -3.214 -3.214 -3.211 -3.206 -3.198 -3.187 -3.173 
-3.157 -3.137 -3.115 -3.089 -3.060 -3.028 -2.993 -2.954 -2.912 -2.866 
-2.816 -2.763 -2.705 -2.645 -2.581 -2.515 -2.448 -2.382 -2.318 -2.261 
-2.214 -2.177 -2.154 -2.141 -2.137 -2.136 -2.135 -2.131 -2.126 -2.122 
-2.124 -2.132 -2.149 -2.171 -2.196 -2.219 -2.239 -2.253 -2.261 -2.261 
-2.254 -2.238 -2.214 -2.181 -2.138 -2.084 -2.017 -1.937 -1.843 -1.736 
-1.625 -1.528 -1.477 -1.494 -1.574 -1.686 -1.805 -1.921 -2.033 -2.142 
-2.246 -2.344 -2.436 -2.520 -2.598 -2.670 -2.735 -2.795 -2.849 -2.899 
-2.944 -2.985 -3.023 -3.056 -3.086 -3.112 -3.135 -3.155 -3.172 -3.186 
-3.195 
-3.282 -3.289 -3.301 -3.310 -3.317 -3.321 -3.322 -3.321 -3.318 -3.311 
-3.302 -3.291 -3.277 -3.260 -3.240 -3.217 -3.191 -3.162 -3.130 -3.095 
-3.056 -3.014 -2.968 -2.918 -2.864 -2.807 -2.746 -2.683 -2.617 -2.549 
-2.481 -2.412 -2.341 -2.268 -2.190 -2.110 -2.032 -1.968 -1.930 -1.919 
-1.928 -1.952 -1.985 -2.025 -2.066 -2.105 -2.141 -2.171 -2.196 -2.214 
-2.225 -2.228 -2.225 -2.214 -2.196 -2.170 -2.135 -2.092 -2.040 -1.979 
-1.912 -1.847 -1.799 -1.786 -1.804 -1.837 -1.879 -1.928 -1.993 -2.081 
-2.185 -2.291 -2.392 -2.486 -2.572 -2.651 -2.724 -2.791 -2.852 -2.908 
-2.960 -3.007 -3.050 -3.090 -3.126 -3.158 -3.188 -3.214 -3.237 -3.257 
-3.276 
-3.430 -3.459 -3.477 -3.493 -3.505 -3.514 -3.520 -3.524 -3.525 -3.523 
-3.518 -3.511 -3.501 -3.488 -3.472 -3.453 -3.430 -3.405 -3.376 -3.344 
-3.309 -3.269 -3.225 -3.177 -3.123 -3.065 -3.001 -2.930 -2.853 -2.767 
-2.672 -2.567 -2.450 -2.322 -2.185 -2.045 -1.919 -1.829 -1.785 -1.767 
-1.804 -1.928 -2.062 -2.173 -2.264 -2.338 -2.400 -2.451 -2.492 -2.524 
-2.547 -2.563 -2.571 -2.571 -2.565 -2.550 -2.529 -2.499 -2.462 -2.416 
-2.363 -2.301 -2.232 -2.154 -2.069 -1.976 -1.883 -1.814 -1.799 -1.849 
-1.938 -2.035 -2.145 -2.277 -2.416 -2.546 -2.662 -2.765 -2.856 -2.937 
-3.010 -3.076 -3.135 -3.188 -3.237 -3.280 -3.319 -3.354 -3.386 -3.414 
-3.424 
-3.405 -3.441 -3.467 -3.490 -3.509 -3.526 -3.539 -3.550 -3.558 -3.562 
-3.564 -3.564 -3.560 -3.553 -3.544 -3.531 -3.516 -3.497 -3.476 -3.450 
-3.422 -3.390 -3.353 -3.313 -3.268 -3.219 -3.164 -3.103 -3.035 -2.960 
-2.876 -2.783 -2.677 -2.558 -2.423 -2.270 -2.096 -1.901 -1.686 -1.506 
-1.463 -1.588 -1.777 -1.951 -2.092 -2.209 -2.308 -2.392 -2.463 -2.523 
-2.572 -2.612 -2.642 -2.665 -2.680 -2.687 -2.687 -2.679 -2.664 -2.641 
-2.610 -2.570 -2.521 -2.460 -2.388 -2.304 -2.209 -2.113 -2.026 -1.943 
-1.861 -1.808 -1.831 -1.936 -2.088 -2.250 -2.401 -2.536 -2.655 -2.761 
-2.855 -2.939 -3.015 -3.084 -3.146 -3.202 -3.253 -3.299 -3.340 -3.377 
-3.394 
-3.240 -3.252 -3.275 -3.296 -3.313 -3.328 -3.341 -3.350 -3.358 -3.362 
-3.364 -3.364 -3.361 -3.355 -3.347 -3.336 -3.323 -3.306 -3.287 -3.266 
-3.241 -3.213 -3.182 -3.147 -3.109 -3.068 -3.022 -2.972 -2.918 -2.858 
-2.793 -2.723 -2.646 -2.561 -2.469 -2.367 -2.255 -2.129 -1.986 -1.838 
-1.757 -1.757 -1.771 -1.798 -1.846 -1.908 -1.977 -2.045 -2.108 -2.164 
-2.213 -2.254 -2.288 -2.314 -2.334 -2.347 -2.353 -2.354 -2.349 -2.339 
-2.324 -2.304 -2.280 -2.252 -2.221 -2.189 -2.157 -2.128 -2.102 -2.082 
-2.068 -2.070 -2.109 -2.187 -2.281 -2.376 -2.466 -2.550 -2.629 -2.703 
-2.772 -2.835 -2.895 -2.949 -3.000 -3.046 -3.089 -3.128 -3.164 -3.196 
-3.229 
-3.250 -3.255 -3.272 -3.286 -3.298 -3.307 -3.314 -3.319 -3.322 -3.322 
-3.319 -3.315 -3.308 -3.298 -3.287 -3.272 -3.256 -3.236 -3.214 -3.190 
-3.162 -3.132 -3.098 -3.062 -3.022 -2.979 -2.932 -2.881 -2.827 -2.768 
-2.705 -2.637 -2.564 -2.487 -2.405 -2.318 -2.229 -2.138 -2.048 -1.964 
-1.894 -1.847 -1.830 -1.840 -1.870 -1.911 -1.957 -2.002 -2.046 -2.085 
-2.119 -2.147 -2.170 -2.187 -2.199 -2.205 -2.207 -2.204 -2.197 -2.186 
-2.173 -2.157 -2.143 -2.131 -2.128 -2.136 -2.158 -2.190 -2.228 -2.272 
-2.321 -2.375 -2.433 -2.494 -2.556 -2.618 -2.679 -2.738 -2.794 -2.847 
-2.897 -2.944 -2.988 -3.029 -3.067 -3.102 -3.134 -3.164 -3.191 -3.215 
-3.243 
-3.460 -3.494 -3.509 -3.521 -3.531 -3.538 -3.543 -3.546 -3.546 -3.543 
-3.538 -3.531 -3.521 -3.508 -3.493 -3.475 -3.455 -3.431 -3.405 -3.375 
-3.342 -3.305 -3.265 -3.221 -3.173 -3.120 -3.062 -2.998 -2.927 -2.849 
-2.763 -2.668 -2.562 -2.446 -2.325 -2.213 -2.125 -2.055 -1.981 -1.896 
-1.820 -1.776 -1.778 -1.820 -1.886 -1.959 -2.030 -2.093 -2.147 -2.190 
-2.224 -2.249 -2.264 -2.270 -2.268 -2.256 -2.236 -2.207 -2.168 -2.122 
-2.068 -2.010 -1.953 -1.910 -1.892 -1.912 -1.970 -2.057 -2.160 -2.268 
-2.376 -2.479 -2.575 -2.666 -2.749 -2.827 -2.899 -2.966 -3.028 -3.085 
-3.138 -3.187 -3.232 -3.274 -3.312 -3.347 -3.378 -3.407 -3.433 -3.456 
-3.454 
-3.489 -3.502 -3.512 -3.520 -3.524 -3.526 -3.526 -3.523 -3.517 -3.508 
-3.497 -3.483 -3.466 -3.446 -3.424 -3.398 -3.368 -3.336 -3.300 -3.259 
-3.215 -3.167 -3.113 -3.054 -2.990 -2.919 -2.842 -2.756 -2.661 -2.556 
-2.439 -2.310 -2.170 -2.023 -1.886 -1.783 -1.742 -1.767 -1.833 -1.910 
-1.978 -2.036 -2.095 -2.159 -2.224 -2.283 -2.333 -2.373 -2.404 -2.425 
-2.437 -2.440 -2.434 -2.420 -2.398 -2.366 -2.325 -2.275 -2.215 -2.144 
-2.066 -1.983 -1.905 -1.847 -1.828 -1.860 -1.939 -2.050 -2.174 -2.299 
-2.418 -2.528 -2.630 -2.724 -2.809 -2.888 -2.959 -3.025 -3.085 -3.140 
-3.190 -3.236 -3.278 -3.316 -3.350 -3.381 -3.409 -3.433 -3.455 -3.473 
-3.485 
-3.444 -3.446 -3.456 -3.464 -3.469 -3.471 -3.470 -3.468 -3.462 -3.454 
-3.443 -3.430 -3.414 -3.395 -3.373 -3.349 -3.321 -3.290 -3.256 -3.218 
-3.177 -3.132 -3.083 -3.029 -2.970 -2.907 -2.838 -2.763 -2.682 -2.594 
-2.499 -2.398 -2.292 -2.183 -2.080 -1.994 -1.943 -1.932 -1.952 -1.991 
-2.042 -2.098 -2.156 -2.210 -2.258 -2.301 -2.336 -2.364 -2.385 -2.399 
-2.405 -2.405 -2.397 -2.382 -2.361 -2.332 -2.296 -2.253 -2.204 -2.150 
-2.094 -2.040 -1.994 -1.966 -1.966 -1.999 -2.063 -2.148 -2.244 -2.344 
-2.443 -2.538 -2.628 -2.711 -2.789 -2.861 -2.928 -2.989 -3.046 -3.098 
-3.146 -3.190 -3.230 -3.266 -3.299 -3.329 -3.356 -3.380 -3.401 -3.419 
-3.439 
-3.516 -3.530 -3.541 -3.549 -3.554 -3.557 -3.557 -3.555 -3.549 -3.541 
-3.531 -3.517 -3.501 -3.482 -3.460 -3.435 -3.406 -3.375 -3.339 -3.300 
-3.257 -3.210 -3.159 -3.102 -3.041 -2.974 -2.901 -2.821 -2.735 -2.643 
-2.544 -2.440 -2.337 -2.239 -2.158 -2.103 -2.081 -2.089 -2.121 -2.167 
-2.220 -2.277 -2.334 -2.388 -2.437 -2.480 -2.516 -2.546 -2.568 -2.583 
-2.592 -2.593 -2.587 -2.575 -2.555 -2.529 -2.495 -2.454 -2.405 -2.350 
-2.290 -2.227 -2.166 -2.113 -2.077 -2.069 -2.095 -2.155 -2.241 -2.340 
-2.444 -2.546 -2.644 -2.736 -2.821 -2.900 -2.972 -3.039 -3.100 -3.156 
-3.208 -3.255 -3.298 -3.337 -3.372 -3.404 -3.433 -3.458 -3.480 -3.500 
-3.511 
-3.578 -3.597 -3.612 -3.624 -3.633 -3.640 -3.644 -3.646 -3.645 -3.642 
-3.636 -3.627 -3.616 -3.601 -3.585 -3.565 -3.542 -3.517 -3.488 -3.456 
-3.420 -3.381 -3.338 -3.291 -3.240 -3.184 -3.123 -3.057 -2.984 -2.906 
-2.822 -2.732 -2.638 -2.544 -2.453 -2.373 -2.305 -2.251 -2.209 -2.183 
-2.177 -2.193 -2.226 -2.271 -2.320 -2.368 -2.413 -2.453 -2.486 -2.511 
-2.529 -2.540 -2.543 -2.539 -2.526 -2.506 -2.478 -2.440 -2.394 -2.338 
-2.274 -2.202 -2.125 -2.050 -1.990 -1.959 -1.971 -2.028 -2.122 -2.236 
-2.357 -2.476 -2.589 -2.694 -2.790 -2.879 -2.961 -3.035 -3.104 -3.166 
-3.224 -3.277 -3.325 -3.369 -3.409 -3.446 -3.479 -3.508 -3.535 -3.558 
-3.569 
