IRGRID 64 91
1e+308

0.025 0.03 0.035 0.04 0.045 0.05 0.055 0.06 0.065 0.07
0.075 0.08 0.085 0.09 0.095 0.1 0.11 0.12 0.13 0.14
0.15 0.16 0.17 0.18 0.19 0.2 0.21 0.22 0.23 0.24
0.25 0.26 0.27 0.28 0.29 0.3 0.31 0.32 0.33 0.34
0.35 0.36 0.37 0.38 0.39 0.4 0.41 0.42 0.43 0.44
0.45 0.46 0.47 0.48 0.49 0.5 0.51 0.52 0.53 0.54
0.55 0.56 0.57 0.58
0 4 8 12 16 20 24 28 32 36
40 44 48 52 56 60 64 68 72 76
80 84 88 92 96 100 104 108 112 116
120 124 128 132 136 140 144 148 152 156
160 164 168 172 176 180 184 188 192 196
200 204 208 212 216 220 224 228 232 236
240 244 248 252 256 260 264 268 272 276
280 284 288 292 296 300 304 308 312 316
320 324 328 332 336 340 344 348 352 356
360
-4.000 -4.000 -4.000 -4.000 -4.000 -4.000 -4.000 -4.000 -4.000 -4.000 
-4.000 -4.000 -4.000 -4.000 -4.000 -4.000 -4.000 -4.000 -4.000 -4.000 
-4.000 -4.000 -4.000 -4.000 -4.000 -4.000 -4.000 -4.000 -4.000 -4.000 
-3.969 -3.896 -3.834 -3.784 -3.745 -3.718 -3.701 -3.702 -3.726 -3.773 
-3.835 -3.904 -3.973 -4.000 -4.000 -4.000 -4.000 -4.000 -4.000 -4.000 
-4.000 -4.000 -4.000 -4.000 -4.000 -4.000 -4.000 -4.000 -4.000 -4.000 
-4.000 -4.000 -4.000 -4.000 -4.000 -3.927 -3.840 -3.744 -3.641 -3.537 
-3.445 -3.382 -3.370 -3.419 -3.517 -3.638 -3.764 -3.885 -3.996 -4.000 
-4.000 -4.000 -4.000 -4.000 -4.000 -4.000 -4.000 -4.000 -4.000 -4.000 
-4.000 
-4.000 -4.000 -4.000 -4.000 -4.000 -4.000 -4.000 -4.000 -4.000 -4.000 
-4.000 -4.000 -4.000 -4.000 -4.000 -4.000 -4.000 -4.000 -4.000 -4.000 
-4.000 -4.000 -4.000 -4.000 -3.979 -3.911 -3.836 -3.752 -3.658 -3.552 
-3.431 -3.291 -3.129 -2.940 -2.742 -2.610 -2.628 -2.738 -2.852 -2.953 
-3.045 -3.130 -3.206 -3.272 -3.328 -3.373 -3.407 -3.429 -3.441 -3.440 
-3.425 -3.396 -3.349 -3.279 -3.182 -3.046 -2.860 -2.613 -2.380 -2.440 
-2.739 -3.011 -3.203 -3.325 -3.387 -3.402 -3.379 -3.325 -3.247 -3.153 
-3.060 -2.987 -2.963 -3.000 -3.090 -3.210 -3.340 -3.465 -3.580 -3.685 
-3.779 -3.863 -3.939 -4.000 -4.000 -4.000 -4.000 -4.000 -4.000 -4.000 
-4.000 
-4.000 -4.000 -4.000 -4.000 -4.000 -4.000 -4.000 -4.000 -4.000 -4.000 
-4.000 -4.000 -4.000 -3.981 -3.953 -3.921 -3.885 -3.845 -3.801 -3.753 
-3.700 -3.642 -3.579 -3.509 -3.432 -3.347 -3.254 -3.150 -3.034 -2.905 
-2.760 -2.596 -2.411 -2.210 -2.023 -1.917 -1.947 -2.080 -2.242 -2.389 
-2.510 -2.607 -2.684 -2.743 -2.788 -2.819 -2.837 -2.842 -2.835 -2.815 
-2.781 -2.732 -2.663 -2.572 -2.451 -2.290 -2.078 -1.830 -1.653 -1.699 
-1.944 -2.236 -2.470 -2.627 -2.709 -2.725 -2.698 -2.679 -2.716 -2.813 
-2.928 -3.034 -3.127 -3.221 -3.320 -3.417 -3.508 -3.590 -3.662 -3.726 
-3.782 -3.833 -3.877 -3.916 -3.951 -3.982 -4.000 -4.000 -4.000 -4.000 
-4.000 
-3.704 -3.686 -3.697 -3.705 -3.710 -3.712 -3.711 -3.707 -3.700 -3.690 
-3.677 -3.660 -3.640 -3.617 -3.591 -3.560 -3.526 -3.488 -3.445 -3.397 
-3.344 -3.284 -3.219 -3.145 -3.063 -2.971 -2.866 -2.748 -2.618 -2.492 
-2.399 -2.334 -2.269 -2.207 -2.162 -2.153 -2.212 -2.319 -2.430 -2.530 
-2.618 -2.694 -2.758 -2.811 -2.856 -2.891 -2.918 -2.937 -2.949 -2.952 
-2.947 -2.932 -2.907 -2.869 -2.814 -2.734 -2.616 -2.443 -2.259 -2.283 
-2.427 -2.471 -2.420 -2.311 -2.171 -2.066 -2.018 -1.999 -2.037 -2.141 
-2.284 -2.437 -2.583 -2.716 -2.834 -2.940 -3.034 -3.118 -3.194 -3.262 
-3.324 -3.379 -3.429 -3.473 -3.514 -3.549 -3.581 -3.609 -3.633 -3.654 
-3.697 
-3.372 -3.474 -3.491 -3.506 -3.518 -3.528 -3.536 -3.541 -3.543 -3.542 
-3.539 -3.532 -3.521 -3.507 -3.489 -3.466 -3.437 -3.404 -3.363 -3.316 
-3.260 -3.195 -3.118 -3.027 -2.920 -2.794 -2.646 -2.477 -2.307 -2.178 
-2.144 -2.211 -2.325 -2.437 -2.532 -2.618 -2.700 -2.776 -2.840 -2.893 
-2.933 -2.962 -2.980 -2.989 -2.989 -2.983 -2.970 -2.952 -2.930 -2.905 
-2.877 -2.847 -2.817 -2.786 -2.754 -2.722 -2.689 -2.652 -2.608 -2.554 
-2.481 -2.380 -2.239 -2.058 -1.893 -1.846 -1.955 -2.123 -2.279 -2.422 
-2.550 -2.661 -2.754 -2.832 -2.898 -2.956 -3.008 -3.055 -3.098 -3.138 
-3.175 -3.211 -3.245 -3.277 -3.307 -3.336 -3.363 -3.389 -3.413 -3.435 
-3.371 
-2.814 -2.816 -2.839 -2.861 -2.881 -2.900 -2.917 -2.933 -2.947 -2.959 
-2.970 -2.979 -2.986 -2.991 -2.994 -2.995 -2.993 -2.990 -2.984 -2.975 
-2.964 -2.949 -2.930 -2.906 -2.877 -2.840 -2.792 -2.730 -2.652 -2.575 
-2.539 -2.550 -2.564 -2.560 -2.540 -2.513 -2.485 -2.460 -2.442 -2.430 
-2.424 -2.419 -2.415 -2.407 -2.395 -2.379 -2.359 -2.334 -2.307 -2.278 
-2.248 -2.218 -2.189 -2.163 -2.140 -2.120 -2.105 -2.094 -2.087 -2.083 
-2.082 -2.080 -2.076 -2.061 -2.033 -2.028 -2.076 -2.123 -2.155 -2.180 
-2.201 -2.222 -2.244 -2.268 -2.295 -2.325 -2.356 -2.389 -2.422 -2.456 
-2.490 -2.523 -2.557 -2.589 -2.621 -2.652 -2.682 -2.711 -2.739 -2.766 
-2.805 
-2.725 -2.742 -2.764 -2.784 -2.802 -2.816 -2.828 -2.838 -2.845 -2.849 
-2.851 -2.851 -2.847 -2.841 -2.833 -2.821 -2.807 -2.790 -2.770 -2.747 
-2.721 -2.692 -2.659 -2.623 -2.584 -2.540 -2.493 -2.442 -2.387 -2.328 
-2.266 -2.200 -2.133 -2.065 -1.998 -1.934 -1.875 -1.823 -1.780 -1.752 
-1.748 -1.771 -1.816 -1.872 -1.928 -1.981 -2.028 -2.069 -2.103 -2.131 
-2.153 -2.170 -2.181 -2.189 -2.192 -2.191 -2.188 -2.181 -2.172 -2.159 
-2.142 -2.122 -2.097 -2.066 -2.029 -1.983 -1.928 -1.859 -1.778 -1.694 
-1.644 -1.669 -1.751 -1.844 -1.927 -2.001 -2.068 -2.131 -2.192 -2.251 
-2.307 -2.361 -2.412 -2.460 -2.506 -2.548 -2.588 -2.624 -2.658 -2.689 
-2.716 
-2.758 -2.780 -2.802 -2.822 -2.838 -2.851 -2.861 -2.868 -2.872 -2.873 
-2.872 -2.867 -2.859 -2.849 -2.836 -2.819 -2.799 -2.776 -2.750 -2.720 
-2.687 -2.650 -2.610 -2.565 -2.517 -2.465 -2.409 -2.350 -2.288 -2.225 
-2.160 -2.093 -2.024 -1.950 -1.868 -1.778 -1.678 -1.574 -1.475 -1.400 
-1.367 -1.382 -1.438 -1.516 -1.601 -1.683 -1.756 -1.819 -1.872 -1.915 
-1.949 -1.973 -1.989 -1.996 -1.994 -1.982 -1.959 -1.924 -1.873 -1.802 
-1.701 -1.560 -1.374 -1.223 -1.274 -1.388 -1.410 -1.347 -1.238 -1.129 
-1.073 -1.110 -1.233 -1.397 -1.565 -1.718 -1.853 -1.972 -2.078 -2.171 
-2.255 -2.331 -2.399 -2.461 -2.517 -2.567 -2.613 -2.654 -2.691 -2.725 
-2.748 
-2.585 -2.640 -2.651 -2.660 -2.666 -2.669 -2.669 -2.667 -2.661 -2.654 
-2.643 -2.630 -2.613 -2.594 -2.572 -2.546 -2.518 -2.486 -2.451 -2.412 
-2.369 -2.323 -2.274 -2.221 -2.165 -2.106 -2.046 -1.986 -1.928 -1.874 
-1.828 -1.791 -1.765 -1.748 -1.739 -1.733 -1.725 -1.712 -1.692 -1.671 
-1.658 -1.659 -1.669 -1.679 -1.683 -1.681 -1.673 -1.661 -1.644 -1.623 
-1.599 -1.571 -1.537 -1.497 -1.451 -1.395 -1.330 -1.252 -1.160 -1.049 
-0.914 -0.753 -0.582 -0.482 -0.550 -0.741 -0.950 -1.125 -1.256 -1.344 
-1.409 -1.497 -1.615 -1.739 -1.853 -1.952 -2.040 -2.117 -2.186 -2.248 
-2.304 -2.354 -2.399 -2.440 -2.477 -2.510 -2.540 -2.566 -2.589 -2.609 
-2.583 
-2.137 -2.157 -2.178 -2.196 -2.211 -2.225 -2.235 -2.244 -2.250 -2.255 
-2.256 -2.256 -2.254 -2.249 -2.242 -2.233 -2.221 -2.208 -2.192 -2.173 
-2.152 -2.129 -2.103 -2.075 -2.044 -2.011 -1.976 -1.938 -1.898 -1.858 
-1.816 -1.774 -1.733 -1.691 -1.648 -1.605 -1.560 -1.513 -1.464 -1.415 
-1.365 -1.315 -1.266 -1.218 -1.171 -1.125 -1.081 -1.036 -0.992 -0.948 
-0.902 -0.857 -0.811 -0.766 -0.720 -0.674 -0.625 -0.571 -0.510 -0.441 
-0.367 -0.295 -0.239 -0.220 -0.264 -0.355 -0.465 -0.581 -0.695 -0.806 
-0.915 -1.020 -1.121 -1.217 -1.307 -1.392 -1.472 -1.546 -1.615 -1.679 
-1.739 -1.794 -1.845 -1.893 -1.937 -1.977 -2.014 -2.049 -2.080 -2.108 
-2.130 
-1.784 -1.822 -1.839 -1.853 -1.864 -1.871 -1.875 -1.877 -1.876 -1.872 
-1.867 -1.859 -1.850 -1.841 -1.831 -1.822 -1.814 -1.807 -1.802 -1.798 
-1.797 -1.796 -1.797 -1.798 -1.798 -1.798 -1.795 -1.790 -1.783 -1.772 
-1.757 -1.739 -1.717 -1.691 -1.661 -1.626 -1.588 -1.546 -1.499 -1.449 
-1.395 -1.337 -1.275 -1.209 -1.139 -1.066 -0.990 -0.911 -0.830 -0.750 
-0.671 -0.598 -0.531 -0.475 -0.430 -0.394 -0.365 -0.341 -0.316 -0.285 
-0.242 -0.174 -0.061 0.073 0.026 -0.116 -0.215 -0.291 -0.365 -0.444 
-0.532 -0.626 -0.723 -0.819 -0.914 -1.005 -1.091 -1.172 -1.248 -1.319 
-1.385 -1.446 -1.502 -1.554 -1.601 -1.644 -1.683 -1.718 -1.750 -1.778 
-1.774 
-1.507 -1.478 -1.473 -1.466 -1.456 -1.444 -1.430 -1.413 -1.395 -1.376 
-1.356 -1.335 -1.315 -1.295 -1.278 -1.263 -1.250 -1.242 -1.237 -1.237 
-1.242 -1.250 -1.262 -1.277 -1.294 -1.312 -1.332 -1.352 -1.371 -1.389 
-1.405 -1.420 -1.432 -1.442 -1.449 -1.453 -1.454 -1.452 -1.446 -1.436 
-1.422 -1.403 -1.381 -1.353 -1.321 -1.284 -1.241 -1.194 -1.142 -1.086 
-1.027 -0.966 -0.904 -0.843 -0.782 -0.718 -0.647 -0.564 -0.461 -0.327 
-0.148 0.090 0.367 0.556 0.499 0.256 -0.015 -0.232 -0.400 -0.536 
-0.652 -0.754 -0.844 -0.926 -0.999 -1.065 -1.125 -1.178 -1.227 -1.270 
-1.309 -1.343 -1.373 -1.399 -1.421 -1.439 -1.454 -1.465 -1.473 -1.478 
-1.509 
-1.641 -1.693 -1.708 -1.720 -1.729 -1.737 -1.743 -1.747 -1.750 -1.751 
-1.751 -1.751 -1.749 -1.747 -1.744 -1.743 -1.741 -1.741 -1.743 -1.746 
-1.751 -1.757 -1.764 -1.772 -1.780 -1.788 -1.794 -1.799 -1.802 -1.803 
-1.801 -1.797 -1.789 -1.779 -1.765 -1.748 -1.728 -1.705 -1.678 -1.648 
-1.614 -1.578 -1.538 -1.495 -1.448 -1.400 -1.348 -1.295 -1.240 -1.184 
-1.128 -1.072 -1.018 -0.966 -0.916 -0.866 -0.814 -0.753 -0.675 -0.559 
-0.375 -0.097 0.084 0.049 -0.097 -0.352 -0.551 -0.688 -0.787 -0.862 
-0.923 -0.976 -1.024 -1.070 -1.114 -1.158 -1.202 -1.246 -1.289 -1.331 
-1.373 -1.413 -1.452 -1.488 -1.523 -1.555 -1.584 -1.611 -1.636 -1.658 
-1.633 
-1.491 -1.478 -1.485 -1.491 -1.497 -1.503 -1.509 -1.517 -1.525 -1.535 
-1.546 -1.559 -1.573 -1.588 -1.604 -1.621 -1.639 -1.657 -1.674 -1.691 
-1.708 -1.724 -1.739 -1.753 -1.765 -1.776 -1.785 -1.792 -1.798 -1.801 
-1.803 -1.802 -1.799 -1.793 -1.785 -1.775 -1.762 -1.746 -1.727 -1.705 
-1.680 -1.652 -1.620 -1.585 -1.545 -1.502 -1.454 -1.402 -1.344 -1.280 
-1.210 -1.132 -1.044 -0.945 -0.830 -0.698 -0.552 -0.408 -0.268 -0.082 
0.202 0.496 0.599 0.385 0.064 -0.205 -0.403 -0.552 -0.666 -0.753 
-0.818 -0.864 -0.889 -0.892 -0.871 -0.826 -0.770 -0.744 -0.794 -0.907 
-1.032 -1.140 -1.225 -1.290 -1.340 -1.378 -1.407 -1.429 -1.446 -1.459 
-1.491 
-1.639 -1.681 -1.730 -1.773 -1.811 -1.845 -1.876 -1.904 -1.930 -1.954 
-1.977 -1.998 -2.018 -2.037 -2.055 -2.072 -2.088 -2.103 -2.116 -2.127 
-2.137 -2.145 -2.151 -2.155 -2.157 -2.157 -2.154 -2.148 -2.141 -2.130 
-2.117 -2.101 -2.082 -2.060 -2.035 -2.007 -1.976 -1.941 -1.903 -1.861 
-1.815 -1.765 -1.711 -1.653 -1.590 -1.523 -1.451 -1.373 -1.288 -1.196 
-1.095 -0.981 -0.853 -0.707 -0.541 -0.363 -0.196 -0.083 -0.054 -0.089 
-0.109 -0.013 0.057 -0.143 -0.273 -0.279 -0.204 -0.185 -0.314 -0.450 
-0.521 -0.535 -0.506 -0.443 -0.353 -0.248 -0.154 -0.115 -0.165 -0.299 
-0.475 -0.656 -0.825 -0.975 -1.107 -1.223 -1.325 -1.415 -1.495 -1.565 
-1.614 
-1.915 -1.986 -2.025 -2.061 -2.094 -2.123 -2.150 -2.173 -2.194 -2.212 
-2.228 -2.241 -2.252 -2.260 -2.266 -2.270 -2.271 -2.271 -2.268 -2.263 
-2.255 -2.246 -2.234 -2.220 -2.204 -2.185 -2.164 -2.141 -2.115 -2.087 
-2.056 -2.023 -1.987 -1.949 -1.908 -1.864 -1.817 -1.768 -1.716 -1.661 
-1.604 -1.544 -1.482 -1.418 -1.353 -1.287 -1.220 -1.154 -1.088 -1.024 
-0.961 -0.897 -0.833 -0.765 -0.688 -0.601 -0.503 -0.413 -0.354 -0.315 
-0.269 -0.216 -0.156 -0.075 0.047 0.214 0.368 0.398 0.249 0.005 
-0.235 -0.431 -0.580 -0.685 -0.745 -0.759 -0.741 -0.738 -0.804 -0.936 
-1.089 -1.232 -1.357 -1.466 -1.560 -1.643 -1.716 -1.782 -1.841 -1.894 
-1.907 
-1.895 -1.913 -1.950 -1.985 -2.018 -2.048 -2.075 -2.100 -2.123 -2.144 
-2.163 -2.179 -2.194 -2.206 -2.216 -2.225 -2.231 -2.235 -2.237 -2.238 
-2.236 -2.232 -2.226 -2.218 -2.208 -2.196 -2.182 -2.165 -2.147 -2.126 
-2.103 -2.077 -2.049 -2.019 -1.986 -1.950 -1.912 -1.871 -1.827 -1.780 
-1.729 -1.676 -1.619 -1.559 -1.495 -1.428 -1.356 -1.281 -1.200 -1.115 
-1.024 -0.925 -0.818 -0.701 -0.576 -0.448 -0.330 -0.225 -0.125 -0.028 
0.055 0.105 0.112 0.083 0.039 0.009 0.011 -0.015 -0.141 -0.280 
-0.391 -0.485 -0.578 -0.675 -0.776 -0.875 -0.971 -1.062 -1.148 -1.229 
-1.306 -1.378 -1.447 -1.512 -1.573 -1.631 -1.685 -1.737 -1.785 -1.830 
-1.880 
-1.969 -2.012 -2.055 -2.094 -2.131 -2.164 -2.194 -2.222 -2.248 -2.270 
-2.291 -2.308 -2.324 -2.337 -2.348 -2.357 -2.363 -2.368 -2.370 -2.369 
-2.367 -2.363 -2.356 -2.347 -2.336 -2.322 -2.306 -2.288 -2.267 -2.244 
-2.218 -2.189 -2.158 -2.124 -2.087 -2.046 -2.002 -1.955 -1.904 -1.849 
-1.790 -1.725 -1.656 -1.582 -1.501 -1.415 -1.321 -1.220 -1.111 -0.994 
-0.869 -0.736 -0.595 -0.446 -0.297 -0.166 -0.079 -0.051 -0.070 -0.107 
-0.140 -0.168 -0.196 -0.226 -0.253 -0.268 -0.268 -0.253 -0.230 -0.210 
-0.209 -0.240 -0.306 -0.405 -0.527 -0.660 -0.794 -0.923 -1.044 -1.157 
-1.262 -1.358 -1.448 -1.531 -1.607 -1.679 -1.745 -1.807 -1.864 -1.917 
-1.953 
-1.986 -2.029 -2.068 -2.104 -2.136 -2.166 -2.193 -2.217 -2.239 -2.259 
-2.275 -2.290 -2.302 -2.312 -2.319 -2.324 -2.327 -2.328 -2.326 -2.322 
-2.316 -2.307 -2.297 -2.284 -2.268 -2.250 -2.230 -2.207 -2.182 -2.153 
-2.122 -2.088 -2.052 -2.011 -1.968 -1.921 -1.871 -1.816 -1.758 -1.695 
-1.627 -1.555 -1.477 -1.394 -1.304 -1.209 -1.109 -1.003 -0.895 -0.785 
-0.679 -0.582 -0.495 -0.421 -0.357 -0.302 -0.271 -0.276 -0.308 -0.349 
-0.382 -0.403 -0.407 -0.396 -0.369 -0.326 -0.271 -0.211 -0.158 -0.134 
-0.159 -0.236 -0.352 -0.488 -0.629 -0.767 -0.898 -1.020 -1.133 -1.237 
-1.334 -1.423 -1.506 -1.583 -1.654 -1.721 -1.782 -1.839 -1.892 -1.942 
-1.973 
-1.906 -1.931 -1.970 -2.007 -2.040 -2.070 -2.098 -2.123 -2.146 -2.166 
-2.183 -2.198 -2.211 -2.222 -2.230 -2.236 -2.239 -2.241 -2.240 -2.236 
-2.231 -2.223 -2.213 -2.200 -2.185 -2.168 -2.148 -2.126 -2.101 -2.073 
-2.043 -2.009 -1.973 -1.933 -1.890 -1.844 -1.794 -1.741 -1.683 -1.622 
-1.557 -1.487 -1.413 -1.336 -1.254 -1.168 -1.079 -0.987 -0.890 -0.790 
-0.684 -0.570 -0.449 -0.322 -0.199 -0.098 -0.043 -0.040 -0.077 -0.129 
-0.176 -0.206 -0.219 -0.225 -0.241 -0.277 -0.322 -0.359 -0.385 -0.410 
-0.448 -0.506 -0.578 -0.657 -0.741 -0.828 -0.917 -1.006 -1.095 -1.182 
-1.265 -1.346 -1.422 -1.494 -1.562 -1.626 -1.686 -1.742 -1.794 -1.843 
-1.889 
-1.930 -1.956 -1.982 -2.006 -2.027 -2.046 -2.062 -2.076 -2.088 -2.097 
-2.104 -2.109 -2.112 -2.112 -2.110 -2.106 -2.100 -2.091 -2.081 -2.068 
-2.052 -2.035 -2.015 -1.992 -1.967 -1.940 -1.910 -1.877 -1.842 -1.803 
-1.762 -1.718 -1.670 -1.620 -1.565 -1.508 -1.446 -1.381 -1.313 -1.240 
-1.164 -1.084 -1.001 -0.915 -0.827 -0.738 -0.648 -0.559 -0.474 -0.398 
-0.340 -0.301 -0.276 -0.254 -0.226 -0.192 -0.160 -0.133 -0.104 -0.064 
-0.010 0.056 0.121 0.166 0.165 0.106 0.000 -0.133 -0.273 -0.411 
-0.540 -0.659 -0.769 -0.871 -0.968 -1.060 -1.148 -1.231 -1.309 -1.383 
-1.452 -1.517 -1.578 -1.634 -1.686 -1.735 -1.779 -1.821 -1.859 -1.894 
-1.921 
-1.924 -1.965 -1.994 -2.020 -2.044 -2.065 -2.083 -2.099 -2.113 -2.124 
-2.133 -2.140 -2.144 -2.147 -2.147 -2.144 -2.140 -2.133 -2.124 -2.112 
-2.098 -2.082 -2.063 -2.042 -2.018 -1.992 -1.963 -1.931 -1.896 -1.858 
-1.817 -1.773 -1.724 -1.672 -1.616 -1.556 -1.491 -1.421 -1.346 -1.265 
-1.177 -1.082 -0.979 -0.868 -0.747 -0.617 -0.479 -0.337 -0.199 -0.079 
0.008 0.053 0.049 0.001 -0.063 -0.121 -0.166 -0.194 -0.206 -0.202 
-0.182 -0.149 -0.107 -0.066 -0.040 -0.041 -0.070 -0.131 -0.219 -0.329 
-0.448 -0.567 -0.684 -0.795 -0.902 -1.003 -1.098 -1.189 -1.273 -1.352 
-1.426 -1.495 -1.560 -1.619 -1.675 -1.727 -1.775 -1.819 -1.860 -1.898 
-1.915 
-1.780 -1.801 -1.835 -1.867 -1.895 -1.921 -1.945 -1.965 -1.984 -1.999 
-2.013 -2.024 -2.033 -2.039 -2.043 -2.045 -2.044 -2.042 -2.037 -2.029 
-2.020 -2.007 -1.993 -1.976 -1.956 -1.934 -1.909 -1.881 -1.851 -1.817 
-1.780 -1.740 -1.696 -1.649 -1.597 -1.541 -1.481 -1.415 -1.343 -1.265 
-1.180 -1.086 -0.983 -0.869 -0.742 -0.598 -0.434 -0.246 -0.034 0.169 
0.280 0.313 0.306 0.241 0.136 0.023 -0.078 -0.159 -0.222 -0.268 
-0.299 -0.316 -0.321 -0.318 -0.308 -0.299 -0.296 -0.307 -0.331 -0.367 
-0.413 -0.469 -0.535 -0.609 -0.691 -0.777 -0.864 -0.952 -1.037 -1.119 
-1.198 -1.272 -1.342 -1.408 -1.470 -1.528 -1.582 -1.633 -1.680 -1.723 
-1.766 
-1.770 -1.794 -1.823 -1.849 -1.872 -1.893 -1.912 -1.928 -1.941 -1.952 
-1.961 -1.967 -1.971 -1.973 -1.972 -1.970 -1.964 -1.957 -1.947 -1.935 
-1.920 -1.903 -1.884 -1.861 -1.836 -1.809 -1.778 -1.745 -1.708 -1.668 
-1.624 -1.577 -1.525 -1.470 -1.409 -1.344 -1.273 -1.195 -1.111 -1.018 
-0.917 -0.805 -0.680 -0.540 -0.381 -0.198 0.012 0.251 0.496 0.673 
0.700 0.590 0.434 0.286 0.161 0.061 -0.016 -0.073 -0.115 -0.144 
-0.163 -0.173 -0.176 -0.174 -0.168 -0.164 -0.166 -0.183 -0.220 -0.278 
-0.355 -0.445 -0.542 -0.642 -0.742 -0.839 -0.933 -1.021 -1.105 -1.183 
-1.257 -1.326 -1.390 -1.450 -1.505 -1.557 -1.605 -1.649 -1.690 -1.728 
-1.758 
-1.825 -1.842 -1.862 -1.879 -1.894 -1.906 -1.916 -1.924 -1.930 -1.934 
-1.935 -1.934 -1.931 -1.926 -1.918 -1.908 -1.896 -1.882 -1.865 -1.846 
-1.825 -1.801 -1.774 -1.745 -1.713 -1.678 -1.640 -1.599 -1.554 -1.507 
-1.455 -1.400 -1.340 -1.276 -1.207 -1.133 -1.054 -0.968 -0.876 -0.777 
-0.670 -0.553 -0.426 -0.287 -0.133 0.039 0.230 0.429 0.607 0.716 
0.713 0.622 0.508 0.406 0.323 0.255 0.196 0.145 0.097 0.051 
0.005 -0.044 -0.098 -0.158 -0.224 -0.294 -0.365 -0.440 -0.519 -0.604 
-0.693 -0.784 -0.874 -0.961 -1.045 -1.123 -1.197 -1.266 -1.330 -1.390 
-1.446 -1.498 -1.546 -1.591 -1.633 -1.671 -1.707 -1.739 -1.769 -1.796 
-1.818 
-1.914 -1.926 -1.936 -1.945 -1.951 -1.955 -1.957 -1.956 -1.954 -1.950 
-1.943 -1.934 -1.923 -1.910 -1.895 -1.878 -1.858 -1.836 -1.811 -1.785 
-1.755 -1.723 -1.688 -1.651 -1.611 -1.567 -1.521 -1.471 -1.418 -1.362 
-1.301 -1.237 -1.169 -1.097 -1.020 -0.938 -0.852 -0.762 -0.667 -0.569 
-0.468 -0.366 -0.264 -0.165 -0.072 0.017 0.102 0.189 0.274 0.335 
0.350 0.339 0.328 0.318 0.302 0.272 0.221 0.148 0.059 -0.041 
-0.145 -0.250 -0.353 -0.455 -0.555 -0.653 -0.748 -0.840 -0.927 -1.011 
-1.090 -1.165 -1.235 -1.301 -1.362 -1.420 -1.474 -1.524 -1.571 -1.615 
-1.656 -1.693 -1.728 -1.760 -1.789 -1.816 -1.840 -1.862 -1.881 -1.898 
-1.910 
-2.016 -2.025 -2.034 -2.042 -2.047 -2.049 -2.050 -2.048 -2.045 -2.039 
-2.031 -2.021 -2.009 -1.994 -1.977 -1.958 -1.937 -1.913 -1.887 -1.858 
-1.826 -1.792 -1.755 -1.715 -1.672 -1.626 -1.576 -1.523 -1.466 -1.405 
-1.340 -1.271 -1.197 -1.118 -1.033 -0.944 -0.849 -0.748 -0.643 -0.534 
-0.422 -0.311 -0.204 -0.103 -0.005 0.100 0.171 0.138 0.092 0.063 
0.045 0.031 0.020 0.007 -0.012 -0.043 -0.088 -0.149 -0.223 -0.306 
-0.394 -0.482 -0.568 -0.650 -0.729 -0.807 -0.885 -0.966 -1.047 -1.127 
-1.205 -1.279 -1.350 -1.416 -1.477 -1.535 -1.588 -1.638 -1.684 -1.727 
-1.767 -1.803 -1.837 -1.868 -1.896 -1.922 -1.945 -1.966 -1.984 -2.000 
-2.012 
-2.154 -2.170 -2.188 -2.203 -2.217 -2.227 -2.235 -2.241 -2.245 -2.246 
-2.245 -2.241 -2.236 -2.227 -2.217 -2.204 -2.189 -2.171 -2.150 -2.127 
-2.101 -2.073 -2.041 -2.006 -1.968 -1.927 -1.882 -1.834 -1.781 -1.724 
-1.663 -1.596 -1.524 -1.445 -1.360 -1.267 -1.165 -1.053 -0.929 -0.789 
-0.632 -0.454 -0.263 -0.076 0.126 0.344 0.451 0.353 0.156 -0.028 
-0.165 -0.263 -0.334 -0.385 -0.424 -0.452 -0.474 -0.489 -0.500 -0.508 
-0.515 -0.524 -0.535 -0.549 -0.572 -0.608 -0.661 -0.732 -0.816 -0.910 
-1.007 -1.104 -1.198 -1.288 -1.374 -1.454 -1.529 -1.599 -1.664 -1.725 
-1.781 -1.833 -1.882 -1.926 -1.967 -2.005 -2.040 -2.071 -2.100 -2.126 
-2.145 
-2.322 -2.342 -2.355 -2.365 -2.372 -2.378 -2.380 -2.381 -2.379 -2.375 
-2.368 -2.360 -2.348 -2.334 -2.318 -2.299 -2.278 -2.254 -2.227 -2.197 
-2.164 -2.128 -2.089 -2.046 -1.999 -1.948 -1.893 -1.833 -1.769 -1.698 
-1.621 -1.537 -1.446 -1.345 -1.233 -1.110 -0.972 -0.819 -0.650 -0.468 
-0.283 -0.100 0.055 0.133 0.115 0.076 0.048 -0.081 -0.230 -0.338 
-0.410 -0.456 -0.481 -0.491 -0.488 -0.476 -0.458 -0.438 -0.421 -0.416 
-0.433 -0.480 -0.553 -0.644 -0.743 -0.844 -0.946 -1.048 -1.149 -1.249 
-1.345 -1.436 -1.522 -1.603 -1.678 -1.748 -1.813 -1.873 -1.929 -1.980 
-2.028 -2.072 -2.112 -2.149 -2.183 -2.214 -2.243 -2.268 -2.290 -2.310 
-2.317 
-2.426 -2.426 -2.431 -2.433 -2.433 -2.431 -2.427 -2.420 -2.411 -2.399 
-2.386 -2.370 -2.351 -2.330 -2.306 -2.280 -2.251 -2.218 -2.183 -2.145 
-2.104 -2.059 -2.010 -1.957 -1.900 -1.839 -1.772 -1.700 -1.622 -1.537 
-1.445 -1.345 -1.235 -1.114 -0.981 -0.836 -0.678 -0.510 -0.342 -0.194 
-0.091 -0.049 -0.053 -0.091 -0.168 -0.260 -0.339 -0.398 -0.438 -0.461 
-0.471 -0.469 -0.460 -0.448 -0.439 -0.438 -0.450 -0.478 -0.528 -0.604 
-0.698 -0.802 -0.914 -1.029 -1.143 -1.252 -1.355 -1.451 -1.541 -1.624 
-1.700 -1.772 -1.837 -1.899 -1.955 -2.008 -2.056 -2.101 -2.143 -2.181 
-2.216 -2.249 -2.278 -2.304 -2.328 -2.349 -2.368 -2.385 -2.398 -2.410 
-2.424 
-2.578 -2.596 -2.600 -2.602 -2.602 -2.599 -2.594 -2.586 -2.576 -2.564 
-2.549 -2.532 -2.513 -2.490 -2.465 -2.438 -2.407 -2.374 -2.337 -2.297 
-2.253 -2.206 -2.155 -2.100 -2.040 -1.975 -1.906 -1.830 -1.748 -1.658 
-1.561 -1.456 -1.341 -1.216 -1.081 -0.938 -0.794 -0.658 -0.545 -0.467 
-0.433 -0.448 -0.503 -0.573 -0.641 -0.698 -0.741 -0.769 -0.783 -0.783 
-0.769 -0.741 -0.699 -0.644 -0.576 -0.500 -0.426 -0.382 -0.398 -0.487 
-0.630 -0.796 -0.960 -1.113 -1.253 -1.380 -1.494 -1.599 -1.694 -1.781 
-1.862 -1.935 -2.003 -2.066 -2.124 -2.178 -2.227 -2.273 -2.315 -2.353 
-2.389 -2.421 -2.450 -2.477 -2.501 -2.522 -2.540 -2.556 -2.570 -2.581 
-2.576 
-2.602 -2.604 -2.609 -2.612 -2.613 -2.611 -2.608 -2.602 -2.593 -2.582 
-2.569 -2.554 -2.535 -2.515 -2.491 -2.466 -2.437 -2.405 -2.370 -2.333 
-2.291 -2.247 -2.198 -2.146 -2.090 -2.028 -1.962 -1.891 -1.814 -1.730 
-1.640 -1.541 -1.434 -1.318 -1.193 -1.059 -0.920 -0.782 -0.657 -0.560 
-0.503 -0.491 -0.519 -0.570 -0.628 -0.680 -0.722 -0.752 -0.767 -0.768 
-0.754 -0.725 -0.681 -0.621 -0.550 -0.474 -0.410 -0.381 -0.412 -0.505 
-0.639 -0.788 -0.937 -1.081 -1.216 -1.341 -1.456 -1.562 -1.660 -1.750 
-1.833 -1.909 -1.979 -2.044 -2.105 -2.160 -2.212 -2.259 -2.303 -2.343 
-2.380 -2.414 -2.445 -2.473 -2.498 -2.521 -2.541 -2.558 -2.573 -2.586 
-2.599 
-2.624 -2.640 -2.649 -2.655 -2.659 -2.660 -2.659 -2.656 -2.650 -2.642 
-2.632 -2.619 -2.604 -2.586 -2.565 -2.542 -2.516 -2.488 -2.456 -2.421 
-2.383 -2.341 -2.296 -2.247 -2.194 -2.137 -2.074 -2.007 -1.933 -1.854 
-1.767 -1.673 -1.571 -1.460 -1.341 -1.213 -1.078 -0.939 -0.801 -0.674 
-0.577 -0.531 -0.546 -0.604 -0.683 -0.762 -0.830 -0.885 -0.925 -0.951 
-0.963 -0.961 -0.946 -0.918 -0.879 -0.830 -0.779 -0.741 -0.726 -0.735 
-0.766 -0.821 -0.902 -1.005 -1.120 -1.240 -1.357 -1.469 -1.575 -1.673 
-1.764 -1.849 -1.927 -2.000 -2.067 -2.129 -2.187 -2.240 -2.289 -2.334 
-2.376 -2.415 -2.450 -2.482 -2.511 -2.537 -2.561 -2.582 -2.600 -2.616 
-2.620 
-2.591 -2.590 -2.598 -2.604 -2.607 -2.607 -2.606 -2.602 -2.595 -2.586 
-2.574 -2.560 -2.544 -2.524 -2.502 -2.478 -2.450 -2.419 -2.385 -2.348 
-2.307 -2.263 -2.214 -2.162 -2.105 -2.043 -1.976 -1.903 -1.824 -1.738 
-1.646 -1.546 -1.438 -1.325 -1.208 -1.093 -0.990 -0.909 -0.856 -0.829 
-0.820 -0.827 -0.850 -0.882 -0.918 -0.957 -1.001 -1.044 -1.080 -1.106 
-1.122 -1.126 -1.120 -1.104 -1.077 -1.040 -0.995 -0.944 -0.893 -0.850 
-0.826 -0.835 -0.881 -0.961 -1.065 -1.179 -1.296 -1.409 -1.516 -1.616 
-1.709 -1.795 -1.875 -1.948 -2.016 -2.079 -2.138 -2.191 -2.241 -2.287 
-2.329 -2.367 -2.402 -2.435 -2.464 -2.490 -2.513 -2.534 -2.552 -2.567 
-2.587 
-2.610 -2.636 -2.645 -2.652 -2.657 -2.660 -2.660 -2.658 -2.654 -2.647 
-2.639 -2.628 -2.615 -2.600 -2.582 -2.562 -2.539 -2.514 -2.487 -2.457 
-2.424 -2.388 -2.349 -2.307 -2.262 -2.214 -2.161 -2.105 -2.045 -1.979 
-1.909 -1.833 -1.751 -1.664 -1.570 -1.472 -1.375 -1.281 -1.194 -1.108 
-1.017 -0.916 -0.815 -0.730 -0.679 -0.669 -0.693 -0.735 -0.781 -0.823 
-0.856 -0.882 -0.905 -0.925 -0.945 -0.965 -0.982 -0.997 -1.011 -1.027 
-1.050 -1.087 -1.141 -1.212 -1.295 -1.383 -1.473 -1.562 -1.648 -1.730 
-1.809 -1.883 -1.953 -2.019 -2.081 -2.139 -2.193 -2.243 -2.290 -2.334 
-2.374 -2.411 -2.445 -2.477 -2.506 -2.532 -2.555 -2.576 -2.595 -2.611 
-2.606 
-2.527 -2.508 -2.510 -2.510 -2.509 -2.505 -2.499 -2.492 -2.482 -2.471 
-2.457 -2.442 -2.425 -2.405 -2.384 -2.361 -2.335 -2.308 -2.278 -2.246 
-2.213 -2.177 -2.139 -2.099 -2.057 -2.013 -1.967 -1.919 -1.869 -1.817 
-1.763 -1.708 -1.650 -1.591 -1.529 -1.465 -1.396 -1.320 -1.231 -1.120 
-0.971 -0.821 -0.805 -0.849 -0.859 -0.850 -0.834 -0.814 -0.788 -0.760 
-0.735 -0.719 -0.718 -0.737 -0.777 -0.834 -0.904 -0.979 -1.054 -1.128 
-1.197 -1.264 -1.332 -1.403 -1.478 -1.555 -1.633 -1.709 -1.781 -1.849 
-1.913 -1.972 -2.027 -2.078 -2.125 -2.169 -2.210 -2.248 -2.282 -2.314 
-2.343 -2.369 -2.393 -2.415 -2.434 -2.451 -2.466 -2.478 -2.489 -2.497 
-2.526 
-2.789 -2.822 -2.830 -2.837 -2.840 -2.842 -2.841 -2.838 -2.833 -2.825 
-2.816 -2.803 -2.789 -2.772 -2.753 -2.732 -2.708 -2.681 -2.652 -2.620 
-2.586 -2.548 -2.508 -2.464 -2.417 -2.366 -2.312 -2.253 -2.190 -2.121 
-2.047 -1.965 -1.876 -1.776 -1.665 -1.537 -1.389 -1.216 -1.010 -0.767 
-0.512 -0.341 -0.367 -0.544 -0.744 -0.900 -1.008 -1.079 -1.121 -1.144 
-1.154 -1.158 -1.160 -1.164 -1.168 -1.170 -1.163 -1.150 -1.138 -1.139 
-1.154 -1.177 -1.211 -1.263 -1.335 -1.425 -1.525 -1.630 -1.733 -1.833 
-1.927 -2.014 -2.095 -2.171 -2.240 -2.304 -2.364 -2.418 -2.468 -2.515 
-2.557 -2.596 -2.631 -2.664 -2.693 -2.719 -2.743 -2.764 -2.782 -2.798 
-2.785 
-2.996 -2.997 -3.004 -3.009 -3.012 -3.013 -3.011 -3.006 -3.000 -2.991 
-2.979 -2.965 -2.949 -2.930 -2.908 -2.884 -2.857 -2.826 -2.793 -2.757 
-2.718 -2.674 -2.628 -2.577 -2.521 -2.462 -2.397 -2.326 -2.250 -2.166 
-2.075 -1.975 -1.866 -1.744 -1.610 -1.462 -1.299 -1.124 -0.949 -0.790 
-0.658 -0.545 -0.563 -0.738 -0.893 -1.008 -1.092 -1.152 -1.192 -1.214 
-1.219 -1.208 -1.181 -1.139 -1.081 -1.010 -0.933 -0.860 -0.805 -0.782 
-0.856 -1.021 -1.189 -1.341 -1.481 -1.611 -1.734 -1.848 -1.955 -2.053 
-2.144 -2.228 -2.305 -2.377 -2.443 -2.504 -2.560 -2.612 -2.660 -2.704 
-2.745 -2.782 -2.816 -2.847 -2.875 -2.900 -2.923 -2.943 -2.960 -2.975 
-2.993 
-3.215 -3.251 -3.260 -3.267 -3.271 -3.273 -3.272 -3.269 -3.264 -3.257 
-3.247 -3.235 -3.220 -3.203 -3.183 -3.160 -3.135 -3.107 -3.076 -3.042 
-3.005 -2.964 -2.920 -2.872 -2.819 -2.763 -2.701 -2.635 -2.562 -2.483 
-2.397 -2.303 -2.199 -2.084 -1.956 -1.812 -1.649 -1.464 -1.250 -0.998 
-0.693 -0.414 -0.336 -0.519 -0.773 -0.976 -1.120 -1.222 -1.292 -1.336 
-1.358 -1.359 -1.340 -1.301 -1.239 -1.150 -1.031 -0.874 -0.689 -0.553 
-0.593 -0.813 -1.089 -1.337 -1.546 -1.724 -1.878 -2.014 -2.136 -2.245 
-2.345 -2.435 -2.518 -2.593 -2.663 -2.727 -2.787 -2.841 -2.892 -2.938 
-2.981 -3.020 -3.056 -3.089 -3.118 -3.145 -3.169 -3.191 -3.210 -3.226 
-3.212 
-3.109 -3.128 -3.138 -3.146 -3.151 -3.154 -3.155 -3.154 -3.150 -3.144 
-3.135 -3.124 -3.111 -3.095 -3.077 -3.056 -3.032 -3.006 -2.977 -2.944 
-2.909 -2.871 -2.828 -2.783 -2.733 -2.679 -2.621 -2.557 -2.489 -2.414 
-2.332 -2.244 -2.146 -2.039 -1.920 -1.789 -1.641 -1.476 -1.290 -1.079 
-0.841 -0.595 -0.477 -0.556 -0.714 -0.882 -1.024 -1.132 -1.211 -1.267 
-1.302 -1.319 -1.319 -1.303 -1.271 -1.222 -1.158 -1.078 -0.983 -0.895 
-0.915 -1.040 -1.182 -1.329 -1.478 -1.621 -1.756 -1.881 -1.996 -2.102 
-2.199 -2.289 -2.371 -2.448 -2.518 -2.583 -2.644 -2.700 -2.751 -2.799 
-2.843 -2.884 -2.921 -2.955 -2.986 -3.014 -3.040 -3.062 -3.083 -3.100 
-3.104 
-2.908 -2.907 -2.916 -2.923 -2.927 -2.928 -2.928 -2.925 -2.919 -2.912 
-2.901 -2.889 -2.874 -2.856 -2.836 -2.813 -2.787 -2.758 -2.727 -2.692 
-2.654 -2.612 -2.567 -2.517 -2.464 -2.406 -2.343 -2.274 -2.199 -2.118 
-2.029 -1.931 -1.824 -1.706 -1.577 -1.435 -1.284 -1.135 -1.008 -0.916 
-0.857 -0.824 -0.821 -0.886 -0.991 -1.090 -1.171 -1.233 -1.280 -1.313 
-1.333 -1.340 -1.337 -1.323 -1.300 -1.267 -1.229 -1.188 -1.151 -1.127 
-1.128 -1.160 -1.224 -1.311 -1.413 -1.522 -1.631 -1.738 -1.840 -1.936 
-2.026 -2.110 -2.188 -2.260 -2.327 -2.390 -2.448 -2.501 -2.551 -2.597 
-2.639 -2.678 -2.714 -2.746 -2.776 -2.802 -2.826 -2.848 -2.866 -2.883 
-2.903 
-2.869 -2.876 -2.882 -2.886 -2.887 -2.885 -2.882 -2.876 -2.867 -2.856 
-2.843 -2.827 -2.809 -2.788 -2.764 -2.737 -2.708 -2.675 -2.639 -2.600 
-2.557 -2.511 -2.460 -2.405 -2.345 -2.280 -2.209 -2.132 -2.047 -1.955 
-1.853 -1.741 -1.617 -1.479 -1.326 -1.162 -0.998 -0.858 -0.778 -0.773 
-0.825 -0.906 -0.993 -1.075 -1.148 -1.209 -1.257 -1.293 -1.318 -1.333 
-1.337 -1.332 -1.318 -1.298 -1.273 -1.245 -1.217 -1.194 -1.181 -1.183 
-1.207 -1.256 -1.327 -1.417 -1.517 -1.620 -1.722 -1.821 -1.915 -2.003 
-2.085 -2.162 -2.233 -2.299 -2.361 -2.418 -2.471 -2.520 -2.565 -2.606 
-2.645 -2.680 -2.711 -2.740 -2.767 -2.790 -2.811 -2.829 -2.844 -2.857 
-2.866 
-2.892 -2.889 -2.893 -2.895 -2.895 -2.892 -2.887 -2.880 -2.871 -2.859 
-2.846 -2.829 -2.810 -2.789 -2.765 -2.739 -2.710 -2.678 -2.643 -2.605 
-2.564 -2.519 -2.471 -2.419 -2.363 -2.302 -2.237 -2.167 -2.092 -2.011 
-1.923 -1.828 -1.726 -1.616 -1.498 -1.373 -1.245 -1.125 -1.032 -0.980 
-0.961 -0.963 -0.980 -1.007 -1.038 -1.069 -1.095 -1.114 -1.125 -1.128 
-1.123 -1.111 -1.092 -1.070 -1.047 -1.026 -1.015 -1.026 -1.075 -1.158 
-1.256 -1.361 -1.467 -1.573 -1.676 -1.775 -1.869 -1.958 -2.041 -2.118 
-2.191 -2.258 -2.321 -2.380 -2.434 -2.485 -2.531 -2.575 -2.615 -2.652 
-2.686 -2.717 -2.746 -2.772 -2.795 -2.815 -2.833 -2.849 -2.863 -2.874 
-2.890 
-3.059 -3.072 -3.076 -3.078 -3.078 -3.076 -3.071 -3.064 -3.054 -3.042 
-3.028 -3.011 -2.992 -2.970 -2.946 -2.918 -2.888 -2.855 -2.819 -2.780 
-2.737 -2.691 -2.641 -2.587 -2.528 -2.465 -2.396 -2.323 -2.243 -2.156 
-2.062 -1.960 -1.849 -1.729 -1.598 -1.458 -1.312 -1.177 -1.084 -1.047 
-1.046 -1.069 -1.109 -1.156 -1.201 -1.240 -1.268 -1.285 -1.290 -1.282 
-1.260 -1.223 -1.171 -1.102 -1.018 -0.926 -0.847 -0.816 -0.862 -0.976 
-1.116 -1.243 -1.359 -1.496 -1.648 -1.793 -1.922 -2.038 -2.141 -2.234 
-2.318 -2.395 -2.465 -2.530 -2.590 -2.645 -2.695 -2.742 -2.785 -2.824 
-2.860 -2.893 -2.923 -2.949 -2.974 -2.995 -3.014 -3.031 -3.044 -3.056 
-3.056 
-3.235 -3.238 -3.246 -3.251 -3.253 -3.253 -3.251 -3.246 -3.239 -3.229 
-3.216 -3.201 -3.183 -3.162 -3.139 -3.112 -3.083 -3.050 -3.014 -2.974 
-2.931 -2.883 -2.832 -2.775 -2.713 -2.646 -2.572 -2.492 -2.403 -2.305 
-2.195 -2.073 -1.934 -1.777 -1.595 -1.388 -1.166 -0.961 -0.879 -0.994 
-1.145 -1.288 -1.409 -1.509 -1.589 -1.652 -1.699 -1.732 -1.750 -1.756 
-1.747 -1.725 -1.687 -1.634 -1.563 -1.478 -1.389 -1.317 -1.272 -1.215 
-1.110 -1.021 -1.052 -1.170 -1.349 -1.545 -1.730 -1.895 -2.041 -2.169 
-2.283 -2.385 -2.477 -2.561 -2.636 -2.705 -2.768 -2.826 -2.879 -2.927 
-2.971 -3.011 -3.048 -3.081 -3.111 -3.137 -3.161 -3.182 -3.200 -3.215 
-3.231 
-3.493 -3.524 -3.531 -3.535 -3.537 -3.537 -3.534 -3.528 -3.520 -3.510 
-3.497 -3.481 -3.462 -3.441 -3.416 -3.389 -3.358 -3.325 -3.287 -3.246 
-3.201 -3.152 -3.098 -3.039 -2.975 -2.905 -2.827 -2.742 -2.647 -2.542 
-2.424 -2.290 -2.135 -1.953 -1.734 -1.462 -1.127 -0.828 -0.738 -0.954 
-1.254 -1.491 -1.664 -1.793 -1.892 -1.966 -2.022 -2.061 -2.086 -2.097 
-2.095 -2.079 -2.051 -2.007 -1.946 -1.866 -1.761 -1.624 -1.446 -1.222 
-1.003 -0.919 -1.071 -1.339 -1.609 -1.839 -2.033 -2.200 -2.344 -2.470 
-2.583 -2.683 -2.774 -2.856 -2.931 -2.999 -3.061 -3.118 -3.170 -3.218 
-3.261 -3.301 -3.337 -3.369 -3.399 -3.425 -3.448 -3.469 -3.487 -3.502 
-3.490 
-3.527 -3.533 -3.538 -3.540 -3.540 -3.537 -3.532 -3.524 -3.514 -3.501 
-3.486 -3.468 -3.446 -3.423 -3.396 -3.365 -3.332 -3.295 -3.255 -3.210 
-3.162 -3.109 -3.051 -2.987 -2.918 -2.841 -2.757 -2.664 -2.561 -2.445 
-2.314 -2.164 -1.989 -1.782 -1.536 -1.262 -1.041 -0.949 -1.006 -1.252 
-1.479 -1.653 -1.785 -1.887 -1.965 -2.023 -2.065 -2.092 -2.106 -2.107 
-2.096 -2.072 -2.034 -1.981 -1.911 -1.822 -1.711 -1.576 -1.426 -1.285 
-1.194 -1.211 -1.403 -1.641 -1.856 -2.042 -2.204 -2.346 -2.471 -2.582 
-2.682 -2.772 -2.854 -2.929 -2.997 -3.059 -3.116 -3.169 -3.216 -3.260 
-3.300 -3.336 -3.369 -3.399 -3.425 -3.449 -3.470 -3.488 -3.503 -3.515 
-3.524 
-3.448 -3.459 -3.464 -3.466 -3.465 -3.462 -3.457 -3.448 -3.438 -3.424 
-3.408 -3.389 -3.368 -3.343 -3.315 -3.285 -3.250 -3.213 -3.171 -3.126 
-3.076 -3.022 -2.962 -2.897 -2.825 -2.746 -2.659 -2.562 -2.454 -2.332 
-2.192 -2.031 -1.840 -1.612 -1.348 -1.101 -0.972 -1.024 -1.173 -1.323 
-1.475 -1.621 -1.744 -1.842 -1.918 -1.975 -2.017 -2.044 -2.059 -2.061 
-2.051 -2.028 -1.993 -1.944 -1.881 -1.801 -1.705 -1.594 -1.479 -1.384 
-1.351 -1.410 -1.542 -1.706 -1.874 -2.032 -2.177 -2.307 -2.424 -2.531 
-2.627 -2.714 -2.794 -2.867 -2.934 -2.995 -3.051 -3.102 -3.149 -3.192 
-3.232 -3.267 -3.300 -3.329 -3.355 -3.378 -3.398 -3.416 -3.431 -3.443 
-3.446 
-3.337 -3.340 -3.347 -3.352 -3.355 -3.355 -3.353 -3.348 -3.341 -3.331 
-3.319 -3.304 -3.287 -3.266 -3.243 -3.217 -3.188 -3.156 -3.120 -3.081 
-3.038 -2.992 -2.940 -2.884 -2.823 -2.757 -2.684 -2.604 -2.515 -2.417 
-2.308 -2.185 -2.044 -1.881 -1.688 -1.471 -1.288 -1.169 -1.066 -1.041 
-1.123 -1.264 -1.409 -1.535 -1.637 -1.718 -1.780 -1.825 -1.856 -1.874 
-1.879 -1.872 -1.852 -1.820 -1.775 -1.716 -1.643 -1.558 -1.465 -1.377 
-1.315 -1.296 -1.335 -1.449 -1.610 -1.777 -1.932 -2.073 -2.201 -2.316 
-2.420 -2.514 -2.601 -2.679 -2.751 -2.818 -2.878 -2.934 -2.985 -3.032 
-3.076 -3.115 -3.151 -3.183 -3.213 -3.239 -3.263 -3.284 -3.301 -3.317 
-3.333 
-3.320 -3.326 -3.335 -3.342 -3.345 -3.346 -3.345 -3.341 -3.335 -3.326 
-3.314 -3.300 -3.283 -3.263 -3.241 -3.215 -3.186 -3.155 -3.119 -3.081 
-3.038 -2.992 -2.941 -2.885 -2.825 -2.758 -2.686 -2.606 -2.519 -2.422 
-2.315 -2.195 -2.061 -1.910 -1.742 -1.572 -1.444 -1.366 -1.316 -1.325 
-1.405 -1.515 -1.623 -1.718 -1.798 -1.863 -1.914 -1.951 -1.977 -1.992 
-1.995 -1.987 -1.968 -1.937 -1.892 -1.834 -1.759 -1.666 -1.553 -1.419 
-1.272 -1.145 -1.096 -1.167 -1.329 -1.525 -1.720 -1.896 -2.052 -2.190 
-2.312 -2.421 -2.519 -2.608 -2.688 -2.761 -2.827 -2.888 -2.944 -2.994 
-3.041 -3.083 -3.122 -3.157 -3.189 -3.217 -3.242 -3.265 -3.284 -3.301 
-3.315 
-3.357 -3.368 -3.377 -3.383 -3.386 -3.387 -3.385 -3.380 -3.373 -3.363 
-3.350 -3.335 -3.316 -3.295 -3.270 -3.242 -3.211 -3.176 -3.138 -3.095 
-3.048 -2.997 -2.940 -2.878 -2.809 -2.734 -2.650 -2.557 -2.453 -2.336 
-2.204 -2.051 -1.875 -1.673 -1.460 -1.285 -1.222 -1.293 -1.433 -1.581 
-1.716 -1.834 -1.934 -2.018 -2.087 -2.143 -2.186 -2.218 -2.240 -2.253 
-2.255 -2.249 -2.233 -2.206 -2.169 -2.121 -2.059 -1.982 -1.888 -1.774 
-1.640 -1.499 -1.390 -1.353 -1.390 -1.500 -1.660 -1.834 -2.001 -2.151 
-2.286 -2.406 -2.513 -2.609 -2.696 -2.774 -2.845 -2.910 -2.969 -3.023 
-3.072 -3.117 -3.157 -3.194 -3.226 -3.256 -3.282 -3.305 -3.325 -3.342 
-3.353 
-3.380 -3.387 -3.395 -3.400 -3.403 -3.403 -3.400 -3.395 -3.386 -3.376 
-3.362 -3.346 -3.327 -3.305 -3.279 -3.251 -3.219 -3.184 -3.145 -3.102 
-3.055 -3.003 -2.947 -2.885 -2.817 -2.742 -2.660 -2.570 -2.470 -2.359 
-2.235 -2.098 -1.947 -1.783 -1.617 -1.474 -1.406 -1.439 -1.537 -1.656 
-1.773 -1.878 -1.967 -2.041 -2.102 -2.150 -2.186 -2.211 -2.227 -2.232 
-2.227 -2.212 -2.186 -2.147 -2.094 -2.025 -1.935 -1.822 -1.692 -1.585 
-1.552 -1.535 -1.489 -1.457 -1.493 -1.604 -1.760 -1.925 -2.082 -2.224 
-2.351 -2.465 -2.567 -2.659 -2.742 -2.818 -2.886 -2.949 -3.006 -3.057 
-3.105 -3.147 -3.186 -3.222 -3.253 -3.281 -3.306 -3.328 -3.347 -3.363 
-3.376 
-3.424 -3.426 -3.430 -3.432 -3.431 -3.428 -3.423 -3.414 -3.404 -3.390 
-3.374 -3.355 -3.334 -3.309 -3.282 -3.251 -3.217 -3.180 -3.139 -3.094 
-3.045 -2.992 -2.933 -2.869 -2.800 -2.724 -2.640 -2.548 -2.447 -2.334 
-2.209 -2.069 -1.913 -1.740 -1.557 -1.386 -1.270 -1.256 -1.332 -1.451 
-1.574 -1.685 -1.778 -1.853 -1.912 -1.956 -1.987 -2.004 -2.009 -2.002 
-1.982 -1.949 -1.900 -1.835 -1.749 -1.640 -1.503 -1.343 -1.185 -1.094 
-1.128 -1.247 -1.393 -1.571 -1.749 -1.919 -2.079 -2.224 -2.354 -2.469 
-2.572 -2.665 -2.748 -2.824 -2.893 -2.956 -3.013 -3.066 -3.113 -3.157 
-3.197 -3.233 -3.265 -3.295 -3.321 -3.344 -3.365 -3.382 -3.397 -3.409 
-3.422 
-3.536 -3.549 -3.555 -3.558 -3.558 -3.555 -3.551 -3.543 -3.533 -3.520 
-3.505 -3.486 -3.465 -3.441 -3.414 -3.384 -3.350 -3.313 -3.272 -3.227 
-3.177 -3.123 -3.064 -3.000 -2.929 -2.851 -2.766 -2.671 -2.566 -2.449 
-2.316 -2.167 -1.996 -1.803 -1.593 -1.393 -1.270 -1.286 -1.416 -1.583 
-1.737 -1.864 -1.967 -2.049 -2.112 -2.160 -2.195 -2.217 -2.227 -2.225 
-2.211 -2.185 -2.145 -2.090 -2.018 -1.925 -1.806 -1.658 -1.493 -1.356 
-1.272 -1.197 -1.206 -1.374 -1.622 -1.865 -2.071 -2.245 -2.394 -2.522 
-2.636 -2.736 -2.827 -2.908 -2.982 -3.049 -3.110 -3.165 -3.216 -3.262 
-3.304 -3.343 -3.377 -3.408 -3.436 -3.461 -3.483 -3.501 -3.518 -3.531 
-3.533 
-3.527 -3.543 -3.546 -3.547 -3.546 -3.542 -3.535 -3.526 -3.514 -3.499 
-3.481 -3.461 -3.438 -3.412 -3.382 -3.349 -3.313 -3.273 -3.230 -3.182 
-3.129 -3.072 -3.010 -2.941 -2.867 -2.785 -2.695 -2.596 -2.486 -2.365 
-2.231 -2.085 -1.929 -1.774 -1.639 -1.545 -1.513 -1.568 -1.681 -1.800 
-1.906 -1.995 -2.068 -2.125 -2.169 -2.200 -2.220 -2.228 -2.225 -2.209 
-2.182 -2.141 -2.085 -2.010 -1.915 -1.794 -1.643 -1.469 -1.314 -1.254 
-1.326 -1.448 -1.574 -1.747 -1.900 -2.018 -2.139 -2.275 -2.411 -2.538 
-2.652 -2.754 -2.845 -2.927 -3.000 -3.066 -3.126 -3.181 -3.230 -3.275 
-3.315 -3.352 -3.385 -3.415 -3.441 -3.464 -3.484 -3.501 -3.516 -3.527 
-3.525 
-3.409 -3.406 -3.415 -3.421 -3.424 -3.425 -3.423 -3.419 -3.411 -3.401 
-3.388 -3.372 -3.354 -3.332 -3.307 -3.279 -3.247 -3.212 -3.173 -3.130 
-3.083 -3.031 -2.974 -2.912 -2.844 -2.769 -2.686 -2.596 -2.496 -2.385 
-2.264 -2.131 -1.989 -1.847 -1.724 -1.655 -1.655 -1.709 -1.792 -1.885 
-1.977 -2.061 -2.135 -2.198 -2.249 -2.291 -2.322 -2.344 -2.356 -2.360 
-2.353 -2.337 -2.310 -2.271 -2.217 -2.146 -2.053 -1.935 -1.806 -1.724 
-1.732 -1.751 -1.736 -1.688 -1.637 -1.631 -1.695 -1.817 -1.966 -2.118 
-2.260 -2.389 -2.504 -2.608 -2.701 -2.784 -2.860 -2.929 -2.991 -3.047 
-3.098 -3.145 -3.187 -3.225 -3.259 -3.290 -3.317 -3.341 -3.361 -3.379 
-3.403 
-3.485 -3.489 -3.494 -3.496 -3.495 -3.492 -3.486 -3.477 -3.466 -3.452 
-3.435 -3.415 -3.393 -3.367 -3.338 -3.305 -3.270 -3.230 -3.186 -3.138 
-3.086 -3.028 -2.965 -2.896 -2.820 -2.736 -2.643 -2.540 -2.425 -2.297 
-2.152 -1.991 -1.816 -1.643 -1.507 -1.445 -1.467 -1.553 -1.680 -1.810 
-1.925 -2.021 -2.099 -2.162 -2.212 -2.249 -2.276 -2.292 -2.297 -2.293 
-2.279 -2.255 -2.219 -2.172 -2.112 -2.038 -1.949 -1.847 -1.738 -1.638 
-1.575 -1.571 -1.620 -1.698 -1.801 -1.917 -2.046 -2.186 -2.324 -2.452 
-2.568 -2.671 -2.764 -2.847 -2.922 -2.990 -3.052 -3.109 -3.160 -3.206 
-3.248 -3.287 -3.321 -3.352 -3.380 -3.404 -3.425 -3.444 -3.459 -3.472 
-3.483 
-3.632 -3.659 -3.666 -3.670 -3.672 -3.671 -3.667 -3.661 -3.652 -3.640 
-3.626 -3.609 -3.589 -3.566 -3.540 -3.511 -3.478 -3.442 -3.403 -3.359 
-3.311 -3.258 -3.201 -3.138 -3.068 -2.992 -2.908 -2.815 -2.712 -2.597 
-2.467 -2.321 -2.156 -1.975 -1.789 -1.623 -1.510 -1.497 -1.595 -1.747 
-1.897 -2.026 -2.131 -2.216 -2.284 -2.336 -2.376 -2.404 -2.421 -2.427 
-2.423 -2.409 -2.384 -2.349 -2.302 -2.243 -2.172 -2.088 -1.994 -1.892 
-1.789 -1.690 -1.607 -1.588 -1.681 -1.857 -2.056 -2.242 -2.405 -2.548 
-2.672 -2.782 -2.880 -2.968 -3.048 -3.120 -3.185 -3.244 -3.299 -3.348 
-3.393 -3.434 -3.471 -3.504 -3.534 -3.561 -3.584 -3.605 -3.623 -3.637 
-3.628 
-3.541 -3.541 -3.546 -3.547 -3.546 -3.543 -3.537 -3.529 -3.518 -3.504 
-3.488 -3.469 -3.447 -3.422 -3.394 -3.364 -3.329 -3.292 -3.250 -3.205 
-3.155 -3.101 -3.042 -2.978 -2.907 -2.830 -2.746 -2.653 -2.551 -2.439 
-2.317 -2.186 -2.053 -1.925 -1.806 -1.698 -1.616 -1.596 -1.647 -1.732 
-1.826 -1.915 -1.994 -2.060 -2.114 -2.156 -2.186 -2.206 -2.216 -2.216 
-2.206 -2.187 -2.158 -2.119 -2.071 -2.016 -1.956 -1.896 -1.846 -1.814 
-1.807 -1.820 -1.846 -1.897 -2.004 -2.145 -2.285 -2.413 -2.528 -2.632 
-2.726 -2.812 -2.890 -2.961 -3.026 -3.086 -3.141 -3.192 -3.238 -3.280 
-3.319 -3.354 -3.386 -3.414 -3.440 -3.463 -3.482 -3.499 -3.514 -3.526 
-3.538 
-3.522 -3.516 -3.519 -3.520 -3.518 -3.513 -3.506 -3.496 -3.483 -3.468 
-3.449 -3.427 -3.403 -3.375 -3.343 -3.308 -3.269 -3.227 -3.180 -3.128 
-3.071 -3.008 -2.940 -2.864 -2.781 -2.689 -2.587 -2.475 -2.350 -2.214 
-2.069 -1.922 -1.794 -1.718 -1.722 -1.777 -1.848 -1.925 -2.008 -2.095 
-2.177 -2.250 -2.312 -2.363 -2.403 -2.434 -2.456 -2.469 -2.474 -2.471 
-2.459 -2.439 -2.410 -2.373 -2.327 -2.272 -2.209 -2.139 -2.066 -1.995 
-1.934 -1.892 -1.878 -1.897 -1.949 -2.038 -2.160 -2.292 -2.419 -2.535 
-2.641 -2.736 -2.822 -2.901 -2.973 -3.038 -3.097 -3.152 -3.201 -3.246 
-3.287 -3.324 -3.357 -3.387 -3.413 -3.437 -3.457 -3.474 -3.489 -3.501 
-3.519 
-3.647 -3.679 -3.685 -3.689 -3.690 -3.687 -3.683 -3.675 -3.664 -3.650 
-3.634 -3.614 -3.591 -3.565 -3.535 -3.501 -3.464 -3.422 -3.375 -3.324 
-3.268 -3.205 -3.136 -3.059 -2.973 -2.877 -2.770 -2.647 -2.507 -2.346 
-2.159 -1.954 -1.765 -1.662 -1.683 -1.776 -1.904 -2.056 -2.203 -2.329 
-2.435 -2.522 -2.594 -2.653 -2.700 -2.737 -2.765 -2.784 -2.795 -2.799 
-2.795 -2.783 -2.763 -2.736 -2.699 -2.653 -2.598 -2.531 -2.453 -2.363 
-2.262 -2.152 -2.037 -1.930 -1.864 -1.884 -1.992 -2.150 -2.314 -2.467 
-2.605 -2.727 -2.836 -2.934 -3.022 -3.101 -3.173 -3.238 -3.297 -3.350 
-3.399 -3.442 -3.482 -3.517 -3.549 -3.577 -3.602 -3.624 -3.642 -3.657 
-3.644 
-3.536 -3.539 -3.548 -3.554 -3.558 -3.559 -3.557 -3.552 -3.545 -3.535 
-3.522 -3.507 -3.488 -3.466 -3.441 -3.413 -3.381 -3.346 -3.307 -3.263 
-3.215 -3.162 -3.104 -3.039 -2.968 -2.889 -2.802 -2.703 -2.592 -2.465 
-2.320 -2.152 -1.965 -1.786 -1.644 -1.558 -1.575 -1.687 -1.838 -1.984 
-2.110 -2.217 -2.305 -2.379 -2.441 -2.491 -2.532 -2.564 -2.587 -2.603 
-2.611 -2.612 -2.607 -2.594 -2.574 -2.548 -2.514 -2.474 -2.425 -2.370 
-2.307 -2.238 -2.166 -2.098 -2.050 -2.051 -2.102 -2.185 -2.283 -2.389 
-2.495 -2.597 -2.693 -2.782 -2.865 -2.941 -3.011 -3.075 -3.134 -3.188 
-3.237 -3.282 -3.323 -3.360 -3.394 -3.424 -3.450 -3.474 -3.495 -3.512 
-3.531 
-3.522 -3.518 -3.524 -3.528 -3.530 -3.528 -3.525 -3.519 -3.510 -3.499 
-3.486 -3.469 -3.450 -3.428 -3.403 -3.376 -3.344 -3.310 -3.272 -3.231 
-3.185 -3.135 -3.080 -3.021 -2.956 -2.884 -2.805 -2.718 -2.620 -2.510 
-2.385 -2.244 -2.103 -2.000 -1.940 -1.898 -1.900 -1.945 -2.002 -2.061 
-2.122 -2.182 -2.239 -2.291 -2.337 -2.377 -2.410 -2.436 -2.455 -2.468 
-2.475 -2.476 -2.471 -2.460 -2.445 -2.425 -2.402 -2.376 -2.351 -2.330 
-2.317 -2.314 -2.320 -2.333 -2.356 -2.390 -2.438 -2.500 -2.571 -2.645 
-2.719 -2.791 -2.860 -2.925 -2.986 -3.043 -3.097 -3.146 -3.193 -3.236 
-3.275 -3.311 -3.345 -3.375 -3.402 -3.427 -3.448 -3.467 -3.484 -3.498 
-3.518 
-3.674 -3.705 -3.707 -3.705 -3.702 -3.695 -3.686 -3.674 -3.660 -3.642 
-3.622 -3.599 -3.572 -3.542 -3.509 -3.472 -3.431 -3.386 -3.337 -3.282 
-3.222 -3.156 -3.083 -3.002 -2.912 -2.811 -2.697 -2.568 -2.419 -2.248 
-2.055 -1.855 -1.699 -1.644 -1.705 -1.836 -1.975 -2.094 -2.193 -2.277 
-2.349 -2.412 -2.466 -2.511 -2.546 -2.573 -2.592 -2.602 -2.605 -2.599 
-2.586 -2.564 -2.535 -2.497 -2.452 -2.400 -2.344 -2.289 -2.242 -2.214 
-2.214 -2.246 -2.307 -2.387 -2.478 -2.572 -2.665 -2.755 -2.840 -2.920 
-2.996 -3.066 -3.133 -3.194 -3.252 -3.305 -3.354 -3.399 -3.441 -3.479 
-3.514 -3.546 -3.575 -3.600 -3.623 -3.643 -3.660 -3.674 -3.686 -3.695 
-3.673 
