IRGRID 64 91
1e+308

0.025 0.03 0.035 0.04 0.045 0.05 0.055 0.06 0.065 0.07
0.075 0.08 0.085 0.09 0.095 0.1 0.11 0.12 0.13 0.14
0.15 0.16 0.17 0.18 0.19 0.2 0.21 0.22 0.23 0.24
0.25 0.26 0.27 0.28 0.29 0.3 0.31 0.32 0.33 0.34
0.35 0.36 0.37 0.38 0.39 0.4 0.41 0.42 0.43 0.44
0.45 0.46 0.47 0.48 0.49 0.5 0.51 0.52 0.53 0.54
0.55 0.56 0.57 0.58
0 4 8 12 16 20 24 28 32 36
40 44 48 52 56 60 64 68 72 76
80 84 88 92 96 100 104 108 112 116
120 124 128 132 136 140 144 148 152 156
160 164 168 172 176 180 184 188 192 196
200 204 208 212 216 220 224 228 232 236
240 244 248 252 256 260 264 268 272 276
280 284 288 292 296 300 304 308 312 316
320 324 328 332 336 340 344 348 352 356
360
-3.641 -3.722 -3.711 -3.699 -3.686 -3.672 -3.658 -3.645 -3.632 -3.620 
-3.610 -3.603 -3.597 -3.593 -3.592 -3.593 -3.595 -3.599 -3.605 -3.611 
-3.618 -3.626 -3.635 -3.643 -3.652 -3.661 -3.669 -3.678 -3.685 -3.692 
-3.698 -3.702 -3.705 -3.707 -3.706 -3.704 -3.699 -3.692 -3.683 -3.671 
-3.655 -3.637 -3.615 -3.590 -3.561 -3.527 -3.489 -3.447 -3.398 -3.344 
-3.284 -3.216 -3.140 -3.056 -2.964 -2.866 -2.765 -2.673 -2.603 -2.569 
-2.569 -2.597 -2.648 -2.719 -2.805 -2.897 -2.990 -3.078 -3.161 -3.236 
-3.305 -3.367 -3.423 -3.473 -3.518 -3.558 -3.593 -3.624 -3.651 -3.675 
-3.694 -3.711 -3.724 -3.734 -3.741 -3.746 -3.748 -3.747 -3.744 -3.738 
-3.641 
-3.200 -3.192 -3.179 -3.164 -3.149 -3.133 -3.118 -3.104 -3.090 -3.079 
-3.069 -3.062 -3.058 -3.056 -3.057 -3.060 -3.064 -3.070 -3.076 -3.083 
-3.089 -3.094 -3.099 -3.103 -3.105 -3.107 -3.107 -3.107 -3.105 -3.102 
-3.098 -3.093 -3.086 -3.078 -3.069 -3.057 -3.044 -3.029 -3.011 -2.991 
-2.968 -2.942 -2.913 -2.880 -2.843 -2.801 -2.755 -2.705 -2.648 -2.587 
-2.520 -2.448 -2.373 -2.296 -2.220 -2.149 -2.088 -2.042 -2.023 -2.040 
-2.095 -2.178 -2.274 -2.373 -2.469 -2.559 -2.642 -2.717 -2.785 -2.846 
-2.902 -2.952 -2.996 -3.037 -3.072 -3.104 -3.132 -3.156 -3.176 -3.194 
-3.208 -3.219 -3.228 -3.233 -3.236 -3.237 -3.235 -3.230 -3.224 -3.215 
-3.205 
-2.925 -2.920 -2.914 -2.908 -2.901 -2.894 -2.886 -2.877 -2.867 -2.857 
-2.847 -2.835 -2.823 -2.811 -2.797 -2.783 -2.769 -2.754 -2.738 -2.722 
-2.706 -2.689 -2.673 -2.657 -2.641 -2.626 -2.611 -2.597 -2.582 -2.569 
-2.555 -2.541 -2.527 -2.513 -2.497 -2.481 -2.463 -2.444 -2.423 -2.399 
-2.372 -2.343 -2.310 -2.273 -2.231 -2.185 -2.133 -2.075 -2.010 -1.940 
-1.866 -1.796 -1.739 -1.697 -1.667 -1.650 -1.651 -1.674 -1.719 -1.783 
-1.861 -1.946 -2.032 -2.116 -2.196 -2.271 -2.340 -2.405 -2.464 -2.519 
-2.569 -2.615 -2.658 -2.696 -2.731 -2.762 -2.791 -2.816 -2.839 -2.858 
-2.875 -2.890 -2.902 -2.911 -2.919 -2.924 -2.927 -2.929 -2.928 -2.927 
-2.926 
-2.370 -2.400 -2.373 -2.367 -2.386 -2.423 -2.470 -2.520 -2.568 -2.612 
-2.652 -2.687 -2.719 -2.747 -2.772 -2.794 -2.813 -2.829 -2.843 -2.854 
-2.862 -2.869 -2.873 -2.874 -2.874 -2.872 -2.868 -2.862 -2.854 -2.844 
-2.832 -2.818 -2.801 -2.782 -2.760 -2.735 -2.707 -2.675 -2.639 -2.598 
-2.552 -2.500 -2.442 -2.376 -2.301 -2.217 -2.123 -2.016 -1.898 -1.772 
-1.648 -1.542 -1.477 -1.487 -1.572 -1.687 -1.800 -1.904 -2.001 -2.093 
-2.179 -2.260 -2.334 -2.401 -2.462 -2.516 -2.565 -2.607 -2.645 -2.678 
-2.706 -2.729 -2.749 -2.764 -2.776 -2.783 -2.788 -2.788 -2.785 -2.778 
-2.768 -2.754 -2.736 -2.714 -2.688 -2.657 -2.622 -2.581 -2.537 -2.489 
-2.371 
-1.862 -1.792 -1.761 -1.758 -1.786 -1.841 -1.914 -1.997 -2.081 -2.163 
-2.241 -2.312 -2.377 -2.436 -2.490 -2.538 -2.581 -2.619 -2.653 -2.683 
-2.708 -2.730 -2.747 -2.761 -2.772 -2.779 -2.783 -2.783 -2.780 -2.773 
-2.762 -2.748 -2.731 -2.709 -2.683 -2.654 -2.619 -2.579 -2.535 -2.484 
-2.426 -2.362 -2.288 -2.205 -2.109 -1.999 -1.871 -1.721 -1.547 -1.365 
-1.228 -1.150 -1.095 -1.102 -1.202 -1.358 -1.522 -1.671 -1.799 -1.907 
-2.000 -2.079 -2.146 -2.203 -2.251 -2.291 -2.324 -2.350 -2.369 -2.382 
-2.390 -2.391 -2.386 -2.375 -2.358 -2.334 -2.305 -2.270 -2.231 -2.191 
-2.154 -2.124 -2.105 -2.094 -2.087 -2.073 -2.049 -2.011 -1.960 -1.902 
-1.892 
-2.030 -2.070 -2.095 -2.123 -2.160 -2.204 -2.251 -2.297 -2.338 -2.373 
-2.402 -2.426 -2.446 -2.462 -2.476 -2.487 -2.496 -2.504 -2.512 -2.519 
-2.525 -2.531 -2.536 -2.540 -2.543 -2.544 -2.544 -2.542 -2.537 -2.530 
-2.519 -2.505 -2.488 -2.466 -2.441 -2.410 -2.374 -2.332 -2.283 -2.227 
-2.163 -2.088 -2.002 -1.903 -1.786 -1.648 -1.485 -1.294 -1.085 -0.906 
-0.830 -0.892 -1.026 -1.167 -1.301 -1.410 -1.480 -1.503 -1.479 -1.413 
-1.327 -1.273 -1.300 -1.399 -1.522 -1.635 -1.728 -1.801 -1.855 -1.892 
-1.914 -1.924 -1.921 -1.908 -1.885 -1.853 -1.812 -1.766 -1.716 -1.669 
-1.632 -1.611 -1.614 -1.642 -1.691 -1.756 -1.825 -1.894 -1.954 -2.004 
-2.009 
-1.940 -1.969 -1.973 -1.976 -1.976 -1.975 -1.972 -1.969 -1.964 -1.960 
-1.954 -1.949 -1.945 -1.940 -1.937 -1.935 -1.934 -1.935 -1.938 -1.941 
-1.947 -1.954 -1.961 -1.970 -1.979 -1.988 -1.997 -2.005 -2.012 -2.019 
-2.024 -2.028 -2.030 -2.029 -2.027 -2.022 -2.015 -2.004 -1.991 -1.974 
-1.953 -1.928 -1.898 -1.862 -1.819 -1.766 -1.699 -1.614 -1.504 -1.380 
-1.304 -1.311 -1.323 -1.293 -1.225 -1.127 -1.001 -0.848 -0.665 -0.461 
-0.306 -0.312 -0.422 -0.567 -0.726 -0.880 -1.020 -1.142 -1.248 -1.341 
-1.422 -1.492 -1.553 -1.606 -1.651 -1.688 -1.719 -1.744 -1.762 -1.775 
-1.786 -1.797 -1.811 -1.831 -1.855 -1.880 -1.903 -1.923 -1.940 -1.953 
-1.941 
-1.446 -1.486 -1.492 -1.499 -1.507 -1.516 -1.527 -1.540 -1.555 -1.571 
-1.589 -1.608 -1.627 -1.647 -1.666 -1.686 -1.705 -1.723 -1.740 -1.757 
-1.773 -1.787 -1.800 -1.812 -1.822 -1.831 -1.838 -1.844 -1.847 -1.849 
-1.849 -1.846 -1.842 -1.835 -1.827 -1.815 -1.802 -1.785 -1.766 -1.744 
-1.720 -1.692 -1.660 -1.625 -1.587 -1.543 -1.496 -1.443 -1.385 -1.320 
-1.247 -1.167 -1.076 -0.972 -0.854 -0.716 -0.553 -0.358 -0.130 0.101 
0.249 0.268 0.407 0.740 0.159 -0.214 -0.448 -0.616 -0.748 -0.855 
-0.945 -1.021 -1.087 -1.144 -1.194 -1.237 -1.275 -1.308 -1.337 -1.361 
-1.383 -1.401 -1.417 -1.430 -1.441 -1.451 -1.458 -1.465 -1.471 -1.476 
-1.444 
-1.099 -1.061 -1.062 -1.064 -1.069 -1.077 -1.088 -1.102 -1.120 -1.142 
-1.166 -1.192 -1.220 -1.249 -1.279 -1.309 -1.339 -1.368 -1.395 -1.421 
-1.446 -1.469 -1.489 -1.507 -1.524 -1.537 -1.548 -1.557 -1.562 -1.565 
-1.565 -1.563 -1.557 -1.547 -1.535 -1.519 -1.499 -1.476 -1.449 -1.419 
-1.385 -1.347 -1.305 -1.261 -1.214 -1.165 -1.115 -1.063 -1.011 -0.958 
-0.904 -0.847 -0.787 -0.720 -0.644 -0.556 -0.452 -0.325 -0.167 0.032 
0.276 0.630 1.105 1.378 1.100 0.725 0.342 0.057 -0.152 -0.314 
-0.444 -0.552 -0.641 -0.717 -0.782 -0.837 -0.883 -0.923 -0.956 -0.984 
-1.007 -1.025 -1.039 -1.050 -1.058 -1.062 -1.065 -1.065 -1.065 -1.063 
-1.100 
-1.365 -1.443 -1.460 -1.476 -1.492 -1.508 -1.524 -1.540 -1.557 -1.573 
-1.590 -1.607 -1.622 -1.637 -1.650 -1.662 -1.671 -1.678 -1.682 -1.684 
-1.683 -1.680 -1.673 -1.663 -1.651 -1.636 -1.617 -1.595 -1.571 -1.543 
-1.512 -1.478 -1.441 -1.400 -1.356 -1.309 -1.259 -1.205 -1.149 -1.090 
-1.029 -0.965 -0.901 -0.835 -0.770 -0.706 -0.645 -0.586 -0.531 -0.480 
-0.433 -0.388 -0.345 -0.300 -0.253 -0.200 -0.138 -0.064 0.027 0.142 
0.291 0.494 0.802 1.171 1.289 1.221 0.897 0.531 0.244 0.021 
-0.160 -0.312 -0.442 -0.556 -0.656 -0.746 -0.827 -0.900 -0.967 -1.027 
-1.083 -1.134 -1.180 -1.222 -1.261 -1.296 -1.327 -1.355 -1.381 -1.404 
-1.361 
-1.262 -1.264 -1.299 -1.332 -1.363 -1.392 -1.420 -1.446 -1.470 -1.493 
-1.513 -1.532 -1.549 -1.564 -1.577 -1.589 -1.598 -1.605 -1.611 -1.615 
-1.616 -1.616 -1.614 -1.610 -1.604 -1.596 -1.585 -1.573 -1.559 -1.542 
-1.523 -1.503 -1.480 -1.454 -1.427 -1.397 -1.365 -1.331 -1.295 -1.256 
-1.215 -1.172 -1.127 -1.080 -1.031 -0.981 -0.929 -0.877 -0.823 -0.769 
-0.713 -0.654 -0.592 -0.524 -0.450 -0.367 -0.272 -0.164 -0.038 0.110 
0.288 0.504 0.773 1.090 1.331 1.260 0.957 0.642 0.397 0.207 
0.054 -0.075 -0.186 -0.284 -0.371 -0.450 -0.523 -0.590 -0.653 -0.713 
-0.770 -0.824 -0.876 -0.926 -0.974 -1.021 -1.065 -1.108 -1.150 -1.189 
-1.245 
-1.322 -1.375 -1.402 -1.426 -1.448 -1.468 -1.486 -1.501 -1.515 -1.526 
-1.535 -1.542 -1.547 -1.550 -1.551 -1.550 -1.547 -1.542 -1.535 -1.526 
-1.515 -1.503 -1.488 -1.472 -1.454 -1.434 -1.413 -1.390 -1.365 -1.338 
-1.311 -1.281 -1.251 -1.219 -1.185 -1.151 -1.116 -1.079 -1.042 -1.004 
-0.966 -0.926 -0.886 -0.845 -0.803 -0.760 -0.715 -0.669 -0.621 -0.569 
-0.515 -0.455 -0.390 -0.317 -0.235 -0.141 -0.031 0.104 0.273 0.488 
0.675 0.724 0.780 0.826 0.870 0.723 0.452 0.229 0.050 -0.098 
-0.224 -0.333 -0.429 -0.515 -0.592 -0.662 -0.727 -0.787 -0.843 -0.896 
-0.946 -0.995 -1.041 -1.086 -1.129 -1.170 -1.210 -1.247 -1.282 -1.315 
-1.317 
-1.203 -1.222 -1.263 -1.303 -1.340 -1.376 -1.410 -1.441 -1.471 -1.498 
-1.524 -1.547 -1.568 -1.587 -1.604 -1.619 -1.632 -1.642 -1.651 -1.657 
-1.661 -1.663 -1.663 -1.661 -1.657 -1.650 -1.642 -1.631 -1.618 -1.603 
-1.586 -1.567 -1.545 -1.522 -1.496 -1.468 -1.438 -1.406 -1.372 -1.335 
-1.297 -1.255 -1.211 -1.164 -1.114 -1.061 -1.003 -0.941 -0.873 -0.799 
-0.718 -0.627 -0.525 -0.409 -0.275 -0.117 0.073 0.309 0.602 0.898 
1.054 0.954 0.762 0.682 0.829 0.463 0.197 0.030 -0.091 -0.187 
-0.264 -0.330 -0.386 -0.436 -0.481 -0.523 -0.563 -0.602 -0.642 -0.683 
-0.724 -0.767 -0.812 -0.857 -0.903 -0.950 -0.997 -1.044 -1.090 -1.135 
-1.186 
-1.282 -1.306 -1.342 -1.377 -1.411 -1.444 -1.476 -1.508 -1.538 -1.566 
-1.594 -1.620 -1.645 -1.668 -1.690 -1.710 -1.728 -1.745 -1.760 -1.773 
-1.785 -1.795 -1.803 -1.809 -1.814 -1.816 -1.817 -1.816 -1.812 -1.807 
-1.800 -1.791 -1.780 -1.766 -1.750 -1.732 -1.711 -1.688 -1.663 -1.634 
-1.603 -1.569 -1.531 -1.490 -1.445 -1.396 -1.343 -1.284 -1.220 -1.150 
-1.073 -0.987 -0.891 -0.782 -0.658 -0.514 -0.345 -0.142 0.094 0.346 
0.516 0.492 0.645 1.057 1.330 1.038 0.582 0.253 0.037 -0.120 
-0.241 -0.340 -0.424 -0.497 -0.562 -0.622 -0.678 -0.731 -0.780 -0.827 
-0.873 -0.916 -0.958 -0.999 -1.040 -1.079 -1.119 -1.157 -1.195 -1.233 
-1.270 
-1.533 -1.601 -1.642 -1.679 -1.715 -1.749 -1.780 -1.810 -1.837 -1.862 
-1.886 -1.907 -1.926 -1.944 -1.959 -1.972 -1.984 -1.993 -2.001 -2.006 
-2.009 -2.011 -2.010 -2.007 -2.002 -1.995 -1.986 -1.975 -1.961 -1.946 
-1.928 -1.907 -1.884 -1.859 -1.831 -1.801 -1.767 -1.731 -1.691 -1.649 
-1.603 -1.553 -1.500 -1.442 -1.379 -1.312 -1.239 -1.161 -1.075 -0.981 
-0.879 -0.766 -0.640 -0.500 -0.340 -0.157 0.052 0.284 0.516 0.720 
0.867 0.731 0.523 0.515 0.764 0.377 0.106 -0.043 -0.142 -0.218 
-0.282 -0.342 -0.401 -0.464 -0.530 -0.601 -0.675 -0.751 -0.828 -0.905 
-0.980 -1.052 -1.121 -1.186 -1.249 -1.308 -1.364 -1.417 -1.467 -1.514 
-1.521 
-1.476 -1.492 -1.525 -1.555 -1.583 -1.609 -1.632 -1.654 -1.674 -1.692 
-1.707 -1.721 -1.733 -1.743 -1.751 -1.757 -1.762 -1.764 -1.765 -1.763 
-1.760 -1.755 -1.748 -1.739 -1.728 -1.715 -1.700 -1.683 -1.664 -1.643 
-1.619 -1.594 -1.565 -1.535 -1.502 -1.466 -1.427 -1.386 -1.342 -1.294 
-1.243 -1.187 -1.128 -1.065 -0.996 -0.921 -0.841 -0.752 -0.655 -0.547 
-0.426 -0.290 -0.138 0.021 0.163 0.272 0.390 0.574 0.847 1.166 
1.367 1.261 0.976 0.686 0.464 0.293 0.157 0.044 -0.053 -0.140 
-0.222 -0.302 -0.382 -0.461 -0.540 -0.617 -0.693 -0.766 -0.836 -0.904 
-0.969 -1.030 -1.089 -1.145 -1.197 -1.247 -1.294 -1.339 -1.381 -1.420 
-1.463 
-1.525 -1.551 -1.586 -1.619 -1.648 -1.675 -1.700 -1.722 -1.742 -1.759 
-1.774 -1.787 -1.798 -1.806 -1.813 -1.817 -1.819 -1.818 -1.816 -1.811 
-1.805 -1.795 -1.784 -1.771 -1.755 -1.736 -1.715 -1.692 -1.666 -1.637 
-1.606 -1.571 -1.533 -1.492 -1.448 -1.400 -1.347 -1.291 -1.229 -1.162 
-1.090 -1.010 -0.924 -0.828 -0.722 -0.605 -0.473 -0.326 -0.163 0.005 
0.159 0.284 0.408 0.539 0.635 0.652 0.601 0.533 0.513 0.610 
0.779 0.654 0.439 0.309 0.231 0.176 0.131 0.089 0.045 -0.004 
-0.063 -0.135 -0.218 -0.309 -0.405 -0.503 -0.599 -0.691 -0.780 -0.865 
-0.945 -1.020 -1.090 -1.156 -1.218 -1.276 -1.331 -1.381 -1.429 -1.473 
-1.510 
-1.687 -1.723 -1.751 -1.775 -1.797 -1.817 -1.834 -1.849 -1.862 -1.872 
-1.880 -1.885 -1.889 -1.890 -1.888 -1.885 -1.879 -1.871 -1.861 -1.848 
-1.833 -1.816 -1.796 -1.774 -1.748 -1.721 -1.690 -1.657 -1.620 -1.580 
-1.537 -1.490 -1.440 -1.385 -1.326 -1.263 -1.194 -1.119 -1.038 -0.950 
-0.854 -0.749 -0.633 -0.506 -0.364 -0.205 -0.026 0.173 0.390 0.602 
0.734 0.722 0.651 0.576 0.517 0.460 0.398 0.345 0.311 0.296 
0.298 0.310 0.324 0.329 0.312 0.263 0.182 0.078 -0.038 -0.156 
-0.272 -0.385 -0.495 -0.601 -0.704 -0.801 -0.894 -0.980 -1.062 -1.138 
-1.209 -1.275 -1.336 -1.394 -1.447 -1.496 -1.542 -1.585 -1.624 -1.660 
-1.678 
-1.711 -1.742 -1.768 -1.791 -1.812 -1.830 -1.846 -1.859 -1.870 -1.879 
-1.885 -1.890 -1.892 -1.891 -1.889 -1.884 -1.877 -1.868 -1.857 -1.843 
-1.827 -1.808 -1.787 -1.763 -1.737 -1.707 -1.676 -1.641 -1.602 -1.561 
-1.516 -1.468 -1.415 -1.359 -1.297 -1.231 -1.159 -1.082 -0.997 -0.905 
-0.803 -0.692 -0.569 -0.430 -0.274 -0.095 0.115 0.363 0.646 0.907 
1.030 0.952 0.776 0.602 0.465 0.364 0.293 0.247 0.222 0.213 
0.220 0.235 0.255 0.267 0.261 0.224 0.154 0.054 -0.065 -0.191 
-0.319 -0.442 -0.560 -0.670 -0.773 -0.869 -0.958 -1.041 -1.119 -1.191 
-1.258 -1.320 -1.378 -1.432 -1.483 -1.529 -1.572 -1.612 -1.649 -1.683 
-1.702 
-1.611 -1.627 -1.651 -1.674 -1.693 -1.711 -1.726 -1.738 -1.749 -1.757 
-1.763 -1.767 -1.768 -1.768 -1.765 -1.760 -1.752 -1.743 -1.731 -1.717 
-1.700 -1.681 -1.659 -1.635 -1.609 -1.579 -1.547 -1.512 -1.474 -1.432 
-1.387 -1.339 -1.286 -1.230 -1.169 -1.103 -1.032 -0.955 -0.872 -0.782 
-0.684 -0.578 -0.461 -0.334 -0.194 -0.039 0.133 0.324 0.534 0.740 
0.863 0.835 0.724 0.590 0.469 0.370 0.293 0.234 0.191 0.160 
0.139 0.124 0.113 0.100 0.080 0.046 -0.006 -0.074 -0.155 -0.245 
-0.340 -0.437 -0.532 -0.626 -0.716 -0.801 -0.882 -0.959 -1.031 -1.098 
-1.162 -1.221 -1.276 -1.328 -1.376 -1.421 -1.463 -1.501 -1.537 -1.569 
-1.600 
-1.609 -1.622 -1.639 -1.654 -1.668 -1.678 -1.687 -1.694 -1.698 -1.701 
-1.701 -1.699 -1.695 -1.689 -1.681 -1.670 -1.658 -1.643 -1.626 -1.606 
-1.585 -1.560 -1.534 -1.504 -1.472 -1.438 -1.400 -1.360 -1.316 -1.269 
-1.218 -1.164 -1.106 -1.043 -0.977 -0.905 -0.828 -0.746 -0.658 -0.564 
-0.463 -0.355 -0.241 -0.122 0.001 0.122 0.237 0.336 0.417 0.480 
0.514 0.496 0.439 0.374 0.315 0.262 0.216 0.172 0.131 0.089 
0.045 -0.002 -0.052 -0.107 -0.166 -0.230 -0.300 -0.374 -0.452 -0.532 
-0.613 -0.692 -0.770 -0.844 -0.915 -0.982 -1.046 -1.106 -1.162 -1.215 
-1.265 -1.311 -1.354 -1.395 -1.432 -1.467 -1.499 -1.528 -1.555 -1.580 
-1.603 
-1.712 -1.728 -1.749 -1.767 -1.782 -1.796 -1.807 -1.816 -1.823 -1.827 
-1.830 -1.830 -1.829 -1.825 -1.819 -1.811 -1.800 -1.788 -1.773 -1.756 
-1.737 -1.715 -1.691 -1.664 -1.635 -1.603 -1.568 -1.530 -1.490 -1.446 
-1.398 -1.348 -1.293 -1.235 -1.172 -1.106 -1.034 -0.957 -0.875 -0.787 
-0.693 -0.593 -0.487 -0.376 -0.261 -0.143 -0.028 0.083 0.190 0.291 
0.342 0.307 0.246 0.191 0.147 0.110 0.079 0.053 0.031 0.010 
-0.012 -0.037 -0.069 -0.110 -0.161 -0.223 -0.295 -0.375 -0.459 -0.546 
-0.633 -0.718 -0.801 -0.881 -0.957 -1.030 -1.098 -1.163 -1.224 -1.281 
-1.335 -1.385 -1.432 -1.476 -1.518 -1.556 -1.591 -1.624 -1.654 -1.681 
-1.704 
-1.836 -1.879 -1.904 -1.927 -1.947 -1.964 -1.980 -1.993 -2.003 -2.012 
-2.018 -2.022 -2.024 -2.023 -2.021 -2.016 -2.008 -1.999 -1.987 -1.973 
-1.957 -1.938 -1.917 -1.893 -1.866 -1.837 -1.805 -1.770 -1.732 -1.691 
-1.646 -1.598 -1.546 -1.490 -1.429 -1.363 -1.293 -1.216 -1.133 -1.043 
-0.945 -0.837 -0.719 -0.588 -0.441 -0.274 -0.083 0.139 0.382 0.595 
0.692 0.641 0.505 0.353 0.223 0.122 0.046 -0.009 -0.050 -0.079 
-0.101 -0.119 -0.140 -0.166 -0.202 -0.249 -0.308 -0.377 -0.452 -0.532 
-0.615 -0.700 -0.786 -0.873 -0.959 -1.043 -1.123 -1.200 -1.273 -1.342 
-1.406 -1.466 -1.523 -1.575 -1.624 -1.670 -1.712 -1.751 -1.787 -1.821 
-1.829 
-1.785 -1.795 -1.827 -1.857 -1.883 -1.908 -1.929 -1.948 -1.965 -1.979 
-1.991 -2.000 -2.008 -2.012 -2.015 -2.015 -2.013 -2.009 -2.002 -1.993 
-1.982 -1.968 -1.952 -1.933 -1.912 -1.888 -1.861 -1.831 -1.799 -1.763 
-1.724 -1.682 -1.635 -1.585 -1.531 -1.472 -1.408 -1.339 -1.264 -1.181 
-1.092 -0.993 -0.884 -0.764 -0.629 -0.478 -0.308 -0.116 0.096 0.311 
0.471 0.531 0.490 0.371 0.228 0.099 -0.005 -0.085 -0.144 -0.187 
-0.218 -0.239 -0.254 -0.268 -0.282 -0.297 -0.314 -0.332 -0.354 -0.384 
-0.425 -0.479 -0.546 -0.623 -0.708 -0.796 -0.885 -0.972 -1.057 -1.138 
-1.215 -1.287 -1.355 -1.419 -1.478 -1.534 -1.586 -1.634 -1.679 -1.721 
-1.770 
-1.961 -1.995 -2.020 -2.042 -2.061 -2.078 -2.093 -2.105 -2.115 -2.123 
-2.128 -2.131 -2.132 -2.130 -2.127 -2.121 -2.112 -2.101 -2.088 -2.073 
-2.055 -2.035 -2.012 -1.986 -1.958 -1.926 -1.892 -1.854 -1.814 -1.769 
-1.721 -1.669 -1.613 -1.552 -1.486 -1.414 -1.336 -1.250 -1.156 -1.053 
-0.938 -0.808 -0.663 -0.500 -0.333 -0.193 -0.088 0.023 0.139 0.229 
0.274 0.273 0.217 0.128 0.043 -0.025 -0.073 -0.104 -0.121 -0.127 
-0.127 -0.125 -0.129 -0.147 -0.189 -0.255 -0.338 -0.430 -0.523 -0.616 
-0.706 -0.796 -0.886 -0.976 -1.064 -1.150 -1.233 -1.311 -1.386 -1.456 
-1.521 -1.582 -1.639 -1.692 -1.742 -1.787 -1.830 -1.869 -1.905 -1.938 
-1.953 
-2.154 -2.174 -2.193 -2.210 -2.224 -2.236 -2.246 -2.253 -2.257 -2.260 
-2.260 -2.258 -2.253 -2.246 -2.237 -2.226 -2.212 -2.195 -2.176 -2.155 
-2.130 -2.103 -2.073 -2.040 -2.004 -1.965 -1.922 -1.876 -1.825 -1.770 
-1.711 -1.646 -1.576 -1.499 -1.416 -1.325 -1.224 -1.114 -0.990 -0.852 
-0.695 -0.518 -0.320 -0.113 0.068 0.167 0.162 0.094 0.017 -0.048 
-0.110 -0.175 -0.237 -0.288 -0.322 -0.339 -0.340 -0.325 -0.296 -0.255 
-0.207 -0.159 -0.123 -0.117 -0.156 -0.245 -0.370 -0.512 -0.656 -0.794 
-0.922 -1.041 -1.151 -1.252 -1.345 -1.430 -1.510 -1.583 -1.651 -1.713 
-1.771 -1.825 -1.875 -1.921 -1.963 -2.003 -2.038 -2.071 -2.101 -2.128 
-2.146 
-2.260 -2.288 -2.305 -2.319 -2.331 -2.340 -2.347 -2.352 -2.355 -2.356 
-2.354 -2.350 -2.344 -2.335 -2.324 -2.311 -2.296 -2.278 -2.257 -2.234 
-2.209 -2.181 -2.150 -2.116 -2.079 -2.039 -1.996 -1.949 -1.898 -1.844 
-1.785 -1.722 -1.654 -1.581 -1.503 -1.418 -1.326 -1.227 -1.119 -1.001 
-0.871 -0.727 -0.567 -0.390 -0.211 -0.064 0.025 0.055 0.028 -0.038 
-0.115 -0.185 -0.238 -0.274 -0.291 -0.292 -0.278 -0.252 -0.219 -0.187 
-0.168 -0.174 -0.213 -0.285 -0.387 -0.512 -0.650 -0.789 -0.922 -1.047 
-1.162 -1.268 -1.366 -1.456 -1.539 -1.616 -1.688 -1.754 -1.815 -1.872 
-1.925 -1.974 -2.019 -2.061 -2.099 -2.134 -2.167 -2.196 -2.223 -2.247 
-2.254 
-2.244 -2.240 -2.253 -2.264 -2.272 -2.278 -2.282 -2.284 -2.283 -2.281 
-2.276 -2.269 -2.259 -2.248 -2.234 -2.218 -2.199 -2.178 -2.155 -2.129 
-2.100 -2.069 -2.035 -1.999 -1.959 -1.916 -1.870 -1.821 -1.769 -1.713 
-1.653 -1.590 -1.523 -1.452 -1.377 -1.299 -1.217 -1.133 -1.048 -0.962 
-0.877 -0.794 -0.712 -0.630 -0.548 -0.466 -0.399 -0.367 -0.377 -0.407 
-0.438 -0.457 -0.465 -0.459 -0.442 -0.414 -0.379 -0.339 -0.301 -0.273 
-0.268 -0.293 -0.356 -0.453 -0.572 -0.698 -0.824 -0.944 -1.058 -1.163 
-1.262 -1.353 -1.437 -1.516 -1.589 -1.656 -1.719 -1.777 -1.831 -1.881 
-1.928 -1.971 -2.010 -2.047 -2.080 -2.111 -2.139 -2.164 -2.187 -2.207 
-2.238 
-2.435 -2.468 -2.485 -2.499 -2.512 -2.521 -2.529 -2.534 -2.537 -2.537 
-2.535 -2.531 -2.525 -2.516 -2.505 -2.492 -2.476 -2.458 -2.438 -2.414 
-2.389 -2.360 -2.329 -2.294 -2.257 -2.217 -2.173 -2.126 -2.075 -2.020 
-1.962 -1.899 -1.831 -1.758 -1.680 -1.596 -1.506 -1.410 -1.306 -1.195 
-1.075 -0.946 -0.808 -0.664 -0.523 -0.401 -0.305 -0.215 -0.193 -0.320 
-0.420 -0.486 -0.528 -0.551 -0.555 -0.542 -0.515 -0.473 -0.422 -0.369 
-0.329 -0.320 -0.361 -0.453 -0.581 -0.721 -0.858 -0.981 -1.090 -1.192 
-1.291 -1.390 -1.489 -1.584 -1.674 -1.758 -1.836 -1.907 -1.973 -2.034 
-2.090 -2.141 -2.189 -2.233 -2.273 -2.310 -2.343 -2.374 -2.401 -2.426 
-2.429 
-2.509 -2.539 -2.565 -2.590 -2.611 -2.630 -2.646 -2.659 -2.671 -2.679 
-2.686 -2.689 -2.691 -2.690 -2.687 -2.681 -2.673 -2.663 -2.650 -2.635 
-2.617 -2.596 -2.573 -2.547 -2.518 -2.486 -2.450 -2.412 -2.370 -2.324 
-2.274 -2.220 -2.161 -2.098 -2.028 -1.953 -1.870 -1.780 -1.681 -1.571 
-1.450 -1.314 -1.161 -0.988 -0.789 -0.550 -0.250 0.035 0.124 -0.057 
-0.296 -0.480 -0.615 -0.716 -0.790 -0.841 -0.872 -0.885 -0.883 -0.867 
-0.848 -0.838 -0.853 -0.889 -0.925 -0.948 -0.955 -0.956 -0.964 -0.993 
-1.051 -1.136 -1.238 -1.348 -1.460 -1.568 -1.670 -1.765 -1.854 -1.935 
-2.011 -2.081 -2.145 -2.205 -2.260 -2.311 -2.357 -2.400 -2.440 -2.476 
-2.498 
-2.446 -2.461 -2.482 -2.500 -2.517 -2.530 -2.542 -2.551 -2.559 -2.563 
-2.566 -2.567 -2.565 -2.561 -2.555 -2.547 -2.536 -2.524 -2.508 -2.491 
-2.471 -2.449 -2.424 -2.396 -2.366 -2.333 -2.297 -2.258 -2.216 -2.170 
-2.121 -2.068 -2.010 -1.949 -1.883 -1.812 -1.735 -1.652 -1.563 -1.467 
-1.363 -1.250 -1.127 -0.992 -0.844 -0.679 -0.489 -0.269 -0.135 -0.146 
-0.174 -0.236 -0.317 -0.398 -0.468 -0.525 -0.569 -0.605 -0.636 -0.667 
-0.702 -0.741 -0.786 -0.836 -0.891 -0.950 -1.012 -1.075 -1.140 -1.211 
-1.289 -1.374 -1.463 -1.551 -1.635 -1.716 -1.791 -1.862 -1.928 -1.990 
-2.048 -2.101 -2.151 -2.198 -2.241 -2.281 -2.318 -2.352 -2.383 -2.412 
-2.438 
-2.417 -2.435 -2.450 -2.462 -2.473 -2.481 -2.487 -2.491 -2.492 -2.492 
-2.489 -2.485 -2.478 -2.469 -2.457 -2.444 -2.428 -2.410 -2.389 -2.367 
-2.341 -2.313 -2.283 -2.250 -2.214 -2.175 -2.133 -2.088 -2.040 -1.988 
-1.932 -1.873 -1.810 -1.742 -1.670 -1.594 -1.512 -1.426 -1.336 -1.240 
-1.142 -1.041 -0.939 -0.840 -0.745 -0.659 -0.582 -0.514 -0.458 -0.422 
-0.413 -0.423 -0.436 -0.446 -0.449 -0.447 -0.444 -0.444 -0.456 -0.483 
-0.531 -0.599 -0.683 -0.778 -0.879 -0.982 -1.085 -1.185 -1.282 -1.375 
-1.463 -1.547 -1.626 -1.701 -1.771 -1.837 -1.898 -1.956 -2.010 -2.061 
-2.108 -2.151 -2.192 -2.230 -2.264 -2.296 -2.326 -2.352 -2.377 -2.399 
-2.411 
-2.394 -2.394 -2.407 -2.419 -2.428 -2.434 -2.439 -2.441 -2.441 -2.439 
-2.435 -2.429 -2.420 -2.409 -2.396 -2.381 -2.363 -2.343 -2.320 -2.295 
-2.268 -2.238 -2.205 -2.169 -2.130 -2.088 -2.043 -1.995 -1.943 -1.888 
-1.829 -1.766 -1.699 -1.629 -1.555 -1.477 -1.396 -1.311 -1.225 -1.137 
-1.048 -0.961 -0.878 -0.803 -0.740 -0.693 -0.661 -0.643 -0.637 -0.638 
-0.643 -0.646 -0.647 -0.642 -0.632 -0.615 -0.592 -0.566 -0.546 -0.550 
-0.591 -0.654 -0.729 -0.811 -0.900 -0.994 -1.090 -1.185 -1.278 -1.368 
-1.455 -1.536 -1.613 -1.686 -1.754 -1.818 -1.878 -1.935 -1.987 -2.036 
-2.081 -2.124 -2.163 -2.199 -2.233 -2.263 -2.291 -2.317 -2.340 -2.360 
-2.387 
-2.550 -2.569 -2.578 -2.585 -2.589 -2.591 -2.591 -2.589 -2.584 -2.577 
-2.568 -2.556 -2.542 -2.526 -2.507 -2.486 -2.462 -2.435 -2.406 -2.375 
-2.340 -2.303 -2.262 -2.219 -2.172 -2.122 -2.069 -2.012 -1.952 -1.888 
-1.821 -1.752 -1.679 -1.605 -1.530 -1.455 -1.381 -1.310 -1.241 -1.174 
-1.105 -1.031 -0.953 -0.894 -0.885 -0.908 -0.933 -0.949 -0.957 -0.955 
-0.944 -0.921 -0.885 -0.834 -0.766 -0.679 -0.576 -0.469 -0.391 -0.382 
-0.459 -0.594 -0.743 -0.881 -1.006 -1.127 -1.246 -1.362 -1.473 -1.576 
-1.672 -1.760 -1.841 -1.915 -1.984 -2.048 -2.106 -2.161 -2.211 -2.257 
-2.299 -2.338 -2.374 -2.407 -2.436 -2.463 -2.487 -2.509 -2.527 -2.544 
-2.547 
-2.706 -2.715 -2.731 -2.743 -2.753 -2.761 -2.767 -2.769 -2.770 -2.768 
-2.764 -2.757 -2.748 -2.737 -2.722 -2.706 -2.687 -2.665 -2.640 -2.613 
-2.583 -2.549 -2.513 -2.473 -2.430 -2.383 -2.332 -2.278 -2.218 -2.155 
-2.086 -2.012 -1.932 -1.846 -1.752 -1.651 -1.539 -1.416 -1.276 -1.117 
-0.936 -0.736 -0.548 -0.452 -0.488 -0.594 -0.722 -0.841 -0.938 -1.013 
-1.067 -1.101 -1.118 -1.117 -1.099 -1.062 -1.006 -0.935 -0.865 -0.827 
-0.826 -0.823 -0.803 -0.791 -0.822 -0.905 -1.021 -1.153 -1.289 -1.421 
-1.545 -1.660 -1.766 -1.863 -1.952 -2.034 -2.109 -2.178 -2.242 -2.301 
-2.355 -2.405 -2.451 -2.493 -2.532 -2.567 -2.599 -2.628 -2.654 -2.677 
-2.698 
-2.849 -2.894 -2.910 -2.923 -2.934 -2.943 -2.949 -2.952 -2.954 -2.953 
-2.949 -2.944 -2.935 -2.925 -2.912 -2.896 -2.878 -2.857 -2.833 -2.807 
-2.778 -2.745 -2.710 -2.671 -2.628 -2.582 -2.531 -2.476 -2.417 -2.352 
-2.281 -2.204 -2.120 -2.028 -1.925 -1.811 -1.684 -1.539 -1.371 -1.174 
-0.938 -0.669 -0.437 -0.361 -0.474 -0.661 -0.832 -0.967 -1.071 -1.151 
-1.211 -1.254 -1.281 -1.293 -1.292 -1.276 -1.247 -1.204 -1.144 -1.068 
-0.974 -0.866 -0.763 -0.709 -0.749 -0.880 -1.057 -1.238 -1.407 -1.558 
-1.694 -1.815 -1.926 -2.026 -2.117 -2.200 -2.277 -2.347 -2.411 -2.471 
-2.526 -2.576 -2.623 -2.666 -2.705 -2.741 -2.774 -2.803 -2.830 -2.854 
-2.844 
-2.713 -2.711 -2.726 -2.738 -2.748 -2.756 -2.761 -2.764 -2.765 -2.763 
-2.759 -2.753 -2.745 -2.734 -2.721 -2.706 -2.688 -2.667 -2.644 -2.618 
-2.590 -2.558 -2.524 -2.486 -2.445 -2.401 -2.353 -2.301 -2.245 -2.184 
-2.119 -2.049 -1.972 -1.890 -1.800 -1.703 -1.598 -1.485 -1.361 -1.228 
-1.085 -0.931 -0.773 -0.691 -0.716 -0.759 -0.807 -0.860 -0.914 -0.961 
-1.001 -1.031 -1.051 -1.060 -1.059 -1.049 -1.030 -1.003 -0.972 -0.941 
-0.914 -0.896 -0.892 -0.913 -0.978 -1.085 -1.207 -1.329 -1.445 -1.555 
-1.659 -1.755 -1.845 -1.929 -2.007 -2.079 -2.146 -2.209 -2.267 -2.321 
-2.371 -2.417 -2.460 -2.499 -2.536 -2.569 -2.599 -2.627 -2.652 -2.674 
-2.706 
-2.745 -2.764 -2.779 -2.791 -2.800 -2.808 -2.813 -2.816 -2.816 -2.815 
-2.811 -2.805 -2.796 -2.786 -2.773 -2.757 -2.739 -2.719 -2.697 -2.671 
-2.643 -2.612 -2.579 -2.542 -2.503 -2.460 -2.413 -2.363 -2.309 -2.251 
-2.189 -2.122 -2.050 -1.973 -1.891 -1.802 -1.707 -1.607 -1.500 -1.390 
-1.277 -1.167 -1.067 -0.986 -0.932 -0.907 -0.907 -0.923 -0.948 -0.974 
-0.997 -1.013 -1.021 -1.020 -1.009 -0.989 -0.960 -0.926 -0.891 -0.863 
-0.851 -0.867 -0.913 -0.988 -1.085 -1.195 -1.310 -1.426 -1.537 -1.643 
-1.743 -1.836 -1.923 -2.004 -2.080 -2.150 -2.215 -2.276 -2.332 -2.385 
-2.433 -2.479 -2.520 -2.559 -2.594 -2.626 -2.656 -2.683 -2.707 -2.729 
-2.740 
-2.760 -2.774 -2.787 -2.799 -2.808 -2.814 -2.819 -2.821 -2.821 -2.819 
-2.815 -2.808 -2.799 -2.788 -2.775 -2.759 -2.741 -2.720 -2.697 -2.672 
-2.643 -2.612 -2.579 -2.542 -2.502 -2.460 -2.413 -2.364 -2.310 -2.253 
-2.192 -2.127 -2.057 -1.982 -1.902 -1.817 -1.728 -1.633 -1.534 -1.433 
-1.332 -1.237 -1.154 -1.088 -1.043 -1.017 -1.006 -1.006 -1.010 -1.016 
-1.018 -1.016 -1.006 -0.988 -0.961 -0.924 -0.880 -0.831 -0.786 -0.756 
-0.753 -0.788 -0.860 -0.960 -1.077 -1.202 -1.327 -1.448 -1.562 -1.670 
-1.770 -1.864 -1.950 -2.031 -2.105 -2.174 -2.238 -2.298 -2.353 -2.405 
-2.452 -2.496 -2.537 -2.574 -2.609 -2.640 -2.669 -2.695 -2.719 -2.739 
-2.754 
-2.735 -2.751 -2.766 -2.778 -2.788 -2.796 -2.801 -2.804 -2.804 -2.803 
-2.798 -2.792 -2.783 -2.772 -2.758 -2.742 -2.724 -2.702 -2.679 -2.652 
-2.623 -2.590 -2.555 -2.516 -2.474 -2.428 -2.378 -2.325 -2.267 -2.204 
-2.136 -2.063 -1.984 -1.899 -1.807 -1.708 -1.602 -1.489 -1.372 -1.254 
-1.141 -1.045 -0.976 -0.942 -0.944 -0.972 -1.014 -1.060 -1.104 -1.141 
-1.170 -1.189 -1.198 -1.197 -1.186 -1.165 -1.135 -1.098 -1.055 -1.015 
-0.983 -0.967 -0.972 -0.999 -1.049 -1.122 -1.214 -1.320 -1.433 -1.545 
-1.654 -1.756 -1.852 -1.941 -2.023 -2.099 -2.170 -2.235 -2.295 -2.351 
-2.403 -2.451 -2.495 -2.535 -2.572 -2.606 -2.637 -2.666 -2.691 -2.713 
-2.729 
-2.704 -2.715 -2.732 -2.747 -2.758 -2.768 -2.774 -2.779 -2.781 -2.780 
-2.777 -2.772 -2.764 -2.753 -2.740 -2.725 -2.706 -2.685 -2.662 -2.635 
-2.606 -2.573 -2.537 -2.498 -2.455 -2.408 -2.358 -2.303 -2.243 -2.178 
-2.108 -2.033 -1.951 -1.862 -1.768 -1.666 -1.560 -1.450 -1.341 -1.240 
-1.156 -1.095 -1.063 -1.059 -1.082 -1.127 -1.183 -1.241 -1.293 -1.338 
-1.374 -1.400 -1.417 -1.424 -1.422 -1.411 -1.390 -1.360 -1.322 -1.275 
-1.221 -1.164 -1.108 -1.062 -1.035 -1.038 -1.079 -1.156 -1.258 -1.372 
-1.488 -1.601 -1.709 -1.809 -1.902 -1.988 -2.068 -2.141 -2.209 -2.271 
-2.329 -2.382 -2.431 -2.476 -2.517 -2.555 -2.589 -2.620 -2.648 -2.674 
-2.696 
-2.771 -2.779 -2.799 -2.816 -2.830 -2.842 -2.852 -2.859 -2.863 -2.865 
-2.865 -2.862 -2.857 -2.850 -2.840 -2.827 -2.812 -2.795 -2.774 -2.751 
-2.725 -2.696 -2.664 -2.629 -2.591 -2.549 -2.503 -2.453 -2.398 -2.339 
-2.275 -2.205 -2.130 -2.048 -1.958 -1.861 -1.756 -1.642 -1.520 -1.393 
-1.263 -1.140 -1.041 -0.983 -0.971 -1.003 -1.064 -1.138 -1.214 -1.282 
-1.341 -1.388 -1.425 -1.452 -1.468 -1.475 -1.472 -1.460 -1.439 -1.409 
-1.371 -1.325 -1.273 -1.221 -1.184 -1.183 -1.224 -1.290 -1.370 -1.461 
-1.557 -1.655 -1.751 -1.845 -1.934 -2.019 -2.098 -2.172 -2.241 -2.305 
-2.365 -2.420 -2.471 -2.519 -2.563 -2.603 -2.640 -2.674 -2.704 -2.732 
-2.763 
-3.036 -3.077 -3.095 -3.111 -3.124 -3.134 -3.142 -3.148 -3.151 -3.151 
-3.150 -3.145 -3.139 -3.129 -3.118 -3.104 -3.087 -3.067 -3.045 -3.020 
-2.992 -2.960 -2.926 -2.888 -2.847 -2.802 -2.752 -2.699 -2.640 -2.576 
-2.507 -2.431 -2.348 -2.257 -2.156 -2.045 -1.921 -1.784 -1.630 -1.463 
-1.291 -1.136 -1.032 -1.001 -1.041 -1.132 -1.241 -1.343 -1.432 -1.505 
-1.562 -1.605 -1.635 -1.651 -1.655 -1.647 -1.626 -1.592 -1.542 -1.477 
-1.394 -1.293 -1.179 -1.071 -1.007 -1.029 -1.140 -1.300 -1.469 -1.628 
-1.772 -1.903 -2.022 -2.130 -2.229 -2.319 -2.402 -2.479 -2.549 -2.614 
-2.674 -2.729 -2.779 -2.826 -2.869 -2.908 -2.944 -2.976 -3.006 -3.032 
-3.031 
-3.116 -3.137 -3.155 -3.170 -3.183 -3.194 -3.202 -3.207 -3.210 -3.211 
-3.209 -3.205 -3.198 -3.189 -3.178 -3.163 -3.147 -3.127 -3.105 -3.080 
-3.052 -3.021 -2.987 -2.949 -2.908 -2.863 -2.814 -2.761 -2.703 -2.639 
-2.570 -2.495 -2.413 -2.322 -2.223 -2.113 -1.991 -1.855 -1.705 -1.542 
-1.371 -1.202 -1.049 -0.944 -0.924 -0.996 -1.118 -1.245 -1.356 -1.447 
-1.517 -1.569 -1.605 -1.626 -1.633 -1.627 -1.606 -1.572 -1.523 -1.457 
-1.376 -1.280 -1.177 -1.086 -1.041 -1.075 -1.186 -1.341 -1.507 -1.667 
-1.815 -1.950 -2.073 -2.184 -2.285 -2.377 -2.461 -2.538 -2.609 -2.674 
-2.734 -2.789 -2.840 -2.886 -2.929 -2.968 -3.004 -3.037 -3.066 -3.092 
-3.109 
-3.068 -3.076 -3.092 -3.105 -3.116 -3.124 -3.130 -3.133 -3.134 -3.132 
-3.128 -3.121 -3.111 -3.099 -3.084 -3.067 -3.047 -3.023 -2.997 -2.968 
-2.936 -2.900 -2.860 -2.817 -2.770 -2.718 -2.662 -2.600 -2.533 -2.459 
-2.379 -2.290 -2.194 -2.088 -1.973 -1.848 -1.716 -1.580 -1.447 -1.323 
-1.226 -1.175 -1.171 -1.197 -1.253 -1.345 -1.448 -1.539 -1.614 -1.672 
-1.714 -1.743 -1.760 -1.763 -1.755 -1.735 -1.701 -1.654 -1.595 -1.528 
-1.467 -1.423 -1.391 -1.359 -1.337 -1.349 -1.402 -1.487 -1.594 -1.713 
-1.834 -1.951 -2.063 -2.166 -2.261 -2.349 -2.430 -2.505 -2.573 -2.636 
-2.694 -2.747 -2.796 -2.841 -2.882 -2.919 -2.953 -2.983 -3.011 -3.035 
-3.060 
-3.099 -3.113 -3.122 -3.128 -3.131 -3.132 -3.131 -3.127 -3.121 -3.112 
-3.100 -3.086 -3.069 -3.050 -3.028 -3.003 -2.975 -2.943 -2.909 -2.871 
-2.830 -2.785 -2.736 -2.682 -2.624 -2.561 -2.493 -2.419 -2.338 -2.250 
-2.155 -2.052 -1.941 -1.823 -1.701 -1.579 -1.466 -1.376 -1.320 -1.300 
-1.312 -1.349 -1.407 -1.476 -1.543 -1.602 -1.649 -1.684 -1.707 -1.718 
-1.719 -1.707 -1.684 -1.649 -1.600 -1.537 -1.460 -1.369 -1.270 -1.180 
-1.125 -1.132 -1.204 -1.318 -1.446 -1.571 -1.689 -1.806 -1.922 -2.034 
-2.140 -2.239 -2.330 -2.414 -2.491 -2.561 -2.626 -2.685 -2.739 -2.789 
-2.834 -2.875 -2.913 -2.947 -2.978 -3.006 -3.031 -3.053 -3.072 -3.088 
-3.096 
-3.093 -3.100 -3.108 -3.114 -3.116 -3.117 -3.115 -3.110 -3.103 -3.094 
-3.081 -3.067 -3.049 -3.029 -3.006 -2.980 -2.951 -2.919 -2.884 -2.845 
-2.803 -2.756 -2.706 -2.652 -2.592 -2.528 -2.459 -2.384 -2.302 -2.215 
-2.122 -2.022 -1.919 -1.814 -1.713 -1.622 -1.549 -1.502 -1.484 -1.497 
-1.533 -1.585 -1.641 -1.697 -1.747 -1.789 -1.823 -1.849 -1.866 -1.875 
-1.874 -1.865 -1.846 -1.818 -1.779 -1.730 -1.670 -1.598 -1.518 -1.435 
-1.366 -1.331 -1.340 -1.393 -1.483 -1.597 -1.722 -1.845 -1.963 -2.072 
-2.174 -2.267 -2.352 -2.431 -2.503 -2.570 -2.631 -2.688 -2.740 -2.787 
-2.831 -2.871 -2.908 -2.941 -2.971 -2.998 -3.022 -3.043 -3.061 -3.077 
-3.089 
-3.100 -3.106 -3.117 -3.125 -3.131 -3.135 -3.135 -3.134 -3.130 -3.124 
-3.115 -3.104 -3.090 -3.074 -3.055 -3.033 -3.008 -2.981 -2.950 -2.916 
-2.879 -2.839 -2.794 -2.746 -2.694 -2.637 -2.575 -2.508 -2.436 -2.357 
-2.273 -2.182 -2.084 -1.981 -1.875 -1.768 -1.666 -1.576 -1.502 -1.450 
-1.420 -1.419 -1.463 -1.537 -1.616 -1.688 -1.750 -1.801 -1.842 -1.873 
-1.897 -1.912 -1.919 -1.920 -1.914 -1.901 -1.882 -1.858 -1.829 -1.798 
-1.766 -1.741 -1.732 -1.745 -1.777 -1.821 -1.875 -1.939 -2.013 -2.093 
-2.177 -2.259 -2.337 -2.412 -2.482 -2.547 -2.608 -2.665 -2.718 -2.767 
-2.812 -2.854 -2.892 -2.927 -2.959 -2.989 -3.015 -3.038 -3.059 -3.078 
-3.095 
-3.149 -3.173 -3.191 -3.206 -3.218 -3.228 -3.235 -3.240 -3.242 -3.241 
-3.238 -3.232 -3.224 -3.213 -3.200 -3.184 -3.165 -3.143 -3.119 -3.091 
-3.060 -3.026 -2.988 -2.946 -2.901 -2.851 -2.797 -2.738 -2.673 -2.602 
-2.525 -2.440 -2.347 -2.245 -2.133 -2.010 -1.875 -1.728 -1.569 -1.407 
-1.265 -1.189 -1.210 -1.308 -1.436 -1.561 -1.670 -1.760 -1.834 -1.893 
-1.940 -1.975 -1.999 -2.014 -2.021 -2.018 -2.008 -1.989 -1.963 -1.929 
-1.889 -1.841 -1.789 -1.736 -1.686 -1.651 -1.639 -1.659 -1.712 -1.792 
-1.891 -1.998 -2.107 -2.212 -2.311 -2.403 -2.488 -2.567 -2.639 -2.706 
-2.767 -2.823 -2.875 -2.922 -2.965 -3.005 -3.041 -3.074 -3.103 -3.129 
-3.141 
-3.112 -3.127 -3.147 -3.164 -3.179 -3.191 -3.200 -3.207 -3.211 -3.212 
-3.211 -3.207 -3.200 -3.191 -3.179 -3.165 -3.147 -3.127 -3.104 -3.077 
-3.048 -3.015 -2.978 -2.938 -2.894 -2.845 -2.792 -2.735 -2.672 -2.603 
-2.529 -2.448 -2.360 -2.265 -2.164 -2.057 -1.946 -1.831 -1.717 -1.608 
-1.519 -1.474 -1.495 -1.567 -1.656 -1.746 -1.828 -1.900 -1.961 -2.012 
-2.053 -2.084 -2.107 -2.121 -2.127 -2.124 -2.114 -2.095 -2.069 -2.033 
-1.989 -1.936 -1.875 -1.807 -1.737 -1.670 -1.618 -1.592 -1.600 -1.647 
-1.726 -1.828 -1.940 -2.053 -2.162 -2.265 -2.361 -2.449 -2.530 -2.604 
-2.673 -2.735 -2.793 -2.846 -2.894 -2.938 -2.978 -3.014 -3.047 -3.077 
-3.103 
-3.132 -3.144 -3.160 -3.174 -3.184 -3.192 -3.197 -3.200 -3.200 -3.197 
-3.192 -3.184 -3.173 -3.159 -3.143 -3.123 -3.101 -3.076 -3.047 -3.015 
-2.980 -2.941 -2.898 -2.851 -2.800 -2.745 -2.684 -2.619 -2.548 -2.471 
-2.389 -2.302 -2.210 -2.116 -2.024 -1.938 -1.865 -1.811 -1.778 -1.767 
-1.776 -1.806 -1.852 -1.910 -1.971 -2.028 -2.080 -2.124 -2.160 -2.188 
-2.209 -2.222 -2.228 -2.227 -2.218 -2.202 -2.178 -2.147 -2.106 -2.057 
-1.999 -1.932 -1.857 -1.777 -1.698 -1.631 -1.592 -1.593 -1.638 -1.721 
-1.826 -1.942 -2.058 -2.169 -2.273 -2.370 -2.458 -2.539 -2.613 -2.681 
-2.743 -2.800 -2.852 -2.899 -2.942 -2.982 -3.017 -3.049 -3.077 -3.103 
-3.125 
-3.253 -3.268 -3.285 -3.299 -3.311 -3.320 -3.326 -3.330 -3.331 -3.329 
-3.325 -3.318 -3.309 -3.297 -3.282 -3.265 -3.244 -3.221 -3.194 -3.165 
-3.132 -3.095 -3.055 -3.011 -2.963 -2.911 -2.854 -2.791 -2.724 -2.650 
-2.571 -2.485 -2.393 -2.294 -2.192 -2.087 -1.984 -1.891 -1.816 -1.767 
-1.749 -1.764 -1.807 -1.869 -1.939 -2.006 -2.068 -2.121 -2.166 -2.202 
-2.229 -2.249 -2.260 -2.264 -2.259 -2.247 -2.227 -2.199 -2.163 -2.117 
-2.064 -2.002 -1.935 -1.867 -1.806 -1.762 -1.743 -1.757 -1.806 -1.885 
-1.984 -2.092 -2.200 -2.305 -2.405 -2.497 -2.583 -2.662 -2.735 -2.802 
-2.863 -2.919 -2.971 -3.019 -3.062 -3.101 -3.137 -3.170 -3.199 -3.225 
-3.246 
-3.463 -3.488 -3.504 -3.518 -3.529 -3.537 -3.543 -3.546 -3.547 -3.546 
-3.542 -3.535 -3.526 -3.514 -3.499 -3.482 -3.462 -3.440 -3.414 -3.385 
-3.353 -3.318 -3.279 -3.237 -3.190 -3.140 -3.084 -3.024 -2.959 -2.887 
-2.809 -2.723 -2.629 -2.526 -2.412 -2.286 -2.148 -1.995 -1.838 -1.715 
-1.667 -1.663 -1.691 -1.750 -1.829 -1.912 -1.991 -2.059 -2.117 -2.162 
-2.197 -2.221 -2.235 -2.239 -2.233 -2.217 -2.191 -2.155 -2.107 -2.049 
-1.981 -1.905 -1.827 -1.757 -1.710 -1.702 -1.747 -1.846 -1.970 -2.101 
-2.229 -2.351 -2.465 -2.570 -2.667 -2.756 -2.838 -2.913 -2.982 -3.045 
-3.103 -3.157 -3.206 -3.251 -3.292 -3.330 -3.364 -3.395 -3.422 -3.447 
-3.457 
-3.487 -3.535 -3.552 -3.565 -3.576 -3.585 -3.590 -3.593 -3.594 -3.592 
-3.587 -3.580 -3.571 -3.558 -3.543 -3.525 -3.504 -3.480 -3.454 -3.424 
-3.390 -3.353 -3.312 -3.267 -3.218 -3.164 -3.105 -3.040 -2.969 -2.890 
-2.803 -2.706 -2.597 -2.473 -2.332 -2.167 -1.974 -1.758 -1.557 -1.448 
-1.484 -1.606 -1.742 -1.862 -1.967 -2.058 -2.136 -2.202 -2.256 -2.298 
-2.330 -2.353 -2.365 -2.368 -2.362 -2.346 -2.320 -2.283 -2.235 -2.174 
-2.100 -2.010 -1.905 -1.786 -1.670 -1.592 -1.600 -1.705 -1.865 -2.036 
-2.196 -2.340 -2.468 -2.584 -2.688 -2.783 -2.869 -2.947 -3.018 -3.084 
-3.144 -3.199 -3.249 -3.295 -3.337 -3.375 -3.410 -3.441 -3.469 -3.494 
-3.482 
-3.239 -3.231 -3.248 -3.263 -3.275 -3.285 -3.292 -3.296 -3.298 -3.298 
-3.295 -3.290 -3.282 -3.271 -3.258 -3.243 -3.224 -3.203 -3.179 -3.153 
-3.123 -3.090 -3.053 -3.013 -2.969 -2.922 -2.870 -2.814 -2.752 -2.686 
-2.614 -2.535 -2.450 -2.358 -2.258 -2.150 -2.033 -1.907 -1.777 -1.678 
-1.646 -1.647 -1.664 -1.697 -1.745 -1.801 -1.857 -1.911 -1.959 -1.999 
-2.031 -2.055 -2.071 -2.079 -2.078 -2.070 -2.054 -2.030 -1.998 -1.958 
-1.911 -1.858 -1.801 -1.745 -1.694 -1.663 -1.671 -1.725 -1.807 -1.904 
-2.007 -2.112 -2.214 -2.312 -2.404 -2.490 -2.570 -2.645 -2.713 -2.777 
-2.836 -2.890 -2.940 -2.986 -3.028 -3.066 -3.101 -3.133 -3.162 -3.188 
-3.230 
-3.318 -3.349 -3.363 -3.375 -3.384 -3.391 -3.395 -3.397 -3.396 -3.392 
-3.387 -3.378 -3.367 -3.354 -3.338 -3.319 -3.297 -3.273 -3.245 -3.215 
-3.181 -3.144 -3.103 -3.059 -3.010 -2.958 -2.900 -2.838 -2.771 -2.699 
-2.620 -2.536 -2.445 -2.349 -2.248 -2.145 -2.044 -1.952 -1.877 -1.827 
-1.809 -1.821 -1.855 -1.905 -1.960 -2.016 -2.067 -2.113 -2.151 -2.181 
-2.204 -2.219 -2.226 -2.226 -2.218 -2.203 -2.180 -2.150 -2.113 -2.070 
-2.022 -1.973 -1.925 -1.887 -1.866 -1.869 -1.901 -1.960 -2.040 -2.133 
-2.231 -2.329 -2.424 -2.514 -2.599 -2.678 -2.751 -2.819 -2.882 -2.940 
-2.994 -3.044 -3.089 -3.131 -3.169 -3.204 -3.235 -3.264 -3.289 -3.312 
-3.313 
-3.291 -3.299 -3.313 -3.324 -3.332 -3.338 -3.342 -3.343 -3.341 -3.338 
-3.331 -3.322 -3.311 -3.297 -3.280 -3.261 -3.239 -3.214 -3.185 -3.154 
-3.120 -3.082 -3.040 -2.995 -2.946 -2.892 -2.833 -2.769 -2.700 -2.625 
-2.543 -2.454 -2.357 -2.252 -2.140 -2.021 -1.900 -1.785 -1.688 -1.624 
-1.604 -1.629 -1.684 -1.756 -1.830 -1.901 -1.964 -2.018 -2.063 -2.098 
-2.126 -2.145 -2.156 -2.160 -2.157 -2.147 -2.131 -2.109 -2.083 -2.052 
-2.020 -1.989 -1.963 -1.946 -1.942 -1.955 -1.988 -2.038 -2.104 -2.181 
-2.265 -2.350 -2.434 -2.516 -2.593 -2.665 -2.733 -2.797 -2.856 -2.911 
-2.962 -3.009 -3.052 -3.092 -3.128 -3.161 -3.191 -3.219 -3.243 -3.264 
-3.286 
-3.311 -3.322 -3.340 -3.354 -3.366 -3.376 -3.382 -3.386 -3.388 -3.387 
-3.383 -3.377 -3.368 -3.357 -3.343 -3.326 -3.306 -3.283 -3.258 -3.229 
-3.197 -3.161 -3.122 -3.079 -3.032 -2.980 -2.924 -2.862 -2.795 -2.721 
-2.641 -2.554 -2.458 -2.353 -2.239 -2.116 -1.987 -1.859 -1.751 -1.684 
-1.667 -1.695 -1.754 -1.830 -1.910 -1.987 -2.057 -2.117 -2.168 -2.209 
-2.242 -2.266 -2.282 -2.290 -2.291 -2.284 -2.271 -2.250 -2.222 -2.188 
-2.147 -2.102 -2.054 -2.005 -1.960 -1.925 -1.906 -1.907 -1.928 -1.972 
-2.043 -2.138 -2.246 -2.353 -2.454 -2.548 -2.634 -2.714 -2.787 -2.854 
-2.915 -2.972 -3.024 -3.071 -3.115 -3.155 -3.191 -3.223 -3.252 -3.279 
-3.303 
-3.394 -3.428 -3.449 -3.466 -3.481 -3.492 -3.501 -3.507 -3.510 -3.511 
-3.509 -3.504 -3.496 -3.486 -3.472 -3.456 -3.437 -3.415 -3.389 -3.360 
-3.328 -3.292 -3.252 -3.208 -3.160 -3.106 -3.048 -2.983 -2.912 -2.834 
-2.748 -2.652 -2.545 -2.425 -2.290 -2.140 -1.980 -1.829 -1.723 -1.699 
-1.755 -1.856 -1.969 -2.076 -2.171 -2.255 -2.326 -2.386 -2.436 -2.476 
-2.508 -2.531 -2.547 -2.555 -2.556 -2.550 -2.536 -2.514 -2.485 -2.448 
-2.403 -2.350 -2.288 -2.220 -2.147 -2.071 -1.993 -1.917 -1.852 -1.821 
-1.851 -1.944 -2.076 -2.219 -2.357 -2.484 -2.598 -2.701 -2.793 -2.876 
-2.951 -3.019 -3.081 -3.137 -3.188 -3.234 -3.276 -3.314 -3.348 -3.378 
-3.386 
-3.284 -3.304 -3.324 -3.340 -3.354 -3.364 -3.373 -3.378 -3.381 -3.381 
-3.379 -3.374 -3.367 -3.357 -3.344 -3.329 -3.310 -3.289 -3.265 -3.238 
-3.208 -3.175 -3.138 -3.098 -3.054 -3.006 -2.954 -2.897 -2.836 -2.770 
-2.699 -2.623 -2.541 -2.454 -2.362 -2.266 -2.166 -2.069 -1.989 -1.947 
-1.943 -1.960 -1.990 -2.033 -2.084 -2.136 -2.185 -2.229 -2.267 -2.298 
-2.322 -2.340 -2.350 -2.353 -2.350 -2.339 -2.321 -2.295 -2.263 -2.222 
-2.175 -2.122 -2.064 -2.006 -1.953 -1.914 -1.896 -1.902 -1.930 -1.977 
-2.046 -2.137 -2.235 -2.332 -2.424 -2.510 -2.592 -2.669 -2.742 -2.810 
-2.873 -2.932 -2.986 -3.036 -3.082 -3.124 -3.163 -3.198 -3.229 -3.257 
-3.277 
-3.213 -3.215 -3.242 -3.266 -3.286 -3.304 -3.318 -3.330 -3.340 -3.346 
-3.350 -3.351 -3.350 -3.345 -3.338 -3.328 -3.316 -3.300 -3.282 -3.260 
-3.236 -3.208 -3.176 -3.141 -3.103 -3.060 -3.012 -2.961 -2.904 -2.841 
-2.772 -2.697 -2.615 -2.524 -2.424 -2.317 -2.205 -2.097 -2.005 -1.930 
-1.872 -1.838 -1.841 -1.880 -1.945 -2.022 -2.101 -2.175 -2.242 -2.300 
-2.349 -2.391 -2.424 -2.449 -2.468 -2.479 -2.483 -2.480 -2.471 -2.454 
-2.430 -2.400 -2.362 -2.320 -2.274 -2.228 -2.188 -2.160 -2.149 -2.158 
-2.177 -2.200 -2.226 -2.260 -2.305 -2.358 -2.420 -2.487 -2.557 -2.626 
-2.694 -2.760 -2.822 -2.880 -2.935 -2.986 -3.033 -3.077 -3.116 -3.153 
-3.200 
-3.465 -3.518 -3.538 -3.556 -3.570 -3.582 -3.590 -3.596 -3.599 -3.599 
-3.597 -3.592 -3.583 -3.573 -3.559 -3.542 -3.522 -3.499 -3.473 -3.443 
-3.410 -3.373 -3.332 -3.287 -3.237 -3.181 -3.121 -3.054 -2.980 -2.898 
-2.808 -2.707 -2.595 -2.470 -2.333 -2.189 -2.053 -1.954 -1.919 -1.947 
-2.011 -2.084 -2.158 -2.235 -2.312 -2.385 -2.452 -2.510 -2.558 -2.598 
-2.629 -2.651 -2.666 -2.673 -2.673 -2.665 -2.650 -2.627 -2.596 -2.557 
-2.509 -2.453 -2.389 -2.316 -2.236 -2.150 -2.069 -2.011 -2.000 -2.048 
-2.143 -2.258 -2.374 -2.481 -2.581 -2.673 -2.760 -2.842 -2.919 -2.991 
-3.059 -3.122 -3.180 -3.233 -3.282 -3.327 -3.368 -3.405 -3.438 -3.468 
-3.460 
-3.504 -3.509 -3.523 -3.535 -3.544 -3.551 -3.555 -3.556 -3.555 -3.552 
-3.546 -3.537 -3.526 -3.512 -3.496 -3.477 -3.455 -3.430 -3.402 -3.371 
-3.337 -3.300 -3.259 -3.215 -3.166 -3.114 -3.057 -2.996 -2.931 -2.860 
-2.784 -2.703 -2.617 -2.528 -2.436 -2.347 -2.266 -2.205 -2.178 -2.187 
-2.214 -2.250 -2.288 -2.327 -2.365 -2.401 -2.433 -2.461 -2.483 -2.501 
-2.512 -2.518 -2.517 -2.511 -2.498 -2.479 -2.453 -2.421 -2.383 -2.340 
-2.293 -2.244 -2.196 -2.154 -2.122 -2.101 -2.093 -2.100 -2.135 -2.207 
-2.309 -2.420 -2.530 -2.632 -2.726 -2.813 -2.892 -2.964 -3.031 -3.091 
-3.147 -3.198 -3.245 -3.288 -3.327 -3.362 -3.395 -3.423 -3.449 -3.472 
-3.498 
-3.532 -3.554 -3.570 -3.583 -3.593 -3.601 -3.605 -3.607 -3.606 -3.603 
-3.596 -3.587 -3.575 -3.560 -3.543 -3.522 -3.498 -3.471 -3.440 -3.406 
-3.368 -3.326 -3.281 -3.230 -3.175 -3.114 -3.048 -2.976 -2.897 -2.812 
-2.719 -2.620 -2.516 -2.411 -2.312 -2.231 -2.180 -2.165 -2.186 -2.233 
-2.293 -2.357 -2.420 -2.480 -2.533 -2.580 -2.621 -2.655 -2.682 -2.703 
-2.718 -2.726 -2.727 -2.722 -2.710 -2.692 -2.667 -2.634 -2.594 -2.546 
-2.490 -2.426 -2.354 -2.274 -2.187 -2.096 -2.010 -1.950 -1.941 -1.997 
-2.104 -2.238 -2.377 -2.509 -2.629 -2.738 -2.836 -2.925 -3.004 -3.077 
-3.142 -3.202 -3.256 -3.305 -3.349 -3.389 -3.426 -3.458 -3.487 -3.512 
-3.522 
