IRGRID 64 91
1e+308

0.025 0.03 0.035 0.04 0.045 0.05 0.055 0.06 0.065 0.07
0.075 0.08 0.085 0.09 0.095 0.1 0.11 0.12 0.13 0.14
0.15 0.16 0.17 0.18 0.19 0.2 0.21 0.22 0.23 0.24
0.25 0.26 0.27 0.28 0.29 0.3 0.31 0.32 0.33 0.34
0.35 0.36 0.37 0.38 0.39 0.4 0.41 0.42 0.43 0.44
0.45 0.46 0.47 0.48 0.49 0.5 0.51 0.52 0.53 0.54
0.55 0.56 0.57 0.58
0 4 8 12 16 20 24 28 32 36
40 44 48 52 56 60 64 68 72 76
80 84 88 92 96 100 104 108 112 116
120 124 128 132 136 140 144 148 152 156
160 164 168 172 176 180 184 188 192 196
200 204 208 212 216 220 224 228 232 236
240 244 248 252 256 260 264 268 272 276
280 284 288 292 296 300 304 308 312 316
320 324 328 332 336 340 344 348 352 356
360
-4.000 -4.000 -4.000 -4.000 -4.000 -4.000 -4.000 -4.000 -4.000 -4.000 
-4.000 -4.000 -4.000 -4.000 -4.000 -4.000 -4.000 -4.000 -4.000 -4.000 
-4.000 -4.000 -4.000 -4.000 -4.000 -4.000 -4.000 -4.000 -4.000 -4.000 
-4.000 -4.000 -4.000 -4.000 -4.000 -4.000 -4.000 -4.000 -4.000 -4.000 
-4.000 -4.000 -4.000 -4.000 -4.000 -4.000 -4.000 -4.000 -4.000 -4.000 
-4.000 -4.000 -4.000 -4.000 -4.000 -4.000 -4.000 -4.000 -4.000 -4.000 
-4.000 -4.000 -4.000 -4.000 -4.000 -4.000 -4.000 -4.000 -4.000 -4.000 
-4.000 -4.000 -4.000 -4.000 -4.000 -4.000 -4.000 -4.000 -4.000 -4.000 
-4.000 -4.000 -4.000 -4.000 -4.000 -4.000 -4.000 -4.000 -4.000 -4.000 
-4.000 
-4.000 -4.000 -4.000 -4.000 -4.000 -4.000 -4.000 -4.000 -4.000 -4.000 
-4.000 -4.000 -4.000 -4.000 -4.000 -4.000 -4.000 -4.000 -4.000 -4.000 
-4.000 -4.000 -4.000 -4.000 -4.000 -4.000 -4.000 -4.000 -4.000 -4.000 
-4.000 -4.000 -4.000 -4.000 -4.000 -4.000 -4.000 -4.000 -4.000 -4.000 
-4.000 -4.000 -4.000 -4.000 -4.000 -4.000 -4.000 -4.000 -4.000 -4.000 
-4.000 -4.000 -4.000 -4.000 -4.000 -4.000 -4.000 -4.000 -4.000 -4.000 
-4.000 -4.000 -4.000 -4.000 -3.959 -3.909 -3.875 -3.860 -3.861 -3.863 
-3.843 -3.775 -3.698 -3.749 -3.919 -4.000 -4.000 -4.000 -4.000 -4.000 
-4.000 -4.000 -4.000 -4.000 -4.000 -4.000 -4.000 -4.000 -4.000 -4.000 
-4.000 
-4.000 -4.000 -4.000 -4.000 -4.000 -4.000 -4.000 -4.000 -4.000 -4.000 
-4.000 -4.000 -4.000 -4.000 -4.000 -4.000 -4.000 -4.000 -4.000 -4.000 
-4.000 -4.000 -4.000 -4.000 -3.970 -3.914 -3.859 -3.802 -3.742 -3.676 
-3.601 -3.516 -3.430 -3.368 -3.356 -3.402 -3.482 -3.568 -3.644 -3.706 
-3.753 -3.789 -3.814 -3.830 -3.838 -3.840 -3.836 -3.826 -3.813 -3.795 
-3.776 -3.756 -3.738 -3.723 -3.715 -3.715 -3.725 -3.745 -3.772 -3.804 
-3.837 -3.866 -3.887 -3.898 -3.894 -3.876 -3.839 -3.781 -3.693 -3.566 
-3.396 -3.209 -3.086 -3.117 -3.286 -3.501 -3.698 -3.861 -3.995 -4.000 
-4.000 -4.000 -4.000 -4.000 -4.000 -4.000 -4.000 -4.000 -4.000 -4.000 
-4.000 
-3.899 -3.932 -3.936 -3.936 -3.933 -3.928 -3.920 -3.908 -3.894 -3.877 
-3.857 -3.834 -3.809 -3.780 -3.748 -3.713 -3.676 -3.636 -3.593 -3.549 
-3.502 -3.454 -3.406 -3.358 -3.311 -3.267 -3.227 -3.191 -3.162 -3.138 
-3.120 -3.107 -3.097 -3.092 -3.094 -3.103 -3.114 -3.124 -3.131 -3.135 
-3.137 -3.137 -3.134 -3.128 -3.120 -3.109 -3.095 -3.079 -3.061 -3.040 
-3.019 -2.998 -2.980 -2.966 -2.960 -2.963 -2.976 -3.001 -3.036 -3.078 
-3.126 -3.176 -3.227 -3.275 -3.320 -3.360 -3.394 -3.422 -3.442 -3.451 
-3.444 -3.415 -3.379 -3.405 -3.478 -3.541 -3.588 -3.627 -3.661 -3.693 
-3.724 -3.753 -3.781 -3.807 -3.832 -3.854 -3.874 -3.891 -3.905 -3.917 
-3.900 
-3.478 -3.491 -3.513 -3.533 -3.550 -3.566 -3.579 -3.590 -3.598 -3.605 
-3.608 -3.610 -3.609 -3.606 -3.601 -3.593 -3.582 -3.570 -3.554 -3.537 
-3.517 -3.495 -3.470 -3.444 -3.416 -3.387 -3.358 -3.328 -3.298 -3.269 
-3.241 -3.213 -3.185 -3.158 -3.132 -3.106 -3.081 -3.059 -3.038 -3.021 
-3.007 -2.997 -2.991 -2.988 -2.988 -2.991 -2.996 -3.002 -3.008 -3.015 
-3.021 -3.026 -3.031 -3.036 -3.040 -3.045 -3.051 -3.057 -3.063 -3.068 
-3.072 -3.073 -3.072 -3.068 -3.062 -3.055 -3.045 -3.035 -3.025 -3.016 
-3.008 -3.003 -3.001 -3.003 -3.010 -3.021 -3.038 -3.060 -3.085 -3.114 
-3.146 -3.179 -3.214 -3.249 -3.284 -3.318 -3.351 -3.382 -3.412 -3.440 
-3.468 
-3.279 -3.304 -3.323 -3.340 -3.355 -3.369 -3.380 -3.389 -3.397 -3.402 
-3.405 -3.407 -3.406 -3.403 -3.399 -3.392 -3.383 -3.373 -3.360 -3.345 
-3.328 -3.309 -3.288 -3.265 -3.240 -3.214 -3.185 -3.155 -3.123 -3.091 
-3.057 -3.022 -2.988 -2.953 -2.919 -2.887 -2.857 -2.830 -2.806 -2.786 
-2.771 -2.760 -2.753 -2.750 -2.750 -2.754 -2.760 -2.767 -2.776 -2.785 
-2.794 -2.802 -2.809 -2.815 -2.818 -2.820 -2.820 -2.818 -2.813 -2.806 
-2.796 -2.784 -2.770 -2.754 -2.737 -2.720 -2.704 -2.690 -2.681 -2.679 
-2.684 -2.697 -2.717 -2.743 -2.774 -2.807 -2.842 -2.877 -2.913 -2.949 
-2.985 -3.020 -3.054 -3.088 -3.120 -3.151 -3.181 -3.209 -3.235 -3.260 
-3.273 
-3.128 -3.135 -3.157 -3.177 -3.194 -3.209 -3.221 -3.231 -3.239 -3.244 
-3.247 -3.248 -3.247 -3.243 -3.237 -3.229 -3.218 -3.205 -3.190 -3.172 
-3.153 -3.130 -3.106 -3.079 -3.050 -3.018 -2.984 -2.948 -2.911 -2.871 
-2.830 -2.788 -2.747 -2.705 -2.665 -2.627 -2.591 -2.559 -2.530 -2.504 
-2.482 -2.463 -2.446 -2.433 -2.422 -2.413 -2.405 -2.398 -2.391 -2.383 
-2.374 -2.361 -2.345 -2.324 -2.297 -2.261 -2.214 -2.153 -2.076 -1.984 
-1.890 -1.834 -1.857 -1.936 -2.016 -2.071 -2.101 -2.117 -2.128 -2.140 
-2.161 -2.191 -2.231 -2.280 -2.337 -2.397 -2.460 -2.523 -2.585 -2.645 
-2.702 -2.757 -2.808 -2.856 -2.902 -2.944 -2.983 -3.019 -3.052 -3.082 
-3.117 
-3.161 -3.180 -3.191 -3.200 -3.207 -3.211 -3.212 -3.211 -3.207 -3.201 
-3.193 -3.182 -3.169 -3.153 -3.135 -3.114 -3.090 -3.064 -3.035 -3.004 
-2.970 -2.933 -2.893 -2.851 -2.806 -2.758 -2.708 -2.655 -2.600 -2.544 
-2.487 -2.428 -2.370 -2.312 -2.254 -2.196 -2.139 -2.084 -2.040 -2.018 
-2.024 -2.046 -2.071 -2.094 -2.110 -2.121 -2.125 -2.124 -2.116 -2.102 
-2.080 -2.051 -2.012 -1.964 -1.904 -1.831 -1.742 -1.635 -1.512 -1.380 
-1.265 -1.208 -1.246 -1.365 -1.519 -1.665 -1.775 -1.833 -1.850 -1.879 
-1.972 -2.103 -2.231 -2.343 -2.441 -2.528 -2.605 -2.675 -2.739 -2.797 
-2.850 -2.898 -2.942 -2.982 -3.018 -3.051 -3.080 -3.106 -3.128 -3.148 
-3.158 
-2.943 -3.015 -3.042 -3.066 -3.086 -3.104 -3.118 -3.130 -3.139 -3.144 
-3.147 -3.148 -3.145 -3.139 -3.131 -3.120 -3.105 -3.088 -3.067 -3.044 
-3.016 -2.986 -2.951 -2.913 -2.871 -2.824 -2.772 -2.716 -2.654 -2.586 
-2.511 -2.428 -2.337 -2.236 -2.126 -2.007 -1.884 -1.771 -1.687 -1.652 
-1.672 -1.731 -1.804 -1.872 -1.922 -1.950 -1.953 -1.933 -1.896 -1.849 
-1.807 -1.782 -1.779 -1.795 -1.818 -1.840 -1.851 -1.847 -1.822 -1.775 
-1.715 -1.671 -1.673 -1.697 -1.695 -1.649 -1.560 -1.448 -1.351 -1.325 
-1.396 -1.531 -1.679 -1.813 -1.931 -2.036 -2.133 -2.224 -2.310 -2.391 
-2.468 -2.540 -2.607 -2.669 -2.727 -2.780 -2.829 -2.874 -2.915 -2.952 
-2.938 
-2.562 -2.568 -2.605 -2.639 -2.670 -2.698 -2.724 -2.746 -2.767 -2.784 
-2.799 -2.812 -2.822 -2.830 -2.835 -2.838 -2.839 -2.837 -2.833 -2.826 
-2.817 -2.805 -2.791 -2.774 -2.754 -2.732 -2.706 -2.677 -2.644 -2.607 
-2.567 -2.521 -2.471 -2.414 -2.350 -2.278 -2.199 -2.117 -2.042 -1.983 
-1.939 -1.896 -1.841 -1.769 -1.682 -1.582 -1.473 -1.357 -1.241 -1.135 
-1.054 -1.010 -1.008 -1.039 -1.088 -1.142 -1.195 -1.241 -1.277 -1.304 
-1.318 -1.321 -1.309 -1.279 -1.228 -1.145 -1.018 -0.848 -0.738 -0.863 
-1.065 -1.215 -1.318 -1.397 -1.470 -1.543 -1.619 -1.698 -1.778 -1.857 
-1.935 -2.011 -2.083 -2.152 -2.216 -2.278 -2.335 -2.388 -2.439 -2.485 
-2.544 
-2.405 -2.470 -2.487 -2.501 -2.512 -2.519 -2.522 -2.522 -2.519 -2.513 
-2.503 -2.491 -2.476 -2.458 -2.438 -2.417 -2.394 -2.370 -2.346 -2.323 
-2.302 -2.283 -2.268 -2.255 -2.247 -2.241 -2.238 -2.237 -2.237 -2.236 
-2.234 -2.229 -2.220 -2.206 -2.187 -2.162 -2.130 -2.091 -2.044 -1.989 
-1.925 -1.852 -1.768 -1.673 -1.566 -1.446 -1.315 -1.174 -1.030 -0.897 
-0.794 -0.741 -0.741 -0.778 -0.832 -0.885 -0.925 -0.945 -0.942 -0.907 
-0.823 -0.648 -0.263 0.136 -0.352 -0.467 -0.356 -0.181 -0.097 -0.226 
-0.491 -0.773 -1.009 -1.201 -1.361 -1.497 -1.616 -1.722 -1.818 -1.904 
-1.982 -2.054 -2.118 -2.177 -2.230 -2.278 -2.321 -2.359 -2.393 -2.422 
-2.398 
-1.977 -1.971 -1.967 -1.960 -1.949 -1.936 -1.919 -1.900 -1.877 -1.851 
-1.823 -1.792 -1.758 -1.721 -1.682 -1.642 -1.602 -1.563 -1.527 -1.497 
-1.476 -1.464 -1.462 -1.468 -1.479 -1.494 -1.512 -1.533 -1.555 -1.578 
-1.601 -1.623 -1.645 -1.665 -1.683 -1.699 -1.712 -1.721 -1.728 -1.730 
-1.728 -1.720 -1.708 -1.688 -1.661 -1.625 -1.578 -1.518 -1.445 -1.365 
-1.291 -1.238 -1.212 -1.195 -1.170 -1.125 -1.056 -0.959 -0.828 -0.649 
-0.397 0.003 0.493 0.753 0.389 -0.120 -0.322 -0.056 0.270 -0.421 
-0.763 -0.994 -1.163 -1.296 -1.403 -1.493 -1.570 -1.636 -1.693 -1.743 
-1.787 -1.825 -1.857 -1.885 -1.909 -1.929 -1.944 -1.957 -1.965 -1.971 
-1.977 
-1.606 -1.631 -1.617 -1.602 -1.585 -1.568 -1.550 -1.532 -1.515 -1.496 
-1.475 -1.452 -1.423 -1.389 -1.350 -1.306 -1.260 -1.215 -1.176 -1.148 
-1.137 -1.144 -1.170 -1.210 -1.261 -1.317 -1.375 -1.433 -1.487 -1.539 
-1.586 -1.629 -1.668 -1.703 -1.734 -1.761 -1.784 -1.803 -1.818 -1.829 
-1.837 -1.841 -1.841 -1.837 -1.830 -1.818 -1.802 -1.781 -1.756 -1.726 
-1.691 -1.650 -1.602 -1.546 -1.481 -1.406 -1.318 -1.213 -1.085 -0.924 
-0.712 -0.410 0.056 0.407 -0.056 -0.206 0.116 0.631 0.866 0.410 
-0.247 -0.580 -0.801 -0.965 -1.094 -1.199 -1.286 -1.359 -1.421 -1.473 
-1.517 -1.554 -1.584 -1.608 -1.627 -1.640 -1.649 -1.653 -1.653 -1.649 
-1.606 
-1.285 -1.231 -1.210 -1.190 -1.171 -1.157 -1.148 -1.145 -1.150 -1.162 
-1.181 -1.205 -1.233 -1.264 -1.294 -1.323 -1.348 -1.369 -1.388 -1.405 
-1.424 -1.447 -1.473 -1.503 -1.535 -1.566 -1.595 -1.622 -1.647 -1.670 
-1.690 -1.708 -1.723 -1.736 -1.746 -1.753 -1.758 -1.759 -1.757 -1.752 
-1.743 -1.731 -1.715 -1.696 -1.673 -1.645 -1.614 -1.577 -1.536 -1.489 
-1.437 -1.377 -1.310 -1.234 -1.148 -1.049 -0.934 -0.799 -0.637 -0.434 
-0.166 0.210 0.606 0.783 0.529 0.166 -0.092 0.004 0.273 -0.399 
-0.666 -0.820 -0.930 -1.016 -1.085 -1.142 -1.189 -1.228 -1.259 -1.284 
-1.303 -1.317 -1.326 -1.330 -1.329 -1.325 -1.317 -1.305 -1.290 -1.272 
-1.295 
-1.711 -1.752 -1.740 -1.727 -1.714 -1.702 -1.692 -1.685 -1.680 -1.679 
-1.679 -1.680 -1.680 -1.677 -1.671 -1.660 -1.644 -1.622 -1.596 -1.567 
-1.538 -1.514 -1.499 -1.493 -1.493 -1.497 -1.503 -1.511 -1.521 -1.534 
-1.550 -1.567 -1.585 -1.603 -1.621 -1.639 -1.654 -1.668 -1.679 -1.688 
-1.694 -1.697 -1.696 -1.692 -1.685 -1.673 -1.657 -1.637 -1.612 -1.582 
-1.546 -1.504 -1.456 -1.399 -1.334 -1.258 -1.170 -1.066 -0.942 -0.790 
-0.597 -0.338 0.032 0.318 0.269 0.293 -0.039 -0.364 -0.611 -0.804 
-0.959 -1.088 -1.196 -1.289 -1.370 -1.440 -1.500 -1.553 -1.599 -1.639 
-1.673 -1.701 -1.725 -1.743 -1.758 -1.768 -1.774 -1.776 -1.774 -1.770 
-1.710 
-2.264 -2.289 -2.284 -2.276 -2.263 -2.247 -2.227 -2.202 -2.173 -2.139 
-2.100 -2.055 -2.005 -1.948 -1.884 -1.813 -1.736 -1.653 -1.569 -1.490 
-1.425 -1.387 -1.384 -1.415 -1.470 -1.537 -1.608 -1.674 -1.734 -1.787 
-1.833 -1.872 -1.906 -1.933 -1.955 -1.972 -1.985 -1.992 -1.996 -1.997 
-1.994 -1.988 -1.981 -1.971 -1.960 -1.947 -1.931 -1.914 -1.893 -1.869 
-1.841 -1.809 -1.771 -1.727 -1.676 -1.616 -1.546 -1.464 -1.367 -1.250 
-1.108 -0.931 -0.700 -0.382 0.125 0.471 0.152 -0.380 -0.769 -1.023 
-1.215 -1.371 -1.501 -1.612 -1.708 -1.792 -1.866 -1.932 -1.990 -2.041 
-2.087 -2.127 -2.162 -2.192 -2.218 -2.240 -2.257 -2.271 -2.281 -2.287 
-2.266 
-2.316 -2.327 -2.343 -2.355 -2.365 -2.372 -2.375 -2.376 -2.374 -2.368 
-2.358 -2.345 -2.327 -2.304 -2.276 -2.241 -2.201 -2.153 -2.101 -2.046 
-1.998 -1.964 -1.954 -1.963 -1.984 -2.004 -2.017 -2.021 -2.015 -2.000 
-1.979 -1.953 -1.922 -1.889 -1.853 -1.815 -1.778 -1.740 -1.703 -1.667 
-1.633 -1.601 -1.571 -1.543 -1.517 -1.492 -1.469 -1.445 -1.422 -1.397 
-1.371 -1.341 -1.308 -1.269 -1.225 -1.173 -1.112 -1.040 -0.954 -0.849 
-0.721 -0.561 -0.357 -0.103 0.149 0.336 0.085 -0.234 -0.523 -0.760 
-0.953 -1.116 -1.255 -1.377 -1.485 -1.581 -1.668 -1.747 -1.818 -1.883 
-1.943 -1.997 -2.047 -2.092 -2.134 -2.171 -2.205 -2.236 -2.263 -2.288 
-2.309 
-2.262 -2.291 -2.310 -2.326 -2.339 -2.351 -2.360 -2.367 -2.372 -2.375 
-2.377 -2.376 -2.373 -2.369 -2.363 -2.356 -2.347 -2.336 -2.324 -2.311 
-2.297 -2.281 -2.264 -2.245 -2.226 -2.204 -2.181 -2.157 -2.131 -2.103 
-2.074 -2.042 -2.009 -1.974 -1.938 -1.900 -1.861 -1.821 -1.781 -1.740 
-1.699 -1.658 -1.618 -1.579 -1.540 -1.503 -1.465 -1.429 -1.392 -1.356 
-1.318 -1.278 -1.235 -1.189 -1.138 -1.079 -1.012 -0.935 -0.843 -0.733 
-0.598 -0.431 -0.223 0.012 0.198 0.228 0.088 -0.208 -0.492 -0.720 
-0.908 -1.067 -1.203 -1.324 -1.430 -1.526 -1.613 -1.691 -1.763 -1.829 
-1.889 -1.944 -1.994 -2.041 -2.083 -2.122 -2.158 -2.190 -2.220 -2.246 
-2.255 
-2.158 -2.147 -2.157 -2.165 -2.171 -2.174 -2.176 -2.175 -2.173 -2.169 
-2.164 -2.158 -2.150 -2.142 -2.133 -2.123 -2.113 -2.103 -2.093 -2.084 
-2.074 -2.066 -2.058 -2.050 -2.044 -2.038 -2.033 -2.028 -2.023 -2.018 
-2.013 -2.007 -2.000 -1.992 -1.982 -1.971 -1.958 -1.943 -1.926 -1.908 
-1.889 -1.869 -1.847 -1.826 -1.803 -1.780 -1.756 -1.731 -1.705 -1.676 
-1.644 -1.609 -1.570 -1.526 -1.477 -1.420 -1.354 -1.278 -1.190 -1.085 
-0.960 -0.806 -0.615 -0.373 -0.083 0.188 0.336 0.066 -0.298 -0.602 
-0.833 -1.016 -1.166 -1.293 -1.402 -1.497 -1.581 -1.656 -1.722 -1.782 
-1.835 -1.883 -1.927 -1.965 -2.000 -2.030 -2.057 -2.081 -2.102 -2.120 
-2.153 
-2.298 -2.348 -2.365 -2.379 -2.392 -2.401 -2.409 -2.414 -2.417 -2.419 
-2.418 -2.415 -2.411 -2.405 -2.397 -2.388 -2.377 -2.365 -2.352 -2.337 
-2.321 -2.304 -2.286 -2.266 -2.245 -2.222 -2.198 -2.172 -2.145 -2.116 
-2.085 -2.052 -2.017 -1.981 -1.943 -1.904 -1.865 -1.826 -1.788 -1.751 
-1.717 -1.685 -1.657 -1.632 -1.610 -1.591 -1.575 -1.559 -1.544 -1.528 
-1.511 -1.490 -1.466 -1.437 -1.403 -1.361 -1.311 -1.250 -1.178 -1.090 
-0.983 -0.850 -0.679 -0.451 -0.122 0.271 0.488 0.214 -0.218 -0.568 
-0.825 -1.026 -1.192 -1.333 -1.455 -1.561 -1.656 -1.741 -1.817 -1.886 
-1.948 -2.005 -2.057 -2.104 -2.147 -2.185 -2.220 -2.252 -2.280 -2.306 
-2.292 
-2.142 -2.150 -2.167 -2.181 -2.193 -2.203 -2.211 -2.217 -2.221 -2.224 
-2.225 -2.224 -2.221 -2.218 -2.212 -2.206 -2.198 -2.189 -2.180 -2.169 
-2.157 -2.144 -2.131 -2.117 -2.102 -2.087 -2.072 -2.056 -2.040 -2.024 
-2.007 -1.990 -1.973 -1.956 -1.938 -1.921 -1.903 -1.885 -1.866 -1.848 
-1.830 -1.811 -1.793 -1.774 -1.756 -1.736 -1.716 -1.695 -1.671 -1.645 
-1.616 -1.584 -1.547 -1.506 -1.459 -1.405 -1.343 -1.272 -1.190 -1.095 
-0.982 -0.847 -0.681 -0.472 -0.206 0.102 0.297 0.123 -0.159 -0.449 
-0.689 -0.884 -1.044 -1.180 -1.298 -1.401 -1.492 -1.573 -1.646 -1.711 
-1.771 -1.825 -1.874 -1.918 -1.959 -1.995 -2.029 -2.059 -2.086 -2.110 
-2.135 
-2.033 -2.048 -2.059 -2.069 -2.076 -2.082 -2.086 -2.088 -2.089 -2.088 
-2.087 -2.084 -2.079 -2.075 -2.069 -2.063 -2.056 -2.049 -2.042 -2.035 
-2.028 -2.021 -2.014 -2.008 -2.002 -1.997 -1.992 -1.988 -1.984 -1.980 
-1.976 -1.972 -1.969 -1.965 -1.960 -1.955 -1.950 -1.943 -1.935 -1.927 
-1.917 -1.905 -1.892 -1.876 -1.859 -1.839 -1.817 -1.792 -1.763 -1.731 
-1.696 -1.655 -1.610 -1.560 -1.503 -1.439 -1.367 -1.284 -1.189 -1.079 
-0.949 -0.792 -0.598 -0.352 -0.056 0.193 0.214 -0.006 -0.311 -0.573 
-0.783 -0.953 -1.094 -1.215 -1.319 -1.410 -1.491 -1.562 -1.626 -1.684 
-1.736 -1.782 -1.824 -1.862 -1.896 -1.927 -1.954 -1.978 -1.999 -2.018 
-2.028 
-1.950 -1.949 -1.957 -1.963 -1.966 -1.968 -1.968 -1.966 -1.963 -1.958 
-1.952 -1.945 -1.936 -1.927 -1.918 -1.908 -1.897 -1.887 -1.877 -1.868 
-1.859 -1.851 -1.845 -1.839 -1.835 -1.831 -1.829 -1.828 -1.828 -1.829 
-1.830 -1.832 -1.834 -1.836 -1.837 -1.837 -1.837 -1.836 -1.833 -1.829 
-1.823 -1.815 -1.805 -1.792 -1.777 -1.759 -1.739 -1.715 -1.687 -1.656 
-1.620 -1.580 -1.534 -1.483 -1.424 -1.359 -1.284 -1.198 -1.099 -0.983 
-0.845 -0.679 -0.472 -0.211 0.083 0.293 0.223 -0.050 -0.345 -0.586 
-0.779 -0.937 -1.070 -1.183 -1.281 -1.368 -1.444 -1.511 -1.572 -1.626 
-1.674 -1.717 -1.756 -1.790 -1.821 -1.848 -1.872 -1.893 -1.911 -1.926 
-1.947 
-2.040 -2.046 -2.058 -2.067 -2.075 -2.082 -2.086 -2.089 -2.091 -2.091 
-2.090 -2.088 -2.085 -2.082 -2.077 -2.072 -2.066 -2.060 -2.053 -2.046 
-2.039 -2.032 -2.026 -2.019 -2.013 -2.006 -2.001 -1.995 -1.990 -1.985 
-1.980 -1.976 -1.971 -1.967 -1.962 -1.957 -1.952 -1.945 -1.938 -1.929 
-1.919 -1.907 -1.893 -1.878 -1.859 -1.839 -1.815 -1.788 -1.758 -1.724 
-1.686 -1.643 -1.596 -1.542 -1.482 -1.414 -1.337 -1.249 -1.148 -1.030 
-0.890 -0.719 -0.506 -0.237 0.060 0.257 0.183 -0.095 -0.399 -0.643 
-0.837 -0.996 -1.129 -1.242 -1.341 -1.428 -1.505 -1.574 -1.636 -1.691 
-1.741 -1.786 -1.827 -1.863 -1.896 -1.926 -1.953 -1.976 -1.997 -2.016 
-2.035 
-2.242 -2.282 -2.294 -2.304 -2.311 -2.316 -2.320 -2.321 -2.320 -2.317 
-2.312 -2.306 -2.298 -2.288 -2.277 -2.264 -2.250 -2.234 -2.217 -2.199 
-2.180 -2.160 -2.140 -2.119 -2.098 -2.078 -2.058 -2.040 -2.023 -2.008 
-1.994 -1.984 -1.975 -1.969 -1.965 -1.962 -1.961 -1.960 -1.960 -1.960 
-1.959 -1.957 -1.954 -1.949 -1.941 -1.931 -1.919 -1.903 -1.884 -1.860 
-1.833 -1.801 -1.764 -1.721 -1.672 -1.616 -1.551 -1.476 -1.389 -1.287 
-1.167 -1.021 -0.842 -0.614 -0.322 -0.035 0.061 -0.112 -0.419 -0.713 
-0.943 -1.126 -1.277 -1.404 -1.514 -1.611 -1.695 -1.771 -1.838 -1.899 
-1.953 -2.002 -2.047 -2.087 -2.122 -2.155 -2.183 -2.209 -2.231 -2.251 
-2.238 
-2.137 -2.147 -2.162 -2.175 -2.185 -2.194 -2.202 -2.208 -2.213 -2.216 
-2.218 -2.219 -2.219 -2.218 -2.217 -2.214 -2.211 -2.207 -2.203 -2.198 
-2.193 -2.187 -2.182 -2.175 -2.169 -2.163 -2.157 -2.150 -2.144 -2.138 
-2.132 -2.127 -2.121 -2.116 -2.110 -2.105 -2.099 -2.092 -2.084 -2.075 
-2.065 -2.054 -2.040 -2.025 -2.007 -1.987 -1.964 -1.939 -1.910 -1.878 
-1.842 -1.802 -1.757 -1.708 -1.652 -1.590 -1.520 -1.442 -1.352 -1.251 
-1.133 -0.997 -0.837 -0.650 -0.443 -0.250 -0.146 -0.262 -0.473 -0.685 
-0.873 -1.034 -1.171 -1.290 -1.394 -1.485 -1.566 -1.638 -1.703 -1.762 
-1.814 -1.862 -1.906 -1.945 -1.980 -2.013 -2.042 -2.068 -2.091 -2.112 
-2.132 
-2.066 -2.072 -2.090 -2.106 -2.121 -2.134 -2.146 -2.157 -2.167 -2.176 
-2.184 -2.192 -2.198 -2.204 -2.210 -2.214 -2.219 -2.222 -2.225 -2.228 
-2.231 -2.232 -2.234 -2.234 -2.235 -2.234 -2.233 -2.232 -2.230 -2.227 
-2.223 -2.218 -2.212 -2.205 -2.197 -2.188 -2.178 -2.166 -2.153 -2.139 
-2.122 -2.104 -2.084 -2.062 -2.038 -2.011 -1.982 -1.950 -1.915 -1.877 
-1.835 -1.789 -1.739 -1.684 -1.624 -1.557 -1.482 -1.400 -1.306 -1.201 
-1.081 -0.942 -0.781 -0.596 -0.398 -0.237 -0.188 -0.272 -0.439 -0.628 
-0.803 -0.957 -1.090 -1.206 -1.307 -1.396 -1.476 -1.547 -1.612 -1.670 
-1.722 -1.770 -1.814 -1.854 -1.890 -1.924 -1.954 -1.982 -2.008 -2.031 
-2.058 
-2.174 -2.186 -2.197 -2.206 -2.214 -2.221 -2.227 -2.232 -2.237 -2.242 
-2.246 -2.250 -2.254 -2.258 -2.262 -2.267 -2.272 -2.277 -2.282 -2.287 
-2.293 -2.298 -2.304 -2.310 -2.315 -2.320 -2.324 -2.328 -2.332 -2.334 
-2.336 -2.337 -2.337 -2.335 -2.332 -2.328 -2.322 -2.315 -2.306 -2.295 
-2.282 -2.267 -2.250 -2.230 -2.208 -2.183 -2.155 -2.124 -2.090 -2.051 
-2.009 -1.962 -1.911 -1.853 -1.789 -1.718 -1.638 -1.548 -1.446 -1.328 
-1.191 -1.029 -0.836 -0.614 -0.398 -0.277 -0.325 -0.501 -0.716 -0.914 
-1.083 -1.227 -1.349 -1.455 -1.547 -1.628 -1.700 -1.763 -1.820 -1.871 
-1.916 -1.957 -1.994 -2.026 -2.056 -2.082 -2.105 -2.126 -2.144 -2.160 
-2.170 
-2.298 -2.321 -2.332 -2.341 -2.348 -2.354 -2.358 -2.361 -2.363 -2.364 
-2.364 -2.363 -2.361 -2.359 -2.356 -2.353 -2.349 -2.346 -2.342 -2.339 
-2.335 -2.332 -2.329 -2.325 -2.323 -2.320 -2.317 -2.315 -2.313 -2.311 
-2.308 -2.306 -2.303 -2.299 -2.295 -2.290 -2.285 -2.278 -2.270 -2.261 
-2.250 -2.237 -2.223 -2.206 -2.187 -2.166 -2.142 -2.115 -2.084 -2.050 
-2.013 -1.971 -1.924 -1.871 -1.813 -1.747 -1.673 -1.590 -1.495 -1.387 
-1.262 -1.117 -0.948 -0.758 -0.572 -0.461 -0.503 -0.659 -0.851 -1.034 
-1.196 -1.335 -1.456 -1.561 -1.653 -1.736 -1.809 -1.874 -1.933 -1.986 
-2.034 -2.077 -2.115 -2.150 -2.181 -2.210 -2.235 -2.257 -2.276 -2.293 
-2.293 
-2.309 -2.298 -2.309 -2.318 -2.326 -2.331 -2.335 -2.338 -2.340 -2.340 
-2.339 -2.337 -2.334 -2.330 -2.325 -2.319 -2.313 -2.306 -2.298 -2.289 
-2.280 -2.269 -2.258 -2.246 -2.233 -2.220 -2.208 -2.199 -2.192 -2.190 
-2.192 -2.196 -2.201 -2.206 -2.211 -2.214 -2.216 -2.215 -2.212 -2.207 
-2.200 -2.191 -2.179 -2.165 -2.148 -2.129 -2.106 -2.081 -2.052 -2.020 
-1.984 -1.944 -1.899 -1.849 -1.793 -1.732 -1.663 -1.586 -1.501 -1.405 
-1.299 -1.181 -1.053 -0.917 -0.780 -0.695 -0.746 -0.862 -0.994 -1.126 
-1.252 -1.367 -1.472 -1.566 -1.651 -1.727 -1.797 -1.859 -1.916 -1.967 
-2.013 -2.055 -2.093 -2.128 -2.159 -2.187 -2.211 -2.234 -2.253 -2.271 
-2.303 
-2.559 -2.617 -2.623 -2.627 -2.629 -2.628 -2.624 -2.618 -2.610 -2.599 
-2.585 -2.568 -2.549 -2.527 -2.502 -2.474 -2.443 -2.409 -2.371 -2.329 
-2.285 -2.237 -2.188 -2.137 -2.088 -2.042 -2.003 -1.974 -1.958 -1.955 
-1.965 -1.985 -2.013 -2.046 -2.079 -2.112 -2.143 -2.171 -2.196 -2.217 
-2.234 -2.246 -2.255 -2.260 -2.261 -2.257 -2.250 -2.238 -2.222 -2.201 
-2.175 -2.144 -2.107 -2.064 -2.015 -1.957 -1.891 -1.815 -1.726 -1.622 
-1.499 -1.349 -1.164 -0.932 -0.697 -0.582 -0.695 -0.916 -1.136 -1.327 
-1.489 -1.630 -1.752 -1.859 -1.953 -2.037 -2.111 -2.178 -2.239 -2.293 
-2.341 -2.385 -2.424 -2.459 -2.490 -2.518 -2.542 -2.563 -2.580 -2.595 
-2.558 
-2.445 -2.434 -2.445 -2.453 -2.459 -2.462 -2.464 -2.463 -2.459 -2.454 
-2.447 -2.438 -2.427 -2.414 -2.399 -2.383 -2.365 -2.346 -2.325 -2.304 
-2.281 -2.257 -2.233 -2.208 -2.184 -2.161 -2.140 -2.123 -2.110 -2.102 
-2.098 -2.099 -2.102 -2.106 -2.112 -2.117 -2.123 -2.128 -2.132 -2.135 
-2.136 -2.136 -2.133 -2.129 -2.122 -2.113 -2.101 -2.086 -2.068 -2.046 
-2.021 -1.991 -1.956 -1.916 -1.871 -1.819 -1.759 -1.692 -1.614 -1.526 
-1.423 -1.305 -1.167 -1.009 -0.837 -0.705 -0.686 -0.725 -0.805 -0.951 
-1.130 -1.295 -1.438 -1.562 -1.671 -1.766 -1.851 -1.926 -1.994 -2.055 
-2.110 -2.159 -2.203 -2.243 -2.279 -2.311 -2.339 -2.364 -2.386 -2.405 
-2.439 
-2.527 -2.545 -2.556 -2.563 -2.568 -2.570 -2.569 -2.566 -2.560 -2.551 
-2.540 -2.525 -2.509 -2.489 -2.467 -2.443 -2.416 -2.387 -2.355 -2.322 
-2.288 -2.253 -2.219 -2.188 -2.162 -2.140 -2.125 -2.116 -2.111 -2.110 
-2.113 -2.119 -2.127 -2.138 -2.150 -2.164 -2.179 -2.194 -2.208 -2.221 
-2.233 -2.244 -2.252 -2.258 -2.261 -2.261 -2.258 -2.253 -2.243 -2.230 
-2.213 -2.191 -2.165 -2.134 -2.098 -2.056 -2.007 -1.950 -1.885 -1.810 
-1.724 -1.623 -1.506 -1.370 -1.212 -1.036 -0.849 -0.673 -0.594 -0.696 
-0.908 -1.138 -1.339 -1.508 -1.649 -1.770 -1.875 -1.967 -2.047 -2.119 
-2.182 -2.239 -2.290 -2.335 -2.375 -2.411 -2.442 -2.470 -2.494 -2.514 
-2.522 
-2.637 -2.638 -2.641 -2.641 -2.637 -2.630 -2.619 -2.605 -2.587 -2.566 
-2.540 -2.512 -2.479 -2.442 -2.402 -2.357 -2.309 -2.257 -2.202 -2.145 
-2.088 -2.032 -1.981 -1.938 -1.906 -1.889 -1.888 -1.901 -1.928 -1.965 
-2.010 -2.058 -2.106 -2.154 -2.199 -2.241 -2.279 -2.314 -2.345 -2.372 
-2.395 -2.414 -2.430 -2.442 -2.450 -2.454 -2.454 -2.450 -2.442 -2.429 
-2.412 -2.390 -2.364 -2.331 -2.293 -2.249 -2.197 -2.136 -2.066 -1.984 
-1.888 -1.773 -1.635 -1.466 -1.270 -1.088 -0.914 -0.727 -0.665 -0.819 
-1.074 -1.319 -1.521 -1.687 -1.826 -1.943 -2.044 -2.132 -2.209 -2.276 
-2.336 -2.388 -2.435 -2.475 -2.510 -2.541 -2.567 -2.589 -2.607 -2.621 
-2.635 
-2.781 -2.799 -2.800 -2.797 -2.792 -2.783 -2.770 -2.755 -2.736 -2.713 
-2.688 -2.658 -2.625 -2.588 -2.547 -2.503 -2.454 -2.400 -2.343 -2.282 
-2.218 -2.151 -2.084 -2.018 -1.957 -1.905 -1.867 -1.847 -1.848 -1.870 
-1.908 -1.956 -2.010 -2.066 -2.120 -2.171 -2.218 -2.260 -2.298 -2.330 
-2.357 -2.380 -2.397 -2.410 -2.419 -2.422 -2.421 -2.415 -2.404 -2.387 
-2.366 -2.338 -2.305 -2.265 -2.217 -2.161 -2.095 -2.018 -1.927 -1.820 
-1.691 -1.536 -1.348 -1.131 -0.934 -0.854 -0.938 -1.060 -1.170 -1.378 
-1.596 -1.776 -1.923 -2.046 -2.151 -2.241 -2.321 -2.391 -2.453 -2.508 
-2.557 -2.600 -2.638 -2.672 -2.701 -2.726 -2.747 -2.764 -2.778 -2.789 
-2.780 
-2.719 -2.728 -2.730 -2.729 -2.726 -2.719 -2.710 -2.697 -2.682 -2.664 
-2.644 -2.620 -2.594 -2.565 -2.533 -2.499 -2.462 -2.423 -2.383 -2.341 
-2.298 -2.255 -2.214 -2.174 -2.138 -2.107 -2.085 -2.072 -2.071 -2.080 
-2.099 -2.123 -2.152 -2.182 -2.212 -2.241 -2.269 -2.295 -2.318 -2.338 
-2.355 -2.369 -2.379 -2.385 -2.388 -2.387 -2.382 -2.373 -2.359 -2.341 
-2.318 -2.289 -2.256 -2.216 -2.169 -2.115 -2.053 -1.981 -1.898 -1.802 
-1.692 -1.566 -1.424 -1.274 -1.138 -1.074 -1.133 -1.252 -1.389 -1.529 
-1.665 -1.792 -1.906 -2.009 -2.101 -2.183 -2.257 -2.323 -2.382 -2.435 
-2.482 -2.524 -2.562 -2.595 -2.624 -2.649 -2.670 -2.688 -2.703 -2.714 
-2.717 
-2.600 -2.598 -2.603 -2.605 -2.604 -2.600 -2.594 -2.584 -2.571 -2.556 
-2.537 -2.516 -2.492 -2.465 -2.435 -2.403 -2.368 -2.332 -2.294 -2.255 
-2.216 -2.178 -2.142 -2.109 -2.081 -2.057 -2.039 -2.028 -2.024 -2.028 
-2.038 -2.055 -2.076 -2.101 -2.127 -2.155 -2.182 -2.208 -2.233 -2.255 
-2.275 -2.292 -2.305 -2.316 -2.323 -2.327 -2.327 -2.323 -2.315 -2.303 
-2.287 -2.266 -2.240 -2.210 -2.174 -2.132 -2.083 -2.028 -1.964 -1.891 
-1.809 -1.715 -1.610 -1.497 -1.383 -1.285 -1.214 -1.177 -1.191 -1.271 
-1.391 -1.521 -1.646 -1.762 -1.866 -1.960 -2.044 -2.120 -2.187 -2.248 
-2.302 -2.351 -2.394 -2.432 -2.466 -2.496 -2.522 -2.544 -2.562 -2.577 
-2.596 
-2.599 -2.610 -2.614 -2.614 -2.610 -2.603 -2.593 -2.579 -2.563 -2.543 
-2.519 -2.493 -2.463 -2.431 -2.396 -2.359 -2.320 -2.281 -2.242 -2.205 
-2.171 -2.143 -2.121 -2.108 -2.103 -2.106 -2.117 -2.134 -2.156 -2.181 
-2.210 -2.240 -2.271 -2.302 -2.333 -2.362 -2.390 -2.417 -2.440 -2.462 
-2.480 -2.495 -2.507 -2.516 -2.522 -2.524 -2.523 -2.518 -2.509 -2.496 
-2.480 -2.459 -2.433 -2.403 -2.367 -2.326 -2.279 -2.225 -2.163 -2.092 
-2.012 -1.919 -1.814 -1.692 -1.552 -1.394 -1.231 -1.096 -1.043 -1.098 
-1.225 -1.377 -1.531 -1.674 -1.802 -1.914 -2.014 -2.101 -2.178 -2.246 
-2.306 -2.358 -2.405 -2.446 -2.482 -2.512 -2.539 -2.561 -2.579 -2.593 
-2.597 
-2.571 -2.578 -2.590 -2.597 -2.602 -2.604 -2.603 -2.599 -2.592 -2.583 
-2.571 -2.556 -2.539 -2.519 -2.497 -2.473 -2.446 -2.419 -2.390 -2.360 
-2.331 -2.303 -2.277 -2.253 -2.232 -2.215 -2.202 -2.192 -2.188 -2.188 
-2.193 -2.202 -2.215 -2.232 -2.251 -2.272 -2.293 -2.315 -2.336 -2.356 
-2.374 -2.390 -2.403 -2.414 -2.423 -2.428 -2.430 -2.429 -2.424 -2.417 
-2.405 -2.389 -2.370 -2.347 -2.319 -2.286 -2.248 -2.205 -2.157 -2.102 
-2.040 -1.971 -1.894 -1.808 -1.709 -1.598 -1.472 -1.342 -1.240 -1.190 
-1.191 -1.249 -1.355 -1.484 -1.616 -1.740 -1.851 -1.951 -2.039 -2.118 
-2.188 -2.250 -2.305 -2.354 -2.397 -2.436 -2.470 -2.499 -2.524 -2.546 
-2.564 
-2.603 -2.601 -2.605 -2.607 -2.607 -2.604 -2.599 -2.593 -2.584 -2.574 
-2.562 -2.548 -2.534 -2.518 -2.501 -2.483 -2.464 -2.445 -2.426 -2.407 
-2.388 -2.371 -2.355 -2.343 -2.334 -2.330 -2.331 -2.336 -2.344 -2.355 
-2.368 -2.382 -2.397 -2.411 -2.426 -2.439 -2.452 -2.463 -2.472 -2.480 
-2.485 -2.489 -2.489 -2.488 -2.483 -2.476 -2.466 -2.453 -2.436 -2.417 
-2.394 -2.368 -2.338 -2.305 -2.267 -2.226 -2.181 -2.133 -2.081 -2.026 
-1.970 -1.913 -1.858 -1.807 -1.761 -1.721 -1.687 -1.657 -1.633 -1.624 
-1.646 -1.707 -1.796 -1.891 -1.981 -2.063 -2.136 -2.201 -2.258 -2.310 
-2.355 -2.396 -2.433 -2.465 -2.493 -2.518 -2.539 -2.557 -2.572 -2.584 
-2.601 
-2.798 -2.811 -2.813 -2.812 -2.807 -2.800 -2.789 -2.775 -2.757 -2.737 
-2.713 -2.686 -2.655 -2.622 -2.584 -2.544 -2.501 -2.455 -2.407 -2.359 
-2.311 -2.268 -2.230 -2.203 -2.187 -2.186 -2.199 -2.225 -2.260 -2.302 
-2.348 -2.395 -2.440 -2.483 -2.524 -2.561 -2.595 -2.624 -2.650 -2.673 
-2.691 -2.706 -2.718 -2.725 -2.730 -2.730 -2.727 -2.720 -2.710 -2.696 
-2.678 -2.656 -2.629 -2.599 -2.563 -2.523 -2.478 -2.427 -2.370 -2.307 
-2.237 -2.159 -2.074 -1.981 -1.879 -1.771 -1.666 -1.586 -1.556 -1.584 
-1.662 -1.770 -1.888 -2.002 -2.107 -2.202 -2.287 -2.363 -2.430 -2.490 
-2.543 -2.590 -2.631 -2.668 -2.700 -2.727 -2.750 -2.770 -2.785 -2.797 
-2.796 
-2.951 -2.962 -2.962 -2.958 -2.951 -2.941 -2.927 -2.910 -2.890 -2.867 
-2.840 -2.810 -2.776 -2.740 -2.701 -2.660 -2.617 -2.574 -2.531 -2.490 
-2.453 -2.422 -2.400 -2.388 -2.387 -2.398 -2.419 -2.449 -2.485 -2.525 
-2.567 -2.609 -2.649 -2.688 -2.724 -2.757 -2.786 -2.813 -2.836 -2.855 
-2.872 -2.884 -2.894 -2.900 -2.902 -2.901 -2.896 -2.887 -2.875 -2.859 
-2.838 -2.814 -2.785 -2.750 -2.711 -2.666 -2.615 -2.557 -2.491 -2.416 
-2.332 -2.237 -2.129 -2.008 -1.876 -1.741 -1.626 -1.566 -1.584 -1.671 
-1.797 -1.933 -2.064 -2.182 -2.288 -2.382 -2.465 -2.539 -2.604 -2.662 
-2.714 -2.759 -2.799 -2.834 -2.864 -2.890 -2.911 -2.929 -2.943 -2.953 
-2.950 
-2.974 -2.972 -2.975 -2.975 -2.972 -2.967 -2.959 -2.949 -2.936 -2.921 
-2.903 -2.883 -2.861 -2.838 -2.812 -2.785 -2.757 -2.729 -2.700 -2.672 
-2.646 -2.622 -2.601 -2.585 -2.574 -2.567 -2.567 -2.574 -2.586 -2.604 
-2.626 -2.651 -2.676 -2.702 -2.726 -2.749 -2.770 -2.789 -2.806 -2.819 
-2.831 -2.839 -2.845 -2.848 -2.847 -2.844 -2.837 -2.828 -2.814 -2.797 
-2.777 -2.753 -2.724 -2.692 -2.654 -2.612 -2.566 -2.513 -2.456 -2.393 
-2.324 -2.251 -2.174 -2.094 -2.017 -1.945 -1.887 -1.861 -1.880 -1.939 
-2.018 -2.106 -2.195 -2.282 -2.363 -2.438 -2.506 -2.569 -2.626 -2.678 
-2.724 -2.766 -2.803 -2.836 -2.865 -2.890 -2.912 -2.930 -2.945 -2.957 
-2.972 
-3.095 -3.100 -3.105 -3.107 -3.105 -3.101 -3.093 -3.082 -3.068 -3.050 
-3.029 -3.005 -2.978 -2.947 -2.913 -2.875 -2.834 -2.790 -2.742 -2.691 
-2.637 -2.582 -2.527 -2.475 -2.427 -2.389 -2.364 -2.354 -2.362 -2.384 
-2.418 -2.461 -2.508 -2.557 -2.605 -2.651 -2.694 -2.733 -2.769 -2.800 
-2.828 -2.851 -2.871 -2.886 -2.898 -2.905 -2.908 -2.908 -2.903 -2.895 
-2.882 -2.864 -2.843 -2.816 -2.785 -2.748 -2.705 -2.656 -2.601 -2.538 
-2.467 -2.389 -2.305 -2.217 -2.133 -2.061 -2.003 -1.959 -1.937 -1.949 
-1.996 -2.073 -2.167 -2.265 -2.362 -2.453 -2.536 -2.612 -2.681 -2.743 
-2.799 -2.848 -2.893 -2.932 -2.967 -2.998 -3.024 -3.047 -3.065 -3.080 
-3.092 
-3.254 -3.281 -3.282 -3.279 -3.274 -3.265 -3.252 -3.237 -3.217 -3.195 
-3.169 -3.139 -3.105 -3.067 -3.025 -2.978 -2.927 -2.872 -2.811 -2.747 
-2.678 -2.606 -2.534 -2.462 -2.397 -2.343 -2.307 -2.294 -2.304 -2.335 
-2.381 -2.437 -2.496 -2.556 -2.614 -2.667 -2.717 -2.761 -2.800 -2.834 
-2.864 -2.888 -2.908 -2.923 -2.933 -2.939 -2.940 -2.936 -2.928 -2.915 
-2.897 -2.873 -2.844 -2.809 -2.767 -2.719 -2.662 -2.598 -2.523 -2.439 
-2.344 -2.240 -2.133 -2.034 -1.964 -1.940 -1.965 -2.023 -2.096 -2.179 
-2.270 -2.368 -2.466 -2.562 -2.650 -2.732 -2.806 -2.873 -2.933 -2.987 
-3.035 -3.078 -3.116 -3.150 -3.179 -3.205 -3.226 -3.244 -3.258 -3.269 
-3.253 
-3.129 -3.131 -3.134 -3.133 -3.130 -3.123 -3.113 -3.099 -3.083 -3.062 
-3.038 -3.011 -2.979 -2.944 -2.904 -2.860 -2.811 -2.758 -2.699 -2.636 
-2.567 -2.494 -2.418 -2.342 -2.269 -2.207 -2.164 -2.146 -2.156 -2.192 
-2.247 -2.313 -2.382 -2.451 -2.516 -2.576 -2.631 -2.681 -2.725 -2.764 
-2.797 -2.825 -2.849 -2.868 -2.883 -2.893 -2.899 -2.901 -2.898 -2.891 
-2.880 -2.864 -2.844 -2.818 -2.788 -2.752 -2.710 -2.663 -2.608 -2.547 
-2.478 -2.401 -2.318 -2.233 -2.154 -2.092 -2.051 -2.033 -2.041 -2.078 
-2.140 -2.218 -2.304 -2.391 -2.474 -2.553 -2.626 -2.693 -2.754 -2.810 
-2.860 -2.905 -2.946 -2.982 -3.013 -3.041 -3.065 -3.085 -3.102 -3.115 
-3.126 
-3.035 -3.033 -3.035 -3.033 -3.029 -3.021 -3.011 -2.998 -2.983 -2.966 
-2.946 -2.924 -2.901 -2.877 -2.852 -2.827 -2.801 -2.775 -2.748 -2.722 
-2.696 -2.669 -2.643 -2.617 -2.592 -2.572 -2.559 -2.558 -2.572 -2.599 
-2.634 -2.674 -2.714 -2.752 -2.789 -2.822 -2.853 -2.880 -2.904 -2.925 
-2.942 -2.957 -2.968 -2.976 -2.981 -2.982 -2.980 -2.975 -2.966 -2.953 
-2.937 -2.917 -2.892 -2.862 -2.828 -2.787 -2.740 -2.685 -2.619 -2.541 
-2.448 -2.339 -2.228 -2.157 -2.160 -2.198 -2.227 -2.243 -2.258 -2.280 
-2.313 -2.356 -2.405 -2.457 -2.512 -2.566 -2.620 -2.671 -2.719 -2.764 
-2.806 -2.844 -2.878 -2.909 -2.936 -2.960 -2.980 -2.997 -3.011 -3.022 
-3.032 
-2.960 -2.970 -2.960 -2.947 -2.932 -2.913 -2.892 -2.869 -2.844 -2.818 
-2.792 -2.766 -2.740 -2.717 -2.696 -2.679 -2.666 -2.657 -2.652 -2.651 
-2.653 -2.659 -2.668 -2.681 -2.698 -2.720 -2.744 -2.772 -2.801 -2.831 
-2.860 -2.889 -2.916 -2.940 -2.963 -2.983 -3.000 -3.013 -3.024 -3.032 
-3.036 -3.037 -3.034 -3.028 -3.018 -3.004 -2.986 -2.964 -2.937 -2.905 
-2.868 -2.825 -2.776 -2.719 -2.654 -2.579 -2.493 -2.393 -2.277 -2.142 
-1.989 -1.826 -1.685 -1.615 -1.650 -1.761 -1.892 -2.005 -2.093 -2.167 
-2.239 -2.314 -2.391 -2.466 -2.536 -2.602 -2.661 -2.715 -2.763 -2.805 
-2.842 -2.874 -2.901 -2.924 -2.943 -2.958 -2.969 -2.976 -2.980 -2.980 
-2.963 
-2.782 -2.772 -2.771 -2.766 -2.758 -2.746 -2.731 -2.713 -2.691 -2.666 
-2.638 -2.607 -2.573 -2.537 -2.498 -2.458 -2.418 -2.378 -2.341 -2.309 
-2.284 -2.267 -2.260 -2.264 -2.277 -2.298 -2.327 -2.361 -2.399 -2.440 
-2.481 -2.522 -2.562 -2.600 -2.635 -2.667 -2.697 -2.723 -2.746 -2.766 
-2.783 -2.796 -2.806 -2.812 -2.816 -2.815 -2.812 -2.804 -2.793 -2.778 
-2.760 -2.737 -2.710 -2.678 -2.640 -2.597 -2.548 -2.491 -2.426 -2.350 
-2.261 -2.160 -2.054 -1.973 -1.934 -1.909 -1.871 -1.830 -1.802 -1.803 
-1.834 -1.893 -1.968 -2.051 -2.135 -2.216 -2.291 -2.360 -2.422 -2.478 
-2.529 -2.573 -2.613 -2.647 -2.677 -2.703 -2.724 -2.741 -2.754 -2.764 
-2.779 
-2.811 -2.795 -2.787 -2.776 -2.761 -2.742 -2.719 -2.692 -2.661 -2.625 
-2.586 -2.542 -2.494 -2.443 -2.388 -2.333 -2.277 -2.225 -2.179 -2.144 
-2.123 -2.118 -2.129 -2.154 -2.192 -2.241 -2.298 -2.358 -2.419 -2.477 
-2.532 -2.584 -2.631 -2.675 -2.714 -2.749 -2.781 -2.808 -2.832 -2.852 
-2.869 -2.882 -2.891 -2.898 -2.901 -2.900 -2.896 -2.889 -2.878 -2.864 
-2.847 -2.825 -2.800 -2.771 -2.738 -2.702 -2.660 -2.615 -2.565 -2.511 
-2.453 -2.391 -2.327 -2.261 -2.197 -2.138 -2.089 -2.054 -2.040 -2.048 
-2.080 -2.129 -2.188 -2.252 -2.316 -2.378 -2.436 -2.491 -2.540 -2.585 
-2.626 -2.661 -2.693 -2.720 -2.743 -2.762 -2.777 -2.788 -2.795 -2.799 
-2.812 
-3.068 -3.108 -3.104 -3.096 -3.084 -3.069 -3.050 -3.028 -3.001 -2.971 
-2.936 -2.897 -2.854 -2.806 -2.753 -2.697 -2.636 -2.572 -2.505 -2.439 
-2.373 -2.313 -2.264 -2.235 -2.234 -2.264 -2.321 -2.393 -2.472 -2.551 
-2.626 -2.695 -2.758 -2.814 -2.864 -2.908 -2.948 -2.982 -3.011 -3.036 
-3.057 -3.074 -3.087 -3.096 -3.102 -3.104 -3.102 -3.097 -3.088 -3.075 
-3.059 -3.039 -3.014 -2.986 -2.954 -2.917 -2.876 -2.830 -2.779 -2.723 
-2.663 -2.597 -2.528 -2.457 -2.388 -2.327 -2.281 -2.257 -2.261 -2.291 
-2.341 -2.404 -2.472 -2.542 -2.609 -2.673 -2.732 -2.787 -2.837 -2.882 
-2.923 -2.959 -2.991 -3.019 -3.042 -3.063 -3.079 -3.092 -3.101 -3.107 
-3.068 
-2.929 -2.927 -2.929 -2.928 -2.926 -2.920 -2.913 -2.904 -2.892 -2.879 
-2.865 -2.848 -2.831 -2.812 -2.793 -2.773 -2.752 -2.731 -2.709 -2.687 
-2.663 -2.640 -2.620 -2.608 -2.609 -2.625 -2.652 -2.685 -2.719 -2.752 
-2.782 -2.811 -2.836 -2.860 -2.882 -2.901 -2.919 -2.934 -2.947 -2.958 
-2.967 -2.974 -2.978 -2.980 -2.980 -2.977 -2.972 -2.964 -2.954 -2.941 
-2.926 -2.908 -2.887 -2.864 -2.837 -2.809 -2.777 -2.744 -2.707 -2.669 
-2.629 -2.588 -2.547 -2.506 -2.467 -2.433 -2.405 -2.388 -2.382 -2.388 
-2.404 -2.427 -2.455 -2.487 -2.522 -2.559 -2.596 -2.633 -2.670 -2.704 
-2.737 -2.767 -2.795 -2.820 -2.843 -2.863 -2.880 -2.895 -2.907 -2.916 
-2.928 
-2.853 -2.851 -2.862 -2.871 -2.877 -2.881 -2.883 -2.883 -2.881 -2.878 
-2.873 -2.866 -2.859 -2.850 -2.840 -2.830 -2.819 -2.809 -2.799 -2.790 
-2.782 -2.775 -2.771 -2.768 -2.768 -2.770 -2.775 -2.781 -2.790 -2.800 
-2.810 -2.822 -2.834 -2.846 -2.858 -2.869 -2.880 -2.890 -2.900 -2.907 
-2.914 -2.919 -2.923 -2.925 -2.925 -2.923 -2.919 -2.913 -2.906 -2.895 
-2.883 -2.868 -2.851 -2.831 -2.809 -2.784 -2.757 -2.727 -2.695 -2.660 
-2.623 -2.584 -2.544 -2.502 -2.460 -2.418 -2.379 -2.342 -2.311 -2.288 
-2.274 -2.272 -2.282 -2.302 -2.330 -2.365 -2.403 -2.444 -2.485 -2.526 
-2.566 -2.605 -2.641 -2.674 -2.706 -2.734 -2.760 -2.784 -2.804 -2.823 
-2.847 
-2.998 -3.013 -3.020 -3.024 -3.025 -3.023 -3.018 -3.010 -2.999 -2.986 
-2.969 -2.951 -2.929 -2.906 -2.880 -2.854 -2.826 -2.799 -2.772 -2.749 
-2.729 -2.714 -2.705 -2.703 -2.707 -2.717 -2.733 -2.752 -2.776 -2.802 
-2.829 -2.858 -2.886 -2.914 -2.941 -2.967 -2.991 -3.013 -3.032 -3.050 
-3.065 -3.077 -3.087 -3.095 -3.100 -3.102 -3.101 -3.097 -3.091 -3.081 
-3.069 -3.053 -3.034 -3.012 -2.986 -2.956 -2.922 -2.884 -2.841 -2.794 
-2.741 -2.684 -2.622 -2.555 -2.486 -2.419 -2.357 -2.305 -2.263 -2.233 
-2.218 -2.221 -2.244 -2.284 -2.338 -2.398 -2.462 -2.525 -2.586 -2.643 
-2.697 -2.745 -2.790 -2.830 -2.866 -2.898 -2.926 -2.950 -2.971 -2.988 
-2.994 
-3.163 -3.166 -3.162 -3.154 -3.144 -3.129 -3.111 -3.089 -3.064 -3.035 
-3.002 -2.966 -2.927 -2.885 -2.841 -2.795 -2.749 -2.705 -2.664 -2.629 
-2.602 -2.583 -2.574 -2.573 -2.581 -2.599 -2.630 -2.672 -2.723 -2.776 
-2.830 -2.881 -2.928 -2.971 -3.011 -3.046 -3.077 -3.105 -3.128 -3.148 
-3.164 -3.177 -3.186 -3.191 -3.193 -3.192 -3.186 -3.177 -3.164 -3.148 
-3.127 -3.102 -3.073 -3.039 -3.000 -2.956 -2.906 -2.850 -2.788 -2.719 
-2.643 -2.560 -2.472 -2.381 -2.295 -2.222 -2.172 -2.151 -2.160 -2.195 
-2.253 -2.327 -2.409 -2.493 -2.574 -2.651 -2.722 -2.787 -2.847 -2.900 
-2.948 -2.990 -3.027 -3.059 -3.087 -3.110 -3.129 -3.144 -3.155 -3.162 
-3.163 
-3.276 -3.287 -3.287 -3.283 -3.276 -3.265 -3.249 -3.230 -3.206 -3.178 
-3.145 -3.108 -3.066 -3.019 -2.967 -2.910 -2.849 -2.784 -2.718 -2.653 
-2.591 -2.532 -2.475 -2.423 -2.383 -2.365 -2.375 -2.415 -2.478 -2.554 
-2.635 -2.714 -2.790 -2.859 -2.923 -2.980 -3.030 -3.075 -3.115 -3.149 
-3.179 -3.203 -3.224 -3.239 -3.251 -3.259 -3.262 -3.262 -3.257 -3.248 
-3.235 -3.218 -3.197 -3.170 -3.139 -3.103 -3.061 -3.013 -2.959 -2.897 
-2.828 -2.751 -2.665 -2.571 -2.468 -2.361 -2.253 -2.152 -2.073 -2.040 
-2.069 -2.152 -2.265 -2.386 -2.502 -2.609 -2.705 -2.791 -2.867 -2.935 
-2.995 -3.047 -3.094 -3.134 -3.169 -3.199 -3.224 -3.245 -3.262 -3.274 
-3.273 
-3.200 -3.210 -3.202 -3.190 -3.174 -3.154 -3.129 -3.101 -3.070 -3.034 
-2.994 -2.951 -2.903 -2.850 -2.793 -2.730 -2.665 -2.600 -2.542 -2.498 
-2.478 -2.483 -2.511 -2.553 -2.602 -2.654 -2.712 -2.778 -2.848 -2.919 
-2.989 -3.053 -3.112 -3.165 -3.212 -3.254 -3.291 -3.322 -3.349 -3.372 
-3.391 -3.405 -3.416 -3.423 -3.426 -3.425 -3.421 -3.413 -3.401 -3.385 
-3.365 -3.341 -3.313 -3.280 -3.243 -3.200 -3.151 -3.097 -3.036 -2.967 
-2.891 -2.807 -2.713 -2.611 -2.500 -2.382 -2.259 -2.137 -2.037 -1.992 
-2.025 -2.124 -2.255 -2.388 -2.511 -2.621 -2.717 -2.800 -2.873 -2.936 
-2.991 -3.039 -3.080 -3.114 -3.143 -3.167 -3.185 -3.199 -3.208 -3.213 
-3.200 
-3.050 -3.016 -3.001 -2.984 -2.963 -2.941 -2.917 -2.892 -2.866 -2.842 
-2.819 -2.799 -2.784 -2.772 -2.766 -2.763 -2.762 -2.764 -2.767 -2.775 
-2.791 -2.818 -2.857 -2.904 -2.955 -3.006 -3.056 -3.103 -3.147 -3.187 
-3.224 -3.256 -3.285 -3.311 -3.333 -3.351 -3.367 -3.379 -3.388 -3.393 
-3.396 -3.396 -3.392 -3.385 -3.376 -3.362 -3.346 -3.326 -3.303 -3.276 
-3.245 -3.210 -3.170 -3.127 -3.078 -3.024 -2.964 -2.899 -2.827 -2.749 
-2.664 -2.574 -2.481 -2.388 -2.303 -2.234 -2.189 -2.171 -2.177 -2.208 
-2.271 -2.357 -2.449 -2.536 -2.616 -2.686 -2.749 -2.804 -2.852 -2.893 
-2.929 -2.959 -2.984 -3.004 -3.020 -3.031 -3.038 -3.041 -3.040 -3.036 
-3.054 
-3.280 -3.300 -3.293 -3.282 -3.268 -3.251 -3.230 -3.207 -3.182 -3.154 
-3.125 -3.094 -3.062 -3.030 -2.997 -2.963 -2.930 -2.899 -2.871 -2.849 
-2.835 -2.833 -2.842 -2.864 -2.896 -2.936 -2.981 -3.029 -3.078 -3.126 
-3.173 -3.217 -3.258 -3.296 -3.330 -3.361 -3.388 -3.412 -3.433 -3.450 
-3.463 -3.473 -3.480 -3.484 -3.484 -3.481 -3.475 -3.465 -3.451 -3.434 
-3.413 -3.388 -3.360 -3.326 -3.289 -3.246 -3.199 -3.146 -3.087 -3.022 
-2.951 -2.874 -2.792 -2.706 -2.620 -2.540 -2.473 -2.426 -2.407 -2.419 
-2.460 -2.523 -2.597 -2.676 -2.755 -2.829 -2.899 -2.962 -3.019 -3.070 
-3.115 -3.154 -3.189 -3.218 -3.243 -3.263 -3.279 -3.291 -3.299 -3.303 
-3.279 
-3.278 -3.308 -3.311 -3.312 -3.308 -3.302 -3.293 -3.280 -3.264 -3.245 
-3.223 -3.197 -3.169 -3.137 -3.103 -3.067 -3.030 -2.994 -2.959 -2.929 
-2.904 -2.888 -2.881 -2.884 -2.897 -2.919 -2.947 -2.979 -3.015 -3.051 
-3.087 -3.121 -3.154 -3.184 -3.211 -3.236 -3.258 -3.277 -3.293 -3.307 
-3.319 -3.328 -3.334 -3.338 -3.339 -3.338 -3.335 -3.328 -3.319 -3.307 
-3.292 -3.274 -3.252 -3.227 -3.198 -3.165 -3.127 -3.084 -3.035 -2.981 
-2.919 -2.850 -2.772 -2.686 -2.593 -2.497 -2.405 -2.332 -2.294 -2.302 
-2.352 -2.431 -2.521 -2.612 -2.697 -2.775 -2.845 -2.907 -2.963 -3.014 
-3.059 -3.100 -3.136 -3.169 -3.198 -3.223 -3.245 -3.264 -3.280 -3.292 
-3.276 
-3.034 -3.025 -3.039 -3.052 -3.062 -3.071 -3.078 -3.084 -3.088 -3.090 
-3.090 -3.089 -3.086 -3.081 -3.075 -3.067 -3.059 -3.049 -3.038 -3.027 
-3.016 -3.007 -2.998 -2.991 -2.985 -2.981 -2.978 -2.976 -2.974 -2.972 
-2.971 -2.970 -2.969 -2.969 -2.970 -2.971 -2.973 -2.975 -2.978 -2.981 
-2.983 -2.985 -2.987 -2.988 -2.988 -2.987 -2.985 -2.982 -2.978 -2.973 
-2.966 -2.957 -2.947 -2.935 -2.922 -2.907 -2.891 -2.872 -2.852 -2.830 
-2.807 -2.781 -2.753 -2.722 -2.689 -2.654 -2.617 -2.584 -2.562 -2.557 
-2.566 -2.582 -2.600 -2.618 -2.637 -2.656 -2.677 -2.700 -2.725 -2.750 
-2.777 -2.803 -2.830 -2.857 -2.882 -2.907 -2.930 -2.952 -2.973 -2.992 
-3.027 
-3.041 -3.078 -3.093 -3.107 -3.119 -3.130 -3.140 -3.148 -3.155 -3.161 
-3.166 -3.169 -3.171 -3.171 -3.170 -3.166 -3.161 -3.154 -3.144 -3.133 
-3.120 -3.105 -3.089 -3.071 -3.052 -3.033 -3.013 -2.994 -2.976 -2.959 
-2.945 -2.933 -2.925 -2.920 -2.919 -2.922 -2.928 -2.936 -2.947 -2.959 
-2.973 -2.987 -3.000 -3.013 -3.025 -3.036 -3.045 -3.052 -3.057 -3.059 
-3.060 -3.058 -3.053 -3.046 -3.037 -3.025 -3.010 -2.993 -2.975 -2.954 
-2.931 -2.907 -2.883 -2.858 -2.834 -2.810 -2.787 -2.765 -2.745 -2.727 
-2.711 -2.699 -2.690 -2.686 -2.688 -2.695 -2.707 -2.725 -2.748 -2.774 
-2.802 -2.832 -2.862 -2.892 -2.921 -2.949 -2.975 -3.000 -3.022 -3.043 
-3.034 
-2.893 -2.879 -2.885 -2.891 -2.898 -2.905 -2.915 -2.925 -2.937 -2.951 
-2.965 -2.981 -2.997 -3.014 -3.031 -3.048 -3.063 -3.078 -3.092 -3.104 
-3.115 -3.124 -3.131 -3.137 -3.141 -3.144 -3.147 -3.148 -3.149 -3.150 
-3.152 -3.154 -3.156 -3.159 -3.163 -3.167 -3.172 -3.176 -3.180 -3.183 
-3.185 -3.185 -3.183 -3.179 -3.173 -3.165 -3.154 -3.140 -3.124 -3.105 
-3.083 -3.059 -3.032 -3.002 -2.970 -2.936 -2.901 -2.864 -2.826 -2.787 
-2.750 -2.714 -2.680 -2.650 -2.625 -2.604 -2.589 -2.579 -2.574 -2.575 
-2.580 -2.589 -2.602 -2.619 -2.637 -2.658 -2.680 -2.702 -2.724 -2.745 
-2.764 -2.783 -2.799 -2.814 -2.827 -2.838 -2.847 -2.855 -2.862 -2.868 
-2.892 
-2.973 -3.002 -3.013 -3.022 -3.030 -3.036 -3.041 -3.045 -3.047 -3.048 
-3.048 -3.046 -3.043 -3.039 -3.032 -3.024 -3.014 -3.003 -2.991 -2.977 
-2.963 -2.948 -2.934 -2.920 -2.907 -2.895 -2.886 -2.879 -2.874 -2.873 
-2.874 -2.878 -2.885 -2.893 -2.904 -2.915 -2.928 -2.941 -2.953 -2.966 
-2.977 -2.988 -2.996 -3.004 -3.009 -3.012 -3.014 -3.013 -3.009 -3.003 
-2.995 -2.983 -2.970 -2.953 -2.934 -2.912 -2.887 -2.860 -2.830 -2.799 
-2.765 -2.730 -2.694 -2.657 -2.621 -2.586 -2.553 -2.523 -2.498 -2.479 
-2.468 -2.466 -2.473 -2.489 -2.513 -2.544 -2.579 -2.617 -2.656 -2.695 
-2.733 -2.770 -2.805 -2.837 -2.866 -2.893 -2.917 -2.939 -2.958 -2.975 
-2.966 
