IRGRID 64 91
1e+308

0.025 0.03 0.035 0.04 0.045 0.05 0.055 0.06 0.065 0.07
0.075 0.08 0.085 0.09 0.095 0.1 0.11 0.12 0.13 0.14
0.15 0.16 0.17 0.18 0.19 0.2 0.21 0.22 0.23 0.24
0.25 0.26 0.27 0.28 0.29 0.3 0.31 0.32 0.33 0.34
0.35 0.36 0.37 0.38 0.39 0.4 0.41 0.42 0.43 0.44
0.45 0.46 0.47 0.48 0.49 0.5 0.51 0.52 0.53 0.54
0.55 0.56 0.57 0.58
0 4 8 12 16 20 24 28 32 36
40 44 48 52 56 60 64 68 72 76
80 84 88 92 96 100 104 108 112 116
120 124 128 132 136 140 144 148 152 156
160 164 168 172 176 180 184 188 192 196
200 204 208 212 216 220 224 228 232 236
240 244 248 252 256 260 264 268 272 276
280 284 288 292 296 300 304 308 312 316
320 324 328 332 336 340 344 348 352 356
360
-4.000 -4.000 -4.000 -4.000 -4.000 -4.000 -4.000 -4.000 -4.000 -4.000 
-4.000 -4.000 -4.000 -4.000 -4.000 -4.000 -4.000 -4.000 -4.000 -4.000 
-4.000 -4.000 -4.000 -4.000 -4.000 -4.000 -4.000 -4.000 -4.000 -4.000 
-4.000 -4.000 -4.000 -4.000 -4.000 -4.000 -4.000 -4.000 -4.000 -4.000 
-4.000 -4.000 -4.000 -4.000 -4.000 -4.000 -4.000 -4.000 -4.000 -4.000 
-4.000 -4.000 -4.000 -4.000 -4.000 -4.000 -4.000 -4.000 -4.000 -3.974 
-3.898 -3.814 -3.722 -3.627 -3.545 -3.498 -3.507 -3.571 -3.673 -3.790 
-3.907 -4.000 -4.000 -4.000 -4.000 -4.000 -4.000 -4.000 -4.000 -4.000 
-4.000 -4.000 -4.000 -4.000 -4.000 -4.000 -4.000 -4.000 -4.000 -4.000 
-4.000 
-4.000 -4.000 -4.000 -4.000 -4.000 -4.000 -4.000 -4.000 -4.000 -4.000 
-4.000 -4.000 -4.000 -4.000 -4.000 -4.000 -4.000 -3.956 -3.910 -3.864 
-3.819 -3.777 -3.740 -3.709 -3.686 -3.670 -3.663 -3.660 -3.662 -3.663 
-3.663 -3.660 -3.652 -3.642 -3.630 -3.621 -3.616 -3.619 -3.629 -3.645 
-3.666 -3.689 -3.713 -3.735 -3.754 -3.771 -3.783 -3.791 -3.795 -3.794 
-3.789 -3.780 -3.766 -3.749 -3.727 -3.703 -3.676 -3.647 -3.618 -3.590 
-3.563 -3.541 -3.522 -3.508 -3.500 -3.502 -3.520 -3.553 -3.596 -3.644 
-3.694 -3.746 -3.799 -3.851 -3.902 -3.951 -3.997 -4.000 -4.000 -4.000 
-4.000 -4.000 -4.000 -4.000 -4.000 -4.000 -4.000 -4.000 -4.000 -4.000 
-4.000 
-3.653 -3.714 -3.725 -3.735 -3.744 -3.752 -3.759 -3.764 -3.769 -3.772 
-3.773 -3.773 -3.771 -3.766 -3.759 -3.749 -3.737 -3.721 -3.703 -3.681 
-3.657 -3.629 -3.599 -3.566 -3.531 -3.493 -3.451 -3.407 -3.359 -3.309 
-3.256 -3.202 -3.149 -3.099 -3.056 -3.023 -3.000 -2.990 -2.992 -3.004 
-3.023 -3.046 -3.071 -3.094 -3.115 -3.131 -3.143 -3.149 -3.149 -3.142 
-3.129 -3.109 -3.083 -3.052 -3.017 -2.982 -2.948 -2.920 -2.902 -2.893 
-2.893 -2.899 -2.909 -2.920 -2.933 -2.947 -2.964 -2.986 -3.013 -3.046 
-3.084 -3.126 -3.171 -3.217 -3.263 -3.308 -3.351 -3.392 -3.430 -3.466 
-3.498 -3.528 -3.556 -3.581 -3.603 -3.624 -3.642 -3.659 -3.675 -3.689 
-3.650 
-2.792 -2.784 -2.743 -2.755 -2.819 -2.905 -2.987 -3.057 -3.114 -3.161 
-3.200 -3.232 -3.261 -3.285 -3.307 -3.327 -3.344 -3.359 -3.372 -3.383 
-3.392 -3.399 -3.404 -3.406 -3.407 -3.405 -3.400 -3.392 -3.382 -3.369 
-3.353 -3.334 -3.313 -3.291 -3.268 -3.245 -3.224 -3.205 -3.187 -3.169 
-3.149 -3.127 -3.101 -3.071 -3.036 -2.995 -2.949 -2.897 -2.839 -2.774 
-2.703 -2.624 -2.538 -2.449 -2.372 -2.325 -2.308 -2.306 -2.312 -2.328 
-2.355 -2.393 -2.439 -2.489 -2.542 -2.593 -2.643 -2.691 -2.736 -2.778 
-2.817 -2.853 -2.886 -2.916 -2.943 -2.967 -2.988 -3.006 -3.021 -3.034 
-3.043 -3.050 -3.054 -3.053 -3.049 -3.040 -3.024 -2.999 -2.963 -2.913 
-2.790 
-2.320 -2.198 -2.139 -2.150 -2.231 -2.353 -2.488 -2.618 -2.734 -2.834 
-2.919 -2.989 -3.045 -3.086 -3.113 -3.124 -3.117 -3.092 -3.047 -2.981 
-2.900 -2.816 -2.751 -2.732 -2.768 -2.840 -2.927 -3.010 -3.084 -3.145 
-3.194 -3.233 -3.261 -3.281 -3.293 -3.298 -3.296 -3.288 -3.274 -3.254 
-3.229 -3.197 -3.159 -3.114 -3.063 -3.003 -2.935 -2.857 -2.768 -2.666 
-2.549 -2.419 -2.280 -2.147 -2.051 -2.019 -2.042 -2.066 -1.987 -1.646 
-1.410 -1.934 -2.274 -2.477 -2.615 -2.719 -2.801 -2.868 -2.923 -2.969 
-3.007 -3.038 -3.062 -3.081 -3.094 -3.101 -3.102 -3.098 -3.088 -3.072 
-3.049 -3.020 -2.982 -2.937 -2.882 -2.816 -2.738 -2.646 -2.541 -2.424 
-2.378 
-2.797 -2.807 -2.758 -2.763 -2.819 -2.891 -2.951 -2.990 -3.008 -3.009 
-2.993 -2.965 -2.925 -2.874 -2.813 -2.741 -2.657 -2.562 -2.456 -2.341 
-2.223 -2.116 -2.041 -2.017 -2.048 -2.119 -2.209 -2.298 -2.374 -2.433 
-2.473 -2.494 -2.495 -2.480 -2.451 -2.412 -2.370 -2.330 -2.299 -2.282 
-2.279 -2.289 -2.307 -2.329 -2.350 -2.367 -2.378 -2.381 -2.376 -2.360 
-2.333 -2.292 -2.235 -2.164 -2.080 -1.985 -1.860 -1.660 -1.310 -0.911 
-0.750 -1.084 -1.513 -1.762 -1.915 -2.035 -2.145 -2.252 -2.355 -2.452 
-2.542 -2.625 -2.701 -2.770 -2.832 -2.888 -2.937 -2.981 -3.019 -3.051 
-3.077 -3.098 -3.112 -3.120 -3.120 -3.112 -3.093 -3.063 -3.018 -2.958 
-2.798 
-2.581 -2.641 -2.647 -2.651 -2.653 -2.654 -2.652 -2.648 -2.642 -2.635 
-2.625 -2.613 -2.599 -2.583 -2.564 -2.543 -2.518 -2.489 -2.455 -2.415 
-2.370 -2.322 -2.278 -2.248 -2.232 -2.222 -2.206 -2.181 -2.146 -2.103 
-2.052 -1.994 -1.931 -1.864 -1.794 -1.725 -1.661 -1.606 -1.565 -1.540 
-1.532 -1.537 -1.551 -1.568 -1.585 -1.598 -1.604 -1.603 -1.592 -1.572 
-1.540 -1.498 -1.443 -1.376 -1.300 -1.221 -1.149 -1.100 -1.080 -1.038 
-0.990 -1.154 -1.223 -1.270 -1.323 -1.390 -1.471 -1.560 -1.653 -1.745 
-1.832 -1.914 -1.991 -2.061 -2.126 -2.186 -2.240 -2.290 -2.336 -2.378 
-2.416 -2.450 -2.482 -2.510 -2.535 -2.558 -2.577 -2.595 -2.610 -2.623 
-2.578 
-2.053 -2.049 -2.054 -2.058 -2.060 -2.060 -2.060 -2.058 -2.054 -2.050 
-2.044 -2.037 -2.029 -2.021 -2.011 -2.000 -1.989 -1.977 -1.964 -1.950 
-1.936 -1.922 -1.907 -1.891 -1.875 -1.858 -1.841 -1.822 -1.803 -1.784 
-1.763 -1.740 -1.717 -1.691 -1.664 -1.635 -1.606 -1.576 -1.546 -1.518 
-1.490 -1.462 -1.432 -1.399 -1.362 -1.320 -1.273 -1.220 -1.161 -1.094 
-1.019 -0.936 -0.845 -0.746 -0.642 -0.540 -0.453 -0.390 -0.347 -0.288 
-0.175 -0.156 -0.354 -0.580 -0.764 -0.912 -1.036 -1.143 -1.237 -1.322 
-1.397 -1.466 -1.528 -1.585 -1.636 -1.684 -1.727 -1.767 -1.803 -1.837 
-1.867 -1.895 -1.920 -1.942 -1.963 -1.981 -1.997 -2.011 -2.023 -2.033 
-2.051 
-1.694 -1.742 -1.749 -1.755 -1.758 -1.760 -1.761 -1.760 -1.758 -1.755 
-1.751 -1.746 -1.740 -1.735 -1.729 -1.722 -1.716 -1.711 -1.705 -1.700 
-1.695 -1.690 -1.685 -1.680 -1.675 -1.669 -1.663 -1.656 -1.648 -1.640 
-1.629 -1.618 -1.605 -1.590 -1.574 -1.556 -1.537 -1.515 -1.491 -1.465 
-1.437 -1.406 -1.373 -1.337 -1.298 -1.255 -1.208 -1.157 -1.102 -1.040 
-0.973 -0.898 -0.813 -0.719 -0.612 -0.491 -0.352 -0.187 0.015 0.260 
0.487 0.614 0.633 0.334 0.014 -0.230 -0.422 -0.579 -0.712 -0.826 
-0.926 -1.015 -1.094 -1.166 -1.230 -1.289 -1.343 -1.392 -1.437 -1.477 
-1.515 -1.549 -1.580 -1.607 -1.633 -1.655 -1.675 -1.693 -1.708 -1.722 
-1.690 
-1.305 -1.285 -1.285 -1.284 -1.281 -1.277 -1.271 -1.265 -1.257 -1.249 
-1.240 -1.232 -1.223 -1.215 -1.207 -1.200 -1.195 -1.190 -1.187 -1.185 
-1.185 -1.186 -1.188 -1.192 -1.196 -1.200 -1.205 -1.210 -1.215 -1.219 
-1.222 -1.225 -1.226 -1.225 -1.223 -1.219 -1.213 -1.205 -1.194 -1.181 
-1.165 -1.147 -1.125 -1.100 -1.071 -1.038 -1.002 -0.960 -0.913 -0.861 
-0.802 -0.735 -0.660 -0.574 -0.475 -0.359 -0.223 -0.057 0.150 0.413 
0.720 0.977 1.102 0.886 0.530 0.220 -0.011 -0.191 -0.338 -0.460 
-0.565 -0.657 -0.737 -0.807 -0.870 -0.926 -0.976 -1.021 -1.061 -1.097 
-1.129 -1.157 -1.182 -1.204 -1.223 -1.239 -1.252 -1.263 -1.272 -1.278 
-1.305 
-1.346 -1.362 -1.375 -1.387 -1.398 -1.407 -1.416 -1.423 -1.429 -1.433 
-1.437 -1.440 -1.443 -1.444 -1.445 -1.446 -1.446 -1.446 -1.445 -1.444 
-1.443 -1.442 -1.440 -1.437 -1.434 -1.430 -1.425 -1.419 -1.412 -1.404 
-1.394 -1.383 -1.370 -1.355 -1.338 -1.319 -1.299 -1.276 -1.250 -1.223 
-1.193 -1.159 -1.123 -1.084 -1.042 -0.995 -0.945 -0.890 -0.830 -0.764 
-0.691 -0.610 -0.519 -0.417 -0.299 -0.163 0.000 0.199 0.447 0.726 
0.930 0.948 0.866 0.604 0.337 0.119 -0.058 -0.206 -0.331 -0.440 
-0.535 -0.620 -0.695 -0.764 -0.825 -0.882 -0.934 -0.981 -1.024 -1.065 
-1.102 -1.136 -1.168 -1.197 -1.224 -1.249 -1.272 -1.293 -1.313 -1.331 
-1.340 
-1.361 -1.400 -1.426 -1.451 -1.475 -1.497 -1.518 -1.537 -1.554 -1.570 
-1.583 -1.595 -1.605 -1.613 -1.619 -1.624 -1.627 -1.628 -1.628 -1.626 
-1.622 -1.617 -1.610 -1.602 -1.592 -1.581 -1.567 -1.553 -1.536 -1.519 
-1.499 -1.478 -1.455 -1.430 -1.404 -1.375 -1.345 -1.313 -1.279 -1.243 
-1.205 -1.165 -1.122 -1.077 -1.030 -0.979 -0.925 -0.868 -0.807 -0.741 
-0.671 -0.594 -0.510 -0.418 -0.316 -0.200 -0.065 0.094 0.292 0.535 
0.722 0.803 0.821 0.735 0.556 0.350 0.158 -0.010 -0.154 -0.281 
-0.393 -0.492 -0.582 -0.663 -0.737 -0.805 -0.867 -0.924 -0.976 -1.023 
-1.067 -1.107 -1.144 -1.177 -1.209 -1.238 -1.266 -1.293 -1.320 -1.347 
-1.353 
-1.260 -1.260 -1.299 -1.341 -1.384 -1.428 -1.471 -1.513 -1.554 -1.592 
-1.629 -1.662 -1.693 -1.721 -1.747 -1.769 -1.790 -1.808 -1.824 -1.837 
-1.849 -1.858 -1.866 -1.871 -1.875 -1.877 -1.876 -1.874 -1.870 -1.864 
-1.855 -1.845 -1.832 -1.817 -1.799 -1.779 -1.757 -1.732 -1.705 -1.674 
-1.641 -1.605 -1.565 -1.522 -1.475 -1.425 -1.370 -1.309 -1.244 -1.172 
-1.092 -1.003 -0.903 -0.789 -0.656 -0.497 -0.299 -0.038 0.299 0.581 
0.607 0.443 0.325 0.214 0.021 -0.186 -0.360 -0.503 -0.621 -0.719 
-0.801 -0.870 -0.929 -0.977 -1.017 -1.049 -1.075 -1.094 -1.109 -1.118 
-1.124 -1.127 -1.128 -1.129 -1.130 -1.134 -1.142 -1.154 -1.172 -1.196 
-1.246 
-1.609 -1.670 -1.690 -1.709 -1.728 -1.744 -1.759 -1.771 -1.781 -1.789 
-1.795 -1.800 -1.804 -1.806 -1.808 -1.810 -1.811 -1.813 -1.814 -1.816 
-1.818 -1.821 -1.824 -1.828 -1.831 -1.835 -1.839 -1.842 -1.845 -1.847 
-1.849 -1.850 -1.849 -1.847 -1.844 -1.838 -1.831 -1.822 -1.810 -1.796 
-1.780 -1.760 -1.738 -1.712 -1.683 -1.649 -1.612 -1.569 -1.522 -1.468 
-1.407 -1.338 -1.260 -1.170 -1.066 -0.941 -0.789 -0.594 -0.330 0.006 
0.174 0.533 0.331 0.278 0.128 -0.123 -0.369 -0.569 -0.728 -0.857 
-0.965 -1.056 -1.134 -1.201 -1.260 -1.310 -1.354 -1.393 -1.426 -1.455 
-1.480 -1.502 -1.520 -1.537 -1.552 -1.566 -1.580 -1.596 -1.612 -1.630 
-1.607 
-1.839 -1.865 -1.898 -1.928 -1.957 -1.983 -2.007 -2.029 -2.049 -2.067 
-2.083 -2.097 -2.110 -2.120 -2.129 -2.137 -2.143 -2.147 -2.151 -2.154 
-2.155 -2.155 -2.154 -2.151 -2.148 -2.142 -2.136 -2.127 -2.117 -2.105 
-2.090 -2.074 -2.055 -2.034 -2.011 -1.985 -1.956 -1.925 -1.891 -1.855 
-1.815 -1.774 -1.729 -1.682 -1.633 -1.581 -1.525 -1.467 -1.405 -1.340 
-1.269 -1.192 -1.108 -1.014 -0.908 -0.785 -0.639 -0.458 -0.221 0.130 
0.685 1.065 0.827 0.462 0.159 -0.105 -0.319 -0.490 -0.628 -0.743 
-0.841 -0.924 -0.998 -1.064 -1.123 -1.178 -1.229 -1.278 -1.325 -1.371 
-1.416 -1.461 -1.505 -1.549 -1.592 -1.635 -1.676 -1.717 -1.756 -1.794 
-1.825 
-1.888 -1.908 -1.931 -1.952 -1.971 -1.987 -2.002 -2.014 -2.024 -2.032 
-2.037 -2.041 -2.042 -2.041 -2.038 -2.033 -2.026 -2.016 -2.005 -1.991 
-1.975 -1.957 -1.937 -1.914 -1.889 -1.861 -1.831 -1.799 -1.764 -1.727 
-1.688 -1.647 -1.604 -1.559 -1.513 -1.467 -1.421 -1.376 -1.332 -1.289 
-1.248 -1.207 -1.167 -1.125 -1.083 -1.039 -0.993 -0.945 -0.895 -0.843 
-0.787 -0.729 -0.666 -0.598 -0.523 -0.439 -0.342 -0.229 -0.092 0.081 
0.324 0.710 0.691 0.687 0.533 0.286 0.034 -0.185 -0.371 -0.530 
-0.668 -0.790 -0.899 -0.996 -1.085 -1.166 -1.240 -1.309 -1.373 -1.432 
-1.487 -1.539 -1.588 -1.634 -1.677 -1.718 -1.755 -1.791 -1.824 -1.854 
-1.879 
-1.924 -1.950 -1.963 -1.974 -1.982 -1.987 -1.991 -1.991 -1.990 -1.986 
-1.980 -1.972 -1.961 -1.947 -1.932 -1.913 -1.893 -1.870 -1.844 -1.815 
-1.784 -1.750 -1.713 -1.674 -1.631 -1.586 -1.537 -1.485 -1.431 -1.374 
-1.315 -1.253 -1.191 -1.128 -1.066 -1.007 -0.953 -0.906 -0.868 -0.840 
-0.822 -0.811 -0.807 -0.807 -0.808 -0.809 -0.808 -0.803 -0.794 -0.779 
-0.758 -0.731 -0.695 -0.651 -0.597 -0.530 -0.449 -0.349 -0.226 -0.071 
0.122 0.352 0.554 0.598 0.418 0.142 -0.120 -0.340 -0.525 -0.683 
-0.821 -0.942 -1.050 -1.146 -1.234 -1.313 -1.386 -1.452 -1.513 -1.568 
-1.619 -1.666 -1.709 -1.748 -1.784 -1.817 -1.846 -1.872 -1.896 -1.917 
-1.920 
-1.813 -1.820 -1.832 -1.841 -1.848 -1.852 -1.854 -1.854 -1.851 -1.845 
-1.838 -1.827 -1.815 -1.799 -1.781 -1.761 -1.738 -1.712 -1.683 -1.651 
-1.616 -1.578 -1.537 -1.493 -1.445 -1.393 -1.338 -1.279 -1.216 -1.149 
-1.078 -1.004 -0.927 -0.849 -0.771 -0.694 -0.622 -0.555 -0.495 -0.439 
-0.389 -0.347 -0.327 -0.339 -0.376 -0.422 -0.464 -0.499 -0.524 -0.539 
-0.544 -0.539 -0.523 -0.497 -0.460 -0.409 -0.342 -0.258 -0.152 -0.018 
0.150 0.348 0.535 0.603 0.483 0.257 0.014 -0.203 -0.390 -0.550 
-0.690 -0.813 -0.923 -1.021 -1.109 -1.190 -1.263 -1.329 -1.390 -1.446 
-1.497 -1.543 -1.586 -1.624 -1.660 -1.691 -1.720 -1.746 -1.768 -1.788 
-1.808 
-1.766 -1.777 -1.791 -1.803 -1.812 -1.819 -1.824 -1.825 -1.825 -1.822 
-1.816 -1.809 -1.798 -1.785 -1.770 -1.752 -1.731 -1.708 -1.681 -1.652 
-1.619 -1.584 -1.545 -1.502 -1.456 -1.405 -1.351 -1.291 -1.227 -1.158 
-1.082 -1.001 -0.912 -0.817 -0.713 -0.602 -0.484 -0.360 -0.234 -0.110 
0.004 0.094 0.140 0.132 0.080 0.006 -0.072 -0.143 -0.203 -0.249 
-0.282 -0.302 -0.309 -0.304 -0.286 -0.254 -0.208 -0.145 -0.065 0.036 
0.156 0.291 0.417 0.481 0.426 0.279 0.089 -0.104 -0.282 -0.442 
-0.583 -0.709 -0.822 -0.924 -1.016 -1.100 -1.177 -1.247 -1.311 -1.370 
-1.424 -1.473 -1.519 -1.560 -1.598 -1.633 -1.664 -1.693 -1.718 -1.740 
-1.759 
-1.804 -1.808 -1.819 -1.828 -1.835 -1.839 -1.840 -1.840 -1.836 -1.830 
-1.822 -1.811 -1.798 -1.782 -1.763 -1.741 -1.717 -1.690 -1.659 -1.626 
-1.589 -1.549 -1.505 -1.457 -1.405 -1.348 -1.286 -1.219 -1.147 -1.068 
-0.982 -0.889 -0.788 -0.678 -0.562 -0.439 -0.317 -0.202 -0.108 -0.044 
-0.013 -0.011 -0.034 -0.081 -0.144 -0.211 -0.271 -0.322 -0.361 -0.388 
-0.404 -0.408 -0.401 -0.382 -0.351 -0.307 -0.249 -0.176 -0.087 0.016 
0.123 0.217 0.270 0.267 0.221 0.154 -0.015 -0.229 -0.414 -0.571 
-0.706 -0.825 -0.931 -1.026 -1.111 -1.189 -1.261 -1.326 -1.385 -1.440 
-1.490 -1.536 -1.577 -1.616 -1.650 -1.682 -1.710 -1.735 -1.757 -1.777 
-1.799 
-1.999 -2.024 -2.040 -2.053 -2.064 -2.072 -2.077 -2.080 -2.081 -2.079 
-2.074 -2.067 -2.058 -2.046 -2.031 -2.013 -1.993 -1.970 -1.944 -1.915 
-1.883 -1.847 -1.808 -1.765 -1.719 -1.668 -1.612 -1.552 -1.486 -1.414 
-1.336 -1.251 -1.158 -1.056 -0.946 -0.827 -0.701 -0.571 -0.444 -0.329 
-0.238 -0.184 -0.176 -0.211 -0.278 -0.358 -0.436 -0.506 -0.563 -0.608 
-0.641 -0.662 -0.671 -0.668 -0.653 -0.626 -0.585 -0.529 -0.457 -0.366 
-0.258 -0.134 0.006 0.178 0.369 0.464 0.337 0.070 -0.212 -0.449 
-0.644 -0.807 -0.948 -1.071 -1.179 -1.276 -1.363 -1.442 -1.513 -1.578 
-1.638 -1.692 -1.742 -1.787 -1.829 -1.866 -1.900 -1.931 -1.959 -1.983 
-1.992 
-2.134 -2.159 -2.176 -2.189 -2.200 -2.209 -2.215 -2.218 -2.219 -2.217 
-2.213 -2.206 -2.196 -2.184 -2.170 -2.152 -2.132 -2.109 -2.083 -2.054 
-2.022 -1.986 -1.947 -1.904 -1.857 -1.806 -1.750 -1.689 -1.622 -1.549 
-1.470 -1.383 -1.287 -1.181 -1.064 -0.936 -0.795 -0.646 -0.496 -0.366 
-0.280 -0.256 -0.288 -0.358 -0.446 -0.535 -0.616 -0.687 -0.744 -0.789 
-0.823 -0.844 -0.855 -0.854 -0.842 -0.817 -0.780 -0.729 -0.661 -0.573 
-0.460 -0.318 -0.143 0.050 0.208 0.247 0.105 -0.130 -0.374 -0.591 
-0.777 -0.937 -1.076 -1.198 -1.307 -1.404 -1.492 -1.571 -1.643 -1.709 
-1.769 -1.824 -1.874 -1.920 -1.962 -2.000 -2.035 -2.066 -2.094 -2.119 
-2.129 
-2.103 -2.120 -2.138 -2.154 -2.167 -2.177 -2.185 -2.190 -2.193 -2.193 
-2.191 -2.186 -2.179 -2.169 -2.157 -2.142 -2.124 -2.103 -2.080 -2.053 
-2.024 -1.991 -1.955 -1.916 -1.873 -1.826 -1.774 -1.719 -1.658 -1.592 
-1.521 -1.443 -1.359 -1.267 -1.168 -1.060 -0.945 -0.823 -0.697 -0.577 
-0.477 -0.410 -0.384 -0.398 -0.443 -0.508 -0.579 -0.646 -0.705 -0.754 
-0.792 -0.819 -0.835 -0.840 -0.835 -0.818 -0.790 -0.748 -0.691 -0.618 
-0.526 -0.412 -0.278 -0.133 0.005 0.099 0.115 0.016 -0.179 -0.402 
-0.608 -0.787 -0.943 -1.078 -1.197 -1.304 -1.399 -1.485 -1.562 -1.633 
-1.698 -1.757 -1.811 -1.860 -1.905 -1.946 -1.983 -2.017 -2.047 -2.074 
-2.095 
-2.051 -2.063 -2.076 -2.086 -2.094 -2.099 -2.102 -2.102 -2.100 -2.095 
-2.088 -2.078 -2.065 -2.050 -2.032 -2.012 -1.989 -1.962 -1.933 -1.901 
-1.866 -1.828 -1.786 -1.741 -1.692 -1.640 -1.584 -1.525 -1.462 -1.396 
-1.327 -1.254 -1.177 -1.097 -1.012 -0.925 -0.837 -0.754 -0.681 -0.623 
-0.585 -0.567 -0.571 -0.594 -0.632 -0.676 -0.718 -0.756 -0.785 -0.807 
-0.819 -0.822 -0.816 -0.800 -0.773 -0.735 -0.685 -0.620 -0.540 -0.442 
-0.327 -0.200 -0.080 -0.004 -0.001 -0.063 -0.164 -0.318 -0.506 -0.684 
-0.841 -0.979 -1.100 -1.207 -1.303 -1.390 -1.469 -1.540 -1.605 -1.664 
-1.718 -1.768 -1.813 -1.854 -1.892 -1.925 -1.956 -1.983 -2.008 -2.029 
-2.045 
-2.068 -2.064 -2.073 -2.079 -2.082 -2.083 -2.080 -2.076 -2.068 -2.058 
-2.046 -2.030 -2.012 -1.991 -1.967 -1.941 -1.911 -1.879 -1.843 -1.805 
-1.763 -1.719 -1.671 -1.621 -1.569 -1.515 -1.460 -1.404 -1.350 -1.298 
-1.251 -1.209 -1.173 -1.143 -1.117 -1.093 -1.069 -1.045 -1.021 -1.004 
-1.000 -1.011 -1.033 -1.062 -1.092 -1.120 -1.143 -1.160 -1.170 -1.174 
-1.171 -1.160 -1.141 -1.114 -1.078 -1.033 -0.977 -0.909 -0.827 -0.730 
-0.616 -0.485 -0.347 -0.226 -0.163 -0.183 -0.285 -0.439 -0.610 -0.774 
-0.921 -1.052 -1.169 -1.273 -1.366 -1.449 -1.525 -1.593 -1.655 -1.711 
-1.761 -1.807 -1.849 -1.887 -1.920 -1.951 -1.977 -2.001 -2.021 -2.038 
-2.064 
-2.314 -2.349 -2.361 -2.371 -2.378 -2.383 -2.385 -2.384 -2.381 -2.375 
-2.367 -2.356 -2.343 -2.326 -2.307 -2.286 -2.261 -2.233 -2.203 -2.169 
-2.132 -2.092 -2.049 -2.002 -1.952 -1.898 -1.842 -1.782 -1.720 -1.655 
-1.588 -1.518 -1.445 -1.367 -1.284 -1.195 -1.103 -1.013 -0.934 -0.874 
-0.844 -0.845 -0.873 -0.918 -0.970 -1.021 -1.068 -1.108 -1.139 -1.161 
-1.174 -1.179 -1.173 -1.158 -1.133 -1.097 -1.049 -0.987 -0.910 -0.815 
-0.702 -0.572 -0.440 -0.337 -0.307 -0.366 -0.490 -0.641 -0.804 -0.967 
-1.119 -1.256 -1.378 -1.487 -1.585 -1.673 -1.752 -1.825 -1.891 -1.951 
-2.005 -2.055 -2.100 -2.142 -2.179 -2.213 -2.243 -2.270 -2.294 -2.315 
-2.309 
-2.376 -2.402 -2.422 -2.439 -2.453 -2.465 -2.474 -2.480 -2.484 -2.485 
-2.484 -2.480 -2.473 -2.464 -2.452 -2.437 -2.420 -2.400 -2.377 -2.350 
-2.321 -2.289 -2.253 -2.213 -2.170 -2.122 -2.070 -2.014 -1.952 -1.886 
-1.813 -1.733 -1.647 -1.554 -1.453 -1.345 -1.232 -1.117 -1.007 -0.913 
-0.849 -0.822 -0.831 -0.868 -0.920 -0.979 -1.038 -1.094 -1.144 -1.187 
-1.221 -1.246 -1.262 -1.269 -1.267 -1.255 -1.232 -1.198 -1.152 -1.092 
-1.016 -0.923 -0.815 -0.707 -0.620 -0.557 -0.516 -0.528 -0.607 -0.729 
-0.866 -1.007 -1.148 -1.282 -1.407 -1.520 -1.623 -1.716 -1.801 -1.878 
-1.948 -2.011 -2.069 -2.122 -2.171 -2.215 -2.255 -2.291 -2.323 -2.353 
-2.368 
-2.300 -2.311 -2.339 -2.363 -2.384 -2.402 -2.417 -2.430 -2.440 -2.447 
-2.452 -2.454 -2.453 -2.450 -2.445 -2.436 -2.425 -2.411 -2.395 -2.375 
-2.353 -2.328 -2.299 -2.267 -2.232 -2.193 -2.150 -2.103 -2.051 -1.994 
-1.932 -1.864 -1.789 -1.707 -1.617 -1.520 -1.420 -1.321 -1.231 -1.153 
-1.084 -1.023 -0.973 -0.938 -0.923 -0.930 -0.959 -1.002 -1.053 -1.105 
-1.153 -1.195 -1.231 -1.258 -1.278 -1.289 -1.292 -1.286 -1.272 -1.248 
-1.214 -1.169 -1.112 -1.043 -0.961 -0.869 -0.781 -0.713 -0.669 -0.650 
-0.667 -0.726 -0.825 -0.953 -1.091 -1.225 -1.350 -1.464 -1.568 -1.662 
-1.747 -1.825 -1.896 -1.961 -2.020 -2.074 -2.124 -2.169 -2.210 -2.247 
-2.288 
-2.405 -2.434 -2.460 -2.482 -2.501 -2.517 -2.530 -2.540 -2.547 -2.551 
-2.552 -2.550 -2.545 -2.537 -2.526 -2.512 -2.495 -2.474 -2.451 -2.423 
-2.392 -2.357 -2.319 -2.275 -2.227 -2.174 -2.115 -2.050 -1.979 -1.900 
-1.815 -1.721 -1.620 -1.513 -1.402 -1.290 -1.187 -1.107 -1.069 -1.080 
-1.130 -1.195 -1.256 -1.307 -1.351 -1.396 -1.444 -1.495 -1.545 -1.590 
-1.631 -1.664 -1.690 -1.709 -1.721 -1.726 -1.723 -1.713 -1.695 -1.670 
-1.636 -1.593 -1.539 -1.475 -1.398 -1.308 -1.203 -1.089 -0.978 -0.892 
-0.833 -0.805 -0.835 -0.933 -1.077 -1.234 -1.383 -1.518 -1.639 -1.746 
-1.842 -1.928 -2.005 -2.075 -2.138 -2.195 -2.246 -2.292 -2.334 -2.371 
-2.395 
-2.517 -2.537 -2.555 -2.569 -2.580 -2.588 -2.592 -2.594 -2.593 -2.589 
-2.582 -2.571 -2.558 -2.541 -2.522 -2.499 -2.472 -2.442 -2.408 -2.371 
-2.329 -2.282 -2.231 -2.175 -2.113 -2.046 -1.973 -1.894 -1.810 -1.721 
-1.630 -1.540 -1.456 -1.384 -1.330 -1.298 -1.288 -1.298 -1.328 -1.381 
-1.450 -1.525 -1.597 -1.662 -1.720 -1.769 -1.810 -1.843 -1.870 -1.890 
-1.903 -1.910 -1.910 -1.904 -1.891 -1.872 -1.846 -1.811 -1.769 -1.717 
-1.655 -1.580 -1.492 -1.388 -1.266 -1.131 -0.994 -0.878 -0.808 -0.814 
-0.896 -1.015 -1.146 -1.290 -1.438 -1.578 -1.702 -1.813 -1.911 -1.997 
-2.075 -2.144 -2.206 -2.262 -2.312 -2.357 -2.397 -2.433 -2.465 -2.493 
-2.510 
-2.570 -2.582 -2.592 -2.600 -2.605 -2.606 -2.605 -2.600 -2.593 -2.582 
-2.569 -2.552 -2.532 -2.508 -2.482 -2.451 -2.417 -2.378 -2.336 -2.289 
-2.237 -2.180 -2.118 -2.049 -1.975 -1.895 -1.809 -1.718 -1.625 -1.534 
-1.454 -1.392 -1.354 -1.344 -1.359 -1.396 -1.448 -1.510 -1.575 -1.640 
-1.701 -1.756 -1.805 -1.848 -1.884 -1.913 -1.937 -1.954 -1.965 -1.971 
-1.970 -1.964 -1.951 -1.932 -1.907 -1.874 -1.834 -1.785 -1.726 -1.657 
-1.575 -1.479 -1.367 -1.238 -1.098 -0.964 -0.871 -0.854 -0.912 -1.024 
-1.171 -1.329 -1.478 -1.613 -1.732 -1.839 -1.933 -2.018 -2.094 -2.162 
-2.223 -2.278 -2.328 -2.372 -2.412 -2.447 -2.479 -2.506 -2.530 -2.551 
-2.565 
-2.590 -2.608 -2.621 -2.630 -2.635 -2.638 -2.637 -2.633 -2.626 -2.616 
-2.602 -2.585 -2.564 -2.540 -2.512 -2.479 -2.443 -2.402 -2.356 -2.305 
-2.248 -2.186 -2.116 -2.040 -1.956 -1.865 -1.768 -1.667 -1.567 -1.480 
-1.417 -1.389 -1.399 -1.439 -1.497 -1.561 -1.624 -1.683 -1.740 -1.795 
-1.849 -1.901 -1.950 -1.993 -2.032 -2.064 -2.091 -2.112 -2.128 -2.138 
-2.143 -2.141 -2.135 -2.123 -2.105 -2.080 -2.050 -2.012 -1.967 -1.913 
-1.850 -1.776 -1.691 -1.593 -1.484 -1.369 -1.272 -1.220 -1.216 -1.248 
-1.310 -1.397 -1.498 -1.605 -1.710 -1.812 -1.907 -1.994 -2.075 -2.148 
-2.214 -2.274 -2.328 -2.377 -2.420 -2.459 -2.494 -2.524 -2.551 -2.574 
-2.585 
-2.540 -2.557 -2.578 -2.596 -2.611 -2.623 -2.631 -2.636 -2.639 -2.638 
-2.634 -2.628 -2.618 -2.605 -2.589 -2.569 -2.546 -2.520 -2.490 -2.456 
-2.418 -2.375 -2.328 -2.277 -2.220 -2.158 -2.090 -2.018 -1.944 -1.871 
-1.806 -1.754 -1.713 -1.677 -1.638 -1.600 -1.568 -1.550 -1.552 -1.573 
-1.610 -1.658 -1.712 -1.766 -1.818 -1.866 -1.909 -1.947 -1.979 -2.005 
-2.026 -2.042 -2.052 -2.056 -2.055 -2.049 -2.037 -2.020 -1.996 -1.967 
-1.931 -1.888 -1.838 -1.780 -1.715 -1.642 -1.565 -1.487 -1.416 -1.363 
-1.335 -1.338 -1.374 -1.438 -1.521 -1.614 -1.709 -1.803 -1.893 -1.976 
-2.054 -2.125 -2.190 -2.249 -2.303 -2.352 -2.397 -2.437 -2.472 -2.504 
-2.530 
-2.475 -2.501 -2.519 -2.533 -2.544 -2.552 -2.557 -2.559 -2.558 -2.554 
-2.547 -2.537 -2.525 -2.509 -2.491 -2.469 -2.444 -2.417 -2.386 -2.352 
-2.315 -2.276 -2.233 -2.189 -2.143 -2.095 -2.049 -2.004 -1.962 -1.926 
-1.897 -1.876 -1.863 -1.856 -1.855 -1.857 -1.864 -1.876 -1.896 -1.923 
-1.955 -1.991 -2.026 -2.059 -2.088 -2.114 -2.136 -2.153 -2.166 -2.174 
-2.179 -2.179 -2.174 -2.166 -2.152 -2.135 -2.112 -2.084 -2.051 -2.013 
-1.968 -1.917 -1.860 -1.794 -1.721 -1.640 -1.551 -1.459 -1.369 -1.294 
-1.252 -1.257 -1.309 -1.395 -1.497 -1.603 -1.706 -1.802 -1.891 -1.971 
-2.045 -2.112 -2.172 -2.227 -2.276 -2.321 -2.361 -2.397 -2.428 -2.456 
-2.469 
-2.303 -2.323 -2.340 -2.355 -2.368 -2.378 -2.386 -2.392 -2.396 -2.397 
-2.397 -2.395 -2.390 -2.384 -2.375 -2.365 -2.353 -2.339 -2.323 -2.305 
-2.286 -2.265 -2.242 -2.219 -2.194 -2.168 -2.143 -2.117 -2.093 -2.071 
-2.051 -2.035 -2.023 -2.014 -2.009 -2.006 -2.006 -2.007 -2.009 -2.013 
-2.016 -2.019 -2.022 -2.024 -2.025 -2.024 -2.022 -2.018 -2.012 -2.004 
-1.993 -1.980 -1.964 -1.945 -1.923 -1.899 -1.872 -1.843 -1.811 -1.777 
-1.742 -1.704 -1.666 -1.626 -1.586 -1.546 -1.507 -1.469 -1.437 -1.414 
-1.407 -1.422 -1.459 -1.512 -1.573 -1.638 -1.703 -1.767 -1.828 -1.886 
-1.941 -1.992 -2.040 -2.084 -2.125 -2.162 -2.196 -2.227 -2.255 -2.280 
-2.296 
-2.218 -2.204 -2.218 -2.231 -2.242 -2.252 -2.260 -2.268 -2.273 -2.278 
-2.281 -2.284 -2.285 -2.285 -2.284 -2.282 -2.279 -2.275 -2.270 -2.264 
-2.257 -2.249 -2.241 -2.231 -2.221 -2.209 -2.197 -2.184 -2.170 -2.155 
-2.139 -2.123 -2.106 -2.089 -2.072 -2.056 -2.041 -2.028 -2.016 -2.005 
-1.994 -1.983 -1.971 -1.958 -1.943 -1.927 -1.908 -1.888 -1.865 -1.841 
-1.814 -1.786 -1.756 -1.724 -1.691 -1.656 -1.621 -1.586 -1.551 -1.518 
-1.487 -1.458 -1.434 -1.414 -1.398 -1.387 -1.383 -1.392 -1.415 -1.451 
-1.493 -1.537 -1.583 -1.630 -1.677 -1.724 -1.769 -1.812 -1.854 -1.893 
-1.931 -1.966 -1.998 -2.029 -2.058 -2.084 -2.109 -2.131 -2.152 -2.171 
-2.212 
-2.620 -2.693 -2.709 -2.722 -2.733 -2.742 -2.749 -2.754 -2.758 -2.759 
-2.758 -2.755 -2.751 -2.744 -2.735 -2.725 -2.712 -2.697 -2.679 -2.659 
-2.637 -2.612 -2.584 -2.554 -2.520 -2.483 -2.444 -2.401 -2.355 -2.307 
-2.257 -2.206 -2.155 -2.108 -2.064 -2.028 -2.000 -1.982 -1.974 -1.975 
-1.983 -1.996 -2.012 -2.028 -2.044 -2.057 -2.068 -2.075 -2.079 -2.078 
-2.073 -2.064 -2.050 -2.032 -2.009 -1.981 -1.949 -1.911 -1.869 -1.821 
-1.768 -1.707 -1.639 -1.563 -1.482 -1.404 -1.345 -1.325 -1.355 -1.427 
-1.524 -1.631 -1.738 -1.839 -1.933 -2.019 -2.097 -2.168 -2.233 -2.291 
-2.345 -2.394 -2.438 -2.479 -2.516 -2.550 -2.580 -2.608 -2.633 -2.656 
-2.616 
-2.717 -2.736 -2.758 -2.778 -2.795 -2.809 -2.821 -2.829 -2.835 -2.839 
-2.840 -2.838 -2.834 -2.827 -2.817 -2.806 -2.791 -2.774 -2.754 -2.732 
-2.707 -2.679 -2.649 -2.616 -2.580 -2.542 -2.501 -2.457 -2.412 -2.364 
-2.315 -2.264 -2.214 -2.165 -2.118 -2.074 -2.035 -2.002 -1.975 -1.955 
-1.943 -1.939 -1.942 -1.952 -1.966 -1.984 -2.003 -2.021 -2.038 -2.051 
-2.061 -2.067 -2.069 -2.067 -2.059 -2.046 -2.028 -2.003 -1.973 -1.936 
-1.892 -1.840 -1.781 -1.714 -1.641 -1.565 -1.495 -1.442 -1.416 -1.419 
-1.453 -1.513 -1.591 -1.677 -1.765 -1.852 -1.936 -2.018 -2.097 -2.172 
-2.243 -2.309 -2.370 -2.427 -2.480 -2.528 -2.572 -2.611 -2.648 -2.680 
-2.708 
-2.624 -2.648 -2.681 -2.709 -2.735 -2.757 -2.777 -2.793 -2.807 -2.817 
-2.825 -2.830 -2.833 -2.832 -2.829 -2.824 -2.815 -2.804 -2.790 -2.773 
-2.754 -2.731 -2.705 -2.677 -2.645 -2.610 -2.572 -2.530 -2.485 -2.436 
-2.384 -2.328 -2.269 -2.207 -2.143 -2.078 -2.012 -1.949 -1.891 -1.842 
-1.804 -1.781 -1.775 -1.785 -1.807 -1.839 -1.877 -1.917 -1.957 -1.994 
-2.029 -2.059 -2.084 -2.104 -2.120 -2.130 -2.135 -2.135 -2.129 -2.118 
-2.101 -2.078 -2.049 -2.014 -1.973 -1.927 -1.876 -1.825 -1.777 -1.737 
-1.706 -1.683 -1.668 -1.664 -1.676 -1.707 -1.755 -1.816 -1.886 -1.961 
-2.037 -2.112 -2.184 -2.252 -2.316 -2.376 -2.432 -2.483 -2.530 -2.574 
-2.610 
-2.579 -2.619 -2.654 -2.686 -2.714 -2.739 -2.760 -2.779 -2.794 -2.806 
-2.814 -2.821 -2.824 -2.824 -2.821 -2.816 -2.807 -2.796 -2.782 -2.765 
-2.744 -2.721 -2.694 -2.664 -2.631 -2.594 -2.553 -2.509 -2.460 -2.408 
-2.352 -2.292 -2.229 -2.163 -2.096 -2.029 -1.964 -1.906 -1.857 -1.822 
-1.803 -1.800 -1.812 -1.835 -1.867 -1.903 -1.939 -1.975 -2.008 -2.038 
-2.064 -2.088 -2.108 -2.125 -2.139 -2.148 -2.153 -2.154 -2.150 -2.141 
-2.127 -2.107 -2.080 -2.048 -2.009 -1.964 -1.911 -1.852 -1.786 -1.717 
-1.648 -1.585 -1.538 -1.517 -1.527 -1.568 -1.631 -1.705 -1.782 -1.860 
-1.938 -2.017 -2.095 -2.171 -2.243 -2.311 -2.375 -2.433 -2.486 -2.535 
-2.567 
-2.522 -2.553 -2.604 -2.651 -2.693 -2.731 -2.765 -2.795 -2.822 -2.846 
-2.866 -2.883 -2.897 -2.907 -2.915 -2.920 -2.922 -2.921 -2.917 -2.911 
-2.902 -2.890 -2.875 -2.858 -2.838 -2.815 -2.790 -2.763 -2.733 -2.700 
-2.665 -2.629 -2.590 -2.549 -2.506 -2.462 -2.418 -2.375 -2.335 -2.301 
-2.273 -2.250 -2.231 -2.212 -2.192 -2.171 -2.149 -2.128 -2.110 -2.097 
-2.089 -2.088 -2.092 -2.101 -2.113 -2.126 -2.139 -2.151 -2.160 -2.166 
-2.168 -2.165 -2.156 -2.142 -2.123 -2.097 -2.065 -2.028 -1.987 -1.943 
-1.899 -1.858 -1.822 -1.794 -1.774 -1.760 -1.747 -1.736 -1.733 -1.746 
-1.778 -1.830 -1.898 -1.977 -2.060 -2.142 -2.223 -2.299 -2.370 -2.436 
-2.498 
-2.641 -2.668 -2.696 -2.720 -2.741 -2.759 -2.773 -2.785 -2.793 -2.799 
-2.801 -2.802 -2.799 -2.794 -2.787 -2.777 -2.764 -2.749 -2.732 -2.713 
-2.692 -2.668 -2.643 -2.615 -2.587 -2.557 -2.525 -2.494 -2.461 -2.429 
-2.398 -2.367 -2.338 -2.311 -2.288 -2.269 -2.258 -2.254 -2.258 -2.267 
-2.278 -2.291 -2.302 -2.311 -2.318 -2.323 -2.325 -2.326 -2.325 -2.323 
-2.321 -2.319 -2.316 -2.312 -2.306 -2.298 -2.286 -2.271 -2.251 -2.227 
-2.197 -2.163 -2.123 -2.078 -2.028 -1.975 -1.919 -1.863 -1.810 -1.766 
-1.734 -1.721 -1.726 -1.749 -1.787 -1.834 -1.886 -1.939 -1.992 -2.046 
-2.103 -2.164 -2.228 -2.292 -2.354 -2.413 -2.467 -2.516 -2.561 -2.601 
-2.632 
-2.855 -2.898 -2.926 -2.951 -2.972 -2.989 -3.004 -3.015 -3.024 -3.029 
-3.031 -3.031 -3.027 -3.021 -3.012 -3.000 -2.984 -2.966 -2.945 -2.921 
-2.893 -2.862 -2.828 -2.790 -2.748 -2.703 -2.654 -2.600 -2.543 -2.482 
-2.417 -2.350 -2.282 -2.217 -2.160 -2.116 -2.090 -2.085 -2.102 -2.135 
-2.179 -2.229 -2.281 -2.332 -2.379 -2.423 -2.462 -2.496 -2.526 -2.551 
-2.572 -2.588 -2.599 -2.606 -2.609 -2.607 -2.600 -2.589 -2.574 -2.553 
-2.528 -2.497 -2.461 -2.420 -2.374 -2.322 -2.265 -2.203 -2.139 -2.075 
-2.012 -1.954 -1.907 -1.876 -1.871 -1.897 -1.950 -2.025 -2.111 -2.200 
-2.287 -2.370 -2.447 -2.518 -2.583 -2.643 -2.697 -2.746 -2.790 -2.830 
-2.845 
-2.878 -2.903 -2.932 -2.958 -2.981 -3.000 -3.017 -3.030 -3.041 -3.049 
-3.054 -3.056 -3.055 -3.051 -3.045 -3.035 -3.023 -3.008 -2.990 -2.969 
-2.945 -2.918 -2.887 -2.853 -2.816 -2.775 -2.731 -2.684 -2.633 -2.580 
-2.524 -2.466 -2.408 -2.351 -2.298 -2.253 -2.218 -2.197 -2.189 -2.195 
-2.213 -2.240 -2.273 -2.310 -2.348 -2.387 -2.424 -2.459 -2.490 -2.519 
-2.544 -2.565 -2.582 -2.595 -2.604 -2.609 -2.610 -2.606 -2.599 -2.588 
-2.572 -2.552 -2.528 -2.499 -2.466 -2.429 -2.388 -2.343 -2.295 -2.245 
-2.195 -2.148 -2.108 -2.081 -2.070 -2.081 -2.112 -2.159 -2.216 -2.279 
-2.345 -2.412 -2.476 -2.538 -2.597 -2.652 -2.703 -2.751 -2.794 -2.834 
-2.866 
-2.848 -2.874 -2.901 -2.925 -2.946 -2.964 -2.979 -2.992 -3.001 -3.008 
-3.012 -3.013 -3.012 -3.008 -3.002 -2.993 -2.981 -2.966 -2.949 -2.929 
-2.906 -2.880 -2.852 -2.820 -2.786 -2.748 -2.708 -2.664 -2.617 -2.568 
-2.516 -2.462 -2.407 -2.351 -2.297 -2.246 -2.203 -2.169 -2.148 -2.141 
-2.148 -2.167 -2.196 -2.231 -2.269 -2.308 -2.346 -2.382 -2.415 -2.445 
-2.471 -2.493 -2.512 -2.526 -2.537 -2.544 -2.547 -2.547 -2.543 -2.535 
-2.524 -2.508 -2.490 -2.468 -2.442 -2.413 -2.381 -2.346 -2.310 -2.272 
-2.234 -2.200 -2.172 -2.152 -2.145 -2.152 -2.174 -2.209 -2.254 -2.307 
-2.364 -2.422 -2.480 -2.536 -2.590 -2.641 -2.688 -2.732 -2.773 -2.810 
-2.837 
-2.850 -2.853 -2.868 -2.881 -2.891 -2.900 -2.906 -2.910 -2.912 -2.912 
-2.910 -2.905 -2.899 -2.890 -2.880 -2.867 -2.852 -2.835 -2.816 -2.795 
-2.772 -2.748 -2.721 -2.692 -2.662 -2.630 -2.597 -2.563 -2.527 -2.491 
-2.455 -2.420 -2.387 -2.357 -2.333 -2.315 -2.303 -2.297 -2.297 -2.301 
-2.310 -2.323 -2.339 -2.357 -2.375 -2.393 -2.410 -2.426 -2.441 -2.453 
-2.464 -2.472 -2.479 -2.483 -2.486 -2.486 -2.485 -2.482 -2.477 -2.471 
-2.463 -2.454 -2.444 -2.434 -2.423 -2.413 -2.402 -2.392 -2.382 -2.371 
-2.361 -2.351 -2.341 -2.332 -2.328 -2.334 -2.354 -2.388 -2.431 -2.477 
-2.523 -2.566 -2.607 -2.645 -2.680 -2.712 -2.742 -2.769 -2.793 -2.816 
-2.845 
-3.008 -3.058 -3.084 -3.106 -3.125 -3.140 -3.152 -3.160 -3.166 -3.168 
-3.168 -3.164 -3.157 -3.147 -3.134 -3.118 -3.099 -3.076 -3.050 -3.021 
-2.987 -2.950 -2.909 -2.864 -2.815 -2.762 -2.704 -2.644 -2.581 -2.517 
-2.455 -2.398 -2.350 -2.318 -2.304 -2.312 -2.339 -2.381 -2.432 -2.487 
-2.541 -2.592 -2.640 -2.683 -2.722 -2.757 -2.788 -2.814 -2.837 -2.856 
-2.872 -2.885 -2.894 -2.899 -2.902 -2.901 -2.897 -2.890 -2.880 -2.866 
-2.849 -2.829 -2.805 -2.777 -2.744 -2.707 -2.665 -2.617 -2.563 -2.501 
-2.432 -2.357 -2.279 -2.207 -2.150 -2.124 -2.136 -2.186 -2.261 -2.349 
-2.439 -2.527 -2.608 -2.682 -2.749 -2.810 -2.864 -2.913 -2.956 -2.995 
-2.998 
-2.931 -2.938 -2.958 -2.973 -2.985 -2.992 -2.994 -2.993 -2.987 -2.977 
-2.962 -2.943 -2.919 -2.892 -2.863 -2.833 -2.804 -2.778 -2.756 -2.737 
-2.720 -2.699 -2.674 -2.641 -2.601 -2.555 -2.505 -2.451 -2.398 -2.350 
-2.311 -2.286 -2.277 -2.285 -2.310 -2.348 -2.397 -2.452 -2.510 -2.567 
-2.621 -2.673 -2.719 -2.762 -2.800 -2.833 -2.862 -2.886 -2.906 -2.922 
-2.933 -2.941 -2.944 -2.943 -2.938 -2.928 -2.914 -2.895 -2.872 -2.843 
-2.809 -2.771 -2.727 -2.679 -2.628 -2.578 -2.531 -2.489 -2.449 -2.410 
-2.367 -2.321 -2.274 -2.232 -2.201 -2.190 -2.203 -2.238 -2.290 -2.352 
-2.419 -2.486 -2.551 -2.613 -2.670 -2.723 -2.770 -2.813 -2.851 -2.885 
-2.920 
-2.938 -2.942 -2.936 -2.925 -2.910 -2.890 -2.865 -2.835 -2.801 -2.761 
-2.718 -2.670 -2.620 -2.568 -2.519 -2.474 -2.440 -2.419 -2.415 -2.428 
-2.457 -2.497 -2.543 -2.590 -2.635 -2.673 -2.703 -2.726 -2.740 -2.748 
-2.754 -2.762 -2.775 -2.794 -2.821 -2.851 -2.883 -2.915 -2.944 -2.971 
-2.995 -3.016 -3.033 -3.047 -3.057 -3.063 -3.066 -3.065 -3.060 -3.051 
-3.038 -3.021 -2.999 -2.973 -2.941 -2.905 -2.862 -2.815 -2.761 -2.701 
-2.636 -2.565 -2.492 -2.418 -2.350 -2.293 -2.255 -2.243 -2.255 -2.287 
-2.331 -2.379 -2.425 -2.466 -2.503 -2.539 -2.575 -2.614 -2.655 -2.697 
-2.737 -2.774 -2.809 -2.839 -2.866 -2.889 -2.909 -2.924 -2.935 -2.941 
-2.941 
-2.985 -2.986 -3.003 -3.018 -3.030 -3.039 -3.045 -3.048 -3.046 -3.041 
-3.031 -3.018 -3.000 -2.980 -2.957 -2.934 -2.914 -2.899 -2.893 -2.894 
-2.902 -2.913 -2.924 -2.931 -2.935 -2.935 -2.930 -2.922 -2.910 -2.897 
-2.883 -2.868 -2.855 -2.844 -2.835 -2.830 -2.829 -2.831 -2.837 -2.846 
-2.858 -2.871 -2.886 -2.901 -2.917 -2.932 -2.947 -2.960 -2.972 -2.983 
-2.991 -2.997 -3.001 -3.002 -3.001 -2.996 -2.987 -2.975 -2.959 -2.938 
-2.913 -2.883 -2.848 -2.810 -2.770 -2.734 -2.704 -2.686 -2.680 -2.681 
-2.686 -2.690 -2.692 -2.693 -2.693 -2.695 -2.699 -2.705 -2.714 -2.725 
-2.740 -2.757 -2.777 -2.799 -2.823 -2.847 -2.872 -2.897 -2.922 -2.945 
-2.975 
-3.181 -3.237 -3.260 -3.281 -3.300 -3.316 -3.330 -3.341 -3.349 -3.356 
-3.359 -3.360 -3.359 -3.355 -3.349 -3.339 -3.327 -3.313 -3.296 -3.276 
-3.253 -3.227 -3.199 -3.168 -3.134 -3.098 -3.060 -3.020 -2.979 -2.938 
-2.898 -2.861 -2.829 -2.803 -2.784 -2.774 -2.773 -2.780 -2.794 -2.812 
-2.834 -2.857 -2.880 -2.903 -2.925 -2.945 -2.963 -2.980 -2.995 -3.008 
-3.020 -3.029 -3.037 -3.042 -3.045 -3.045 -3.043 -3.038 -3.030 -3.019 
-3.005 -2.988 -2.967 -2.943 -2.916 -2.886 -2.853 -2.818 -2.782 -2.747 
-2.714 -2.686 -2.666 -2.655 -2.657 -2.669 -2.693 -2.724 -2.762 -2.802 
-2.845 -2.887 -2.930 -2.971 -3.011 -3.049 -3.085 -3.120 -3.152 -3.183 
-3.175 
-3.115 -3.114 -3.137 -3.158 -3.178 -3.196 -3.213 -3.227 -3.240 -3.251 
-3.260 -3.267 -3.271 -3.274 -3.275 -3.273 -3.270 -3.264 -3.257 -3.247 
-3.235 -3.221 -3.205 -3.188 -3.168 -3.148 -3.125 -3.102 -3.078 -3.054 
-3.029 -3.004 -2.980 -2.958 -2.937 -2.918 -2.900 -2.884 -2.869 -2.855 
-2.842 -2.829 -2.817 -2.806 -2.797 -2.790 -2.784 -2.781 -2.780 -2.780 
-2.781 -2.784 -2.788 -2.791 -2.794 -2.797 -2.799 -2.799 -2.797 -2.794 
-2.789 -2.781 -2.772 -2.760 -2.747 -2.733 -2.720 -2.708 -2.700 -2.695 
-2.693 -2.694 -2.697 -2.704 -2.713 -2.725 -2.740 -2.757 -2.777 -2.799 
-2.822 -2.847 -2.873 -2.899 -2.927 -2.955 -2.983 -3.010 -3.037 -3.064 
-3.105 
-3.189 -3.231 -3.244 -3.253 -3.261 -3.266 -3.270 -3.271 -3.269 -3.266 
-3.260 -3.253 -3.243 -3.232 -3.218 -3.203 -3.186 -3.168 -3.148 -3.128 
-3.106 -3.083 -3.060 -3.038 -3.015 -2.994 -2.974 -2.956 -2.940 -2.927 
-2.917 -2.911 -2.908 -2.908 -2.910 -2.914 -2.920 -2.927 -2.933 -2.940 
-2.946 -2.951 -2.955 -2.958 -2.960 -2.960 -2.960 -2.958 -2.955 -2.950 
-2.943 -2.934 -2.923 -2.909 -2.893 -2.873 -2.850 -2.824 -2.795 -2.762 
-2.727 -2.689 -2.649 -2.608 -2.570 -2.535 -2.508 -2.491 -2.486 -2.496 
-2.519 -2.552 -2.594 -2.640 -2.688 -2.736 -2.783 -2.829 -2.872 -2.913 
-2.951 -2.988 -3.022 -3.054 -3.084 -3.111 -3.137 -3.160 -3.181 -3.200 
-3.185 
-3.032 -3.023 -3.030 -3.034 -3.037 -3.038 -3.037 -3.034 -3.030 -3.024 
-3.017 -3.009 -2.999 -2.988 -2.977 -2.965 -2.952 -2.940 -2.927 -2.914 
-2.903 -2.892 -2.882 -2.873 -2.866 -2.861 -2.858 -2.856 -2.857 -2.860 
-2.864 -2.870 -2.878 -2.886 -2.896 -2.906 -2.916 -2.926 -2.935 -2.944 
-2.952 -2.958 -2.963 -2.967 -2.969 -2.969 -2.967 -2.964 -2.958 -2.951 
-2.941 -2.930 -2.916 -2.900 -2.883 -2.863 -2.841 -2.818 -2.793 -2.766 
-2.739 -2.711 -2.683 -2.656 -2.630 -2.607 -2.589 -2.575 -2.568 -2.568 
-2.575 -2.588 -2.606 -2.628 -2.653 -2.680 -2.708 -2.738 -2.767 -2.796 
-2.824 -2.851 -2.876 -2.900 -2.922 -2.942 -2.961 -2.977 -2.992 -3.004 
-3.029 
-3.058 -3.067 -3.071 -3.072 -3.071 -3.069 -3.064 -3.058 -3.050 -3.041 
-3.029 -3.017 -3.003 -2.988 -2.971 -2.954 -2.937 -2.918 -2.900 -2.882 
-2.865 -2.849 -2.834 -2.821 -2.810 -2.802 -2.797 -2.796 -2.797 -2.802 
-2.809 -2.819 -2.830 -2.844 -2.858 -2.872 -2.887 -2.902 -2.915 -2.928 
-2.939 -2.950 -2.958 -2.965 -2.970 -2.973 -2.974 -2.973 -2.970 -2.966 
-2.959 -2.951 -2.940 -2.928 -2.915 -2.900 -2.884 -2.867 -2.849 -2.831 
-2.813 -2.795 -2.777 -2.761 -2.746 -2.733 -2.723 -2.716 -2.712 -2.712 
-2.717 -2.725 -2.738 -2.753 -2.772 -2.792 -2.815 -2.838 -2.862 -2.885 
-2.909 -2.931 -2.952 -2.972 -2.990 -3.007 -3.022 -3.035 -3.046 -3.055 
-3.056 
-3.058 -3.061 -3.060 -3.058 -3.054 -3.049 -3.043 -3.036 -3.028 -3.019 
-3.010 -3.000 -2.990 -2.980 -2.970 -2.961 -2.952 -2.944 -2.937 -2.932 
-2.927 -2.923 -2.921 -2.920 -2.920 -2.922 -2.925 -2.929 -2.934 -2.939 
-2.946 -2.953 -2.960 -2.967 -2.974 -2.980 -2.985 -2.989 -2.992 -2.993 
-2.994 -2.992 -2.990 -2.985 -2.979 -2.972 -2.963 -2.952 -2.940 -2.927 
-2.913 -2.898 -2.882 -2.866 -2.850 -2.834 -2.819 -2.805 -2.793 -2.782 
-2.774 -2.769 -2.766 -2.766 -2.768 -2.773 -2.780 -2.789 -2.800 -2.812 
-2.825 -2.839 -2.853 -2.868 -2.883 -2.899 -2.914 -2.929 -2.945 -2.960 
-2.974 -2.988 -3.002 -3.014 -3.025 -3.035 -3.043 -3.050 -3.055 -3.059 
-3.059 
-3.018 -3.025 -3.035 -3.044 -3.052 -3.059 -3.066 -3.071 -3.076 -3.080 
-3.083 -3.085 -3.086 -3.087 -3.087 -3.087 -3.087 -3.086 -3.086 -3.086 
-3.087 -3.088 -3.090 -3.093 -3.096 -3.101 -3.106 -3.113 -3.120 -3.127 
-3.135 -3.143 -3.151 -3.159 -3.167 -3.174 -3.180 -3.186 -3.190 -3.193 
-3.194 -3.194 -3.192 -3.189 -3.185 -3.179 -3.172 -3.164 -3.155 -3.147 
-3.138 -3.129 -3.121 -3.113 -3.105 -3.097 -3.089 -3.081 -3.073 -3.064 
-3.054 -3.044 -3.033 -3.022 -3.009 -2.996 -2.981 -2.966 -2.950 -2.934 
-2.917 -2.902 -2.887 -2.875 -2.865 -2.857 -2.854 -2.854 -2.857 -2.864 
-2.873 -2.885 -2.899 -2.913 -2.929 -2.944 -2.960 -2.974 -2.988 -3.001 
-3.012 
-2.990 -2.992 -2.994 -2.998 -3.005 -3.014 -3.024 -3.037 -3.051 -3.066 
-3.082 -3.099 -3.115 -3.132 -3.148 -3.163 -3.177 -3.191 -3.203 -3.215 
-3.225 -3.233 -3.241 -3.247 -3.252 -3.256 -3.258 -3.259 -3.259 -3.257 
-3.253 -3.248 -3.241 -3.232 -3.221 -3.209 -3.194 -3.177 -3.159 -3.139 
-3.117 -3.094 -3.070 -3.045 -3.020 -2.996 -2.972 -2.950 -2.930 -2.914 
-2.901 -2.893 -2.890 -2.891 -2.896 -2.904 -2.916 -2.930 -2.945 -2.962 
-2.978 -2.994 -3.008 -3.022 -3.034 -3.044 -3.053 -3.059 -3.064 -3.066 
-3.067 -3.067 -3.065 -3.063 -3.060 -3.056 -3.052 -3.048 -3.044 -3.040 
-3.036 -3.031 -3.027 -3.021 -3.016 -3.011 -3.005 -3.000 -2.996 -2.993 
-2.992 
-2.998 -2.997 -3.007 -3.018 -3.030 -3.044 -3.058 -3.074 -3.090 -3.106 
-3.123 -3.140 -3.156 -3.172 -3.188 -3.202 -3.215 -3.228 -3.238 -3.248 
-3.256 -3.262 -3.266 -3.269 -3.270 -3.269 -3.266 -3.263 -3.258 -3.253 
-3.248 -3.244 -3.240 -3.237 -3.235 -3.234 -3.232 -3.230 -3.227 -3.222 
-3.217 -3.209 -3.201 -3.190 -3.179 -3.167 -3.154 -3.141 -3.128 -3.115 
-3.103 -3.093 -3.084 -3.076 -3.069 -3.064 -3.059 -3.055 -3.052 -3.049 
-3.046 -3.044 -3.041 -3.039 -3.035 -3.032 -3.027 -3.022 -3.016 -3.008 
-3.000 -2.989 -2.977 -2.964 -2.951 -2.938 -2.928 -2.921 -2.918 -2.920 
-2.925 -2.931 -2.938 -2.945 -2.951 -2.957 -2.963 -2.968 -2.974 -2.981 
-2.996 
-3.067 -3.114 -3.139 -3.163 -3.185 -3.205 -3.222 -3.238 -3.252 -3.263 
-3.272 -3.279 -3.283 -3.285 -3.284 -3.280 -3.274 -3.265 -3.254 -3.239 
-3.223 -3.203 -3.182 -3.158 -3.134 -3.108 -3.082 -3.057 -3.034 -3.014 
-2.998 -2.987 -2.983 -2.984 -2.992 -3.006 -3.024 -3.046 -3.070 -3.095 
-3.121 -3.146 -3.170 -3.193 -3.214 -3.233 -3.250 -3.265 -3.278 -3.288 
-3.296 -3.302 -3.305 -3.307 -3.306 -3.303 -3.298 -3.291 -3.282 -3.270 
-3.256 -3.240 -3.221 -3.199 -3.174 -3.146 -3.114 -3.079 -3.040 -2.998 
-2.952 -2.904 -2.855 -2.806 -2.760 -2.721 -2.692 -2.677 -2.677 -2.692 
-2.718 -2.754 -2.794 -2.836 -2.877 -2.917 -2.955 -2.991 -3.025 -3.056 
-3.057 
-2.940 -2.937 -2.962 -2.987 -3.012 -3.036 -3.058 -3.079 -3.099 -3.116 
-3.132 -3.145 -3.156 -3.166 -3.173 -3.178 -3.180 -3.181 -3.180 -3.176 
-3.171 -3.164 -3.155 -3.144 -3.132 -3.119 -3.105 -3.091 -3.076 -3.062 
-3.049 -3.038 -3.028 -3.020 -3.015 -3.013 -3.013 -3.017 -3.023 -3.032 
-3.044 -3.057 -3.073 -3.089 -3.107 -3.124 -3.141 -3.158 -3.174 -3.189 
-3.203 -3.215 -3.226 -3.235 -3.242 -3.246 -3.249 -3.250 -3.248 -3.244 
-3.238 -3.229 -3.218 -3.203 -3.186 -3.166 -3.143 -3.117 -3.087 -3.055 
-3.020 -2.982 -2.943 -2.904 -2.867 -2.835 -2.810 -2.793 -2.785 -2.783 
-2.786 -2.790 -2.796 -2.803 -2.811 -2.821 -2.835 -2.850 -2.869 -2.890 
-2.931 
-3.048 -3.098 -3.123 -3.147 -3.171 -3.193 -3.215 -3.236 -3.256 -3.273 
-3.289 -3.303 -3.315 -3.324 -3.330 -3.334 -3.335 -3.334 -3.329 -3.322 
-3.312 -3.299 -3.284 -3.266 -3.245 -3.222 -3.197 -3.169 -3.140 -3.109 
-3.078 -3.046 -3.015 -2.986 -2.959 -2.936 -2.918 -2.906 -2.900 -2.900 
-2.905 -2.916 -2.930 -2.947 -2.966 -2.985 -3.004 -3.021 -3.038 -3.052 
-3.065 -3.075 -3.084 -3.091 -3.096 -3.099 -3.100 -3.099 -3.095 -3.089 
-3.080 -3.067 -3.051 -3.031 -3.007 -2.979 -2.947 -2.910 -2.869 -2.824 
-2.776 -2.725 -2.675 -2.628 -2.589 -2.560 -2.548 -2.553 -2.575 -2.611 
-2.657 -2.708 -2.760 -2.811 -2.859 -2.903 -2.943 -2.979 -3.013 -3.043 
-3.038 
-2.962 -2.939 -2.942 -2.949 -2.961 -2.977 -2.996 -3.019 -3.045 -3.071 
-3.099 -3.126 -3.153 -3.178 -3.202 -3.225 -3.245 -3.264 -3.280 -3.295 
-3.307 -3.317 -3.325 -3.332 -3.336 -3.338 -3.339 -3.337 -3.333 -3.327 
-3.318 -3.308 -3.297 -3.284 -3.270 -3.256 -3.242 -3.229 -3.216 -3.205 
-3.194 -3.183 -3.171 -3.159 -3.146 -3.132 -3.117 -3.102 -3.087 -3.072 
-3.059 -3.048 -3.039 -3.032 -3.029 -3.028 -3.031 -3.035 -3.041 -3.048 
-3.056 -3.064 -3.071 -3.077 -3.081 -3.083 -3.082 -3.079 -3.072 -3.063 
-3.050 -3.034 -3.016 -2.997 -2.978 -2.964 -2.955 -2.953 -2.957 -2.965 
-2.974 -2.982 -2.986 -2.987 -2.984 -2.978 -2.971 -2.962 -2.953 -2.946 
-2.965 
-3.126 -3.166 -3.170 -3.175 -3.181 -3.188 -3.195 -3.202 -3.209 -3.215 
-3.221 -3.225 -3.228 -3.230 -3.232 -3.232 -3.232 -3.232 -3.232 -3.233 
-3.234 -3.236 -3.240 -3.245 -3.251 -3.258 -3.266 -3.276 -3.287 -3.298 
-3.310 -3.323 -3.335 -3.346 -3.358 -3.368 -3.377 -3.385 -3.392 -3.397 
-3.401 -3.402 -3.402 -3.401 -3.397 -3.392 -3.386 -3.378 -3.370 -3.360 
-3.351 -3.341 -3.332 -3.323 -3.314 -3.306 -3.297 -3.289 -3.281 -3.271 
-3.261 -3.250 -3.238 -3.225 -3.211 -3.196 -3.181 -3.165 -3.150 -3.136 
-3.124 -3.113 -3.104 -3.098 -3.094 -3.092 -3.093 -3.096 -3.101 -3.107 
-3.114 -3.121 -3.128 -3.135 -3.141 -3.146 -3.150 -3.154 -3.157 -3.160 
-3.123 
